****************************************************************************************************
 
Generation payment
----------------------------------------------------------------------------------------------------------------
unit	 time 	 generation payment 	 up-FRP payment 	 dw-FRP payment 	pre-up total payment
----------------------------------------------------------------------------------------------------------------
g1	 1 	 182.316252 			 0.0 			 0.0			 182.316252 
g1	 2 	 33.625104 			 0.0 			 0.0			 33.625104 
g1	 3 	 138.151736 			 0.0 			 0.0			 138.151736 
g1	 4 	 171.158761 			 0.0 			 0.0			 171.158761 
g1	 5 	 161.310733 			 0.0 			 0.0			 161.310733 
g1	 6 	 168.532292 			 0.0 			 0.0			 168.532292 
g1	 7 	 223.72006 			 0.0 			 0.0			 223.72006 
g1	 8 	 144.264648 			 0.0 			 0.0			 144.264648 
g1	 9 	 154.498206 			 0.0 			 0.0			 154.498206 
g1	 10 	 203.886776 			 0.0 			 0.0			 203.886776 
g1	 11 	 11.802604 			 0.0 			 0.0			 11.802604 
g1	 12 	 146.484671 			 0.0 			 0.0			 146.484671 
g1	 13 	 160.621472 			 0.0 			 0.0			 160.621472 
g1	 14 	 161.126351 			 0.0 			 0.0			 161.126351 
g1	 15 	 329.654786 			 0.0 			 0.0			 329.654786 
g1	 16 	 199.965599 			 0.0 			 0.0			 199.965599 
g1	 17 	 61.75083 			 0.0 			 0.0			 61.75083 
g1	 18 	 113.294578 			 0.0 			 0.0			 113.294578 
g1	 19 	 168.597683 			 0.0 			 0.0			 168.597683 
g1	 20 	 96.828293 			 0.0 			 0.0			 96.828293 
g1	 21 	 183.277025 			 0.0 			 0.0			 183.277025 
g1	 22 	 123.373504 			 0.0 			 0.0			 123.373504 
g1	 23 	 11.444133 			 0.0 			 0.0			 11.444133 
g1	 24 	 25.834329 			 0.0 			 0.0			 25.834329 
g1	 25 	 159.844266 			 0.0 			 0.0			 159.844266 
g1	 26 	 159.844266 			 0.0 			 0.0			 159.844266 
g1	 27 	 159.844266 			 0.0 			 0.0			 159.844266 
g1	 28 	 159.844266 			 0.0 			 0.0			 159.844266 
g1	 29 	 190.14848 			 0.0 			 0.0			 190.14848 
g1	 30 	 280.254736 			 0.0 			 0.0			 280.254736 
g1	 31 	 494.000446 			 0.0 			 0.0			 494.000446 
g1	 32 	 149.825908 			 0.0 			 0.0			 149.825908 
g1	 33 	 32.875826 			 0.0 			 0.0			 32.875826 
g1	 34 	 213.751768 			 0.0 			 0.0			 213.751768 
g1	 35 	 103.743098 			 0.0 			 0.0			 103.743098 
g1	 36 	 281.77302 			 0.0 			 0.0			 281.77302 
g1	 37 	 201.471148 			 0.0 			 0.0			 201.471148 
g1	 38 	 170.638472 			 0.0 			 0.0			 170.638472 
g1	 39 	 245.198868 			 0.0 			 0.0			 245.198868 
g1	 40 	 72.789029 			 0.0 			 0.0			 72.789029 
g1	 41 	 -13.939881 			 0.0 			 0.0			 -13.939881 
g1	 42 	 -12.352401 			 0.0 			 0.0			 -12.352401 
g1	 43 	 86.590394 			 0.0 			 0.0			 86.590394 
g1	 44 	 177.148628 			 0.0 			 0.0			 177.148628 
g1	 45 	 -149.599604 			 0.0 			 0.0			 -149.599604 
g1	 46 	 241.021971 			 0.0 			 0.0			 241.021971 
g1	 47 	 276.549548 			 0.0 			 0.0			 276.549548 
g1	 48 	 276.549548 			 0.0 			 0.0			 276.549548 
g1	 49 	 172.152509 			 0.0 			 0.0			 172.152509 
g1	 50 	 107.060276 			 0.0 			 0.0			 107.060276 
g1	 51 	 172.152509 			 0.0 			 0.0			 172.152509 
g1	 52 	 -43.327093 			 0.0 			 0.0			 -43.327093 
g1	 53 	 181.809257 			 0.0 			 0.0			 181.809257 
g1	 54 	 172.152509 			 0.0 			 0.0			 172.152509 
g1	 55 	 172.152509 			 0.0 			 0.0			 172.152509 
g1	 56 	 172.152509 			 0.0 			 0.0			 172.152509 
g1	 57 	 172.152509 			 0.0 			 0.0			 172.152509 
g1	 58 	 172.152509 			 0.0 			 0.0			 172.152509 
g1	 59 	 172.152509 			 0.0 			 0.0			 172.152509 
g1	 60 	 172.152509 			 0.0 			 0.0			 172.152509 
g1	 61 	 172.152509 			 0.0 			 0.0			 172.152509 
g1	 62 	 172.152509 			 0.0 			 0.0			 172.152509 
g1	 63 	 165.924859 			 0.0 			 0.0			 165.924859 
g1	 64 	 200.487051 			 0.0 			 0.0			 200.487051 
g1	 65 	 194.259418 			 0.0 			 0.0			 194.259418 
g1	 66 	 200.487051 			 0.0 			 0.0			 200.487051 
g1	 67 	 165.924859 			 0.0 			 0.0			 165.924859 
g1	 68 	 172.152509 			 0.0 			 0.0			 172.152509 
g1	 69 	 172.152509 			 0.0 			 0.0			 172.152509 
g1	 70 	 194.259418 			 0.0 			 0.0			 194.259418 
g1	 71 	 203.916166 			 0.0 			 0.0			 203.916166 
g1	 72 	 115.953156 			 0.0 			 0.0			 115.953156 
g1	 73 	 194.259418 			 0.0 			 0.0			 194.259418 
g1	 74 	 172.152509 			 0.0 			 0.0			 172.152509 
g1	 75 	 172.152509 			 0.0 			 0.0			 172.152509 
g1	 76 	 181.809257 			 0.0 			 0.0			 181.809257 
g1	 77 	 103.358335 			 0.0 			 0.0			 103.358335 
g1	 78 	 172.152509 			 0.0 			 0.0			 172.152509 
g1	 79 	 172.152509 			 0.0 			 0.0			 172.152509 
g1	 80 	 172.152509 			 0.0 			 0.0			 172.152509 
g1	 81 	 172.152509 			 0.0 			 0.0			 172.152509 
g1	 82 	 172.152509 			 0.0 			 0.0			 172.152509 
g1	 83 	 194.259418 			 0.0 			 0.0			 194.259418 
g1	 84 	 181.809257 			 0.0 			 0.0			 181.809257 
g1	 85 	 52.241828 			 0.0 			 0.0			 52.241828 
g1	 86 	 172.152509 			 0.0 			 0.0			 172.152509 
g1	 87 	 70.946514 			 0.0 			 0.0			 70.946514 
g1	 88 	 66.251789 			 0.0 			 0.0			 66.251789 
g1	 89 	 145.464097 			 0.0 			 0.0			 145.464097 
g1	 90 	 63.415606 			 0.0 			 0.0			 63.415606 
g1	 91 	 80.881848 			 0.0 			 0.0			 80.881848 
g1	 92 	 268.663688 			 0.0 			 0.0			 268.663688 
g1	 93 	 125.324195 			 0.0 			 0.0			 125.324195 
g1	 94 	 319.871206 			 0.0 			 0.0			 319.871206 
g1	 95 	 230.20889 			 0.0 			 0.0			 230.20889 
g1	 96 	 357.35714 			 0.0 			 0.0			 357.35714 
----------------------------------------------------------------------------------------------------
g2	 1 	 0.0 			 0.0 			 0.0			 0.0 
g2	 2 	 0.0 			 0.0 			 0.0			 0.0 
g2	 3 	 0.0 			 0.0 			 0.0			 0.0 
g2	 4 	 0.0 			 0.0 			 0.0			 0.0 
g2	 5 	 0.0 			 0.0 			 0.0			 0.0 
g2	 6 	 0.0 			 0.0 			 0.0			 0.0 
g2	 7 	 0.0 			 0.0 			 0.0			 0.0 
g2	 8 	 0.0 			 0.0 			 0.0			 0.0 
g2	 9 	 0.0 			 0.0 			 0.0			 0.0 
g2	 10 	 0.0 			 0.0 			 0.0			 0.0 
g2	 11 	 0.0 			 0.0 			 0.0			 0.0 
g2	 12 	 0.0 			 0.0 			 0.0			 0.0 
g2	 13 	 0.0 			 0.0 			 0.0			 0.0 
g2	 14 	 0.0 			 0.0 			 0.0			 0.0 
g2	 15 	 0.0 			 0.0 			 0.0			 0.0 
g2	 16 	 0.0 			 0.0 			 0.0			 0.0 
g2	 17 	 0.0 			 0.0 			 0.0			 0.0 
g2	 18 	 0.0 			 0.0 			 0.0			 0.0 
g2	 19 	 0.0 			 0.0 			 0.0			 0.0 
g2	 20 	 0.0 			 0.0 			 0.0			 0.0 
g2	 21 	 0.0 			 0.0 			 0.0			 0.0 
g2	 22 	 0.0 			 0.0 			 0.0			 0.0 
g2	 23 	 0.0 			 0.0 			 0.0			 0.0 
g2	 24 	 0.0 			 0.0 			 0.0			 0.0 
g2	 25 	 -66.337966 			 0.0 			 0.0			 -66.337966 
g2	 26 	 -16.578384 			 0.0 			 0.0			 -16.578384 
g2	 27 	 54.415372 			 0.0 			 0.0			 54.415372 
g2	 28 	 193.643009 			 0.0 			 0.0			 193.643009 
g2	 29 	 21.701904 			 0.0 			 0.0			 21.701904 
g2	 30 	 21.701904 			 0.0 			 0.0			 21.701904 
g2	 31 	 21.701904 			 0.0 			 0.0			 21.701904 
g2	 32 	 -85.400576 			 0.0 			 0.0			 -85.400576 
g2	 33 	 21.701904 			 0.0 			 0.0			 21.701904 
g2	 34 	 21.701904 			 0.0 			 0.0			 21.701904 
g2	 35 	 21.701904 			 0.0 			 0.0			 21.701904 
g2	 36 	 21.701904 			 0.0 			 0.0			 21.701904 
g2	 37 	 21.701904 			 0.0 			 0.0			 21.701904 
g2	 38 	 21.701904 			 0.0 			 0.0			 21.701904 
g2	 39 	 21.701904 			 0.0 			 0.0			 21.701904 
g2	 40 	 21.701904 			 0.0 			 0.0			 21.701904 
g2	 41 	 21.701904 			 0.0 			 0.0			 21.701904 
g2	 42 	 21.701904 			 0.0 			 0.0			 21.701904 
g2	 43 	 21.701904 			 0.0 			 0.0			 21.701904 
g2	 44 	 21.701904 			 0.0 			 0.0			 21.701904 
g2	 45 	 21.701904 			 0.0 			 0.0			 21.701904 
g2	 46 	 21.701904 			 0.0 			 0.0			 21.701904 
g2	 47 	 77.086638 			 0.0 			 0.0			 77.086638 
g2	 48 	 177.152929 			 0.0 			 0.0			 177.152929 
g2	 49 	 3.553659 			 0.0 			 0.0			 3.553659 
g2	 50 	 -44.173564 			 0.0 			 0.0			 -44.173564 
g2	 51 	 -15.800667 			 0.0 			 0.0			 -15.800667 
g2	 52 	 -2.281609 			 0.0 			 0.0			 -2.281609 
g2	 53 	 95.441507 			 0.0 			 0.0			 95.441507 
g2	 54 	 -12.623916 			 0.0 			 0.0			 -12.623916 
g2	 55 	 85.418043 			 0.0 			 0.0			 85.418043 
g2	 56 	 -92.580833 			 0.0 			 0.0			 -92.580833 
g2	 57 	 -54.096902 			 0.0 			 0.0			 -54.096902 
g2	 58 	 -56.155733 			 0.0 			 0.0			 -56.155733 
g2	 59 	 -66.036776 			 0.0 			 0.0			 -66.036776 
g2	 60 	 -24.737938 			 0.0 			 0.0			 -24.737938 
g2	 61 	 -4.28803 			 0.0 			 0.0			 -4.28803 
g2	 62 	 -82.282392 			 0.0 			 0.0			 -82.282392 
g2	 63 	 -113.964237 			 0.0 			 0.0			 -113.964237 
g2	 64 	 127.242949 			 0.0 			 0.0			 127.242949 
g2	 65 	 23.777725 			 0.0 			 0.0			 23.777725 
g2	 66 	 -7.500492 			 0.0 			 0.0			 -7.500492 
g2	 67 	 -225.479102 			 0.0 			 0.0			 -225.479102 
g2	 68 	 -59.76414 			 0.0 			 0.0			 -59.76414 
g2	 69 	 -167.196306 			 0.0 			 0.0			 -167.196306 
g2	 70 	 12.458241 			 0.0 			 0.0			 12.458241 
g2	 71 	 103.73865 			 0.0 			 0.0			 103.73865 
g2	 72 	 -132.073252 			 0.0 			 0.0			 -132.073252 
g2	 73 	 257.428584 			 0.0 			 0.0			 257.428584 
g2	 74 	 60.445341 			 0.0 			 0.0			 60.445341 
g2	 75 	 47.295599 			 0.0 			 0.0			 47.295599 
g2	 76 	 111.886708 			 0.0 			 0.0			 111.886708 
g2	 77 	 0.083233 			 0.0 			 0.0			 0.083233 
g2	 78 	 188.079552 			 0.0 			 0.0			 188.079552 
g2	 79 	 118.677587 			 0.0 			 0.0			 118.677587 
g2	 80 	 138.567068 			 0.0 			 0.0			 138.567068 
g2	 81 	 48.978968 			 0.0 			 0.0			 48.978968 
g2	 82 	 36.290626 			 0.0 			 0.0			 36.290626 
g2	 83 	 83.058358 			 0.0 			 0.0			 83.058358 
g2	 84 	 2.939073 			 0.0 			 0.0			 2.939073 
g2	 85 	 23.524276 			 0.0 			 0.0			 23.524276 
g2	 86 	 161.477762 			 0.0 			 0.0			 161.477762 
g2	 87 	 -0.276581 			 0.0 			 0.0			 -0.276581 
g2	 88 	 -0.276581 			 0.0 			 0.0			 -0.276581 
g2	 89 	 21.701904 			 0.0 			 0.0			 21.701904 
g2	 90 	 21.701904 			 0.0 			 0.0			 21.701904 
g2	 91 	 21.701904 			 0.0 			 0.0			 21.701904 
g2	 92 	 21.701904 			 0.0 			 0.0			 21.701904 
g2	 93 	 21.701904 			 0.0 			 0.0			 21.701904 
g2	 94 	 21.701904 			 0.0 			 0.0			 21.701904 
g2	 95 	 21.701904 			 0.0 			 0.0			 21.701904 
g2	 96 	 21.701904 			 0.0 			 0.0			 21.701904 
----------------------------------------------------------------------------------------------------
g3	 1 	 0.0 			 0.0 			 0.0			 0.0 
g3	 2 	 0.0 			 0.0 			 0.0			 0.0 
g3	 3 	 0.0 			 0.0 			 0.0			 0.0 
g3	 4 	 0.0 			 0.0 			 0.0			 0.0 
g3	 5 	 0.0 			 0.0 			 0.0			 0.0 
g3	 6 	 0.0 			 0.0 			 0.0			 0.0 
g3	 7 	 0.0 			 0.0 			 0.0			 0.0 
g3	 8 	 0.0 			 0.0 			 0.0			 0.0 
g3	 9 	 0.0 			 0.0 			 0.0			 0.0 
g3	 10 	 0.0 			 0.0 			 0.0			 0.0 
g3	 11 	 0.0 			 0.0 			 0.0			 0.0 
g3	 12 	 0.0 			 0.0 			 0.0			 0.0 
g3	 13 	 0.0 			 0.0 			 0.0			 0.0 
g3	 14 	 0.0 			 0.0 			 0.0			 0.0 
g3	 15 	 0.0 			 0.0 			 0.0			 0.0 
g3	 16 	 0.0 			 0.0 			 0.0			 0.0 
g3	 17 	 0.0 			 0.0 			 0.0			 0.0 
g3	 18 	 0.0 			 0.0 			 0.0			 0.0 
g3	 19 	 0.0 			 0.0 			 0.0			 0.0 
g3	 20 	 0.0 			 0.0 			 0.0			 0.0 
g3	 21 	 0.0 			 0.0 			 0.0			 0.0 
g3	 22 	 0.0 			 0.0 			 0.0			 0.0 
g3	 23 	 0.0 			 0.0 			 0.0			 0.0 
g3	 24 	 0.0 			 0.0 			 0.0			 0.0 
g3	 25 	 0.0 			 0.0 			 0.0			 0.0 
g3	 26 	 0.0 			 0.0 			 0.0			 0.0 
g3	 27 	 0.0 			 0.0 			 0.0			 0.0 
g3	 28 	 0.0 			 0.0 			 0.0			 0.0 
g3	 29 	 0.0 			 0.0 			 0.0			 0.0 
g3	 30 	 0.0 			 0.0 			 0.0			 0.0 
g3	 31 	 0.0 			 0.0 			 0.0			 0.0 
g3	 32 	 0.0 			 0.0 			 0.0			 0.0 
g3	 33 	 0.0 			 0.0 			 0.0			 0.0 
g3	 34 	 0.0 			 0.0 			 0.0			 0.0 
g3	 35 	 0.0 			 0.0 			 0.0			 0.0 
g3	 36 	 0.0 			 0.0 			 0.0			 0.0 
g3	 37 	 0.0 			 0.0 			 0.0			 0.0 
g3	 38 	 0.0 			 0.0 			 0.0			 0.0 
g3	 39 	 0.0 			 0.0 			 0.0			 0.0 
g3	 40 	 0.0 			 0.0 			 0.0			 0.0 
g3	 41 	 0.0 			 0.0 			 0.0			 0.0 
g3	 42 	 0.0 			 0.0 			 0.0			 0.0 
g3	 43 	 0.0 			 0.0 			 0.0			 0.0 
g3	 44 	 0.0 			 0.0 			 0.0			 0.0 
g3	 45 	 15.56631 			 0.0 			 0.0			 15.56631 
g3	 46 	 15.56631 			 0.0 			 0.0			 15.56631 
g3	 47 	 16.491381 			 0.0 			 0.0			 16.491381 
g3	 48 	 16.491381 			 0.0 			 0.0			 16.491381 
g3	 49 	 16.491381 			 0.0 			 0.0			 16.491381 
g3	 50 	 15.56631 			 0.0 			 0.0			 15.56631 
g3	 51 	 16.491381 			 0.0 			 0.0			 16.491381 
g3	 52 	 15.56631 			 0.0 			 0.0			 15.56631 
g3	 53 	 17.416451 			 0.0 			 0.0			 17.416451 
g3	 54 	 16.491381 			 0.0 			 0.0			 16.491381 
g3	 55 	 16.491381 			 0.0 			 0.0			 16.491381 
g3	 56 	 16.491381 			 0.0 			 0.0			 16.491381 
g3	 57 	 16.491381 			 0.0 			 0.0			 16.491381 
g3	 58 	 16.491381 			 0.0 			 0.0			 16.491381 
g3	 59 	 16.491381 			 0.0 			 0.0			 16.491381 
g3	 60 	 16.491381 			 0.0 			 0.0			 16.491381 
g3	 61 	 16.491381 			 0.0 			 0.0			 16.491381 
g3	 62 	 16.491381 			 0.0 			 0.0			 16.491381 
g3	 63 	 15.894803 			 0.0 			 0.0			 15.894803 
g3	 64 	 119.613679 			 0.0 			 0.0			 119.613679 
g3	 65 	 18.609117 			 0.0 			 0.0			 18.609117 
g3	 66 	 60.944571 			 0.0 			 0.0			 60.944571 
g3	 67 	 15.894803 			 0.0 			 0.0			 15.894803 
g3	 68 	 16.491381 			 0.0 			 0.0			 16.491381 
g3	 69 	 16.491381 			 0.0 			 0.0			 16.491381 
g3	 70 	 18.609117 			 0.0 			 0.0			 18.609117 
g3	 71 	 194.178825 			 0.0 			 0.0			 194.178825 
g3	 72 	 15.56631 			 0.0 			 0.0			 15.56631 
g3	 73 	 18.609117 			 0.0 			 0.0			 18.609117 
g3	 74 	 16.491381 			 0.0 			 0.0			 16.491381 
g3	 75 	 16.491381 			 0.0 			 0.0			 16.491381 
g3	 76 	 17.416451 			 0.0 			 0.0			 17.416451 
g3	 77 	 15.56631 			 0.0 			 0.0			 15.56631 
g3	 78 	 16.491381 			 0.0 			 0.0			 16.491381 
g3	 79 	 16.491381 			 0.0 			 0.0			 16.491381 
g3	 80 	 16.491381 			 0.0 			 0.0			 16.491381 
g3	 81 	 0.0 			 0.0 			 0.0			 0.0 
g3	 82 	 0.0 			 0.0 			 0.0			 0.0 
g3	 83 	 0.0 			 0.0 			 0.0			 0.0 
g3	 84 	 0.0 			 0.0 			 0.0			 0.0 
g3	 85 	 0.0 			 0.0 			 0.0			 0.0 
g3	 86 	 0.0 			 0.0 			 0.0			 0.0 
g3	 87 	 0.0 			 0.0 			 0.0			 0.0 
g3	 88 	 0.0 			 0.0 			 0.0			 0.0 
g3	 89 	 0.0 			 0.0 			 0.0			 0.0 
g3	 90 	 0.0 			 0.0 			 0.0			 0.0 
g3	 91 	 0.0 			 0.0 			 0.0			 0.0 
g3	 92 	 0.0 			 0.0 			 0.0			 0.0 
g3	 93 	 0.0 			 0.0 			 0.0			 0.0 
g3	 94 	 0.0 			 0.0 			 0.0			 0.0 
g3	 95 	 0.0 			 0.0 			 0.0			 0.0 
g3	 96 	 0.0 			 0.0 			 0.0			 0.0 
----------------------------------------------------------------------------------------------------
g4	 1 	 0.0 			 0.0 			 0.0			 0.0 
g4	 2 	 0.0 			 0.0 			 0.0			 0.0 
g4	 3 	 0.0 			 0.0 			 0.0			 0.0 
g4	 4 	 0.0 			 0.0 			 0.0			 0.0 
g4	 5 	 0.0 			 0.0 			 0.0			 0.0 
g4	 6 	 0.0 			 0.0 			 0.0			 0.0 
g4	 7 	 0.0 			 0.0 			 0.0			 0.0 
g4	 8 	 0.0 			 0.0 			 0.0			 0.0 
g4	 9 	 0.0 			 0.0 			 0.0			 0.0 
g4	 10 	 0.0 			 0.0 			 0.0			 0.0 
g4	 11 	 0.0 			 0.0 			 0.0			 0.0 
g4	 12 	 0.0 			 0.0 			 0.0			 0.0 
g4	 13 	 0.0 			 0.0 			 0.0			 0.0 
g4	 14 	 0.0 			 0.0 			 0.0			 0.0 
g4	 15 	 0.0 			 0.0 			 0.0			 0.0 
g4	 16 	 0.0 			 0.0 			 0.0			 0.0 
g4	 17 	 0.0 			 0.0 			 0.0			 0.0 
g4	 18 	 0.0 			 0.0 			 0.0			 0.0 
g4	 19 	 0.0 			 0.0 			 0.0			 0.0 
g4	 20 	 0.0 			 0.0 			 0.0			 0.0 
g4	 21 	 0.0 			 0.0 			 0.0			 0.0 
g4	 22 	 0.0 			 0.0 			 0.0			 0.0 
g4	 23 	 0.0 			 0.0 			 0.0			 0.0 
g4	 24 	 0.0 			 0.0 			 0.0			 0.0 
g4	 25 	 0.0 			 0.0 			 0.0			 0.0 
g4	 26 	 0.0 			 0.0 			 0.0			 0.0 
g4	 27 	 0.0 			 0.0 			 0.0			 0.0 
g4	 28 	 0.0 			 0.0 			 0.0			 0.0 
g4	 29 	 0.0 			 0.0 			 0.0			 0.0 
g4	 30 	 0.0 			 0.0 			 0.0			 0.0 
g4	 31 	 0.0 			 0.0 			 0.0			 0.0 
g4	 32 	 0.0 			 0.0 			 0.0			 0.0 
g4	 33 	 0.0 			 0.0 			 0.0			 0.0 
g4	 34 	 0.0 			 0.0 			 0.0			 0.0 
g4	 35 	 0.0 			 0.0 			 0.0			 0.0 
g4	 36 	 0.0 			 0.0 			 0.0			 0.0 
g4	 37 	 0.0 			 0.0 			 0.0			 0.0 
g4	 38 	 0.0 			 0.0 			 0.0			 0.0 
g4	 39 	 0.0 			 0.0 			 0.0			 0.0 
g4	 40 	 0.0 			 0.0 			 0.0			 0.0 
g4	 41 	 0.0 			 0.0 			 0.0			 0.0 
g4	 42 	 0.0 			 0.0 			 0.0			 0.0 
g4	 43 	 0.0 			 0.0 			 0.0			 0.0 
g4	 44 	 0.0 			 0.0 			 0.0			 0.0 
g4	 45 	 0.0 			 0.0 			 0.0			 0.0 
g4	 46 	 0.0 			 0.0 			 0.0			 0.0 
g4	 47 	 0.0 			 0.0 			 0.0			 0.0 
g4	 48 	 0.0 			 0.0 			 0.0			 0.0 
g4	 49 	 0.0 			 0.0 			 0.0			 0.0 
g4	 50 	 0.0 			 0.0 			 0.0			 0.0 
g4	 51 	 0.0 			 0.0 			 0.0			 0.0 
g4	 52 	 0.0 			 0.0 			 0.0			 0.0 
g4	 53 	 0.0 			 0.0 			 0.0			 0.0 
g4	 54 	 0.0 			 0.0 			 0.0			 0.0 
g4	 55 	 0.0 			 0.0 			 0.0			 0.0 
g4	 56 	 0.0 			 0.0 			 0.0			 0.0 
g4	 57 	 0.0 			 0.0 			 0.0			 0.0 
g4	 58 	 0.0 			 0.0 			 0.0			 0.0 
g4	 59 	 0.0 			 0.0 			 0.0			 0.0 
g4	 60 	 0.0 			 0.0 			 0.0			 0.0 
g4	 61 	 0.0 			 0.0 			 0.0			 0.0 
g4	 62 	 0.0 			 0.0 			 0.0			 0.0 
g4	 63 	 0.0 			 0.0 			 0.0			 0.0 
g4	 64 	 0.0 			 0.0 			 0.0			 0.0 
g4	 65 	 0.0 			 0.0 			 0.0			 0.0 
g4	 66 	 0.0 			 0.0 			 0.0			 0.0 
g4	 67 	 0.0 			 0.0 			 0.0			 0.0 
g4	 68 	 0.0 			 0.0 			 0.0			 0.0 
g4	 69 	 0.0 			 0.0 			 0.0			 0.0 
g4	 70 	 0.0 			 0.0 			 0.0			 0.0 
g4	 71 	 0.0 			 0.0 			 0.0			 0.0 
g4	 72 	 0.0 			 0.0 			 0.0			 0.0 
g4	 73 	 0.0 			 0.0 			 0.0			 0.0 
g4	 74 	 0.0 			 0.0 			 0.0			 0.0 
g4	 75 	 0.0 			 0.0 			 0.0			 0.0 
g4	 76 	 0.0 			 0.0 			 0.0			 0.0 
g4	 77 	 0.0 			 0.0 			 0.0			 0.0 
g4	 78 	 0.0 			 0.0 			 0.0			 0.0 
g4	 79 	 0.0 			 0.0 			 0.0			 0.0 
g4	 80 	 0.0 			 0.0 			 0.0			 0.0 
g4	 81 	 0.0 			 0.0 			 0.0			 0.0 
g4	 82 	 0.0 			 0.0 			 0.0			 0.0 
g4	 83 	 0.0 			 0.0 			 0.0			 0.0 
g4	 84 	 0.0 			 0.0 			 0.0			 0.0 
g4	 85 	 0.0 			 0.0 			 0.0			 0.0 
g4	 86 	 0.0 			 0.0 			 0.0			 0.0 
g4	 87 	 0.0 			 0.0 			 0.0			 0.0 
g4	 88 	 0.0 			 0.0 			 0.0			 0.0 
g4	 89 	 0.0 			 0.0 			 0.0			 0.0 
g4	 90 	 0.0 			 0.0 			 0.0			 0.0 
g4	 91 	 0.0 			 0.0 			 0.0			 0.0 
g4	 92 	 0.0 			 0.0 			 0.0			 0.0 
g4	 93 	 0.0 			 0.0 			 0.0			 0.0 
g4	 94 	 0.0 			 0.0 			 0.0			 0.0 
g4	 95 	 0.0 			 0.0 			 0.0			 0.0 
g4	 96 	 0.0 			 0.0 			 0.0			 0.0 
----------------------------------------------------------------------------------------------------
g5	 1 	 0.0 			 0.0 			 0.0			 0.0 
g5	 2 	 0.0 			 0.0 			 0.0			 0.0 
g5	 3 	 0.0 			 0.0 			 0.0			 0.0 
g5	 4 	 0.0 			 0.0 			 0.0			 0.0 
g5	 5 	 0.0 			 0.0 			 0.0			 0.0 
g5	 6 	 0.0 			 0.0 			 0.0			 0.0 
g5	 7 	 0.0 			 0.0 			 0.0			 0.0 
g5	 8 	 0.0 			 0.0 			 0.0			 0.0 
g5	 9 	 0.0 			 0.0 			 0.0			 0.0 
g5	 10 	 0.0 			 0.0 			 0.0			 0.0 
g5	 11 	 0.0 			 0.0 			 0.0			 0.0 
g5	 12 	 0.0 			 0.0 			 0.0			 0.0 
g5	 13 	 0.0 			 0.0 			 0.0			 0.0 
g5	 14 	 0.0 			 0.0 			 0.0			 0.0 
g5	 15 	 0.0 			 0.0 			 0.0			 0.0 
g5	 16 	 0.0 			 0.0 			 0.0			 0.0 
g5	 17 	 0.0 			 0.0 			 0.0			 0.0 
g5	 18 	 0.0 			 0.0 			 0.0			 0.0 
g5	 19 	 0.0 			 0.0 			 0.0			 0.0 
g5	 20 	 0.0 			 0.0 			 0.0			 0.0 
g5	 21 	 0.0 			 0.0 			 0.0			 0.0 
g5	 22 	 0.0 			 0.0 			 0.0			 0.0 
g5	 23 	 0.0 			 0.0 			 0.0			 0.0 
g5	 24 	 0.0 			 0.0 			 0.0			 0.0 
g5	 25 	 0.0 			 0.0 			 0.0			 0.0 
g5	 26 	 0.0 			 0.0 			 0.0			 0.0 
g5	 27 	 0.0 			 0.0 			 0.0			 0.0 
g5	 28 	 0.0 			 0.0 			 0.0			 0.0 
g5	 29 	 0.0 			 0.0 			 0.0			 0.0 
g5	 30 	 0.0 			 0.0 			 0.0			 0.0 
g5	 31 	 0.0 			 0.0 			 0.0			 0.0 
g5	 32 	 0.0 			 0.0 			 0.0			 0.0 
g5	 33 	 0.0 			 0.0 			 0.0			 0.0 
g5	 34 	 0.0 			 0.0 			 0.0			 0.0 
g5	 35 	 0.0 			 0.0 			 0.0			 0.0 
g5	 36 	 0.0 			 0.0 			 0.0			 0.0 
g5	 37 	 0.0 			 0.0 			 0.0			 0.0 
g5	 38 	 0.0 			 0.0 			 0.0			 0.0 
g5	 39 	 0.0 			 0.0 			 0.0			 0.0 
g5	 40 	 0.0 			 0.0 			 0.0			 0.0 
g5	 41 	 0.0 			 0.0 			 0.0			 0.0 
g5	 42 	 0.0 			 0.0 			 0.0			 0.0 
g5	 43 	 0.0 			 0.0 			 0.0			 0.0 
g5	 44 	 0.0 			 0.0 			 0.0			 0.0 
g5	 45 	 0.0 			 0.0 			 0.0			 0.0 
g5	 46 	 0.0 			 0.0 			 0.0			 0.0 
g5	 47 	 0.0 			 0.0 			 0.0			 0.0 
g5	 48 	 0.0 			 0.0 			 0.0			 0.0 
g5	 49 	 0.0 			 0.0 			 0.0			 0.0 
g5	 50 	 0.0 			 0.0 			 0.0			 0.0 
g5	 51 	 0.0 			 0.0 			 0.0			 0.0 
g5	 52 	 0.0 			 0.0 			 0.0			 0.0 
g5	 53 	 0.0 			 0.0 			 0.0			 0.0 
g5	 54 	 0.0 			 0.0 			 0.0			 0.0 
g5	 55 	 0.0 			 0.0 			 0.0			 0.0 
g5	 56 	 0.0 			 0.0 			 0.0			 0.0 
g5	 57 	 0.0 			 0.0 			 0.0			 0.0 
g5	 58 	 0.0 			 0.0 			 0.0			 0.0 
g5	 59 	 0.0 			 0.0 			 0.0			 0.0 
g5	 60 	 0.0 			 0.0 			 0.0			 0.0 
g5	 61 	 0.0 			 0.0 			 0.0			 0.0 
g5	 62 	 0.0 			 0.0 			 0.0			 0.0 
g5	 63 	 0.0 			 0.0 			 0.0			 0.0 
g5	 64 	 0.0 			 0.0 			 0.0			 0.0 
g5	 65 	 0.0 			 0.0 			 0.0			 0.0 
g5	 66 	 0.0 			 0.0 			 0.0			 0.0 
g5	 67 	 0.0 			 0.0 			 0.0			 0.0 
g5	 68 	 0.0 			 0.0 			 0.0			 0.0 
g5	 69 	 0.0 			 0.0 			 0.0			 0.0 
g5	 70 	 0.0 			 0.0 			 0.0			 0.0 
g5	 71 	 0.0 			 0.0 			 0.0			 0.0 
g5	 72 	 0.0 			 0.0 			 0.0			 0.0 
g5	 73 	 0.0 			 0.0 			 0.0			 0.0 
g5	 74 	 0.0 			 0.0 			 0.0			 0.0 
g5	 75 	 0.0 			 0.0 			 0.0			 0.0 
g5	 76 	 0.0 			 0.0 			 0.0			 0.0 
g5	 77 	 0.0 			 0.0 			 0.0			 0.0 
g5	 78 	 0.0 			 0.0 			 0.0			 0.0 
g5	 79 	 0.0 			 0.0 			 0.0			 0.0 
g5	 80 	 0.0 			 0.0 			 0.0			 0.0 
g5	 81 	 0.0 			 0.0 			 0.0			 0.0 
g5	 82 	 0.0 			 0.0 			 0.0			 0.0 
g5	 83 	 0.0 			 0.0 			 0.0			 0.0 
g5	 84 	 0.0 			 0.0 			 0.0			 0.0 
g5	 85 	 0.0 			 0.0 			 0.0			 0.0 
g5	 86 	 0.0 			 0.0 			 0.0			 0.0 
g5	 87 	 0.0 			 0.0 			 0.0			 0.0 
g5	 88 	 0.0 			 0.0 			 0.0			 0.0 
g5	 89 	 0.0 			 0.0 			 0.0			 0.0 
g5	 90 	 0.0 			 0.0 			 0.0			 0.0 
g5	 91 	 0.0 			 0.0 			 0.0			 0.0 
g5	 92 	 0.0 			 0.0 			 0.0			 0.0 
g5	 93 	 0.0 			 0.0 			 0.0			 0.0 
g5	 94 	 0.0 			 0.0 			 0.0			 0.0 
g5	 95 	 0.0 			 0.0 			 0.0			 0.0 
g5	 96 	 0.0 			 0.0 			 0.0			 0.0 
----------------------------------------------------------------------------------------------------------------
unit 	 generation payment 	 up-FRP payment 	 dw-FRP payment 	pre-up total payment
----------------------------------------------------------------------------------------------------------------
 g1 	 15271.416085			 0.000000			 0.000000			 15271.416085
 g2 	 1445.303080			 0.000000			 0.000000			 1445.303080
 g3 	 920.412414			 0.000000			 0.000000			 920.412414
 g4 	 0.000000			 0.000000			 0.000000			 0.000000
 g5 	 0.000000			 0.000000			 0.000000			 0.000000
----------------------------------------------------------------------------------------------------
generation payment 	 up-FRP payment 	 dw-FRP payment 	 pre-up total payment
----------------------------------------------------------------------------------------------------
17637.131579 			 0.0 			 0.0 			 17637.131579
 
****************************************************************************************************
 
Generation costs
----------------------------------------------------------------------------------------------------
unit	 time 	 generation cost 	 start-up cost  	total cost
----------------------------------------------------------------------------------------------------
g1	 1 	 2413.029685 			 0.0 			2413.029685
g1	 2 	 2266.102056 			 0.0 			2266.102056
g1	 3 	 2368.865171 			 0.0 			2368.865171
g1	 4 	 2401.872198 			 0.0 			2401.872198
g1	 5 	 2271.64902 			 0.0 			2271.64902
g1	 6 	 2278.870575 			 0.0 			2278.870575
g1	 7 	 2329.622772 			 0.0 			2329.622772
g1	 8 	 2254.602939 			 0.0 			2254.602939
g1	 9 	 2151.707575 			 0.0 			2151.707575
g1	 10 	 2201.096143 			 0.0 			2201.096143
g1	 11 	 2009.011972 			 0.0 			2009.011972
g1	 12 	 2143.694036 			 0.0 			2143.694036
g1	 13 	 2100.968876 			 0.0 			2100.968876
g1	 14 	 2101.473759 			 0.0 			2101.473759
g1	 15 	 2270.002189 			 0.0 			2270.002189
g1	 16 	 2140.313001 			 0.0 			2140.313001
g1	 17 	 2016.972396 			 0.0 			2016.972396
g1	 18 	 2068.516151 			 0.0 			2068.516151
g1	 19 	 2123.819257 			 0.0 			2123.819257
g1	 20 	 2052.049869 			 0.0 			2052.049869
g1	 21 	 2266.077076 			 0.0 			2266.077076
g1	 22 	 2206.173549 			 0.0 			2206.173549
g1	 23 	 2094.244174 			 0.0 			2094.244174
g1	 24 	 2108.634374 			 0.0 			2108.634374
g1	 25 	 2313.086426 			 0.0 			2313.086426
g1	 26 	 2313.086426 			 0.0 			2313.086426
g1	 27 	 2313.086426 			 0.0 			2313.086426
g1	 28 	 2313.086426 			 0.0 			2313.086426
g1	 29 	 2350.923703 			 0.0 			2350.923703
g1	 30 	 2441.029964 			 0.0 			2441.029964
g1	 31 	 2654.775675 			 0.0 			2654.775675
g1	 32 	 2313.086426 			 0.0 			2313.086426
g1	 33 	 2414.001999 			 0.0 			2414.001999
g1	 34 	 2594.87794 			 0.0 			2594.87794
g1	 35 	 2484.869271 			 0.0 			2484.869271
g1	 36 	 2662.899197 			 0.0 			2662.899197
g1	 37 	 2785.40353 			 0.0 			2785.40353
g1	 38 	 2754.57085 			 0.0 			2754.57085
g1	 39 	 2829.131251 			 0.0 			2829.131251
g1	 40 	 2656.721402 			 0.0 			2656.721402
g1	 41 	 2810.233553 			 0.0 			2810.233553
g1	 42 	 2811.821031 			 0.0 			2811.821031
g1	 43 	 2910.763829 			 0.0 			2910.763829
g1	 44 	 3001.322066 			 0.0 			3001.322066
g1	 45 	 2647.597085 			 0.0 			2647.597085
g1	 46 	 3038.218665 			 0.0 			3038.218665
g1	 47 	 3058.233409 			 0.0 			3058.233409
g1	 48 	 3058.233409 			 0.0 			3058.233409
g1	 49 	 3058.233409 			 0.0 			3058.233409
g1	 50 	 3002.79794 			 0.0 			3002.79794
g1	 51 	 3058.233409 			 0.0 			3058.233409
g1	 52 	 2852.410569 			 0.0 			2852.410569
g1	 53 	 3058.233409 			 0.0 			3058.233409
g1	 54 	 3058.233409 			 0.0 			3058.233409
g1	 55 	 3058.233409 			 0.0 			3058.233409
g1	 56 	 3058.233409 			 0.0 			3058.233409
g1	 57 	 3058.233409 			 0.0 			3058.233409
g1	 58 	 3058.233409 			 0.0 			3058.233409
g1	 59 	 3058.233409 			 0.0 			3058.233409
g1	 60 	 3058.233409 			 0.0 			3058.233409
g1	 61 	 3058.233409 			 0.0 			3058.233409
g1	 62 	 3058.233409 			 0.0 			3058.233409
g1	 63 	 3058.233409 			 0.0 			3058.233409
g1	 64 	 3058.233409 			 0.0 			3058.233409
g1	 65 	 3058.233409 			 0.0 			3058.233409
g1	 66 	 3058.233409 			 0.0 			3058.233409
g1	 67 	 3058.233409 			 0.0 			3058.233409
g1	 68 	 3058.233409 			 0.0 			3058.233409
g1	 69 	 3058.233409 			 0.0 			3058.233409
g1	 70 	 3058.233409 			 0.0 			3058.233409
g1	 71 	 3058.233409 			 0.0 			3058.233409
g1	 72 	 3011.690817 			 0.0 			3011.690817
g1	 73 	 3058.233409 			 0.0 			3058.233409
g1	 74 	 3058.233409 			 0.0 			3058.233409
g1	 75 	 3058.233409 			 0.0 			3058.233409
g1	 76 	 3058.233409 			 0.0 			3058.233409
g1	 77 	 2999.095993 			 0.0 			2999.095993
g1	 78 	 3058.233409 			 0.0 			3058.233409
g1	 79 	 3058.233409 			 0.0 			3058.233409
g1	 80 	 3058.233409 			 0.0 			3058.233409
g1	 81 	 3058.233409 			 0.0 			3058.233409
g1	 82 	 3058.233409 			 0.0 			3058.233409
g1	 83 	 3058.233409 			 0.0 			3058.233409
g1	 84 	 3058.233409 			 0.0 			3058.233409
g1	 85 	 2947.979485 			 0.0 			2947.979485
g1	 86 	 3058.233409 			 0.0 			3058.233409
g1	 87 	 2966.684176 			 0.0 			2966.684176
g1	 88 	 2961.98945 			 0.0 			2961.98945
g1	 89 	 2723.577393 			 0.0 			2723.577393
g1	 90 	 2641.528899 			 0.0 			2641.528899
g1	 91 	 2658.995139 			 0.0 			2658.995139
g1	 92 	 2846.776982 			 0.0 			2846.776982
g1	 93 	 2446.781004 			 0.0 			2446.781004
g1	 94 	 2641.328018 			 0.0 			2641.328018
g1	 95 	 2551.665699 			 0.0 			2551.665699
g1	 96 	 2678.813958 			 0.0 			2678.813958
----------------------------------------------------------------------------------------------------
g2	 1 	 0.0 			 0.0 			0.0
g2	 2 	 0.0 			 0.0 			0.0
g2	 3 	 0.0 			 0.0 			0.0
g2	 4 	 0.0 			 0.0 			0.0
g2	 5 	 0.0 			 0.0 			0.0
g2	 6 	 0.0 			 0.0 			0.0
g2	 7 	 0.0 			 0.0 			0.0
g2	 8 	 0.0 			 0.0 			0.0
g2	 9 	 0.0 			 0.0 			0.0
g2	 10 	 0.0 			 0.0 			0.0
g2	 11 	 0.0 			 0.0 			0.0
g2	 12 	 0.0 			 0.0 			0.0
g2	 13 	 0.0 			 0.0 			0.0
g2	 14 	 0.0 			 0.0 			0.0
g2	 15 	 0.0 			 0.0 			0.0
g2	 16 	 0.0 			 0.0 			0.0
g2	 17 	 0.0 			 0.0 			0.0
g2	 18 	 0.0 			 0.0 			0.0
g2	 19 	 0.0 			 0.0 			0.0
g2	 20 	 0.0 			 0.0 			0.0
g2	 21 	 0.0 			 0.0 			0.0
g2	 22 	 0.0 			 0.0 			0.0
g2	 23 	 0.0 			 0.0 			0.0
g2	 24 	 0.0 			 0.0 			0.0
g2	 25 	 265.809025 			 10598.13 			10863.939025
g2	 26 	 315.568613 			 0.0 			315.568613
g2	 27 	 386.562364 			 0.0 			386.562364
g2	 28 	 525.789995 			 0.0 			525.789995
g2	 29 	 534.771644 			 0.0 			534.771644
g2	 30 	 534.771644 			 0.0 			534.771644
g2	 31 	 534.771644 			 0.0 			534.771644
g2	 32 	 428.023281 			 0.0 			428.023281
g2	 33 	 534.771644 			 0.0 			534.771644
g2	 34 	 534.771644 			 0.0 			534.771644
g2	 35 	 534.771644 			 0.0 			534.771644
g2	 36 	 534.771644 			 0.0 			534.771644
g2	 37 	 534.771644 			 0.0 			534.771644
g2	 38 	 534.771644 			 0.0 			534.771644
g2	 39 	 534.771644 			 0.0 			534.771644
g2	 40 	 534.771644 			 0.0 			534.771644
g2	 41 	 534.771644 			 0.0 			534.771644
g2	 42 	 534.771644 			 0.0 			534.771644
g2	 43 	 534.771644 			 0.0 			534.771644
g2	 44 	 534.771644 			 0.0 			534.771644
g2	 45 	 534.771644 			 0.0 			534.771644
g2	 46 	 534.771644 			 0.0 			534.771644
g2	 47 	 588.866683 			 0.0 			588.866683
g2	 48 	 688.932964 			 0.0 			688.932964
g2	 49 	 585.124001 			 0.0 			585.124001
g2	 50 	 534.771644 			 0.0 			534.771644
g2	 51 	 565.769681 			 0.0 			565.769681
g2	 52 	 579.153144 			 0.0 			579.153144
g2	 53 	 806.654679 			 0.0 			806.654679
g2	 54 	 703.658603 			 0.0 			703.658603
g2	 55 	 801.700568 			 0.0 			801.700568
g2	 56 	 623.701689 			 0.0 			623.701689
g2	 57 	 749.693606 			 0.0 			749.693606
g2	 58 	 747.634772 			 0.0 			747.634772
g2	 59 	 737.753726 			 0.0 			737.753726
g2	 60 	 779.052569 			 0.0 			779.052569
g2	 61 	 839.621586 			 0.0 			839.621586
g2	 62 	 761.62722 			 0.0 			761.62722
g2	 63 	 725.667962 			 0.0 			725.667962
g2	 64 	 965.902919 			 0.0 			965.902919
g2	 65 	 935.646744 			 0.0 			935.646744
g2	 66 	 904.601516 			 0.0 			904.601516
g2	 67 	 671.342719 			 0.0 			671.342719
g2	 68 	 845.520572 			 0.0 			845.520572
g2	 69 	 715.636396 			 0.0 			715.636396
g2	 70 	 898.992076 			 0.0 			898.992076
g2	 71 	 985.359795 			 0.0 			985.359795
g2	 72 	 742.910626 			 0.0 			742.910626
g2	 73 	 970.353844 			 0.0 			970.353844
g2	 74 	 789.426285 			 0.0 			789.426285
g2	 75 	 776.276546 			 0.0 			776.276546
g2	 76 	 834.924823 			 0.0 			834.924823
g2	 77 	 607.423289 			 0.0 			607.423289
g2	 78 	 795.414655 			 0.0 			795.414655
g2	 79 	 726.012695 			 0.0 			726.012695
g2	 80 	 745.902173 			 0.0 			745.902173
g2	 81 	 833.68447 			 0.0 			833.68447
g2	 82 	 820.996128 			 0.0 			820.996128
g2	 83 	 858.864028 			 0.0 			858.864028
g2	 84 	 787.488464 			 0.0 			787.488464
g2	 85 	 559.986929 			 0.0 			559.986929
g2	 86 	 696.542421 			 0.0 			696.542421
g2	 87 	 534.771644 			 0.0 			534.771644
g2	 88 	 534.771644 			 0.0 			534.771644
g2	 89 	 534.771644 			 0.0 			534.771644
g2	 90 	 534.771644 			 0.0 			534.771644
g2	 91 	 534.771644 			 0.0 			534.771644
g2	 92 	 534.771644 			 0.0 			534.771644
g2	 93 	 534.771644 			 0.0 			534.771644
g2	 94 	 534.771644 			 0.0 			534.771644
g2	 95 	 534.771644 			 0.0 			534.771644
g2	 96 	 534.771644 			 0.0 			534.771644
----------------------------------------------------------------------------------------------------
g3	 1 	 0.0 			 0.0 			0.0
g3	 2 	 0.0 			 0.0 			0.0
g3	 3 	 0.0 			 0.0 			0.0
g3	 4 	 0.0 			 0.0 			0.0
g3	 5 	 0.0 			 0.0 			0.0
g3	 6 	 0.0 			 0.0 			0.0
g3	 7 	 0.0 			 0.0 			0.0
g3	 8 	 0.0 			 0.0 			0.0
g3	 9 	 0.0 			 0.0 			0.0
g3	 10 	 0.0 			 0.0 			0.0
g3	 11 	 0.0 			 0.0 			0.0
g3	 12 	 0.0 			 0.0 			0.0
g3	 13 	 0.0 			 0.0 			0.0
g3	 14 	 0.0 			 0.0 			0.0
g3	 15 	 0.0 			 0.0 			0.0
g3	 16 	 0.0 			 0.0 			0.0
g3	 17 	 0.0 			 0.0 			0.0
g3	 18 	 0.0 			 0.0 			0.0
g3	 19 	 0.0 			 0.0 			0.0
g3	 20 	 0.0 			 0.0 			0.0
g3	 21 	 0.0 			 0.0 			0.0
g3	 22 	 0.0 			 0.0 			0.0
g3	 23 	 0.0 			 0.0 			0.0
g3	 24 	 0.0 			 0.0 			0.0
g3	 25 	 0.0 			 0.0 			0.0
g3	 26 	 0.0 			 0.0 			0.0
g3	 27 	 0.0 			 0.0 			0.0
g3	 28 	 0.0 			 0.0 			0.0
g3	 29 	 0.0 			 0.0 			0.0
g3	 30 	 0.0 			 0.0 			0.0
g3	 31 	 0.0 			 0.0 			0.0
g3	 32 	 0.0 			 0.0 			0.0
g3	 33 	 0.0 			 0.0 			0.0
g3	 34 	 0.0 			 0.0 			0.0
g3	 35 	 0.0 			 0.0 			0.0
g3	 36 	 0.0 			 0.0 			0.0
g3	 37 	 0.0 			 0.0 			0.0
g3	 38 	 0.0 			 0.0 			0.0
g3	 39 	 0.0 			 0.0 			0.0
g3	 40 	 0.0 			 0.0 			0.0
g3	 41 	 0.0 			 0.0 			0.0
g3	 42 	 0.0 			 0.0 			0.0
g3	 43 	 0.0 			 0.0 			0.0
g3	 44 	 0.0 			 0.0 			0.0
g3	 45 	 350.954412 			 4595.43 			4946.384412
g3	 46 	 350.954412 			 0.0 			350.954412
g3	 47 	 350.954412 			 0.0 			350.954412
g3	 48 	 350.954412 			 0.0 			350.954412
g3	 49 	 350.954412 			 0.0 			350.954412
g3	 50 	 350.954412 			 0.0 			350.954412
g3	 51 	 350.954412 			 0.0 			350.954412
g3	 52 	 350.954412 			 0.0 			350.954412
g3	 53 	 350.954412 			 0.0 			350.954412
g3	 54 	 350.954412 			 0.0 			350.954412
g3	 55 	 350.954412 			 0.0 			350.954412
g3	 56 	 350.954412 			 0.0 			350.954412
g3	 57 	 350.954412 			 0.0 			350.954412
g3	 58 	 350.954412 			 0.0 			350.954412
g3	 59 	 350.954412 			 0.0 			350.954412
g3	 60 	 350.954412 			 0.0 			350.954412
g3	 61 	 350.954412 			 0.0 			350.954412
g3	 62 	 350.954412 			 0.0 			350.954412
g3	 63 	 350.954412 			 0.0 			350.954412
g3	 64 	 451.362403 			 0.0 			451.362403
g3	 65 	 350.954412 			 0.0 			350.954412
g3	 66 	 392.693289 			 0.0 			392.693289
g3	 67 	 350.954412 			 0.0 			350.954412
g3	 68 	 350.954412 			 0.0 			350.954412
g3	 69 	 350.954412 			 0.0 			350.954412
g3	 70 	 350.954412 			 0.0 			350.954412
g3	 71 	 522.662177 			 0.0 			522.662177
g3	 72 	 350.954412 			 0.0 			350.954412
g3	 73 	 350.954412 			 0.0 			350.954412
g3	 74 	 350.954412 			 0.0 			350.954412
g3	 75 	 350.954412 			 0.0 			350.954412
g3	 76 	 350.954412 			 0.0 			350.954412
g3	 77 	 350.954412 			 0.0 			350.954412
g3	 78 	 350.954412 			 0.0 			350.954412
g3	 79 	 350.954412 			 0.0 			350.954412
g3	 80 	 350.954412 			 0.0 			350.954412
g3	 81 	 0.0 			 0.0 			0.0
g3	 82 	 0.0 			 0.0 			0.0
g3	 83 	 0.0 			 0.0 			0.0
g3	 84 	 0.0 			 0.0 			0.0
g3	 85 	 0.0 			 0.0 			0.0
g3	 86 	 0.0 			 0.0 			0.0
g3	 87 	 0.0 			 0.0 			0.0
g3	 88 	 0.0 			 0.0 			0.0
g3	 89 	 0.0 			 0.0 			0.0
g3	 90 	 0.0 			 0.0 			0.0
g3	 91 	 0.0 			 0.0 			0.0
g3	 92 	 0.0 			 0.0 			0.0
g3	 93 	 0.0 			 0.0 			0.0
g3	 94 	 0.0 			 0.0 			0.0
g3	 95 	 0.0 			 0.0 			0.0
g3	 96 	 0.0 			 0.0 			0.0
----------------------------------------------------------------------------------------------------
g4	 1 	 0.0 			 0.0 			0.0
g4	 2 	 0.0 			 0.0 			0.0
g4	 3 	 0.0 			 0.0 			0.0
g4	 4 	 0.0 			 0.0 			0.0
g4	 5 	 0.0 			 0.0 			0.0
g4	 6 	 0.0 			 0.0 			0.0
g4	 7 	 0.0 			 0.0 			0.0
g4	 8 	 0.0 			 0.0 			0.0
g4	 9 	 0.0 			 0.0 			0.0
g4	 10 	 0.0 			 0.0 			0.0
g4	 11 	 0.0 			 0.0 			0.0
g4	 12 	 0.0 			 0.0 			0.0
g4	 13 	 0.0 			 0.0 			0.0
g4	 14 	 0.0 			 0.0 			0.0
g4	 15 	 0.0 			 0.0 			0.0
g4	 16 	 0.0 			 0.0 			0.0
g4	 17 	 0.0 			 0.0 			0.0
g4	 18 	 0.0 			 0.0 			0.0
g4	 19 	 0.0 			 0.0 			0.0
g4	 20 	 0.0 			 0.0 			0.0
g4	 21 	 0.0 			 0.0 			0.0
g4	 22 	 0.0 			 0.0 			0.0
g4	 23 	 0.0 			 0.0 			0.0
g4	 24 	 0.0 			 0.0 			0.0
g4	 25 	 0.0 			 0.0 			0.0
g4	 26 	 0.0 			 0.0 			0.0
g4	 27 	 0.0 			 0.0 			0.0
g4	 28 	 0.0 			 0.0 			0.0
g4	 29 	 0.0 			 0.0 			0.0
g4	 30 	 0.0 			 0.0 			0.0
g4	 31 	 0.0 			 0.0 			0.0
g4	 32 	 0.0 			 0.0 			0.0
g4	 33 	 0.0 			 0.0 			0.0
g4	 34 	 0.0 			 0.0 			0.0
g4	 35 	 0.0 			 0.0 			0.0
g4	 36 	 0.0 			 0.0 			0.0
g4	 37 	 0.0 			 0.0 			0.0
g4	 38 	 0.0 			 0.0 			0.0
g4	 39 	 0.0 			 0.0 			0.0
g4	 40 	 0.0 			 0.0 			0.0
g4	 41 	 0.0 			 0.0 			0.0
g4	 42 	 0.0 			 0.0 			0.0
g4	 43 	 0.0 			 0.0 			0.0
g4	 44 	 0.0 			 0.0 			0.0
g4	 45 	 0.0 			 0.0 			0.0
g4	 46 	 0.0 			 0.0 			0.0
g4	 47 	 0.0 			 0.0 			0.0
g4	 48 	 0.0 			 0.0 			0.0
g4	 49 	 0.0 			 0.0 			0.0
g4	 50 	 0.0 			 0.0 			0.0
g4	 51 	 0.0 			 0.0 			0.0
g4	 52 	 0.0 			 0.0 			0.0
g4	 53 	 0.0 			 0.0 			0.0
g4	 54 	 0.0 			 0.0 			0.0
g4	 55 	 0.0 			 0.0 			0.0
g4	 56 	 0.0 			 0.0 			0.0
g4	 57 	 0.0 			 0.0 			0.0
g4	 58 	 0.0 			 0.0 			0.0
g4	 59 	 0.0 			 0.0 			0.0
g4	 60 	 0.0 			 0.0 			0.0
g4	 61 	 0.0 			 0.0 			0.0
g4	 62 	 0.0 			 0.0 			0.0
g4	 63 	 0.0 			 0.0 			0.0
g4	 64 	 0.0 			 0.0 			0.0
g4	 65 	 0.0 			 0.0 			0.0
g4	 66 	 0.0 			 0.0 			0.0
g4	 67 	 0.0 			 0.0 			0.0
g4	 68 	 0.0 			 0.0 			0.0
g4	 69 	 0.0 			 0.0 			0.0
g4	 70 	 0.0 			 0.0 			0.0
g4	 71 	 0.0 			 0.0 			0.0
g4	 72 	 0.0 			 0.0 			0.0
g4	 73 	 0.0 			 0.0 			0.0
g4	 74 	 0.0 			 0.0 			0.0
g4	 75 	 0.0 			 0.0 			0.0
g4	 76 	 0.0 			 0.0 			0.0
g4	 77 	 0.0 			 0.0 			0.0
g4	 78 	 0.0 			 0.0 			0.0
g4	 79 	 0.0 			 0.0 			0.0
g4	 80 	 0.0 			 0.0 			0.0
g4	 81 	 0.0 			 0.0 			0.0
g4	 82 	 0.0 			 0.0 			0.0
g4	 83 	 0.0 			 0.0 			0.0
g4	 84 	 0.0 			 0.0 			0.0
g4	 85 	 0.0 			 0.0 			0.0
g4	 86 	 0.0 			 0.0 			0.0
g4	 87 	 0.0 			 0.0 			0.0
g4	 88 	 0.0 			 0.0 			0.0
g4	 89 	 0.0 			 0.0 			0.0
g4	 90 	 0.0 			 0.0 			0.0
g4	 91 	 0.0 			 0.0 			0.0
g4	 92 	 0.0 			 0.0 			0.0
g4	 93 	 0.0 			 0.0 			0.0
g4	 94 	 0.0 			 0.0 			0.0
g4	 95 	 0.0 			 0.0 			0.0
g4	 96 	 0.0 			 0.0 			0.0
----------------------------------------------------------------------------------------------------
g5	 1 	 0.0 			 0.0 			0.0
g5	 2 	 0.0 			 0.0 			0.0
g5	 3 	 0.0 			 0.0 			0.0
g5	 4 	 0.0 			 0.0 			0.0
g5	 5 	 0.0 			 0.0 			0.0
g5	 6 	 0.0 			 0.0 			0.0
g5	 7 	 0.0 			 0.0 			0.0
g5	 8 	 0.0 			 0.0 			0.0
g5	 9 	 0.0 			 0.0 			0.0
g5	 10 	 0.0 			 0.0 			0.0
g5	 11 	 0.0 			 0.0 			0.0
g5	 12 	 0.0 			 0.0 			0.0
g5	 13 	 0.0 			 0.0 			0.0
g5	 14 	 0.0 			 0.0 			0.0
g5	 15 	 0.0 			 0.0 			0.0
g5	 16 	 0.0 			 0.0 			0.0
g5	 17 	 0.0 			 0.0 			0.0
g5	 18 	 0.0 			 0.0 			0.0
g5	 19 	 0.0 			 0.0 			0.0
g5	 20 	 0.0 			 0.0 			0.0
g5	 21 	 0.0 			 0.0 			0.0
g5	 22 	 0.0 			 0.0 			0.0
g5	 23 	 0.0 			 0.0 			0.0
g5	 24 	 0.0 			 0.0 			0.0
g5	 25 	 0.0 			 0.0 			0.0
g5	 26 	 0.0 			 0.0 			0.0
g5	 27 	 0.0 			 0.0 			0.0
g5	 28 	 0.0 			 0.0 			0.0
g5	 29 	 0.0 			 0.0 			0.0
g5	 30 	 0.0 			 0.0 			0.0
g5	 31 	 0.0 			 0.0 			0.0
g5	 32 	 0.0 			 0.0 			0.0
g5	 33 	 0.0 			 0.0 			0.0
g5	 34 	 0.0 			 0.0 			0.0
g5	 35 	 0.0 			 0.0 			0.0
g5	 36 	 0.0 			 0.0 			0.0
g5	 37 	 0.0 			 0.0 			0.0
g5	 38 	 0.0 			 0.0 			0.0
g5	 39 	 0.0 			 0.0 			0.0
g5	 40 	 0.0 			 0.0 			0.0
g5	 41 	 0.0 			 0.0 			0.0
g5	 42 	 0.0 			 0.0 			0.0
g5	 43 	 0.0 			 0.0 			0.0
g5	 44 	 0.0 			 0.0 			0.0
g5	 45 	 0.0 			 0.0 			0.0
g5	 46 	 0.0 			 0.0 			0.0
g5	 47 	 0.0 			 0.0 			0.0
g5	 48 	 0.0 			 0.0 			0.0
g5	 49 	 0.0 			 0.0 			0.0
g5	 50 	 0.0 			 0.0 			0.0
g5	 51 	 0.0 			 0.0 			0.0
g5	 52 	 0.0 			 0.0 			0.0
g5	 53 	 0.0 			 0.0 			0.0
g5	 54 	 0.0 			 0.0 			0.0
g5	 55 	 0.0 			 0.0 			0.0
g5	 56 	 0.0 			 0.0 			0.0
g5	 57 	 0.0 			 0.0 			0.0
g5	 58 	 0.0 			 0.0 			0.0
g5	 59 	 0.0 			 0.0 			0.0
g5	 60 	 0.0 			 0.0 			0.0
g5	 61 	 0.0 			 0.0 			0.0
g5	 62 	 0.0 			 0.0 			0.0
g5	 63 	 0.0 			 0.0 			0.0
g5	 64 	 0.0 			 0.0 			0.0
g5	 65 	 0.0 			 0.0 			0.0
g5	 66 	 0.0 			 0.0 			0.0
g5	 67 	 0.0 			 0.0 			0.0
g5	 68 	 0.0 			 0.0 			0.0
g5	 69 	 0.0 			 0.0 			0.0
g5	 70 	 0.0 			 0.0 			0.0
g5	 71 	 0.0 			 0.0 			0.0
g5	 72 	 0.0 			 0.0 			0.0
g5	 73 	 0.0 			 0.0 			0.0
g5	 74 	 0.0 			 0.0 			0.0
g5	 75 	 0.0 			 0.0 			0.0
g5	 76 	 0.0 			 0.0 			0.0
g5	 77 	 0.0 			 0.0 			0.0
g5	 78 	 0.0 			 0.0 			0.0
g5	 79 	 0.0 			 0.0 			0.0
g5	 80 	 0.0 			 0.0 			0.0
g5	 81 	 0.0 			 0.0 			0.0
g5	 82 	 0.0 			 0.0 			0.0
g5	 83 	 0.0 			 0.0 			0.0
g5	 84 	 0.0 			 0.0 			0.0
g5	 85 	 0.0 			 0.0 			0.0
g5	 86 	 0.0 			 0.0 			0.0
g5	 87 	 0.0 			 0.0 			0.0
g5	 88 	 0.0 			 0.0 			0.0
g5	 89 	 0.0 			 0.0 			0.0
g5	 90 	 0.0 			 0.0 			0.0
g5	 91 	 0.0 			 0.0 			0.0
g5	 92 	 0.0 			 0.0 			0.0
g5	 93 	 0.0 			 0.0 			0.0
g5	 94 	 0.0 			 0.0 			0.0
g5	 95 	 0.0 			 0.0 			0.0
g5	 96 	 0.0 			 0.0 			0.0
----------------------------------------------------------------------------------------------------
 
unit 	 generation 	 generation cost 	 start-up cost 	 total cost
----------------------------------------------------------------------------------------------------
g1 	 6945.266764			259024.246791			 0.000000		 259024.246791
g2 	 801.764441			46649.182876			 10598.130000		 57247.312876
g3 	 203.661642			12948.213465			 4595.430000		 17543.643465
g4 	 0.000000			0.000000			 0.000000		 0.000000
g5 	 0.000000			0.000000			 0.000000		 0.000000
----------------------------------------------------------------------------------------------------
 
generation cost 	 start-up cost 		 total cost
----------------------------------------------------------------------------------------------------
318621.64313199994 			 15193.56 			 333815.2031319999
----------------------------------------------------------------------------------------------------
uplift payment for generator g1: 0.0
uplift payment for generator g2: 22343.373169
uplift payment for generator g3: 8301.224226
uplift payment for generator g4: 0.0
uplift payment for generator g5: 0.0
 
****************************************************************************************************
 
rtm Systemwide prices
----------------------------------------------------------------------------------------------------
time	 energy 	 up-FRP 	 dw-FRP
----------------------------------------------------------------------------------------------------
1 	 9.614507 		 0.0 		 0.0
2 	 9.408671 		 0.0 		 0.0
3 	 9.614507 		 0.0 		 0.0
4 	 9.614507 		 0.0 		 0.0
5 	 9.408671 		 0.0 		 0.0
6 	 9.408671 		 0.0 		 0.0
7 	 9.614507 		 0.0 		 0.0
8 	 9.408671 		 0.0 		 0.0
9 	 9.408671 		 0.0 		 0.0
10 	 9.408671 		 0.0 		 0.0
11 	 9.408671 		 0.0 		 0.0
12 	 9.408671 		 0.0 		 0.0
13 	 9.408671 		 0.0 		 0.0
14 	 9.408671 		 0.0 		 0.0
15 	 9.408671 		 0.0 		 0.0
16 	 9.408671 		 0.0 		 0.0
17 	 9.408671 		 0.0 		 0.0
18 	 9.408671 		 0.0 		 0.0
19 	 9.408671 		 0.0 		 0.0
20 	 9.408671 		 0.0 		 0.0
21 	 9.408671 		 0.0 		 0.0
22 	 9.408671 		 0.0 		 0.0
23 	 9.408671 		 0.0 		 0.0
24 	 9.408671 		 0.0 		 0.0
25 	 9.457625 		 0.0 		 0.0
26 	 9.457625 		 0.0 		 0.0
27 	 9.457625 		 0.0 		 0.0
28 	 9.457625 		 0.0 		 0.0
29 	 9.614507 		 0.0 		 0.0
30 	 9.614507 		 0.0 		 0.0
31 	 9.614507 		 0.0 		 0.0
32 	 9.457625 		 0.0 		 0.0
33 	 9.614507 		 0.0 		 0.0
34 	 9.614507 		 0.0 		 0.0
35 	 9.614507 		 0.0 		 0.0
36 	 9.614507 		 0.0 		 0.0
37 	 9.614507 		 0.0 		 0.0
38 	 9.614507 		 0.0 		 0.0
39 	 9.614507 		 0.0 		 0.0
40 	 9.614507 		 0.0 		 0.0
41 	 9.614507 		 0.0 		 0.0
42 	 9.614507 		 0.0 		 0.0
43 	 9.614507 		 0.0 		 0.0
44 	 9.614507 		 0.0 		 0.0
45 	 9.614507 		 0.0 		 0.0
46 	 9.614507 		 0.0 		 0.0
47 	 10.185876 		 0.0 		 0.0
48 	 10.185876 		 0.0 		 0.0
49 	 10.185876 		 0.0 		 0.0
50 	 9.614507 		 0.0 		 0.0
51 	 10.185876 		 0.0 		 0.0
52 	 9.614507 		 0.0 		 0.0
53 	 10.757244 		 0.0 		 0.0
54 	 10.185876 		 0.0 		 0.0
55 	 10.185876 		 0.0 		 0.0
56 	 10.185876 		 0.0 		 0.0
57 	 10.185876 		 0.0 		 0.0
58 	 10.185876 		 0.0 		 0.0
59 	 10.185876 		 0.0 		 0.0
60 	 10.185876 		 0.0 		 0.0
61 	 10.185876 		 0.0 		 0.0
62 	 10.185876 		 0.0 		 0.0
63 	 9.8174 		 0.0 		 0.0
64 	 11.862367 		 0.0 		 0.0
65 	 11.493892 		 0.0 		 0.0
66 	 11.862367 		 0.0 		 0.0
67 	 9.8174 		 0.0 		 0.0
68 	 10.185876 		 0.0 		 0.0
69 	 10.185876 		 0.0 		 0.0
70 	 11.493892 		 0.0 		 0.0
71 	 12.06526 		 0.0 		 0.0
72 	 9.614507 		 0.0 		 0.0
73 	 11.493892 		 0.0 		 0.0
74 	 10.185876 		 0.0 		 0.0
75 	 10.185876 		 0.0 		 0.0
76 	 10.757244 		 0.0 		 0.0
77 	 9.614507 		 0.0 		 0.0
78 	 10.185876 		 0.0 		 0.0
79 	 10.185876 		 0.0 		 0.0
80 	 10.185876 		 0.0 		 0.0
81 	 10.185876 		 0.0 		 0.0
82 	 10.185876 		 0.0 		 0.0
83 	 11.493892 		 0.0 		 0.0
84 	 10.757244 		 0.0 		 0.0
85 	 9.614507 		 0.0 		 0.0
86 	 10.185876 		 0.0 		 0.0
87 	 9.614507 		 0.0 		 0.0
88 	 9.614507 		 0.0 		 0.0
89 	 9.614507 		 0.0 		 0.0
90 	 9.614507 		 0.0 		 0.0
91 	 9.614507 		 0.0 		 0.0
92 	 9.614507 		 0.0 		 0.0
93 	 9.614507 		 0.0 		 0.0
94 	 9.614507 		 0.0 		 0.0
95 	 9.614507 		 0.0 		 0.0
96 	 9.614507 		 0.0 		 0.0
 
****************************************************************************************************
 
rtm Post-uplift payments
----------------------------------------------------------------------------------------------------------------------------------------------------
unit 	 generation payment 	 up-FRP payment 	 dw-FRP payment 	pre-up t. payment 	 uplift payments 	 post-up t. payment 	 profit
----------------------------------------------------------------------------------------------------------------------------------------------------
 g1 	 15271.416085			 0.000000			 0.000000			 15271.416085			 0.000000			 15271.416085		 35627.744281
 g2 	 1445.303080			 0.000000			 0.000000			 1445.303080			 22343.373169			 23788.676249		 -0.000000
 g3 	 920.412414			 0.000000			 0.000000			 920.412414			 8301.224226			 9221.636640		 0.000000
 g4 	 0.000000			 0.000000			 0.000000			 0.000000			 0.000000			 0.000000		 0.000000
 g5 	 0.000000			 0.000000			 0.000000			 0.000000			 0.000000			 0.000000		 0.000000
****************************************************************************************************
 
Total generator payments
----------------------------------------------------------------------------------------------------------------------------------------------------
unit 	 generation payment 	 up-FRP payment 	 dw-FRP payment 	pre-up t. payment 	 uplift payments 	 post-up t. payment 	 profit
----------------------------------------------------------------------------------------------------------------------------------------------------
 g1 	 294651.991072			 0.000000			 0.000000			 294651.991072			 0.000000			 294651.991072		 35627.744281
 g2 	 34903.939707			 0.000000			 0.000000			 34903.939707			 22343.373169			 57247.312876		 0.000000
 g3 	 9242.419239			 0.000000			 0.000000			 9242.419239			 8301.224226			 17543.643465		 0.000000
 g4 	 0.000000			 0.000000			 0.000000			 0.000000			 0.000000			 0.000000		 0.000000
 g5 	 0.000000			 0.000000			 0.000000			 0.000000			 0.000000			 0.000000		 0.000000
 
****************************************************************************************************
 
rtm LMP
----------------------------------------------------------------------------------------------------
bus name 	 time 		 LMP
----------------------------------------------------------------------------------------------------
b1 		 1 		 9.614507
b1 		 2 		 9.408671
b1 		 3 		 9.614507
b1 		 4 		 9.614507
b1 		 5 		 9.408671
b1 		 6 		 9.408671
b1 		 7 		 9.614507
b1 		 8 		 9.408671
b1 		 9 		 9.408671
b1 		 10 		 9.408671
b1 		 11 		 9.408671
b1 		 12 		 9.408671
b1 		 13 		 9.408671
b1 		 14 		 9.408671
b1 		 15 		 9.408671
b1 		 16 		 9.408671
b1 		 17 		 9.408671
b1 		 18 		 9.408671
b1 		 19 		 9.408671
b1 		 20 		 9.408671
b1 		 21 		 9.408671
b1 		 22 		 9.408671
b1 		 23 		 9.408671
b1 		 24 		 9.408671
b1 		 25 		 9.457625
b1 		 26 		 9.457625
b1 		 27 		 9.457625
b1 		 28 		 9.457625
b1 		 29 		 9.614507
b1 		 30 		 9.614507
b1 		 31 		 9.614507
b1 		 32 		 9.457625
b1 		 33 		 9.614507
b1 		 34 		 9.614507
b1 		 35 		 9.614507
b1 		 36 		 9.614507
b1 		 37 		 9.614507
b1 		 38 		 9.614507
b1 		 39 		 9.614507
b1 		 40 		 9.614507
b1 		 41 		 9.614507
b1 		 42 		 9.614507
b1 		 43 		 9.614507
b1 		 44 		 9.614507
b1 		 45 		 9.614507
b1 		 46 		 9.614507
b1 		 47 		 10.185876
b1 		 48 		 10.185876
b1 		 49 		 10.185876
b1 		 50 		 9.614507
b1 		 51 		 10.185876
b1 		 52 		 9.614507
b1 		 53 		 10.757244
b1 		 54 		 10.185876
b1 		 55 		 10.185876
b1 		 56 		 10.185876
b1 		 57 		 10.185876
b1 		 58 		 10.185876
b1 		 59 		 10.185876
b1 		 60 		 10.185876
b1 		 61 		 10.185876
b1 		 62 		 10.185876
b1 		 63 		 9.8174
b1 		 64 		 11.862367
b1 		 65 		 11.493892
b1 		 66 		 11.862367
b1 		 67 		 9.8174
b1 		 68 		 10.185876
b1 		 69 		 10.185876
b1 		 70 		 11.493892
b1 		 71 		 12.06526
b1 		 72 		 9.614507
b1 		 73 		 11.493892
b1 		 74 		 10.185876
b1 		 75 		 10.185876
b1 		 76 		 10.757244
b1 		 77 		 9.614507
b1 		 78 		 10.185876
b1 		 79 		 10.185876
b1 		 80 		 10.185876
b1 		 81 		 10.185876
b1 		 82 		 10.185876
b1 		 83 		 11.493892
b1 		 84 		 10.757244
b1 		 85 		 9.614507
b1 		 86 		 10.185876
b1 		 87 		 9.614507
b1 		 88 		 9.614507
b1 		 89 		 9.614507
b1 		 90 		 9.614507
b1 		 91 		 9.614507
b1 		 92 		 9.614507
b1 		 93 		 9.614507
b1 		 94 		 9.614507
b1 		 95 		 9.614507
b1 		 96 		 9.614507
----------------------------------------------------------------------------------------------------
b2 		 1 		 9.614507
b2 		 2 		 9.408671
b2 		 3 		 9.614507
b2 		 4 		 9.614507
b2 		 5 		 9.408671
b2 		 6 		 9.408671
b2 		 7 		 9.614507
b2 		 8 		 9.408671
b2 		 9 		 9.408671
b2 		 10 		 9.408671
b2 		 11 		 9.408671
b2 		 12 		 9.408671
b2 		 13 		 9.408671
b2 		 14 		 9.408671
b2 		 15 		 9.408671
b2 		 16 		 9.408671
b2 		 17 		 9.408671
b2 		 18 		 9.408671
b2 		 19 		 9.408671
b2 		 20 		 9.408671
b2 		 21 		 9.408671
b2 		 22 		 9.408671
b2 		 23 		 9.408671
b2 		 24 		 9.408671
b2 		 25 		 9.457625
b2 		 26 		 9.457625
b2 		 27 		 9.457625
b2 		 28 		 9.457625
b2 		 29 		 9.614507
b2 		 30 		 9.614507
b2 		 31 		 9.614507
b2 		 32 		 9.457625
b2 		 33 		 9.614507
b2 		 34 		 9.614507
b2 		 35 		 9.614507
b2 		 36 		 9.614507
b2 		 37 		 9.614507
b2 		 38 		 9.614507
b2 		 39 		 9.614507
b2 		 40 		 9.614507
b2 		 41 		 9.614507
b2 		 42 		 9.614507
b2 		 43 		 9.614507
b2 		 44 		 9.614507
b2 		 45 		 9.614507
b2 		 46 		 9.614507
b2 		 47 		 10.185876
b2 		 48 		 10.185876
b2 		 49 		 10.185876
b2 		 50 		 9.614507
b2 		 51 		 10.185876
b2 		 52 		 9.614507
b2 		 53 		 10.757244
b2 		 54 		 10.185876
b2 		 55 		 10.185876
b2 		 56 		 10.185876
b2 		 57 		 10.185876
b2 		 58 		 10.185876
b2 		 59 		 10.185876
b2 		 60 		 10.185876
b2 		 61 		 10.185876
b2 		 62 		 10.185876
b2 		 63 		 9.8174
b2 		 64 		 11.862367
b2 		 65 		 11.493892
b2 		 66 		 11.862367
b2 		 67 		 9.8174
b2 		 68 		 10.185876
b2 		 69 		 10.185876
b2 		 70 		 11.493892
b2 		 71 		 12.06526
b2 		 72 		 9.614507
b2 		 73 		 11.493892
b2 		 74 		 10.185876
b2 		 75 		 10.185876
b2 		 76 		 10.757244
b2 		 77 		 9.614507
b2 		 78 		 10.185876
b2 		 79 		 10.185876
b2 		 80 		 10.185876
b2 		 81 		 10.185876
b2 		 82 		 10.185876
b2 		 83 		 11.493892
b2 		 84 		 10.757244
b2 		 85 		 9.614507
b2 		 86 		 10.185876
b2 		 87 		 9.614507
b2 		 88 		 9.614507
b2 		 89 		 9.614507
b2 		 90 		 9.614507
b2 		 91 		 9.614507
b2 		 92 		 9.614507
b2 		 93 		 9.614507
b2 		 94 		 9.614507
b2 		 95 		 9.614507
b2 		 96 		 9.614507
----------------------------------------------------------------------------------------------------
b3 		 1 		 9.614507
b3 		 2 		 9.408671
b3 		 3 		 9.614507
b3 		 4 		 9.614507
b3 		 5 		 9.408671
b3 		 6 		 9.408671
b3 		 7 		 9.614507
b3 		 8 		 9.408671
b3 		 9 		 9.408671
b3 		 10 		 9.408671
b3 		 11 		 9.408671
b3 		 12 		 9.408671
b3 		 13 		 9.408671
b3 		 14 		 9.408671
b3 		 15 		 9.408671
b3 		 16 		 9.408671
b3 		 17 		 9.408671
b3 		 18 		 9.408671
b3 		 19 		 9.408671
b3 		 20 		 9.408671
b3 		 21 		 9.408671
b3 		 22 		 9.408671
b3 		 23 		 9.408671
b3 		 24 		 9.408671
b3 		 25 		 9.457625
b3 		 26 		 9.457625
b3 		 27 		 9.457625
b3 		 28 		 9.457625
b3 		 29 		 9.614507
b3 		 30 		 9.614507
b3 		 31 		 9.614507
b3 		 32 		 9.457625
b3 		 33 		 9.614507
b3 		 34 		 9.614507
b3 		 35 		 9.614507
b3 		 36 		 9.614507
b3 		 37 		 9.614507
b3 		 38 		 9.614507
b3 		 39 		 9.614507
b3 		 40 		 9.614507
b3 		 41 		 9.614507
b3 		 42 		 9.614507
b3 		 43 		 9.614507
b3 		 44 		 9.614507
b3 		 45 		 9.614507
b3 		 46 		 9.614507
b3 		 47 		 10.185876
b3 		 48 		 10.185876
b3 		 49 		 10.185876
b3 		 50 		 9.614507
b3 		 51 		 10.185876
b3 		 52 		 9.614507
b3 		 53 		 10.757244
b3 		 54 		 10.185876
b3 		 55 		 10.185876
b3 		 56 		 10.185876
b3 		 57 		 10.185876
b3 		 58 		 10.185876
b3 		 59 		 10.185876
b3 		 60 		 10.185876
b3 		 61 		 10.185876
b3 		 62 		 10.185876
b3 		 63 		 9.8174
b3 		 64 		 11.862367
b3 		 65 		 11.493892
b3 		 66 		 11.862367
b3 		 67 		 9.8174
b3 		 68 		 10.185876
b3 		 69 		 10.185876
b3 		 70 		 11.493892
b3 		 71 		 12.06526
b3 		 72 		 9.614507
b3 		 73 		 11.493892
b3 		 74 		 10.185876
b3 		 75 		 10.185876
b3 		 76 		 10.757244
b3 		 77 		 9.614507
b3 		 78 		 10.185876
b3 		 79 		 10.185876
b3 		 80 		 10.185876
b3 		 81 		 10.185876
b3 		 82 		 10.185876
b3 		 83 		 11.493892
b3 		 84 		 10.757244
b3 		 85 		 9.614507
b3 		 86 		 10.185876
b3 		 87 		 9.614507
b3 		 88 		 9.614507
b3 		 89 		 9.614507
b3 		 90 		 9.614507
b3 		 91 		 9.614507
b3 		 92 		 9.614507
b3 		 93 		 9.614507
b3 		 94 		 9.614507
b3 		 95 		 9.614507
b3 		 96 		 9.614507
----------------------------------------------------------------------------------------------------
b4 		 1 		 9.614507
b4 		 2 		 9.408671
b4 		 3 		 9.614507
b4 		 4 		 9.614507
b4 		 5 		 9.408671
b4 		 6 		 9.408671
b4 		 7 		 9.614507
b4 		 8 		 9.408671
b4 		 9 		 9.408671
b4 		 10 		 9.408671
b4 		 11 		 9.408671
b4 		 12 		 9.408671
b4 		 13 		 9.408671
b4 		 14 		 9.408671
b4 		 15 		 9.408671
b4 		 16 		 9.408671
b4 		 17 		 9.408671
b4 		 18 		 9.408671
b4 		 19 		 9.408671
b4 		 20 		 9.408671
b4 		 21 		 9.408671
b4 		 22 		 9.408671
b4 		 23 		 9.408671
b4 		 24 		 9.408671
b4 		 25 		 9.457625
b4 		 26 		 9.457625
b4 		 27 		 9.457625
b4 		 28 		 9.457625
b4 		 29 		 9.614507
b4 		 30 		 9.614507
b4 		 31 		 9.614507
b4 		 32 		 9.457625
b4 		 33 		 9.614507
b4 		 34 		 9.614507
b4 		 35 		 9.614507
b4 		 36 		 9.614507
b4 		 37 		 9.614507
b4 		 38 		 9.614507
b4 		 39 		 9.614507
b4 		 40 		 9.614507
b4 		 41 		 9.614507
b4 		 42 		 9.614507
b4 		 43 		 9.614507
b4 		 44 		 9.614507
b4 		 45 		 9.614507
b4 		 46 		 9.614507
b4 		 47 		 10.185876
b4 		 48 		 10.185876
b4 		 49 		 10.185876
b4 		 50 		 9.614507
b4 		 51 		 10.185876
b4 		 52 		 9.614507
b4 		 53 		 10.757244
b4 		 54 		 10.185876
b4 		 55 		 10.185876
b4 		 56 		 10.185876
b4 		 57 		 10.185876
b4 		 58 		 10.185876
b4 		 59 		 10.185876
b4 		 60 		 10.185876
b4 		 61 		 10.185876
b4 		 62 		 10.185876
b4 		 63 		 9.8174
b4 		 64 		 11.862367
b4 		 65 		 11.493892
b4 		 66 		 11.862367
b4 		 67 		 9.8174
b4 		 68 		 10.185876
b4 		 69 		 10.185876
b4 		 70 		 11.493892
b4 		 71 		 12.06526
b4 		 72 		 9.614507
b4 		 73 		 11.493892
b4 		 74 		 10.185876
b4 		 75 		 10.185876
b4 		 76 		 10.757244
b4 		 77 		 9.614507
b4 		 78 		 10.185876
b4 		 79 		 10.185876
b4 		 80 		 10.185876
b4 		 81 		 10.185876
b4 		 82 		 10.185876
b4 		 83 		 11.493892
b4 		 84 		 10.757244
b4 		 85 		 9.614507
b4 		 86 		 10.185876
b4 		 87 		 9.614507
b4 		 88 		 9.614507
b4 		 89 		 9.614507
b4 		 90 		 9.614507
b4 		 91 		 9.614507
b4 		 92 		 9.614507
b4 		 93 		 9.614507
b4 		 94 		 9.614507
b4 		 95 		 9.614507
b4 		 96 		 9.614507
----------------------------------------------------------------------------------------------------
b5 		 1 		 9.614507
b5 		 2 		 9.408671
b5 		 3 		 9.614507
b5 		 4 		 9.614507
b5 		 5 		 9.408671
b5 		 6 		 9.408671
b5 		 7 		 9.614507
b5 		 8 		 9.408671
b5 		 9 		 9.408671
b5 		 10 		 9.408671
b5 		 11 		 9.408671
b5 		 12 		 9.408671
b5 		 13 		 9.408671
b5 		 14 		 9.408671
b5 		 15 		 9.408671
b5 		 16 		 9.408671
b5 		 17 		 9.408671
b5 		 18 		 9.408671
b5 		 19 		 9.408671
b5 		 20 		 9.408671
b5 		 21 		 9.408671
b5 		 22 		 9.408671
b5 		 23 		 9.408671
b5 		 24 		 9.408671
b5 		 25 		 9.457625
b5 		 26 		 9.457625
b5 		 27 		 9.457625
b5 		 28 		 9.457625
b5 		 29 		 9.614507
b5 		 30 		 9.614507
b5 		 31 		 9.614507
b5 		 32 		 9.457625
b5 		 33 		 9.614507
b5 		 34 		 9.614507
b5 		 35 		 9.614507
b5 		 36 		 9.614507
b5 		 37 		 9.614507
b5 		 38 		 9.614507
b5 		 39 		 9.614507
b5 		 40 		 9.614507
b5 		 41 		 9.614507
b5 		 42 		 9.614507
b5 		 43 		 9.614507
b5 		 44 		 9.614507
b5 		 45 		 9.614507
b5 		 46 		 9.614507
b5 		 47 		 10.185876
b5 		 48 		 10.185876
b5 		 49 		 10.185876
b5 		 50 		 9.614507
b5 		 51 		 10.185876
b5 		 52 		 9.614507
b5 		 53 		 10.757244
b5 		 54 		 10.185876
b5 		 55 		 10.185876
b5 		 56 		 10.185876
b5 		 57 		 10.185876
b5 		 58 		 10.185876
b5 		 59 		 10.185876
b5 		 60 		 10.185876
b5 		 61 		 10.185876
b5 		 62 		 10.185876
b5 		 63 		 9.8174
b5 		 64 		 11.862367
b5 		 65 		 11.493892
b5 		 66 		 11.862367
b5 		 67 		 9.8174
b5 		 68 		 10.185876
b5 		 69 		 10.185876
b5 		 70 		 11.493892
b5 		 71 		 12.06526
b5 		 72 		 9.614507
b5 		 73 		 11.493892
b5 		 74 		 10.185876
b5 		 75 		 10.185876
b5 		 76 		 10.757244
b5 		 77 		 9.614507
b5 		 78 		 10.185876
b5 		 79 		 10.185876
b5 		 80 		 10.185876
b5 		 81 		 10.185876
b5 		 82 		 10.185876
b5 		 83 		 11.493892
b5 		 84 		 10.757244
b5 		 85 		 9.614507
b5 		 86 		 10.185876
b5 		 87 		 9.614507
b5 		 88 		 9.614507
b5 		 89 		 9.614507
b5 		 90 		 9.614507
b5 		 91 		 9.614507
b5 		 92 		 9.614507
b5 		 93 		 9.614507
b5 		 94 		 9.614507
b5 		 95 		 9.614507
b5 		 96 		 9.614507
----------------------------------------------------------------------------------------------------
b6 		 1 		 9.614507
b6 		 2 		 9.408671
b6 		 3 		 9.614507
b6 		 4 		 9.614507
b6 		 5 		 9.408671
b6 		 6 		 9.408671
b6 		 7 		 9.614507
b6 		 8 		 9.408671
b6 		 9 		 9.408671
b6 		 10 		 9.408671
b6 		 11 		 9.408671
b6 		 12 		 9.408671
b6 		 13 		 9.408671
b6 		 14 		 9.408671
b6 		 15 		 9.408671
b6 		 16 		 9.408671
b6 		 17 		 9.408671
b6 		 18 		 9.408671
b6 		 19 		 9.408671
b6 		 20 		 9.408671
b6 		 21 		 9.408671
b6 		 22 		 9.408671
b6 		 23 		 9.408671
b6 		 24 		 9.408671
b6 		 25 		 9.457625
b6 		 26 		 9.457625
b6 		 27 		 9.457625
b6 		 28 		 9.457625
b6 		 29 		 9.614507
b6 		 30 		 9.614507
b6 		 31 		 9.614507
b6 		 32 		 9.457625
b6 		 33 		 9.614507
b6 		 34 		 9.614507
b6 		 35 		 9.614507
b6 		 36 		 9.614507
b6 		 37 		 9.614507
b6 		 38 		 9.614507
b6 		 39 		 9.614507
b6 		 40 		 9.614507
b6 		 41 		 9.614507
b6 		 42 		 9.614507
b6 		 43 		 9.614507
b6 		 44 		 9.614507
b6 		 45 		 9.614507
b6 		 46 		 9.614507
b6 		 47 		 10.185876
b6 		 48 		 10.185876
b6 		 49 		 10.185876
b6 		 50 		 9.614507
b6 		 51 		 10.185876
b6 		 52 		 9.614507
b6 		 53 		 10.757244
b6 		 54 		 10.185876
b6 		 55 		 10.185876
b6 		 56 		 10.185876
b6 		 57 		 10.185876
b6 		 58 		 10.185876
b6 		 59 		 10.185876
b6 		 60 		 10.185876
b6 		 61 		 10.185876
b6 		 62 		 10.185876
b6 		 63 		 9.8174
b6 		 64 		 11.862367
b6 		 65 		 11.493892
b6 		 66 		 11.862367
b6 		 67 		 9.8174
b6 		 68 		 10.185876
b6 		 69 		 10.185876
b6 		 70 		 11.493892
b6 		 71 		 12.06526
b6 		 72 		 9.614507
b6 		 73 		 11.493892
b6 		 74 		 10.185876
b6 		 75 		 10.185876
b6 		 76 		 10.757244
b6 		 77 		 9.614507
b6 		 78 		 10.185876
b6 		 79 		 10.185876
b6 		 80 		 10.185876
b6 		 81 		 10.185876
b6 		 82 		 10.185876
b6 		 83 		 11.493892
b6 		 84 		 10.757244
b6 		 85 		 9.614507
b6 		 86 		 10.185876
b6 		 87 		 9.614507
b6 		 88 		 9.614507
b6 		 89 		 9.614507
b6 		 90 		 9.614507
b6 		 91 		 9.614507
b6 		 92 		 9.614507
b6 		 93 		 9.614507
b6 		 94 		 9.614507
b6 		 95 		 9.614507
b6 		 96 		 9.614507
----------------------------------------------------------------------------------------------------
b7 		 1 		 9.614507
b7 		 2 		 9.408671
b7 		 3 		 9.614507
b7 		 4 		 9.614507
b7 		 5 		 9.408671
b7 		 6 		 9.408671
b7 		 7 		 9.614507
b7 		 8 		 9.408671
b7 		 9 		 9.408671
b7 		 10 		 9.408671
b7 		 11 		 9.408671
b7 		 12 		 9.408671
b7 		 13 		 9.408671
b7 		 14 		 9.408671
b7 		 15 		 9.408671
b7 		 16 		 9.408671
b7 		 17 		 9.408671
b7 		 18 		 9.408671
b7 		 19 		 9.408671
b7 		 20 		 9.408671
b7 		 21 		 9.408671
b7 		 22 		 9.408671
b7 		 23 		 9.408671
b7 		 24 		 9.408671
b7 		 25 		 9.457625
b7 		 26 		 9.457625
b7 		 27 		 9.457625
b7 		 28 		 9.457625
b7 		 29 		 9.614507
b7 		 30 		 9.614507
b7 		 31 		 9.614507
b7 		 32 		 9.457625
b7 		 33 		 9.614507
b7 		 34 		 9.614507
b7 		 35 		 9.614507
b7 		 36 		 9.614507
b7 		 37 		 9.614507
b7 		 38 		 9.614507
b7 		 39 		 9.614507
b7 		 40 		 9.614507
b7 		 41 		 9.614507
b7 		 42 		 9.614507
b7 		 43 		 9.614507
b7 		 44 		 9.614507
b7 		 45 		 9.614507
b7 		 46 		 9.614507
b7 		 47 		 10.185876
b7 		 48 		 10.185876
b7 		 49 		 10.185876
b7 		 50 		 9.614507
b7 		 51 		 10.185876
b7 		 52 		 9.614507
b7 		 53 		 10.757244
b7 		 54 		 10.185876
b7 		 55 		 10.185876
b7 		 56 		 10.185876
b7 		 57 		 10.185876
b7 		 58 		 10.185876
b7 		 59 		 10.185876
b7 		 60 		 10.185876
b7 		 61 		 10.185876
b7 		 62 		 10.185876
b7 		 63 		 9.8174
b7 		 64 		 11.862367
b7 		 65 		 11.493892
b7 		 66 		 11.862367
b7 		 67 		 9.8174
b7 		 68 		 10.185876
b7 		 69 		 10.185876
b7 		 70 		 11.493892
b7 		 71 		 12.06526
b7 		 72 		 9.614507
b7 		 73 		 11.493892
b7 		 74 		 10.185876
b7 		 75 		 10.185876
b7 		 76 		 10.757244
b7 		 77 		 9.614507
b7 		 78 		 10.185876
b7 		 79 		 10.185876
b7 		 80 		 10.185876
b7 		 81 		 10.185876
b7 		 82 		 10.185876
b7 		 83 		 11.493892
b7 		 84 		 10.757244
b7 		 85 		 9.614507
b7 		 86 		 10.185876
b7 		 87 		 9.614507
b7 		 88 		 9.614507
b7 		 89 		 9.614507
b7 		 90 		 9.614507
b7 		 91 		 9.614507
b7 		 92 		 9.614507
b7 		 93 		 9.614507
b7 		 94 		 9.614507
b7 		 95 		 9.614507
b7 		 96 		 9.614507
----------------------------------------------------------------------------------------------------
b8 		 1 		 9.614507
b8 		 2 		 9.408671
b8 		 3 		 9.614507
b8 		 4 		 9.614507
b8 		 5 		 9.408671
b8 		 6 		 9.408671
b8 		 7 		 9.614507
b8 		 8 		 9.408671
b8 		 9 		 9.408671
b8 		 10 		 9.408671
b8 		 11 		 9.408671
b8 		 12 		 9.408671
b8 		 13 		 9.408671
b8 		 14 		 9.408671
b8 		 15 		 9.408671
b8 		 16 		 9.408671
b8 		 17 		 9.408671
b8 		 18 		 9.408671
b8 		 19 		 9.408671
b8 		 20 		 9.408671
b8 		 21 		 9.408671
b8 		 22 		 9.408671
b8 		 23 		 9.408671
b8 		 24 		 9.408671
b8 		 25 		 9.457625
b8 		 26 		 9.457625
b8 		 27 		 9.457625
b8 		 28 		 9.457625
b8 		 29 		 9.614507
b8 		 30 		 9.614507
b8 		 31 		 9.614507
b8 		 32 		 9.457625
b8 		 33 		 9.614507
b8 		 34 		 9.614507
b8 		 35 		 9.614507
b8 		 36 		 9.614507
b8 		 37 		 9.614507
b8 		 38 		 9.614507
b8 		 39 		 9.614507
b8 		 40 		 9.614507
b8 		 41 		 9.614507
b8 		 42 		 9.614507
b8 		 43 		 9.614507
b8 		 44 		 9.614507
b8 		 45 		 9.614507
b8 		 46 		 9.614507
b8 		 47 		 10.185876
b8 		 48 		 10.185876
b8 		 49 		 10.185876
b8 		 50 		 9.614507
b8 		 51 		 10.185876
b8 		 52 		 9.614507
b8 		 53 		 10.757244
b8 		 54 		 10.185876
b8 		 55 		 10.185876
b8 		 56 		 10.185876
b8 		 57 		 10.185876
b8 		 58 		 10.185876
b8 		 59 		 10.185876
b8 		 60 		 10.185876
b8 		 61 		 10.185876
b8 		 62 		 10.185876
b8 		 63 		 9.8174
b8 		 64 		 11.862367
b8 		 65 		 11.493892
b8 		 66 		 11.862367
b8 		 67 		 9.8174
b8 		 68 		 10.185876
b8 		 69 		 10.185876
b8 		 70 		 11.493892
b8 		 71 		 12.06526
b8 		 72 		 9.614507
b8 		 73 		 11.493892
b8 		 74 		 10.185876
b8 		 75 		 10.185876
b8 		 76 		 10.757244
b8 		 77 		 9.614507
b8 		 78 		 10.185876
b8 		 79 		 10.185876
b8 		 80 		 10.185876
b8 		 81 		 10.185876
b8 		 82 		 10.185876
b8 		 83 		 11.493892
b8 		 84 		 10.757244
b8 		 85 		 9.614507
b8 		 86 		 10.185876
b8 		 87 		 9.614507
b8 		 88 		 9.614507
b8 		 89 		 9.614507
b8 		 90 		 9.614507
b8 		 91 		 9.614507
b8 		 92 		 9.614507
b8 		 93 		 9.614507
b8 		 94 		 9.614507
b8 		 95 		 9.614507
b8 		 96 		 9.614507
----------------------------------------------------------------------------------------------------
b9 		 1 		 9.614507
b9 		 2 		 9.408671
b9 		 3 		 9.614507
b9 		 4 		 9.614507
b9 		 5 		 9.408671
b9 		 6 		 9.408671
b9 		 7 		 9.614507
b9 		 8 		 9.408671
b9 		 9 		 9.408671
b9 		 10 		 9.408671
b9 		 11 		 9.408671
b9 		 12 		 9.408671
b9 		 13 		 9.408671
b9 		 14 		 9.408671
b9 		 15 		 9.408671
b9 		 16 		 9.408671
b9 		 17 		 9.408671
b9 		 18 		 9.408671
b9 		 19 		 9.408671
b9 		 20 		 9.408671
b9 		 21 		 9.408671
b9 		 22 		 9.408671
b9 		 23 		 9.408671
b9 		 24 		 9.408671
b9 		 25 		 9.457625
b9 		 26 		 9.457625
b9 		 27 		 9.457625
b9 		 28 		 9.457625
b9 		 29 		 9.614507
b9 		 30 		 9.614507
b9 		 31 		 9.614507
b9 		 32 		 9.457625
b9 		 33 		 9.614507
b9 		 34 		 9.614507
b9 		 35 		 9.614507
b9 		 36 		 9.614507
b9 		 37 		 9.614507
b9 		 38 		 9.614507
b9 		 39 		 9.614507
b9 		 40 		 9.614507
b9 		 41 		 9.614507
b9 		 42 		 9.614507
b9 		 43 		 9.614507
b9 		 44 		 9.614507
b9 		 45 		 9.614507
b9 		 46 		 9.614507
b9 		 47 		 10.185876
b9 		 48 		 10.185876
b9 		 49 		 10.185876
b9 		 50 		 9.614507
b9 		 51 		 10.185876
b9 		 52 		 9.614507
b9 		 53 		 10.757244
b9 		 54 		 10.185876
b9 		 55 		 10.185876
b9 		 56 		 10.185876
b9 		 57 		 10.185876
b9 		 58 		 10.185876
b9 		 59 		 10.185876
b9 		 60 		 10.185876
b9 		 61 		 10.185876
b9 		 62 		 10.185876
b9 		 63 		 9.8174
b9 		 64 		 11.862367
b9 		 65 		 11.493892
b9 		 66 		 11.862367
b9 		 67 		 9.8174
b9 		 68 		 10.185876
b9 		 69 		 10.185876
b9 		 70 		 11.493892
b9 		 71 		 12.06526
b9 		 72 		 9.614507
b9 		 73 		 11.493892
b9 		 74 		 10.185876
b9 		 75 		 10.185876
b9 		 76 		 10.757244
b9 		 77 		 9.614507
b9 		 78 		 10.185876
b9 		 79 		 10.185876
b9 		 80 		 10.185876
b9 		 81 		 10.185876
b9 		 82 		 10.185876
b9 		 83 		 11.493892
b9 		 84 		 10.757244
b9 		 85 		 9.614507
b9 		 86 		 10.185876
b9 		 87 		 9.614507
b9 		 88 		 9.614507
b9 		 89 		 9.614507
b9 		 90 		 9.614507
b9 		 91 		 9.614507
b9 		 92 		 9.614507
b9 		 93 		 9.614507
b9 		 94 		 9.614507
b9 		 95 		 9.614507
b9 		 96 		 9.614507
----------------------------------------------------------------------------------------------------
b10 		 1 		 9.614507
b10 		 2 		 9.408671
b10 		 3 		 9.614507
b10 		 4 		 9.614507
b10 		 5 		 9.408671
b10 		 6 		 9.408671
b10 		 7 		 9.614507
b10 		 8 		 9.408671
b10 		 9 		 9.408671
b10 		 10 		 9.408671
b10 		 11 		 9.408671
b10 		 12 		 9.408671
b10 		 13 		 9.408671
b10 		 14 		 9.408671
b10 		 15 		 9.408671
b10 		 16 		 9.408671
b10 		 17 		 9.408671
b10 		 18 		 9.408671
b10 		 19 		 9.408671
b10 		 20 		 9.408671
b10 		 21 		 9.408671
b10 		 22 		 9.408671
b10 		 23 		 9.408671
b10 		 24 		 9.408671
b10 		 25 		 9.457625
b10 		 26 		 9.457625
b10 		 27 		 9.457625
b10 		 28 		 9.457625
b10 		 29 		 9.614507
b10 		 30 		 9.614507
b10 		 31 		 9.614507
b10 		 32 		 9.457625
b10 		 33 		 9.614507
b10 		 34 		 9.614507
b10 		 35 		 9.614507
b10 		 36 		 9.614507
b10 		 37 		 9.614507
b10 		 38 		 9.614507
b10 		 39 		 9.614507
b10 		 40 		 9.614507
b10 		 41 		 9.614507
b10 		 42 		 9.614507
b10 		 43 		 9.614507
b10 		 44 		 9.614507
b10 		 45 		 9.614507
b10 		 46 		 9.614507
b10 		 47 		 10.185876
b10 		 48 		 10.185876
b10 		 49 		 10.185876
b10 		 50 		 9.614507
b10 		 51 		 10.185876
b10 		 52 		 9.614507
b10 		 53 		 10.757244
b10 		 54 		 10.185876
b10 		 55 		 10.185876
b10 		 56 		 10.185876
b10 		 57 		 10.185876
b10 		 58 		 10.185876
b10 		 59 		 10.185876
b10 		 60 		 10.185876
b10 		 61 		 10.185876
b10 		 62 		 10.185876
b10 		 63 		 9.8174
b10 		 64 		 11.862367
b10 		 65 		 11.493892
b10 		 66 		 11.862367
b10 		 67 		 9.8174
b10 		 68 		 10.185876
b10 		 69 		 10.185876
b10 		 70 		 11.493892
b10 		 71 		 12.06526
b10 		 72 		 9.614507
b10 		 73 		 11.493892
b10 		 74 		 10.185876
b10 		 75 		 10.185876
b10 		 76 		 10.757244
b10 		 77 		 9.614507
b10 		 78 		 10.185876
b10 		 79 		 10.185876
b10 		 80 		 10.185876
b10 		 81 		 10.185876
b10 		 82 		 10.185876
b10 		 83 		 11.493892
b10 		 84 		 10.757244
b10 		 85 		 9.614507
b10 		 86 		 10.185876
b10 		 87 		 9.614507
b10 		 88 		 9.614507
b10 		 89 		 9.614507
b10 		 90 		 9.614507
b10 		 91 		 9.614507
b10 		 92 		 9.614507
b10 		 93 		 9.614507
b10 		 94 		 9.614507
b10 		 95 		 9.614507
b10 		 96 		 9.614507
----------------------------------------------------------------------------------------------------
b11 		 1 		 9.614507
b11 		 2 		 9.408671
b11 		 3 		 9.614507
b11 		 4 		 9.614507
b11 		 5 		 9.408671
b11 		 6 		 9.408671
b11 		 7 		 9.614507
b11 		 8 		 9.408671
b11 		 9 		 9.408671
b11 		 10 		 9.408671
b11 		 11 		 9.408671
b11 		 12 		 9.408671
b11 		 13 		 9.408671
b11 		 14 		 9.408671
b11 		 15 		 9.408671
b11 		 16 		 9.408671
b11 		 17 		 9.408671
b11 		 18 		 9.408671
b11 		 19 		 9.408671
b11 		 20 		 9.408671
b11 		 21 		 9.408671
b11 		 22 		 9.408671
b11 		 23 		 9.408671
b11 		 24 		 9.408671
b11 		 25 		 9.457625
b11 		 26 		 9.457625
b11 		 27 		 9.457625
b11 		 28 		 9.457625
b11 		 29 		 9.614507
b11 		 30 		 9.614507
b11 		 31 		 9.614507
b11 		 32 		 9.457625
b11 		 33 		 9.614507
b11 		 34 		 9.614507
b11 		 35 		 9.614507
b11 		 36 		 9.614507
b11 		 37 		 9.614507
b11 		 38 		 9.614507
b11 		 39 		 9.614507
b11 		 40 		 9.614507
b11 		 41 		 9.614507
b11 		 42 		 9.614507
b11 		 43 		 9.614507
b11 		 44 		 9.614507
b11 		 45 		 9.614507
b11 		 46 		 9.614507
b11 		 47 		 10.185876
b11 		 48 		 10.185876
b11 		 49 		 10.185876
b11 		 50 		 9.614507
b11 		 51 		 10.185876
b11 		 52 		 9.614507
b11 		 53 		 10.757244
b11 		 54 		 10.185876
b11 		 55 		 10.185876
b11 		 56 		 10.185876
b11 		 57 		 10.185876
b11 		 58 		 10.185876
b11 		 59 		 10.185876
b11 		 60 		 10.185876
b11 		 61 		 10.185876
b11 		 62 		 10.185876
b11 		 63 		 9.8174
b11 		 64 		 11.862367
b11 		 65 		 11.493892
b11 		 66 		 11.862367
b11 		 67 		 9.8174
b11 		 68 		 10.185876
b11 		 69 		 10.185876
b11 		 70 		 11.493892
b11 		 71 		 12.06526
b11 		 72 		 9.614507
b11 		 73 		 11.493892
b11 		 74 		 10.185876
b11 		 75 		 10.185876
b11 		 76 		 10.757244
b11 		 77 		 9.614507
b11 		 78 		 10.185876
b11 		 79 		 10.185876
b11 		 80 		 10.185876
b11 		 81 		 10.185876
b11 		 82 		 10.185876
b11 		 83 		 11.493892
b11 		 84 		 10.757244
b11 		 85 		 9.614507
b11 		 86 		 10.185876
b11 		 87 		 9.614507
b11 		 88 		 9.614507
b11 		 89 		 9.614507
b11 		 90 		 9.614507
b11 		 91 		 9.614507
b11 		 92 		 9.614507
b11 		 93 		 9.614507
b11 		 94 		 9.614507
b11 		 95 		 9.614507
b11 		 96 		 9.614507
----------------------------------------------------------------------------------------------------
b12 		 1 		 9.614507
b12 		 2 		 9.408671
b12 		 3 		 9.614507
b12 		 4 		 9.614507
b12 		 5 		 9.408671
b12 		 6 		 9.408671
b12 		 7 		 9.614507
b12 		 8 		 9.408671
b12 		 9 		 9.408671
b12 		 10 		 9.408671
b12 		 11 		 9.408671
b12 		 12 		 9.408671
b12 		 13 		 9.408671
b12 		 14 		 9.408671
b12 		 15 		 9.408671
b12 		 16 		 9.408671
b12 		 17 		 9.408671
b12 		 18 		 9.408671
b12 		 19 		 9.408671
b12 		 20 		 9.408671
b12 		 21 		 9.408671
b12 		 22 		 9.408671
b12 		 23 		 9.408671
b12 		 24 		 9.408671
b12 		 25 		 9.457625
b12 		 26 		 9.457625
b12 		 27 		 9.457625
b12 		 28 		 9.457625
b12 		 29 		 9.614507
b12 		 30 		 9.614507
b12 		 31 		 9.614507
b12 		 32 		 9.457625
b12 		 33 		 9.614507
b12 		 34 		 9.614507
b12 		 35 		 9.614507
b12 		 36 		 9.614507
b12 		 37 		 9.614507
b12 		 38 		 9.614507
b12 		 39 		 9.614507
b12 		 40 		 9.614507
b12 		 41 		 9.614507
b12 		 42 		 9.614507
b12 		 43 		 9.614507
b12 		 44 		 9.614507
b12 		 45 		 9.614507
b12 		 46 		 9.614507
b12 		 47 		 10.185876
b12 		 48 		 10.185876
b12 		 49 		 10.185876
b12 		 50 		 9.614507
b12 		 51 		 10.185876
b12 		 52 		 9.614507
b12 		 53 		 10.757244
b12 		 54 		 10.185876
b12 		 55 		 10.185876
b12 		 56 		 10.185876
b12 		 57 		 10.185876
b12 		 58 		 10.185876
b12 		 59 		 10.185876
b12 		 60 		 10.185876
b12 		 61 		 10.185876
b12 		 62 		 10.185876
b12 		 63 		 9.8174
b12 		 64 		 11.862367
b12 		 65 		 11.493892
b12 		 66 		 11.862367
b12 		 67 		 9.8174
b12 		 68 		 10.185876
b12 		 69 		 10.185876
b12 		 70 		 11.493892
b12 		 71 		 12.06526
b12 		 72 		 9.614507
b12 		 73 		 11.493892
b12 		 74 		 10.185876
b12 		 75 		 10.185876
b12 		 76 		 10.757244
b12 		 77 		 9.614507
b12 		 78 		 10.185876
b12 		 79 		 10.185876
b12 		 80 		 10.185876
b12 		 81 		 10.185876
b12 		 82 		 10.185876
b12 		 83 		 11.493892
b12 		 84 		 10.757244
b12 		 85 		 9.614507
b12 		 86 		 10.185876
b12 		 87 		 9.614507
b12 		 88 		 9.614507
b12 		 89 		 9.614507
b12 		 90 		 9.614507
b12 		 91 		 9.614507
b12 		 92 		 9.614507
b12 		 93 		 9.614507
b12 		 94 		 9.614507
b12 		 95 		 9.614507
b12 		 96 		 9.614507
----------------------------------------------------------------------------------------------------
b13 		 1 		 9.614507
b13 		 2 		 9.408671
b13 		 3 		 9.614507
b13 		 4 		 9.614507
b13 		 5 		 9.408671
b13 		 6 		 9.408671
b13 		 7 		 9.614507
b13 		 8 		 9.408671
b13 		 9 		 9.408671
b13 		 10 		 9.408671
b13 		 11 		 9.408671
b13 		 12 		 9.408671
b13 		 13 		 9.408671
b13 		 14 		 9.408671
b13 		 15 		 9.408671
b13 		 16 		 9.408671
b13 		 17 		 9.408671
b13 		 18 		 9.408671
b13 		 19 		 9.408671
b13 		 20 		 9.408671
b13 		 21 		 9.408671
b13 		 22 		 9.408671
b13 		 23 		 9.408671
b13 		 24 		 9.408671
b13 		 25 		 9.457625
b13 		 26 		 9.457625
b13 		 27 		 9.457625
b13 		 28 		 9.457625
b13 		 29 		 9.614507
b13 		 30 		 9.614507
b13 		 31 		 9.614507
b13 		 32 		 9.457625
b13 		 33 		 9.614507
b13 		 34 		 9.614507
b13 		 35 		 9.614507
b13 		 36 		 9.614507
b13 		 37 		 9.614507
b13 		 38 		 9.614507
b13 		 39 		 9.614507
b13 		 40 		 9.614507
b13 		 41 		 9.614507
b13 		 42 		 9.614507
b13 		 43 		 9.614507
b13 		 44 		 9.614507
b13 		 45 		 9.614507
b13 		 46 		 9.614507
b13 		 47 		 10.185876
b13 		 48 		 10.185876
b13 		 49 		 10.185876
b13 		 50 		 9.614507
b13 		 51 		 10.185876
b13 		 52 		 9.614507
b13 		 53 		 10.757244
b13 		 54 		 10.185876
b13 		 55 		 10.185876
b13 		 56 		 10.185876
b13 		 57 		 10.185876
b13 		 58 		 10.185876
b13 		 59 		 10.185876
b13 		 60 		 10.185876
b13 		 61 		 10.185876
b13 		 62 		 10.185876
b13 		 63 		 9.8174
b13 		 64 		 11.862367
b13 		 65 		 11.493892
b13 		 66 		 11.862367
b13 		 67 		 9.8174
b13 		 68 		 10.185876
b13 		 69 		 10.185876
b13 		 70 		 11.493892
b13 		 71 		 12.06526
b13 		 72 		 9.614507
b13 		 73 		 11.493892
b13 		 74 		 10.185876
b13 		 75 		 10.185876
b13 		 76 		 10.757244
b13 		 77 		 9.614507
b13 		 78 		 10.185876
b13 		 79 		 10.185876
b13 		 80 		 10.185876
b13 		 81 		 10.185876
b13 		 82 		 10.185876
b13 		 83 		 11.493892
b13 		 84 		 10.757244
b13 		 85 		 9.614507
b13 		 86 		 10.185876
b13 		 87 		 9.614507
b13 		 88 		 9.614507
b13 		 89 		 9.614507
b13 		 90 		 9.614507
b13 		 91 		 9.614507
b13 		 92 		 9.614507
b13 		 93 		 9.614507
b13 		 94 		 9.614507
b13 		 95 		 9.614507
b13 		 96 		 9.614507
----------------------------------------------------------------------------------------------------
b14 		 1 		 9.614507
b14 		 2 		 9.408671
b14 		 3 		 9.614507
b14 		 4 		 9.614507
b14 		 5 		 9.408671
b14 		 6 		 9.408671
b14 		 7 		 9.614507
b14 		 8 		 9.408671
b14 		 9 		 9.408671
b14 		 10 		 9.408671
b14 		 11 		 9.408671
b14 		 12 		 9.408671
b14 		 13 		 9.408671
b14 		 14 		 9.408671
b14 		 15 		 9.408671
b14 		 16 		 9.408671
b14 		 17 		 9.408671
b14 		 18 		 9.408671
b14 		 19 		 9.408671
b14 		 20 		 9.408671
b14 		 21 		 9.408671
b14 		 22 		 9.408671
b14 		 23 		 9.408671
b14 		 24 		 9.408671
b14 		 25 		 9.457625
b14 		 26 		 9.457625
b14 		 27 		 9.457625
b14 		 28 		 9.457625
b14 		 29 		 9.614507
b14 		 30 		 9.614507
b14 		 31 		 9.614507
b14 		 32 		 9.457625
b14 		 33 		 9.614507
b14 		 34 		 9.614507
b14 		 35 		 9.614507
b14 		 36 		 9.614507
b14 		 37 		 9.614507
b14 		 38 		 9.614507
b14 		 39 		 9.614507
b14 		 40 		 9.614507
b14 		 41 		 9.614507
b14 		 42 		 9.614507
b14 		 43 		 9.614507
b14 		 44 		 9.614507
b14 		 45 		 9.614507
b14 		 46 		 9.614507
b14 		 47 		 10.185876
b14 		 48 		 10.185876
b14 		 49 		 10.185876
b14 		 50 		 9.614507
b14 		 51 		 10.185876
b14 		 52 		 9.614507
b14 		 53 		 10.757244
b14 		 54 		 10.185876
b14 		 55 		 10.185876
b14 		 56 		 10.185876
b14 		 57 		 10.185876
b14 		 58 		 10.185876
b14 		 59 		 10.185876
b14 		 60 		 10.185876
b14 		 61 		 10.185876
b14 		 62 		 10.185876
b14 		 63 		 9.8174
b14 		 64 		 11.862367
b14 		 65 		 11.493892
b14 		 66 		 11.862367
b14 		 67 		 9.8174
b14 		 68 		 10.185876
b14 		 69 		 10.185876
b14 		 70 		 11.493892
b14 		 71 		 12.06526
b14 		 72 		 9.614507
b14 		 73 		 11.493892
b14 		 74 		 10.185876
b14 		 75 		 10.185876
b14 		 76 		 10.757244
b14 		 77 		 9.614507
b14 		 78 		 10.185876
b14 		 79 		 10.185876
b14 		 80 		 10.185876
b14 		 81 		 10.185876
b14 		 82 		 10.185876
b14 		 83 		 11.493892
b14 		 84 		 10.757244
b14 		 85 		 9.614507
b14 		 86 		 10.185876
b14 		 87 		 9.614507
b14 		 88 		 9.614507
b14 		 89 		 9.614507
b14 		 90 		 9.614507
b14 		 91 		 9.614507
b14 		 92 		 9.614507
b14 		 93 		 9.614507
b14 		 94 		 9.614507
b14 		 95 		 9.614507
b14 		 96 		 9.614507
----------------------------------------------------------------------------------------------------
Total overall payments
----------------------------------------------------------------------------------------------------------------------------------------------------
total generation payment 	 total up-FRP payment 	 total dw-FRP payment 	 total pre-up t. payment 	 uplift payment 	 total post-up t. payment 	 profit
----------------------------------------------------------------------------------------------------------------------------------------------------
338798.350018 			 0.0 			 0.0 			 338798.350018			 30644.597394999997 			 369442.947413 			 35627.74428100002
