****************************************************************************************************
 
Generation payment
----------------------------------------------------------------------------------------------------------------
unit	 time 	 generation payment 	 up-FRP payment 	 dw-FRP payment 	pre-up total payment
----------------------------------------------------------------------------------------------------------------
g1	 1 	 -99739.272541 			 0.0 			 0.0			 -99739.272541 
g1	 2 	 42520.965 			 0.0 			 0.0			 42520.965 
g1	 3 	 203.201865 			 0.0 			 0.0			 203.201865 
g1	 4 	 -42.753142 			 0.0 			 0.0			 -42.753142 
g1	 5 	 -72.4184 			 0.0 			 0.0			 -72.4184 
g1	 6 	 107.323685 			 0.0 			 0.0			 107.323685 
g1	 7 	 637.650093 			 0.0 			 0.0			 637.650093 
g1	 8 	 50981.53 			 0.0 			 0.0			 50981.53 
g1	 9 	 -61517.172457 			 0.0 			 0.0			 -61517.172457 
g1	 10 	 232.216754 			 0.0 			 0.0			 232.216754 
g1	 11 	 486.577297 			 0.0 			 0.0			 486.577297 
g1	 12 	 451.844102 			 0.0 			 0.0			 451.844102 
g1	 13 	 94724.8875 			 0.0 			 0.0			 94724.8875 
g1	 14 	 -47936.560606 			 0.0 			 0.0			 -47936.560606 
g1	 15 	 209.406485 			 0.0 			 0.0			 209.406485 
g1	 16 	 -327.089653 			 0.0 			 0.0			 -327.089653 
g1	 17 	 36.76553 			 0.0 			 0.0			 36.76553 
g1	 18 	 534.625642 			 0.0 			 0.0			 534.625642 
g1	 19 	 35.575135 			 0.0 			 0.0			 35.575135 
g1	 20 	 440.872324 			 0.0 			 0.0			 440.872324 
g1	 21 	 858.410846 			 0.0 			 0.0			 858.410846 
g1	 22 	 421.811814 			 0.0 			 0.0			 421.811814 
g1	 23 	 -4.394574 			 0.0 			 0.0			 -4.394574 
g1	 24 	 215.323608 			 0.0 			 0.0			 215.323608 
g1	 25 	 275.858781 			 0.0 			 0.0			 275.858781 
g1	 26 	 -189.07829 			 0.0 			 0.0			 -189.07829 
g1	 27 	 86326.5975 			 0.0 			 0.0			 86326.5975 
g1	 28 	 -112747.320581 			 0.0 			 0.0			 -112747.320581 
g1	 29 	 35760.1975 			 0.0 			 0.0			 35760.1975 
g1	 30 	 -23934.3375 			 0.0 			 0.0			 -23934.3375 
g1	 31 	 -165688.898622 			 0.0 			 0.0			 -165688.898622 
g1	 32 	 -142.750268 			 0.0 			 0.0			 -142.750268 
g1	 33 	 -191643.806351 			 0.0 			 0.0			 -191643.806351 
g1	 34 	 -50088.2575 			 0.0 			 0.0			 -50088.2575 
g1	 35 	 92067.5275 			 0.0 			 0.0			 92067.5275 
g1	 36 	 92067.5275 			 0.0 			 0.0			 92067.5275 
g1	 37 	 -16.039478 			 0.0 			 0.0			 -16.039478 
g1	 38 	 428.806205 			 0.0 			 0.0			 428.806205 
g1	 39 	 502.487689 			 0.0 			 0.0			 502.487689 
g1	 40 	 40.096427 			 0.0 			 0.0			 40.096427 
g1	 41 	 -19.232812 			 0.0 			 0.0			 -19.232812 
g1	 42 	 -72.674328 			 0.0 			 0.0			 -72.674328 
g1	 43 	 -81518.258245 			 0.0 			 0.0			 -81518.258245 
g1	 44 	 60861.1475 			 0.0 			 0.0			 60861.1475 
g1	 45 	 181.809257 			 0.0 			 0.0			 181.809257 
g1	 46 	 -46.960194 			 0.0 			 0.0			 -46.960194 
g1	 47 	 -99951.087126 			 0.0 			 0.0			 -99951.087126 
g1	 48 	 42252.75 			 0.0 			 0.0			 42252.75 
g1	 49 	 -280.388541 			 0.0 			 0.0			 -280.388541 
g1	 50 	 203.916166 			 0.0 			 0.0			 203.916166 
g1	 51 	 -300.604099 			 0.0 			 0.0			 -300.604099 
g1	 52 	 288.25639 			 0.0 			 0.0			 288.25639 
g1	 53 	 -48.322762 			 0.0 			 0.0			 -48.322762 
g1	 54 	 194.259418 			 0.0 			 0.0			 194.259418 
g1	 55 	 -113.688209 			 0.0 			 0.0			 -113.688209 
g1	 56 	 256.492733 			 0.0 			 0.0			 256.492733 
g1	 57 	 -99772.968022 			 0.0 			 0.0			 -99772.968022 
g1	 58 	 42252.75 			 0.0 			 0.0			 42252.75 
g1	 59 	 224.729059 			 0.0 			 0.0			 224.729059 
g1	 60 	 194.259418 			 0.0 			 0.0			 194.259418 
g1	 61 	 -89350.355 			 0.0 			 0.0			 -89350.355 
g1	 62 	 -462088.83302 			 0.0 			 0.0			 -462088.83302 
g1	 63 	 -89350.355 			 0.0 			 0.0			 -89350.355 
g1	 64 	 42252.75 			 0.0 			 0.0			 42252.75 
g1	 65 	 63.605809 			 0.0 			 0.0			 63.605809 
g1	 66 	 42252.75 			 0.0 			 0.0			 42252.75 
g1	 67 	 -176.252142 			 0.0 			 0.0			 -176.252142 
g1	 68 	 -114.693233 			 0.0 			 0.0			 -114.693233 
g1	 69 	 224.729059 			 0.0 			 0.0			 224.729059 
g1	 70 	 194.259418 			 0.0 			 0.0			 194.259418 
g1	 71 	 -368.158529 			 0.0 			 0.0			 -368.158529 
g1	 72 	 42252.75 			 0.0 			 0.0			 42252.75 
g1	 73 	 -199933.486246 			 0.0 			 0.0			 -199933.486246 
g1	 74 	 42252.75 			 0.0 			 0.0			 42252.75 
g1	 75 	 286.962374 			 0.0 			 0.0			 286.962374 
g1	 76 	 -96.330909 			 0.0 			 0.0			 -96.330909 
g1	 77 	 42252.75 			 0.0 			 0.0			 42252.75 
g1	 78 	 -99674.180865 			 0.0 			 0.0			 -99674.180865 
g1	 79 	 -523.443662 			 0.0 			 0.0			 -523.443662 
g1	 80 	 -6.854697 			 0.0 			 0.0			 -6.854697 
g1	 81 	 -62542.9575 			 0.0 			 0.0			 -62542.9575 
g1	 82 	 -408781.118753 			 0.0 			 0.0			 -408781.118753 
g1	 83 	 -62542.9575 			 0.0 			 0.0			 -62542.9575 
g1	 84 	 -87943.155 			 0.0 			 0.0			 -87943.155 
g1	 85 	 -459290.5526 			 0.0 			 0.0			 -459290.5526 
g1	 86 	 -87943.155 			 0.0 			 0.0			 -87943.155 
g1	 87 	 375.261546 			 0.0 			 0.0			 375.261546 
g1	 88 	 66.776443 			 0.0 			 0.0			 66.776443 
g1	 89 	 119.969059 			 0.0 			 0.0			 119.969059 
g1	 90 	 124842.6225 			 0.0 			 0.0			 124842.6225 
g1	 91 	 -18039.155247 			 0.0 			 0.0			 -18039.155247 
g1	 92 	 -386.102484 			 0.0 			 0.0			 -386.102484 
g1	 93 	 -415.712851 			 0.0 			 0.0			 -415.712851 
g1	 94 	 -414.161851 			 0.0 			 0.0			 -414.161851 
g1	 95 	 -42537.1925 			 0.0 			 0.0			 -42537.1925 
g1	 96 	 -184150.199453 			 0.0 			 0.0			 -184150.199453 
----------------------------------------------------------------------------------------------------
g2	 1 	 0.0 			 0.0 			 0.0			 0.0 
g2	 2 	 0.0 			 0.0 			 0.0			 0.0 
g2	 3 	 0.0 			 0.0 			 0.0			 0.0 
g2	 4 	 0.0 			 0.0 			 0.0			 0.0 
g2	 5 	 0.0 			 0.0 			 0.0			 0.0 
g2	 6 	 0.0 			 0.0 			 0.0			 0.0 
g2	 7 	 0.0 			 0.0 			 0.0			 0.0 
g2	 8 	 0.0 			 0.0 			 0.0			 0.0 
g2	 9 	 0.0 			 0.0 			 0.0			 0.0 
g2	 10 	 0.0 			 0.0 			 0.0			 0.0 
g2	 11 	 0.0 			 0.0 			 0.0			 0.0 
g2	 12 	 0.0 			 0.0 			 0.0			 0.0 
g2	 13 	 0.0 			 0.0 			 0.0			 0.0 
g2	 14 	 0.0 			 0.0 			 0.0			 0.0 
g2	 15 	 0.0 			 0.0 			 0.0			 0.0 
g2	 16 	 0.0 			 0.0 			 0.0			 0.0 
g2	 17 	 0.0 			 0.0 			 0.0			 0.0 
g2	 18 	 0.0 			 0.0 			 0.0			 0.0 
g2	 19 	 0.0 			 0.0 			 0.0			 0.0 
g2	 20 	 0.0 			 0.0 			 0.0			 0.0 
g2	 21 	 0.0 			 0.0 			 0.0			 0.0 
g2	 22 	 0.0 			 0.0 			 0.0			 0.0 
g2	 23 	 0.0 			 0.0 			 0.0			 0.0 
g2	 24 	 0.0 			 0.0 			 0.0			 0.0 
g2	 25 	 0.0 			 0.0 			 0.0			 0.0 
g2	 26 	 0.0 			 0.0 			 0.0			 0.0 
g2	 27 	 0.0 			 0.0 			 0.0			 0.0 
g2	 28 	 0.0 			 0.0 			 0.0			 0.0 
g2	 29 	 0.0 			 0.0 			 0.0			 0.0 
g2	 30 	 0.0 			 0.0 			 0.0			 0.0 
g2	 31 	 0.0 			 0.0 			 0.0			 0.0 
g2	 32 	 0.0 			 0.0 			 0.0			 0.0 
g2	 33 	 0.0 			 0.0 			 0.0			 0.0 
g2	 34 	 0.0 			 0.0 			 0.0			 0.0 
g2	 35 	 0.0 			 0.0 			 0.0			 0.0 
g2	 36 	 0.0 			 0.0 			 0.0			 0.0 
g2	 37 	 21.701904 			 0.0 			 0.0			 21.701904 
g2	 38 	 21.701904 			 0.0 			 0.0			 21.701904 
g2	 39 	 214.644979 			 0.0 			 0.0			 214.644979 
g2	 40 	 21.701904 			 0.0 			 0.0			 21.701904 
g2	 41 	 21.701904 			 0.0 			 0.0			 21.701904 
g2	 42 	 21.701904 			 0.0 			 0.0			 21.701904 
g2	 43 	 -37049.791942 			 0.0 			 0.0			 -37049.791942 
g2	 44 	 18494.2875 			 0.0 			 0.0			 18494.2875 
g2	 45 	 191.50774 			 0.0 			 0.0			 191.50774 
g2	 46 	 -43.576051 			 0.0 			 0.0			 -43.576051 
g2	 47 	 -1335.914597 			 0.0 			 0.0			 -1335.914597 
g2	 48 	 54490.61 			 0.0 			 0.0			 54490.61 
g2	 49 	 -82.325908 			 0.0 			 0.0			 -82.325908 
g2	 50 	 166.16667 			 0.0 			 0.0			 166.16667 
g2	 51 	 319.118765 			 0.0 			 0.0			 319.118765 
g2	 52 	 947.029136 			 0.0 			 0.0			 947.029136 
g2	 53 	 191.96316 			 0.0 			 0.0			 191.96316 
g2	 54 	 9.432416 			 0.0 			 0.0			 9.432416 
g2	 55 	 87.617714 			 0.0 			 0.0			 87.617714 
g2	 56 	 477.259021 			 0.0 			 0.0			 477.259021 
g2	 57 	 32252.077438 			 0.0 			 0.0			 32252.077438 
g2	 58 	 88412.6 			 0.0 			 0.0			 88412.6 
g2	 59 	 201.480077 			 0.0 			 0.0			 201.480077 
g2	 60 	 95.065935 			 0.0 			 0.0			 95.065935 
g2	 61 	 48613.2375 			 0.0 			 0.0			 48613.2375 
g2	 62 	 -14365.770536 			 0.0 			 0.0			 -14365.770536 
g2	 63 	 48613.2375 			 0.0 			 0.0			 48613.2375 
g2	 64 	 104450.7375 			 0.0 			 0.0			 104450.7375 
g2	 65 	 129.024617 			 0.0 			 0.0			 129.024617 
g2	 66 	 89386.9625 			 0.0 			 0.0			 89386.9625 
g2	 67 	 129.024617 			 0.0 			 0.0			 129.024617 
g2	 68 	 -85.715397 			 0.0 			 0.0			 -85.715397 
g2	 69 	 171.771034 			 0.0 			 0.0			 171.771034 
g2	 70 	 -30.31922 			 0.0 			 0.0			 -30.31922 
g2	 71 	 -42.453779 			 0.0 			 0.0			 -42.453779 
g2	 72 	 44798.51 			 0.0 			 0.0			 44798.51 
g2	 73 	 53016.922967 			 0.0 			 0.0			 53016.922967 
g2	 74 	 82559.56 			 0.0 			 0.0			 82559.56 
g2	 75 	 881.871621 			 0.0 			 0.0			 881.871621 
g2	 76 	 284.629932 			 0.0 			 0.0			 284.629932 
g2	 77 	 134752.5225 			 0.0 			 0.0			 134752.5225 
g2	 78 	 78055.12158 			 0.0 			 0.0			 78055.12158 
g2	 79 	 83.477297 			 0.0 			 0.0			 83.477297 
g2	 80 	 -55.657572 			 0.0 			 0.0			 -55.657572 
g2	 81 	 4206.83 			 0.0 			 0.0			 4206.83 
g2	 82 	 -102669.906834 			 0.0 			 0.0			 -102669.906834 
g2	 83 	 4206.83 			 0.0 			 0.0			 4206.83 
g2	 84 	 60044.33 			 0.0 			 0.0			 60044.33 
g2	 85 	 130206.252863 			 0.0 			 0.0			 130206.252863 
g2	 86 	 121315.655 			 0.0 			 0.0			 121315.655 
g2	 87 	 1573.359527 			 0.0 			 0.0			 1573.359527 
g2	 88 	 466.556086 			 0.0 			 0.0			 466.556086 
g2	 89 	 273.794556 			 0.0 			 0.0			 273.794556 
g2	 90 	 42005.6075 			 0.0 			 0.0			 42005.6075 
g2	 91 	 -13722.938937 			 0.0 			 0.0			 -13722.938937 
g2	 92 	 -262.198557 			 0.0 			 0.0			 -262.198557 
g2	 93 	 0.0 			 0.0 			 0.0			 0.0 
g2	 94 	 0.0 			 0.0 			 0.0			 0.0 
g2	 95 	 0.0 			 0.0 			 0.0			 0.0 
g2	 96 	 0.0 			 0.0 			 0.0			 0.0 
----------------------------------------------------------------------------------------------------
g3	 1 	 0.0 			 0.0 			 0.0			 0.0 
g3	 2 	 0.0 			 0.0 			 0.0			 0.0 
g3	 3 	 0.0 			 0.0 			 0.0			 0.0 
g3	 4 	 0.0 			 0.0 			 0.0			 0.0 
g3	 5 	 0.0 			 0.0 			 0.0			 0.0 
g3	 6 	 0.0 			 0.0 			 0.0			 0.0 
g3	 7 	 0.0 			 0.0 			 0.0			 0.0 
g3	 8 	 0.0 			 0.0 			 0.0			 0.0 
g3	 9 	 0.0 			 0.0 			 0.0			 0.0 
g3	 10 	 0.0 			 0.0 			 0.0			 0.0 
g3	 11 	 0.0 			 0.0 			 0.0			 0.0 
g3	 12 	 0.0 			 0.0 			 0.0			 0.0 
g3	 13 	 0.0 			 0.0 			 0.0			 0.0 
g3	 14 	 0.0 			 0.0 			 0.0			 0.0 
g3	 15 	 0.0 			 0.0 			 0.0			 0.0 
g3	 16 	 0.0 			 0.0 			 0.0			 0.0 
g3	 17 	 0.0 			 0.0 			 0.0			 0.0 
g3	 18 	 0.0 			 0.0 			 0.0			 0.0 
g3	 19 	 0.0 			 0.0 			 0.0			 0.0 
g3	 20 	 0.0 			 0.0 			 0.0			 0.0 
g3	 21 	 0.0 			 0.0 			 0.0			 0.0 
g3	 22 	 0.0 			 0.0 			 0.0			 0.0 
g3	 23 	 0.0 			 0.0 			 0.0			 0.0 
g3	 24 	 0.0 			 0.0 			 0.0			 0.0 
g3	 25 	 0.0 			 0.0 			 0.0			 0.0 
g3	 26 	 0.0 			 0.0 			 0.0			 0.0 
g3	 27 	 0.0 			 0.0 			 0.0			 0.0 
g3	 28 	 0.0 			 0.0 			 0.0			 0.0 
g3	 29 	 0.0 			 0.0 			 0.0			 0.0 
g3	 30 	 0.0 			 0.0 			 0.0			 0.0 
g3	 31 	 0.0 			 0.0 			 0.0			 0.0 
g3	 32 	 0.0 			 0.0 			 0.0			 0.0 
g3	 33 	 0.0 			 0.0 			 0.0			 0.0 
g3	 34 	 0.0 			 0.0 			 0.0			 0.0 
g3	 35 	 0.0 			 0.0 			 0.0			 0.0 
g3	 36 	 0.0 			 0.0 			 0.0			 0.0 
g3	 37 	 0.0 			 0.0 			 0.0			 0.0 
g3	 38 	 0.0 			 0.0 			 0.0			 0.0 
g3	 39 	 0.0 			 0.0 			 0.0			 0.0 
g3	 40 	 0.0 			 0.0 			 0.0			 0.0 
g3	 41 	 0.0 			 0.0 			 0.0			 0.0 
g3	 42 	 0.0 			 0.0 			 0.0			 0.0 
g3	 43 	 0.0 			 0.0 			 0.0			 0.0 
g3	 44 	 0.0 			 0.0 			 0.0			 0.0 
g3	 45 	 0.0 			 0.0 			 0.0			 0.0 
g3	 46 	 0.0 			 0.0 			 0.0			 0.0 
g3	 47 	 0.0 			 0.0 			 0.0			 0.0 
g3	 48 	 0.0 			 0.0 			 0.0			 0.0 
g3	 49 	 0.0 			 0.0 			 0.0			 0.0 
g3	 50 	 0.0 			 0.0 			 0.0			 0.0 
g3	 51 	 0.0 			 0.0 			 0.0			 0.0 
g3	 52 	 0.0 			 0.0 			 0.0			 0.0 
g3	 53 	 0.0 			 0.0 			 0.0			 0.0 
g3	 54 	 0.0 			 0.0 			 0.0			 0.0 
g3	 55 	 0.0 			 0.0 			 0.0			 0.0 
g3	 56 	 0.0 			 0.0 			 0.0			 0.0 
g3	 57 	 0.0 			 0.0 			 0.0			 0.0 
g3	 58 	 0.0 			 0.0 			 0.0			 0.0 
g3	 59 	 0.0 			 0.0 			 0.0			 0.0 
g3	 60 	 0.0 			 0.0 			 0.0			 0.0 
g3	 61 	 0.0 			 0.0 			 0.0			 0.0 
g3	 62 	 0.0 			 0.0 			 0.0			 0.0 
g3	 63 	 0.0 			 0.0 			 0.0			 0.0 
g3	 64 	 0.0 			 0.0 			 0.0			 0.0 
g3	 65 	 0.0 			 0.0 			 0.0			 0.0 
g3	 66 	 0.0 			 0.0 			 0.0			 0.0 
g3	 67 	 0.0 			 0.0 			 0.0			 0.0 
g3	 68 	 0.0 			 0.0 			 0.0			 0.0 
g3	 69 	 0.0 			 0.0 			 0.0			 0.0 
g3	 70 	 0.0 			 0.0 			 0.0			 0.0 
g3	 71 	 0.0 			 0.0 			 0.0			 0.0 
g3	 72 	 0.0 			 0.0 			 0.0			 0.0 
g3	 73 	 0.0 			 0.0 			 0.0			 0.0 
g3	 74 	 0.0 			 0.0 			 0.0			 0.0 
g3	 75 	 0.0 			 0.0 			 0.0			 0.0 
g3	 76 	 0.0 			 0.0 			 0.0			 0.0 
g3	 77 	 0.0 			 0.0 			 0.0			 0.0 
g3	 78 	 0.0 			 0.0 			 0.0			 0.0 
g3	 79 	 0.0 			 0.0 			 0.0			 0.0 
g3	 80 	 0.0 			 0.0 			 0.0			 0.0 
g3	 81 	 0.0 			 0.0 			 0.0			 0.0 
g3	 82 	 0.0 			 0.0 			 0.0			 0.0 
g3	 83 	 0.0 			 0.0 			 0.0			 0.0 
g3	 84 	 0.0 			 0.0 			 0.0			 0.0 
g3	 85 	 0.0 			 0.0 			 0.0			 0.0 
g3	 86 	 0.0 			 0.0 			 0.0			 0.0 
g3	 87 	 0.0 			 0.0 			 0.0			 0.0 
g3	 88 	 0.0 			 0.0 			 0.0			 0.0 
g3	 89 	 0.0 			 0.0 			 0.0			 0.0 
g3	 90 	 0.0 			 0.0 			 0.0			 0.0 
g3	 91 	 0.0 			 0.0 			 0.0			 0.0 
g3	 92 	 0.0 			 0.0 			 0.0			 0.0 
g3	 93 	 0.0 			 0.0 			 0.0			 0.0 
g3	 94 	 0.0 			 0.0 			 0.0			 0.0 
g3	 95 	 0.0 			 0.0 			 0.0			 0.0 
g3	 96 	 0.0 			 0.0 			 0.0			 0.0 
----------------------------------------------------------------------------------------------------
g4	 1 	 0.0 			 0.0 			 0.0			 0.0 
g4	 2 	 0.0 			 0.0 			 0.0			 0.0 
g4	 3 	 0.0 			 0.0 			 0.0			 0.0 
g4	 4 	 0.0 			 0.0 			 0.0			 0.0 
g4	 5 	 0.0 			 0.0 			 0.0			 0.0 
g4	 6 	 0.0 			 0.0 			 0.0			 0.0 
g4	 7 	 0.0 			 0.0 			 0.0			 0.0 
g4	 8 	 0.0 			 0.0 			 0.0			 0.0 
g4	 9 	 0.0 			 0.0 			 0.0			 0.0 
g4	 10 	 0.0 			 0.0 			 0.0			 0.0 
g4	 11 	 0.0 			 0.0 			 0.0			 0.0 
g4	 12 	 0.0 			 0.0 			 0.0			 0.0 
g4	 13 	 0.0 			 0.0 			 0.0			 0.0 
g4	 14 	 0.0 			 0.0 			 0.0			 0.0 
g4	 15 	 0.0 			 0.0 			 0.0			 0.0 
g4	 16 	 0.0 			 0.0 			 0.0			 0.0 
g4	 17 	 0.0 			 0.0 			 0.0			 0.0 
g4	 18 	 0.0 			 0.0 			 0.0			 0.0 
g4	 19 	 0.0 			 0.0 			 0.0			 0.0 
g4	 20 	 0.0 			 0.0 			 0.0			 0.0 
g4	 21 	 0.0 			 0.0 			 0.0			 0.0 
g4	 22 	 0.0 			 0.0 			 0.0			 0.0 
g4	 23 	 0.0 			 0.0 			 0.0			 0.0 
g4	 24 	 0.0 			 0.0 			 0.0			 0.0 
g4	 25 	 0.0 			 0.0 			 0.0			 0.0 
g4	 26 	 0.0 			 0.0 			 0.0			 0.0 
g4	 27 	 0.0 			 0.0 			 0.0			 0.0 
g4	 28 	 0.0 			 0.0 			 0.0			 0.0 
g4	 29 	 0.0 			 0.0 			 0.0			 0.0 
g4	 30 	 0.0 			 0.0 			 0.0			 0.0 
g4	 31 	 0.0 			 0.0 			 0.0			 0.0 
g4	 32 	 0.0 			 0.0 			 0.0			 0.0 
g4	 33 	 0.0 			 0.0 			 0.0			 0.0 
g4	 34 	 0.0 			 0.0 			 0.0			 0.0 
g4	 35 	 0.0 			 0.0 			 0.0			 0.0 
g4	 36 	 0.0 			 0.0 			 0.0			 0.0 
g4	 37 	 0.0 			 0.0 			 0.0			 0.0 
g4	 38 	 0.0 			 0.0 			 0.0			 0.0 
g4	 39 	 0.0 			 0.0 			 0.0			 0.0 
g4	 40 	 0.0 			 0.0 			 0.0			 0.0 
g4	 41 	 0.0 			 0.0 			 0.0			 0.0 
g4	 42 	 0.0 			 0.0 			 0.0			 0.0 
g4	 43 	 0.0 			 0.0 			 0.0			 0.0 
g4	 44 	 0.0 			 0.0 			 0.0			 0.0 
g4	 45 	 0.0 			 0.0 			 0.0			 0.0 
g4	 46 	 0.0 			 0.0 			 0.0			 0.0 
g4	 47 	 0.0 			 0.0 			 0.0			 0.0 
g4	 48 	 0.0 			 0.0 			 0.0			 0.0 
g4	 49 	 0.0 			 0.0 			 0.0			 0.0 
g4	 50 	 0.0 			 0.0 			 0.0			 0.0 
g4	 51 	 0.0 			 0.0 			 0.0			 0.0 
g4	 52 	 0.0 			 0.0 			 0.0			 0.0 
g4	 53 	 0.0 			 0.0 			 0.0			 0.0 
g4	 54 	 0.0 			 0.0 			 0.0			 0.0 
g4	 55 	 0.0 			 0.0 			 0.0			 0.0 
g4	 56 	 0.0 			 0.0 			 0.0			 0.0 
g4	 57 	 0.0 			 0.0 			 0.0			 0.0 
g4	 58 	 0.0 			 0.0 			 0.0			 0.0 
g4	 59 	 0.0 			 0.0 			 0.0			 0.0 
g4	 60 	 0.0 			 0.0 			 0.0			 0.0 
g4	 61 	 0.0 			 0.0 			 0.0			 0.0 
g4	 62 	 0.0 			 0.0 			 0.0			 0.0 
g4	 63 	 0.0 			 0.0 			 0.0			 0.0 
g4	 64 	 0.0 			 0.0 			 0.0			 0.0 
g4	 65 	 0.0 			 0.0 			 0.0			 0.0 
g4	 66 	 0.0 			 0.0 			 0.0			 0.0 
g4	 67 	 0.0 			 0.0 			 0.0			 0.0 
g4	 68 	 0.0 			 0.0 			 0.0			 0.0 
g4	 69 	 0.0 			 0.0 			 0.0			 0.0 
g4	 70 	 0.0 			 0.0 			 0.0			 0.0 
g4	 71 	 0.0 			 0.0 			 0.0			 0.0 
g4	 72 	 0.0 			 0.0 			 0.0			 0.0 
g4	 73 	 0.0 			 0.0 			 0.0			 0.0 
g4	 74 	 0.0 			 0.0 			 0.0			 0.0 
g4	 75 	 0.0 			 0.0 			 0.0			 0.0 
g4	 76 	 0.0 			 0.0 			 0.0			 0.0 
g4	 77 	 0.0 			 0.0 			 0.0			 0.0 
g4	 78 	 0.0 			 0.0 			 0.0			 0.0 
g4	 79 	 0.0 			 0.0 			 0.0			 0.0 
g4	 80 	 0.0 			 0.0 			 0.0			 0.0 
g4	 81 	 0.0 			 0.0 			 0.0			 0.0 
g4	 82 	 0.0 			 0.0 			 0.0			 0.0 
g4	 83 	 0.0 			 0.0 			 0.0			 0.0 
g4	 84 	 0.0 			 0.0 			 0.0			 0.0 
g4	 85 	 0.0 			 0.0 			 0.0			 0.0 
g4	 86 	 0.0 			 0.0 			 0.0			 0.0 
g4	 87 	 0.0 			 0.0 			 0.0			 0.0 
g4	 88 	 0.0 			 0.0 			 0.0			 0.0 
g4	 89 	 0.0 			 0.0 			 0.0			 0.0 
g4	 90 	 0.0 			 0.0 			 0.0			 0.0 
g4	 91 	 0.0 			 0.0 			 0.0			 0.0 
g4	 92 	 0.0 			 0.0 			 0.0			 0.0 
g4	 93 	 0.0 			 0.0 			 0.0			 0.0 
g4	 94 	 0.0 			 0.0 			 0.0			 0.0 
g4	 95 	 0.0 			 0.0 			 0.0			 0.0 
g4	 96 	 0.0 			 0.0 			 0.0			 0.0 
----------------------------------------------------------------------------------------------------
g5	 1 	 0.0 			 0.0 			 0.0			 0.0 
g5	 2 	 0.0 			 0.0 			 0.0			 0.0 
g5	 3 	 0.0 			 0.0 			 0.0			 0.0 
g5	 4 	 0.0 			 0.0 			 0.0			 0.0 
g5	 5 	 0.0 			 0.0 			 0.0			 0.0 
g5	 6 	 0.0 			 0.0 			 0.0			 0.0 
g5	 7 	 0.0 			 0.0 			 0.0			 0.0 
g5	 8 	 0.0 			 0.0 			 0.0			 0.0 
g5	 9 	 0.0 			 0.0 			 0.0			 0.0 
g5	 10 	 0.0 			 0.0 			 0.0			 0.0 
g5	 11 	 0.0 			 0.0 			 0.0			 0.0 
g5	 12 	 0.0 			 0.0 			 0.0			 0.0 
g5	 13 	 0.0 			 0.0 			 0.0			 0.0 
g5	 14 	 0.0 			 0.0 			 0.0			 0.0 
g5	 15 	 0.0 			 0.0 			 0.0			 0.0 
g5	 16 	 0.0 			 0.0 			 0.0			 0.0 
g5	 17 	 0.0 			 0.0 			 0.0			 0.0 
g5	 18 	 0.0 			 0.0 			 0.0			 0.0 
g5	 19 	 0.0 			 0.0 			 0.0			 0.0 
g5	 20 	 0.0 			 0.0 			 0.0			 0.0 
g5	 21 	 0.0 			 0.0 			 0.0			 0.0 
g5	 22 	 0.0 			 0.0 			 0.0			 0.0 
g5	 23 	 0.0 			 0.0 			 0.0			 0.0 
g5	 24 	 0.0 			 0.0 			 0.0			 0.0 
g5	 25 	 0.0 			 0.0 			 0.0			 0.0 
g5	 26 	 0.0 			 0.0 			 0.0			 0.0 
g5	 27 	 0.0 			 0.0 			 0.0			 0.0 
g5	 28 	 0.0 			 0.0 			 0.0			 0.0 
g5	 29 	 0.0 			 0.0 			 0.0			 0.0 
g5	 30 	 0.0 			 0.0 			 0.0			 0.0 
g5	 31 	 0.0 			 0.0 			 0.0			 0.0 
g5	 32 	 0.0 			 0.0 			 0.0			 0.0 
g5	 33 	 0.0 			 0.0 			 0.0			 0.0 
g5	 34 	 0.0 			 0.0 			 0.0			 0.0 
g5	 35 	 0.0 			 0.0 			 0.0			 0.0 
g5	 36 	 0.0 			 0.0 			 0.0			 0.0 
g5	 37 	 0.0 			 0.0 			 0.0			 0.0 
g5	 38 	 0.0 			 0.0 			 0.0			 0.0 
g5	 39 	 0.0 			 0.0 			 0.0			 0.0 
g5	 40 	 0.0 			 0.0 			 0.0			 0.0 
g5	 41 	 0.0 			 0.0 			 0.0			 0.0 
g5	 42 	 0.0 			 0.0 			 0.0			 0.0 
g5	 43 	 0.0 			 0.0 			 0.0			 0.0 
g5	 44 	 0.0 			 0.0 			 0.0			 0.0 
g5	 45 	 0.0 			 0.0 			 0.0			 0.0 
g5	 46 	 0.0 			 0.0 			 0.0			 0.0 
g5	 47 	 0.0 			 0.0 			 0.0			 0.0 
g5	 48 	 0.0 			 0.0 			 0.0			 0.0 
g5	 49 	 0.0 			 0.0 			 0.0			 0.0 
g5	 50 	 0.0 			 0.0 			 0.0			 0.0 
g5	 51 	 0.0 			 0.0 			 0.0			 0.0 
g5	 52 	 0.0 			 0.0 			 0.0			 0.0 
g5	 53 	 0.0 			 0.0 			 0.0			 0.0 
g5	 54 	 0.0 			 0.0 			 0.0			 0.0 
g5	 55 	 0.0 			 0.0 			 0.0			 0.0 
g5	 56 	 0.0 			 0.0 			 0.0			 0.0 
g5	 57 	 0.0 			 0.0 			 0.0			 0.0 
g5	 58 	 0.0 			 0.0 			 0.0			 0.0 
g5	 59 	 0.0 			 0.0 			 0.0			 0.0 
g5	 60 	 0.0 			 0.0 			 0.0			 0.0 
g5	 61 	 0.0 			 0.0 			 0.0			 0.0 
g5	 62 	 0.0 			 0.0 			 0.0			 0.0 
g5	 63 	 0.0 			 0.0 			 0.0			 0.0 
g5	 64 	 0.0 			 0.0 			 0.0			 0.0 
g5	 65 	 0.0 			 0.0 			 0.0			 0.0 
g5	 66 	 0.0 			 0.0 			 0.0			 0.0 
g5	 67 	 0.0 			 0.0 			 0.0			 0.0 
g5	 68 	 0.0 			 0.0 			 0.0			 0.0 
g5	 69 	 0.0 			 0.0 			 0.0			 0.0 
g5	 70 	 0.0 			 0.0 			 0.0			 0.0 
g5	 71 	 0.0 			 0.0 			 0.0			 0.0 
g5	 72 	 0.0 			 0.0 			 0.0			 0.0 
g5	 73 	 0.0 			 0.0 			 0.0			 0.0 
g5	 74 	 0.0 			 0.0 			 0.0			 0.0 
g5	 75 	 0.0 			 0.0 			 0.0			 0.0 
g5	 76 	 0.0 			 0.0 			 0.0			 0.0 
g5	 77 	 0.0 			 0.0 			 0.0			 0.0 
g5	 78 	 0.0 			 0.0 			 0.0			 0.0 
g5	 79 	 0.0 			 0.0 			 0.0			 0.0 
g5	 80 	 0.0 			 0.0 			 0.0			 0.0 
g5	 81 	 0.0 			 0.0 			 0.0			 0.0 
g5	 82 	 0.0 			 0.0 			 0.0			 0.0 
g5	 83 	 0.0 			 0.0 			 0.0			 0.0 
g5	 84 	 0.0 			 0.0 			 0.0			 0.0 
g5	 85 	 0.0 			 0.0 			 0.0			 0.0 
g5	 86 	 0.0 			 0.0 			 0.0			 0.0 
g5	 87 	 0.0 			 0.0 			 0.0			 0.0 
g5	 88 	 0.0 			 0.0 			 0.0			 0.0 
g5	 89 	 0.0 			 0.0 			 0.0			 0.0 
g5	 90 	 0.0 			 0.0 			 0.0			 0.0 
g5	 91 	 0.0 			 0.0 			 0.0			 0.0 
g5	 92 	 0.0 			 0.0 			 0.0			 0.0 
g5	 93 	 0.0 			 0.0 			 0.0			 0.0 
g5	 94 	 0.0 			 0.0 			 0.0			 0.0 
g5	 95 	 0.0 			 0.0 			 0.0			 0.0 
g5	 96 	 0.0 			 0.0 			 0.0			 0.0 
----------------------------------------------------------------------------------------------------------------
unit 	 generation payment 	 up-FRP payment 	 dw-FRP payment 	pre-up total payment
----------------------------------------------------------------------------------------------------------------
 g1 	 -2407967.305412			 0.000000			 0.000000			 -2407967.305412
 g2 	 1077138.627438			 0.000000			 0.000000			 1077138.627438
 g3 	 0.000000			 0.000000			 0.000000			 0.000000
 g4 	 0.000000			 0.000000			 0.000000			 0.000000
 g5 	 0.000000			 0.000000			 0.000000			 0.000000
----------------------------------------------------------------------------------------------------
generation payment 	 up-FRP payment 	 dw-FRP payment 	 pre-up total payment
----------------------------------------------------------------------------------------------------
-1.330828677974e6 			 0.0 			 0.0 			 -1.330828677974e6
 
****************************************************************************************************
 
Generation costs
----------------------------------------------------------------------------------------------------
unit	 time 	 generation cost 	 start-up cost  	total cost
----------------------------------------------------------------------------------------------------
g1	 1 	 1854.233186 			 0.0 			1854.233186
g1	 2 	 2394.240682 			 0.0 			2394.240682
g1	 3 	 2433.915303 			 0.0 			2433.915303
g1	 4 	 2189.723809 			 0.0 			2189.723809
g1	 5 	 2037.919887 			 0.0 			2037.919887
g1	 6 	 2217.661969 			 0.0 			2217.661969
g1	 7 	 2743.552819 			 0.0 			2743.552819
g1	 8 	 2302.205667 			 0.0 			2302.205667
g1	 9 	 1763.935596 			 0.0 			1763.935596
g1	 10 	 2229.426124 			 0.0 			2229.426124
g1	 11 	 2476.876144 			 0.0 			2476.876144
g1	 12 	 2442.142944 			 0.0 			2442.142944
g1	 13 	 2296.841522 			 0.0 			2296.841522
g1	 14 	 1758.57145 			 0.0 			1758.57145
g1	 15 	 2149.753886 			 0.0 			2149.753886
g1	 16 	 1613.257745 			 0.0 			1613.257745
g1	 17 	 1991.987102 			 0.0 			1991.987102
g1	 18 	 2482.018113 			 0.0 			2482.018113
g1	 19 	 1990.796706 			 0.0 			1990.796706
g1	 20 	 2388.264797 			 0.0 			2388.264797
g1	 21 	 2936.172879 			 0.0 			2936.172879
g1	 22 	 2499.573831 			 0.0 			2499.573831
g1	 23 	 2078.405476 			 0.0 			2078.405476
g1	 24 	 2298.123652 			 0.0 			2298.123652
g1	 25 	 2565.199271 			 0.0 			2565.199271
g1	 26 	 2100.770572 			 0.0 			2100.770572
g1	 27 	 2621.335569 			 0.0 			2621.335569
g1	 28 	 2076.466216 			 0.0 			2076.466216
g1	 29 	 2621.335569 			 0.0 			2621.335569
g1	 30 	 2391.762152 			 0.0 			2391.762152
g1	 31 	 1851.807718 			 0.0 			1851.807718
g1	 32 	 2341.058624 			 0.0 			2341.058624
g1	 33 	 1969.011738 			 0.0 			1969.011738
g1	 34 	 2511.530278 			 0.0 			2511.530278
g1	 35 	 3058.233409 			 0.0 			3058.233409
g1	 36 	 3058.233409 			 0.0 			3058.233409
g1	 37 	 2567.892897 			 0.0 			2567.892897
g1	 38 	 3012.738594 			 0.0 			3012.738594
g1	 39 	 3058.233409 			 0.0 			3058.233409
g1	 40 	 2624.028799 			 0.0 			2624.028799
g1	 41 	 2804.940614 			 0.0 			2804.940614
g1	 42 	 2751.499105 			 0.0 			2751.499105
g1	 43 	 2508.187447 			 0.0 			2508.187447
g1	 44 	 3058.233409 			 0.0 			3058.233409
g1	 45 	 3058.233409 			 0.0 			3058.233409
g1	 46 	 2848.777464 			 0.0 			2848.777464
g1	 47 	 2508.187447 			 0.0 			2508.187447
g1	 48 	 3058.233409 			 0.0 			3058.233409
g1	 49 	 2615.34911 			 0.0 			2615.34911
g1	 50 	 3058.233409 			 0.0 			3058.233409
g1	 51 	 2595.133556 			 0.0 			2595.133556
g1	 52 	 3058.233409 			 0.0 			3058.233409
g1	 53 	 2847.414898 			 0.0 			2847.414898
g1	 54 	 3058.233409 			 0.0 			3058.233409
g1	 55 	 2782.049445 			 0.0 			2782.049445
g1	 56 	 3058.233409 			 0.0 			3058.233409
g1	 57 	 2508.187447 			 0.0 			2508.187447
g1	 58 	 3058.233409 			 0.0 			3058.233409
g1	 59 	 3058.233409 			 0.0 			3058.233409
g1	 60 	 3058.233409 			 0.0 			3058.233409
g1	 61 	 2552.113807 			 0.0 			2552.113807
g1	 62 	 2008.726417 			 0.0 			2008.726417
g1	 63 	 2552.113807 			 0.0 			2552.113807
g1	 64 	 3058.233409 			 0.0 			3058.233409
g1	 65 	 2959.343468 			 0.0 			2959.343468
g1	 66 	 3058.233409 			 0.0 			3058.233409
g1	 67 	 2719.485509 			 0.0 			2719.485509
g1	 68 	 2781.044424 			 0.0 			2781.044424
g1	 69 	 3058.233409 			 0.0 			3058.233409
g1	 70 	 3058.233409 			 0.0 			3058.233409
g1	 71 	 2527.579124 			 0.0 			2527.579124
g1	 72 	 3058.233409 			 0.0 			3058.233409
g1	 73 	 2508.187447 			 0.0 			2508.187447
g1	 74 	 3058.233409 			 0.0 			3058.233409
g1	 75 	 3058.233409 			 0.0 			3058.233409
g1	 76 	 2799.406746 			 0.0 			2799.406746
g1	 77 	 3058.233409 			 0.0 			3058.233409
g1	 78 	 2508.187447 			 0.0 			2508.187447
g1	 79 	 2339.221507 			 0.0 			2339.221507
g1	 80 	 2889.267469 			 0.0 			2889.267469
g1	 81 	 2655.209774 			 0.0 			2655.209774
g1	 82 	 2109.615211 			 0.0 			2109.615211
g1	 83 	 2655.209774 			 0.0 			2655.209774
g1	 84 	 2557.525618 			 0.0 			2557.525618
g1	 85 	 2014.022368 			 0.0 			2014.022368
g1	 86 	 2557.525618 			 0.0 			2557.525618
g1	 87 	 3058.233409 			 0.0 			3058.233409
g1	 88 	 2962.514102 			 0.0 			2962.514102
g1	 89 	 2698.082353 			 0.0 			2698.082353
g1	 90 	 3058.233409 			 0.0 			3058.233409
g1	 91 	 2508.187447 			 0.0 			2508.187447
g1	 92 	 2186.336861 			 0.0 			2186.336861
g1	 93 	 2221.682622 			 0.0 			2221.682622
g1	 94 	 2223.233624 			 0.0 			2223.233624
g1	 95 	 2480.900821 			 0.0 			2480.900821
g1	 96 	 1939.038024 			 0.0 			1939.038024
----------------------------------------------------------------------------------------------------
g2	 1 	 0.0 			 0.0 			0.0
g2	 2 	 0.0 			 0.0 			0.0
g2	 3 	 0.0 			 0.0 			0.0
g2	 4 	 0.0 			 0.0 			0.0
g2	 5 	 0.0 			 0.0 			0.0
g2	 6 	 0.0 			 0.0 			0.0
g2	 7 	 0.0 			 0.0 			0.0
g2	 8 	 0.0 			 0.0 			0.0
g2	 9 	 0.0 			 0.0 			0.0
g2	 10 	 0.0 			 0.0 			0.0
g2	 11 	 0.0 			 0.0 			0.0
g2	 12 	 0.0 			 0.0 			0.0
g2	 13 	 0.0 			 0.0 			0.0
g2	 14 	 0.0 			 0.0 			0.0
g2	 15 	 0.0 			 0.0 			0.0
g2	 16 	 0.0 			 0.0 			0.0
g2	 17 	 0.0 			 0.0 			0.0
g2	 18 	 0.0 			 0.0 			0.0
g2	 19 	 0.0 			 0.0 			0.0
g2	 20 	 0.0 			 0.0 			0.0
g2	 21 	 0.0 			 0.0 			0.0
g2	 22 	 0.0 			 0.0 			0.0
g2	 23 	 0.0 			 0.0 			0.0
g2	 24 	 0.0 			 0.0 			0.0
g2	 25 	 0.0 			 0.0 			0.0
g2	 26 	 0.0 			 0.0 			0.0
g2	 27 	 0.0 			 0.0 			0.0
g2	 28 	 0.0 			 0.0 			0.0
g2	 29 	 0.0 			 0.0 			0.0
g2	 30 	 0.0 			 0.0 			0.0
g2	 31 	 0.0 			 0.0 			0.0
g2	 32 	 0.0 			 0.0 			0.0
g2	 33 	 0.0 			 0.0 			0.0
g2	 34 	 0.0 			 0.0 			0.0
g2	 35 	 0.0 			 0.0 			0.0
g2	 36 	 0.0 			 0.0 			0.0
g2	 37 	 534.771644 			 10598.13 			11132.901644
g2	 38 	 534.771644 			 0.0 			534.771644
g2	 39 	 726.42502 			 0.0 			726.42502
g2	 40 	 534.771644 			 0.0 			534.771644
g2	 41 	 534.771644 			 0.0 			534.771644
g2	 42 	 534.771644 			 0.0 			534.771644
g2	 43 	 372.152616 			 0.0 			372.152616
g2	 44 	 587.132245 			 0.0 			587.132245
g2	 45 	 811.729722 			 0.0 			811.729722
g2	 46 	 584.228188 			 0.0 			584.228188
g2	 47 	 624.906167 			 0.0 			624.906167
g2	 48 	 852.407702 			 0.0 			852.407702
g2	 49 	 717.362846 			 0.0 			717.362846
g2	 50 	 956.531304 			 0.0 			956.531304
g2	 51 	 1179.731851 			 0.0 			1179.731851
g2	 52 	 1471.300498 			 0.0 			1471.300498
g2	 53 	 1179.731851 			 0.0 			1179.731851
g2	 54 	 959.677324 			 0.0 			959.677324
g2	 55 	 1054.989593 			 0.0 			1054.989593
g2	 56 	 1326.99238 			 0.0 			1326.99238
g2	 57 	 1198.756062 			 0.0 			1198.756062
g2	 58 	 1493.308662 			 0.0 			1493.308662
g2	 59 	 1224.549991 			 0.0 			1224.549991
g2	 60 	 1144.056126 			 0.0 			1144.056126
g2	 61 	 1334.000163 			 0.0 			1334.000163
g2	 62 	 1061.047233 			 0.0 			1061.047233
g2	 63 	 1334.000163 			 0.0 			1334.000163
g2	 64 	 1630.982228 			 0.0 			1630.982228
g2	 65 	 1334.000163 			 0.0 			1334.000163
g2	 66 	 1630.982228 			 0.0 			1630.982228
g2	 67 	 1334.000163 			 0.0 			1334.000163
g2	 68 	 1061.047233 			 0.0 			1061.047233
g2	 69 	 1298.023162 			 0.0 			1298.023162
g2	 70 	 1107.863345 			 0.0 			1107.863345
g2	 71 	 1087.430187 			 0.0 			1087.430187
g2	 72 	 1364.521291 			 0.0 			1364.521291
g2	 73 	 1087.430187 			 0.0 			1087.430187
g2	 74 	 1364.521291 			 0.0 			1364.521291
g2	 75 	 1616.033798 			 0.0 			1616.033798
g2	 76 	 1319.051733 			 0.0 			1319.051733
g2	 77 	 1483.321886 			 0.0 			1483.321886
g2	 78 	 1190.123332 			 0.0 			1190.123332
g2	 79 	 933.407259 			 0.0 			933.407259
g2	 80 	 774.688395 			 0.0 			774.688395
g2	 81 	 801.845602 			 0.0 			801.845602
g2	 82 	 574.344067 			 0.0 			574.344067
g2	 83 	 801.845602 			 0.0 			801.845602
g2	 84 	 1051.862887 			 0.0 			1051.862887
g2	 85 	 801.845602 			 0.0 			801.845602
g2	 86 	 1051.862887 			 0.0 			1051.862887
g2	 87 	 1323.375249 			 0.0 			1323.375249
g2	 88 	 1051.862887 			 0.0 			1051.862887
g2	 89 	 801.845602 			 0.0 			801.845602
g2	 90 	 682.925604 			 0.0 			682.925604
g2	 91 	 461.097118 			 0.0 			461.097118
g2	 92 	 249.861071 			 0.0 			249.861071
g2	 93 	 0.0 			 0.0 			0.0
g2	 94 	 0.0 			 0.0 			0.0
g2	 95 	 0.0 			 0.0 			0.0
g2	 96 	 0.0 			 0.0 			0.0
----------------------------------------------------------------------------------------------------
g3	 1 	 0.0 			 0.0 			0.0
g3	 2 	 0.0 			 0.0 			0.0
g3	 3 	 0.0 			 0.0 			0.0
g3	 4 	 0.0 			 0.0 			0.0
g3	 5 	 0.0 			 0.0 			0.0
g3	 6 	 0.0 			 0.0 			0.0
g3	 7 	 0.0 			 0.0 			0.0
g3	 8 	 0.0 			 0.0 			0.0
g3	 9 	 0.0 			 0.0 			0.0
g3	 10 	 0.0 			 0.0 			0.0
g3	 11 	 0.0 			 0.0 			0.0
g3	 12 	 0.0 			 0.0 			0.0
g3	 13 	 0.0 			 0.0 			0.0
g3	 14 	 0.0 			 0.0 			0.0
g3	 15 	 0.0 			 0.0 			0.0
g3	 16 	 0.0 			 0.0 			0.0
g3	 17 	 0.0 			 0.0 			0.0
g3	 18 	 0.0 			 0.0 			0.0
g3	 19 	 0.0 			 0.0 			0.0
g3	 20 	 0.0 			 0.0 			0.0
g3	 21 	 0.0 			 0.0 			0.0
g3	 22 	 0.0 			 0.0 			0.0
g3	 23 	 0.0 			 0.0 			0.0
g3	 24 	 0.0 			 0.0 			0.0
g3	 25 	 0.0 			 0.0 			0.0
g3	 26 	 0.0 			 0.0 			0.0
g3	 27 	 0.0 			 0.0 			0.0
g3	 28 	 0.0 			 0.0 			0.0
g3	 29 	 0.0 			 0.0 			0.0
g3	 30 	 0.0 			 0.0 			0.0
g3	 31 	 0.0 			 0.0 			0.0
g3	 32 	 0.0 			 0.0 			0.0
g3	 33 	 0.0 			 0.0 			0.0
g3	 34 	 0.0 			 0.0 			0.0
g3	 35 	 0.0 			 0.0 			0.0
g3	 36 	 0.0 			 0.0 			0.0
g3	 37 	 0.0 			 0.0 			0.0
g3	 38 	 0.0 			 0.0 			0.0
g3	 39 	 0.0 			 0.0 			0.0
g3	 40 	 0.0 			 0.0 			0.0
g3	 41 	 0.0 			 0.0 			0.0
g3	 42 	 0.0 			 0.0 			0.0
g3	 43 	 0.0 			 0.0 			0.0
g3	 44 	 0.0 			 0.0 			0.0
g3	 45 	 0.0 			 0.0 			0.0
g3	 46 	 0.0 			 0.0 			0.0
g3	 47 	 0.0 			 0.0 			0.0
g3	 48 	 0.0 			 0.0 			0.0
g3	 49 	 0.0 			 0.0 			0.0
g3	 50 	 0.0 			 0.0 			0.0
g3	 51 	 0.0 			 0.0 			0.0
g3	 52 	 0.0 			 0.0 			0.0
g3	 53 	 0.0 			 0.0 			0.0
g3	 54 	 0.0 			 0.0 			0.0
g3	 55 	 0.0 			 0.0 			0.0
g3	 56 	 0.0 			 0.0 			0.0
g3	 57 	 0.0 			 0.0 			0.0
g3	 58 	 0.0 			 0.0 			0.0
g3	 59 	 0.0 			 0.0 			0.0
g3	 60 	 0.0 			 0.0 			0.0
g3	 61 	 0.0 			 0.0 			0.0
g3	 62 	 0.0 			 0.0 			0.0
g3	 63 	 0.0 			 0.0 			0.0
g3	 64 	 0.0 			 0.0 			0.0
g3	 65 	 0.0 			 0.0 			0.0
g3	 66 	 0.0 			 0.0 			0.0
g3	 67 	 0.0 			 0.0 			0.0
g3	 68 	 0.0 			 0.0 			0.0
g3	 69 	 0.0 			 0.0 			0.0
g3	 70 	 0.0 			 0.0 			0.0
g3	 71 	 0.0 			 0.0 			0.0
g3	 72 	 0.0 			 0.0 			0.0
g3	 73 	 0.0 			 0.0 			0.0
g3	 74 	 0.0 			 0.0 			0.0
g3	 75 	 0.0 			 0.0 			0.0
g3	 76 	 0.0 			 0.0 			0.0
g3	 77 	 0.0 			 0.0 			0.0
g3	 78 	 0.0 			 0.0 			0.0
g3	 79 	 0.0 			 0.0 			0.0
g3	 80 	 0.0 			 0.0 			0.0
g3	 81 	 0.0 			 0.0 			0.0
g3	 82 	 0.0 			 0.0 			0.0
g3	 83 	 0.0 			 0.0 			0.0
g3	 84 	 0.0 			 0.0 			0.0
g3	 85 	 0.0 			 0.0 			0.0
g3	 86 	 0.0 			 0.0 			0.0
g3	 87 	 0.0 			 0.0 			0.0
g3	 88 	 0.0 			 0.0 			0.0
g3	 89 	 0.0 			 0.0 			0.0
g3	 90 	 0.0 			 0.0 			0.0
g3	 91 	 0.0 			 0.0 			0.0
g3	 92 	 0.0 			 0.0 			0.0
g3	 93 	 0.0 			 0.0 			0.0
g3	 94 	 0.0 			 0.0 			0.0
g3	 95 	 0.0 			 0.0 			0.0
g3	 96 	 0.0 			 0.0 			0.0
----------------------------------------------------------------------------------------------------
g4	 1 	 0.0 			 0.0 			0.0
g4	 2 	 0.0 			 0.0 			0.0
g4	 3 	 0.0 			 0.0 			0.0
g4	 4 	 0.0 			 0.0 			0.0
g4	 5 	 0.0 			 0.0 			0.0
g4	 6 	 0.0 			 0.0 			0.0
g4	 7 	 0.0 			 0.0 			0.0
g4	 8 	 0.0 			 0.0 			0.0
g4	 9 	 0.0 			 0.0 			0.0
g4	 10 	 0.0 			 0.0 			0.0
g4	 11 	 0.0 			 0.0 			0.0
g4	 12 	 0.0 			 0.0 			0.0
g4	 13 	 0.0 			 0.0 			0.0
g4	 14 	 0.0 			 0.0 			0.0
g4	 15 	 0.0 			 0.0 			0.0
g4	 16 	 0.0 			 0.0 			0.0
g4	 17 	 0.0 			 0.0 			0.0
g4	 18 	 0.0 			 0.0 			0.0
g4	 19 	 0.0 			 0.0 			0.0
g4	 20 	 0.0 			 0.0 			0.0
g4	 21 	 0.0 			 0.0 			0.0
g4	 22 	 0.0 			 0.0 			0.0
g4	 23 	 0.0 			 0.0 			0.0
g4	 24 	 0.0 			 0.0 			0.0
g4	 25 	 0.0 			 0.0 			0.0
g4	 26 	 0.0 			 0.0 			0.0
g4	 27 	 0.0 			 0.0 			0.0
g4	 28 	 0.0 			 0.0 			0.0
g4	 29 	 0.0 			 0.0 			0.0
g4	 30 	 0.0 			 0.0 			0.0
g4	 31 	 0.0 			 0.0 			0.0
g4	 32 	 0.0 			 0.0 			0.0
g4	 33 	 0.0 			 0.0 			0.0
g4	 34 	 0.0 			 0.0 			0.0
g4	 35 	 0.0 			 0.0 			0.0
g4	 36 	 0.0 			 0.0 			0.0
g4	 37 	 0.0 			 0.0 			0.0
g4	 38 	 0.0 			 0.0 			0.0
g4	 39 	 0.0 			 0.0 			0.0
g4	 40 	 0.0 			 0.0 			0.0
g4	 41 	 0.0 			 0.0 			0.0
g4	 42 	 0.0 			 0.0 			0.0
g4	 43 	 0.0 			 0.0 			0.0
g4	 44 	 0.0 			 0.0 			0.0
g4	 45 	 0.0 			 0.0 			0.0
g4	 46 	 0.0 			 0.0 			0.0
g4	 47 	 0.0 			 0.0 			0.0
g4	 48 	 0.0 			 0.0 			0.0
g4	 49 	 0.0 			 0.0 			0.0
g4	 50 	 0.0 			 0.0 			0.0
g4	 51 	 0.0 			 0.0 			0.0
g4	 52 	 0.0 			 0.0 			0.0
g4	 53 	 0.0 			 0.0 			0.0
g4	 54 	 0.0 			 0.0 			0.0
g4	 55 	 0.0 			 0.0 			0.0
g4	 56 	 0.0 			 0.0 			0.0
g4	 57 	 0.0 			 0.0 			0.0
g4	 58 	 0.0 			 0.0 			0.0
g4	 59 	 0.0 			 0.0 			0.0
g4	 60 	 0.0 			 0.0 			0.0
g4	 61 	 0.0 			 0.0 			0.0
g4	 62 	 0.0 			 0.0 			0.0
g4	 63 	 0.0 			 0.0 			0.0
g4	 64 	 0.0 			 0.0 			0.0
g4	 65 	 0.0 			 0.0 			0.0
g4	 66 	 0.0 			 0.0 			0.0
g4	 67 	 0.0 			 0.0 			0.0
g4	 68 	 0.0 			 0.0 			0.0
g4	 69 	 0.0 			 0.0 			0.0
g4	 70 	 0.0 			 0.0 			0.0
g4	 71 	 0.0 			 0.0 			0.0
g4	 72 	 0.0 			 0.0 			0.0
g4	 73 	 0.0 			 0.0 			0.0
g4	 74 	 0.0 			 0.0 			0.0
g4	 75 	 0.0 			 0.0 			0.0
g4	 76 	 0.0 			 0.0 			0.0
g4	 77 	 0.0 			 0.0 			0.0
g4	 78 	 0.0 			 0.0 			0.0
g4	 79 	 0.0 			 0.0 			0.0
g4	 80 	 0.0 			 0.0 			0.0
g4	 81 	 0.0 			 0.0 			0.0
g4	 82 	 0.0 			 0.0 			0.0
g4	 83 	 0.0 			 0.0 			0.0
g4	 84 	 0.0 			 0.0 			0.0
g4	 85 	 0.0 			 0.0 			0.0
g4	 86 	 0.0 			 0.0 			0.0
g4	 87 	 0.0 			 0.0 			0.0
g4	 88 	 0.0 			 0.0 			0.0
g4	 89 	 0.0 			 0.0 			0.0
g4	 90 	 0.0 			 0.0 			0.0
g4	 91 	 0.0 			 0.0 			0.0
g4	 92 	 0.0 			 0.0 			0.0
g4	 93 	 0.0 			 0.0 			0.0
g4	 94 	 0.0 			 0.0 			0.0
g4	 95 	 0.0 			 0.0 			0.0
g4	 96 	 0.0 			 0.0 			0.0
----------------------------------------------------------------------------------------------------
g5	 1 	 0.0 			 0.0 			0.0
g5	 2 	 0.0 			 0.0 			0.0
g5	 3 	 0.0 			 0.0 			0.0
g5	 4 	 0.0 			 0.0 			0.0
g5	 5 	 0.0 			 0.0 			0.0
g5	 6 	 0.0 			 0.0 			0.0
g5	 7 	 0.0 			 0.0 			0.0
g5	 8 	 0.0 			 0.0 			0.0
g5	 9 	 0.0 			 0.0 			0.0
g5	 10 	 0.0 			 0.0 			0.0
g5	 11 	 0.0 			 0.0 			0.0
g5	 12 	 0.0 			 0.0 			0.0
g5	 13 	 0.0 			 0.0 			0.0
g5	 14 	 0.0 			 0.0 			0.0
g5	 15 	 0.0 			 0.0 			0.0
g5	 16 	 0.0 			 0.0 			0.0
g5	 17 	 0.0 			 0.0 			0.0
g5	 18 	 0.0 			 0.0 			0.0
g5	 19 	 0.0 			 0.0 			0.0
g5	 20 	 0.0 			 0.0 			0.0
g5	 21 	 0.0 			 0.0 			0.0
g5	 22 	 0.0 			 0.0 			0.0
g5	 23 	 0.0 			 0.0 			0.0
g5	 24 	 0.0 			 0.0 			0.0
g5	 25 	 0.0 			 0.0 			0.0
g5	 26 	 0.0 			 0.0 			0.0
g5	 27 	 0.0 			 0.0 			0.0
g5	 28 	 0.0 			 0.0 			0.0
g5	 29 	 0.0 			 0.0 			0.0
g5	 30 	 0.0 			 0.0 			0.0
g5	 31 	 0.0 			 0.0 			0.0
g5	 32 	 0.0 			 0.0 			0.0
g5	 33 	 0.0 			 0.0 			0.0
g5	 34 	 0.0 			 0.0 			0.0
g5	 35 	 0.0 			 0.0 			0.0
g5	 36 	 0.0 			 0.0 			0.0
g5	 37 	 0.0 			 0.0 			0.0
g5	 38 	 0.0 			 0.0 			0.0
g5	 39 	 0.0 			 0.0 			0.0
g5	 40 	 0.0 			 0.0 			0.0
g5	 41 	 0.0 			 0.0 			0.0
g5	 42 	 0.0 			 0.0 			0.0
g5	 43 	 0.0 			 0.0 			0.0
g5	 44 	 0.0 			 0.0 			0.0
g5	 45 	 0.0 			 0.0 			0.0
g5	 46 	 0.0 			 0.0 			0.0
g5	 47 	 0.0 			 0.0 			0.0
g5	 48 	 0.0 			 0.0 			0.0
g5	 49 	 0.0 			 0.0 			0.0
g5	 50 	 0.0 			 0.0 			0.0
g5	 51 	 0.0 			 0.0 			0.0
g5	 52 	 0.0 			 0.0 			0.0
g5	 53 	 0.0 			 0.0 			0.0
g5	 54 	 0.0 			 0.0 			0.0
g5	 55 	 0.0 			 0.0 			0.0
g5	 56 	 0.0 			 0.0 			0.0
g5	 57 	 0.0 			 0.0 			0.0
g5	 58 	 0.0 			 0.0 			0.0
g5	 59 	 0.0 			 0.0 			0.0
g5	 60 	 0.0 			 0.0 			0.0
g5	 61 	 0.0 			 0.0 			0.0
g5	 62 	 0.0 			 0.0 			0.0
g5	 63 	 0.0 			 0.0 			0.0
g5	 64 	 0.0 			 0.0 			0.0
g5	 65 	 0.0 			 0.0 			0.0
g5	 66 	 0.0 			 0.0 			0.0
g5	 67 	 0.0 			 0.0 			0.0
g5	 68 	 0.0 			 0.0 			0.0
g5	 69 	 0.0 			 0.0 			0.0
g5	 70 	 0.0 			 0.0 			0.0
g5	 71 	 0.0 			 0.0 			0.0
g5	 72 	 0.0 			 0.0 			0.0
g5	 73 	 0.0 			 0.0 			0.0
g5	 74 	 0.0 			 0.0 			0.0
g5	 75 	 0.0 			 0.0 			0.0
g5	 76 	 0.0 			 0.0 			0.0
g5	 77 	 0.0 			 0.0 			0.0
g5	 78 	 0.0 			 0.0 			0.0
g5	 79 	 0.0 			 0.0 			0.0
g5	 80 	 0.0 			 0.0 			0.0
g5	 81 	 0.0 			 0.0 			0.0
g5	 82 	 0.0 			 0.0 			0.0
g5	 83 	 0.0 			 0.0 			0.0
g5	 84 	 0.0 			 0.0 			0.0
g5	 85 	 0.0 			 0.0 			0.0
g5	 86 	 0.0 			 0.0 			0.0
g5	 87 	 0.0 			 0.0 			0.0
g5	 88 	 0.0 			 0.0 			0.0
g5	 89 	 0.0 			 0.0 			0.0
g5	 90 	 0.0 			 0.0 			0.0
g5	 91 	 0.0 			 0.0 			0.0
g5	 92 	 0.0 			 0.0 			0.0
g5	 93 	 0.0 			 0.0 			0.0
g5	 94 	 0.0 			 0.0 			0.0
g5	 95 	 0.0 			 0.0 			0.0
g5	 96 	 0.0 			 0.0 			0.0
----------------------------------------------------------------------------------------------------
 
unit 	 generation 	 generation cost 	 start-up cost 	 total cost
----------------------------------------------------------------------------------------------------
g1 	 6626.631127			246847.395615			 0.000000		 246847.395615
g2 	 1065.849311			56140.877986			 10598.130000		 66739.007986
g3 	 0.000000			0.000000			 0.000000		 0.000000
g4 	 0.000000			0.000000			 0.000000		 0.000000
g5 	 0.000000			0.000000			 0.000000		 0.000000
----------------------------------------------------------------------------------------------------
 
generation cost 	 start-up cost 		 total cost
----------------------------------------------------------------------------------------------------
302988.2736009999 			 10598.13 			 313586.403601
----------------------------------------------------------------------------------------------------
uplift payment for generator g1: 2.364573651726e6
uplift payment for generator g2: 0.0
uplift payment for generator g3: 0.0
uplift payment for generator g4: 0.0
uplift payment for generator g5: 0.0
 
****************************************************************************************************
 
rtm Systemwide prices
----------------------------------------------------------------------------------------------------
time	 energy 	 up-FRP 	 dw-FRP
----------------------------------------------------------------------------------------------------
1 	 2480.976822 		 0.0 		 0.0
2 	 2500.0 		 0.0 		 0.0
3 	 9.614507 		 0.0 		 0.0
4 	 9.408671 		 0.0 		 0.0
5 	 9.408671 		 0.0 		 0.0
6 	 9.408671 		 0.0 		 0.0
7 	 9.614507 		 0.0 		 0.0
8 	 2500.0 		 0.0 		 0.0
9 	 2481.182658 		 0.0 		 0.0
10 	 9.408671 		 0.0 		 0.0
11 	 9.614507 		 0.0 		 0.0
12 	 9.614507 		 0.0 		 0.0
13 	 2500.0 		 0.0 		 0.0
14 	 2481.182658 		 0.0 		 0.0
15 	 9.408671 		 0.0 		 0.0
16 	 9.408671 		 0.0 		 0.0
17 	 9.408671 		 0.0 		 0.0
18 	 9.614507 		 0.0 		 0.0
19 	 9.408671 		 0.0 		 0.0
20 	 9.614507 		 0.0 		 0.0
21 	 9.614507 		 0.0 		 0.0
22 	 9.614507 		 0.0 		 0.0
23 	 9.408671 		 0.0 		 0.0
24 	 9.408671 		 0.0 		 0.0
25 	 9.614507 		 0.0 		 0.0
26 	 9.408671 		 0.0 		 0.0
27 	 2500.0 		 0.0 		 0.0
28 	 4971.362314 		 0.0 		 0.0
29 	 2500.0 		 0.0 		 0.0
30 	 2500.0 		 0.0 		 0.0
31 	 2480.976822 		 0.0 		 0.0
32 	 9.614507 		 0.0 		 0.0
33 	 2480.976822 		 0.0 		 0.0
34 	 2500.0 		 0.0 		 0.0
35 	 2500.0 		 0.0 		 0.0
36 	 2500.0 		 0.0 		 0.0
37 	 9.614507 		 0.0 		 0.0
38 	 9.614507 		 0.0 		 0.0
39 	 10.185876 		 0.0 		 0.0
40 	 9.614507 		 0.0 		 0.0
41 	 9.614507 		 0.0 		 0.0
42 	 9.614507 		 0.0 		 0.0
43 	 2480.3565 		 0.0 		 0.0
44 	 2500.0 		 0.0 		 0.0
45 	 10.757244 		 0.0 		 0.0
46 	 9.614507 		 0.0 		 0.0
47 	 2479.628249 		 0.0 		 0.0
48 	 2500.0 		 0.0 		 0.0
49 	 9.614507 		 0.0 		 0.0
50 	 12.06526 		 0.0 		 0.0
51 	 9.614507 		 0.0 		 0.0
52 	 17.055481 		 0.0 		 0.0
53 	 9.614507 		 0.0 		 0.0
54 	 11.493892 		 0.0 		 0.0
55 	 9.614507 		 0.0 		 0.0
56 	 15.176097 		 0.0 		 0.0
57 	 2475.209396 		 0.0 		 0.0
58 	 2500.0 		 0.0 		 0.0
59 	 13.296712 		 0.0 		 0.0
60 	 11.493892 		 0.0 		 0.0
61 	 2500.0 		 0.0 		 0.0
62 	 4971.362314 		 0.0 		 0.0
63 	 2500.0 		 0.0 		 0.0
64 	 2500.0 		 0.0 		 0.0
65 	 9.614507 		 0.0 		 0.0
66 	 2500.0 		 0.0 		 0.0
67 	 9.614507 		 0.0 		 0.0
68 	 9.614507 		 0.0 		 0.0
69 	 13.296712 		 0.0 		 0.0
70 	 11.493892 		 0.0 		 0.0
71 	 9.614507 		 0.0 		 0.0
72 	 2500.0 		 0.0 		 0.0
73 	 4960.033299 		 0.0 		 0.0
74 	 2500.0 		 0.0 		 0.0
75 	 16.978917 		 0.0 		 0.0
76 	 9.614507 		 0.0 		 0.0
77 	 2500.0 		 0.0 		 0.0
78 	 2472.758643 		 0.0 		 0.0
79 	 9.043139 		 0.0 		 0.0
80 	 10.185876 		 0.0 		 0.0
81 	 2500.0 		 0.0 		 0.0
82 	 4971.362314 		 0.0 		 0.0
83 	 2500.0 		 0.0 		 0.0
84 	 2500.0 		 0.0 		 0.0
85 	 4971.362314 		 0.0 		 0.0
86 	 2500.0 		 0.0 		 0.0
87 	 22.20338 		 0.0 		 0.0
88 	 9.614507 		 0.0 		 0.0
89 	 9.614507 		 0.0 		 0.0
90 	 2500.0 		 0.0 		 0.0
91 	 2480.307546 		 0.0 		 0.0
92 	 9.408671 		 0.0 		 0.0
93 	 9.408671 		 0.0 		 0.0
94 	 9.408671 		 0.0 		 0.0
95 	 2500.0 		 0.0 		 0.0
96 	 2480.976822 		 0.0 		 0.0
 
****************************************************************************************************
 
rtm Post-uplift payments
----------------------------------------------------------------------------------------------------------------------------------------------------
unit 	 generation payment 	 up-FRP payment 	 dw-FRP payment 	pre-up t. payment 	 uplift payments 	 post-up t. payment 	 profit
----------------------------------------------------------------------------------------------------------------------------------------------------
 g1 	 -2407967.305412			 0.000000			 0.000000			 -2407967.305412			 2364573.651726			 -43393.653686		 0.000000
 g2 	 1077138.627438			 0.000000			 0.000000			 1077138.627438			 0.000000			 1077138.627438		 1048704.783971
 g3 	 0.000000			 0.000000			 0.000000			 0.000000			 0.000000			 0.000000		 0.000000
 g4 	 0.000000			 0.000000			 0.000000			 0.000000			 0.000000			 0.000000		 0.000000
 g5 	 0.000000			 0.000000			 0.000000			 0.000000			 0.000000			 0.000000		 0.000000
****************************************************************************************************
 
Total generator payments
----------------------------------------------------------------------------------------------------------------------------------------------------
unit 	 generation payment 	 up-FRP payment 	 dw-FRP payment 	pre-up t. payment 	 uplift payments 	 post-up t. payment 	 profit
----------------------------------------------------------------------------------------------------------------------------------------------------
 g1 	 -2117726.256111			 0.000000			 0.000000			 -2117726.256111			 2364573.651726			 246847.395615		 0.000000
 g2 	 1115443.791957			 0.000000			 0.000000			 1115443.791957			 0.000000			 1115443.791957		 1048704.783971
 g3 	 0.000000			 0.000000			 0.000000			 0.000000			 0.000000			 0.000000		 0.000000
 g4 	 0.000000			 0.000000			 0.000000			 0.000000			 0.000000			 0.000000		 0.000000
 g5 	 0.000000			 0.000000			 0.000000			 0.000000			 0.000000			 0.000000		 0.000000
 
****************************************************************************************************
 
rtm LMP
----------------------------------------------------------------------------------------------------
bus name 	 time 		 LMP
----------------------------------------------------------------------------------------------------
b1 		 1 		 2480.976822
b1 		 2 		 2500.0
b1 		 3 		 9.614507
b1 		 4 		 9.408671
b1 		 5 		 9.408671
b1 		 6 		 9.408671
b1 		 7 		 9.614507
b1 		 8 		 2500.0
b1 		 9 		 2481.182658
b1 		 10 		 9.408671
b1 		 11 		 9.614507
b1 		 12 		 9.614507
b1 		 13 		 2500.0
b1 		 14 		 2481.182658
b1 		 15 		 9.408671
b1 		 16 		 9.408671
b1 		 17 		 9.408671
b1 		 18 		 9.614507
b1 		 19 		 9.408671
b1 		 20 		 9.614507
b1 		 21 		 9.614507
b1 		 22 		 9.614507
b1 		 23 		 9.408671
b1 		 24 		 9.408671
b1 		 25 		 9.614507
b1 		 26 		 9.408671
b1 		 27 		 2500.0
b1 		 28 		 4971.362314
b1 		 29 		 2500.0
b1 		 30 		 2500.0
b1 		 31 		 2480.976822
b1 		 32 		 9.614507
b1 		 33 		 2480.976822
b1 		 34 		 2500.0
b1 		 35 		 2500.0
b1 		 36 		 2500.0
b1 		 37 		 9.614507
b1 		 38 		 9.614507
b1 		 39 		 10.185876
b1 		 40 		 9.614507
b1 		 41 		 9.614507
b1 		 42 		 9.614507
b1 		 43 		 2480.3565
b1 		 44 		 2500.0
b1 		 45 		 10.757244
b1 		 46 		 9.614507
b1 		 47 		 2479.628249
b1 		 48 		 2500.0
b1 		 49 		 9.614507
b1 		 50 		 12.06526
b1 		 51 		 9.614507
b1 		 52 		 17.055481
b1 		 53 		 9.614507
b1 		 54 		 11.493892
b1 		 55 		 9.614507
b1 		 56 		 15.176097
b1 		 57 		 2475.209396
b1 		 58 		 2500.0
b1 		 59 		 13.296712
b1 		 60 		 11.493892
b1 		 61 		 2500.0
b1 		 62 		 4971.362314
b1 		 63 		 2500.0
b1 		 64 		 2500.0
b1 		 65 		 9.614507
b1 		 66 		 2500.0
b1 		 67 		 9.614507
b1 		 68 		 9.614507
b1 		 69 		 13.296712
b1 		 70 		 11.493892
b1 		 71 		 9.614507
b1 		 72 		 2500.0
b1 		 73 		 4960.033299
b1 		 74 		 2500.0
b1 		 75 		 16.978917
b1 		 76 		 9.614507
b1 		 77 		 2500.0
b1 		 78 		 2472.758643
b1 		 79 		 9.043139
b1 		 80 		 10.185876
b1 		 81 		 2500.0
b1 		 82 		 4971.362314
b1 		 83 		 2500.0
b1 		 84 		 2500.0
b1 		 85 		 4971.362314
b1 		 86 		 2500.0
b1 		 87 		 22.20338
b1 		 88 		 9.614507
b1 		 89 		 9.614507
b1 		 90 		 2500.0
b1 		 91 		 2480.307546
b1 		 92 		 9.408671
b1 		 93 		 9.408671
b1 		 94 		 9.408671
b1 		 95 		 2500.0
b1 		 96 		 2480.976822
----------------------------------------------------------------------------------------------------
b2 		 1 		 2480.976822
b2 		 2 		 2500.0
b2 		 3 		 9.614507
b2 		 4 		 9.408671
b2 		 5 		 9.408671
b2 		 6 		 9.408671
b2 		 7 		 9.614507
b2 		 8 		 2500.0
b2 		 9 		 2481.182658
b2 		 10 		 9.408671
b2 		 11 		 9.614507
b2 		 12 		 9.614507
b2 		 13 		 2500.0
b2 		 14 		 2481.182658
b2 		 15 		 9.408671
b2 		 16 		 9.408671
b2 		 17 		 9.408671
b2 		 18 		 9.614507
b2 		 19 		 9.408671
b2 		 20 		 9.614507
b2 		 21 		 9.614507
b2 		 22 		 9.614507
b2 		 23 		 9.408671
b2 		 24 		 9.408671
b2 		 25 		 9.614507
b2 		 26 		 9.408671
b2 		 27 		 2500.0
b2 		 28 		 4971.362314
b2 		 29 		 2500.0
b2 		 30 		 2500.0
b2 		 31 		 2480.976822
b2 		 32 		 9.614507
b2 		 33 		 2480.976822
b2 		 34 		 2500.0
b2 		 35 		 2500.0
b2 		 36 		 2500.0
b2 		 37 		 9.614507
b2 		 38 		 9.614507
b2 		 39 		 10.185876
b2 		 40 		 9.614507
b2 		 41 		 9.614507
b2 		 42 		 9.614507
b2 		 43 		 2480.3565
b2 		 44 		 2500.0
b2 		 45 		 10.757244
b2 		 46 		 9.614507
b2 		 47 		 2479.628249
b2 		 48 		 2500.0
b2 		 49 		 9.614507
b2 		 50 		 12.06526
b2 		 51 		 9.614507
b2 		 52 		 17.055481
b2 		 53 		 9.614507
b2 		 54 		 11.493892
b2 		 55 		 9.614507
b2 		 56 		 15.176097
b2 		 57 		 2475.209396
b2 		 58 		 2500.0
b2 		 59 		 13.296712
b2 		 60 		 11.493892
b2 		 61 		 2500.0
b2 		 62 		 4971.362314
b2 		 63 		 2500.0
b2 		 64 		 2500.0
b2 		 65 		 9.614507
b2 		 66 		 2500.0
b2 		 67 		 9.614507
b2 		 68 		 9.614507
b2 		 69 		 13.296712
b2 		 70 		 11.493892
b2 		 71 		 9.614507
b2 		 72 		 2500.0
b2 		 73 		 4960.033299
b2 		 74 		 2500.0
b2 		 75 		 16.978917
b2 		 76 		 9.614507
b2 		 77 		 2500.0
b2 		 78 		 2472.758643
b2 		 79 		 9.043139
b2 		 80 		 10.185876
b2 		 81 		 2500.0
b2 		 82 		 4971.362314
b2 		 83 		 2500.0
b2 		 84 		 2500.0
b2 		 85 		 4971.362314
b2 		 86 		 2500.0
b2 		 87 		 22.20338
b2 		 88 		 9.614507
b2 		 89 		 9.614507
b2 		 90 		 2500.0
b2 		 91 		 2480.307546
b2 		 92 		 9.408671
b2 		 93 		 9.408671
b2 		 94 		 9.408671
b2 		 95 		 2500.0
b2 		 96 		 2480.976822
----------------------------------------------------------------------------------------------------
b3 		 1 		 2480.976822
b3 		 2 		 2500.0
b3 		 3 		 9.614507
b3 		 4 		 9.408671
b3 		 5 		 9.408671
b3 		 6 		 9.408671
b3 		 7 		 9.614507
b3 		 8 		 2500.0
b3 		 9 		 2481.182658
b3 		 10 		 9.408671
b3 		 11 		 9.614507
b3 		 12 		 9.614507
b3 		 13 		 2500.0
b3 		 14 		 2481.182658
b3 		 15 		 9.408671
b3 		 16 		 9.408671
b3 		 17 		 9.408671
b3 		 18 		 9.614507
b3 		 19 		 9.408671
b3 		 20 		 9.614507
b3 		 21 		 9.614507
b3 		 22 		 9.614507
b3 		 23 		 9.408671
b3 		 24 		 9.408671
b3 		 25 		 9.614507
b3 		 26 		 9.408671
b3 		 27 		 2500.0
b3 		 28 		 4971.362314
b3 		 29 		 2500.0
b3 		 30 		 2500.0
b3 		 31 		 2480.976822
b3 		 32 		 9.614507
b3 		 33 		 2480.976822
b3 		 34 		 2500.0
b3 		 35 		 2500.0
b3 		 36 		 2500.0
b3 		 37 		 9.614507
b3 		 38 		 9.614507
b3 		 39 		 10.185876
b3 		 40 		 9.614507
b3 		 41 		 9.614507
b3 		 42 		 9.614507
b3 		 43 		 2480.3565
b3 		 44 		 2500.0
b3 		 45 		 10.757244
b3 		 46 		 9.614507
b3 		 47 		 2479.628249
b3 		 48 		 2500.0
b3 		 49 		 9.614507
b3 		 50 		 12.06526
b3 		 51 		 9.614507
b3 		 52 		 17.055481
b3 		 53 		 9.614507
b3 		 54 		 11.493892
b3 		 55 		 9.614507
b3 		 56 		 15.176097
b3 		 57 		 2475.209396
b3 		 58 		 2500.0
b3 		 59 		 13.296712
b3 		 60 		 11.493892
b3 		 61 		 2500.0
b3 		 62 		 4971.362314
b3 		 63 		 2500.0
b3 		 64 		 2500.0
b3 		 65 		 9.614507
b3 		 66 		 2500.0
b3 		 67 		 9.614507
b3 		 68 		 9.614507
b3 		 69 		 13.296712
b3 		 70 		 11.493892
b3 		 71 		 9.614507
b3 		 72 		 2500.0
b3 		 73 		 4960.033299
b3 		 74 		 2500.0
b3 		 75 		 16.978917
b3 		 76 		 9.614507
b3 		 77 		 2500.0
b3 		 78 		 2472.758643
b3 		 79 		 9.043139
b3 		 80 		 10.185876
b3 		 81 		 2500.0
b3 		 82 		 4971.362314
b3 		 83 		 2500.0
b3 		 84 		 2500.0
b3 		 85 		 4971.362314
b3 		 86 		 2500.0
b3 		 87 		 22.20338
b3 		 88 		 9.614507
b3 		 89 		 9.614507
b3 		 90 		 2500.0
b3 		 91 		 2480.307546
b3 		 92 		 9.408671
b3 		 93 		 9.408671
b3 		 94 		 9.408671
b3 		 95 		 2500.0
b3 		 96 		 2480.976822
----------------------------------------------------------------------------------------------------
b4 		 1 		 2480.976822
b4 		 2 		 2500.0
b4 		 3 		 9.614507
b4 		 4 		 9.408671
b4 		 5 		 9.408671
b4 		 6 		 9.408671
b4 		 7 		 9.614507
b4 		 8 		 2500.0
b4 		 9 		 2481.182658
b4 		 10 		 9.408671
b4 		 11 		 9.614507
b4 		 12 		 9.614507
b4 		 13 		 2500.0
b4 		 14 		 2481.182658
b4 		 15 		 9.408671
b4 		 16 		 9.408671
b4 		 17 		 9.408671
b4 		 18 		 9.614507
b4 		 19 		 9.408671
b4 		 20 		 9.614507
b4 		 21 		 9.614507
b4 		 22 		 9.614507
b4 		 23 		 9.408671
b4 		 24 		 9.408671
b4 		 25 		 9.614507
b4 		 26 		 9.408671
b4 		 27 		 2500.0
b4 		 28 		 4971.362314
b4 		 29 		 2500.0
b4 		 30 		 2500.0
b4 		 31 		 2480.976822
b4 		 32 		 9.614507
b4 		 33 		 2480.976822
b4 		 34 		 2500.0
b4 		 35 		 2500.0
b4 		 36 		 2500.0
b4 		 37 		 9.614507
b4 		 38 		 9.614507
b4 		 39 		 10.185876
b4 		 40 		 9.614507
b4 		 41 		 9.614507
b4 		 42 		 9.614507
b4 		 43 		 2480.3565
b4 		 44 		 2500.0
b4 		 45 		 10.757244
b4 		 46 		 9.614507
b4 		 47 		 2479.628249
b4 		 48 		 2500.0
b4 		 49 		 9.614507
b4 		 50 		 12.06526
b4 		 51 		 9.614507
b4 		 52 		 17.055481
b4 		 53 		 9.614507
b4 		 54 		 11.493892
b4 		 55 		 9.614507
b4 		 56 		 15.176097
b4 		 57 		 2475.209396
b4 		 58 		 2500.0
b4 		 59 		 13.296712
b4 		 60 		 11.493892
b4 		 61 		 2500.0
b4 		 62 		 4971.362314
b4 		 63 		 2500.0
b4 		 64 		 2500.0
b4 		 65 		 9.614507
b4 		 66 		 2500.0
b4 		 67 		 9.614507
b4 		 68 		 9.614507
b4 		 69 		 13.296712
b4 		 70 		 11.493892
b4 		 71 		 9.614507
b4 		 72 		 2500.0
b4 		 73 		 4960.033299
b4 		 74 		 2500.0
b4 		 75 		 16.978917
b4 		 76 		 9.614507
b4 		 77 		 2500.0
b4 		 78 		 2472.758643
b4 		 79 		 9.043139
b4 		 80 		 10.185876
b4 		 81 		 2500.0
b4 		 82 		 4971.362314
b4 		 83 		 2500.0
b4 		 84 		 2500.0
b4 		 85 		 4971.362314
b4 		 86 		 2500.0
b4 		 87 		 22.20338
b4 		 88 		 9.614507
b4 		 89 		 9.614507
b4 		 90 		 2500.0
b4 		 91 		 2480.307546
b4 		 92 		 9.408671
b4 		 93 		 9.408671
b4 		 94 		 9.408671
b4 		 95 		 2500.0
b4 		 96 		 2480.976822
----------------------------------------------------------------------------------------------------
b5 		 1 		 2480.976822
b5 		 2 		 2500.0
b5 		 3 		 9.614507
b5 		 4 		 9.408671
b5 		 5 		 9.408671
b5 		 6 		 9.408671
b5 		 7 		 9.614507
b5 		 8 		 2500.0
b5 		 9 		 2481.182658
b5 		 10 		 9.408671
b5 		 11 		 9.614507
b5 		 12 		 9.614507
b5 		 13 		 2500.0
b5 		 14 		 2481.182658
b5 		 15 		 9.408671
b5 		 16 		 9.408671
b5 		 17 		 9.408671
b5 		 18 		 9.614507
b5 		 19 		 9.408671
b5 		 20 		 9.614507
b5 		 21 		 9.614507
b5 		 22 		 9.614507
b5 		 23 		 9.408671
b5 		 24 		 9.408671
b5 		 25 		 9.614507
b5 		 26 		 9.408671
b5 		 27 		 2500.0
b5 		 28 		 4971.362314
b5 		 29 		 2500.0
b5 		 30 		 2500.0
b5 		 31 		 2480.976822
b5 		 32 		 9.614507
b5 		 33 		 2480.976822
b5 		 34 		 2500.0
b5 		 35 		 2500.0
b5 		 36 		 2500.0
b5 		 37 		 9.614507
b5 		 38 		 9.614507
b5 		 39 		 10.185876
b5 		 40 		 9.614507
b5 		 41 		 9.614507
b5 		 42 		 9.614507
b5 		 43 		 2480.3565
b5 		 44 		 2500.0
b5 		 45 		 10.757244
b5 		 46 		 9.614507
b5 		 47 		 2479.628249
b5 		 48 		 2500.0
b5 		 49 		 9.614507
b5 		 50 		 12.06526
b5 		 51 		 9.614507
b5 		 52 		 17.055481
b5 		 53 		 9.614507
b5 		 54 		 11.493892
b5 		 55 		 9.614507
b5 		 56 		 15.176097
b5 		 57 		 2475.209396
b5 		 58 		 2500.0
b5 		 59 		 13.296712
b5 		 60 		 11.493892
b5 		 61 		 2500.0
b5 		 62 		 4971.362314
b5 		 63 		 2500.0
b5 		 64 		 2500.0
b5 		 65 		 9.614507
b5 		 66 		 2500.0
b5 		 67 		 9.614507
b5 		 68 		 9.614507
b5 		 69 		 13.296712
b5 		 70 		 11.493892
b5 		 71 		 9.614507
b5 		 72 		 2500.0
b5 		 73 		 4960.033299
b5 		 74 		 2500.0
b5 		 75 		 16.978917
b5 		 76 		 9.614507
b5 		 77 		 2500.0
b5 		 78 		 2472.758643
b5 		 79 		 9.043139
b5 		 80 		 10.185876
b5 		 81 		 2500.0
b5 		 82 		 4971.362314
b5 		 83 		 2500.0
b5 		 84 		 2500.0
b5 		 85 		 4971.362314
b5 		 86 		 2500.0
b5 		 87 		 22.20338
b5 		 88 		 9.614507
b5 		 89 		 9.614507
b5 		 90 		 2500.0
b5 		 91 		 2480.307546
b5 		 92 		 9.408671
b5 		 93 		 9.408671
b5 		 94 		 9.408671
b5 		 95 		 2500.0
b5 		 96 		 2480.976822
----------------------------------------------------------------------------------------------------
b6 		 1 		 2480.976822
b6 		 2 		 2500.0
b6 		 3 		 9.614507
b6 		 4 		 9.408671
b6 		 5 		 9.408671
b6 		 6 		 9.408671
b6 		 7 		 9.614507
b6 		 8 		 2500.0
b6 		 9 		 2481.182658
b6 		 10 		 9.408671
b6 		 11 		 9.614507
b6 		 12 		 9.614507
b6 		 13 		 2500.0
b6 		 14 		 2481.182658
b6 		 15 		 9.408671
b6 		 16 		 9.408671
b6 		 17 		 9.408671
b6 		 18 		 9.614507
b6 		 19 		 9.408671
b6 		 20 		 9.614507
b6 		 21 		 9.614507
b6 		 22 		 9.614507
b6 		 23 		 9.408671
b6 		 24 		 9.408671
b6 		 25 		 9.614507
b6 		 26 		 9.408671
b6 		 27 		 2500.0
b6 		 28 		 4971.362314
b6 		 29 		 2500.0
b6 		 30 		 2500.0
b6 		 31 		 2480.976822
b6 		 32 		 9.614507
b6 		 33 		 2480.976822
b6 		 34 		 2500.0
b6 		 35 		 2500.0
b6 		 36 		 2500.0
b6 		 37 		 9.614507
b6 		 38 		 9.614507
b6 		 39 		 10.185876
b6 		 40 		 9.614507
b6 		 41 		 9.614507
b6 		 42 		 9.614507
b6 		 43 		 2480.3565
b6 		 44 		 2500.0
b6 		 45 		 10.757244
b6 		 46 		 9.614507
b6 		 47 		 2479.628249
b6 		 48 		 2500.0
b6 		 49 		 9.614507
b6 		 50 		 12.06526
b6 		 51 		 9.614507
b6 		 52 		 17.055481
b6 		 53 		 9.614507
b6 		 54 		 11.493892
b6 		 55 		 9.614507
b6 		 56 		 15.176097
b6 		 57 		 2475.209396
b6 		 58 		 2500.0
b6 		 59 		 13.296712
b6 		 60 		 11.493892
b6 		 61 		 2500.0
b6 		 62 		 4971.362314
b6 		 63 		 2500.0
b6 		 64 		 2500.0
b6 		 65 		 9.614507
b6 		 66 		 2500.0
b6 		 67 		 9.614507
b6 		 68 		 9.614507
b6 		 69 		 13.296712
b6 		 70 		 11.493892
b6 		 71 		 9.614507
b6 		 72 		 2500.0
b6 		 73 		 4960.033299
b6 		 74 		 2500.0
b6 		 75 		 16.978917
b6 		 76 		 9.614507
b6 		 77 		 2500.0
b6 		 78 		 2472.758643
b6 		 79 		 9.043139
b6 		 80 		 10.185876
b6 		 81 		 2500.0
b6 		 82 		 4971.362314
b6 		 83 		 2500.0
b6 		 84 		 2500.0
b6 		 85 		 4971.362314
b6 		 86 		 2500.0
b6 		 87 		 22.20338
b6 		 88 		 9.614507
b6 		 89 		 9.614507
b6 		 90 		 2500.0
b6 		 91 		 2480.307546
b6 		 92 		 9.408671
b6 		 93 		 9.408671
b6 		 94 		 9.408671
b6 		 95 		 2500.0
b6 		 96 		 2480.976822
----------------------------------------------------------------------------------------------------
b7 		 1 		 2480.976822
b7 		 2 		 2500.0
b7 		 3 		 9.614507
b7 		 4 		 9.408671
b7 		 5 		 9.408671
b7 		 6 		 9.408671
b7 		 7 		 9.614507
b7 		 8 		 2500.0
b7 		 9 		 2481.182658
b7 		 10 		 9.408671
b7 		 11 		 9.614507
b7 		 12 		 9.614507
b7 		 13 		 2500.0
b7 		 14 		 2481.182658
b7 		 15 		 9.408671
b7 		 16 		 9.408671
b7 		 17 		 9.408671
b7 		 18 		 9.614507
b7 		 19 		 9.408671
b7 		 20 		 9.614507
b7 		 21 		 9.614507
b7 		 22 		 9.614507
b7 		 23 		 9.408671
b7 		 24 		 9.408671
b7 		 25 		 9.614507
b7 		 26 		 9.408671
b7 		 27 		 2500.0
b7 		 28 		 4971.362314
b7 		 29 		 2500.0
b7 		 30 		 2500.0
b7 		 31 		 2480.976822
b7 		 32 		 9.614507
b7 		 33 		 2480.976822
b7 		 34 		 2500.0
b7 		 35 		 2500.0
b7 		 36 		 2500.0
b7 		 37 		 9.614507
b7 		 38 		 9.614507
b7 		 39 		 10.185876
b7 		 40 		 9.614507
b7 		 41 		 9.614507
b7 		 42 		 9.614507
b7 		 43 		 2480.3565
b7 		 44 		 2500.0
b7 		 45 		 10.757244
b7 		 46 		 9.614507
b7 		 47 		 2479.628249
b7 		 48 		 2500.0
b7 		 49 		 9.614507
b7 		 50 		 12.06526
b7 		 51 		 9.614507
b7 		 52 		 17.055481
b7 		 53 		 9.614507
b7 		 54 		 11.493892
b7 		 55 		 9.614507
b7 		 56 		 15.176097
b7 		 57 		 2475.209396
b7 		 58 		 2500.0
b7 		 59 		 13.296712
b7 		 60 		 11.493892
b7 		 61 		 2500.0
b7 		 62 		 4971.362314
b7 		 63 		 2500.0
b7 		 64 		 2500.0
b7 		 65 		 9.614507
b7 		 66 		 2500.0
b7 		 67 		 9.614507
b7 		 68 		 9.614507
b7 		 69 		 13.296712
b7 		 70 		 11.493892
b7 		 71 		 9.614507
b7 		 72 		 2500.0
b7 		 73 		 4960.033299
b7 		 74 		 2500.0
b7 		 75 		 16.978917
b7 		 76 		 9.614507
b7 		 77 		 2500.0
b7 		 78 		 2472.758643
b7 		 79 		 9.043139
b7 		 80 		 10.185876
b7 		 81 		 2500.0
b7 		 82 		 4971.362314
b7 		 83 		 2500.0
b7 		 84 		 2500.0
b7 		 85 		 4971.362314
b7 		 86 		 2500.0
b7 		 87 		 22.20338
b7 		 88 		 9.614507
b7 		 89 		 9.614507
b7 		 90 		 2500.0
b7 		 91 		 2480.307546
b7 		 92 		 9.408671
b7 		 93 		 9.408671
b7 		 94 		 9.408671
b7 		 95 		 2500.0
b7 		 96 		 2480.976822
----------------------------------------------------------------------------------------------------
b8 		 1 		 2480.976822
b8 		 2 		 2500.0
b8 		 3 		 9.614507
b8 		 4 		 9.408671
b8 		 5 		 9.408671
b8 		 6 		 9.408671
b8 		 7 		 9.614507
b8 		 8 		 2500.0
b8 		 9 		 2481.182658
b8 		 10 		 9.408671
b8 		 11 		 9.614507
b8 		 12 		 9.614507
b8 		 13 		 2500.0
b8 		 14 		 2481.182658
b8 		 15 		 9.408671
b8 		 16 		 9.408671
b8 		 17 		 9.408671
b8 		 18 		 9.614507
b8 		 19 		 9.408671
b8 		 20 		 9.614507
b8 		 21 		 9.614507
b8 		 22 		 9.614507
b8 		 23 		 9.408671
b8 		 24 		 9.408671
b8 		 25 		 9.614507
b8 		 26 		 9.408671
b8 		 27 		 2500.0
b8 		 28 		 4971.362314
b8 		 29 		 2500.0
b8 		 30 		 2500.0
b8 		 31 		 2480.976822
b8 		 32 		 9.614507
b8 		 33 		 2480.976822
b8 		 34 		 2500.0
b8 		 35 		 2500.0
b8 		 36 		 2500.0
b8 		 37 		 9.614507
b8 		 38 		 9.614507
b8 		 39 		 10.185876
b8 		 40 		 9.614507
b8 		 41 		 9.614507
b8 		 42 		 9.614507
b8 		 43 		 2480.3565
b8 		 44 		 2500.0
b8 		 45 		 10.757244
b8 		 46 		 9.614507
b8 		 47 		 2479.628249
b8 		 48 		 2500.0
b8 		 49 		 9.614507
b8 		 50 		 12.06526
b8 		 51 		 9.614507
b8 		 52 		 17.055481
b8 		 53 		 9.614507
b8 		 54 		 11.493892
b8 		 55 		 9.614507
b8 		 56 		 15.176097
b8 		 57 		 2475.209396
b8 		 58 		 2500.0
b8 		 59 		 13.296712
b8 		 60 		 11.493892
b8 		 61 		 2500.0
b8 		 62 		 4971.362314
b8 		 63 		 2500.0
b8 		 64 		 2500.0
b8 		 65 		 9.614507
b8 		 66 		 2500.0
b8 		 67 		 9.614507
b8 		 68 		 9.614507
b8 		 69 		 13.296712
b8 		 70 		 11.493892
b8 		 71 		 9.614507
b8 		 72 		 2500.0
b8 		 73 		 4960.033299
b8 		 74 		 2500.0
b8 		 75 		 16.978917
b8 		 76 		 9.614507
b8 		 77 		 2500.0
b8 		 78 		 2472.758643
b8 		 79 		 9.043139
b8 		 80 		 10.185876
b8 		 81 		 2500.0
b8 		 82 		 4971.362314
b8 		 83 		 2500.0
b8 		 84 		 2500.0
b8 		 85 		 4971.362314
b8 		 86 		 2500.0
b8 		 87 		 22.20338
b8 		 88 		 9.614507
b8 		 89 		 9.614507
b8 		 90 		 2500.0
b8 		 91 		 2480.307546
b8 		 92 		 9.408671
b8 		 93 		 9.408671
b8 		 94 		 9.408671
b8 		 95 		 2500.0
b8 		 96 		 2480.976822
----------------------------------------------------------------------------------------------------
b9 		 1 		 2480.976822
b9 		 2 		 2500.0
b9 		 3 		 9.614507
b9 		 4 		 9.408671
b9 		 5 		 9.408671
b9 		 6 		 9.408671
b9 		 7 		 9.614507
b9 		 8 		 2500.0
b9 		 9 		 2481.182658
b9 		 10 		 9.408671
b9 		 11 		 9.614507
b9 		 12 		 9.614507
b9 		 13 		 2500.0
b9 		 14 		 2481.182658
b9 		 15 		 9.408671
b9 		 16 		 9.408671
b9 		 17 		 9.408671
b9 		 18 		 9.614507
b9 		 19 		 9.408671
b9 		 20 		 9.614507
b9 		 21 		 9.614507
b9 		 22 		 9.614507
b9 		 23 		 9.408671
b9 		 24 		 9.408671
b9 		 25 		 9.614507
b9 		 26 		 9.408671
b9 		 27 		 2500.0
b9 		 28 		 4971.362314
b9 		 29 		 2500.0
b9 		 30 		 2500.0
b9 		 31 		 2480.976822
b9 		 32 		 9.614507
b9 		 33 		 2480.976822
b9 		 34 		 2500.0
b9 		 35 		 2500.0
b9 		 36 		 2500.0
b9 		 37 		 9.614507
b9 		 38 		 9.614507
b9 		 39 		 10.185876
b9 		 40 		 9.614507
b9 		 41 		 9.614507
b9 		 42 		 9.614507
b9 		 43 		 2480.3565
b9 		 44 		 2500.0
b9 		 45 		 10.757244
b9 		 46 		 9.614507
b9 		 47 		 2479.628249
b9 		 48 		 2500.0
b9 		 49 		 9.614507
b9 		 50 		 12.06526
b9 		 51 		 9.614507
b9 		 52 		 17.055481
b9 		 53 		 9.614507
b9 		 54 		 11.493892
b9 		 55 		 9.614507
b9 		 56 		 15.176097
b9 		 57 		 2475.209396
b9 		 58 		 2500.0
b9 		 59 		 13.296712
b9 		 60 		 11.493892
b9 		 61 		 2500.0
b9 		 62 		 4971.362314
b9 		 63 		 2500.0
b9 		 64 		 2500.0
b9 		 65 		 9.614507
b9 		 66 		 2500.0
b9 		 67 		 9.614507
b9 		 68 		 9.614507
b9 		 69 		 13.296712
b9 		 70 		 11.493892
b9 		 71 		 9.614507
b9 		 72 		 2500.0
b9 		 73 		 4960.033299
b9 		 74 		 2500.0
b9 		 75 		 16.978917
b9 		 76 		 9.614507
b9 		 77 		 2500.0
b9 		 78 		 2472.758643
b9 		 79 		 9.043139
b9 		 80 		 10.185876
b9 		 81 		 2500.0
b9 		 82 		 4971.362314
b9 		 83 		 2500.0
b9 		 84 		 2500.0
b9 		 85 		 4971.362314
b9 		 86 		 2500.0
b9 		 87 		 22.20338
b9 		 88 		 9.614507
b9 		 89 		 9.614507
b9 		 90 		 2500.0
b9 		 91 		 2480.307546
b9 		 92 		 9.408671
b9 		 93 		 9.408671
b9 		 94 		 9.408671
b9 		 95 		 2500.0
b9 		 96 		 2480.976822
----------------------------------------------------------------------------------------------------
b10 		 1 		 2480.976822
b10 		 2 		 2500.0
b10 		 3 		 9.614507
b10 		 4 		 9.408671
b10 		 5 		 9.408671
b10 		 6 		 9.408671
b10 		 7 		 9.614507
b10 		 8 		 2500.0
b10 		 9 		 2481.182658
b10 		 10 		 9.408671
b10 		 11 		 9.614507
b10 		 12 		 9.614507
b10 		 13 		 2500.0
b10 		 14 		 2481.182658
b10 		 15 		 9.408671
b10 		 16 		 9.408671
b10 		 17 		 9.408671
b10 		 18 		 9.614507
b10 		 19 		 9.408671
b10 		 20 		 9.614507
b10 		 21 		 9.614507
b10 		 22 		 9.614507
b10 		 23 		 9.408671
b10 		 24 		 9.408671
b10 		 25 		 9.614507
b10 		 26 		 9.408671
b10 		 27 		 2500.0
b10 		 28 		 4971.362314
b10 		 29 		 2500.0
b10 		 30 		 2500.0
b10 		 31 		 2480.976822
b10 		 32 		 9.614507
b10 		 33 		 2480.976822
b10 		 34 		 2500.0
b10 		 35 		 2500.0
b10 		 36 		 2500.0
b10 		 37 		 9.614507
b10 		 38 		 9.614507
b10 		 39 		 10.185876
b10 		 40 		 9.614507
b10 		 41 		 9.614507
b10 		 42 		 9.614507
b10 		 43 		 2480.3565
b10 		 44 		 2500.0
b10 		 45 		 10.757244
b10 		 46 		 9.614507
b10 		 47 		 2479.628249
b10 		 48 		 2500.0
b10 		 49 		 9.614507
b10 		 50 		 12.06526
b10 		 51 		 9.614507
b10 		 52 		 17.055481
b10 		 53 		 9.614507
b10 		 54 		 11.493892
b10 		 55 		 9.614507
b10 		 56 		 15.176097
b10 		 57 		 2475.209396
b10 		 58 		 2500.0
b10 		 59 		 13.296712
b10 		 60 		 11.493892
b10 		 61 		 2500.0
b10 		 62 		 4971.362314
b10 		 63 		 2500.0
b10 		 64 		 2500.0
b10 		 65 		 9.614507
b10 		 66 		 2500.0
b10 		 67 		 9.614507
b10 		 68 		 9.614507
b10 		 69 		 13.296712
b10 		 70 		 11.493892
b10 		 71 		 9.614507
b10 		 72 		 2500.0
b10 		 73 		 4960.033299
b10 		 74 		 2500.0
b10 		 75 		 16.978917
b10 		 76 		 9.614507
b10 		 77 		 2500.0
b10 		 78 		 2472.758643
b10 		 79 		 9.043139
b10 		 80 		 10.185876
b10 		 81 		 2500.0
b10 		 82 		 4971.362314
b10 		 83 		 2500.0
b10 		 84 		 2500.0
b10 		 85 		 4971.362314
b10 		 86 		 2500.0
b10 		 87 		 22.20338
b10 		 88 		 9.614507
b10 		 89 		 9.614507
b10 		 90 		 2500.0
b10 		 91 		 2480.307546
b10 		 92 		 9.408671
b10 		 93 		 9.408671
b10 		 94 		 9.408671
b10 		 95 		 2500.0
b10 		 96 		 2480.976822
----------------------------------------------------------------------------------------------------
b11 		 1 		 2480.976822
b11 		 2 		 2500.0
b11 		 3 		 9.614507
b11 		 4 		 9.408671
b11 		 5 		 9.408671
b11 		 6 		 9.408671
b11 		 7 		 9.614507
b11 		 8 		 2500.0
b11 		 9 		 2481.182658
b11 		 10 		 9.408671
b11 		 11 		 9.614507
b11 		 12 		 9.614507
b11 		 13 		 2500.0
b11 		 14 		 2481.182658
b11 		 15 		 9.408671
b11 		 16 		 9.408671
b11 		 17 		 9.408671
b11 		 18 		 9.614507
b11 		 19 		 9.408671
b11 		 20 		 9.614507
b11 		 21 		 9.614507
b11 		 22 		 9.614507
b11 		 23 		 9.408671
b11 		 24 		 9.408671
b11 		 25 		 9.614507
b11 		 26 		 9.408671
b11 		 27 		 2500.0
b11 		 28 		 4971.362314
b11 		 29 		 2500.0
b11 		 30 		 2500.0
b11 		 31 		 2480.976822
b11 		 32 		 9.614507
b11 		 33 		 2480.976822
b11 		 34 		 2500.0
b11 		 35 		 2500.0
b11 		 36 		 2500.0
b11 		 37 		 9.614507
b11 		 38 		 9.614507
b11 		 39 		 10.185876
b11 		 40 		 9.614507
b11 		 41 		 9.614507
b11 		 42 		 9.614507
b11 		 43 		 2480.3565
b11 		 44 		 2500.0
b11 		 45 		 10.757244
b11 		 46 		 9.614507
b11 		 47 		 2479.628249
b11 		 48 		 2500.0
b11 		 49 		 9.614507
b11 		 50 		 12.06526
b11 		 51 		 9.614507
b11 		 52 		 17.055481
b11 		 53 		 9.614507
b11 		 54 		 11.493892
b11 		 55 		 9.614507
b11 		 56 		 15.176097
b11 		 57 		 2475.209396
b11 		 58 		 2500.0
b11 		 59 		 13.296712
b11 		 60 		 11.493892
b11 		 61 		 2500.0
b11 		 62 		 4971.362314
b11 		 63 		 2500.0
b11 		 64 		 2500.0
b11 		 65 		 9.614507
b11 		 66 		 2500.0
b11 		 67 		 9.614507
b11 		 68 		 9.614507
b11 		 69 		 13.296712
b11 		 70 		 11.493892
b11 		 71 		 9.614507
b11 		 72 		 2500.0
b11 		 73 		 4960.033299
b11 		 74 		 2500.0
b11 		 75 		 16.978917
b11 		 76 		 9.614507
b11 		 77 		 2500.0
b11 		 78 		 2472.758643
b11 		 79 		 9.043139
b11 		 80 		 10.185876
b11 		 81 		 2500.0
b11 		 82 		 4971.362314
b11 		 83 		 2500.0
b11 		 84 		 2500.0
b11 		 85 		 4971.362314
b11 		 86 		 2500.0
b11 		 87 		 22.20338
b11 		 88 		 9.614507
b11 		 89 		 9.614507
b11 		 90 		 2500.0
b11 		 91 		 2480.307546
b11 		 92 		 9.408671
b11 		 93 		 9.408671
b11 		 94 		 9.408671
b11 		 95 		 2500.0
b11 		 96 		 2480.976822
----------------------------------------------------------------------------------------------------
b12 		 1 		 2480.976822
b12 		 2 		 2500.0
b12 		 3 		 9.614507
b12 		 4 		 9.408671
b12 		 5 		 9.408671
b12 		 6 		 9.408671
b12 		 7 		 9.614507
b12 		 8 		 2500.0
b12 		 9 		 2481.182658
b12 		 10 		 9.408671
b12 		 11 		 9.614507
b12 		 12 		 9.614507
b12 		 13 		 2500.0
b12 		 14 		 2481.182658
b12 		 15 		 9.408671
b12 		 16 		 9.408671
b12 		 17 		 9.408671
b12 		 18 		 9.614507
b12 		 19 		 9.408671
b12 		 20 		 9.614507
b12 		 21 		 9.614507
b12 		 22 		 9.614507
b12 		 23 		 9.408671
b12 		 24 		 9.408671
b12 		 25 		 9.614507
b12 		 26 		 9.408671
b12 		 27 		 2500.0
b12 		 28 		 4971.362314
b12 		 29 		 2500.0
b12 		 30 		 2500.0
b12 		 31 		 2480.976822
b12 		 32 		 9.614507
b12 		 33 		 2480.976822
b12 		 34 		 2500.0
b12 		 35 		 2500.0
b12 		 36 		 2500.0
b12 		 37 		 9.614507
b12 		 38 		 9.614507
b12 		 39 		 10.185876
b12 		 40 		 9.614507
b12 		 41 		 9.614507
b12 		 42 		 9.614507
b12 		 43 		 2480.3565
b12 		 44 		 2500.0
b12 		 45 		 10.757244
b12 		 46 		 9.614507
b12 		 47 		 2479.628249
b12 		 48 		 2500.0
b12 		 49 		 9.614507
b12 		 50 		 12.06526
b12 		 51 		 9.614507
b12 		 52 		 17.055481
b12 		 53 		 9.614507
b12 		 54 		 11.493892
b12 		 55 		 9.614507
b12 		 56 		 15.176097
b12 		 57 		 2475.209396
b12 		 58 		 2500.0
b12 		 59 		 13.296712
b12 		 60 		 11.493892
b12 		 61 		 2500.0
b12 		 62 		 4971.362314
b12 		 63 		 2500.0
b12 		 64 		 2500.0
b12 		 65 		 9.614507
b12 		 66 		 2500.0
b12 		 67 		 9.614507
b12 		 68 		 9.614507
b12 		 69 		 13.296712
b12 		 70 		 11.493892
b12 		 71 		 9.614507
b12 		 72 		 2500.0
b12 		 73 		 4960.033299
b12 		 74 		 2500.0
b12 		 75 		 16.978917
b12 		 76 		 9.614507
b12 		 77 		 2500.0
b12 		 78 		 2472.758643
b12 		 79 		 9.043139
b12 		 80 		 10.185876
b12 		 81 		 2500.0
b12 		 82 		 4971.362314
b12 		 83 		 2500.0
b12 		 84 		 2500.0
b12 		 85 		 4971.362314
b12 		 86 		 2500.0
b12 		 87 		 22.20338
b12 		 88 		 9.614507
b12 		 89 		 9.614507
b12 		 90 		 2500.0
b12 		 91 		 2480.307546
b12 		 92 		 9.408671
b12 		 93 		 9.408671
b12 		 94 		 9.408671
b12 		 95 		 2500.0
b12 		 96 		 2480.976822
----------------------------------------------------------------------------------------------------
b13 		 1 		 2480.976822
b13 		 2 		 2500.0
b13 		 3 		 9.614507
b13 		 4 		 9.408671
b13 		 5 		 9.408671
b13 		 6 		 9.408671
b13 		 7 		 9.614507
b13 		 8 		 2500.0
b13 		 9 		 2481.182658
b13 		 10 		 9.408671
b13 		 11 		 9.614507
b13 		 12 		 9.614507
b13 		 13 		 2500.0
b13 		 14 		 2481.182658
b13 		 15 		 9.408671
b13 		 16 		 9.408671
b13 		 17 		 9.408671
b13 		 18 		 9.614507
b13 		 19 		 9.408671
b13 		 20 		 9.614507
b13 		 21 		 9.614507
b13 		 22 		 9.614507
b13 		 23 		 9.408671
b13 		 24 		 9.408671
b13 		 25 		 9.614507
b13 		 26 		 9.408671
b13 		 27 		 2500.0
b13 		 28 		 4971.362314
b13 		 29 		 2500.0
b13 		 30 		 2500.0
b13 		 31 		 2480.976822
b13 		 32 		 9.614507
b13 		 33 		 2480.976822
b13 		 34 		 2500.0
b13 		 35 		 2500.0
b13 		 36 		 2500.0
b13 		 37 		 9.614507
b13 		 38 		 9.614507
b13 		 39 		 10.185876
b13 		 40 		 9.614507
b13 		 41 		 9.614507
b13 		 42 		 9.614507
b13 		 43 		 2480.3565
b13 		 44 		 2500.0
b13 		 45 		 10.757244
b13 		 46 		 9.614507
b13 		 47 		 2479.628249
b13 		 48 		 2500.0
b13 		 49 		 9.614507
b13 		 50 		 12.06526
b13 		 51 		 9.614507
b13 		 52 		 17.055481
b13 		 53 		 9.614507
b13 		 54 		 11.493892
b13 		 55 		 9.614507
b13 		 56 		 15.176097
b13 		 57 		 2475.209396
b13 		 58 		 2500.0
b13 		 59 		 13.296712
b13 		 60 		 11.493892
b13 		 61 		 2500.0
b13 		 62 		 4971.362314
b13 		 63 		 2500.0
b13 		 64 		 2500.0
b13 		 65 		 9.614507
b13 		 66 		 2500.0
b13 		 67 		 9.614507
b13 		 68 		 9.614507
b13 		 69 		 13.296712
b13 		 70 		 11.493892
b13 		 71 		 9.614507
b13 		 72 		 2500.0
b13 		 73 		 4960.033299
b13 		 74 		 2500.0
b13 		 75 		 16.978917
b13 		 76 		 9.614507
b13 		 77 		 2500.0
b13 		 78 		 2472.758643
b13 		 79 		 9.043139
b13 		 80 		 10.185876
b13 		 81 		 2500.0
b13 		 82 		 4971.362314
b13 		 83 		 2500.0
b13 		 84 		 2500.0
b13 		 85 		 4971.362314
b13 		 86 		 2500.0
b13 		 87 		 22.20338
b13 		 88 		 9.614507
b13 		 89 		 9.614507
b13 		 90 		 2500.0
b13 		 91 		 2480.307546
b13 		 92 		 9.408671
b13 		 93 		 9.408671
b13 		 94 		 9.408671
b13 		 95 		 2500.0
b13 		 96 		 2480.976822
----------------------------------------------------------------------------------------------------
b14 		 1 		 2480.976822
b14 		 2 		 2500.0
b14 		 3 		 9.614507
b14 		 4 		 9.408671
b14 		 5 		 9.408671
b14 		 6 		 9.408671
b14 		 7 		 9.614507
b14 		 8 		 2500.0
b14 		 9 		 2481.182658
b14 		 10 		 9.408671
b14 		 11 		 9.614507
b14 		 12 		 9.614507
b14 		 13 		 2500.0
b14 		 14 		 2481.182658
b14 		 15 		 9.408671
b14 		 16 		 9.408671
b14 		 17 		 9.408671
b14 		 18 		 9.614507
b14 		 19 		 9.408671
b14 		 20 		 9.614507
b14 		 21 		 9.614507
b14 		 22 		 9.614507
b14 		 23 		 9.408671
b14 		 24 		 9.408671
b14 		 25 		 9.614507
b14 		 26 		 9.408671
b14 		 27 		 2500.0
b14 		 28 		 4971.362314
b14 		 29 		 2500.0
b14 		 30 		 2500.0
b14 		 31 		 2480.976822
b14 		 32 		 9.614507
b14 		 33 		 2480.976822
b14 		 34 		 2500.0
b14 		 35 		 2500.0
b14 		 36 		 2500.0
b14 		 37 		 9.614507
b14 		 38 		 9.614507
b14 		 39 		 10.185876
b14 		 40 		 9.614507
b14 		 41 		 9.614507
b14 		 42 		 9.614507
b14 		 43 		 2480.3565
b14 		 44 		 2500.0
b14 		 45 		 10.757244
b14 		 46 		 9.614507
b14 		 47 		 2479.628249
b14 		 48 		 2500.0
b14 		 49 		 9.614507
b14 		 50 		 12.06526
b14 		 51 		 9.614507
b14 		 52 		 17.055481
b14 		 53 		 9.614507
b14 		 54 		 11.493892
b14 		 55 		 9.614507
b14 		 56 		 15.176097
b14 		 57 		 2475.209396
b14 		 58 		 2500.0
b14 		 59 		 13.296712
b14 		 60 		 11.493892
b14 		 61 		 2500.0
b14 		 62 		 4971.362314
b14 		 63 		 2500.0
b14 		 64 		 2500.0
b14 		 65 		 9.614507
b14 		 66 		 2500.0
b14 		 67 		 9.614507
b14 		 68 		 9.614507
b14 		 69 		 13.296712
b14 		 70 		 11.493892
b14 		 71 		 9.614507
b14 		 72 		 2500.0
b14 		 73 		 4960.033299
b14 		 74 		 2500.0
b14 		 75 		 16.978917
b14 		 76 		 9.614507
b14 		 77 		 2500.0
b14 		 78 		 2472.758643
b14 		 79 		 9.043139
b14 		 80 		 10.185876
b14 		 81 		 2500.0
b14 		 82 		 4971.362314
b14 		 83 		 2500.0
b14 		 84 		 2500.0
b14 		 85 		 4971.362314
b14 		 86 		 2500.0
b14 		 87 		 22.20338
b14 		 88 		 9.614507
b14 		 89 		 9.614507
b14 		 90 		 2500.0
b14 		 91 		 2480.307546
b14 		 92 		 9.408671
b14 		 93 		 9.408671
b14 		 94 		 9.408671
b14 		 95 		 2500.0
b14 		 96 		 2480.976822
----------------------------------------------------------------------------------------------------
Total overall payments
----------------------------------------------------------------------------------------------------------------------------------------------------
total generation payment 	 total up-FRP payment 	 total dw-FRP payment 	 total pre-up t. payment 	 uplift payment 	 total post-up t. payment 	 profit
----------------------------------------------------------------------------------------------------------------------------------------------------
-1.0022824641540003e6 			 0.0 			 0.0 			 -1.0022824641540003e6			 2.364573651726e6 			 1.362291187572e6 			 1.048704783971e6
