****************************************************************************************************
 
Generation payment
----------------------------------------------------------------------------------------------------------------
unit	 time 	 generation payment 	 up-FRP payment 	 dw-FRP payment 	pre-up total payment
----------------------------------------------------------------------------------------------------------------
g1	 1 	 448.663661 			 0.0 			 0.0			 448.663661 
g1	 2 	 333.019506 			 0.0 			 0.0			 333.019506 
g1	 3 	 116.782225 			 0.0 			 0.0			 116.782225 
g1	 4 	 90479.7875 			 0.0 			 0.0			 90479.7875 
g1	 5 	 -19938.581113 			 0.0 			 0.0			 -19938.581113 
g1	 6 	 110517.0925 			 0.0 			 0.0			 110517.0925 
g1	 7 	 -64643.434501 			 0.0 			 0.0			 -64643.434501 
g1	 8 	 110517.0925 			 0.0 			 0.0			 110517.0925 
g1	 9 	 84.151605 			 0.0 			 0.0			 84.151605 
g1	 10 	 174.164793 			 0.0 			 0.0			 174.164793 
g1	 11 	 149.325149 			 0.0 			 0.0			 149.325149 
g1	 12 	 -17.614462 			 0.0 			 0.0			 -17.614462 
g1	 13 	 274.459843 			 0.0 			 0.0			 274.459843 
g1	 14 	 60.557462 			 0.0 			 0.0			 60.557462 
g1	 15 	 -49.093486 			 0.0 			 0.0			 -49.093486 
g1	 16 	 424.975131 			 0.0 			 0.0			 424.975131 
g1	 17 	 260.665932 			 0.0 			 0.0			 260.665932 
g1	 18 	 160.132372 			 0.0 			 0.0			 160.132372 
g1	 19 	 15.064355 			 0.0 			 0.0			 15.064355 
g1	 20 	 145395.88 			 0.0 			 0.0			 145395.88 
g1	 21 	 -31288.387653 			 0.0 			 0.0			 -31288.387653 
g1	 22 	 199.652996 			 0.0 			 0.0			 199.652996 
g1	 23 	 11553.26 			 0.0 			 0.0			 11553.26 
g1	 24 	 -392425.236397 			 0.0 			 0.0			 -392425.236397 
g1	 25 	 -43462.165 			 0.0 			 0.0			 -43462.165 
g1	 26 	 99562.835 			 0.0 			 0.0			 99562.835 
g1	 27 	 77.147477 			 0.0 			 0.0			 77.147477 
g1	 28 	 -55801.289629 			 0.0 			 0.0			 -55801.289629 
g1	 29 	 36229.4475 			 0.0 			 0.0			 36229.4475 
g1	 30 	 -27.3259 			 0.0 			 0.0			 -27.3259 
g1	 31 	 511.404973 			 0.0 			 0.0			 511.404973 
g1	 32 	 288.739586 			 0.0 			 0.0			 288.739586 
g1	 33 	 325.626075 			 0.0 			 0.0			 325.626075 
g1	 34 	 -176.654884 			 0.0 			 0.0			 -176.654884 
g1	 35 	 7.663224 			 0.0 			 0.0			 7.663224 
g1	 36 	 -345.23068 			 0.0 			 0.0			 -345.23068 
g1	 37 	 35.184317 			 0.0 			 0.0			 35.184317 
g1	 38 	 365.338902 			 0.0 			 0.0			 365.338902 
g1	 39 	 34.179986 			 0.0 			 0.0			 34.179986 
g1	 40 	 502.487689 			 0.0 			 0.0			 502.487689 
g1	 41 	 247.969641 			 0.0 			 0.0			 247.969641 
g1	 42 	 -81451.335196 			 0.0 			 0.0			 -81451.335196 
g1	 43 	 60861.1475 			 0.0 			 0.0			 60861.1475 
g1	 44 	 60861.1475 			 0.0 			 0.0			 60861.1475 
g1	 45 	 -99822.606498 			 0.0 			 0.0			 -99822.606498 
g1	 46 	 83.042949 			 0.0 			 0.0			 83.042949 
g1	 47 	 132.172031 			 0.0 			 0.0			 132.172031 
g1	 48 	 172.152509 			 0.0 			 0.0			 172.152509 
g1	 49 	 172.152509 			 0.0 			 0.0			 172.152509 
g1	 50 	 62.946168 			 0.0 			 0.0			 62.946168 
g1	 51 	 42252.75 			 0.0 			 0.0			 42252.75 
g1	 52 	 -99875.331184 			 0.0 			 0.0			 -99875.331184 
g1	 53 	 -94.458416 			 0.0 			 0.0			 -94.458416 
g1	 54 	 55.66714 			 0.0 			 0.0			 55.66714 
g1	 55 	 -105.842887 			 0.0 			 0.0			 -105.842887 
g1	 56 	 -13.188142 			 0.0 			 0.0			 -13.188142 
g1	 57 	 42252.75 			 0.0 			 0.0			 42252.75 
g1	 58 	 42252.75 			 0.0 			 0.0			 42252.75 
g1	 59 	 -72265.2 			 0.0 			 0.0			 -72265.2 
g1	 60 	 -428114.234741 			 0.0 			 0.0			 -428114.234741 
g1	 61 	 -72265.2 			 0.0 			 0.0			 -72265.2 
g1	 62 	 -32.049209 			 0.0 			 0.0			 -32.049209 
g1	 63 	 -427.257134 			 0.0 			 0.0			 -427.257134 
g1	 64 	 -99898.3624 			 0.0 			 0.0			 -99898.3624 
g1	 65 	 42252.75 			 0.0 			 0.0			 42252.75 
g1	 66 	 194.259418 			 0.0 			 0.0			 194.259418 
g1	 67 	 297.913155 			 0.0 			 0.0			 297.913155 
g1	 68 	 9505.93 			 0.0 			 0.0			 9505.93 
g1	 69 	 -265497.675907 			 0.0 			 0.0			 -265497.675907 
g1	 70 	 9505.93 			 0.0 			 0.0			 9505.93 
g1	 71 	 256.492733 			 0.0 			 0.0			 256.492733 
g1	 72 	 -51.013949 			 0.0 			 0.0			 -51.013949 
g1	 73 	 172.152509 			 0.0 			 0.0			 172.152509 
g1	 74 	 172.152509 			 0.0 			 0.0			 172.152509 
g1	 75 	 -29.443784 			 0.0 			 0.0			 -29.443784 
g1	 76 	 -99545.700237 			 0.0 			 0.0			 -99545.700237 
g1	 77 	 42252.75 			 0.0 			 0.0			 42252.75 
g1	 78 	 -66.534254 			 0.0 			 0.0			 -66.534254 
g1	 79 	 -252.801934 			 0.0 			 0.0			 -252.801934 
g1	 80 	 -662.163109 			 0.0 			 0.0			 -662.163109 
g1	 81 	 -99688.915058 			 0.0 			 0.0			 -99688.915058 
g1	 82 	 42252.75 			 0.0 			 0.0			 42252.75 
g1	 83 	 -99476.116756 			 0.0 			 0.0			 -99476.116756 
g1	 84 	 42252.75 			 0.0 			 0.0			 42252.75 
g1	 85 	 -148.612665 			 0.0 			 0.0			 -148.612665 
g1	 86 	 -323.463003 			 0.0 			 0.0			 -323.463003 
g1	 87 	 224.729059 			 0.0 			 0.0			 224.729059 
g1	 88 	 235.67984 			 0.0 			 0.0			 235.67984 
g1	 89 	 109265.815 			 0.0 			 0.0			 109265.815 
g1	 90 	 -33499.52265 			 0.0 			 0.0			 -33499.52265 
g1	 91 	 -18024.70161 			 0.0 			 0.0			 -18024.70161 
g1	 92 	 124842.6225 			 0.0 			 0.0			 124842.6225 
g1	 93 	 -65.775284 			 0.0 			 0.0			 -65.775284 
g1	 94 	 -123280.048407 			 0.0 			 0.0			 -123280.048407 
g1	 95 	 18799.6875 			 0.0 			 0.0			 18799.6875 
g1	 96 	 349.545641 			 0.0 			 0.0			 349.545641 
----------------------------------------------------------------------------------------------------
g2	 1 	 0.0 			 0.0 			 0.0			 0.0 
g2	 2 	 0.0 			 0.0 			 0.0			 0.0 
g2	 3 	 0.0 			 0.0 			 0.0			 0.0 
g2	 4 	 0.0 			 0.0 			 0.0			 0.0 
g2	 5 	 0.0 			 0.0 			 0.0			 0.0 
g2	 6 	 0.0 			 0.0 			 0.0			 0.0 
g2	 7 	 0.0 			 0.0 			 0.0			 0.0 
g2	 8 	 0.0 			 0.0 			 0.0			 0.0 
g2	 9 	 0.0 			 0.0 			 0.0			 0.0 
g2	 10 	 0.0 			 0.0 			 0.0			 0.0 
g2	 11 	 0.0 			 0.0 			 0.0			 0.0 
g2	 12 	 0.0 			 0.0 			 0.0			 0.0 
g2	 13 	 0.0 			 0.0 			 0.0			 0.0 
g2	 14 	 0.0 			 0.0 			 0.0			 0.0 
g2	 15 	 0.0 			 0.0 			 0.0			 0.0 
g2	 16 	 0.0 			 0.0 			 0.0			 0.0 
g2	 17 	 0.0 			 0.0 			 0.0			 0.0 
g2	 18 	 0.0 			 0.0 			 0.0			 0.0 
g2	 19 	 0.0 			 0.0 			 0.0			 0.0 
g2	 20 	 0.0 			 0.0 			 0.0			 0.0 
g2	 21 	 0.0 			 0.0 			 0.0			 0.0 
g2	 22 	 0.0 			 0.0 			 0.0			 0.0 
g2	 23 	 0.0 			 0.0 			 0.0			 0.0 
g2	 24 	 0.0 			 0.0 			 0.0			 0.0 
g2	 25 	 0.0 			 0.0 			 0.0			 0.0 
g2	 26 	 0.0 			 0.0 			 0.0			 0.0 
g2	 27 	 0.0 			 0.0 			 0.0			 0.0 
g2	 28 	 0.0 			 0.0 			 0.0			 0.0 
g2	 29 	 0.0 			 0.0 			 0.0			 0.0 
g2	 30 	 0.0 			 0.0 			 0.0			 0.0 
g2	 31 	 0.0 			 0.0 			 0.0			 0.0 
g2	 32 	 0.0 			 0.0 			 0.0			 0.0 
g2	 33 	 0.0 			 0.0 			 0.0			 0.0 
g2	 34 	 0.0 			 0.0 			 0.0			 0.0 
g2	 35 	 0.0 			 0.0 			 0.0			 0.0 
g2	 36 	 0.0 			 0.0 			 0.0			 0.0 
g2	 37 	 21.701904 			 0.0 			 0.0			 21.701904 
g2	 38 	 21.701904 			 0.0 			 0.0			 21.701904 
g2	 39 	 21.701904 			 0.0 			 0.0			 21.701904 
g2	 40 	 172.270441 			 0.0 			 0.0			 172.270441 
g2	 41 	 204.976016 			 0.0 			 0.0			 204.976016 
g2	 42 	 48485.829757 			 0.0 			 0.0			 48485.829757 
g2	 43 	 104747.4725 			 0.0 			 0.0			 104747.4725 
g2	 44 	 141115.095 			 0.0 			 0.0			 141115.095 
g2	 45 	 55635.98507 			 0.0 			 0.0			 55635.98507 
g2	 46 	 1.260529 			 0.0 			 0.0			 1.260529 
g2	 47 	 -90.258367 			 0.0 			 0.0			 -90.258367 
g2	 48 	 -29.896493 			 0.0 			 0.0			 -29.896493 
g2	 49 	 -49.920489 			 0.0 			 0.0			 -49.920489 
g2	 50 	 -33.532372 			 0.0 			 0.0			 -33.532372 
g2	 51 	 47118.2875 			 0.0 			 0.0			 47118.2875 
g2	 52 	 -8641.607547 			 0.0 			 0.0			 -8641.607547 
g2	 53 	 -336.795171 			 0.0 			 0.0			 -336.795171 
g2	 54 	 -122.055157 			 0.0 			 0.0			 -122.055157 
g2	 55 	 92.684857 			 0.0 			 0.0			 92.684857 
g2	 56 	 307.424871 			 0.0 			 0.0			 307.424871 
g2	 57 	 114297.4875 			 0.0 			 0.0			 114297.4875 
g2	 58 	 114297.4875 			 0.0 			 0.0			 114297.4875 
g2	 59 	 58459.9875 			 0.0 			 0.0			 58459.9875 
g2	 60 	 5214.934211 			 0.0 			 0.0			 5214.934211 
g2	 61 	 48613.2375 			 0.0 			 0.0			 48613.2375 
g2	 62 	 -27.783089 			 0.0 			 0.0			 -27.783089 
g2	 63 	 -242.523103 			 0.0 			 0.0			 -242.523103 
g2	 64 	 -89408.792711 			 0.0 			 0.0			 -89408.792711 
g2	 65 	 -49417.195 			 0.0 			 0.0			 -49417.195 
g2	 66 	 25.514946 			 0.0 			 0.0			 25.514946 
g2	 67 	 205.14886 			 0.0 			 0.0			 205.14886 
g2	 68 	 -26741.425 			 0.0 			 0.0			 -26741.425 
g2	 69 	 -153247.530941 			 0.0 			 0.0			 -153247.530941 
g2	 70 	 -21230.85 			 0.0 			 0.0			 -21230.85 
g2	 71 	 119.165992 			 0.0 			 0.0			 119.165992 
g2	 72 	 -139.244828 			 0.0 			 0.0			 -139.244828 
g2	 73 	 -134.864502 			 0.0 			 0.0			 -134.864502 
g2	 74 	 -163.621491 			 0.0 			 0.0			 -163.621491 
g2	 75 	 -11.644822 			 0.0 			 0.0			 -11.644822 
g2	 76 	 52166.79815 			 0.0 			 0.0			 52166.79815 
g2	 77 	 138503.57 			 0.0 			 0.0			 138503.57 
g2	 78 	 317.917403 			 0.0 			 0.0			 317.917403 
g2	 79 	 103.17739 			 0.0 			 0.0			 103.17739 
g2	 80 	 58.0585 			 0.0 			 0.0			 58.0585 
g2	 81 	 81579.720491 			 0.0 			 0.0			 81579.720491 
g2	 82 	 138303.76 			 0.0 			 0.0			 138303.76 
g2	 83 	 101295.162828 			 0.0 			 0.0			 101295.162828 
g2	 84 	 158452.4975 			 0.0 			 0.0			 158452.4975 
g2	 85 	 630.274478 			 0.0 			 0.0			 630.274478 
g2	 86 	 415.534464 			 0.0 			 0.0			 415.534464 
g2	 87 	 869.709982 			 0.0 			 0.0			 869.709982 
g2	 88 	 750.067339 			 0.0 			 0.0			 750.067339 
g2	 89 	 84349.7175 			 0.0 			 0.0			 84349.7175 
g2	 90 	 28292.912757 			 0.0 			 0.0			 28292.912757 
g2	 91 	 63624.534892 			 0.0 			 0.0			 63624.534892 
g2	 92 	 120018.6075 			 0.0 			 0.0			 120018.6075 
g2	 93 	 0.0 			 0.0 			 0.0			 0.0 
g2	 94 	 0.0 			 0.0 			 0.0			 0.0 
g2	 95 	 0.0 			 0.0 			 0.0			 0.0 
g2	 96 	 0.0 			 0.0 			 0.0			 0.0 
----------------------------------------------------------------------------------------------------
g3	 1 	 0.0 			 0.0 			 0.0			 0.0 
g3	 2 	 0.0 			 0.0 			 0.0			 0.0 
g3	 3 	 0.0 			 0.0 			 0.0			 0.0 
g3	 4 	 0.0 			 0.0 			 0.0			 0.0 
g3	 5 	 0.0 			 0.0 			 0.0			 0.0 
g3	 6 	 0.0 			 0.0 			 0.0			 0.0 
g3	 7 	 0.0 			 0.0 			 0.0			 0.0 
g3	 8 	 0.0 			 0.0 			 0.0			 0.0 
g3	 9 	 0.0 			 0.0 			 0.0			 0.0 
g3	 10 	 0.0 			 0.0 			 0.0			 0.0 
g3	 11 	 0.0 			 0.0 			 0.0			 0.0 
g3	 12 	 0.0 			 0.0 			 0.0			 0.0 
g3	 13 	 0.0 			 0.0 			 0.0			 0.0 
g3	 14 	 0.0 			 0.0 			 0.0			 0.0 
g3	 15 	 0.0 			 0.0 			 0.0			 0.0 
g3	 16 	 0.0 			 0.0 			 0.0			 0.0 
g3	 17 	 0.0 			 0.0 			 0.0			 0.0 
g3	 18 	 0.0 			 0.0 			 0.0			 0.0 
g3	 19 	 0.0 			 0.0 			 0.0			 0.0 
g3	 20 	 0.0 			 0.0 			 0.0			 0.0 
g3	 21 	 0.0 			 0.0 			 0.0			 0.0 
g3	 22 	 0.0 			 0.0 			 0.0			 0.0 
g3	 23 	 0.0 			 0.0 			 0.0			 0.0 
g3	 24 	 0.0 			 0.0 			 0.0			 0.0 
g3	 25 	 0.0 			 0.0 			 0.0			 0.0 
g3	 26 	 0.0 			 0.0 			 0.0			 0.0 
g3	 27 	 0.0 			 0.0 			 0.0			 0.0 
g3	 28 	 0.0 			 0.0 			 0.0			 0.0 
g3	 29 	 0.0 			 0.0 			 0.0			 0.0 
g3	 30 	 0.0 			 0.0 			 0.0			 0.0 
g3	 31 	 0.0 			 0.0 			 0.0			 0.0 
g3	 32 	 0.0 			 0.0 			 0.0			 0.0 
g3	 33 	 0.0 			 0.0 			 0.0			 0.0 
g3	 34 	 0.0 			 0.0 			 0.0			 0.0 
g3	 35 	 0.0 			 0.0 			 0.0			 0.0 
g3	 36 	 0.0 			 0.0 			 0.0			 0.0 
g3	 37 	 0.0 			 0.0 			 0.0			 0.0 
g3	 38 	 0.0 			 0.0 			 0.0			 0.0 
g3	 39 	 0.0 			 0.0 			 0.0			 0.0 
g3	 40 	 0.0 			 0.0 			 0.0			 0.0 
g3	 41 	 0.0 			 0.0 			 0.0			 0.0 
g3	 42 	 0.0 			 0.0 			 0.0			 0.0 
g3	 43 	 0.0 			 0.0 			 0.0			 0.0 
g3	 44 	 0.0 			 0.0 			 0.0			 0.0 
g3	 45 	 0.0 			 0.0 			 0.0			 0.0 
g3	 46 	 0.0 			 0.0 			 0.0			 0.0 
g3	 47 	 0.0 			 0.0 			 0.0			 0.0 
g3	 48 	 0.0 			 0.0 			 0.0			 0.0 
g3	 49 	 0.0 			 0.0 			 0.0			 0.0 
g3	 50 	 0.0 			 0.0 			 0.0			 0.0 
g3	 51 	 0.0 			 0.0 			 0.0			 0.0 
g3	 52 	 0.0 			 0.0 			 0.0			 0.0 
g3	 53 	 0.0 			 0.0 			 0.0			 0.0 
g3	 54 	 0.0 			 0.0 			 0.0			 0.0 
g3	 55 	 0.0 			 0.0 			 0.0			 0.0 
g3	 56 	 0.0 			 0.0 			 0.0			 0.0 
g3	 57 	 0.0 			 0.0 			 0.0			 0.0 
g3	 58 	 0.0 			 0.0 			 0.0			 0.0 
g3	 59 	 0.0 			 0.0 			 0.0			 0.0 
g3	 60 	 0.0 			 0.0 			 0.0			 0.0 
g3	 61 	 0.0 			 0.0 			 0.0			 0.0 
g3	 62 	 0.0 			 0.0 			 0.0			 0.0 
g3	 63 	 0.0 			 0.0 			 0.0			 0.0 
g3	 64 	 0.0 			 0.0 			 0.0			 0.0 
g3	 65 	 0.0 			 0.0 			 0.0			 0.0 
g3	 66 	 0.0 			 0.0 			 0.0			 0.0 
g3	 67 	 0.0 			 0.0 			 0.0			 0.0 
g3	 68 	 0.0 			 0.0 			 0.0			 0.0 
g3	 69 	 0.0 			 0.0 			 0.0			 0.0 
g3	 70 	 0.0 			 0.0 			 0.0			 0.0 
g3	 71 	 0.0 			 0.0 			 0.0			 0.0 
g3	 72 	 0.0 			 0.0 			 0.0			 0.0 
g3	 73 	 0.0 			 0.0 			 0.0			 0.0 
g3	 74 	 0.0 			 0.0 			 0.0			 0.0 
g3	 75 	 0.0 			 0.0 			 0.0			 0.0 
g3	 76 	 0.0 			 0.0 			 0.0			 0.0 
g3	 77 	 0.0 			 0.0 			 0.0			 0.0 
g3	 78 	 0.0 			 0.0 			 0.0			 0.0 
g3	 79 	 0.0 			 0.0 			 0.0			 0.0 
g3	 80 	 0.0 			 0.0 			 0.0			 0.0 
g3	 81 	 0.0 			 0.0 			 0.0			 0.0 
g3	 82 	 0.0 			 0.0 			 0.0			 0.0 
g3	 83 	 0.0 			 0.0 			 0.0			 0.0 
g3	 84 	 0.0 			 0.0 			 0.0			 0.0 
g3	 85 	 0.0 			 0.0 			 0.0			 0.0 
g3	 86 	 0.0 			 0.0 			 0.0			 0.0 
g3	 87 	 0.0 			 0.0 			 0.0			 0.0 
g3	 88 	 0.0 			 0.0 			 0.0			 0.0 
g3	 89 	 0.0 			 0.0 			 0.0			 0.0 
g3	 90 	 0.0 			 0.0 			 0.0			 0.0 
g3	 91 	 0.0 			 0.0 			 0.0			 0.0 
g3	 92 	 0.0 			 0.0 			 0.0			 0.0 
g3	 93 	 0.0 			 0.0 			 0.0			 0.0 
g3	 94 	 0.0 			 0.0 			 0.0			 0.0 
g3	 95 	 0.0 			 0.0 			 0.0			 0.0 
g3	 96 	 0.0 			 0.0 			 0.0			 0.0 
----------------------------------------------------------------------------------------------------
g4	 1 	 0.0 			 0.0 			 0.0			 0.0 
g4	 2 	 0.0 			 0.0 			 0.0			 0.0 
g4	 3 	 0.0 			 0.0 			 0.0			 0.0 
g4	 4 	 0.0 			 0.0 			 0.0			 0.0 
g4	 5 	 0.0 			 0.0 			 0.0			 0.0 
g4	 6 	 0.0 			 0.0 			 0.0			 0.0 
g4	 7 	 0.0 			 0.0 			 0.0			 0.0 
g4	 8 	 0.0 			 0.0 			 0.0			 0.0 
g4	 9 	 0.0 			 0.0 			 0.0			 0.0 
g4	 10 	 0.0 			 0.0 			 0.0			 0.0 
g4	 11 	 0.0 			 0.0 			 0.0			 0.0 
g4	 12 	 0.0 			 0.0 			 0.0			 0.0 
g4	 13 	 0.0 			 0.0 			 0.0			 0.0 
g4	 14 	 0.0 			 0.0 			 0.0			 0.0 
g4	 15 	 0.0 			 0.0 			 0.0			 0.0 
g4	 16 	 0.0 			 0.0 			 0.0			 0.0 
g4	 17 	 0.0 			 0.0 			 0.0			 0.0 
g4	 18 	 0.0 			 0.0 			 0.0			 0.0 
g4	 19 	 0.0 			 0.0 			 0.0			 0.0 
g4	 20 	 0.0 			 0.0 			 0.0			 0.0 
g4	 21 	 0.0 			 0.0 			 0.0			 0.0 
g4	 22 	 0.0 			 0.0 			 0.0			 0.0 
g4	 23 	 0.0 			 0.0 			 0.0			 0.0 
g4	 24 	 0.0 			 0.0 			 0.0			 0.0 
g4	 25 	 0.0 			 0.0 			 0.0			 0.0 
g4	 26 	 0.0 			 0.0 			 0.0			 0.0 
g4	 27 	 0.0 			 0.0 			 0.0			 0.0 
g4	 28 	 0.0 			 0.0 			 0.0			 0.0 
g4	 29 	 0.0 			 0.0 			 0.0			 0.0 
g4	 30 	 0.0 			 0.0 			 0.0			 0.0 
g4	 31 	 0.0 			 0.0 			 0.0			 0.0 
g4	 32 	 0.0 			 0.0 			 0.0			 0.0 
g4	 33 	 0.0 			 0.0 			 0.0			 0.0 
g4	 34 	 0.0 			 0.0 			 0.0			 0.0 
g4	 35 	 0.0 			 0.0 			 0.0			 0.0 
g4	 36 	 0.0 			 0.0 			 0.0			 0.0 
g4	 37 	 0.0 			 0.0 			 0.0			 0.0 
g4	 38 	 0.0 			 0.0 			 0.0			 0.0 
g4	 39 	 0.0 			 0.0 			 0.0			 0.0 
g4	 40 	 0.0 			 0.0 			 0.0			 0.0 
g4	 41 	 0.0 			 0.0 			 0.0			 0.0 
g4	 42 	 0.0 			 0.0 			 0.0			 0.0 
g4	 43 	 0.0 			 0.0 			 0.0			 0.0 
g4	 44 	 0.0 			 0.0 			 0.0			 0.0 
g4	 45 	 0.0 			 0.0 			 0.0			 0.0 
g4	 46 	 0.0 			 0.0 			 0.0			 0.0 
g4	 47 	 0.0 			 0.0 			 0.0			 0.0 
g4	 48 	 0.0 			 0.0 			 0.0			 0.0 
g4	 49 	 0.0 			 0.0 			 0.0			 0.0 
g4	 50 	 0.0 			 0.0 			 0.0			 0.0 
g4	 51 	 0.0 			 0.0 			 0.0			 0.0 
g4	 52 	 0.0 			 0.0 			 0.0			 0.0 
g4	 53 	 0.0 			 0.0 			 0.0			 0.0 
g4	 54 	 0.0 			 0.0 			 0.0			 0.0 
g4	 55 	 0.0 			 0.0 			 0.0			 0.0 
g4	 56 	 0.0 			 0.0 			 0.0			 0.0 
g4	 57 	 0.0 			 0.0 			 0.0			 0.0 
g4	 58 	 0.0 			 0.0 			 0.0			 0.0 
g4	 59 	 0.0 			 0.0 			 0.0			 0.0 
g4	 60 	 0.0 			 0.0 			 0.0			 0.0 
g4	 61 	 0.0 			 0.0 			 0.0			 0.0 
g4	 62 	 0.0 			 0.0 			 0.0			 0.0 
g4	 63 	 0.0 			 0.0 			 0.0			 0.0 
g4	 64 	 0.0 			 0.0 			 0.0			 0.0 
g4	 65 	 0.0 			 0.0 			 0.0			 0.0 
g4	 66 	 0.0 			 0.0 			 0.0			 0.0 
g4	 67 	 0.0 			 0.0 			 0.0			 0.0 
g4	 68 	 0.0 			 0.0 			 0.0			 0.0 
g4	 69 	 0.0 			 0.0 			 0.0			 0.0 
g4	 70 	 0.0 			 0.0 			 0.0			 0.0 
g4	 71 	 0.0 			 0.0 			 0.0			 0.0 
g4	 72 	 0.0 			 0.0 			 0.0			 0.0 
g4	 73 	 0.0 			 0.0 			 0.0			 0.0 
g4	 74 	 0.0 			 0.0 			 0.0			 0.0 
g4	 75 	 0.0 			 0.0 			 0.0			 0.0 
g4	 76 	 0.0 			 0.0 			 0.0			 0.0 
g4	 77 	 0.0 			 0.0 			 0.0			 0.0 
g4	 78 	 0.0 			 0.0 			 0.0			 0.0 
g4	 79 	 0.0 			 0.0 			 0.0			 0.0 
g4	 80 	 0.0 			 0.0 			 0.0			 0.0 
g4	 81 	 0.0 			 0.0 			 0.0			 0.0 
g4	 82 	 0.0 			 0.0 			 0.0			 0.0 
g4	 83 	 0.0 			 0.0 			 0.0			 0.0 
g4	 84 	 0.0 			 0.0 			 0.0			 0.0 
g4	 85 	 0.0 			 0.0 			 0.0			 0.0 
g4	 86 	 0.0 			 0.0 			 0.0			 0.0 
g4	 87 	 0.0 			 0.0 			 0.0			 0.0 
g4	 88 	 0.0 			 0.0 			 0.0			 0.0 
g4	 89 	 0.0 			 0.0 			 0.0			 0.0 
g4	 90 	 0.0 			 0.0 			 0.0			 0.0 
g4	 91 	 0.0 			 0.0 			 0.0			 0.0 
g4	 92 	 0.0 			 0.0 			 0.0			 0.0 
g4	 93 	 0.0 			 0.0 			 0.0			 0.0 
g4	 94 	 0.0 			 0.0 			 0.0			 0.0 
g4	 95 	 0.0 			 0.0 			 0.0			 0.0 
g4	 96 	 0.0 			 0.0 			 0.0			 0.0 
----------------------------------------------------------------------------------------------------
g5	 1 	 0.0 			 0.0 			 0.0			 0.0 
g5	 2 	 0.0 			 0.0 			 0.0			 0.0 
g5	 3 	 0.0 			 0.0 			 0.0			 0.0 
g5	 4 	 0.0 			 0.0 			 0.0			 0.0 
g5	 5 	 0.0 			 0.0 			 0.0			 0.0 
g5	 6 	 0.0 			 0.0 			 0.0			 0.0 
g5	 7 	 0.0 			 0.0 			 0.0			 0.0 
g5	 8 	 0.0 			 0.0 			 0.0			 0.0 
g5	 9 	 0.0 			 0.0 			 0.0			 0.0 
g5	 10 	 0.0 			 0.0 			 0.0			 0.0 
g5	 11 	 0.0 			 0.0 			 0.0			 0.0 
g5	 12 	 0.0 			 0.0 			 0.0			 0.0 
g5	 13 	 0.0 			 0.0 			 0.0			 0.0 
g5	 14 	 0.0 			 0.0 			 0.0			 0.0 
g5	 15 	 0.0 			 0.0 			 0.0			 0.0 
g5	 16 	 0.0 			 0.0 			 0.0			 0.0 
g5	 17 	 0.0 			 0.0 			 0.0			 0.0 
g5	 18 	 0.0 			 0.0 			 0.0			 0.0 
g5	 19 	 0.0 			 0.0 			 0.0			 0.0 
g5	 20 	 0.0 			 0.0 			 0.0			 0.0 
g5	 21 	 0.0 			 0.0 			 0.0			 0.0 
g5	 22 	 0.0 			 0.0 			 0.0			 0.0 
g5	 23 	 0.0 			 0.0 			 0.0			 0.0 
g5	 24 	 0.0 			 0.0 			 0.0			 0.0 
g5	 25 	 0.0 			 0.0 			 0.0			 0.0 
g5	 26 	 0.0 			 0.0 			 0.0			 0.0 
g5	 27 	 0.0 			 0.0 			 0.0			 0.0 
g5	 28 	 0.0 			 0.0 			 0.0			 0.0 
g5	 29 	 0.0 			 0.0 			 0.0			 0.0 
g5	 30 	 0.0 			 0.0 			 0.0			 0.0 
g5	 31 	 0.0 			 0.0 			 0.0			 0.0 
g5	 32 	 0.0 			 0.0 			 0.0			 0.0 
g5	 33 	 0.0 			 0.0 			 0.0			 0.0 
g5	 34 	 0.0 			 0.0 			 0.0			 0.0 
g5	 35 	 0.0 			 0.0 			 0.0			 0.0 
g5	 36 	 0.0 			 0.0 			 0.0			 0.0 
g5	 37 	 0.0 			 0.0 			 0.0			 0.0 
g5	 38 	 0.0 			 0.0 			 0.0			 0.0 
g5	 39 	 0.0 			 0.0 			 0.0			 0.0 
g5	 40 	 0.0 			 0.0 			 0.0			 0.0 
g5	 41 	 0.0 			 0.0 			 0.0			 0.0 
g5	 42 	 0.0 			 0.0 			 0.0			 0.0 
g5	 43 	 0.0 			 0.0 			 0.0			 0.0 
g5	 44 	 0.0 			 0.0 			 0.0			 0.0 
g5	 45 	 0.0 			 0.0 			 0.0			 0.0 
g5	 46 	 0.0 			 0.0 			 0.0			 0.0 
g5	 47 	 0.0 			 0.0 			 0.0			 0.0 
g5	 48 	 0.0 			 0.0 			 0.0			 0.0 
g5	 49 	 0.0 			 0.0 			 0.0			 0.0 
g5	 50 	 0.0 			 0.0 			 0.0			 0.0 
g5	 51 	 0.0 			 0.0 			 0.0			 0.0 
g5	 52 	 0.0 			 0.0 			 0.0			 0.0 
g5	 53 	 0.0 			 0.0 			 0.0			 0.0 
g5	 54 	 0.0 			 0.0 			 0.0			 0.0 
g5	 55 	 0.0 			 0.0 			 0.0			 0.0 
g5	 56 	 0.0 			 0.0 			 0.0			 0.0 
g5	 57 	 0.0 			 0.0 			 0.0			 0.0 
g5	 58 	 0.0 			 0.0 			 0.0			 0.0 
g5	 59 	 0.0 			 0.0 			 0.0			 0.0 
g5	 60 	 0.0 			 0.0 			 0.0			 0.0 
g5	 61 	 0.0 			 0.0 			 0.0			 0.0 
g5	 62 	 0.0 			 0.0 			 0.0			 0.0 
g5	 63 	 0.0 			 0.0 			 0.0			 0.0 
g5	 64 	 0.0 			 0.0 			 0.0			 0.0 
g5	 65 	 0.0 			 0.0 			 0.0			 0.0 
g5	 66 	 0.0 			 0.0 			 0.0			 0.0 
g5	 67 	 0.0 			 0.0 			 0.0			 0.0 
g5	 68 	 0.0 			 0.0 			 0.0			 0.0 
g5	 69 	 0.0 			 0.0 			 0.0			 0.0 
g5	 70 	 0.0 			 0.0 			 0.0			 0.0 
g5	 71 	 0.0 			 0.0 			 0.0			 0.0 
g5	 72 	 0.0 			 0.0 			 0.0			 0.0 
g5	 73 	 0.0 			 0.0 			 0.0			 0.0 
g5	 74 	 0.0 			 0.0 			 0.0			 0.0 
g5	 75 	 0.0 			 0.0 			 0.0			 0.0 
g5	 76 	 0.0 			 0.0 			 0.0			 0.0 
g5	 77 	 0.0 			 0.0 			 0.0			 0.0 
g5	 78 	 0.0 			 0.0 			 0.0			 0.0 
g5	 79 	 0.0 			 0.0 			 0.0			 0.0 
g5	 80 	 0.0 			 0.0 			 0.0			 0.0 
g5	 81 	 0.0 			 0.0 			 0.0			 0.0 
g5	 82 	 0.0 			 0.0 			 0.0			 0.0 
g5	 83 	 0.0 			 0.0 			 0.0			 0.0 
g5	 84 	 0.0 			 0.0 			 0.0			 0.0 
g5	 85 	 0.0 			 0.0 			 0.0			 0.0 
g5	 86 	 0.0 			 0.0 			 0.0			 0.0 
g5	 87 	 0.0 			 0.0 			 0.0			 0.0 
g5	 88 	 0.0 			 0.0 			 0.0			 0.0 
g5	 89 	 0.0 			 0.0 			 0.0			 0.0 
g5	 90 	 0.0 			 0.0 			 0.0			 0.0 
g5	 91 	 0.0 			 0.0 			 0.0			 0.0 
g5	 92 	 0.0 			 0.0 			 0.0			 0.0 
g5	 93 	 0.0 			 0.0 			 0.0			 0.0 
g5	 94 	 0.0 			 0.0 			 0.0			 0.0 
g5	 95 	 0.0 			 0.0 			 0.0			 0.0 
g5	 96 	 0.0 			 0.0 			 0.0			 0.0 
----------------------------------------------------------------------------------------------------------------
unit 	 generation payment 	 up-FRP payment 	 dw-FRP payment 	pre-up total payment
----------------------------------------------------------------------------------------------------------------
 g1 	 -1001807.228049			 0.000000			 0.000000			 -1001807.228049
 g2 	 1358841.836353			 0.000000			 0.000000			 1358841.836353
 g3 	 0.000000			 0.000000			 0.000000			 0.000000
 g4 	 0.000000			 0.000000			 0.000000			 0.000000
 g5 	 0.000000			 0.000000			 0.000000			 0.000000
----------------------------------------------------------------------------------------------------
generation payment 	 up-FRP payment 	 dw-FRP payment 	 pre-up total payment
----------------------------------------------------------------------------------------------------
357034.608304 			 0.0 			 0.0 			 357034.608304
 
****************************************************************************************************
 
Generation costs
----------------------------------------------------------------------------------------------------
unit	 time 	 generation cost 	 start-up cost  	total cost
----------------------------------------------------------------------------------------------------
g1	 1 	 2679.377101 			 0.0 			2679.377101
g1	 2 	 2563.732942 			 0.0 			2563.732942
g1	 3 	 2347.495658 			 0.0 			2347.495658
g1	 4 	 2578.680861 			 0.0 			2578.680861
g1	 5 	 2034.724699 			 0.0 			2034.724699
g1	 6 	 2530.929663 			 0.0 			2530.929663
g1	 7 	 1987.995803 			 0.0 			1987.995803
g1	 8 	 2530.929663 			 0.0 			2530.929663
g1	 9 	 2081.360966 			 0.0 			2081.360966
g1	 10 	 2171.374162 			 0.0 			2171.374162
g1	 11 	 2146.534517 			 0.0 			2146.534517
g1	 12 	 1979.594906 			 0.0 			1979.594906
g1	 13 	 2214.807248 			 0.0 			2214.807248
g1	 14 	 2000.904869 			 0.0 			2000.904869
g1	 15 	 1891.25392 			 0.0 			1891.25392
g1	 16 	 2357.168023 			 0.0 			2357.168023
g1	 17 	 2215.887501 			 0.0 			2215.887501
g1	 18 	 2115.353944 			 0.0 			2115.353944
g1	 19 	 1970.28593 			 0.0 			1970.28593
g1	 20 	 2506.556353 			 0.0 			2506.556353
g1	 21 	 1964.1443 			 0.0 			1964.1443
g1	 22 	 2282.453047 			 0.0 			2282.453047
g1	 23 	 2126.280377 			 0.0 			2126.280377
g1	 24 	 1588.010305 			 0.0 			1588.010305
g1	 25 	 2126.280377 			 0.0 			2126.280377
g1	 26 	 2672.239528 			 0.0 			2672.239528
g1	 27 	 2366.487968 			 0.0 			2366.487968
g1	 28 	 2078.232221 			 0.0 			2078.232221
g1	 29 	 2623.140209 			 0.0 			2623.140209
g1	 30 	 2456.48299 			 0.0 			2456.48299
g1	 31 	 2995.21388 			 0.0 			2995.21388
g1	 32 	 2772.548483 			 0.0 			2772.548483
g1	 33 	 3029.785929 			 0.0 			3029.785929
g1	 34 	 2527.504953 			 0.0 			2527.504953
g1	 35 	 2711.823069 			 0.0 			2711.823069
g1	 36 	 2358.929156 			 0.0 			2358.929156
g1	 37 	 2619.116686 			 0.0 			2619.116686
g1	 38 	 2949.27128 			 0.0 			2949.27128
g1	 39 	 2618.112358 			 0.0 			2618.112358
g1	 40 	 3058.233409 			 0.0 			3058.233409
g1	 41 	 3058.233409 			 0.0 			3058.233409
g1	 42 	 2508.187447 			 0.0 			2508.187447
g1	 43 	 3058.233409 			 0.0 			3058.233409
g1	 44 	 3058.233409 			 0.0 			3058.233409
g1	 45 	 2508.187447 			 0.0 			2508.187447
g1	 46 	 2978.780614 			 0.0 			2978.780614
g1	 47 	 3027.909698 			 0.0 			3027.909698
g1	 48 	 3058.233409 			 0.0 			3058.233409
g1	 49 	 3058.233409 			 0.0 			3058.233409
g1	 50 	 2958.683826 			 0.0 			2958.683826
g1	 51 	 3058.233409 			 0.0 			3058.233409
g1	 52 	 2508.187447 			 0.0 			2508.187447
g1	 53 	 2801.279238 			 0.0 			2801.279238
g1	 54 	 2951.404801 			 0.0 			2951.404801
g1	 55 	 2789.894768 			 0.0 			2789.894768
g1	 56 	 2882.549517 			 0.0 			2882.549517
g1	 57 	 3058.233409 			 0.0 			3058.233409
g1	 58 	 3058.233409 			 0.0 			3058.233409
g1	 59 	 2617.81994 			 0.0 			2617.81994
g1	 60 	 2073.025853 			 0.0 			2073.025853
g1	 61 	 2617.81994 			 0.0 			2617.81994
g1	 62 	 2863.68845 			 0.0 			2863.68845
g1	 63 	 2468.480513 			 0.0 			2468.480513
g1	 64 	 2508.187447 			 0.0 			2508.187447
g1	 65 	 3058.233409 			 0.0 			3058.233409
g1	 66 	 3058.233409 			 0.0 			3058.233409
g1	 67 	 3058.233409 			 0.0 			3058.233409
g1	 68 	 2932.295594 			 0.0 			2932.295594
g1	 69 	 2382.249632 			 0.0 			2382.249632
g1	 70 	 2932.295594 			 0.0 			2932.295594
g1	 71 	 3058.233409 			 0.0 			3058.233409
g1	 72 	 2844.723711 			 0.0 			2844.723711
g1	 73 	 3058.233409 			 0.0 			3058.233409
g1	 74 	 3058.233409 			 0.0 			3058.233409
g1	 75 	 2866.293872 			 0.0 			2866.293872
g1	 76 	 2508.187447 			 0.0 			2508.187447
g1	 77 	 3058.233409 			 0.0 			3058.233409
g1	 78 	 2829.203404 			 0.0 			2829.203404
g1	 79 	 2642.935718 			 0.0 			2642.935718
g1	 80 	 2221.100612 			 0.0 			2221.100612
g1	 81 	 2508.187447 			 0.0 			2508.187447
g1	 82 	 3058.233409 			 0.0 			3058.233409
g1	 83 	 2508.187447 			 0.0 			2508.187447
g1	 84 	 3058.233409 			 0.0 			3058.233409
g1	 85 	 2747.124988 			 0.0 			2747.124988
g1	 86 	 2572.27465 			 0.0 			2572.27465
g1	 87 	 3058.233409 			 0.0 			3058.233409
g1	 88 	 3058.233409 			 0.0 			3058.233409
g1	 89 	 2998.328077 			 0.0 			2998.328077
g1	 90 	 2448.282116 			 0.0 			2448.282116
g1	 91 	 2508.187447 			 0.0 			2508.187447
g1	 92 	 3058.233409 			 0.0 			3058.233409
g1	 93 	 2578.71519 			 0.0 			2578.71519
g1	 94 	 2169.877436 			 0.0 			2169.877436
g1	 95 	 2716.790373 			 0.0 			2716.790373
g1	 96 	 2994.036136 			 0.0 			2994.036136
----------------------------------------------------------------------------------------------------
g2	 1 	 0.0 			 0.0 			0.0
g2	 2 	 0.0 			 0.0 			0.0
g2	 3 	 0.0 			 0.0 			0.0
g2	 4 	 0.0 			 0.0 			0.0
g2	 5 	 0.0 			 0.0 			0.0
g2	 6 	 0.0 			 0.0 			0.0
g2	 7 	 0.0 			 0.0 			0.0
g2	 8 	 0.0 			 0.0 			0.0
g2	 9 	 0.0 			 0.0 			0.0
g2	 10 	 0.0 			 0.0 			0.0
g2	 11 	 0.0 			 0.0 			0.0
g2	 12 	 0.0 			 0.0 			0.0
g2	 13 	 0.0 			 0.0 			0.0
g2	 14 	 0.0 			 0.0 			0.0
g2	 15 	 0.0 			 0.0 			0.0
g2	 16 	 0.0 			 0.0 			0.0
g2	 17 	 0.0 			 0.0 			0.0
g2	 18 	 0.0 			 0.0 			0.0
g2	 19 	 0.0 			 0.0 			0.0
g2	 20 	 0.0 			 0.0 			0.0
g2	 21 	 0.0 			 0.0 			0.0
g2	 22 	 0.0 			 0.0 			0.0
g2	 23 	 0.0 			 0.0 			0.0
g2	 24 	 0.0 			 0.0 			0.0
g2	 25 	 0.0 			 0.0 			0.0
g2	 26 	 0.0 			 0.0 			0.0
g2	 27 	 0.0 			 0.0 			0.0
g2	 28 	 0.0 			 0.0 			0.0
g2	 29 	 0.0 			 0.0 			0.0
g2	 30 	 0.0 			 0.0 			0.0
g2	 31 	 0.0 			 0.0 			0.0
g2	 32 	 0.0 			 0.0 			0.0
g2	 33 	 0.0 			 0.0 			0.0
g2	 34 	 0.0 			 0.0 			0.0
g2	 35 	 0.0 			 0.0 			0.0
g2	 36 	 0.0 			 0.0 			0.0
g2	 37 	 534.771644 			 10598.13 			11132.901644
g2	 38 	 534.771644 			 0.0 			534.771644
g2	 39 	 534.771644 			 0.0 			534.771644
g2	 40 	 684.050479 			 0.0 			684.050479
g2	 41 	 716.756054 			 0.0 			716.756054
g2	 42 	 711.056402 			 0.0 			711.056402
g2	 43 	 949.41502 			 0.0 			949.41502
g2	 44 	 1116.617236 			 0.0 			1116.617236
g2	 45 	 859.901162 			 0.0 			859.901162
g2	 46 	 631.729308 			 0.0 			631.729308
g2	 47 	 534.771644 			 0.0 			534.771644
g2	 48 	 600.497376 			 0.0 			600.497376
g2	 49 	 754.660711 			 0.0 			754.660711
g2	 50 	 769.056072 			 0.0 			769.056072
g2	 51 	 1014.8627 			 0.0 			1014.8627
g2	 52 	 769.056072 			 0.0 			769.056072
g2	 53 	 582.483226 			 0.0 			582.483226
g2	 54 	 809.984761 			 0.0 			809.984761
g2	 55 	 1061.047233 			 0.0 			1061.047233
g2	 56 	 1334.000163 			 0.0 			1334.000163
g2	 57 	 1630.982228 			 0.0 			1630.982228
g2	 58 	 1630.982228 			 0.0 			1630.982228
g2	 59 	 1334.000163 			 0.0 			1334.000163
g2	 60 	 1061.047233 			 0.0 			1061.047233
g2	 61 	 1334.000163 			 0.0 			1334.000163
g2	 62 	 1061.047233 			 0.0 			1061.047233
g2	 63 	 809.984761 			 0.0 			809.984761
g2	 64 	 699.451066 			 0.0 			699.451066
g2	 65 	 936.319388 			 0.0 			936.319388
g2	 66 	 1189.032695 			 0.0 			1189.032695
g2	 67 	 1310.313997 			 0.0 			1310.313997
g2	 68 	 1040.57253 			 0.0 			1040.57253
g2	 69 	 791.840099 			 0.0 			791.840099
g2	 70 	 1040.57253 			 0.0 			1040.57253
g2	 71 	 1230.660784 			 0.0 			1230.660784
g2	 72 	 971.719012 			 0.0 			971.719012
g2	 73 	 817.127304 			 0.0 			817.127304
g2	 74 	 788.37032 			 0.0 			788.37032
g2	 75 	 950.65291 			 0.0 			950.65291
g2	 76 	 1207.368984 			 0.0 			1207.368984
g2	 77 	 1503.272523 			 0.0 			1503.272523
g2	 78 	 1207.368984 			 0.0 			1207.368984
g2	 79 	 950.65291 			 0.0 			950.65291
g2	 80 	 898.232904 			 0.0 			898.232904
g2	 81 	 1154.948977 			 0.0 			1154.948977
g2	 82 	 1442.630423 			 0.0 			1442.630423
g2	 83 	 1252.81315 			 0.0 			1252.81315
g2	 84 	 1549.795215 			 0.0 			1549.795215
g2	 85 	 1252.81315 			 0.0 			1252.81315
g2	 86 	 990.867873 			 0.0 			990.867873
g2	 87 	 1250.863441 			 0.0 			1250.863441
g2	 88 	 1112.351258 			 0.0 			1112.351258
g2	 89 	 855.635184 			 0.0 			855.635184
g2	 90 	 627.948803 			 0.0 			627.948803
g2	 91 	 773.276357 			 0.0 			773.276357
g2	 92 	 1019.624932 			 0.0 			1019.624932
g2	 93 	 0.0 			 0.0 			0.0
g2	 94 	 0.0 			 0.0 			0.0
g2	 95 	 0.0 			 0.0 			0.0
g2	 96 	 0.0 			 0.0 			0.0
----------------------------------------------------------------------------------------------------
g3	 1 	 0.0 			 0.0 			0.0
g3	 2 	 0.0 			 0.0 			0.0
g3	 3 	 0.0 			 0.0 			0.0
g3	 4 	 0.0 			 0.0 			0.0
g3	 5 	 0.0 			 0.0 			0.0
g3	 6 	 0.0 			 0.0 			0.0
g3	 7 	 0.0 			 0.0 			0.0
g3	 8 	 0.0 			 0.0 			0.0
g3	 9 	 0.0 			 0.0 			0.0
g3	 10 	 0.0 			 0.0 			0.0
g3	 11 	 0.0 			 0.0 			0.0
g3	 12 	 0.0 			 0.0 			0.0
g3	 13 	 0.0 			 0.0 			0.0
g3	 14 	 0.0 			 0.0 			0.0
g3	 15 	 0.0 			 0.0 			0.0
g3	 16 	 0.0 			 0.0 			0.0
g3	 17 	 0.0 			 0.0 			0.0
g3	 18 	 0.0 			 0.0 			0.0
g3	 19 	 0.0 			 0.0 			0.0
g3	 20 	 0.0 			 0.0 			0.0
g3	 21 	 0.0 			 0.0 			0.0
g3	 22 	 0.0 			 0.0 			0.0
g3	 23 	 0.0 			 0.0 			0.0
g3	 24 	 0.0 			 0.0 			0.0
g3	 25 	 0.0 			 0.0 			0.0
g3	 26 	 0.0 			 0.0 			0.0
g3	 27 	 0.0 			 0.0 			0.0
g3	 28 	 0.0 			 0.0 			0.0
g3	 29 	 0.0 			 0.0 			0.0
g3	 30 	 0.0 			 0.0 			0.0
g3	 31 	 0.0 			 0.0 			0.0
g3	 32 	 0.0 			 0.0 			0.0
g3	 33 	 0.0 			 0.0 			0.0
g3	 34 	 0.0 			 0.0 			0.0
g3	 35 	 0.0 			 0.0 			0.0
g3	 36 	 0.0 			 0.0 			0.0
g3	 37 	 0.0 			 0.0 			0.0
g3	 38 	 0.0 			 0.0 			0.0
g3	 39 	 0.0 			 0.0 			0.0
g3	 40 	 0.0 			 0.0 			0.0
g3	 41 	 0.0 			 0.0 			0.0
g3	 42 	 0.0 			 0.0 			0.0
g3	 43 	 0.0 			 0.0 			0.0
g3	 44 	 0.0 			 0.0 			0.0
g3	 45 	 0.0 			 0.0 			0.0
g3	 46 	 0.0 			 0.0 			0.0
g3	 47 	 0.0 			 0.0 			0.0
g3	 48 	 0.0 			 0.0 			0.0
g3	 49 	 0.0 			 0.0 			0.0
g3	 50 	 0.0 			 0.0 			0.0
g3	 51 	 0.0 			 0.0 			0.0
g3	 52 	 0.0 			 0.0 			0.0
g3	 53 	 0.0 			 0.0 			0.0
g3	 54 	 0.0 			 0.0 			0.0
g3	 55 	 0.0 			 0.0 			0.0
g3	 56 	 0.0 			 0.0 			0.0
g3	 57 	 0.0 			 0.0 			0.0
g3	 58 	 0.0 			 0.0 			0.0
g3	 59 	 0.0 			 0.0 			0.0
g3	 60 	 0.0 			 0.0 			0.0
g3	 61 	 0.0 			 0.0 			0.0
g3	 62 	 0.0 			 0.0 			0.0
g3	 63 	 0.0 			 0.0 			0.0
g3	 64 	 0.0 			 0.0 			0.0
g3	 65 	 0.0 			 0.0 			0.0
g3	 66 	 0.0 			 0.0 			0.0
g3	 67 	 0.0 			 0.0 			0.0
g3	 68 	 0.0 			 0.0 			0.0
g3	 69 	 0.0 			 0.0 			0.0
g3	 70 	 0.0 			 0.0 			0.0
g3	 71 	 0.0 			 0.0 			0.0
g3	 72 	 0.0 			 0.0 			0.0
g3	 73 	 0.0 			 0.0 			0.0
g3	 74 	 0.0 			 0.0 			0.0
g3	 75 	 0.0 			 0.0 			0.0
g3	 76 	 0.0 			 0.0 			0.0
g3	 77 	 0.0 			 0.0 			0.0
g3	 78 	 0.0 			 0.0 			0.0
g3	 79 	 0.0 			 0.0 			0.0
g3	 80 	 0.0 			 0.0 			0.0
g3	 81 	 0.0 			 0.0 			0.0
g3	 82 	 0.0 			 0.0 			0.0
g3	 83 	 0.0 			 0.0 			0.0
g3	 84 	 0.0 			 0.0 			0.0
g3	 85 	 0.0 			 0.0 			0.0
g3	 86 	 0.0 			 0.0 			0.0
g3	 87 	 0.0 			 0.0 			0.0
g3	 88 	 0.0 			 0.0 			0.0
g3	 89 	 0.0 			 0.0 			0.0
g3	 90 	 0.0 			 0.0 			0.0
g3	 91 	 0.0 			 0.0 			0.0
g3	 92 	 0.0 			 0.0 			0.0
g3	 93 	 0.0 			 0.0 			0.0
g3	 94 	 0.0 			 0.0 			0.0
g3	 95 	 0.0 			 0.0 			0.0
g3	 96 	 0.0 			 0.0 			0.0
----------------------------------------------------------------------------------------------------
g4	 1 	 0.0 			 0.0 			0.0
g4	 2 	 0.0 			 0.0 			0.0
g4	 3 	 0.0 			 0.0 			0.0
g4	 4 	 0.0 			 0.0 			0.0
g4	 5 	 0.0 			 0.0 			0.0
g4	 6 	 0.0 			 0.0 			0.0
g4	 7 	 0.0 			 0.0 			0.0
g4	 8 	 0.0 			 0.0 			0.0
g4	 9 	 0.0 			 0.0 			0.0
g4	 10 	 0.0 			 0.0 			0.0
g4	 11 	 0.0 			 0.0 			0.0
g4	 12 	 0.0 			 0.0 			0.0
g4	 13 	 0.0 			 0.0 			0.0
g4	 14 	 0.0 			 0.0 			0.0
g4	 15 	 0.0 			 0.0 			0.0
g4	 16 	 0.0 			 0.0 			0.0
g4	 17 	 0.0 			 0.0 			0.0
g4	 18 	 0.0 			 0.0 			0.0
g4	 19 	 0.0 			 0.0 			0.0
g4	 20 	 0.0 			 0.0 			0.0
g4	 21 	 0.0 			 0.0 			0.0
g4	 22 	 0.0 			 0.0 			0.0
g4	 23 	 0.0 			 0.0 			0.0
g4	 24 	 0.0 			 0.0 			0.0
g4	 25 	 0.0 			 0.0 			0.0
g4	 26 	 0.0 			 0.0 			0.0
g4	 27 	 0.0 			 0.0 			0.0
g4	 28 	 0.0 			 0.0 			0.0
g4	 29 	 0.0 			 0.0 			0.0
g4	 30 	 0.0 			 0.0 			0.0
g4	 31 	 0.0 			 0.0 			0.0
g4	 32 	 0.0 			 0.0 			0.0
g4	 33 	 0.0 			 0.0 			0.0
g4	 34 	 0.0 			 0.0 			0.0
g4	 35 	 0.0 			 0.0 			0.0
g4	 36 	 0.0 			 0.0 			0.0
g4	 37 	 0.0 			 0.0 			0.0
g4	 38 	 0.0 			 0.0 			0.0
g4	 39 	 0.0 			 0.0 			0.0
g4	 40 	 0.0 			 0.0 			0.0
g4	 41 	 0.0 			 0.0 			0.0
g4	 42 	 0.0 			 0.0 			0.0
g4	 43 	 0.0 			 0.0 			0.0
g4	 44 	 0.0 			 0.0 			0.0
g4	 45 	 0.0 			 0.0 			0.0
g4	 46 	 0.0 			 0.0 			0.0
g4	 47 	 0.0 			 0.0 			0.0
g4	 48 	 0.0 			 0.0 			0.0
g4	 49 	 0.0 			 0.0 			0.0
g4	 50 	 0.0 			 0.0 			0.0
g4	 51 	 0.0 			 0.0 			0.0
g4	 52 	 0.0 			 0.0 			0.0
g4	 53 	 0.0 			 0.0 			0.0
g4	 54 	 0.0 			 0.0 			0.0
g4	 55 	 0.0 			 0.0 			0.0
g4	 56 	 0.0 			 0.0 			0.0
g4	 57 	 0.0 			 0.0 			0.0
g4	 58 	 0.0 			 0.0 			0.0
g4	 59 	 0.0 			 0.0 			0.0
g4	 60 	 0.0 			 0.0 			0.0
g4	 61 	 0.0 			 0.0 			0.0
g4	 62 	 0.0 			 0.0 			0.0
g4	 63 	 0.0 			 0.0 			0.0
g4	 64 	 0.0 			 0.0 			0.0
g4	 65 	 0.0 			 0.0 			0.0
g4	 66 	 0.0 			 0.0 			0.0
g4	 67 	 0.0 			 0.0 			0.0
g4	 68 	 0.0 			 0.0 			0.0
g4	 69 	 0.0 			 0.0 			0.0
g4	 70 	 0.0 			 0.0 			0.0
g4	 71 	 0.0 			 0.0 			0.0
g4	 72 	 0.0 			 0.0 			0.0
g4	 73 	 0.0 			 0.0 			0.0
g4	 74 	 0.0 			 0.0 			0.0
g4	 75 	 0.0 			 0.0 			0.0
g4	 76 	 0.0 			 0.0 			0.0
g4	 77 	 0.0 			 0.0 			0.0
g4	 78 	 0.0 			 0.0 			0.0
g4	 79 	 0.0 			 0.0 			0.0
g4	 80 	 0.0 			 0.0 			0.0
g4	 81 	 0.0 			 0.0 			0.0
g4	 82 	 0.0 			 0.0 			0.0
g4	 83 	 0.0 			 0.0 			0.0
g4	 84 	 0.0 			 0.0 			0.0
g4	 85 	 0.0 			 0.0 			0.0
g4	 86 	 0.0 			 0.0 			0.0
g4	 87 	 0.0 			 0.0 			0.0
g4	 88 	 0.0 			 0.0 			0.0
g4	 89 	 0.0 			 0.0 			0.0
g4	 90 	 0.0 			 0.0 			0.0
g4	 91 	 0.0 			 0.0 			0.0
g4	 92 	 0.0 			 0.0 			0.0
g4	 93 	 0.0 			 0.0 			0.0
g4	 94 	 0.0 			 0.0 			0.0
g4	 95 	 0.0 			 0.0 			0.0
g4	 96 	 0.0 			 0.0 			0.0
----------------------------------------------------------------------------------------------------
g5	 1 	 0.0 			 0.0 			0.0
g5	 2 	 0.0 			 0.0 			0.0
g5	 3 	 0.0 			 0.0 			0.0
g5	 4 	 0.0 			 0.0 			0.0
g5	 5 	 0.0 			 0.0 			0.0
g5	 6 	 0.0 			 0.0 			0.0
g5	 7 	 0.0 			 0.0 			0.0
g5	 8 	 0.0 			 0.0 			0.0
g5	 9 	 0.0 			 0.0 			0.0
g5	 10 	 0.0 			 0.0 			0.0
g5	 11 	 0.0 			 0.0 			0.0
g5	 12 	 0.0 			 0.0 			0.0
g5	 13 	 0.0 			 0.0 			0.0
g5	 14 	 0.0 			 0.0 			0.0
g5	 15 	 0.0 			 0.0 			0.0
g5	 16 	 0.0 			 0.0 			0.0
g5	 17 	 0.0 			 0.0 			0.0
g5	 18 	 0.0 			 0.0 			0.0
g5	 19 	 0.0 			 0.0 			0.0
g5	 20 	 0.0 			 0.0 			0.0
g5	 21 	 0.0 			 0.0 			0.0
g5	 22 	 0.0 			 0.0 			0.0
g5	 23 	 0.0 			 0.0 			0.0
g5	 24 	 0.0 			 0.0 			0.0
g5	 25 	 0.0 			 0.0 			0.0
g5	 26 	 0.0 			 0.0 			0.0
g5	 27 	 0.0 			 0.0 			0.0
g5	 28 	 0.0 			 0.0 			0.0
g5	 29 	 0.0 			 0.0 			0.0
g5	 30 	 0.0 			 0.0 			0.0
g5	 31 	 0.0 			 0.0 			0.0
g5	 32 	 0.0 			 0.0 			0.0
g5	 33 	 0.0 			 0.0 			0.0
g5	 34 	 0.0 			 0.0 			0.0
g5	 35 	 0.0 			 0.0 			0.0
g5	 36 	 0.0 			 0.0 			0.0
g5	 37 	 0.0 			 0.0 			0.0
g5	 38 	 0.0 			 0.0 			0.0
g5	 39 	 0.0 			 0.0 			0.0
g5	 40 	 0.0 			 0.0 			0.0
g5	 41 	 0.0 			 0.0 			0.0
g5	 42 	 0.0 			 0.0 			0.0
g5	 43 	 0.0 			 0.0 			0.0
g5	 44 	 0.0 			 0.0 			0.0
g5	 45 	 0.0 			 0.0 			0.0
g5	 46 	 0.0 			 0.0 			0.0
g5	 47 	 0.0 			 0.0 			0.0
g5	 48 	 0.0 			 0.0 			0.0
g5	 49 	 0.0 			 0.0 			0.0
g5	 50 	 0.0 			 0.0 			0.0
g5	 51 	 0.0 			 0.0 			0.0
g5	 52 	 0.0 			 0.0 			0.0
g5	 53 	 0.0 			 0.0 			0.0
g5	 54 	 0.0 			 0.0 			0.0
g5	 55 	 0.0 			 0.0 			0.0
g5	 56 	 0.0 			 0.0 			0.0
g5	 57 	 0.0 			 0.0 			0.0
g5	 58 	 0.0 			 0.0 			0.0
g5	 59 	 0.0 			 0.0 			0.0
g5	 60 	 0.0 			 0.0 			0.0
g5	 61 	 0.0 			 0.0 			0.0
g5	 62 	 0.0 			 0.0 			0.0
g5	 63 	 0.0 			 0.0 			0.0
g5	 64 	 0.0 			 0.0 			0.0
g5	 65 	 0.0 			 0.0 			0.0
g5	 66 	 0.0 			 0.0 			0.0
g5	 67 	 0.0 			 0.0 			0.0
g5	 68 	 0.0 			 0.0 			0.0
g5	 69 	 0.0 			 0.0 			0.0
g5	 70 	 0.0 			 0.0 			0.0
g5	 71 	 0.0 			 0.0 			0.0
g5	 72 	 0.0 			 0.0 			0.0
g5	 73 	 0.0 			 0.0 			0.0
g5	 74 	 0.0 			 0.0 			0.0
g5	 75 	 0.0 			 0.0 			0.0
g5	 76 	 0.0 			 0.0 			0.0
g5	 77 	 0.0 			 0.0 			0.0
g5	 78 	 0.0 			 0.0 			0.0
g5	 79 	 0.0 			 0.0 			0.0
g5	 80 	 0.0 			 0.0 			0.0
g5	 81 	 0.0 			 0.0 			0.0
g5	 82 	 0.0 			 0.0 			0.0
g5	 83 	 0.0 			 0.0 			0.0
g5	 84 	 0.0 			 0.0 			0.0
g5	 85 	 0.0 			 0.0 			0.0
g5	 86 	 0.0 			 0.0 			0.0
g5	 87 	 0.0 			 0.0 			0.0
g5	 88 	 0.0 			 0.0 			0.0
g5	 89 	 0.0 			 0.0 			0.0
g5	 90 	 0.0 			 0.0 			0.0
g5	 91 	 0.0 			 0.0 			0.0
g5	 92 	 0.0 			 0.0 			0.0
g5	 93 	 0.0 			 0.0 			0.0
g5	 94 	 0.0 			 0.0 			0.0
g5	 95 	 0.0 			 0.0 			0.0
g5	 96 	 0.0 			 0.0 			0.0
----------------------------------------------------------------------------------------------------
 
unit 	 generation 	 generation cost 	 start-up cost 	 total cost
----------------------------------------------------------------------------------------------------
g1 	 6760.631175			251967.271271			 0.000000		 251967.271271
g2 	 1052.859724			55183.402263			 10598.130000		 65781.532263
g3 	 0.000000			0.000000			 0.000000		 0.000000
g4 	 0.000000			0.000000			 0.000000		 0.000000
g5 	 0.000000			0.000000			 0.000000		 0.000000
----------------------------------------------------------------------------------------------------
 
generation cost 	 start-up cost 		 total cost
----------------------------------------------------------------------------------------------------
307150.6735339999 			 10598.13 			 317748.8035339999
----------------------------------------------------------------------------------------------------
uplift payment for generator g1: 963533.450019
uplift payment for generator g2: 0.0
uplift payment for generator g3: 0.0
uplift payment for generator g4: 0.0
uplift payment for generator g5: 0.0
 
****************************************************************************************************
 
rtm Systemwide prices
----------------------------------------------------------------------------------------------------
time	 energy 	 up-FRP 	 dw-FRP
----------------------------------------------------------------------------------------------------
1 	 9.614507 		 0.0 		 0.0
2 	 9.614507 		 0.0 		 0.0
3 	 9.614507 		 0.0 		 0.0
4 	 2500.0 		 0.0 		 0.0
5 	 2480.976822 		 0.0 		 0.0
6 	 2500.0 		 0.0 		 0.0
7 	 4971.362314 		 0.0 		 0.0
8 	 2500.0 		 0.0 		 0.0
9 	 9.408671 		 0.0 		 0.0
10 	 9.408671 		 0.0 		 0.0
11 	 9.408671 		 0.0 		 0.0
12 	 9.408671 		 0.0 		 0.0
13 	 9.408671 		 0.0 		 0.0
14 	 9.408671 		 0.0 		 0.0
15 	 9.408671 		 0.0 		 0.0
16 	 9.614507 		 0.0 		 0.0
17 	 9.408671 		 0.0 		 0.0
18 	 9.408671 		 0.0 		 0.0
19 	 9.408671 		 0.0 		 0.0
20 	 2500.0 		 0.0 		 0.0
21 	 2480.976822 		 0.0 		 0.0
22 	 9.408671 		 0.0 		 0.0
23 	 2500.0 		 0.0 		 0.0
24 	 7462.15948 		 0.0 		 0.0
25 	 2500.0 		 0.0 		 0.0
26 	 2500.0 		 0.0 		 0.0
27 	 9.614507 		 0.0 		 0.0
28 	 2480.976822 		 0.0 		 0.0
29 	 2500.0 		 0.0 		 0.0
30 	 9.614507 		 0.0 		 0.0
31 	 9.614507 		 0.0 		 0.0
32 	 9.614507 		 0.0 		 0.0
33 	 9.614507 		 0.0 		 0.0
34 	 9.614507 		 0.0 		 0.0
35 	 9.614507 		 0.0 		 0.0
36 	 9.614507 		 0.0 		 0.0
37 	 9.614507 		 0.0 		 0.0
38 	 9.614507 		 0.0 		 0.0
39 	 9.614507 		 0.0 		 0.0
40 	 10.185876 		 0.0 		 0.0
41 	 10.185876 		 0.0 		 0.0
42 	 2478.320232 		 0.0 		 0.0
43 	 2500.0 		 0.0 		 0.0
44 	 2500.0 		 0.0 		 0.0
45 	 2476.440848 		 0.0 		 0.0
46 	 9.614507 		 0.0 		 0.0
47 	 9.614507 		 0.0 		 0.0
48 	 10.185876 		 0.0 		 0.0
49 	 10.185876 		 0.0 		 0.0
50 	 9.614507 		 0.0 		 0.0
51 	 2500.0 		 0.0 		 0.0
52 	 2477.748864 		 0.0 		 0.0
53 	 9.614507 		 0.0 		 0.0
54 	 9.614507 		 0.0 		 0.0
55 	 9.614507 		 0.0 		 0.0
56 	 9.614507 		 0.0 		 0.0
57 	 2500.0 		 0.0 		 0.0
58 	 2500.0 		 0.0 		 0.0
59 	 2500.0 		 0.0 		 0.0
60 	 4971.362314 		 0.0 		 0.0
61 	 2500.0 		 0.0 		 0.0
62 	 9.614507 		 0.0 		 0.0
63 	 9.614507 		 0.0 		 0.0
64 	 2478.320232 		 0.0 		 0.0
65 	 2500.0 		 0.0 		 0.0
66 	 11.493892 		 0.0 		 0.0
67 	 17.62685 		 0.0 		 0.0
68 	 2500.0 		 0.0 		 0.0
69 	 4971.156478 		 0.0 		 0.0
70 	 2500.0 		 0.0 		 0.0
71 	 15.176097 		 0.0 		 0.0
72 	 9.614507 		 0.0 		 0.0
73 	 10.185876 		 0.0 		 0.0
74 	 10.185876 		 0.0 		 0.0
75 	 9.614507 		 0.0 		 0.0
76 	 2469.571242 		 0.0 		 0.0
77 	 2500.0 		 0.0 		 0.0
78 	 9.614507 		 0.0 		 0.0
79 	 9.614507 		 0.0 		 0.0
80 	 9.408671 		 0.0 		 0.0
81 	 2473.124175 		 0.0 		 0.0
82 	 2500.0 		 0.0 		 0.0
83 	 2467.844986 		 0.0 		 0.0
84 	 2500.0 		 0.0 		 0.0
85 	 9.614507 		 0.0 		 0.0
86 	 9.614507 		 0.0 		 0.0
87 	 13.296712 		 0.0 		 0.0
88 	 13.944645 		 0.0 		 0.0
89 	 2500.0 		 0.0 		 0.0
90 	 2480.770985 		 0.0 		 0.0
91 	 2478.320232 		 0.0 		 0.0
92 	 2500.0 		 0.0 		 0.0
93 	 9.614507 		 0.0 		 0.0
94 	 2480.976822 		 0.0 		 0.0
95 	 2500.0 		 0.0 		 0.0
96 	 9.614507 		 0.0 		 0.0
 
****************************************************************************************************
 
rtm Post-uplift payments
----------------------------------------------------------------------------------------------------------------------------------------------------
unit 	 generation payment 	 up-FRP payment 	 dw-FRP payment 	pre-up t. payment 	 uplift payments 	 post-up t. payment 	 profit
----------------------------------------------------------------------------------------------------------------------------------------------------
 g1 	 -1001807.228049			 0.000000			 0.000000			 -1001807.228049			 963533.450019			 -38273.778030		 0.000000
 g2 	 1358841.836353			 0.000000			 0.000000			 1358841.836353			 0.000000			 1358841.836353		 1331365.468609
 g3 	 0.000000			 0.000000			 0.000000			 0.000000			 0.000000			 0.000000		 0.000000
 g4 	 0.000000			 0.000000			 0.000000			 0.000000			 0.000000			 0.000000		 0.000000
 g5 	 0.000000			 0.000000			 0.000000			 0.000000			 0.000000			 0.000000		 0.000000
****************************************************************************************************
 
Total generator payments
----------------------------------------------------------------------------------------------------------------------------------------------------
unit 	 generation payment 	 up-FRP payment 	 dw-FRP payment 	pre-up t. payment 	 uplift payments 	 post-up t. payment 	 profit
----------------------------------------------------------------------------------------------------------------------------------------------------
 g1 	 -711566.178748			 0.000000			 0.000000			 -711566.178748			 963533.450019			 251967.271271		 0.000000
 g2 	 1397147.000872			 0.000000			 0.000000			 1397147.000872			 0.000000			 1397147.000872		 1331365.468609
 g3 	 0.000000			 0.000000			 0.000000			 0.000000			 0.000000			 0.000000		 0.000000
 g4 	 0.000000			 0.000000			 0.000000			 0.000000			 0.000000			 0.000000		 0.000000
 g5 	 0.000000			 0.000000			 0.000000			 0.000000			 0.000000			 0.000000		 0.000000
 
****************************************************************************************************
 
rtm LMP
----------------------------------------------------------------------------------------------------
bus name 	 time 		 LMP
----------------------------------------------------------------------------------------------------
b1 		 1 		 9.614507
b1 		 2 		 9.614507
b1 		 3 		 9.614507
b1 		 4 		 2500.0
b1 		 5 		 2480.976822
b1 		 6 		 2500.0
b1 		 7 		 4971.362314
b1 		 8 		 2500.0
b1 		 9 		 9.408671
b1 		 10 		 9.408671
b1 		 11 		 9.408671
b1 		 12 		 9.408671
b1 		 13 		 9.408671
b1 		 14 		 9.408671
b1 		 15 		 9.408671
b1 		 16 		 9.614507
b1 		 17 		 9.408671
b1 		 18 		 9.408671
b1 		 19 		 9.408671
b1 		 20 		 2500.0
b1 		 21 		 2480.976822
b1 		 22 		 9.408671
b1 		 23 		 2500.0
b1 		 24 		 7462.15948
b1 		 25 		 2500.0
b1 		 26 		 2500.0
b1 		 27 		 9.614507
b1 		 28 		 2480.976822
b1 		 29 		 2500.0
b1 		 30 		 9.614507
b1 		 31 		 9.614507
b1 		 32 		 9.614507
b1 		 33 		 9.614507
b1 		 34 		 9.614507
b1 		 35 		 9.614507
b1 		 36 		 9.614507
b1 		 37 		 9.614507
b1 		 38 		 9.614507
b1 		 39 		 9.614507
b1 		 40 		 10.185876
b1 		 41 		 10.185876
b1 		 42 		 2478.320232
b1 		 43 		 2500.0
b1 		 44 		 2500.0
b1 		 45 		 2476.440848
b1 		 46 		 9.614507
b1 		 47 		 9.614507
b1 		 48 		 10.185876
b1 		 49 		 10.185876
b1 		 50 		 9.614507
b1 		 51 		 2500.0
b1 		 52 		 2477.748864
b1 		 53 		 9.614507
b1 		 54 		 9.614507
b1 		 55 		 9.614507
b1 		 56 		 9.614507
b1 		 57 		 2500.0
b1 		 58 		 2500.0
b1 		 59 		 2500.0
b1 		 60 		 4971.362314
b1 		 61 		 2500.0
b1 		 62 		 9.614507
b1 		 63 		 9.614507
b1 		 64 		 2478.320232
b1 		 65 		 2500.0
b1 		 66 		 11.493892
b1 		 67 		 17.62685
b1 		 68 		 2500.0
b1 		 69 		 4971.156478
b1 		 70 		 2500.0
b1 		 71 		 15.176097
b1 		 72 		 9.614507
b1 		 73 		 10.185876
b1 		 74 		 10.185876
b1 		 75 		 9.614507
b1 		 76 		 2469.571242
b1 		 77 		 2500.0
b1 		 78 		 9.614507
b1 		 79 		 9.614507
b1 		 80 		 9.408671
b1 		 81 		 2473.124175
b1 		 82 		 2500.0
b1 		 83 		 2467.844986
b1 		 84 		 2500.0
b1 		 85 		 9.614507
b1 		 86 		 9.614507
b1 		 87 		 13.296712
b1 		 88 		 13.944645
b1 		 89 		 2500.0
b1 		 90 		 2480.770985
b1 		 91 		 2478.320232
b1 		 92 		 2500.0
b1 		 93 		 9.614507
b1 		 94 		 2480.976822
b1 		 95 		 2500.0
b1 		 96 		 9.614507
----------------------------------------------------------------------------------------------------
b2 		 1 		 9.614507
b2 		 2 		 9.614507
b2 		 3 		 9.614507
b2 		 4 		 2500.0
b2 		 5 		 2480.976822
b2 		 6 		 2500.0
b2 		 7 		 4971.362314
b2 		 8 		 2500.0
b2 		 9 		 9.408671
b2 		 10 		 9.408671
b2 		 11 		 9.408671
b2 		 12 		 9.408671
b2 		 13 		 9.408671
b2 		 14 		 9.408671
b2 		 15 		 9.408671
b2 		 16 		 9.614507
b2 		 17 		 9.408671
b2 		 18 		 9.408671
b2 		 19 		 9.408671
b2 		 20 		 2500.0
b2 		 21 		 2480.976822
b2 		 22 		 9.408671
b2 		 23 		 2500.0
b2 		 24 		 7462.15948
b2 		 25 		 2500.0
b2 		 26 		 2500.0
b2 		 27 		 9.614507
b2 		 28 		 2480.976822
b2 		 29 		 2500.0
b2 		 30 		 9.614507
b2 		 31 		 9.614507
b2 		 32 		 9.614507
b2 		 33 		 9.614507
b2 		 34 		 9.614507
b2 		 35 		 9.614507
b2 		 36 		 9.614507
b2 		 37 		 9.614507
b2 		 38 		 9.614507
b2 		 39 		 9.614507
b2 		 40 		 10.185876
b2 		 41 		 10.185876
b2 		 42 		 2478.320232
b2 		 43 		 2500.0
b2 		 44 		 2500.0
b2 		 45 		 2476.440848
b2 		 46 		 9.614507
b2 		 47 		 9.614507
b2 		 48 		 10.185876
b2 		 49 		 10.185876
b2 		 50 		 9.614507
b2 		 51 		 2500.0
b2 		 52 		 2477.748864
b2 		 53 		 9.614507
b2 		 54 		 9.614507
b2 		 55 		 9.614507
b2 		 56 		 9.614507
b2 		 57 		 2500.0
b2 		 58 		 2500.0
b2 		 59 		 2500.0
b2 		 60 		 4971.362314
b2 		 61 		 2500.0
b2 		 62 		 9.614507
b2 		 63 		 9.614507
b2 		 64 		 2478.320232
b2 		 65 		 2500.0
b2 		 66 		 11.493892
b2 		 67 		 17.62685
b2 		 68 		 2500.0
b2 		 69 		 4971.156478
b2 		 70 		 2500.0
b2 		 71 		 15.176097
b2 		 72 		 9.614507
b2 		 73 		 10.185876
b2 		 74 		 10.185876
b2 		 75 		 9.614507
b2 		 76 		 2469.571242
b2 		 77 		 2500.0
b2 		 78 		 9.614507
b2 		 79 		 9.614507
b2 		 80 		 9.408671
b2 		 81 		 2473.124175
b2 		 82 		 2500.0
b2 		 83 		 2467.844986
b2 		 84 		 2500.0
b2 		 85 		 9.614507
b2 		 86 		 9.614507
b2 		 87 		 13.296712
b2 		 88 		 13.944645
b2 		 89 		 2500.0
b2 		 90 		 2480.770985
b2 		 91 		 2478.320232
b2 		 92 		 2500.0
b2 		 93 		 9.614507
b2 		 94 		 2480.976822
b2 		 95 		 2500.0
b2 		 96 		 9.614507
----------------------------------------------------------------------------------------------------
b3 		 1 		 9.614507
b3 		 2 		 9.614507
b3 		 3 		 9.614507
b3 		 4 		 2500.0
b3 		 5 		 2480.976822
b3 		 6 		 2500.0
b3 		 7 		 4971.362314
b3 		 8 		 2500.0
b3 		 9 		 9.408671
b3 		 10 		 9.408671
b3 		 11 		 9.408671
b3 		 12 		 9.408671
b3 		 13 		 9.408671
b3 		 14 		 9.408671
b3 		 15 		 9.408671
b3 		 16 		 9.614507
b3 		 17 		 9.408671
b3 		 18 		 9.408671
b3 		 19 		 9.408671
b3 		 20 		 2500.0
b3 		 21 		 2480.976822
b3 		 22 		 9.408671
b3 		 23 		 2500.0
b3 		 24 		 7462.15948
b3 		 25 		 2500.0
b3 		 26 		 2500.0
b3 		 27 		 9.614507
b3 		 28 		 2480.976822
b3 		 29 		 2500.0
b3 		 30 		 9.614507
b3 		 31 		 9.614507
b3 		 32 		 9.614507
b3 		 33 		 9.614507
b3 		 34 		 9.614507
b3 		 35 		 9.614507
b3 		 36 		 9.614507
b3 		 37 		 9.614507
b3 		 38 		 9.614507
b3 		 39 		 9.614507
b3 		 40 		 10.185876
b3 		 41 		 10.185876
b3 		 42 		 2478.320232
b3 		 43 		 2500.0
b3 		 44 		 2500.0
b3 		 45 		 2476.440848
b3 		 46 		 9.614507
b3 		 47 		 9.614507
b3 		 48 		 10.185876
b3 		 49 		 10.185876
b3 		 50 		 9.614507
b3 		 51 		 2500.0
b3 		 52 		 2477.748864
b3 		 53 		 9.614507
b3 		 54 		 9.614507
b3 		 55 		 9.614507
b3 		 56 		 9.614507
b3 		 57 		 2500.0
b3 		 58 		 2500.0
b3 		 59 		 2500.0
b3 		 60 		 4971.362314
b3 		 61 		 2500.0
b3 		 62 		 9.614507
b3 		 63 		 9.614507
b3 		 64 		 2478.320232
b3 		 65 		 2500.0
b3 		 66 		 11.493892
b3 		 67 		 17.62685
b3 		 68 		 2500.0
b3 		 69 		 4971.156478
b3 		 70 		 2500.0
b3 		 71 		 15.176097
b3 		 72 		 9.614507
b3 		 73 		 10.185876
b3 		 74 		 10.185876
b3 		 75 		 9.614507
b3 		 76 		 2469.571242
b3 		 77 		 2500.0
b3 		 78 		 9.614507
b3 		 79 		 9.614507
b3 		 80 		 9.408671
b3 		 81 		 2473.124175
b3 		 82 		 2500.0
b3 		 83 		 2467.844986
b3 		 84 		 2500.0
b3 		 85 		 9.614507
b3 		 86 		 9.614507
b3 		 87 		 13.296712
b3 		 88 		 13.944645
b3 		 89 		 2500.0
b3 		 90 		 2480.770985
b3 		 91 		 2478.320232
b3 		 92 		 2500.0
b3 		 93 		 9.614507
b3 		 94 		 2480.976822
b3 		 95 		 2500.0
b3 		 96 		 9.614507
----------------------------------------------------------------------------------------------------
b4 		 1 		 9.614507
b4 		 2 		 9.614507
b4 		 3 		 9.614507
b4 		 4 		 2500.0
b4 		 5 		 2480.976822
b4 		 6 		 2500.0
b4 		 7 		 4971.362314
b4 		 8 		 2500.0
b4 		 9 		 9.408671
b4 		 10 		 9.408671
b4 		 11 		 9.408671
b4 		 12 		 9.408671
b4 		 13 		 9.408671
b4 		 14 		 9.408671
b4 		 15 		 9.408671
b4 		 16 		 9.614507
b4 		 17 		 9.408671
b4 		 18 		 9.408671
b4 		 19 		 9.408671
b4 		 20 		 2500.0
b4 		 21 		 2480.976822
b4 		 22 		 9.408671
b4 		 23 		 2500.0
b4 		 24 		 7462.15948
b4 		 25 		 2500.0
b4 		 26 		 2500.0
b4 		 27 		 9.614507
b4 		 28 		 2480.976822
b4 		 29 		 2500.0
b4 		 30 		 9.614507
b4 		 31 		 9.614507
b4 		 32 		 9.614507
b4 		 33 		 9.614507
b4 		 34 		 9.614507
b4 		 35 		 9.614507
b4 		 36 		 9.614507
b4 		 37 		 9.614507
b4 		 38 		 9.614507
b4 		 39 		 9.614507
b4 		 40 		 10.185876
b4 		 41 		 10.185876
b4 		 42 		 2478.320232
b4 		 43 		 2500.0
b4 		 44 		 2500.0
b4 		 45 		 2476.440848
b4 		 46 		 9.614507
b4 		 47 		 9.614507
b4 		 48 		 10.185876
b4 		 49 		 10.185876
b4 		 50 		 9.614507
b4 		 51 		 2500.0
b4 		 52 		 2477.748864
b4 		 53 		 9.614507
b4 		 54 		 9.614507
b4 		 55 		 9.614507
b4 		 56 		 9.614507
b4 		 57 		 2500.0
b4 		 58 		 2500.0
b4 		 59 		 2500.0
b4 		 60 		 4971.362314
b4 		 61 		 2500.0
b4 		 62 		 9.614507
b4 		 63 		 9.614507
b4 		 64 		 2478.320232
b4 		 65 		 2500.0
b4 		 66 		 11.493892
b4 		 67 		 17.62685
b4 		 68 		 2500.0
b4 		 69 		 4971.156478
b4 		 70 		 2500.0
b4 		 71 		 15.176097
b4 		 72 		 9.614507
b4 		 73 		 10.185876
b4 		 74 		 10.185876
b4 		 75 		 9.614507
b4 		 76 		 2469.571242
b4 		 77 		 2500.0
b4 		 78 		 9.614507
b4 		 79 		 9.614507
b4 		 80 		 9.408671
b4 		 81 		 2473.124175
b4 		 82 		 2500.0
b4 		 83 		 2467.844986
b4 		 84 		 2500.0
b4 		 85 		 9.614507
b4 		 86 		 9.614507
b4 		 87 		 13.296712
b4 		 88 		 13.944645
b4 		 89 		 2500.0
b4 		 90 		 2480.770985
b4 		 91 		 2478.320232
b4 		 92 		 2500.0
b4 		 93 		 9.614507
b4 		 94 		 2480.976822
b4 		 95 		 2500.0
b4 		 96 		 9.614507
----------------------------------------------------------------------------------------------------
b5 		 1 		 9.614507
b5 		 2 		 9.614507
b5 		 3 		 9.614507
b5 		 4 		 2500.0
b5 		 5 		 2480.976822
b5 		 6 		 2500.0
b5 		 7 		 4971.362314
b5 		 8 		 2500.0
b5 		 9 		 9.408671
b5 		 10 		 9.408671
b5 		 11 		 9.408671
b5 		 12 		 9.408671
b5 		 13 		 9.408671
b5 		 14 		 9.408671
b5 		 15 		 9.408671
b5 		 16 		 9.614507
b5 		 17 		 9.408671
b5 		 18 		 9.408671
b5 		 19 		 9.408671
b5 		 20 		 2500.0
b5 		 21 		 2480.976822
b5 		 22 		 9.408671
b5 		 23 		 2500.0
b5 		 24 		 7462.15948
b5 		 25 		 2500.0
b5 		 26 		 2500.0
b5 		 27 		 9.614507
b5 		 28 		 2480.976822
b5 		 29 		 2500.0
b5 		 30 		 9.614507
b5 		 31 		 9.614507
b5 		 32 		 9.614507
b5 		 33 		 9.614507
b5 		 34 		 9.614507
b5 		 35 		 9.614507
b5 		 36 		 9.614507
b5 		 37 		 9.614507
b5 		 38 		 9.614507
b5 		 39 		 9.614507
b5 		 40 		 10.185876
b5 		 41 		 10.185876
b5 		 42 		 2478.320232
b5 		 43 		 2500.0
b5 		 44 		 2500.0
b5 		 45 		 2476.440848
b5 		 46 		 9.614507
b5 		 47 		 9.614507
b5 		 48 		 10.185876
b5 		 49 		 10.185876
b5 		 50 		 9.614507
b5 		 51 		 2500.0
b5 		 52 		 2477.748864
b5 		 53 		 9.614507
b5 		 54 		 9.614507
b5 		 55 		 9.614507
b5 		 56 		 9.614507
b5 		 57 		 2500.0
b5 		 58 		 2500.0
b5 		 59 		 2500.0
b5 		 60 		 4971.362314
b5 		 61 		 2500.0
b5 		 62 		 9.614507
b5 		 63 		 9.614507
b5 		 64 		 2478.320232
b5 		 65 		 2500.0
b5 		 66 		 11.493892
b5 		 67 		 17.62685
b5 		 68 		 2500.0
b5 		 69 		 4971.156478
b5 		 70 		 2500.0
b5 		 71 		 15.176097
b5 		 72 		 9.614507
b5 		 73 		 10.185876
b5 		 74 		 10.185876
b5 		 75 		 9.614507
b5 		 76 		 2469.571242
b5 		 77 		 2500.0
b5 		 78 		 9.614507
b5 		 79 		 9.614507
b5 		 80 		 9.408671
b5 		 81 		 2473.124175
b5 		 82 		 2500.0
b5 		 83 		 2467.844986
b5 		 84 		 2500.0
b5 		 85 		 9.614507
b5 		 86 		 9.614507
b5 		 87 		 13.296712
b5 		 88 		 13.944645
b5 		 89 		 2500.0
b5 		 90 		 2480.770985
b5 		 91 		 2478.320232
b5 		 92 		 2500.0
b5 		 93 		 9.614507
b5 		 94 		 2480.976822
b5 		 95 		 2500.0
b5 		 96 		 9.614507
----------------------------------------------------------------------------------------------------
b6 		 1 		 9.614507
b6 		 2 		 9.614507
b6 		 3 		 9.614507
b6 		 4 		 2500.0
b6 		 5 		 2480.976822
b6 		 6 		 2500.0
b6 		 7 		 4971.362314
b6 		 8 		 2500.0
b6 		 9 		 9.408671
b6 		 10 		 9.408671
b6 		 11 		 9.408671
b6 		 12 		 9.408671
b6 		 13 		 9.408671
b6 		 14 		 9.408671
b6 		 15 		 9.408671
b6 		 16 		 9.614507
b6 		 17 		 9.408671
b6 		 18 		 9.408671
b6 		 19 		 9.408671
b6 		 20 		 2500.0
b6 		 21 		 2480.976822
b6 		 22 		 9.408671
b6 		 23 		 2500.0
b6 		 24 		 7462.15948
b6 		 25 		 2500.0
b6 		 26 		 2500.0
b6 		 27 		 9.614507
b6 		 28 		 2480.976822
b6 		 29 		 2500.0
b6 		 30 		 9.614507
b6 		 31 		 9.614507
b6 		 32 		 9.614507
b6 		 33 		 9.614507
b6 		 34 		 9.614507
b6 		 35 		 9.614507
b6 		 36 		 9.614507
b6 		 37 		 9.614507
b6 		 38 		 9.614507
b6 		 39 		 9.614507
b6 		 40 		 10.185876
b6 		 41 		 10.185876
b6 		 42 		 2478.320232
b6 		 43 		 2500.0
b6 		 44 		 2500.0
b6 		 45 		 2476.440848
b6 		 46 		 9.614507
b6 		 47 		 9.614507
b6 		 48 		 10.185876
b6 		 49 		 10.185876
b6 		 50 		 9.614507
b6 		 51 		 2500.0
b6 		 52 		 2477.748864
b6 		 53 		 9.614507
b6 		 54 		 9.614507
b6 		 55 		 9.614507
b6 		 56 		 9.614507
b6 		 57 		 2500.0
b6 		 58 		 2500.0
b6 		 59 		 2500.0
b6 		 60 		 4971.362314
b6 		 61 		 2500.0
b6 		 62 		 9.614507
b6 		 63 		 9.614507
b6 		 64 		 2478.320232
b6 		 65 		 2500.0
b6 		 66 		 11.493892
b6 		 67 		 17.62685
b6 		 68 		 2500.0
b6 		 69 		 4971.156478
b6 		 70 		 2500.0
b6 		 71 		 15.176097
b6 		 72 		 9.614507
b6 		 73 		 10.185876
b6 		 74 		 10.185876
b6 		 75 		 9.614507
b6 		 76 		 2469.571242
b6 		 77 		 2500.0
b6 		 78 		 9.614507
b6 		 79 		 9.614507
b6 		 80 		 9.408671
b6 		 81 		 2473.124175
b6 		 82 		 2500.0
b6 		 83 		 2467.844986
b6 		 84 		 2500.0
b6 		 85 		 9.614507
b6 		 86 		 9.614507
b6 		 87 		 13.296712
b6 		 88 		 13.944645
b6 		 89 		 2500.0
b6 		 90 		 2480.770985
b6 		 91 		 2478.320232
b6 		 92 		 2500.0
b6 		 93 		 9.614507
b6 		 94 		 2480.976822
b6 		 95 		 2500.0
b6 		 96 		 9.614507
----------------------------------------------------------------------------------------------------
b7 		 1 		 9.614507
b7 		 2 		 9.614507
b7 		 3 		 9.614507
b7 		 4 		 2500.0
b7 		 5 		 2480.976822
b7 		 6 		 2500.0
b7 		 7 		 4971.362314
b7 		 8 		 2500.0
b7 		 9 		 9.408671
b7 		 10 		 9.408671
b7 		 11 		 9.408671
b7 		 12 		 9.408671
b7 		 13 		 9.408671
b7 		 14 		 9.408671
b7 		 15 		 9.408671
b7 		 16 		 9.614507
b7 		 17 		 9.408671
b7 		 18 		 9.408671
b7 		 19 		 9.408671
b7 		 20 		 2500.0
b7 		 21 		 2480.976822
b7 		 22 		 9.408671
b7 		 23 		 2500.0
b7 		 24 		 7462.15948
b7 		 25 		 2500.0
b7 		 26 		 2500.0
b7 		 27 		 9.614507
b7 		 28 		 2480.976822
b7 		 29 		 2500.0
b7 		 30 		 9.614507
b7 		 31 		 9.614507
b7 		 32 		 9.614507
b7 		 33 		 9.614507
b7 		 34 		 9.614507
b7 		 35 		 9.614507
b7 		 36 		 9.614507
b7 		 37 		 9.614507
b7 		 38 		 9.614507
b7 		 39 		 9.614507
b7 		 40 		 10.185876
b7 		 41 		 10.185876
b7 		 42 		 2478.320232
b7 		 43 		 2500.0
b7 		 44 		 2500.0
b7 		 45 		 2476.440848
b7 		 46 		 9.614507
b7 		 47 		 9.614507
b7 		 48 		 10.185876
b7 		 49 		 10.185876
b7 		 50 		 9.614507
b7 		 51 		 2500.0
b7 		 52 		 2477.748864
b7 		 53 		 9.614507
b7 		 54 		 9.614507
b7 		 55 		 9.614507
b7 		 56 		 9.614507
b7 		 57 		 2500.0
b7 		 58 		 2500.0
b7 		 59 		 2500.0
b7 		 60 		 4971.362314
b7 		 61 		 2500.0
b7 		 62 		 9.614507
b7 		 63 		 9.614507
b7 		 64 		 2478.320232
b7 		 65 		 2500.0
b7 		 66 		 11.493892
b7 		 67 		 17.62685
b7 		 68 		 2500.0
b7 		 69 		 4971.156478
b7 		 70 		 2500.0
b7 		 71 		 15.176097
b7 		 72 		 9.614507
b7 		 73 		 10.185876
b7 		 74 		 10.185876
b7 		 75 		 9.614507
b7 		 76 		 2469.571242
b7 		 77 		 2500.0
b7 		 78 		 9.614507
b7 		 79 		 9.614507
b7 		 80 		 9.408671
b7 		 81 		 2473.124175
b7 		 82 		 2500.0
b7 		 83 		 2467.844986
b7 		 84 		 2500.0
b7 		 85 		 9.614507
b7 		 86 		 9.614507
b7 		 87 		 13.296712
b7 		 88 		 13.944645
b7 		 89 		 2500.0
b7 		 90 		 2480.770985
b7 		 91 		 2478.320232
b7 		 92 		 2500.0
b7 		 93 		 9.614507
b7 		 94 		 2480.976822
b7 		 95 		 2500.0
b7 		 96 		 9.614507
----------------------------------------------------------------------------------------------------
b8 		 1 		 9.614507
b8 		 2 		 9.614507
b8 		 3 		 9.614507
b8 		 4 		 2500.0
b8 		 5 		 2480.976822
b8 		 6 		 2500.0
b8 		 7 		 4971.362314
b8 		 8 		 2500.0
b8 		 9 		 9.408671
b8 		 10 		 9.408671
b8 		 11 		 9.408671
b8 		 12 		 9.408671
b8 		 13 		 9.408671
b8 		 14 		 9.408671
b8 		 15 		 9.408671
b8 		 16 		 9.614507
b8 		 17 		 9.408671
b8 		 18 		 9.408671
b8 		 19 		 9.408671
b8 		 20 		 2500.0
b8 		 21 		 2480.976822
b8 		 22 		 9.408671
b8 		 23 		 2500.0
b8 		 24 		 7462.15948
b8 		 25 		 2500.0
b8 		 26 		 2500.0
b8 		 27 		 9.614507
b8 		 28 		 2480.976822
b8 		 29 		 2500.0
b8 		 30 		 9.614507
b8 		 31 		 9.614507
b8 		 32 		 9.614507
b8 		 33 		 9.614507
b8 		 34 		 9.614507
b8 		 35 		 9.614507
b8 		 36 		 9.614507
b8 		 37 		 9.614507
b8 		 38 		 9.614507
b8 		 39 		 9.614507
b8 		 40 		 10.185876
b8 		 41 		 10.185876
b8 		 42 		 2478.320232
b8 		 43 		 2500.0
b8 		 44 		 2500.0
b8 		 45 		 2476.440848
b8 		 46 		 9.614507
b8 		 47 		 9.614507
b8 		 48 		 10.185876
b8 		 49 		 10.185876
b8 		 50 		 9.614507
b8 		 51 		 2500.0
b8 		 52 		 2477.748864
b8 		 53 		 9.614507
b8 		 54 		 9.614507
b8 		 55 		 9.614507
b8 		 56 		 9.614507
b8 		 57 		 2500.0
b8 		 58 		 2500.0
b8 		 59 		 2500.0
b8 		 60 		 4971.362314
b8 		 61 		 2500.0
b8 		 62 		 9.614507
b8 		 63 		 9.614507
b8 		 64 		 2478.320232
b8 		 65 		 2500.0
b8 		 66 		 11.493892
b8 		 67 		 17.62685
b8 		 68 		 2500.0
b8 		 69 		 4971.156478
b8 		 70 		 2500.0
b8 		 71 		 15.176097
b8 		 72 		 9.614507
b8 		 73 		 10.185876
b8 		 74 		 10.185876
b8 		 75 		 9.614507
b8 		 76 		 2469.571242
b8 		 77 		 2500.0
b8 		 78 		 9.614507
b8 		 79 		 9.614507
b8 		 80 		 9.408671
b8 		 81 		 2473.124175
b8 		 82 		 2500.0
b8 		 83 		 2467.844986
b8 		 84 		 2500.0
b8 		 85 		 9.614507
b8 		 86 		 9.614507
b8 		 87 		 13.296712
b8 		 88 		 13.944645
b8 		 89 		 2500.0
b8 		 90 		 2480.770985
b8 		 91 		 2478.320232
b8 		 92 		 2500.0
b8 		 93 		 9.614507
b8 		 94 		 2480.976822
b8 		 95 		 2500.0
b8 		 96 		 9.614507
----------------------------------------------------------------------------------------------------
b9 		 1 		 9.614507
b9 		 2 		 9.614507
b9 		 3 		 9.614507
b9 		 4 		 2500.0
b9 		 5 		 2480.976822
b9 		 6 		 2500.0
b9 		 7 		 4971.362314
b9 		 8 		 2500.0
b9 		 9 		 9.408671
b9 		 10 		 9.408671
b9 		 11 		 9.408671
b9 		 12 		 9.408671
b9 		 13 		 9.408671
b9 		 14 		 9.408671
b9 		 15 		 9.408671
b9 		 16 		 9.614507
b9 		 17 		 9.408671
b9 		 18 		 9.408671
b9 		 19 		 9.408671
b9 		 20 		 2500.0
b9 		 21 		 2480.976822
b9 		 22 		 9.408671
b9 		 23 		 2500.0
b9 		 24 		 7462.15948
b9 		 25 		 2500.0
b9 		 26 		 2500.0
b9 		 27 		 9.614507
b9 		 28 		 2480.976822
b9 		 29 		 2500.0
b9 		 30 		 9.614507
b9 		 31 		 9.614507
b9 		 32 		 9.614507
b9 		 33 		 9.614507
b9 		 34 		 9.614507
b9 		 35 		 9.614507
b9 		 36 		 9.614507
b9 		 37 		 9.614507
b9 		 38 		 9.614507
b9 		 39 		 9.614507
b9 		 40 		 10.185876
b9 		 41 		 10.185876
b9 		 42 		 2478.320232
b9 		 43 		 2500.0
b9 		 44 		 2500.0
b9 		 45 		 2476.440848
b9 		 46 		 9.614507
b9 		 47 		 9.614507
b9 		 48 		 10.185876
b9 		 49 		 10.185876
b9 		 50 		 9.614507
b9 		 51 		 2500.0
b9 		 52 		 2477.748864
b9 		 53 		 9.614507
b9 		 54 		 9.614507
b9 		 55 		 9.614507
b9 		 56 		 9.614507
b9 		 57 		 2500.0
b9 		 58 		 2500.0
b9 		 59 		 2500.0
b9 		 60 		 4971.362314
b9 		 61 		 2500.0
b9 		 62 		 9.614507
b9 		 63 		 9.614507
b9 		 64 		 2478.320232
b9 		 65 		 2500.0
b9 		 66 		 11.493892
b9 		 67 		 17.62685
b9 		 68 		 2500.0
b9 		 69 		 4971.156478
b9 		 70 		 2500.0
b9 		 71 		 15.176097
b9 		 72 		 9.614507
b9 		 73 		 10.185876
b9 		 74 		 10.185876
b9 		 75 		 9.614507
b9 		 76 		 2469.571242
b9 		 77 		 2500.0
b9 		 78 		 9.614507
b9 		 79 		 9.614507
b9 		 80 		 9.408671
b9 		 81 		 2473.124175
b9 		 82 		 2500.0
b9 		 83 		 2467.844986
b9 		 84 		 2500.0
b9 		 85 		 9.614507
b9 		 86 		 9.614507
b9 		 87 		 13.296712
b9 		 88 		 13.944645
b9 		 89 		 2500.0
b9 		 90 		 2480.770985
b9 		 91 		 2478.320232
b9 		 92 		 2500.0
b9 		 93 		 9.614507
b9 		 94 		 2480.976822
b9 		 95 		 2500.0
b9 		 96 		 9.614507
----------------------------------------------------------------------------------------------------
b10 		 1 		 9.614507
b10 		 2 		 9.614507
b10 		 3 		 9.614507
b10 		 4 		 2500.0
b10 		 5 		 2480.976822
b10 		 6 		 2500.0
b10 		 7 		 4971.362314
b10 		 8 		 2500.0
b10 		 9 		 9.408671
b10 		 10 		 9.408671
b10 		 11 		 9.408671
b10 		 12 		 9.408671
b10 		 13 		 9.408671
b10 		 14 		 9.408671
b10 		 15 		 9.408671
b10 		 16 		 9.614507
b10 		 17 		 9.408671
b10 		 18 		 9.408671
b10 		 19 		 9.408671
b10 		 20 		 2500.0
b10 		 21 		 2480.976822
b10 		 22 		 9.408671
b10 		 23 		 2500.0
b10 		 24 		 7462.15948
b10 		 25 		 2500.0
b10 		 26 		 2500.0
b10 		 27 		 9.614507
b10 		 28 		 2480.976822
b10 		 29 		 2500.0
b10 		 30 		 9.614507
b10 		 31 		 9.614507
b10 		 32 		 9.614507
b10 		 33 		 9.614507
b10 		 34 		 9.614507
b10 		 35 		 9.614507
b10 		 36 		 9.614507
b10 		 37 		 9.614507
b10 		 38 		 9.614507
b10 		 39 		 9.614507
b10 		 40 		 10.185876
b10 		 41 		 10.185876
b10 		 42 		 2478.320232
b10 		 43 		 2500.0
b10 		 44 		 2500.0
b10 		 45 		 2476.440848
b10 		 46 		 9.614507
b10 		 47 		 9.614507
b10 		 48 		 10.185876
b10 		 49 		 10.185876
b10 		 50 		 9.614507
b10 		 51 		 2500.0
b10 		 52 		 2477.748864
b10 		 53 		 9.614507
b10 		 54 		 9.614507
b10 		 55 		 9.614507
b10 		 56 		 9.614507
b10 		 57 		 2500.0
b10 		 58 		 2500.0
b10 		 59 		 2500.0
b10 		 60 		 4971.362314
b10 		 61 		 2500.0
b10 		 62 		 9.614507
b10 		 63 		 9.614507
b10 		 64 		 2478.320232
b10 		 65 		 2500.0
b10 		 66 		 11.493892
b10 		 67 		 17.62685
b10 		 68 		 2500.0
b10 		 69 		 4971.156478
b10 		 70 		 2500.0
b10 		 71 		 15.176097
b10 		 72 		 9.614507
b10 		 73 		 10.185876
b10 		 74 		 10.185876
b10 		 75 		 9.614507
b10 		 76 		 2469.571242
b10 		 77 		 2500.0
b10 		 78 		 9.614507
b10 		 79 		 9.614507
b10 		 80 		 9.408671
b10 		 81 		 2473.124175
b10 		 82 		 2500.0
b10 		 83 		 2467.844986
b10 		 84 		 2500.0
b10 		 85 		 9.614507
b10 		 86 		 9.614507
b10 		 87 		 13.296712
b10 		 88 		 13.944645
b10 		 89 		 2500.0
b10 		 90 		 2480.770985
b10 		 91 		 2478.320232
b10 		 92 		 2500.0
b10 		 93 		 9.614507
b10 		 94 		 2480.976822
b10 		 95 		 2500.0
b10 		 96 		 9.614507
----------------------------------------------------------------------------------------------------
b11 		 1 		 9.614507
b11 		 2 		 9.614507
b11 		 3 		 9.614507
b11 		 4 		 2500.0
b11 		 5 		 2480.976822
b11 		 6 		 2500.0
b11 		 7 		 4971.362314
b11 		 8 		 2500.0
b11 		 9 		 9.408671
b11 		 10 		 9.408671
b11 		 11 		 9.408671
b11 		 12 		 9.408671
b11 		 13 		 9.408671
b11 		 14 		 9.408671
b11 		 15 		 9.408671
b11 		 16 		 9.614507
b11 		 17 		 9.408671
b11 		 18 		 9.408671
b11 		 19 		 9.408671
b11 		 20 		 2500.0
b11 		 21 		 2480.976822
b11 		 22 		 9.408671
b11 		 23 		 2500.0
b11 		 24 		 7462.15948
b11 		 25 		 2500.0
b11 		 26 		 2500.0
b11 		 27 		 9.614507
b11 		 28 		 2480.976822
b11 		 29 		 2500.0
b11 		 30 		 9.614507
b11 		 31 		 9.614507
b11 		 32 		 9.614507
b11 		 33 		 9.614507
b11 		 34 		 9.614507
b11 		 35 		 9.614507
b11 		 36 		 9.614507
b11 		 37 		 9.614507
b11 		 38 		 9.614507
b11 		 39 		 9.614507
b11 		 40 		 10.185876
b11 		 41 		 10.185876
b11 		 42 		 2478.320232
b11 		 43 		 2500.0
b11 		 44 		 2500.0
b11 		 45 		 2476.440848
b11 		 46 		 9.614507
b11 		 47 		 9.614507
b11 		 48 		 10.185876
b11 		 49 		 10.185876
b11 		 50 		 9.614507
b11 		 51 		 2500.0
b11 		 52 		 2477.748864
b11 		 53 		 9.614507
b11 		 54 		 9.614507
b11 		 55 		 9.614507
b11 		 56 		 9.614507
b11 		 57 		 2500.0
b11 		 58 		 2500.0
b11 		 59 		 2500.0
b11 		 60 		 4971.362314
b11 		 61 		 2500.0
b11 		 62 		 9.614507
b11 		 63 		 9.614507
b11 		 64 		 2478.320232
b11 		 65 		 2500.0
b11 		 66 		 11.493892
b11 		 67 		 17.62685
b11 		 68 		 2500.0
b11 		 69 		 4971.156478
b11 		 70 		 2500.0
b11 		 71 		 15.176097
b11 		 72 		 9.614507
b11 		 73 		 10.185876
b11 		 74 		 10.185876
b11 		 75 		 9.614507
b11 		 76 		 2469.571242
b11 		 77 		 2500.0
b11 		 78 		 9.614507
b11 		 79 		 9.614507
b11 		 80 		 9.408671
b11 		 81 		 2473.124175
b11 		 82 		 2500.0
b11 		 83 		 2467.844986
b11 		 84 		 2500.0
b11 		 85 		 9.614507
b11 		 86 		 9.614507
b11 		 87 		 13.296712
b11 		 88 		 13.944645
b11 		 89 		 2500.0
b11 		 90 		 2480.770985
b11 		 91 		 2478.320232
b11 		 92 		 2500.0
b11 		 93 		 9.614507
b11 		 94 		 2480.976822
b11 		 95 		 2500.0
b11 		 96 		 9.614507
----------------------------------------------------------------------------------------------------
b12 		 1 		 9.614507
b12 		 2 		 9.614507
b12 		 3 		 9.614507
b12 		 4 		 2500.0
b12 		 5 		 2480.976822
b12 		 6 		 2500.0
b12 		 7 		 4971.362314
b12 		 8 		 2500.0
b12 		 9 		 9.408671
b12 		 10 		 9.408671
b12 		 11 		 9.408671
b12 		 12 		 9.408671
b12 		 13 		 9.408671
b12 		 14 		 9.408671
b12 		 15 		 9.408671
b12 		 16 		 9.614507
b12 		 17 		 9.408671
b12 		 18 		 9.408671
b12 		 19 		 9.408671
b12 		 20 		 2500.0
b12 		 21 		 2480.976822
b12 		 22 		 9.408671
b12 		 23 		 2500.0
b12 		 24 		 7462.15948
b12 		 25 		 2500.0
b12 		 26 		 2500.0
b12 		 27 		 9.614507
b12 		 28 		 2480.976822
b12 		 29 		 2500.0
b12 		 30 		 9.614507
b12 		 31 		 9.614507
b12 		 32 		 9.614507
b12 		 33 		 9.614507
b12 		 34 		 9.614507
b12 		 35 		 9.614507
b12 		 36 		 9.614507
b12 		 37 		 9.614507
b12 		 38 		 9.614507
b12 		 39 		 9.614507
b12 		 40 		 10.185876
b12 		 41 		 10.185876
b12 		 42 		 2478.320232
b12 		 43 		 2500.0
b12 		 44 		 2500.0
b12 		 45 		 2476.440848
b12 		 46 		 9.614507
b12 		 47 		 9.614507
b12 		 48 		 10.185876
b12 		 49 		 10.185876
b12 		 50 		 9.614507
b12 		 51 		 2500.0
b12 		 52 		 2477.748864
b12 		 53 		 9.614507
b12 		 54 		 9.614507
b12 		 55 		 9.614507
b12 		 56 		 9.614507
b12 		 57 		 2500.0
b12 		 58 		 2500.0
b12 		 59 		 2500.0
b12 		 60 		 4971.362314
b12 		 61 		 2500.0
b12 		 62 		 9.614507
b12 		 63 		 9.614507
b12 		 64 		 2478.320232
b12 		 65 		 2500.0
b12 		 66 		 11.493892
b12 		 67 		 17.62685
b12 		 68 		 2500.0
b12 		 69 		 4971.156478
b12 		 70 		 2500.0
b12 		 71 		 15.176097
b12 		 72 		 9.614507
b12 		 73 		 10.185876
b12 		 74 		 10.185876
b12 		 75 		 9.614507
b12 		 76 		 2469.571242
b12 		 77 		 2500.0
b12 		 78 		 9.614507
b12 		 79 		 9.614507
b12 		 80 		 9.408671
b12 		 81 		 2473.124175
b12 		 82 		 2500.0
b12 		 83 		 2467.844986
b12 		 84 		 2500.0
b12 		 85 		 9.614507
b12 		 86 		 9.614507
b12 		 87 		 13.296712
b12 		 88 		 13.944645
b12 		 89 		 2500.0
b12 		 90 		 2480.770985
b12 		 91 		 2478.320232
b12 		 92 		 2500.0
b12 		 93 		 9.614507
b12 		 94 		 2480.976822
b12 		 95 		 2500.0
b12 		 96 		 9.614507
----------------------------------------------------------------------------------------------------
b13 		 1 		 9.614507
b13 		 2 		 9.614507
b13 		 3 		 9.614507
b13 		 4 		 2500.0
b13 		 5 		 2480.976822
b13 		 6 		 2500.0
b13 		 7 		 4971.362314
b13 		 8 		 2500.0
b13 		 9 		 9.408671
b13 		 10 		 9.408671
b13 		 11 		 9.408671
b13 		 12 		 9.408671
b13 		 13 		 9.408671
b13 		 14 		 9.408671
b13 		 15 		 9.408671
b13 		 16 		 9.614507
b13 		 17 		 9.408671
b13 		 18 		 9.408671
b13 		 19 		 9.408671
b13 		 20 		 2500.0
b13 		 21 		 2480.976822
b13 		 22 		 9.408671
b13 		 23 		 2500.0
b13 		 24 		 7462.15948
b13 		 25 		 2500.0
b13 		 26 		 2500.0
b13 		 27 		 9.614507
b13 		 28 		 2480.976822
b13 		 29 		 2500.0
b13 		 30 		 9.614507
b13 		 31 		 9.614507
b13 		 32 		 9.614507
b13 		 33 		 9.614507
b13 		 34 		 9.614507
b13 		 35 		 9.614507
b13 		 36 		 9.614507
b13 		 37 		 9.614507
b13 		 38 		 9.614507
b13 		 39 		 9.614507
b13 		 40 		 10.185876
b13 		 41 		 10.185876
b13 		 42 		 2478.320232
b13 		 43 		 2500.0
b13 		 44 		 2500.0
b13 		 45 		 2476.440848
b13 		 46 		 9.614507
b13 		 47 		 9.614507
b13 		 48 		 10.185876
b13 		 49 		 10.185876
b13 		 50 		 9.614507
b13 		 51 		 2500.0
b13 		 52 		 2477.748864
b13 		 53 		 9.614507
b13 		 54 		 9.614507
b13 		 55 		 9.614507
b13 		 56 		 9.614507
b13 		 57 		 2500.0
b13 		 58 		 2500.0
b13 		 59 		 2500.0
b13 		 60 		 4971.362314
b13 		 61 		 2500.0
b13 		 62 		 9.614507
b13 		 63 		 9.614507
b13 		 64 		 2478.320232
b13 		 65 		 2500.0
b13 		 66 		 11.493892
b13 		 67 		 17.62685
b13 		 68 		 2500.0
b13 		 69 		 4971.156478
b13 		 70 		 2500.0
b13 		 71 		 15.176097
b13 		 72 		 9.614507
b13 		 73 		 10.185876
b13 		 74 		 10.185876
b13 		 75 		 9.614507
b13 		 76 		 2469.571242
b13 		 77 		 2500.0
b13 		 78 		 9.614507
b13 		 79 		 9.614507
b13 		 80 		 9.408671
b13 		 81 		 2473.124175
b13 		 82 		 2500.0
b13 		 83 		 2467.844986
b13 		 84 		 2500.0
b13 		 85 		 9.614507
b13 		 86 		 9.614507
b13 		 87 		 13.296712
b13 		 88 		 13.944645
b13 		 89 		 2500.0
b13 		 90 		 2480.770985
b13 		 91 		 2478.320232
b13 		 92 		 2500.0
b13 		 93 		 9.614507
b13 		 94 		 2480.976822
b13 		 95 		 2500.0
b13 		 96 		 9.614507
----------------------------------------------------------------------------------------------------
b14 		 1 		 9.614507
b14 		 2 		 9.614507
b14 		 3 		 9.614507
b14 		 4 		 2500.0
b14 		 5 		 2480.976822
b14 		 6 		 2500.0
b14 		 7 		 4971.362314
b14 		 8 		 2500.0
b14 		 9 		 9.408671
b14 		 10 		 9.408671
b14 		 11 		 9.408671
b14 		 12 		 9.408671
b14 		 13 		 9.408671
b14 		 14 		 9.408671
b14 		 15 		 9.408671
b14 		 16 		 9.614507
b14 		 17 		 9.408671
b14 		 18 		 9.408671
b14 		 19 		 9.408671
b14 		 20 		 2500.0
b14 		 21 		 2480.976822
b14 		 22 		 9.408671
b14 		 23 		 2500.0
b14 		 24 		 7462.15948
b14 		 25 		 2500.0
b14 		 26 		 2500.0
b14 		 27 		 9.614507
b14 		 28 		 2480.976822
b14 		 29 		 2500.0
b14 		 30 		 9.614507
b14 		 31 		 9.614507
b14 		 32 		 9.614507
b14 		 33 		 9.614507
b14 		 34 		 9.614507
b14 		 35 		 9.614507
b14 		 36 		 9.614507
b14 		 37 		 9.614507
b14 		 38 		 9.614507
b14 		 39 		 9.614507
b14 		 40 		 10.185876
b14 		 41 		 10.185876
b14 		 42 		 2478.320232
b14 		 43 		 2500.0
b14 		 44 		 2500.0
b14 		 45 		 2476.440848
b14 		 46 		 9.614507
b14 		 47 		 9.614507
b14 		 48 		 10.185876
b14 		 49 		 10.185876
b14 		 50 		 9.614507
b14 		 51 		 2500.0
b14 		 52 		 2477.748864
b14 		 53 		 9.614507
b14 		 54 		 9.614507
b14 		 55 		 9.614507
b14 		 56 		 9.614507
b14 		 57 		 2500.0
b14 		 58 		 2500.0
b14 		 59 		 2500.0
b14 		 60 		 4971.362314
b14 		 61 		 2500.0
b14 		 62 		 9.614507
b14 		 63 		 9.614507
b14 		 64 		 2478.320232
b14 		 65 		 2500.0
b14 		 66 		 11.493892
b14 		 67 		 17.62685
b14 		 68 		 2500.0
b14 		 69 		 4971.156478
b14 		 70 		 2500.0
b14 		 71 		 15.176097
b14 		 72 		 9.614507
b14 		 73 		 10.185876
b14 		 74 		 10.185876
b14 		 75 		 9.614507
b14 		 76 		 2469.571242
b14 		 77 		 2500.0
b14 		 78 		 9.614507
b14 		 79 		 9.614507
b14 		 80 		 9.408671
b14 		 81 		 2473.124175
b14 		 82 		 2500.0
b14 		 83 		 2467.844986
b14 		 84 		 2500.0
b14 		 85 		 9.614507
b14 		 86 		 9.614507
b14 		 87 		 13.296712
b14 		 88 		 13.944645
b14 		 89 		 2500.0
b14 		 90 		 2480.770985
b14 		 91 		 2478.320232
b14 		 92 		 2500.0
b14 		 93 		 9.614507
b14 		 94 		 2480.976822
b14 		 95 		 2500.0
b14 		 96 		 9.614507
----------------------------------------------------------------------------------------------------
Total overall payments
----------------------------------------------------------------------------------------------------------------------------------------------------
total generation payment 	 total up-FRP payment 	 total dw-FRP payment 	 total pre-up t. payment 	 uplift payment 	 total post-up t. payment 	 profit
----------------------------------------------------------------------------------------------------------------------------------------------------
685580.822124 			 0.0 			 0.0 			 685580.822124			 963533.450019 			 1.649114272143e6 			 1.331365468609e6
