****************************************************************************************************
 
Generation payment
----------------------------------------------------------------------------------------------------------------
unit	 time 	 generation payment 	 up-FRP payment 	 dw-FRP payment 	pre-up total payment
----------------------------------------------------------------------------------------------------------------
g1	 1 	 -74566.569665 			 0.0 			 0.0			 -74566.569665 
g1	 2 	 67886.6825 			 0.0 			 0.0			 67886.6825 
g1	 3 	 362.803758 			 0.0 			 0.0			 362.803758 
g1	 4 	 -93.221338 			 0.0 			 0.0			 -93.221338 
g1	 5 	 -44.173419 			 0.0 			 0.0			 -44.173419 
g1	 6 	 -25360.798134 			 0.0 			 0.0			 -25360.798134 
g1	 7 	 117469.745 			 0.0 			 0.0			 117469.745 
g1	 8 	 44.229062 			 0.0 			 0.0			 44.229062 
g1	 9 	 -19.20146 			 0.0 			 0.0			 -19.20146 
g1	 10 	 521.295704 			 0.0 			 0.0			 521.295704 
g1	 11 	 217.289315 			 0.0 			 0.0			 217.289315 
g1	 12 	 11.420358 			 0.0 			 0.0			 11.420358 
g1	 13 	 -142.113488 			 0.0 			 0.0			 -142.113488 
g1	 14 	 -143.166845 			 0.0 			 0.0			 -143.166845 
g1	 15 	 330.135466 			 0.0 			 0.0			 330.135466 
g1	 16 	 172.607451 			 0.0 			 0.0			 172.607451 
g1	 17 	 -13422.836343 			 0.0 			 0.0			 -13422.836343 
g1	 18 	 129499.2425 			 0.0 			 0.0			 129499.2425 
g1	 19 	 623.662668 			 0.0 			 0.0			 623.662668 
g1	 20 	 308.821815 			 0.0 			 0.0			 308.821815 
g1	 21 	 63.75816 			 0.0 			 0.0			 63.75816 
g1	 22 	 170.782762 			 0.0 			 0.0			 170.782762 
g1	 23 	 -66.744717 			 0.0 			 0.0			 -66.744717 
g1	 24 	 321.228303 			 0.0 			 0.0			 321.228303 
g1	 25 	 -65.632302 			 0.0 			 0.0			 -65.632302 
g1	 26 	 -10812.166458 			 0.0 			 0.0			 -10812.166458 
g1	 27 	 132129.93 			 0.0 			 0.0			 132129.93 
g1	 28 	 66.81068 			 0.0 			 0.0			 66.81068 
g1	 29 	 -53241.120027 			 0.0 			 0.0			 -53241.120027 
g1	 30 	 89375.6475 			 0.0 			 0.0			 89375.6475 
g1	 31 	 518.102284 			 0.0 			 0.0			 518.102284 
g1	 32 	 29.719816 			 0.0 			 0.0			 29.719816 
g1	 33 	 122.867044 			 0.0 			 0.0			 122.867044 
g1	 34 	 -8198.7575 			 0.0 			 0.0			 -8198.7575 
g1	 35 	 -300715.235607 			 0.0 			 0.0			 -300715.235607 
g1	 36 	 -8198.7575 			 0.0 			 0.0			 -8198.7575 
g1	 37 	 -60075.9525 			 0.0 			 0.0			 -60075.9525 
g1	 38 	 -606195.234767 			 0.0 			 0.0			 -606195.234767 
g1	 39 	 -60075.9525 			 0.0 			 0.0			 -60075.9525 
g1	 40 	 82949.0475 			 0.0 			 0.0			 82949.0475 
g1	 41 	 130.046591 			 0.0 			 0.0			 130.046591 
g1	 42 	 48129.685 			 0.0 			 0.0			 48129.685 
g1	 43 	 -188695.783958 			 0.0 			 0.0			 -188695.783958 
g1	 44 	 48129.685 			 0.0 			 0.0			 48129.685 
g1	 45 	 -54021.91 			 0.0 			 0.0			 -54021.91 
g1	 46 	 -195547.526623 			 0.0 			 0.0			 -195547.526623 
g1	 47 	 -99498.002957 			 0.0 			 0.0			 -99498.002957 
g1	 48 	 42252.75 			 0.0 			 0.0			 42252.75 
g1	 49 	 -118.870467 			 0.0 			 0.0			 -118.870467 
g1	 50 	 -234.670291 			 0.0 			 0.0			 -234.670291 
g1	 51 	 -182.731705 			 0.0 			 0.0			 -182.731705 
g1	 52 	 42252.75 			 0.0 			 0.0			 42252.75 
g1	 53 	 -84284.1425 			 0.0 			 0.0			 -84284.1425 
g1	 54 	 -225579.485588 			 0.0 			 0.0			 -225579.485588 
g1	 55 	 -501.847326 			 0.0 			 0.0			 -501.847326 
g1	 56 	 -19.645351 			 0.0 			 0.0			 -19.645351 
g1	 57 	 42252.75 			 0.0 			 0.0			 42252.75 
g1	 58 	 224.729059 			 0.0 			 0.0			 224.729059 
g1	 59 	 42252.75 			 0.0 			 0.0			 42252.75 
g1	 60 	 44.331905 			 0.0 			 0.0			 44.331905 
g1	 61 	 42252.75 			 0.0 			 0.0			 42252.75 
g1	 62 	 -99772.968022 			 0.0 			 0.0			 -99772.968022 
g1	 63 	 224.729059 			 0.0 			 0.0			 224.729059 
g1	 64 	 17.082316 			 0.0 			 0.0			 17.082316 
g1	 65 	 286.962374 			 0.0 			 0.0			 286.962374 
g1	 66 	 42252.75 			 0.0 			 0.0			 42252.75 
g1	 67 	 42252.75 			 0.0 			 0.0			 42252.75 
g1	 68 	 224.729059 			 0.0 			 0.0			 224.729059 
g1	 69 	 -133.641061 			 0.0 			 0.0			 -133.641061 
g1	 70 	 256.492733 			 0.0 			 0.0			 256.492733 
g1	 71 	 42252.75 			 0.0 			 0.0			 42252.75 
g1	 72 	 -100772.25 			 0.0 			 0.0			 -100772.25 
g1	 73 	 -483880.26684 			 0.0 			 0.0			 -483880.26684 
g1	 74 	 -184191.061141 			 0.0 			 0.0			 -184191.061141 
g1	 75 	 -42578.3675 			 0.0 			 0.0			 -42578.3675 
g1	 76 	 -300.656864 			 0.0 			 0.0			 -300.656864 
g1	 77 	 42252.75 			 0.0 			 0.0			 42252.75 
g1	 78 	 162.348046 			 0.0 			 0.0			 162.348046 
g1	 79 	 42252.75 			 0.0 			 0.0			 42252.75 
g1	 80 	 -200009.242188 			 0.0 			 0.0			 -200009.242188 
g1	 81 	 42252.75 			 0.0 			 0.0			 42252.75 
g1	 82 	 -99428.081043 			 0.0 			 0.0			 -99428.081043 
g1	 83 	 42252.75 			 0.0 			 0.0			 42252.75 
g1	 84 	 88.521977 			 0.0 			 0.0			 88.521977 
g1	 85 	 103.794016 			 0.0 			 0.0			 103.794016 
g1	 86 	 -244.426679 			 0.0 			 0.0			 -244.426679 
g1	 87 	 -175096.008514 			 0.0 			 0.0			 -175096.008514 
g1	 88 	 -33413.5775 			 0.0 			 0.0			 -33413.5775 
g1	 89 	 363.992496 			 0.0 			 0.0			 363.992496 
g1	 90 	 58404.37 			 0.0 			 0.0			 58404.37 
g1	 91 	 -83976.728677 			 0.0 			 0.0			 -83976.728677 
g1	 92 	 -260.702356 			 0.0 			 0.0			 -260.702356 
g1	 93 	 -350.420363 			 0.0 			 0.0			 -350.420363 
g1	 94 	 121.295236 			 0.0 			 0.0			 121.295236 
g1	 95 	 107582.9775 			 0.0 			 0.0			 107582.9775 
g1	 96 	 5.622593 			 0.0 			 0.0			 5.622593 
----------------------------------------------------------------------------------------------------
g2	 1 	 0.0 			 0.0 			 0.0			 0.0 
g2	 2 	 0.0 			 0.0 			 0.0			 0.0 
g2	 3 	 0.0 			 0.0 			 0.0			 0.0 
g2	 4 	 0.0 			 0.0 			 0.0			 0.0 
g2	 5 	 0.0 			 0.0 			 0.0			 0.0 
g2	 6 	 0.0 			 0.0 			 0.0			 0.0 
g2	 7 	 0.0 			 0.0 			 0.0			 0.0 
g2	 8 	 0.0 			 0.0 			 0.0			 0.0 
g2	 9 	 0.0 			 0.0 			 0.0			 0.0 
g2	 10 	 0.0 			 0.0 			 0.0			 0.0 
g2	 11 	 0.0 			 0.0 			 0.0			 0.0 
g2	 12 	 0.0 			 0.0 			 0.0			 0.0 
g2	 13 	 0.0 			 0.0 			 0.0			 0.0 
g2	 14 	 0.0 			 0.0 			 0.0			 0.0 
g2	 15 	 0.0 			 0.0 			 0.0			 0.0 
g2	 16 	 0.0 			 0.0 			 0.0			 0.0 
g2	 17 	 0.0 			 0.0 			 0.0			 0.0 
g2	 18 	 0.0 			 0.0 			 0.0			 0.0 
g2	 19 	 0.0 			 0.0 			 0.0			 0.0 
g2	 20 	 0.0 			 0.0 			 0.0			 0.0 
g2	 21 	 0.0 			 0.0 			 0.0			 0.0 
g2	 22 	 0.0 			 0.0 			 0.0			 0.0 
g2	 23 	 0.0 			 0.0 			 0.0			 0.0 
g2	 24 	 0.0 			 0.0 			 0.0			 0.0 
g2	 25 	 0.0 			 0.0 			 0.0			 0.0 
g2	 26 	 0.0 			 0.0 			 0.0			 0.0 
g2	 27 	 0.0 			 0.0 			 0.0			 0.0 
g2	 28 	 0.0 			 0.0 			 0.0			 0.0 
g2	 29 	 0.0 			 0.0 			 0.0			 0.0 
g2	 30 	 0.0 			 0.0 			 0.0			 0.0 
g2	 31 	 0.0 			 0.0 			 0.0			 0.0 
g2	 32 	 0.0 			 0.0 			 0.0			 0.0 
g2	 33 	 0.0 			 0.0 			 0.0			 0.0 
g2	 34 	 0.0 			 0.0 			 0.0			 0.0 
g2	 35 	 0.0 			 0.0 			 0.0			 0.0 
g2	 36 	 0.0 			 0.0 			 0.0			 0.0 
g2	 37 	 -16872.9 			 0.0 			 0.0			 -16872.9 
g2	 38 	 -217018.667098 			 0.0 			 0.0			 -217018.667098 
g2	 39 	 -16872.9 			 0.0 			 0.0			 -16872.9 
g2	 40 	 38964.6 			 0.0 			 0.0			 38964.6 
g2	 41 	 103.458114 			 0.0 			 0.0			 103.458114 
g2	 42 	 82739.065 			 0.0 			 0.0			 82739.065 
g2	 43 	 53492.755647 			 0.0 			 0.0			 53492.755647 
g2	 44 	 82739.065 			 0.0 			 0.0			 82739.065 
g2	 45 	 109464.2375 			 0.0 			 0.0			 109464.2375 
g2	 46 	 53218.677111 			 0.0 			 0.0			 53218.677111 
g2	 47 	 108080.081833 			 0.0 			 0.0			 108080.081833 
g2	 48 	 165301.7375 			 0.0 			 0.0			 165301.7375 
g2	 49 	 256.561437 			 0.0 			 0.0			 256.561437 
g2	 50 	 219.840462 			 0.0 			 0.0			 219.840462 
g2	 51 	 434.580476 			 0.0 			 0.0			 434.580476 
g2	 52 	 168838.7375 			 0.0 			 0.0			 168838.7375 
g2	 53 	 79937.7625 			 0.0 			 0.0			 79937.7625 
g2	 54 	 23916.877067 			 0.0 			 0.0			 23916.877067 
g2	 55 	 92.684857 			 0.0 			 0.0			 92.684857 
g2	 56 	 307.424871 			 0.0 			 0.0			 307.424871 
g2	 57 	 114297.4875 			 0.0 			 0.0			 114297.4875 
g2	 58 	 447.40234 			 0.0 			 0.0			 447.40234 
g2	 59 	 114297.4875 			 0.0 			 0.0			 114297.4875 
g2	 60 	 224.825584 			 0.0 			 0.0			 224.825584 
g2	 61 	 48870.0025 			 0.0 			 0.0			 48870.0025 
g2	 62 	 -6898.406111 			 0.0 			 0.0			 -6898.406111 
g2	 63 	 154.107004 			 0.0 			 0.0			 154.107004 
g2	 64 	 175.748227 			 0.0 			 0.0			 175.748227 
g2	 65 	 587.283319 			 0.0 			 0.0			 587.283319 
g2	 66 	 89386.9625 			 0.0 			 0.0			 89386.9625 
g2	 67 	 89386.9625 			 0.0 			 0.0			 89386.9625 
g2	 68 	 301.35567 			 0.0 			 0.0			 301.35567 
g2	 69 	 44.762779 			 0.0 			 0.0			 44.762779 
g2	 70 	 409.614301 			 0.0 			 0.0			 409.614301 
g2	 71 	 93640.56 			 0.0 			 0.0			 93640.56 
g2	 72 	 37803.06 			 0.0 			 0.0			 37803.06 
g2	 73 	 39152.686549 			 0.0 			 0.0			 39152.686549 
g2	 74 	 -34588.699627 			 0.0 			 0.0			 -34588.699627 
g2	 75 	 20983.5875 			 0.0 			 0.0			 20983.5875 
g2	 76 	 295.438753 			 0.0 			 0.0			 295.438753 
g2	 77 	 162515.0875 			 0.0 			 0.0			 162515.0875 
g2	 78 	 410.260965 			 0.0 			 0.0			 410.260965 
g2	 79 	 97824.715 			 0.0 			 0.0			 97824.715 
g2	 80 	 83334.75787 			 0.0 			 0.0			 83334.75787 
g2	 81 	 109026.615 			 0.0 			 0.0			 109026.615 
g2	 82 	 94939.309775 			 0.0 			 0.0			 94939.309775 
g2	 83 	 152060.295 			 0.0 			 0.0			 152060.295 
g2	 84 	 370.053894 			 0.0 			 0.0			 370.053894 
g2	 85 	 390.951314 			 0.0 			 0.0			 390.951314 
g2	 86 	 176.2113 			 0.0 			 0.0			 176.2113 
g2	 87 	 -9942.14743 			 0.0 			 0.0			 -9942.14743 
g2	 88 	 45819.12 			 0.0 			 0.0			 45819.12 
g2	 89 	 21.701904 			 0.0 			 0.0			 21.701904 
g2	 90 	 5643.01 			 0.0 			 0.0			 5643.01 
g2	 91 	 -49812.546513 			 0.0 			 0.0			 -49812.546513 
g2	 92 	 -148.145051 			 0.0 			 0.0			 -148.145051 
g2	 93 	 0.0 			 0.0 			 0.0			 0.0 
g2	 94 	 0.0 			 0.0 			 0.0			 0.0 
g2	 95 	 0.0 			 0.0 			 0.0			 0.0 
g2	 96 	 0.0 			 0.0 			 0.0			 0.0 
----------------------------------------------------------------------------------------------------
g3	 1 	 0.0 			 0.0 			 0.0			 0.0 
g3	 2 	 0.0 			 0.0 			 0.0			 0.0 
g3	 3 	 0.0 			 0.0 			 0.0			 0.0 
g3	 4 	 0.0 			 0.0 			 0.0			 0.0 
g3	 5 	 0.0 			 0.0 			 0.0			 0.0 
g3	 6 	 0.0 			 0.0 			 0.0			 0.0 
g3	 7 	 0.0 			 0.0 			 0.0			 0.0 
g3	 8 	 0.0 			 0.0 			 0.0			 0.0 
g3	 9 	 0.0 			 0.0 			 0.0			 0.0 
g3	 10 	 0.0 			 0.0 			 0.0			 0.0 
g3	 11 	 0.0 			 0.0 			 0.0			 0.0 
g3	 12 	 0.0 			 0.0 			 0.0			 0.0 
g3	 13 	 0.0 			 0.0 			 0.0			 0.0 
g3	 14 	 0.0 			 0.0 			 0.0			 0.0 
g3	 15 	 0.0 			 0.0 			 0.0			 0.0 
g3	 16 	 0.0 			 0.0 			 0.0			 0.0 
g3	 17 	 0.0 			 0.0 			 0.0			 0.0 
g3	 18 	 0.0 			 0.0 			 0.0			 0.0 
g3	 19 	 0.0 			 0.0 			 0.0			 0.0 
g3	 20 	 0.0 			 0.0 			 0.0			 0.0 
g3	 21 	 0.0 			 0.0 			 0.0			 0.0 
g3	 22 	 0.0 			 0.0 			 0.0			 0.0 
g3	 23 	 0.0 			 0.0 			 0.0			 0.0 
g3	 24 	 0.0 			 0.0 			 0.0			 0.0 
g3	 25 	 0.0 			 0.0 			 0.0			 0.0 
g3	 26 	 0.0 			 0.0 			 0.0			 0.0 
g3	 27 	 0.0 			 0.0 			 0.0			 0.0 
g3	 28 	 0.0 			 0.0 			 0.0			 0.0 
g3	 29 	 0.0 			 0.0 			 0.0			 0.0 
g3	 30 	 0.0 			 0.0 			 0.0			 0.0 
g3	 31 	 0.0 			 0.0 			 0.0			 0.0 
g3	 32 	 0.0 			 0.0 			 0.0			 0.0 
g3	 33 	 0.0 			 0.0 			 0.0			 0.0 
g3	 34 	 0.0 			 0.0 			 0.0			 0.0 
g3	 35 	 0.0 			 0.0 			 0.0			 0.0 
g3	 36 	 0.0 			 0.0 			 0.0			 0.0 
g3	 37 	 0.0 			 0.0 			 0.0			 0.0 
g3	 38 	 0.0 			 0.0 			 0.0			 0.0 
g3	 39 	 0.0 			 0.0 			 0.0			 0.0 
g3	 40 	 0.0 			 0.0 			 0.0			 0.0 
g3	 41 	 0.0 			 0.0 			 0.0			 0.0 
g3	 42 	 0.0 			 0.0 			 0.0			 0.0 
g3	 43 	 0.0 			 0.0 			 0.0			 0.0 
g3	 44 	 0.0 			 0.0 			 0.0			 0.0 
g3	 45 	 0.0 			 0.0 			 0.0			 0.0 
g3	 46 	 0.0 			 0.0 			 0.0			 0.0 
g3	 47 	 0.0 			 0.0 			 0.0			 0.0 
g3	 48 	 0.0 			 0.0 			 0.0			 0.0 
g3	 49 	 0.0 			 0.0 			 0.0			 0.0 
g3	 50 	 0.0 			 0.0 			 0.0			 0.0 
g3	 51 	 0.0 			 0.0 			 0.0			 0.0 
g3	 52 	 0.0 			 0.0 			 0.0			 0.0 
g3	 53 	 0.0 			 0.0 			 0.0			 0.0 
g3	 54 	 0.0 			 0.0 			 0.0			 0.0 
g3	 55 	 0.0 			 0.0 			 0.0			 0.0 
g3	 56 	 0.0 			 0.0 			 0.0			 0.0 
g3	 57 	 0.0 			 0.0 			 0.0			 0.0 
g3	 58 	 0.0 			 0.0 			 0.0			 0.0 
g3	 59 	 0.0 			 0.0 			 0.0			 0.0 
g3	 60 	 0.0 			 0.0 			 0.0			 0.0 
g3	 61 	 0.0 			 0.0 			 0.0			 0.0 
g3	 62 	 0.0 			 0.0 			 0.0			 0.0 
g3	 63 	 0.0 			 0.0 			 0.0			 0.0 
g3	 64 	 0.0 			 0.0 			 0.0			 0.0 
g3	 65 	 0.0 			 0.0 			 0.0			 0.0 
g3	 66 	 0.0 			 0.0 			 0.0			 0.0 
g3	 67 	 0.0 			 0.0 			 0.0			 0.0 
g3	 68 	 0.0 			 0.0 			 0.0			 0.0 
g3	 69 	 0.0 			 0.0 			 0.0			 0.0 
g3	 70 	 0.0 			 0.0 			 0.0			 0.0 
g3	 71 	 0.0 			 0.0 			 0.0			 0.0 
g3	 72 	 0.0 			 0.0 			 0.0			 0.0 
g3	 73 	 0.0 			 0.0 			 0.0			 0.0 
g3	 74 	 0.0 			 0.0 			 0.0			 0.0 
g3	 75 	 0.0 			 0.0 			 0.0			 0.0 
g3	 76 	 0.0 			 0.0 			 0.0			 0.0 
g3	 77 	 0.0 			 0.0 			 0.0			 0.0 
g3	 78 	 0.0 			 0.0 			 0.0			 0.0 
g3	 79 	 0.0 			 0.0 			 0.0			 0.0 
g3	 80 	 0.0 			 0.0 			 0.0			 0.0 
g3	 81 	 0.0 			 0.0 			 0.0			 0.0 
g3	 82 	 0.0 			 0.0 			 0.0			 0.0 
g3	 83 	 0.0 			 0.0 			 0.0			 0.0 
g3	 84 	 0.0 			 0.0 			 0.0			 0.0 
g3	 85 	 0.0 			 0.0 			 0.0			 0.0 
g3	 86 	 0.0 			 0.0 			 0.0			 0.0 
g3	 87 	 0.0 			 0.0 			 0.0			 0.0 
g3	 88 	 0.0 			 0.0 			 0.0			 0.0 
g3	 89 	 0.0 			 0.0 			 0.0			 0.0 
g3	 90 	 0.0 			 0.0 			 0.0			 0.0 
g3	 91 	 0.0 			 0.0 			 0.0			 0.0 
g3	 92 	 0.0 			 0.0 			 0.0			 0.0 
g3	 93 	 0.0 			 0.0 			 0.0			 0.0 
g3	 94 	 0.0 			 0.0 			 0.0			 0.0 
g3	 95 	 0.0 			 0.0 			 0.0			 0.0 
g3	 96 	 0.0 			 0.0 			 0.0			 0.0 
----------------------------------------------------------------------------------------------------
g4	 1 	 0.0 			 0.0 			 0.0			 0.0 
g4	 2 	 0.0 			 0.0 			 0.0			 0.0 
g4	 3 	 0.0 			 0.0 			 0.0			 0.0 
g4	 4 	 0.0 			 0.0 			 0.0			 0.0 
g4	 5 	 0.0 			 0.0 			 0.0			 0.0 
g4	 6 	 0.0 			 0.0 			 0.0			 0.0 
g4	 7 	 0.0 			 0.0 			 0.0			 0.0 
g4	 8 	 0.0 			 0.0 			 0.0			 0.0 
g4	 9 	 0.0 			 0.0 			 0.0			 0.0 
g4	 10 	 0.0 			 0.0 			 0.0			 0.0 
g4	 11 	 0.0 			 0.0 			 0.0			 0.0 
g4	 12 	 0.0 			 0.0 			 0.0			 0.0 
g4	 13 	 0.0 			 0.0 			 0.0			 0.0 
g4	 14 	 0.0 			 0.0 			 0.0			 0.0 
g4	 15 	 0.0 			 0.0 			 0.0			 0.0 
g4	 16 	 0.0 			 0.0 			 0.0			 0.0 
g4	 17 	 0.0 			 0.0 			 0.0			 0.0 
g4	 18 	 0.0 			 0.0 			 0.0			 0.0 
g4	 19 	 0.0 			 0.0 			 0.0			 0.0 
g4	 20 	 0.0 			 0.0 			 0.0			 0.0 
g4	 21 	 0.0 			 0.0 			 0.0			 0.0 
g4	 22 	 0.0 			 0.0 			 0.0			 0.0 
g4	 23 	 0.0 			 0.0 			 0.0			 0.0 
g4	 24 	 0.0 			 0.0 			 0.0			 0.0 
g4	 25 	 0.0 			 0.0 			 0.0			 0.0 
g4	 26 	 0.0 			 0.0 			 0.0			 0.0 
g4	 27 	 0.0 			 0.0 			 0.0			 0.0 
g4	 28 	 0.0 			 0.0 			 0.0			 0.0 
g4	 29 	 0.0 			 0.0 			 0.0			 0.0 
g4	 30 	 0.0 			 0.0 			 0.0			 0.0 
g4	 31 	 0.0 			 0.0 			 0.0			 0.0 
g4	 32 	 0.0 			 0.0 			 0.0			 0.0 
g4	 33 	 0.0 			 0.0 			 0.0			 0.0 
g4	 34 	 0.0 			 0.0 			 0.0			 0.0 
g4	 35 	 0.0 			 0.0 			 0.0			 0.0 
g4	 36 	 0.0 			 0.0 			 0.0			 0.0 
g4	 37 	 0.0 			 0.0 			 0.0			 0.0 
g4	 38 	 0.0 			 0.0 			 0.0			 0.0 
g4	 39 	 0.0 			 0.0 			 0.0			 0.0 
g4	 40 	 0.0 			 0.0 			 0.0			 0.0 
g4	 41 	 0.0 			 0.0 			 0.0			 0.0 
g4	 42 	 0.0 			 0.0 			 0.0			 0.0 
g4	 43 	 0.0 			 0.0 			 0.0			 0.0 
g4	 44 	 0.0 			 0.0 			 0.0			 0.0 
g4	 45 	 0.0 			 0.0 			 0.0			 0.0 
g4	 46 	 0.0 			 0.0 			 0.0			 0.0 
g4	 47 	 0.0 			 0.0 			 0.0			 0.0 
g4	 48 	 0.0 			 0.0 			 0.0			 0.0 
g4	 49 	 0.0 			 0.0 			 0.0			 0.0 
g4	 50 	 0.0 			 0.0 			 0.0			 0.0 
g4	 51 	 0.0 			 0.0 			 0.0			 0.0 
g4	 52 	 0.0 			 0.0 			 0.0			 0.0 
g4	 53 	 0.0 			 0.0 			 0.0			 0.0 
g4	 54 	 0.0 			 0.0 			 0.0			 0.0 
g4	 55 	 0.0 			 0.0 			 0.0			 0.0 
g4	 56 	 0.0 			 0.0 			 0.0			 0.0 
g4	 57 	 0.0 			 0.0 			 0.0			 0.0 
g4	 58 	 0.0 			 0.0 			 0.0			 0.0 
g4	 59 	 0.0 			 0.0 			 0.0			 0.0 
g4	 60 	 0.0 			 0.0 			 0.0			 0.0 
g4	 61 	 0.0 			 0.0 			 0.0			 0.0 
g4	 62 	 0.0 			 0.0 			 0.0			 0.0 
g4	 63 	 0.0 			 0.0 			 0.0			 0.0 
g4	 64 	 0.0 			 0.0 			 0.0			 0.0 
g4	 65 	 0.0 			 0.0 			 0.0			 0.0 
g4	 66 	 0.0 			 0.0 			 0.0			 0.0 
g4	 67 	 0.0 			 0.0 			 0.0			 0.0 
g4	 68 	 0.0 			 0.0 			 0.0			 0.0 
g4	 69 	 0.0 			 0.0 			 0.0			 0.0 
g4	 70 	 0.0 			 0.0 			 0.0			 0.0 
g4	 71 	 0.0 			 0.0 			 0.0			 0.0 
g4	 72 	 0.0 			 0.0 			 0.0			 0.0 
g4	 73 	 0.0 			 0.0 			 0.0			 0.0 
g4	 74 	 0.0 			 0.0 			 0.0			 0.0 
g4	 75 	 0.0 			 0.0 			 0.0			 0.0 
g4	 76 	 0.0 			 0.0 			 0.0			 0.0 
g4	 77 	 0.0 			 0.0 			 0.0			 0.0 
g4	 78 	 0.0 			 0.0 			 0.0			 0.0 
g4	 79 	 0.0 			 0.0 			 0.0			 0.0 
g4	 80 	 0.0 			 0.0 			 0.0			 0.0 
g4	 81 	 0.0 			 0.0 			 0.0			 0.0 
g4	 82 	 0.0 			 0.0 			 0.0			 0.0 
g4	 83 	 0.0 			 0.0 			 0.0			 0.0 
g4	 84 	 0.0 			 0.0 			 0.0			 0.0 
g4	 85 	 0.0 			 0.0 			 0.0			 0.0 
g4	 86 	 0.0 			 0.0 			 0.0			 0.0 
g4	 87 	 0.0 			 0.0 			 0.0			 0.0 
g4	 88 	 0.0 			 0.0 			 0.0			 0.0 
g4	 89 	 0.0 			 0.0 			 0.0			 0.0 
g4	 90 	 0.0 			 0.0 			 0.0			 0.0 
g4	 91 	 0.0 			 0.0 			 0.0			 0.0 
g4	 92 	 0.0 			 0.0 			 0.0			 0.0 
g4	 93 	 0.0 			 0.0 			 0.0			 0.0 
g4	 94 	 0.0 			 0.0 			 0.0			 0.0 
g4	 95 	 0.0 			 0.0 			 0.0			 0.0 
g4	 96 	 0.0 			 0.0 			 0.0			 0.0 
----------------------------------------------------------------------------------------------------
g5	 1 	 0.0 			 0.0 			 0.0			 0.0 
g5	 2 	 0.0 			 0.0 			 0.0			 0.0 
g5	 3 	 0.0 			 0.0 			 0.0			 0.0 
g5	 4 	 0.0 			 0.0 			 0.0			 0.0 
g5	 5 	 0.0 			 0.0 			 0.0			 0.0 
g5	 6 	 0.0 			 0.0 			 0.0			 0.0 
g5	 7 	 0.0 			 0.0 			 0.0			 0.0 
g5	 8 	 0.0 			 0.0 			 0.0			 0.0 
g5	 9 	 0.0 			 0.0 			 0.0			 0.0 
g5	 10 	 0.0 			 0.0 			 0.0			 0.0 
g5	 11 	 0.0 			 0.0 			 0.0			 0.0 
g5	 12 	 0.0 			 0.0 			 0.0			 0.0 
g5	 13 	 0.0 			 0.0 			 0.0			 0.0 
g5	 14 	 0.0 			 0.0 			 0.0			 0.0 
g5	 15 	 0.0 			 0.0 			 0.0			 0.0 
g5	 16 	 0.0 			 0.0 			 0.0			 0.0 
g5	 17 	 0.0 			 0.0 			 0.0			 0.0 
g5	 18 	 0.0 			 0.0 			 0.0			 0.0 
g5	 19 	 0.0 			 0.0 			 0.0			 0.0 
g5	 20 	 0.0 			 0.0 			 0.0			 0.0 
g5	 21 	 0.0 			 0.0 			 0.0			 0.0 
g5	 22 	 0.0 			 0.0 			 0.0			 0.0 
g5	 23 	 0.0 			 0.0 			 0.0			 0.0 
g5	 24 	 0.0 			 0.0 			 0.0			 0.0 
g5	 25 	 0.0 			 0.0 			 0.0			 0.0 
g5	 26 	 0.0 			 0.0 			 0.0			 0.0 
g5	 27 	 0.0 			 0.0 			 0.0			 0.0 
g5	 28 	 0.0 			 0.0 			 0.0			 0.0 
g5	 29 	 0.0 			 0.0 			 0.0			 0.0 
g5	 30 	 0.0 			 0.0 			 0.0			 0.0 
g5	 31 	 0.0 			 0.0 			 0.0			 0.0 
g5	 32 	 0.0 			 0.0 			 0.0			 0.0 
g5	 33 	 0.0 			 0.0 			 0.0			 0.0 
g5	 34 	 0.0 			 0.0 			 0.0			 0.0 
g5	 35 	 0.0 			 0.0 			 0.0			 0.0 
g5	 36 	 0.0 			 0.0 			 0.0			 0.0 
g5	 37 	 0.0 			 0.0 			 0.0			 0.0 
g5	 38 	 0.0 			 0.0 			 0.0			 0.0 
g5	 39 	 0.0 			 0.0 			 0.0			 0.0 
g5	 40 	 0.0 			 0.0 			 0.0			 0.0 
g5	 41 	 0.0 			 0.0 			 0.0			 0.0 
g5	 42 	 0.0 			 0.0 			 0.0			 0.0 
g5	 43 	 0.0 			 0.0 			 0.0			 0.0 
g5	 44 	 0.0 			 0.0 			 0.0			 0.0 
g5	 45 	 0.0 			 0.0 			 0.0			 0.0 
g5	 46 	 0.0 			 0.0 			 0.0			 0.0 
g5	 47 	 0.0 			 0.0 			 0.0			 0.0 
g5	 48 	 0.0 			 0.0 			 0.0			 0.0 
g5	 49 	 0.0 			 0.0 			 0.0			 0.0 
g5	 50 	 0.0 			 0.0 			 0.0			 0.0 
g5	 51 	 0.0 			 0.0 			 0.0			 0.0 
g5	 52 	 0.0 			 0.0 			 0.0			 0.0 
g5	 53 	 0.0 			 0.0 			 0.0			 0.0 
g5	 54 	 0.0 			 0.0 			 0.0			 0.0 
g5	 55 	 0.0 			 0.0 			 0.0			 0.0 
g5	 56 	 0.0 			 0.0 			 0.0			 0.0 
g5	 57 	 0.0 			 0.0 			 0.0			 0.0 
g5	 58 	 0.0 			 0.0 			 0.0			 0.0 
g5	 59 	 0.0 			 0.0 			 0.0			 0.0 
g5	 60 	 0.0 			 0.0 			 0.0			 0.0 
g5	 61 	 0.0 			 0.0 			 0.0			 0.0 
g5	 62 	 0.0 			 0.0 			 0.0			 0.0 
g5	 63 	 0.0 			 0.0 			 0.0			 0.0 
g5	 64 	 0.0 			 0.0 			 0.0			 0.0 
g5	 65 	 0.0 			 0.0 			 0.0			 0.0 
g5	 66 	 0.0 			 0.0 			 0.0			 0.0 
g5	 67 	 0.0 			 0.0 			 0.0			 0.0 
g5	 68 	 0.0 			 0.0 			 0.0			 0.0 
g5	 69 	 0.0 			 0.0 			 0.0			 0.0 
g5	 70 	 0.0 			 0.0 			 0.0			 0.0 
g5	 71 	 0.0 			 0.0 			 0.0			 0.0 
g5	 72 	 0.0 			 0.0 			 0.0			 0.0 
g5	 73 	 0.0 			 0.0 			 0.0			 0.0 
g5	 74 	 0.0 			 0.0 			 0.0			 0.0 
g5	 75 	 0.0 			 0.0 			 0.0			 0.0 
g5	 76 	 0.0 			 0.0 			 0.0			 0.0 
g5	 77 	 0.0 			 0.0 			 0.0			 0.0 
g5	 78 	 0.0 			 0.0 			 0.0			 0.0 
g5	 79 	 0.0 			 0.0 			 0.0			 0.0 
g5	 80 	 0.0 			 0.0 			 0.0			 0.0 
g5	 81 	 0.0 			 0.0 			 0.0			 0.0 
g5	 82 	 0.0 			 0.0 			 0.0			 0.0 
g5	 83 	 0.0 			 0.0 			 0.0			 0.0 
g5	 84 	 0.0 			 0.0 			 0.0			 0.0 
g5	 85 	 0.0 			 0.0 			 0.0			 0.0 
g5	 86 	 0.0 			 0.0 			 0.0			 0.0 
g5	 87 	 0.0 			 0.0 			 0.0			 0.0 
g5	 88 	 0.0 			 0.0 			 0.0			 0.0 
g5	 89 	 0.0 			 0.0 			 0.0			 0.0 
g5	 90 	 0.0 			 0.0 			 0.0			 0.0 
g5	 91 	 0.0 			 0.0 			 0.0			 0.0 
g5	 92 	 0.0 			 0.0 			 0.0			 0.0 
g5	 93 	 0.0 			 0.0 			 0.0			 0.0 
g5	 94 	 0.0 			 0.0 			 0.0			 0.0 
g5	 95 	 0.0 			 0.0 			 0.0			 0.0 
g5	 96 	 0.0 			 0.0 			 0.0			 0.0 
----------------------------------------------------------------------------------------------------------------
unit 	 generation payment 	 up-FRP payment 	 dw-FRP payment 	pre-up total payment
----------------------------------------------------------------------------------------------------------------
 g1 	 -2179800.425478			 0.000000			 0.000000			 -2179800.425478
 g2 	 2018945.159093			 0.000000			 0.000000			 2018945.159093
 g3 	 0.000000			 0.000000			 0.000000			 0.000000
 g4 	 0.000000			 0.000000			 0.000000			 0.000000
 g5 	 0.000000			 0.000000			 0.000000			 0.000000
----------------------------------------------------------------------------------------------------
generation payment 	 up-FRP payment 	 dw-FRP payment 	 pre-up total payment
----------------------------------------------------------------------------------------------------
-160855.2663850002 			 0.0 			 0.0 			 -160855.2663850002
 
****************************************************************************************************
 
Generation costs
----------------------------------------------------------------------------------------------------
unit	 time 	 generation cost 	 start-up cost  	total cost
----------------------------------------------------------------------------------------------------
g1	 1 	 1949.69626 			 0.0 			1949.69626
g1	 2 	 2491.79223 			 0.0 			2491.79223
g1	 3 	 2593.517197 			 0.0 			2593.517197
g1	 4 	 2139.255608 			 0.0 			2139.255608
g1	 5 	 2066.16487 			 0.0 			2066.16487
g1	 6 	 2014.161892 			 0.0 			2014.161892
g1	 7 	 2557.668196 			 0.0 			2557.668196
g1	 8 	 2154.567349 			 0.0 			2154.567349
g1	 9 	 1978.007902 			 0.0 			1978.007902
g1	 10 	 2511.594548 			 0.0 			2511.594548
g1	 11 	 2214.498678 			 0.0 			2214.498678
g1	 12 	 2008.629721 			 0.0 			2008.629721
g1	 13 	 1798.233911 			 0.0 			1798.233911
g1	 14 	 1797.180552 			 0.0 			1797.180552
g1	 15 	 2270.482871 			 0.0 			2270.482871
g1	 16 	 2112.954855 			 0.0 			2112.954855
g1	 17 	 1904.317806 			 0.0 			1904.317806
g1	 18 	 2445.421019 			 0.0 			2445.421019
g1	 19 	 2571.055143 			 0.0 			2571.055143
g1	 20 	 2264.043387 			 0.0 			2264.043387
g1	 21 	 2146.558206 			 0.0 			2146.558206
g1	 22 	 2253.58281 			 0.0 			2253.58281
g1	 23 	 2016.055326 			 0.0 			2016.055326
g1	 24 	 2398.990312 			 0.0 			2398.990312
g1	 25 	 2224.216559 			 0.0 			2224.216559
g1	 26 	 2248.845606 			 0.0 			2248.845606
g1	 27 	 2797.486152 			 0.0 			2797.486152
g1	 28 	 2356.151166 			 0.0 			2356.151166
g1	 29 	 2278.246266 			 0.0 			2278.246266
g1	 30 	 2827.530019 			 0.0 			2827.530019
g1	 31 	 3001.91119 			 0.0 			3001.91119
g1	 32 	 2513.528707 			 0.0 			2513.528707
g1	 33 	 2827.026892 			 0.0 			2827.026892
g1	 34 	 2672.629036 			 0.0 			2672.629036
g1	 35 	 2126.661546 			 0.0 			2126.661546
g1	 36 	 2672.629036 			 0.0 			2672.629036
g1	 37 	 2352.892101 			 0.0 			2352.892101
g1	 38 	 1813.769832 			 0.0 			1813.769832
g1	 39 	 2352.892101 			 0.0 			2352.892101
g1	 40 	 2902.938062 			 0.0 			2902.938062
g1	 41 	 2954.220029 			 0.0 			2954.220029
g1	 42 	 3009.270714 			 0.0 			3009.270714
g1	 43 	 2459.224753 			 0.0 			2459.224753
g1	 44 	 3009.270714 			 0.0 			3009.270714
g1	 45 	 2687.980042 			 0.0 			2687.980042
g1	 46 	 2141.683903 			 0.0 			2141.683903
g1	 47 	 2508.187447 			 0.0 			2508.187447
g1	 48 	 3058.233409 			 0.0 			3058.233409
g1	 49 	 2776.867188 			 0.0 			2776.867188
g1	 50 	 2661.067359 			 0.0 			2661.067359
g1	 51 	 2713.005951 			 0.0 			2713.005951
g1	 52 	 3058.233409 			 0.0 			3058.233409
g1	 53 	 2571.597464 			 0.0 			2571.597464
g1	 54 	 2027.79295 			 0.0 			2027.79295
g1	 55 	 2393.890316 			 0.0 			2393.890316
g1	 56 	 2876.09231 			 0.0 			2876.09231
g1	 57 	 3058.233409 			 0.0 			3058.233409
g1	 58 	 3058.233409 			 0.0 			3058.233409
g1	 59 	 3058.233409 			 0.0 			3058.233409
g1	 60 	 2940.069569 			 0.0 			2940.069569
g1	 61 	 3058.233409 			 0.0 			3058.233409
g1	 62 	 2508.187447 			 0.0 			2508.187447
g1	 63 	 3058.233409 			 0.0 			3058.233409
g1	 64 	 2912.819975 			 0.0 			2912.819975
g1	 65 	 3058.233409 			 0.0 			3058.233409
g1	 66 	 3058.233409 			 0.0 			3058.233409
g1	 67 	 3058.233409 			 0.0 			3058.233409
g1	 68 	 3058.233409 			 0.0 			3058.233409
g1	 69 	 2762.096595 			 0.0 			2762.096595
g1	 70 	 3058.233409 			 0.0 			3058.233409
g1	 71 	 3058.233409 			 0.0 			3058.233409
g1	 72 	 2508.187447 			 0.0 			2508.187447
g1	 73 	 1965.740474 			 0.0 			1965.740474
g1	 74 	 2184.751317 			 0.0 			2184.751317
g1	 75 	 2731.989654 			 0.0 			2731.989654
g1	 76 	 2595.080785 			 0.0 			2595.080785
g1	 77 	 3058.233409 			 0.0 			3058.233409
g1	 78 	 3058.085715 			 0.0 			3058.085715
g1	 79 	 3058.233409 			 0.0 			3058.233409
g1	 80 	 2508.187447 			 0.0 			2508.187447
g1	 81 	 3058.233409 			 0.0 			3058.233409
g1	 82 	 2508.187447 			 0.0 			2508.187447
g1	 83 	 3058.233409 			 0.0 			3058.233409
g1	 84 	 2984.25964 			 0.0 			2984.25964
g1	 85 	 2999.531676 			 0.0 			2999.531676
g1	 86 	 2651.310972 			 0.0 			2651.310972
g1	 87 	 2219.242713 			 0.0 			2219.242713
g1	 88 	 2767.235629 			 0.0 			2767.235629
g1	 89 	 2942.105792 			 0.0 			2942.105792
g1	 90 	 2802.724985 			 0.0 			2802.724985
g1	 91 	 2253.972281 			 0.0 			2253.972281
g1	 92 	 2313.086426 			 0.0 			2313.086426
g1	 93 	 2286.975111 			 0.0 			2286.975111
g1	 94 	 2765.785719 			 0.0 			2765.785719
g1	 95 	 3058.233409 			 0.0 			3058.233409
g1	 96 	 2650.113077 			 0.0 			2650.113077
----------------------------------------------------------------------------------------------------
g2	 1 	 0.0 			 0.0 			0.0
g2	 2 	 0.0 			 0.0 			0.0
g2	 3 	 0.0 			 0.0 			0.0
g2	 4 	 0.0 			 0.0 			0.0
g2	 5 	 0.0 			 0.0 			0.0
g2	 6 	 0.0 			 0.0 			0.0
g2	 7 	 0.0 			 0.0 			0.0
g2	 8 	 0.0 			 0.0 			0.0
g2	 9 	 0.0 			 0.0 			0.0
g2	 10 	 0.0 			 0.0 			0.0
g2	 11 	 0.0 			 0.0 			0.0
g2	 12 	 0.0 			 0.0 			0.0
g2	 13 	 0.0 			 0.0 			0.0
g2	 14 	 0.0 			 0.0 			0.0
g2	 15 	 0.0 			 0.0 			0.0
g2	 16 	 0.0 			 0.0 			0.0
g2	 17 	 0.0 			 0.0 			0.0
g2	 18 	 0.0 			 0.0 			0.0
g2	 19 	 0.0 			 0.0 			0.0
g2	 20 	 0.0 			 0.0 			0.0
g2	 21 	 0.0 			 0.0 			0.0
g2	 22 	 0.0 			 0.0 			0.0
g2	 23 	 0.0 			 0.0 			0.0
g2	 24 	 0.0 			 0.0 			0.0
g2	 25 	 0.0 			 0.0 			0.0
g2	 26 	 0.0 			 0.0 			0.0
g2	 27 	 0.0 			 0.0 			0.0
g2	 28 	 0.0 			 0.0 			0.0
g2	 29 	 0.0 			 0.0 			0.0
g2	 30 	 0.0 			 0.0 			0.0
g2	 31 	 0.0 			 0.0 			0.0
g2	 32 	 0.0 			 0.0 			0.0
g2	 33 	 0.0 			 0.0 			0.0
g2	 34 	 0.0 			 0.0 			0.0
g2	 35 	 0.0 			 0.0 			0.0
g2	 36 	 0.0 			 0.0 			0.0
g2	 37 	 449.592834 			 10598.13 			11047.722834
g2	 38 	 238.356787 			 0.0 			238.356787
g2	 39 	 449.592834 			 0.0 			449.592834
g2	 40 	 670.535474 			 0.0 			670.535474
g2	 41 	 621.386445 			 0.0 			621.386445
g2	 42 	 848.887979 			 0.0 			848.887979
g2	 43 	 621.386445 			 0.0 			621.386445
g2	 44 	 848.887979 			 0.0 			848.887979
g2	 45 	 1104.946196 			 0.0 			1104.946196
g2	 46 	 848.887979 			 0.0 			848.887979
g2	 47 	 1104.946196 			 0.0 			1104.946196
g2	 48 	 1384.784691 			 0.0 			1384.784691
g2	 49 	 1104.946196 			 0.0 			1104.946196
g2	 50 	 1061.047233 			 0.0 			1061.047233
g2	 51 	 1334.000163 			 0.0 			1334.000163
g2	 52 	 1630.982228 			 0.0 			1630.982228
g2	 53 	 1334.000163 			 0.0 			1334.000163
g2	 54 	 1061.047233 			 0.0 			1061.047233
g2	 55 	 1061.047233 			 0.0 			1061.047233
g2	 56 	 1334.000163 			 0.0 			1334.000163
g2	 57 	 1630.982228 			 0.0 			1630.982228
g2	 58 	 1470.472258 			 0.0 			1470.472258
g2	 59 	 1630.982228 			 0.0 			1630.982228
g2	 60 	 1334.000163 			 0.0 			1334.000163
g2	 61 	 1335.365813 			 0.0 			1335.365813
g2	 62 	 1062.227723 			 0.0 			1062.227723
g2	 63 	 1229.548669 			 0.0 			1229.548669
g2	 64 	 1318.498699 			 0.0 			1318.498699
g2	 65 	 1615.480764 			 0.0 			1615.480764
g2	 66 	 1630.982228 			 0.0 			1630.982228
g2	 67 	 1630.982228 			 0.0 			1630.982228
g2	 68 	 1456.91681 			 0.0 			1456.91681
g2	 69 	 1191.695293 			 0.0 			1191.695293
g2	 70 	 1485.14041 			 0.0 			1485.14041
g2	 71 	 1624.296759 			 0.0 			1624.296759
g2	 72 	 1327.314694 			 0.0 			1327.314694
g2	 73 	 1055.268206 			 0.0 			1055.268206
g2	 74 	 809.984761 			 0.0 			809.984761
g2	 75 	 1061.047233 			 0.0 			1061.047233
g2	 76 	 1334.000163 			 0.0 			1334.000163
g2	 77 	 1630.982228 			 0.0 			1630.982228
g2	 78 	 1334.000163 			 0.0 			1334.000163
g2	 79 	 1286.914526 			 0.0 			1286.914526
g2	 80 	 1020.345651 			 0.0 			1020.345651
g2	 81 	 1286.914526 			 0.0 			1286.914526
g2	 82 	 1218.815042 			 0.0 			1218.815042
g2	 83 	 1515.797107 			 0.0 			1515.797107
g2	 84 	 1218.815042 			 0.0 			1218.815042
g2	 85 	 961.479362 			 0.0 			961.479362
g2	 86 	 721.74781 			 0.0 			721.74781
g2	 87 	 497.143685 			 0.0 			497.143685
g2	 88 	 721.74781 			 0.0 			721.74781
g2	 89 	 534.771644 			 0.0 			534.771644
g2	 90 	 534.771644 			 0.0 			534.771644
g2	 91 	 323.535598 			 0.0 			323.535598
g2	 92 	 365.278809 			 0.0 			365.278809
g2	 93 	 0.0 			 0.0 			0.0
g2	 94 	 0.0 			 0.0 			0.0
g2	 95 	 0.0 			 0.0 			0.0
g2	 96 	 0.0 			 0.0 			0.0
----------------------------------------------------------------------------------------------------
g3	 1 	 0.0 			 0.0 			0.0
g3	 2 	 0.0 			 0.0 			0.0
g3	 3 	 0.0 			 0.0 			0.0
g3	 4 	 0.0 			 0.0 			0.0
g3	 5 	 0.0 			 0.0 			0.0
g3	 6 	 0.0 			 0.0 			0.0
g3	 7 	 0.0 			 0.0 			0.0
g3	 8 	 0.0 			 0.0 			0.0
g3	 9 	 0.0 			 0.0 			0.0
g3	 10 	 0.0 			 0.0 			0.0
g3	 11 	 0.0 			 0.0 			0.0
g3	 12 	 0.0 			 0.0 			0.0
g3	 13 	 0.0 			 0.0 			0.0
g3	 14 	 0.0 			 0.0 			0.0
g3	 15 	 0.0 			 0.0 			0.0
g3	 16 	 0.0 			 0.0 			0.0
g3	 17 	 0.0 			 0.0 			0.0
g3	 18 	 0.0 			 0.0 			0.0
g3	 19 	 0.0 			 0.0 			0.0
g3	 20 	 0.0 			 0.0 			0.0
g3	 21 	 0.0 			 0.0 			0.0
g3	 22 	 0.0 			 0.0 			0.0
g3	 23 	 0.0 			 0.0 			0.0
g3	 24 	 0.0 			 0.0 			0.0
g3	 25 	 0.0 			 0.0 			0.0
g3	 26 	 0.0 			 0.0 			0.0
g3	 27 	 0.0 			 0.0 			0.0
g3	 28 	 0.0 			 0.0 			0.0
g3	 29 	 0.0 			 0.0 			0.0
g3	 30 	 0.0 			 0.0 			0.0
g3	 31 	 0.0 			 0.0 			0.0
g3	 32 	 0.0 			 0.0 			0.0
g3	 33 	 0.0 			 0.0 			0.0
g3	 34 	 0.0 			 0.0 			0.0
g3	 35 	 0.0 			 0.0 			0.0
g3	 36 	 0.0 			 0.0 			0.0
g3	 37 	 0.0 			 0.0 			0.0
g3	 38 	 0.0 			 0.0 			0.0
g3	 39 	 0.0 			 0.0 			0.0
g3	 40 	 0.0 			 0.0 			0.0
g3	 41 	 0.0 			 0.0 			0.0
g3	 42 	 0.0 			 0.0 			0.0
g3	 43 	 0.0 			 0.0 			0.0
g3	 44 	 0.0 			 0.0 			0.0
g3	 45 	 0.0 			 0.0 			0.0
g3	 46 	 0.0 			 0.0 			0.0
g3	 47 	 0.0 			 0.0 			0.0
g3	 48 	 0.0 			 0.0 			0.0
g3	 49 	 0.0 			 0.0 			0.0
g3	 50 	 0.0 			 0.0 			0.0
g3	 51 	 0.0 			 0.0 			0.0
g3	 52 	 0.0 			 0.0 			0.0
g3	 53 	 0.0 			 0.0 			0.0
g3	 54 	 0.0 			 0.0 			0.0
g3	 55 	 0.0 			 0.0 			0.0
g3	 56 	 0.0 			 0.0 			0.0
g3	 57 	 0.0 			 0.0 			0.0
g3	 58 	 0.0 			 0.0 			0.0
g3	 59 	 0.0 			 0.0 			0.0
g3	 60 	 0.0 			 0.0 			0.0
g3	 61 	 0.0 			 0.0 			0.0
g3	 62 	 0.0 			 0.0 			0.0
g3	 63 	 0.0 			 0.0 			0.0
g3	 64 	 0.0 			 0.0 			0.0
g3	 65 	 0.0 			 0.0 			0.0
g3	 66 	 0.0 			 0.0 			0.0
g3	 67 	 0.0 			 0.0 			0.0
g3	 68 	 0.0 			 0.0 			0.0
g3	 69 	 0.0 			 0.0 			0.0
g3	 70 	 0.0 			 0.0 			0.0
g3	 71 	 0.0 			 0.0 			0.0
g3	 72 	 0.0 			 0.0 			0.0
g3	 73 	 0.0 			 0.0 			0.0
g3	 74 	 0.0 			 0.0 			0.0
g3	 75 	 0.0 			 0.0 			0.0
g3	 76 	 0.0 			 0.0 			0.0
g3	 77 	 0.0 			 0.0 			0.0
g3	 78 	 0.0 			 0.0 			0.0
g3	 79 	 0.0 			 0.0 			0.0
g3	 80 	 0.0 			 0.0 			0.0
g3	 81 	 0.0 			 0.0 			0.0
g3	 82 	 0.0 			 0.0 			0.0
g3	 83 	 0.0 			 0.0 			0.0
g3	 84 	 0.0 			 0.0 			0.0
g3	 85 	 0.0 			 0.0 			0.0
g3	 86 	 0.0 			 0.0 			0.0
g3	 87 	 0.0 			 0.0 			0.0
g3	 88 	 0.0 			 0.0 			0.0
g3	 89 	 0.0 			 0.0 			0.0
g3	 90 	 0.0 			 0.0 			0.0
g3	 91 	 0.0 			 0.0 			0.0
g3	 92 	 0.0 			 0.0 			0.0
g3	 93 	 0.0 			 0.0 			0.0
g3	 94 	 0.0 			 0.0 			0.0
g3	 95 	 0.0 			 0.0 			0.0
g3	 96 	 0.0 			 0.0 			0.0
----------------------------------------------------------------------------------------------------
g4	 1 	 0.0 			 0.0 			0.0
g4	 2 	 0.0 			 0.0 			0.0
g4	 3 	 0.0 			 0.0 			0.0
g4	 4 	 0.0 			 0.0 			0.0
g4	 5 	 0.0 			 0.0 			0.0
g4	 6 	 0.0 			 0.0 			0.0
g4	 7 	 0.0 			 0.0 			0.0
g4	 8 	 0.0 			 0.0 			0.0
g4	 9 	 0.0 			 0.0 			0.0
g4	 10 	 0.0 			 0.0 			0.0
g4	 11 	 0.0 			 0.0 			0.0
g4	 12 	 0.0 			 0.0 			0.0
g4	 13 	 0.0 			 0.0 			0.0
g4	 14 	 0.0 			 0.0 			0.0
g4	 15 	 0.0 			 0.0 			0.0
g4	 16 	 0.0 			 0.0 			0.0
g4	 17 	 0.0 			 0.0 			0.0
g4	 18 	 0.0 			 0.0 			0.0
g4	 19 	 0.0 			 0.0 			0.0
g4	 20 	 0.0 			 0.0 			0.0
g4	 21 	 0.0 			 0.0 			0.0
g4	 22 	 0.0 			 0.0 			0.0
g4	 23 	 0.0 			 0.0 			0.0
g4	 24 	 0.0 			 0.0 			0.0
g4	 25 	 0.0 			 0.0 			0.0
g4	 26 	 0.0 			 0.0 			0.0
g4	 27 	 0.0 			 0.0 			0.0
g4	 28 	 0.0 			 0.0 			0.0
g4	 29 	 0.0 			 0.0 			0.0
g4	 30 	 0.0 			 0.0 			0.0
g4	 31 	 0.0 			 0.0 			0.0
g4	 32 	 0.0 			 0.0 			0.0
g4	 33 	 0.0 			 0.0 			0.0
g4	 34 	 0.0 			 0.0 			0.0
g4	 35 	 0.0 			 0.0 			0.0
g4	 36 	 0.0 			 0.0 			0.0
g4	 37 	 0.0 			 0.0 			0.0
g4	 38 	 0.0 			 0.0 			0.0
g4	 39 	 0.0 			 0.0 			0.0
g4	 40 	 0.0 			 0.0 			0.0
g4	 41 	 0.0 			 0.0 			0.0
g4	 42 	 0.0 			 0.0 			0.0
g4	 43 	 0.0 			 0.0 			0.0
g4	 44 	 0.0 			 0.0 			0.0
g4	 45 	 0.0 			 0.0 			0.0
g4	 46 	 0.0 			 0.0 			0.0
g4	 47 	 0.0 			 0.0 			0.0
g4	 48 	 0.0 			 0.0 			0.0
g4	 49 	 0.0 			 0.0 			0.0
g4	 50 	 0.0 			 0.0 			0.0
g4	 51 	 0.0 			 0.0 			0.0
g4	 52 	 0.0 			 0.0 			0.0
g4	 53 	 0.0 			 0.0 			0.0
g4	 54 	 0.0 			 0.0 			0.0
g4	 55 	 0.0 			 0.0 			0.0
g4	 56 	 0.0 			 0.0 			0.0
g4	 57 	 0.0 			 0.0 			0.0
g4	 58 	 0.0 			 0.0 			0.0
g4	 59 	 0.0 			 0.0 			0.0
g4	 60 	 0.0 			 0.0 			0.0
g4	 61 	 0.0 			 0.0 			0.0
g4	 62 	 0.0 			 0.0 			0.0
g4	 63 	 0.0 			 0.0 			0.0
g4	 64 	 0.0 			 0.0 			0.0
g4	 65 	 0.0 			 0.0 			0.0
g4	 66 	 0.0 			 0.0 			0.0
g4	 67 	 0.0 			 0.0 			0.0
g4	 68 	 0.0 			 0.0 			0.0
g4	 69 	 0.0 			 0.0 			0.0
g4	 70 	 0.0 			 0.0 			0.0
g4	 71 	 0.0 			 0.0 			0.0
g4	 72 	 0.0 			 0.0 			0.0
g4	 73 	 0.0 			 0.0 			0.0
g4	 74 	 0.0 			 0.0 			0.0
g4	 75 	 0.0 			 0.0 			0.0
g4	 76 	 0.0 			 0.0 			0.0
g4	 77 	 0.0 			 0.0 			0.0
g4	 78 	 0.0 			 0.0 			0.0
g4	 79 	 0.0 			 0.0 			0.0
g4	 80 	 0.0 			 0.0 			0.0
g4	 81 	 0.0 			 0.0 			0.0
g4	 82 	 0.0 			 0.0 			0.0
g4	 83 	 0.0 			 0.0 			0.0
g4	 84 	 0.0 			 0.0 			0.0
g4	 85 	 0.0 			 0.0 			0.0
g4	 86 	 0.0 			 0.0 			0.0
g4	 87 	 0.0 			 0.0 			0.0
g4	 88 	 0.0 			 0.0 			0.0
g4	 89 	 0.0 			 0.0 			0.0
g4	 90 	 0.0 			 0.0 			0.0
g4	 91 	 0.0 			 0.0 			0.0
g4	 92 	 0.0 			 0.0 			0.0
g4	 93 	 0.0 			 0.0 			0.0
g4	 94 	 0.0 			 0.0 			0.0
g4	 95 	 0.0 			 0.0 			0.0
g4	 96 	 0.0 			 0.0 			0.0
----------------------------------------------------------------------------------------------------
g5	 1 	 0.0 			 0.0 			0.0
g5	 2 	 0.0 			 0.0 			0.0
g5	 3 	 0.0 			 0.0 			0.0
g5	 4 	 0.0 			 0.0 			0.0
g5	 5 	 0.0 			 0.0 			0.0
g5	 6 	 0.0 			 0.0 			0.0
g5	 7 	 0.0 			 0.0 			0.0
g5	 8 	 0.0 			 0.0 			0.0
g5	 9 	 0.0 			 0.0 			0.0
g5	 10 	 0.0 			 0.0 			0.0
g5	 11 	 0.0 			 0.0 			0.0
g5	 12 	 0.0 			 0.0 			0.0
g5	 13 	 0.0 			 0.0 			0.0
g5	 14 	 0.0 			 0.0 			0.0
g5	 15 	 0.0 			 0.0 			0.0
g5	 16 	 0.0 			 0.0 			0.0
g5	 17 	 0.0 			 0.0 			0.0
g5	 18 	 0.0 			 0.0 			0.0
g5	 19 	 0.0 			 0.0 			0.0
g5	 20 	 0.0 			 0.0 			0.0
g5	 21 	 0.0 			 0.0 			0.0
g5	 22 	 0.0 			 0.0 			0.0
g5	 23 	 0.0 			 0.0 			0.0
g5	 24 	 0.0 			 0.0 			0.0
g5	 25 	 0.0 			 0.0 			0.0
g5	 26 	 0.0 			 0.0 			0.0
g5	 27 	 0.0 			 0.0 			0.0
g5	 28 	 0.0 			 0.0 			0.0
g5	 29 	 0.0 			 0.0 			0.0
g5	 30 	 0.0 			 0.0 			0.0
g5	 31 	 0.0 			 0.0 			0.0
g5	 32 	 0.0 			 0.0 			0.0
g5	 33 	 0.0 			 0.0 			0.0
g5	 34 	 0.0 			 0.0 			0.0
g5	 35 	 0.0 			 0.0 			0.0
g5	 36 	 0.0 			 0.0 			0.0
g5	 37 	 0.0 			 0.0 			0.0
g5	 38 	 0.0 			 0.0 			0.0
g5	 39 	 0.0 			 0.0 			0.0
g5	 40 	 0.0 			 0.0 			0.0
g5	 41 	 0.0 			 0.0 			0.0
g5	 42 	 0.0 			 0.0 			0.0
g5	 43 	 0.0 			 0.0 			0.0
g5	 44 	 0.0 			 0.0 			0.0
g5	 45 	 0.0 			 0.0 			0.0
g5	 46 	 0.0 			 0.0 			0.0
g5	 47 	 0.0 			 0.0 			0.0
g5	 48 	 0.0 			 0.0 			0.0
g5	 49 	 0.0 			 0.0 			0.0
g5	 50 	 0.0 			 0.0 			0.0
g5	 51 	 0.0 			 0.0 			0.0
g5	 52 	 0.0 			 0.0 			0.0
g5	 53 	 0.0 			 0.0 			0.0
g5	 54 	 0.0 			 0.0 			0.0
g5	 55 	 0.0 			 0.0 			0.0
g5	 56 	 0.0 			 0.0 			0.0
g5	 57 	 0.0 			 0.0 			0.0
g5	 58 	 0.0 			 0.0 			0.0
g5	 59 	 0.0 			 0.0 			0.0
g5	 60 	 0.0 			 0.0 			0.0
g5	 61 	 0.0 			 0.0 			0.0
g5	 62 	 0.0 			 0.0 			0.0
g5	 63 	 0.0 			 0.0 			0.0
g5	 64 	 0.0 			 0.0 			0.0
g5	 65 	 0.0 			 0.0 			0.0
g5	 66 	 0.0 			 0.0 			0.0
g5	 67 	 0.0 			 0.0 			0.0
g5	 68 	 0.0 			 0.0 			0.0
g5	 69 	 0.0 			 0.0 			0.0
g5	 70 	 0.0 			 0.0 			0.0
g5	 71 	 0.0 			 0.0 			0.0
g5	 72 	 0.0 			 0.0 			0.0
g5	 73 	 0.0 			 0.0 			0.0
g5	 74 	 0.0 			 0.0 			0.0
g5	 75 	 0.0 			 0.0 			0.0
g5	 76 	 0.0 			 0.0 			0.0
g5	 77 	 0.0 			 0.0 			0.0
g5	 78 	 0.0 			 0.0 			0.0
g5	 79 	 0.0 			 0.0 			0.0
g5	 80 	 0.0 			 0.0 			0.0
g5	 81 	 0.0 			 0.0 			0.0
g5	 82 	 0.0 			 0.0 			0.0
g5	 83 	 0.0 			 0.0 			0.0
g5	 84 	 0.0 			 0.0 			0.0
g5	 85 	 0.0 			 0.0 			0.0
g5	 86 	 0.0 			 0.0 			0.0
g5	 87 	 0.0 			 0.0 			0.0
g5	 88 	 0.0 			 0.0 			0.0
g5	 89 	 0.0 			 0.0 			0.0
g5	 90 	 0.0 			 0.0 			0.0
g5	 91 	 0.0 			 0.0 			0.0
g5	 92 	 0.0 			 0.0 			0.0
g5	 93 	 0.0 			 0.0 			0.0
g5	 94 	 0.0 			 0.0 			0.0
g5	 95 	 0.0 			 0.0 			0.0
g5	 96 	 0.0 			 0.0 			0.0
----------------------------------------------------------------------------------------------------
 
unit 	 generation 	 generation cost 	 start-up cost 	 total cost
----------------------------------------------------------------------------------------------------
g1 	 6638.286933			247285.865315			 0.000000		 247285.865315
g2 	 1176.034362			61521.510428			 10598.130000		 72119.640428
g3 	 0.000000			0.000000			 0.000000		 0.000000
g4 	 0.000000			0.000000			 0.000000		 0.000000
g5 	 0.000000			0.000000			 0.000000		 0.000000
----------------------------------------------------------------------------------------------------
 
generation cost 	 start-up cost 		 total cost
----------------------------------------------------------------------------------------------------
308807.37574299995 			 10598.13 			 319405.5057429999
----------------------------------------------------------------------------------------------------
uplift payment for generator g1: 2.136845241492e6
uplift payment for generator g2: 0.0
uplift payment for generator g3: 0.0
uplift payment for generator g4: 0.0
uplift payment for generator g5: 0.0
 
****************************************************************************************************
 
rtm Systemwide prices
----------------------------------------------------------------------------------------------------
time	 energy 	 up-FRP 	 dw-FRP
----------------------------------------------------------------------------------------------------
1 	 2480.976822 		 0.0 		 0.0
2 	 2500.0 		 0.0 		 0.0
3 	 9.614507 		 0.0 		 0.0
4 	 9.408671 		 0.0 		 0.0
5 	 9.408671 		 0.0 		 0.0
6 	 2480.976822 		 0.0 		 0.0
7 	 2500.0 		 0.0 		 0.0
8 	 9.408671 		 0.0 		 0.0
9 	 9.408671 		 0.0 		 0.0
10 	 9.614507 		 0.0 		 0.0
11 	 9.408671 		 0.0 		 0.0
12 	 9.408671 		 0.0 		 0.0
13 	 9.408671 		 0.0 		 0.0
14 	 9.408671 		 0.0 		 0.0
15 	 9.408671 		 0.0 		 0.0
16 	 9.408671 		 0.0 		 0.0
17 	 2480.976822 		 0.0 		 0.0
18 	 2500.0 		 0.0 		 0.0
19 	 9.614507 		 0.0 		 0.0
20 	 9.408671 		 0.0 		 0.0
21 	 9.408671 		 0.0 		 0.0
22 	 9.408671 		 0.0 		 0.0
23 	 9.408671 		 0.0 		 0.0
24 	 9.614507 		 0.0 		 0.0
25 	 9.408671 		 0.0 		 0.0
26 	 2480.976822 		 0.0 		 0.0
27 	 2500.0 		 0.0 		 0.0
28 	 9.614507 		 0.0 		 0.0
29 	 2480.976822 		 0.0 		 0.0
30 	 2500.0 		 0.0 		 0.0
31 	 9.614507 		 0.0 		 0.0
32 	 9.614507 		 0.0 		 0.0
33 	 9.614507 		 0.0 		 0.0
34 	 2500.0 		 0.0 		 0.0
35 	 4971.362314 		 0.0 		 0.0
36 	 2500.0 		 0.0 		 0.0
37 	 2500.0 		 0.0 		 0.0
38 	 7461.747807 		 0.0 		 0.0
39 	 2500.0 		 0.0 		 0.0
40 	 2500.0 		 0.0 		 0.0
41 	 9.614507 		 0.0 		 0.0
42 	 2500.0 		 0.0 		 0.0
43 	 4971.156478 		 0.0 		 0.0
44 	 2500.0 		 0.0 		 0.0
45 	 2500.0 		 0.0 		 0.0
46 	 2480.976822 		 0.0 		 0.0
47 	 2468.387948 		 0.0 		 0.0
48 	 2500.0 		 0.0 		 0.0
49 	 9.614507 		 0.0 		 0.0
50 	 9.614507 		 0.0 		 0.0
51 	 9.614507 		 0.0 		 0.0
52 	 2500.0 		 0.0 		 0.0
53 	 2500.0 		 0.0 		 0.0
54 	 2480.976822 		 0.0 		 0.0
55 	 9.614507 		 0.0 		 0.0
56 	 9.614507 		 0.0 		 0.0
57 	 2500.0 		 0.0 		 0.0
58 	 13.296712 		 0.0 		 0.0
59 	 2500.0 		 0.0 		 0.0
60 	 9.614507 		 0.0 		 0.0
61 	 2500.0 		 0.0 		 0.0
62 	 2475.209396 		 0.0 		 0.0
63 	 13.296712 		 0.0 		 0.0
64 	 9.614507 		 0.0 		 0.0
65 	 16.978917 		 0.0 		 0.0
66 	 2500.0 		 0.0 		 0.0
67 	 2500.0 		 0.0 		 0.0
68 	 13.296712 		 0.0 		 0.0
69 	 9.614507 		 0.0 		 0.0
70 	 15.176097 		 0.0 		 0.0
71 	 2500.0 		 0.0 		 0.0
72 	 2500.0 		 0.0 		 0.0
73 	 4961.912684 		 0.0 		 0.0
74 	 2480.976822 		 0.0 		 0.0
75 	 2500.0 		 0.0 		 0.0
76 	 9.614507 		 0.0 		 0.0
77 	 2500.0 		 0.0 		 0.0
78 	 9.614507 		 0.0 		 0.0
79 	 2500.0 		 0.0 		 0.0
80 	 4961.912684 		 0.0 		 0.0
81 	 2500.0 		 0.0 		 0.0
82 	 2466.653296 		 0.0 		 0.0
83 	 2500.0 		 0.0 		 0.0
84 	 9.614507 		 0.0 		 0.0
85 	 9.614507 		 0.0 		 0.0
86 	 9.614507 		 0.0 		 0.0
87 	 2480.976822 		 0.0 		 0.0
88 	 2500.0 		 0.0 		 0.0
89 	 9.614507 		 0.0 		 0.0
90 	 2500.0 		 0.0 		 0.0
91 	 2480.976822 		 0.0 		 0.0
92 	 9.457625 		 0.0 		 0.0
93 	 9.408671 		 0.0 		 0.0
94 	 9.614507 		 0.0 		 0.0
95 	 2500.0 		 0.0 		 0.0
96 	 9.614507 		 0.0 		 0.0
 
****************************************************************************************************
 
rtm Post-uplift payments
----------------------------------------------------------------------------------------------------------------------------------------------------
unit 	 generation payment 	 up-FRP payment 	 dw-FRP payment 	pre-up t. payment 	 uplift payments 	 post-up t. payment 	 profit
----------------------------------------------------------------------------------------------------------------------------------------------------
 g1 	 -2179800.425478			 0.000000			 0.000000			 -2179800.425478			 2136845.241492			 -42955.183986		 0.000000
 g2 	 2018945.159093			 0.000000			 0.000000			 2018945.159093			 0.000000			 2018945.159093		 1985130.683184
 g3 	 0.000000			 0.000000			 0.000000			 0.000000			 0.000000			 0.000000		 0.000000
 g4 	 0.000000			 0.000000			 0.000000			 0.000000			 0.000000			 0.000000		 0.000000
 g5 	 0.000000			 0.000000			 0.000000			 0.000000			 0.000000			 0.000000		 0.000000
****************************************************************************************************
 
Total generator payments
----------------------------------------------------------------------------------------------------------------------------------------------------
unit 	 generation payment 	 up-FRP payment 	 dw-FRP payment 	pre-up t. payment 	 uplift payments 	 post-up t. payment 	 profit
----------------------------------------------------------------------------------------------------------------------------------------------------
 g1 	 -1889559.376177			 0.000000			 0.000000			 -1889559.376177			 2136845.241492			 247285.865315		 0.000000
 g2 	 2057250.323612			 0.000000			 0.000000			 2057250.323612			 0.000000			 2057250.323612		 1985130.683184
 g3 	 0.000000			 0.000000			 0.000000			 0.000000			 0.000000			 0.000000		 0.000000
 g4 	 0.000000			 0.000000			 0.000000			 0.000000			 0.000000			 0.000000		 0.000000
 g5 	 0.000000			 0.000000			 0.000000			 0.000000			 0.000000			 0.000000		 0.000000
 
****************************************************************************************************
 
rtm LMP
----------------------------------------------------------------------------------------------------
bus name 	 time 		 LMP
----------------------------------------------------------------------------------------------------
b1 		 1 		 2480.976822
b1 		 2 		 2500.0
b1 		 3 		 9.614507
b1 		 4 		 9.408671
b1 		 5 		 9.408671
b1 		 6 		 2480.976822
b1 		 7 		 2500.0
b1 		 8 		 9.408671
b1 		 9 		 9.408671
b1 		 10 		 9.614507
b1 		 11 		 9.408671
b1 		 12 		 9.408671
b1 		 13 		 9.408671
b1 		 14 		 9.408671
b1 		 15 		 9.408671
b1 		 16 		 9.408671
b1 		 17 		 2480.976822
b1 		 18 		 2500.0
b1 		 19 		 9.614507
b1 		 20 		 9.408671
b1 		 21 		 9.408671
b1 		 22 		 9.408671
b1 		 23 		 9.408671
b1 		 24 		 9.614507
b1 		 25 		 9.408671
b1 		 26 		 2480.976822
b1 		 27 		 2500.0
b1 		 28 		 9.614507
b1 		 29 		 2480.976822
b1 		 30 		 2500.0
b1 		 31 		 9.614507
b1 		 32 		 9.614507
b1 		 33 		 9.614507
b1 		 34 		 2500.0
b1 		 35 		 4971.362314
b1 		 36 		 2500.0
b1 		 37 		 2500.0
b1 		 38 		 7461.747807
b1 		 39 		 2500.0
b1 		 40 		 2500.0
b1 		 41 		 9.614507
b1 		 42 		 2500.0
b1 		 43 		 4971.156478
b1 		 44 		 2500.0
b1 		 45 		 2500.0
b1 		 46 		 2480.976822
b1 		 47 		 2468.387948
b1 		 48 		 2500.0
b1 		 49 		 9.614507
b1 		 50 		 9.614507
b1 		 51 		 9.614507
b1 		 52 		 2500.0
b1 		 53 		 2500.0
b1 		 54 		 2480.976822
b1 		 55 		 9.614507
b1 		 56 		 9.614507
b1 		 57 		 2500.0
b1 		 58 		 13.296712
b1 		 59 		 2500.0
b1 		 60 		 9.614507
b1 		 61 		 2500.0
b1 		 62 		 2475.209396
b1 		 63 		 13.296712
b1 		 64 		 9.614507
b1 		 65 		 16.978917
b1 		 66 		 2500.0
b1 		 67 		 2500.0
b1 		 68 		 13.296712
b1 		 69 		 9.614507
b1 		 70 		 15.176097
b1 		 71 		 2500.0
b1 		 72 		 2500.0
b1 		 73 		 4961.912684
b1 		 74 		 2480.976822
b1 		 75 		 2500.0
b1 		 76 		 9.614507
b1 		 77 		 2500.0
b1 		 78 		 9.614507
b1 		 79 		 2500.0
b1 		 80 		 4961.912684
b1 		 81 		 2500.0
b1 		 82 		 2466.653296
b1 		 83 		 2500.0
b1 		 84 		 9.614507
b1 		 85 		 9.614507
b1 		 86 		 9.614507
b1 		 87 		 2480.976822
b1 		 88 		 2500.0
b1 		 89 		 9.614507
b1 		 90 		 2500.0
b1 		 91 		 2480.976822
b1 		 92 		 9.457625
b1 		 93 		 9.408671
b1 		 94 		 9.614507
b1 		 95 		 2500.0
b1 		 96 		 9.614507
----------------------------------------------------------------------------------------------------
b2 		 1 		 2480.976822
b2 		 2 		 2500.0
b2 		 3 		 9.614507
b2 		 4 		 9.408671
b2 		 5 		 9.408671
b2 		 6 		 2480.976822
b2 		 7 		 2500.0
b2 		 8 		 9.408671
b2 		 9 		 9.408671
b2 		 10 		 9.614507
b2 		 11 		 9.408671
b2 		 12 		 9.408671
b2 		 13 		 9.408671
b2 		 14 		 9.408671
b2 		 15 		 9.408671
b2 		 16 		 9.408671
b2 		 17 		 2480.976822
b2 		 18 		 2500.0
b2 		 19 		 9.614507
b2 		 20 		 9.408671
b2 		 21 		 9.408671
b2 		 22 		 9.408671
b2 		 23 		 9.408671
b2 		 24 		 9.614507
b2 		 25 		 9.408671
b2 		 26 		 2480.976822
b2 		 27 		 2500.0
b2 		 28 		 9.614507
b2 		 29 		 2480.976822
b2 		 30 		 2500.0
b2 		 31 		 9.614507
b2 		 32 		 9.614507
b2 		 33 		 9.614507
b2 		 34 		 2500.0
b2 		 35 		 4971.362314
b2 		 36 		 2500.0
b2 		 37 		 2500.0
b2 		 38 		 7461.747807
b2 		 39 		 2500.0
b2 		 40 		 2500.0
b2 		 41 		 9.614507
b2 		 42 		 2500.0
b2 		 43 		 4971.156478
b2 		 44 		 2500.0
b2 		 45 		 2500.0
b2 		 46 		 2480.976822
b2 		 47 		 2468.387948
b2 		 48 		 2500.0
b2 		 49 		 9.614507
b2 		 50 		 9.614507
b2 		 51 		 9.614507
b2 		 52 		 2500.0
b2 		 53 		 2500.0
b2 		 54 		 2480.976822
b2 		 55 		 9.614507
b2 		 56 		 9.614507
b2 		 57 		 2500.0
b2 		 58 		 13.296712
b2 		 59 		 2500.0
b2 		 60 		 9.614507
b2 		 61 		 2500.0
b2 		 62 		 2475.209396
b2 		 63 		 13.296712
b2 		 64 		 9.614507
b2 		 65 		 16.978917
b2 		 66 		 2500.0
b2 		 67 		 2500.0
b2 		 68 		 13.296712
b2 		 69 		 9.614507
b2 		 70 		 15.176097
b2 		 71 		 2500.0
b2 		 72 		 2500.0
b2 		 73 		 4961.912684
b2 		 74 		 2480.976822
b2 		 75 		 2500.0
b2 		 76 		 9.614507
b2 		 77 		 2500.0
b2 		 78 		 9.614507
b2 		 79 		 2500.0
b2 		 80 		 4961.912684
b2 		 81 		 2500.0
b2 		 82 		 2466.653296
b2 		 83 		 2500.0
b2 		 84 		 9.614507
b2 		 85 		 9.614507
b2 		 86 		 9.614507
b2 		 87 		 2480.976822
b2 		 88 		 2500.0
b2 		 89 		 9.614507
b2 		 90 		 2500.0
b2 		 91 		 2480.976822
b2 		 92 		 9.457625
b2 		 93 		 9.408671
b2 		 94 		 9.614507
b2 		 95 		 2500.0
b2 		 96 		 9.614507
----------------------------------------------------------------------------------------------------
b3 		 1 		 2480.976822
b3 		 2 		 2500.0
b3 		 3 		 9.614507
b3 		 4 		 9.408671
b3 		 5 		 9.408671
b3 		 6 		 2480.976822
b3 		 7 		 2500.0
b3 		 8 		 9.408671
b3 		 9 		 9.408671
b3 		 10 		 9.614507
b3 		 11 		 9.408671
b3 		 12 		 9.408671
b3 		 13 		 9.408671
b3 		 14 		 9.408671
b3 		 15 		 9.408671
b3 		 16 		 9.408671
b3 		 17 		 2480.976822
b3 		 18 		 2500.0
b3 		 19 		 9.614507
b3 		 20 		 9.408671
b3 		 21 		 9.408671
b3 		 22 		 9.408671
b3 		 23 		 9.408671
b3 		 24 		 9.614507
b3 		 25 		 9.408671
b3 		 26 		 2480.976822
b3 		 27 		 2500.0
b3 		 28 		 9.614507
b3 		 29 		 2480.976822
b3 		 30 		 2500.0
b3 		 31 		 9.614507
b3 		 32 		 9.614507
b3 		 33 		 9.614507
b3 		 34 		 2500.0
b3 		 35 		 4971.362314
b3 		 36 		 2500.0
b3 		 37 		 2500.0
b3 		 38 		 7461.747807
b3 		 39 		 2500.0
b3 		 40 		 2500.0
b3 		 41 		 9.614507
b3 		 42 		 2500.0
b3 		 43 		 4971.156478
b3 		 44 		 2500.0
b3 		 45 		 2500.0
b3 		 46 		 2480.976822
b3 		 47 		 2468.387948
b3 		 48 		 2500.0
b3 		 49 		 9.614507
b3 		 50 		 9.614507
b3 		 51 		 9.614507
b3 		 52 		 2500.0
b3 		 53 		 2500.0
b3 		 54 		 2480.976822
b3 		 55 		 9.614507
b3 		 56 		 9.614507
b3 		 57 		 2500.0
b3 		 58 		 13.296712
b3 		 59 		 2500.0
b3 		 60 		 9.614507
b3 		 61 		 2500.0
b3 		 62 		 2475.209396
b3 		 63 		 13.296712
b3 		 64 		 9.614507
b3 		 65 		 16.978917
b3 		 66 		 2500.0
b3 		 67 		 2500.0
b3 		 68 		 13.296712
b3 		 69 		 9.614507
b3 		 70 		 15.176097
b3 		 71 		 2500.0
b3 		 72 		 2500.0
b3 		 73 		 4961.912684
b3 		 74 		 2480.976822
b3 		 75 		 2500.0
b3 		 76 		 9.614507
b3 		 77 		 2500.0
b3 		 78 		 9.614507
b3 		 79 		 2500.0
b3 		 80 		 4961.912684
b3 		 81 		 2500.0
b3 		 82 		 2466.653296
b3 		 83 		 2500.0
b3 		 84 		 9.614507
b3 		 85 		 9.614507
b3 		 86 		 9.614507
b3 		 87 		 2480.976822
b3 		 88 		 2500.0
b3 		 89 		 9.614507
b3 		 90 		 2500.0
b3 		 91 		 2480.976822
b3 		 92 		 9.457625
b3 		 93 		 9.408671
b3 		 94 		 9.614507
b3 		 95 		 2500.0
b3 		 96 		 9.614507
----------------------------------------------------------------------------------------------------
b4 		 1 		 2480.976822
b4 		 2 		 2500.0
b4 		 3 		 9.614507
b4 		 4 		 9.408671
b4 		 5 		 9.408671
b4 		 6 		 2480.976822
b4 		 7 		 2500.0
b4 		 8 		 9.408671
b4 		 9 		 9.408671
b4 		 10 		 9.614507
b4 		 11 		 9.408671
b4 		 12 		 9.408671
b4 		 13 		 9.408671
b4 		 14 		 9.408671
b4 		 15 		 9.408671
b4 		 16 		 9.408671
b4 		 17 		 2480.976822
b4 		 18 		 2500.0
b4 		 19 		 9.614507
b4 		 20 		 9.408671
b4 		 21 		 9.408671
b4 		 22 		 9.408671
b4 		 23 		 9.408671
b4 		 24 		 9.614507
b4 		 25 		 9.408671
b4 		 26 		 2480.976822
b4 		 27 		 2500.0
b4 		 28 		 9.614507
b4 		 29 		 2480.976822
b4 		 30 		 2500.0
b4 		 31 		 9.614507
b4 		 32 		 9.614507
b4 		 33 		 9.614507
b4 		 34 		 2500.0
b4 		 35 		 4971.362314
b4 		 36 		 2500.0
b4 		 37 		 2500.0
b4 		 38 		 7461.747807
b4 		 39 		 2500.0
b4 		 40 		 2500.0
b4 		 41 		 9.614507
b4 		 42 		 2500.0
b4 		 43 		 4971.156478
b4 		 44 		 2500.0
b4 		 45 		 2500.0
b4 		 46 		 2480.976822
b4 		 47 		 2468.387948
b4 		 48 		 2500.0
b4 		 49 		 9.614507
b4 		 50 		 9.614507
b4 		 51 		 9.614507
b4 		 52 		 2500.0
b4 		 53 		 2500.0
b4 		 54 		 2480.976822
b4 		 55 		 9.614507
b4 		 56 		 9.614507
b4 		 57 		 2500.0
b4 		 58 		 13.296712
b4 		 59 		 2500.0
b4 		 60 		 9.614507
b4 		 61 		 2500.0
b4 		 62 		 2475.209396
b4 		 63 		 13.296712
b4 		 64 		 9.614507
b4 		 65 		 16.978917
b4 		 66 		 2500.0
b4 		 67 		 2500.0
b4 		 68 		 13.296712
b4 		 69 		 9.614507
b4 		 70 		 15.176097
b4 		 71 		 2500.0
b4 		 72 		 2500.0
b4 		 73 		 4961.912684
b4 		 74 		 2480.976822
b4 		 75 		 2500.0
b4 		 76 		 9.614507
b4 		 77 		 2500.0
b4 		 78 		 9.614507
b4 		 79 		 2500.0
b4 		 80 		 4961.912684
b4 		 81 		 2500.0
b4 		 82 		 2466.653296
b4 		 83 		 2500.0
b4 		 84 		 9.614507
b4 		 85 		 9.614507
b4 		 86 		 9.614507
b4 		 87 		 2480.976822
b4 		 88 		 2500.0
b4 		 89 		 9.614507
b4 		 90 		 2500.0
b4 		 91 		 2480.976822
b4 		 92 		 9.457625
b4 		 93 		 9.408671
b4 		 94 		 9.614507
b4 		 95 		 2500.0
b4 		 96 		 9.614507
----------------------------------------------------------------------------------------------------
b5 		 1 		 2480.976822
b5 		 2 		 2500.0
b5 		 3 		 9.614507
b5 		 4 		 9.408671
b5 		 5 		 9.408671
b5 		 6 		 2480.976822
b5 		 7 		 2500.0
b5 		 8 		 9.408671
b5 		 9 		 9.408671
b5 		 10 		 9.614507
b5 		 11 		 9.408671
b5 		 12 		 9.408671
b5 		 13 		 9.408671
b5 		 14 		 9.408671
b5 		 15 		 9.408671
b5 		 16 		 9.408671
b5 		 17 		 2480.976822
b5 		 18 		 2500.0
b5 		 19 		 9.614507
b5 		 20 		 9.408671
b5 		 21 		 9.408671
b5 		 22 		 9.408671
b5 		 23 		 9.408671
b5 		 24 		 9.614507
b5 		 25 		 9.408671
b5 		 26 		 2480.976822
b5 		 27 		 2500.0
b5 		 28 		 9.614507
b5 		 29 		 2480.976822
b5 		 30 		 2500.0
b5 		 31 		 9.614507
b5 		 32 		 9.614507
b5 		 33 		 9.614507
b5 		 34 		 2500.0
b5 		 35 		 4971.362314
b5 		 36 		 2500.0
b5 		 37 		 2500.0
b5 		 38 		 7461.747807
b5 		 39 		 2500.0
b5 		 40 		 2500.0
b5 		 41 		 9.614507
b5 		 42 		 2500.0
b5 		 43 		 4971.156478
b5 		 44 		 2500.0
b5 		 45 		 2500.0
b5 		 46 		 2480.976822
b5 		 47 		 2468.387948
b5 		 48 		 2500.0
b5 		 49 		 9.614507
b5 		 50 		 9.614507
b5 		 51 		 9.614507
b5 		 52 		 2500.0
b5 		 53 		 2500.0
b5 		 54 		 2480.976822
b5 		 55 		 9.614507
b5 		 56 		 9.614507
b5 		 57 		 2500.0
b5 		 58 		 13.296712
b5 		 59 		 2500.0
b5 		 60 		 9.614507
b5 		 61 		 2500.0
b5 		 62 		 2475.209396
b5 		 63 		 13.296712
b5 		 64 		 9.614507
b5 		 65 		 16.978917
b5 		 66 		 2500.0
b5 		 67 		 2500.0
b5 		 68 		 13.296712
b5 		 69 		 9.614507
b5 		 70 		 15.176097
b5 		 71 		 2500.0
b5 		 72 		 2500.0
b5 		 73 		 4961.912684
b5 		 74 		 2480.976822
b5 		 75 		 2500.0
b5 		 76 		 9.614507
b5 		 77 		 2500.0
b5 		 78 		 9.614507
b5 		 79 		 2500.0
b5 		 80 		 4961.912684
b5 		 81 		 2500.0
b5 		 82 		 2466.653296
b5 		 83 		 2500.0
b5 		 84 		 9.614507
b5 		 85 		 9.614507
b5 		 86 		 9.614507
b5 		 87 		 2480.976822
b5 		 88 		 2500.0
b5 		 89 		 9.614507
b5 		 90 		 2500.0
b5 		 91 		 2480.976822
b5 		 92 		 9.457625
b5 		 93 		 9.408671
b5 		 94 		 9.614507
b5 		 95 		 2500.0
b5 		 96 		 9.614507
----------------------------------------------------------------------------------------------------
b6 		 1 		 2480.976822
b6 		 2 		 2500.0
b6 		 3 		 9.614507
b6 		 4 		 9.408671
b6 		 5 		 9.408671
b6 		 6 		 2480.976822
b6 		 7 		 2500.0
b6 		 8 		 9.408671
b6 		 9 		 9.408671
b6 		 10 		 9.614507
b6 		 11 		 9.408671
b6 		 12 		 9.408671
b6 		 13 		 9.408671
b6 		 14 		 9.408671
b6 		 15 		 9.408671
b6 		 16 		 9.408671
b6 		 17 		 2480.976822
b6 		 18 		 2500.0
b6 		 19 		 9.614507
b6 		 20 		 9.408671
b6 		 21 		 9.408671
b6 		 22 		 9.408671
b6 		 23 		 9.408671
b6 		 24 		 9.614507
b6 		 25 		 9.408671
b6 		 26 		 2480.976822
b6 		 27 		 2500.0
b6 		 28 		 9.614507
b6 		 29 		 2480.976822
b6 		 30 		 2500.0
b6 		 31 		 9.614507
b6 		 32 		 9.614507
b6 		 33 		 9.614507
b6 		 34 		 2500.0
b6 		 35 		 4971.362314
b6 		 36 		 2500.0
b6 		 37 		 2500.0
b6 		 38 		 7461.747807
b6 		 39 		 2500.0
b6 		 40 		 2500.0
b6 		 41 		 9.614507
b6 		 42 		 2500.0
b6 		 43 		 4971.156478
b6 		 44 		 2500.0
b6 		 45 		 2500.0
b6 		 46 		 2480.976822
b6 		 47 		 2468.387948
b6 		 48 		 2500.0
b6 		 49 		 9.614507
b6 		 50 		 9.614507
b6 		 51 		 9.614507
b6 		 52 		 2500.0
b6 		 53 		 2500.0
b6 		 54 		 2480.976822
b6 		 55 		 9.614507
b6 		 56 		 9.614507
b6 		 57 		 2500.0
b6 		 58 		 13.296712
b6 		 59 		 2500.0
b6 		 60 		 9.614507
b6 		 61 		 2500.0
b6 		 62 		 2475.209396
b6 		 63 		 13.296712
b6 		 64 		 9.614507
b6 		 65 		 16.978917
b6 		 66 		 2500.0
b6 		 67 		 2500.0
b6 		 68 		 13.296712
b6 		 69 		 9.614507
b6 		 70 		 15.176097
b6 		 71 		 2500.0
b6 		 72 		 2500.0
b6 		 73 		 4961.912684
b6 		 74 		 2480.976822
b6 		 75 		 2500.0
b6 		 76 		 9.614507
b6 		 77 		 2500.0
b6 		 78 		 9.614507
b6 		 79 		 2500.0
b6 		 80 		 4961.912684
b6 		 81 		 2500.0
b6 		 82 		 2466.653296
b6 		 83 		 2500.0
b6 		 84 		 9.614507
b6 		 85 		 9.614507
b6 		 86 		 9.614507
b6 		 87 		 2480.976822
b6 		 88 		 2500.0
b6 		 89 		 9.614507
b6 		 90 		 2500.0
b6 		 91 		 2480.976822
b6 		 92 		 9.457625
b6 		 93 		 9.408671
b6 		 94 		 9.614507
b6 		 95 		 2500.0
b6 		 96 		 9.614507
----------------------------------------------------------------------------------------------------
b7 		 1 		 2480.976822
b7 		 2 		 2500.0
b7 		 3 		 9.614507
b7 		 4 		 9.408671
b7 		 5 		 9.408671
b7 		 6 		 2480.976822
b7 		 7 		 2500.0
b7 		 8 		 9.408671
b7 		 9 		 9.408671
b7 		 10 		 9.614507
b7 		 11 		 9.408671
b7 		 12 		 9.408671
b7 		 13 		 9.408671
b7 		 14 		 9.408671
b7 		 15 		 9.408671
b7 		 16 		 9.408671
b7 		 17 		 2480.976822
b7 		 18 		 2500.0
b7 		 19 		 9.614507
b7 		 20 		 9.408671
b7 		 21 		 9.408671
b7 		 22 		 9.408671
b7 		 23 		 9.408671
b7 		 24 		 9.614507
b7 		 25 		 9.408671
b7 		 26 		 2480.976822
b7 		 27 		 2500.0
b7 		 28 		 9.614507
b7 		 29 		 2480.976822
b7 		 30 		 2500.0
b7 		 31 		 9.614507
b7 		 32 		 9.614507
b7 		 33 		 9.614507
b7 		 34 		 2500.0
b7 		 35 		 4971.362314
b7 		 36 		 2500.0
b7 		 37 		 2500.0
b7 		 38 		 7461.747807
b7 		 39 		 2500.0
b7 		 40 		 2500.0
b7 		 41 		 9.614507
b7 		 42 		 2500.0
b7 		 43 		 4971.156478
b7 		 44 		 2500.0
b7 		 45 		 2500.0
b7 		 46 		 2480.976822
b7 		 47 		 2468.387948
b7 		 48 		 2500.0
b7 		 49 		 9.614507
b7 		 50 		 9.614507
b7 		 51 		 9.614507
b7 		 52 		 2500.0
b7 		 53 		 2500.0
b7 		 54 		 2480.976822
b7 		 55 		 9.614507
b7 		 56 		 9.614507
b7 		 57 		 2500.0
b7 		 58 		 13.296712
b7 		 59 		 2500.0
b7 		 60 		 9.614507
b7 		 61 		 2500.0
b7 		 62 		 2475.209396
b7 		 63 		 13.296712
b7 		 64 		 9.614507
b7 		 65 		 16.978917
b7 		 66 		 2500.0
b7 		 67 		 2500.0
b7 		 68 		 13.296712
b7 		 69 		 9.614507
b7 		 70 		 15.176097
b7 		 71 		 2500.0
b7 		 72 		 2500.0
b7 		 73 		 4961.912684
b7 		 74 		 2480.976822
b7 		 75 		 2500.0
b7 		 76 		 9.614507
b7 		 77 		 2500.0
b7 		 78 		 9.614507
b7 		 79 		 2500.0
b7 		 80 		 4961.912684
b7 		 81 		 2500.0
b7 		 82 		 2466.653296
b7 		 83 		 2500.0
b7 		 84 		 9.614507
b7 		 85 		 9.614507
b7 		 86 		 9.614507
b7 		 87 		 2480.976822
b7 		 88 		 2500.0
b7 		 89 		 9.614507
b7 		 90 		 2500.0
b7 		 91 		 2480.976822
b7 		 92 		 9.457625
b7 		 93 		 9.408671
b7 		 94 		 9.614507
b7 		 95 		 2500.0
b7 		 96 		 9.614507
----------------------------------------------------------------------------------------------------
b8 		 1 		 2480.976822
b8 		 2 		 2500.0
b8 		 3 		 9.614507
b8 		 4 		 9.408671
b8 		 5 		 9.408671
b8 		 6 		 2480.976822
b8 		 7 		 2500.0
b8 		 8 		 9.408671
b8 		 9 		 9.408671
b8 		 10 		 9.614507
b8 		 11 		 9.408671
b8 		 12 		 9.408671
b8 		 13 		 9.408671
b8 		 14 		 9.408671
b8 		 15 		 9.408671
b8 		 16 		 9.408671
b8 		 17 		 2480.976822
b8 		 18 		 2500.0
b8 		 19 		 9.614507
b8 		 20 		 9.408671
b8 		 21 		 9.408671
b8 		 22 		 9.408671
b8 		 23 		 9.408671
b8 		 24 		 9.614507
b8 		 25 		 9.408671
b8 		 26 		 2480.976822
b8 		 27 		 2500.0
b8 		 28 		 9.614507
b8 		 29 		 2480.976822
b8 		 30 		 2500.0
b8 		 31 		 9.614507
b8 		 32 		 9.614507
b8 		 33 		 9.614507
b8 		 34 		 2500.0
b8 		 35 		 4971.362314
b8 		 36 		 2500.0
b8 		 37 		 2500.0
b8 		 38 		 7461.747807
b8 		 39 		 2500.0
b8 		 40 		 2500.0
b8 		 41 		 9.614507
b8 		 42 		 2500.0
b8 		 43 		 4971.156478
b8 		 44 		 2500.0
b8 		 45 		 2500.0
b8 		 46 		 2480.976822
b8 		 47 		 2468.387948
b8 		 48 		 2500.0
b8 		 49 		 9.614507
b8 		 50 		 9.614507
b8 		 51 		 9.614507
b8 		 52 		 2500.0
b8 		 53 		 2500.0
b8 		 54 		 2480.976822
b8 		 55 		 9.614507
b8 		 56 		 9.614507
b8 		 57 		 2500.0
b8 		 58 		 13.296712
b8 		 59 		 2500.0
b8 		 60 		 9.614507
b8 		 61 		 2500.0
b8 		 62 		 2475.209396
b8 		 63 		 13.296712
b8 		 64 		 9.614507
b8 		 65 		 16.978917
b8 		 66 		 2500.0
b8 		 67 		 2500.0
b8 		 68 		 13.296712
b8 		 69 		 9.614507
b8 		 70 		 15.176097
b8 		 71 		 2500.0
b8 		 72 		 2500.0
b8 		 73 		 4961.912684
b8 		 74 		 2480.976822
b8 		 75 		 2500.0
b8 		 76 		 9.614507
b8 		 77 		 2500.0
b8 		 78 		 9.614507
b8 		 79 		 2500.0
b8 		 80 		 4961.912684
b8 		 81 		 2500.0
b8 		 82 		 2466.653296
b8 		 83 		 2500.0
b8 		 84 		 9.614507
b8 		 85 		 9.614507
b8 		 86 		 9.614507
b8 		 87 		 2480.976822
b8 		 88 		 2500.0
b8 		 89 		 9.614507
b8 		 90 		 2500.0
b8 		 91 		 2480.976822
b8 		 92 		 9.457625
b8 		 93 		 9.408671
b8 		 94 		 9.614507
b8 		 95 		 2500.0
b8 		 96 		 9.614507
----------------------------------------------------------------------------------------------------
b9 		 1 		 2480.976822
b9 		 2 		 2500.0
b9 		 3 		 9.614507
b9 		 4 		 9.408671
b9 		 5 		 9.408671
b9 		 6 		 2480.976822
b9 		 7 		 2500.0
b9 		 8 		 9.408671
b9 		 9 		 9.408671
b9 		 10 		 9.614507
b9 		 11 		 9.408671
b9 		 12 		 9.408671
b9 		 13 		 9.408671
b9 		 14 		 9.408671
b9 		 15 		 9.408671
b9 		 16 		 9.408671
b9 		 17 		 2480.976822
b9 		 18 		 2500.0
b9 		 19 		 9.614507
b9 		 20 		 9.408671
b9 		 21 		 9.408671
b9 		 22 		 9.408671
b9 		 23 		 9.408671
b9 		 24 		 9.614507
b9 		 25 		 9.408671
b9 		 26 		 2480.976822
b9 		 27 		 2500.0
b9 		 28 		 9.614507
b9 		 29 		 2480.976822
b9 		 30 		 2500.0
b9 		 31 		 9.614507
b9 		 32 		 9.614507
b9 		 33 		 9.614507
b9 		 34 		 2500.0
b9 		 35 		 4971.362314
b9 		 36 		 2500.0
b9 		 37 		 2500.0
b9 		 38 		 7461.747807
b9 		 39 		 2500.0
b9 		 40 		 2500.0
b9 		 41 		 9.614507
b9 		 42 		 2500.0
b9 		 43 		 4971.156478
b9 		 44 		 2500.0
b9 		 45 		 2500.0
b9 		 46 		 2480.976822
b9 		 47 		 2468.387948
b9 		 48 		 2500.0
b9 		 49 		 9.614507
b9 		 50 		 9.614507
b9 		 51 		 9.614507
b9 		 52 		 2500.0
b9 		 53 		 2500.0
b9 		 54 		 2480.976822
b9 		 55 		 9.614507
b9 		 56 		 9.614507
b9 		 57 		 2500.0
b9 		 58 		 13.296712
b9 		 59 		 2500.0
b9 		 60 		 9.614507
b9 		 61 		 2500.0
b9 		 62 		 2475.209396
b9 		 63 		 13.296712
b9 		 64 		 9.614507
b9 		 65 		 16.978917
b9 		 66 		 2500.0
b9 		 67 		 2500.0
b9 		 68 		 13.296712
b9 		 69 		 9.614507
b9 		 70 		 15.176097
b9 		 71 		 2500.0
b9 		 72 		 2500.0
b9 		 73 		 4961.912684
b9 		 74 		 2480.976822
b9 		 75 		 2500.0
b9 		 76 		 9.614507
b9 		 77 		 2500.0
b9 		 78 		 9.614507
b9 		 79 		 2500.0
b9 		 80 		 4961.912684
b9 		 81 		 2500.0
b9 		 82 		 2466.653296
b9 		 83 		 2500.0
b9 		 84 		 9.614507
b9 		 85 		 9.614507
b9 		 86 		 9.614507
b9 		 87 		 2480.976822
b9 		 88 		 2500.0
b9 		 89 		 9.614507
b9 		 90 		 2500.0
b9 		 91 		 2480.976822
b9 		 92 		 9.457625
b9 		 93 		 9.408671
b9 		 94 		 9.614507
b9 		 95 		 2500.0
b9 		 96 		 9.614507
----------------------------------------------------------------------------------------------------
b10 		 1 		 2480.976822
b10 		 2 		 2500.0
b10 		 3 		 9.614507
b10 		 4 		 9.408671
b10 		 5 		 9.408671
b10 		 6 		 2480.976822
b10 		 7 		 2500.0
b10 		 8 		 9.408671
b10 		 9 		 9.408671
b10 		 10 		 9.614507
b10 		 11 		 9.408671
b10 		 12 		 9.408671
b10 		 13 		 9.408671
b10 		 14 		 9.408671
b10 		 15 		 9.408671
b10 		 16 		 9.408671
b10 		 17 		 2480.976822
b10 		 18 		 2500.0
b10 		 19 		 9.614507
b10 		 20 		 9.408671
b10 		 21 		 9.408671
b10 		 22 		 9.408671
b10 		 23 		 9.408671
b10 		 24 		 9.614507
b10 		 25 		 9.408671
b10 		 26 		 2480.976822
b10 		 27 		 2500.0
b10 		 28 		 9.614507
b10 		 29 		 2480.976822
b10 		 30 		 2500.0
b10 		 31 		 9.614507
b10 		 32 		 9.614507
b10 		 33 		 9.614507
b10 		 34 		 2500.0
b10 		 35 		 4971.362314
b10 		 36 		 2500.0
b10 		 37 		 2500.0
b10 		 38 		 7461.747807
b10 		 39 		 2500.0
b10 		 40 		 2500.0
b10 		 41 		 9.614507
b10 		 42 		 2500.0
b10 		 43 		 4971.156478
b10 		 44 		 2500.0
b10 		 45 		 2500.0
b10 		 46 		 2480.976822
b10 		 47 		 2468.387948
b10 		 48 		 2500.0
b10 		 49 		 9.614507
b10 		 50 		 9.614507
b10 		 51 		 9.614507
b10 		 52 		 2500.0
b10 		 53 		 2500.0
b10 		 54 		 2480.976822
b10 		 55 		 9.614507
b10 		 56 		 9.614507
b10 		 57 		 2500.0
b10 		 58 		 13.296712
b10 		 59 		 2500.0
b10 		 60 		 9.614507
b10 		 61 		 2500.0
b10 		 62 		 2475.209396
b10 		 63 		 13.296712
b10 		 64 		 9.614507
b10 		 65 		 16.978917
b10 		 66 		 2500.0
b10 		 67 		 2500.0
b10 		 68 		 13.296712
b10 		 69 		 9.614507
b10 		 70 		 15.176097
b10 		 71 		 2500.0
b10 		 72 		 2500.0
b10 		 73 		 4961.912684
b10 		 74 		 2480.976822
b10 		 75 		 2500.0
b10 		 76 		 9.614507
b10 		 77 		 2500.0
b10 		 78 		 9.614507
b10 		 79 		 2500.0
b10 		 80 		 4961.912684
b10 		 81 		 2500.0
b10 		 82 		 2466.653296
b10 		 83 		 2500.0
b10 		 84 		 9.614507
b10 		 85 		 9.614507
b10 		 86 		 9.614507
b10 		 87 		 2480.976822
b10 		 88 		 2500.0
b10 		 89 		 9.614507
b10 		 90 		 2500.0
b10 		 91 		 2480.976822
b10 		 92 		 9.457625
b10 		 93 		 9.408671
b10 		 94 		 9.614507
b10 		 95 		 2500.0
b10 		 96 		 9.614507
----------------------------------------------------------------------------------------------------
b11 		 1 		 2480.976822
b11 		 2 		 2500.0
b11 		 3 		 9.614507
b11 		 4 		 9.408671
b11 		 5 		 9.408671
b11 		 6 		 2480.976822
b11 		 7 		 2500.0
b11 		 8 		 9.408671
b11 		 9 		 9.408671
b11 		 10 		 9.614507
b11 		 11 		 9.408671
b11 		 12 		 9.408671
b11 		 13 		 9.408671
b11 		 14 		 9.408671
b11 		 15 		 9.408671
b11 		 16 		 9.408671
b11 		 17 		 2480.976822
b11 		 18 		 2500.0
b11 		 19 		 9.614507
b11 		 20 		 9.408671
b11 		 21 		 9.408671
b11 		 22 		 9.408671
b11 		 23 		 9.408671
b11 		 24 		 9.614507
b11 		 25 		 9.408671
b11 		 26 		 2480.976822
b11 		 27 		 2500.0
b11 		 28 		 9.614507
b11 		 29 		 2480.976822
b11 		 30 		 2500.0
b11 		 31 		 9.614507
b11 		 32 		 9.614507
b11 		 33 		 9.614507
b11 		 34 		 2500.0
b11 		 35 		 4971.362314
b11 		 36 		 2500.0
b11 		 37 		 2500.0
b11 		 38 		 7461.747807
b11 		 39 		 2500.0
b11 		 40 		 2500.0
b11 		 41 		 9.614507
b11 		 42 		 2500.0
b11 		 43 		 4971.156478
b11 		 44 		 2500.0
b11 		 45 		 2500.0
b11 		 46 		 2480.976822
b11 		 47 		 2468.387948
b11 		 48 		 2500.0
b11 		 49 		 9.614507
b11 		 50 		 9.614507
b11 		 51 		 9.614507
b11 		 52 		 2500.0
b11 		 53 		 2500.0
b11 		 54 		 2480.976822
b11 		 55 		 9.614507
b11 		 56 		 9.614507
b11 		 57 		 2500.0
b11 		 58 		 13.296712
b11 		 59 		 2500.0
b11 		 60 		 9.614507
b11 		 61 		 2500.0
b11 		 62 		 2475.209396
b11 		 63 		 13.296712
b11 		 64 		 9.614507
b11 		 65 		 16.978917
b11 		 66 		 2500.0
b11 		 67 		 2500.0
b11 		 68 		 13.296712
b11 		 69 		 9.614507
b11 		 70 		 15.176097
b11 		 71 		 2500.0
b11 		 72 		 2500.0
b11 		 73 		 4961.912684
b11 		 74 		 2480.976822
b11 		 75 		 2500.0
b11 		 76 		 9.614507
b11 		 77 		 2500.0
b11 		 78 		 9.614507
b11 		 79 		 2500.0
b11 		 80 		 4961.912684
b11 		 81 		 2500.0
b11 		 82 		 2466.653296
b11 		 83 		 2500.0
b11 		 84 		 9.614507
b11 		 85 		 9.614507
b11 		 86 		 9.614507
b11 		 87 		 2480.976822
b11 		 88 		 2500.0
b11 		 89 		 9.614507
b11 		 90 		 2500.0
b11 		 91 		 2480.976822
b11 		 92 		 9.457625
b11 		 93 		 9.408671
b11 		 94 		 9.614507
b11 		 95 		 2500.0
b11 		 96 		 9.614507
----------------------------------------------------------------------------------------------------
b12 		 1 		 2480.976822
b12 		 2 		 2500.0
b12 		 3 		 9.614507
b12 		 4 		 9.408671
b12 		 5 		 9.408671
b12 		 6 		 2480.976822
b12 		 7 		 2500.0
b12 		 8 		 9.408671
b12 		 9 		 9.408671
b12 		 10 		 9.614507
b12 		 11 		 9.408671
b12 		 12 		 9.408671
b12 		 13 		 9.408671
b12 		 14 		 9.408671
b12 		 15 		 9.408671
b12 		 16 		 9.408671
b12 		 17 		 2480.976822
b12 		 18 		 2500.0
b12 		 19 		 9.614507
b12 		 20 		 9.408671
b12 		 21 		 9.408671
b12 		 22 		 9.408671
b12 		 23 		 9.408671
b12 		 24 		 9.614507
b12 		 25 		 9.408671
b12 		 26 		 2480.976822
b12 		 27 		 2500.0
b12 		 28 		 9.614507
b12 		 29 		 2480.976822
b12 		 30 		 2500.0
b12 		 31 		 9.614507
b12 		 32 		 9.614507
b12 		 33 		 9.614507
b12 		 34 		 2500.0
b12 		 35 		 4971.362314
b12 		 36 		 2500.0
b12 		 37 		 2500.0
b12 		 38 		 7461.747807
b12 		 39 		 2500.0
b12 		 40 		 2500.0
b12 		 41 		 9.614507
b12 		 42 		 2500.0
b12 		 43 		 4971.156478
b12 		 44 		 2500.0
b12 		 45 		 2500.0
b12 		 46 		 2480.976822
b12 		 47 		 2468.387948
b12 		 48 		 2500.0
b12 		 49 		 9.614507
b12 		 50 		 9.614507
b12 		 51 		 9.614507
b12 		 52 		 2500.0
b12 		 53 		 2500.0
b12 		 54 		 2480.976822
b12 		 55 		 9.614507
b12 		 56 		 9.614507
b12 		 57 		 2500.0
b12 		 58 		 13.296712
b12 		 59 		 2500.0
b12 		 60 		 9.614507
b12 		 61 		 2500.0
b12 		 62 		 2475.209396
b12 		 63 		 13.296712
b12 		 64 		 9.614507
b12 		 65 		 16.978917
b12 		 66 		 2500.0
b12 		 67 		 2500.0
b12 		 68 		 13.296712
b12 		 69 		 9.614507
b12 		 70 		 15.176097
b12 		 71 		 2500.0
b12 		 72 		 2500.0
b12 		 73 		 4961.912684
b12 		 74 		 2480.976822
b12 		 75 		 2500.0
b12 		 76 		 9.614507
b12 		 77 		 2500.0
b12 		 78 		 9.614507
b12 		 79 		 2500.0
b12 		 80 		 4961.912684
b12 		 81 		 2500.0
b12 		 82 		 2466.653296
b12 		 83 		 2500.0
b12 		 84 		 9.614507
b12 		 85 		 9.614507
b12 		 86 		 9.614507
b12 		 87 		 2480.976822
b12 		 88 		 2500.0
b12 		 89 		 9.614507
b12 		 90 		 2500.0
b12 		 91 		 2480.976822
b12 		 92 		 9.457625
b12 		 93 		 9.408671
b12 		 94 		 9.614507
b12 		 95 		 2500.0
b12 		 96 		 9.614507
----------------------------------------------------------------------------------------------------
b13 		 1 		 2480.976822
b13 		 2 		 2500.0
b13 		 3 		 9.614507
b13 		 4 		 9.408671
b13 		 5 		 9.408671
b13 		 6 		 2480.976822
b13 		 7 		 2500.0
b13 		 8 		 9.408671
b13 		 9 		 9.408671
b13 		 10 		 9.614507
b13 		 11 		 9.408671
b13 		 12 		 9.408671
b13 		 13 		 9.408671
b13 		 14 		 9.408671
b13 		 15 		 9.408671
b13 		 16 		 9.408671
b13 		 17 		 2480.976822
b13 		 18 		 2500.0
b13 		 19 		 9.614507
b13 		 20 		 9.408671
b13 		 21 		 9.408671
b13 		 22 		 9.408671
b13 		 23 		 9.408671
b13 		 24 		 9.614507
b13 		 25 		 9.408671
b13 		 26 		 2480.976822
b13 		 27 		 2500.0
b13 		 28 		 9.614507
b13 		 29 		 2480.976822
b13 		 30 		 2500.0
b13 		 31 		 9.614507
b13 		 32 		 9.614507
b13 		 33 		 9.614507
b13 		 34 		 2500.0
b13 		 35 		 4971.362314
b13 		 36 		 2500.0
b13 		 37 		 2500.0
b13 		 38 		 7461.747807
b13 		 39 		 2500.0
b13 		 40 		 2500.0
b13 		 41 		 9.614507
b13 		 42 		 2500.0
b13 		 43 		 4971.156478
b13 		 44 		 2500.0
b13 		 45 		 2500.0
b13 		 46 		 2480.976822
b13 		 47 		 2468.387948
b13 		 48 		 2500.0
b13 		 49 		 9.614507
b13 		 50 		 9.614507
b13 		 51 		 9.614507
b13 		 52 		 2500.0
b13 		 53 		 2500.0
b13 		 54 		 2480.976822
b13 		 55 		 9.614507
b13 		 56 		 9.614507
b13 		 57 		 2500.0
b13 		 58 		 13.296712
b13 		 59 		 2500.0
b13 		 60 		 9.614507
b13 		 61 		 2500.0
b13 		 62 		 2475.209396
b13 		 63 		 13.296712
b13 		 64 		 9.614507
b13 		 65 		 16.978917
b13 		 66 		 2500.0
b13 		 67 		 2500.0
b13 		 68 		 13.296712
b13 		 69 		 9.614507
b13 		 70 		 15.176097
b13 		 71 		 2500.0
b13 		 72 		 2500.0
b13 		 73 		 4961.912684
b13 		 74 		 2480.976822
b13 		 75 		 2500.0
b13 		 76 		 9.614507
b13 		 77 		 2500.0
b13 		 78 		 9.614507
b13 		 79 		 2500.0
b13 		 80 		 4961.912684
b13 		 81 		 2500.0
b13 		 82 		 2466.653296
b13 		 83 		 2500.0
b13 		 84 		 9.614507
b13 		 85 		 9.614507
b13 		 86 		 9.614507
b13 		 87 		 2480.976822
b13 		 88 		 2500.0
b13 		 89 		 9.614507
b13 		 90 		 2500.0
b13 		 91 		 2480.976822
b13 		 92 		 9.457625
b13 		 93 		 9.408671
b13 		 94 		 9.614507
b13 		 95 		 2500.0
b13 		 96 		 9.614507
----------------------------------------------------------------------------------------------------
b14 		 1 		 2480.976822
b14 		 2 		 2500.0
b14 		 3 		 9.614507
b14 		 4 		 9.408671
b14 		 5 		 9.408671
b14 		 6 		 2480.976822
b14 		 7 		 2500.0
b14 		 8 		 9.408671
b14 		 9 		 9.408671
b14 		 10 		 9.614507
b14 		 11 		 9.408671
b14 		 12 		 9.408671
b14 		 13 		 9.408671
b14 		 14 		 9.408671
b14 		 15 		 9.408671
b14 		 16 		 9.408671
b14 		 17 		 2480.976822
b14 		 18 		 2500.0
b14 		 19 		 9.614507
b14 		 20 		 9.408671
b14 		 21 		 9.408671
b14 		 22 		 9.408671
b14 		 23 		 9.408671
b14 		 24 		 9.614507
b14 		 25 		 9.408671
b14 		 26 		 2480.976822
b14 		 27 		 2500.0
b14 		 28 		 9.614507
b14 		 29 		 2480.976822
b14 		 30 		 2500.0
b14 		 31 		 9.614507
b14 		 32 		 9.614507
b14 		 33 		 9.614507
b14 		 34 		 2500.0
b14 		 35 		 4971.362314
b14 		 36 		 2500.0
b14 		 37 		 2500.0
b14 		 38 		 7461.747807
b14 		 39 		 2500.0
b14 		 40 		 2500.0
b14 		 41 		 9.614507
b14 		 42 		 2500.0
b14 		 43 		 4971.156478
b14 		 44 		 2500.0
b14 		 45 		 2500.0
b14 		 46 		 2480.976822
b14 		 47 		 2468.387948
b14 		 48 		 2500.0
b14 		 49 		 9.614507
b14 		 50 		 9.614507
b14 		 51 		 9.614507
b14 		 52 		 2500.0
b14 		 53 		 2500.0
b14 		 54 		 2480.976822
b14 		 55 		 9.614507
b14 		 56 		 9.614507
b14 		 57 		 2500.0
b14 		 58 		 13.296712
b14 		 59 		 2500.0
b14 		 60 		 9.614507
b14 		 61 		 2500.0
b14 		 62 		 2475.209396
b14 		 63 		 13.296712
b14 		 64 		 9.614507
b14 		 65 		 16.978917
b14 		 66 		 2500.0
b14 		 67 		 2500.0
b14 		 68 		 13.296712
b14 		 69 		 9.614507
b14 		 70 		 15.176097
b14 		 71 		 2500.0
b14 		 72 		 2500.0
b14 		 73 		 4961.912684
b14 		 74 		 2480.976822
b14 		 75 		 2500.0
b14 		 76 		 9.614507
b14 		 77 		 2500.0
b14 		 78 		 9.614507
b14 		 79 		 2500.0
b14 		 80 		 4961.912684
b14 		 81 		 2500.0
b14 		 82 		 2466.653296
b14 		 83 		 2500.0
b14 		 84 		 9.614507
b14 		 85 		 9.614507
b14 		 86 		 9.614507
b14 		 87 		 2480.976822
b14 		 88 		 2500.0
b14 		 89 		 9.614507
b14 		 90 		 2500.0
b14 		 91 		 2480.976822
b14 		 92 		 9.457625
b14 		 93 		 9.408671
b14 		 94 		 9.614507
b14 		 95 		 2500.0
b14 		 96 		 9.614507
----------------------------------------------------------------------------------------------------
Total overall payments
----------------------------------------------------------------------------------------------------------------------------------------------------
total generation payment 	 total up-FRP payment 	 total dw-FRP payment 	 total pre-up t. payment 	 uplift payment 	 total post-up t. payment 	 profit
----------------------------------------------------------------------------------------------------------------------------------------------------
167690.94743499986 			 0.0 			 0.0 			 167690.94743499986			 2.136845241492e6 			 2.304536188927e6 			 1.9851306831840002e6
