****************************************************************************************************
 
Generation payment
----------------------------------------------------------------------------------------------------------------
unit	 time 	 generation payment 	 up-FRP payment 	 dw-FRP payment 	pre-up total payment
----------------------------------------------------------------------------------------------------------------
g1	 1 	 24896.7475 			 0.0 			 0.0			 24896.7475 
g1	 2 	 -117229.38259 			 0.0 			 0.0			 -117229.38259 
g1	 3 	 41.674711 			 0.0 			 0.0			 41.674711 
g1	 4 	 -137.057334 			 0.0 			 0.0			 -137.057334 
g1	 5 	 -281.494932 			 0.0 			 0.0			 -281.494932 
g1	 6 	 66.449595 			 0.0 			 0.0			 66.449595 
g1	 7 	 -73309.5275 			 0.0 			 0.0			 -73309.5275 
g1	 8 	 -430239.661869 			 0.0 			 0.0			 -430239.661869 
g1	 9 	 -43249.7775 			 0.0 			 0.0			 -43249.7775 
g1	 10 	 163.74103 			 0.0 			 0.0			 163.74103 
g1	 11 	 132913.205 			 0.0 			 0.0			 132913.205 
g1	 12 	 -10034.85161 			 0.0 			 0.0			 -10034.85161 
g1	 13 	 141.074243 			 0.0 			 0.0			 141.074243 
g1	 14 	 -37984.953457 			 0.0 			 0.0			 -37984.953457 
g1	 15 	 104748.7925 			 0.0 			 0.0			 104748.7925 
g1	 16 	 356.725235 			 0.0 			 0.0			 356.725235 
g1	 17 	 191.384599 			 0.0 			 0.0			 191.384599 
g1	 18 	 55.576963 			 0.0 			 0.0			 55.576963 
g1	 19 	 122922.6225 			 0.0 			 0.0			 122922.6225 
g1	 20 	 -19949.413058 			 0.0 			 0.0			 -19949.413058 
g1	 21 	 181.909917 			 0.0 			 0.0			 181.909917 
g1	 22 	 100.231551 			 0.0 			 0.0			 100.231551 
g1	 23 	 295.417534 			 0.0 			 0.0			 295.417534 
g1	 24 	 333.740892 			 0.0 			 0.0			 333.740892 
g1	 25 	 412.810174 			 0.0 			 0.0			 412.810174 
g1	 26 	 296.479485 			 0.0 			 0.0			 296.479485 
g1	 27 	 24.691188 			 0.0 			 0.0			 24.691188 
g1	 28 	 41184.1725 			 0.0 			 0.0			 41184.1725 
g1	 29 	 -151247.519573 			 0.0 			 0.0			 -151247.519573 
g1	 30 	 -99720.476661 			 0.0 			 0.0			 -99720.476661 
g1	 31 	 42539.905 			 0.0 			 0.0			 42539.905 
g1	 32 	 -144.864556 			 0.0 			 0.0			 -144.864556 
g1	 33 	 -384.464281 			 0.0 			 0.0			 -384.464281 
g1	 34 	 23030.5275 			 0.0 			 0.0			 23030.5275 
g1	 35 	 -119081.402016 			 0.0 			 0.0			 -119081.402016 
g1	 36 	 -179.813721 			 0.0 			 0.0			 -179.813721 
g1	 37 	 -266.426488 			 0.0 			 0.0			 -266.426488 
g1	 38 	 -19540.722255 			 0.0 			 0.0			 -19540.722255 
g1	 39 	 123329.5225 			 0.0 			 0.0			 123329.5225 
g1	 40 	 277.846552 			 0.0 			 0.0			 277.846552 
g1	 41 	 -28392.5175 			 0.0 			 0.0			 -28392.5175 
g1	 42 	 -170113.155121 			 0.0 			 0.0			 -170113.155121 
g1	 43 	 -189906.328663 			 0.0 			 0.0			 -189906.328663 
g1	 44 	 -48337.4575 			 0.0 			 0.0			 -48337.4575 
g1	 45 	 -99617.848089 			 0.0 			 0.0			 -99617.848089 
g1	 46 	 42252.75 			 0.0 			 0.0			 42252.75 
g1	 47 	 117.304658 			 0.0 			 0.0			 117.304658 
g1	 48 	 -367.352574 			 0.0 			 0.0			 -367.352574 
g1	 49 	 -303.742149 			 0.0 			 0.0			 -303.742149 
g1	 50 	 415.311051 			 0.0 			 0.0			 415.311051 
g1	 51 	 28246.5175 			 0.0 			 0.0			 28246.5175 
g1	 52 	 -228232.718726 			 0.0 			 0.0			 -228232.718726 
g1	 53 	 28246.5175 			 0.0 			 0.0			 28246.5175 
g1	 54 	 13.57603 			 0.0 			 0.0			 13.57603 
g1	 55 	 80.706191 			 0.0 			 0.0			 80.706191 
g1	 56 	 -50.285496 			 0.0 			 0.0			 -50.285496 
g1	 57 	 318.726031 			 0.0 			 0.0			 318.726031 
g1	 58 	 42252.75 			 0.0 			 0.0			 42252.75 
g1	 59 	 85.590524 			 0.0 			 0.0			 85.590524 
g1	 60 	 42252.75 			 0.0 			 0.0			 42252.75 
g1	 61 	 224.729059 			 0.0 			 0.0			 224.729059 
g1	 62 	 42252.75 			 0.0 			 0.0			 42252.75 
g1	 63 	 41.544381 			 0.0 			 0.0			 41.544381 
g1	 64 	 224.729059 			 0.0 			 0.0			 224.729059 
g1	 65 	 -118.674658 			 0.0 			 0.0			 -118.674658 
g1	 66 	 42252.75 			 0.0 			 0.0			 42252.75 
g1	 67 	 -199857.730344 			 0.0 			 0.0			 -199857.730344 
g1	 68 	 42252.75 			 0.0 			 0.0			 42252.75 
g1	 69 	 -37.551265 			 0.0 			 0.0			 -37.551265 
g1	 70 	 194.259418 			 0.0 			 0.0			 194.259418 
g1	 71 	 130.585215 			 0.0 			 0.0			 130.585215 
g1	 72 	 42252.75 			 0.0 			 0.0			 42252.75 
g1	 73 	 -99621.456179 			 0.0 			 0.0			 -99621.456179 
g1	 74 	 -378.104092 			 0.0 			 0.0			 -378.104092 
g1	 75 	 203.916166 			 0.0 			 0.0			 203.916166 
g1	 76 	 -66.152817 			 0.0 			 0.0			 -66.152817 
g1	 77 	 -220.27498 			 0.0 			 0.0			 -220.27498 
g1	 78 	 3.499642 			 0.0 			 0.0			 3.499642 
g1	 79 	 351.783721 			 0.0 			 0.0			 351.783721 
g1	 80 	 144.706532 			 0.0 			 0.0			 144.706532 
g1	 81 	 -317.906606 			 0.0 			 0.0			 -317.906606 
g1	 82 	 42252.75 			 0.0 			 0.0			 42252.75 
g1	 83 	 -200207.306297 			 0.0 			 0.0			 -200207.306297 
g1	 84 	 42252.75 			 0.0 			 0.0			 42252.75 
g1	 85 	 20639.5225 			 0.0 			 0.0			 20639.5225 
g1	 86 	 -243358.943715 			 0.0 			 0.0			 -243358.943715 
g1	 87 	 20639.5225 			 0.0 			 0.0			 20639.5225 
g1	 88 	 223.229678 			 0.0 			 0.0			 223.229678 
g1	 89 	 508.652589 			 0.0 			 0.0			 508.652589 
g1	 90 	 631.035962 			 0.0 			 0.0			 631.035962 
g1	 91 	 458.304502 			 0.0 			 0.0			 458.304502 
g1	 92 	 -27.122245 			 0.0 			 0.0			 -27.122245 
g1	 93 	 98.757889 			 0.0 			 0.0			 98.757889 
g1	 94 	 -138.436979 			 0.0 			 0.0			 -138.436979 
g1	 95 	 -89176.312762 			 0.0 			 0.0			 -89176.312762 
g1	 96 	 53164.9175 			 0.0 			 0.0			 53164.9175 
----------------------------------------------------------------------------------------------------
g2	 1 	 0.0 			 0.0 			 0.0			 0.0 
g2	 2 	 0.0 			 0.0 			 0.0			 0.0 
g2	 3 	 0.0 			 0.0 			 0.0			 0.0 
g2	 4 	 0.0 			 0.0 			 0.0			 0.0 
g2	 5 	 0.0 			 0.0 			 0.0			 0.0 
g2	 6 	 0.0 			 0.0 			 0.0			 0.0 
g2	 7 	 0.0 			 0.0 			 0.0			 0.0 
g2	 8 	 0.0 			 0.0 			 0.0			 0.0 
g2	 9 	 0.0 			 0.0 			 0.0			 0.0 
g2	 10 	 0.0 			 0.0 			 0.0			 0.0 
g2	 11 	 0.0 			 0.0 			 0.0			 0.0 
g2	 12 	 0.0 			 0.0 			 0.0			 0.0 
g2	 13 	 0.0 			 0.0 			 0.0			 0.0 
g2	 14 	 0.0 			 0.0 			 0.0			 0.0 
g2	 15 	 0.0 			 0.0 			 0.0			 0.0 
g2	 16 	 0.0 			 0.0 			 0.0			 0.0 
g2	 17 	 0.0 			 0.0 			 0.0			 0.0 
g2	 18 	 0.0 			 0.0 			 0.0			 0.0 
g2	 19 	 0.0 			 0.0 			 0.0			 0.0 
g2	 20 	 0.0 			 0.0 			 0.0			 0.0 
g2	 21 	 0.0 			 0.0 			 0.0			 0.0 
g2	 22 	 0.0 			 0.0 			 0.0			 0.0 
g2	 23 	 0.0 			 0.0 			 0.0			 0.0 
g2	 24 	 0.0 			 0.0 			 0.0			 0.0 
g2	 25 	 0.0 			 0.0 			 0.0			 0.0 
g2	 26 	 0.0 			 0.0 			 0.0			 0.0 
g2	 27 	 0.0 			 0.0 			 0.0			 0.0 
g2	 28 	 0.0 			 0.0 			 0.0			 0.0 
g2	 29 	 0.0 			 0.0 			 0.0			 0.0 
g2	 30 	 0.0 			 0.0 			 0.0			 0.0 
g2	 31 	 0.0 			 0.0 			 0.0			 0.0 
g2	 32 	 0.0 			 0.0 			 0.0			 0.0 
g2	 33 	 0.0 			 0.0 			 0.0			 0.0 
g2	 34 	 0.0 			 0.0 			 0.0			 0.0 
g2	 35 	 0.0 			 0.0 			 0.0			 0.0 
g2	 36 	 0.0 			 0.0 			 0.0			 0.0 
g2	 37 	 -11.412374 			 0.0 			 0.0			 -11.412374 
g2	 38 	 -16990.144382 			 0.0 			 0.0			 -16990.144382 
g2	 39 	 38712.8 			 0.0 			 0.0			 38712.8 
g2	 40 	 21.701904 			 0.0 			 0.0			 21.701904 
g2	 41 	 22646.5 			 0.0 			 0.0			 22646.5 
g2	 42 	 -32938.44068 			 0.0 			 0.0			 -32938.44068 
g2	 43 	 22474.17664 			 0.0 			 0.0			 22474.17664 
g2	 44 	 78484.0 			 0.0 			 0.0			 78484.0 
g2	 45 	 104003.943185 			 0.0 			 0.0			 104003.943185 
g2	 46 	 161046.6725 			 0.0 			 0.0			 161046.6725 
g2	 47 	 404.61373 			 0.0 			 0.0			 404.61373 
g2	 48 	 232.565531 			 0.0 			 0.0			 232.565531 
g2	 49 	 282.88911 			 0.0 			 0.0			 282.88911 
g2	 50 	 1271.854077 			 0.0 			 0.0			 1271.854077 
g2	 51 	 73557.8825 			 0.0 			 0.0			 73557.8825 
g2	 52 	 35236.317703 			 0.0 			 0.0			 35236.317703 
g2	 53 	 40494.4075 			 0.0 			 0.0			 40494.4075 
g2	 54 	 -59.006508 			 0.0 			 0.0			 -59.006508 
g2	 55 	 58.947542 			 0.0 			 0.0			 58.947542 
g2	 56 	 273.687556 			 0.0 			 0.0			 273.687556 
g2	 57 	 796.008772 			 0.0 			 0.0			 796.008772 
g2	 58 	 114297.4875 			 0.0 			 0.0			 114297.4875 
g2	 59 	 224.825584 			 0.0 			 0.0			 224.825584 
g2	 60 	 114297.4875 			 0.0 			 0.0			 114297.4875 
g2	 61 	 430.77318 			 0.0 			 0.0			 430.77318 
g2	 62 	 104450.7375 			 0.0 			 0.0			 104450.7375 
g2	 63 	 186.956925 			 0.0 			 0.0			 186.956925 
g2	 64 	 140.716204 			 0.0 			 0.0			 140.716204 
g2	 65 	 -110.322872 			 0.0 			 0.0			 -110.322872 
g2	 66 	 27150.935 			 0.0 			 0.0			 27150.935 
g2	 67 	 -56892.961825 			 0.0 			 0.0			 -56892.961825 
g2	 68 	 27150.935 			 0.0 			 0.0			 27150.935 
g2	 69 	 -89.130287 			 0.0 			 0.0			 -89.130287 
g2	 70 	 -22.801342 			 0.0 			 0.0			 -22.801342 
g2	 71 	 16.604984 			 0.0 			 0.0			 16.604984 
g2	 72 	 60155.19 			 0.0 			 0.0			 60155.19 
g2	 73 	 41598.211343 			 0.0 			 0.0			 41598.211343 
g2	 74 	 -52.913478 			 0.0 			 0.0			 -52.913478 
g2	 75 	 101.605946 			 0.0 			 0.0			 101.605946 
g2	 76 	 -133.772751 			 0.0 			 0.0			 -133.772751 
g2	 77 	 97.449778 			 0.0 			 0.0			 97.449778 
g2	 78 	 312.189792 			 0.0 			 0.0			 312.189792 
g2	 79 	 1140.739583 			 0.0 			 0.0			 1140.739583 
g2	 80 	 312.189792 			 0.0 			 0.0			 312.189792 
g2	 81 	 140.530076 			 0.0 			 0.0			 140.530076 
g2	 82 	 34766.07 			 0.0 			 0.0			 34766.07 
g2	 83 	 -41863.253427 			 0.0 			 0.0			 -41863.253427 
g2	 84 	 34766.07 			 0.0 			 0.0			 34766.07 
g2	 85 	 66105.315 			 0.0 			 0.0			 66105.315 
g2	 86 	 20417.166021 			 0.0 			 0.0			 20417.166021 
g2	 87 	 66105.315 			 0.0 			 0.0			 66105.315 
g2	 88 	 644.248134 			 0.0 			 0.0			 644.248134 
g2	 89 	 298.722815 			 0.0 			 0.0			 298.722815 
g2	 90 	 598.008135 			 0.0 			 0.0			 598.008135 
g2	 91 	 240.25106 			 0.0 			 0.0			 240.25106 
g2	 92 	 25.511046 			 0.0 			 0.0			 25.511046 
g2	 93 	 0.0 			 0.0 			 0.0			 0.0 
g2	 94 	 0.0 			 0.0 			 0.0			 0.0 
g2	 95 	 0.0 			 0.0 			 0.0			 0.0 
g2	 96 	 0.0 			 0.0 			 0.0			 0.0 
----------------------------------------------------------------------------------------------------
g3	 1 	 0.0 			 0.0 			 0.0			 0.0 
g3	 2 	 0.0 			 0.0 			 0.0			 0.0 
g3	 3 	 0.0 			 0.0 			 0.0			 0.0 
g3	 4 	 0.0 			 0.0 			 0.0			 0.0 
g3	 5 	 0.0 			 0.0 			 0.0			 0.0 
g3	 6 	 0.0 			 0.0 			 0.0			 0.0 
g3	 7 	 0.0 			 0.0 			 0.0			 0.0 
g3	 8 	 0.0 			 0.0 			 0.0			 0.0 
g3	 9 	 0.0 			 0.0 			 0.0			 0.0 
g3	 10 	 0.0 			 0.0 			 0.0			 0.0 
g3	 11 	 0.0 			 0.0 			 0.0			 0.0 
g3	 12 	 0.0 			 0.0 			 0.0			 0.0 
g3	 13 	 0.0 			 0.0 			 0.0			 0.0 
g3	 14 	 0.0 			 0.0 			 0.0			 0.0 
g3	 15 	 0.0 			 0.0 			 0.0			 0.0 
g3	 16 	 0.0 			 0.0 			 0.0			 0.0 
g3	 17 	 0.0 			 0.0 			 0.0			 0.0 
g3	 18 	 0.0 			 0.0 			 0.0			 0.0 
g3	 19 	 0.0 			 0.0 			 0.0			 0.0 
g3	 20 	 0.0 			 0.0 			 0.0			 0.0 
g3	 21 	 0.0 			 0.0 			 0.0			 0.0 
g3	 22 	 0.0 			 0.0 			 0.0			 0.0 
g3	 23 	 0.0 			 0.0 			 0.0			 0.0 
g3	 24 	 0.0 			 0.0 			 0.0			 0.0 
g3	 25 	 0.0 			 0.0 			 0.0			 0.0 
g3	 26 	 0.0 			 0.0 			 0.0			 0.0 
g3	 27 	 0.0 			 0.0 			 0.0			 0.0 
g3	 28 	 0.0 			 0.0 			 0.0			 0.0 
g3	 29 	 0.0 			 0.0 			 0.0			 0.0 
g3	 30 	 0.0 			 0.0 			 0.0			 0.0 
g3	 31 	 0.0 			 0.0 			 0.0			 0.0 
g3	 32 	 0.0 			 0.0 			 0.0			 0.0 
g3	 33 	 0.0 			 0.0 			 0.0			 0.0 
g3	 34 	 0.0 			 0.0 			 0.0			 0.0 
g3	 35 	 0.0 			 0.0 			 0.0			 0.0 
g3	 36 	 0.0 			 0.0 			 0.0			 0.0 
g3	 37 	 0.0 			 0.0 			 0.0			 0.0 
g3	 38 	 0.0 			 0.0 			 0.0			 0.0 
g3	 39 	 0.0 			 0.0 			 0.0			 0.0 
g3	 40 	 0.0 			 0.0 			 0.0			 0.0 
g3	 41 	 0.0 			 0.0 			 0.0			 0.0 
g3	 42 	 0.0 			 0.0 			 0.0			 0.0 
g3	 43 	 0.0 			 0.0 			 0.0			 0.0 
g3	 44 	 0.0 			 0.0 			 0.0			 0.0 
g3	 45 	 0.0 			 0.0 			 0.0			 0.0 
g3	 46 	 0.0 			 0.0 			 0.0			 0.0 
g3	 47 	 0.0 			 0.0 			 0.0			 0.0 
g3	 48 	 0.0 			 0.0 			 0.0			 0.0 
g3	 49 	 0.0 			 0.0 			 0.0			 0.0 
g3	 50 	 0.0 			 0.0 			 0.0			 0.0 
g3	 51 	 0.0 			 0.0 			 0.0			 0.0 
g3	 52 	 0.0 			 0.0 			 0.0			 0.0 
g3	 53 	 0.0 			 0.0 			 0.0			 0.0 
g3	 54 	 0.0 			 0.0 			 0.0			 0.0 
g3	 55 	 0.0 			 0.0 			 0.0			 0.0 
g3	 56 	 0.0 			 0.0 			 0.0			 0.0 
g3	 57 	 0.0 			 0.0 			 0.0			 0.0 
g3	 58 	 0.0 			 0.0 			 0.0			 0.0 
g3	 59 	 0.0 			 0.0 			 0.0			 0.0 
g3	 60 	 0.0 			 0.0 			 0.0			 0.0 
g3	 61 	 0.0 			 0.0 			 0.0			 0.0 
g3	 62 	 0.0 			 0.0 			 0.0			 0.0 
g3	 63 	 0.0 			 0.0 			 0.0			 0.0 
g3	 64 	 0.0 			 0.0 			 0.0			 0.0 
g3	 65 	 0.0 			 0.0 			 0.0			 0.0 
g3	 66 	 0.0 			 0.0 			 0.0			 0.0 
g3	 67 	 0.0 			 0.0 			 0.0			 0.0 
g3	 68 	 0.0 			 0.0 			 0.0			 0.0 
g3	 69 	 0.0 			 0.0 			 0.0			 0.0 
g3	 70 	 0.0 			 0.0 			 0.0			 0.0 
g3	 71 	 0.0 			 0.0 			 0.0			 0.0 
g3	 72 	 0.0 			 0.0 			 0.0			 0.0 
g3	 73 	 0.0 			 0.0 			 0.0			 0.0 
g3	 74 	 0.0 			 0.0 			 0.0			 0.0 
g3	 75 	 0.0 			 0.0 			 0.0			 0.0 
g3	 76 	 0.0 			 0.0 			 0.0			 0.0 
g3	 77 	 0.0 			 0.0 			 0.0			 0.0 
g3	 78 	 0.0 			 0.0 			 0.0			 0.0 
g3	 79 	 0.0 			 0.0 			 0.0			 0.0 
g3	 80 	 0.0 			 0.0 			 0.0			 0.0 
g3	 81 	 0.0 			 0.0 			 0.0			 0.0 
g3	 82 	 0.0 			 0.0 			 0.0			 0.0 
g3	 83 	 0.0 			 0.0 			 0.0			 0.0 
g3	 84 	 0.0 			 0.0 			 0.0			 0.0 
g3	 85 	 0.0 			 0.0 			 0.0			 0.0 
g3	 86 	 0.0 			 0.0 			 0.0			 0.0 
g3	 87 	 0.0 			 0.0 			 0.0			 0.0 
g3	 88 	 0.0 			 0.0 			 0.0			 0.0 
g3	 89 	 0.0 			 0.0 			 0.0			 0.0 
g3	 90 	 0.0 			 0.0 			 0.0			 0.0 
g3	 91 	 0.0 			 0.0 			 0.0			 0.0 
g3	 92 	 0.0 			 0.0 			 0.0			 0.0 
g3	 93 	 0.0 			 0.0 			 0.0			 0.0 
g3	 94 	 0.0 			 0.0 			 0.0			 0.0 
g3	 95 	 0.0 			 0.0 			 0.0			 0.0 
g3	 96 	 0.0 			 0.0 			 0.0			 0.0 
----------------------------------------------------------------------------------------------------
g4	 1 	 0.0 			 0.0 			 0.0			 0.0 
g4	 2 	 0.0 			 0.0 			 0.0			 0.0 
g4	 3 	 0.0 			 0.0 			 0.0			 0.0 
g4	 4 	 0.0 			 0.0 			 0.0			 0.0 
g4	 5 	 0.0 			 0.0 			 0.0			 0.0 
g4	 6 	 0.0 			 0.0 			 0.0			 0.0 
g4	 7 	 0.0 			 0.0 			 0.0			 0.0 
g4	 8 	 0.0 			 0.0 			 0.0			 0.0 
g4	 9 	 0.0 			 0.0 			 0.0			 0.0 
g4	 10 	 0.0 			 0.0 			 0.0			 0.0 
g4	 11 	 0.0 			 0.0 			 0.0			 0.0 
g4	 12 	 0.0 			 0.0 			 0.0			 0.0 
g4	 13 	 0.0 			 0.0 			 0.0			 0.0 
g4	 14 	 0.0 			 0.0 			 0.0			 0.0 
g4	 15 	 0.0 			 0.0 			 0.0			 0.0 
g4	 16 	 0.0 			 0.0 			 0.0			 0.0 
g4	 17 	 0.0 			 0.0 			 0.0			 0.0 
g4	 18 	 0.0 			 0.0 			 0.0			 0.0 
g4	 19 	 0.0 			 0.0 			 0.0			 0.0 
g4	 20 	 0.0 			 0.0 			 0.0			 0.0 
g4	 21 	 0.0 			 0.0 			 0.0			 0.0 
g4	 22 	 0.0 			 0.0 			 0.0			 0.0 
g4	 23 	 0.0 			 0.0 			 0.0			 0.0 
g4	 24 	 0.0 			 0.0 			 0.0			 0.0 
g4	 25 	 0.0 			 0.0 			 0.0			 0.0 
g4	 26 	 0.0 			 0.0 			 0.0			 0.0 
g4	 27 	 0.0 			 0.0 			 0.0			 0.0 
g4	 28 	 0.0 			 0.0 			 0.0			 0.0 
g4	 29 	 0.0 			 0.0 			 0.0			 0.0 
g4	 30 	 0.0 			 0.0 			 0.0			 0.0 
g4	 31 	 0.0 			 0.0 			 0.0			 0.0 
g4	 32 	 0.0 			 0.0 			 0.0			 0.0 
g4	 33 	 0.0 			 0.0 			 0.0			 0.0 
g4	 34 	 0.0 			 0.0 			 0.0			 0.0 
g4	 35 	 0.0 			 0.0 			 0.0			 0.0 
g4	 36 	 0.0 			 0.0 			 0.0			 0.0 
g4	 37 	 0.0 			 0.0 			 0.0			 0.0 
g4	 38 	 0.0 			 0.0 			 0.0			 0.0 
g4	 39 	 0.0 			 0.0 			 0.0			 0.0 
g4	 40 	 0.0 			 0.0 			 0.0			 0.0 
g4	 41 	 0.0 			 0.0 			 0.0			 0.0 
g4	 42 	 0.0 			 0.0 			 0.0			 0.0 
g4	 43 	 0.0 			 0.0 			 0.0			 0.0 
g4	 44 	 0.0 			 0.0 			 0.0			 0.0 
g4	 45 	 0.0 			 0.0 			 0.0			 0.0 
g4	 46 	 0.0 			 0.0 			 0.0			 0.0 
g4	 47 	 0.0 			 0.0 			 0.0			 0.0 
g4	 48 	 0.0 			 0.0 			 0.0			 0.0 
g4	 49 	 0.0 			 0.0 			 0.0			 0.0 
g4	 50 	 0.0 			 0.0 			 0.0			 0.0 
g4	 51 	 0.0 			 0.0 			 0.0			 0.0 
g4	 52 	 0.0 			 0.0 			 0.0			 0.0 
g4	 53 	 0.0 			 0.0 			 0.0			 0.0 
g4	 54 	 0.0 			 0.0 			 0.0			 0.0 
g4	 55 	 0.0 			 0.0 			 0.0			 0.0 
g4	 56 	 0.0 			 0.0 			 0.0			 0.0 
g4	 57 	 0.0 			 0.0 			 0.0			 0.0 
g4	 58 	 0.0 			 0.0 			 0.0			 0.0 
g4	 59 	 0.0 			 0.0 			 0.0			 0.0 
g4	 60 	 0.0 			 0.0 			 0.0			 0.0 
g4	 61 	 0.0 			 0.0 			 0.0			 0.0 
g4	 62 	 0.0 			 0.0 			 0.0			 0.0 
g4	 63 	 0.0 			 0.0 			 0.0			 0.0 
g4	 64 	 0.0 			 0.0 			 0.0			 0.0 
g4	 65 	 0.0 			 0.0 			 0.0			 0.0 
g4	 66 	 0.0 			 0.0 			 0.0			 0.0 
g4	 67 	 0.0 			 0.0 			 0.0			 0.0 
g4	 68 	 0.0 			 0.0 			 0.0			 0.0 
g4	 69 	 0.0 			 0.0 			 0.0			 0.0 
g4	 70 	 0.0 			 0.0 			 0.0			 0.0 
g4	 71 	 0.0 			 0.0 			 0.0			 0.0 
g4	 72 	 0.0 			 0.0 			 0.0			 0.0 
g4	 73 	 0.0 			 0.0 			 0.0			 0.0 
g4	 74 	 0.0 			 0.0 			 0.0			 0.0 
g4	 75 	 0.0 			 0.0 			 0.0			 0.0 
g4	 76 	 0.0 			 0.0 			 0.0			 0.0 
g4	 77 	 0.0 			 0.0 			 0.0			 0.0 
g4	 78 	 0.0 			 0.0 			 0.0			 0.0 
g4	 79 	 0.0 			 0.0 			 0.0			 0.0 
g4	 80 	 0.0 			 0.0 			 0.0			 0.0 
g4	 81 	 0.0 			 0.0 			 0.0			 0.0 
g4	 82 	 0.0 			 0.0 			 0.0			 0.0 
g4	 83 	 0.0 			 0.0 			 0.0			 0.0 
g4	 84 	 0.0 			 0.0 			 0.0			 0.0 
g4	 85 	 0.0 			 0.0 			 0.0			 0.0 
g4	 86 	 0.0 			 0.0 			 0.0			 0.0 
g4	 87 	 0.0 			 0.0 			 0.0			 0.0 
g4	 88 	 0.0 			 0.0 			 0.0			 0.0 
g4	 89 	 0.0 			 0.0 			 0.0			 0.0 
g4	 90 	 0.0 			 0.0 			 0.0			 0.0 
g4	 91 	 0.0 			 0.0 			 0.0			 0.0 
g4	 92 	 0.0 			 0.0 			 0.0			 0.0 
g4	 93 	 0.0 			 0.0 			 0.0			 0.0 
g4	 94 	 0.0 			 0.0 			 0.0			 0.0 
g4	 95 	 0.0 			 0.0 			 0.0			 0.0 
g4	 96 	 0.0 			 0.0 			 0.0			 0.0 
----------------------------------------------------------------------------------------------------
g5	 1 	 0.0 			 0.0 			 0.0			 0.0 
g5	 2 	 0.0 			 0.0 			 0.0			 0.0 
g5	 3 	 0.0 			 0.0 			 0.0			 0.0 
g5	 4 	 0.0 			 0.0 			 0.0			 0.0 
g5	 5 	 0.0 			 0.0 			 0.0			 0.0 
g5	 6 	 0.0 			 0.0 			 0.0			 0.0 
g5	 7 	 0.0 			 0.0 			 0.0			 0.0 
g5	 8 	 0.0 			 0.0 			 0.0			 0.0 
g5	 9 	 0.0 			 0.0 			 0.0			 0.0 
g5	 10 	 0.0 			 0.0 			 0.0			 0.0 
g5	 11 	 0.0 			 0.0 			 0.0			 0.0 
g5	 12 	 0.0 			 0.0 			 0.0			 0.0 
g5	 13 	 0.0 			 0.0 			 0.0			 0.0 
g5	 14 	 0.0 			 0.0 			 0.0			 0.0 
g5	 15 	 0.0 			 0.0 			 0.0			 0.0 
g5	 16 	 0.0 			 0.0 			 0.0			 0.0 
g5	 17 	 0.0 			 0.0 			 0.0			 0.0 
g5	 18 	 0.0 			 0.0 			 0.0			 0.0 
g5	 19 	 0.0 			 0.0 			 0.0			 0.0 
g5	 20 	 0.0 			 0.0 			 0.0			 0.0 
g5	 21 	 0.0 			 0.0 			 0.0			 0.0 
g5	 22 	 0.0 			 0.0 			 0.0			 0.0 
g5	 23 	 0.0 			 0.0 			 0.0			 0.0 
g5	 24 	 0.0 			 0.0 			 0.0			 0.0 
g5	 25 	 0.0 			 0.0 			 0.0			 0.0 
g5	 26 	 0.0 			 0.0 			 0.0			 0.0 
g5	 27 	 0.0 			 0.0 			 0.0			 0.0 
g5	 28 	 0.0 			 0.0 			 0.0			 0.0 
g5	 29 	 0.0 			 0.0 			 0.0			 0.0 
g5	 30 	 0.0 			 0.0 			 0.0			 0.0 
g5	 31 	 0.0 			 0.0 			 0.0			 0.0 
g5	 32 	 0.0 			 0.0 			 0.0			 0.0 
g5	 33 	 0.0 			 0.0 			 0.0			 0.0 
g5	 34 	 0.0 			 0.0 			 0.0			 0.0 
g5	 35 	 0.0 			 0.0 			 0.0			 0.0 
g5	 36 	 0.0 			 0.0 			 0.0			 0.0 
g5	 37 	 0.0 			 0.0 			 0.0			 0.0 
g5	 38 	 0.0 			 0.0 			 0.0			 0.0 
g5	 39 	 0.0 			 0.0 			 0.0			 0.0 
g5	 40 	 0.0 			 0.0 			 0.0			 0.0 
g5	 41 	 0.0 			 0.0 			 0.0			 0.0 
g5	 42 	 0.0 			 0.0 			 0.0			 0.0 
g5	 43 	 0.0 			 0.0 			 0.0			 0.0 
g5	 44 	 0.0 			 0.0 			 0.0			 0.0 
g5	 45 	 0.0 			 0.0 			 0.0			 0.0 
g5	 46 	 0.0 			 0.0 			 0.0			 0.0 
g5	 47 	 0.0 			 0.0 			 0.0			 0.0 
g5	 48 	 0.0 			 0.0 			 0.0			 0.0 
g5	 49 	 0.0 			 0.0 			 0.0			 0.0 
g5	 50 	 0.0 			 0.0 			 0.0			 0.0 
g5	 51 	 0.0 			 0.0 			 0.0			 0.0 
g5	 52 	 0.0 			 0.0 			 0.0			 0.0 
g5	 53 	 0.0 			 0.0 			 0.0			 0.0 
g5	 54 	 0.0 			 0.0 			 0.0			 0.0 
g5	 55 	 0.0 			 0.0 			 0.0			 0.0 
g5	 56 	 0.0 			 0.0 			 0.0			 0.0 
g5	 57 	 0.0 			 0.0 			 0.0			 0.0 
g5	 58 	 0.0 			 0.0 			 0.0			 0.0 
g5	 59 	 0.0 			 0.0 			 0.0			 0.0 
g5	 60 	 0.0 			 0.0 			 0.0			 0.0 
g5	 61 	 0.0 			 0.0 			 0.0			 0.0 
g5	 62 	 0.0 			 0.0 			 0.0			 0.0 
g5	 63 	 0.0 			 0.0 			 0.0			 0.0 
g5	 64 	 0.0 			 0.0 			 0.0			 0.0 
g5	 65 	 0.0 			 0.0 			 0.0			 0.0 
g5	 66 	 0.0 			 0.0 			 0.0			 0.0 
g5	 67 	 0.0 			 0.0 			 0.0			 0.0 
g5	 68 	 0.0 			 0.0 			 0.0			 0.0 
g5	 69 	 0.0 			 0.0 			 0.0			 0.0 
g5	 70 	 0.0 			 0.0 			 0.0			 0.0 
g5	 71 	 0.0 			 0.0 			 0.0			 0.0 
g5	 72 	 0.0 			 0.0 			 0.0			 0.0 
g5	 73 	 0.0 			 0.0 			 0.0			 0.0 
g5	 74 	 0.0 			 0.0 			 0.0			 0.0 
g5	 75 	 0.0 			 0.0 			 0.0			 0.0 
g5	 76 	 0.0 			 0.0 			 0.0			 0.0 
g5	 77 	 0.0 			 0.0 			 0.0			 0.0 
g5	 78 	 0.0 			 0.0 			 0.0			 0.0 
g5	 79 	 0.0 			 0.0 			 0.0			 0.0 
g5	 80 	 0.0 			 0.0 			 0.0			 0.0 
g5	 81 	 0.0 			 0.0 			 0.0			 0.0 
g5	 82 	 0.0 			 0.0 			 0.0			 0.0 
g5	 83 	 0.0 			 0.0 			 0.0			 0.0 
g5	 84 	 0.0 			 0.0 			 0.0			 0.0 
g5	 85 	 0.0 			 0.0 			 0.0			 0.0 
g5	 86 	 0.0 			 0.0 			 0.0			 0.0 
g5	 87 	 0.0 			 0.0 			 0.0			 0.0 
g5	 88 	 0.0 			 0.0 			 0.0			 0.0 
g5	 89 	 0.0 			 0.0 			 0.0			 0.0 
g5	 90 	 0.0 			 0.0 			 0.0			 0.0 
g5	 91 	 0.0 			 0.0 			 0.0			 0.0 
g5	 92 	 0.0 			 0.0 			 0.0			 0.0 
g5	 93 	 0.0 			 0.0 			 0.0			 0.0 
g5	 94 	 0.0 			 0.0 			 0.0			 0.0 
g5	 95 	 0.0 			 0.0 			 0.0			 0.0 
g5	 96 	 0.0 			 0.0 			 0.0			 0.0 
----------------------------------------------------------------------------------------------------------------
unit 	 generation payment 	 up-FRP payment 	 dw-FRP payment 	pre-up total payment
----------------------------------------------------------------------------------------------------------------
 g1 	 -1567641.243691			 0.000000			 0.000000			 -1567641.243691
 g2 	 1147007.051222			 0.000000			 0.000000			 1147007.051222
 g3 	 0.000000			 0.000000			 0.000000			 0.000000
 g4 	 0.000000			 0.000000			 0.000000			 0.000000
 g5 	 0.000000			 0.000000			 0.000000			 0.000000
----------------------------------------------------------------------------------------------------
generation payment 	 up-FRP payment 	 dw-FRP payment 	 pre-up total payment
----------------------------------------------------------------------------------------------------
-420634.1924689999 			 0.0 			 0.0 			 -420634.1924689999
 
****************************************************************************************************
 
Generation costs
----------------------------------------------------------------------------------------------------
unit	 time 	 generation cost 	 start-up cost  	total cost
----------------------------------------------------------------------------------------------------
g1	 1 	 2326.461417 			 0.0 			2326.461417
g1	 2 	 1787.905001 			 0.0 			1787.905001
g1	 3 	 2274.151663 			 0.0 			2274.151663
g1	 4 	 2095.419616 			 0.0 			2095.419616
g1	 5 	 1828.843346 			 0.0 			1828.843346
g1	 6 	 2176.787877 			 0.0 			2176.787877
g1	 7 	 1834.440189 			 0.0 			1834.440189
g1	 8 	 1300.80359 			 0.0 			1300.80359
g1	 9 	 1834.440189 			 0.0 			1834.440189
g1	 10 	 2160.950399 			 0.0 			2160.950399
g1	 11 	 2501.456823 			 0.0 			2501.456823
g1	 12 	 1959.153945 			 0.0 			1959.153945
g1	 13 	 2081.421644 			 0.0 			2081.421644
g1	 14 	 1796.296099 			 0.0 			1796.296099
g1	 15 	 2335.03609 			 0.0 			2335.03609
g1	 16 	 2297.072643 			 0.0 			2297.072643
g1	 17 	 2146.606172 			 0.0 			2146.606172
g1	 18 	 2010.798537 			 0.0 			2010.798537
g1	 19 	 2420.12864 			 0.0 			2420.12864
g1	 20 	 1879.56691 			 0.0 			1879.56691
g1	 21 	 2264.709967 			 0.0 			2264.709967
g1	 22 	 2183.031596 			 0.0 			2183.031596
g1	 23 	 2373.179546 			 0.0 			2373.179546
g1	 24 	 2411.502909 			 0.0 			2411.502909
g1	 25 	 2702.150675 			 0.0 			2702.150675
g1	 26 	 2585.819982 			 0.0 			2585.819982
g1	 27 	 2314.031678 			 0.0 			2314.031678
g1	 28 	 2447.7267 			 0.0 			2447.7267
g1	 29 	 1906.574125 			 0.0 			1906.574125
g1	 30 	 2101.981429 			 0.0 			2101.981429
g1	 31 	 2647.408985 			 0.0 			2647.408985
g1	 32 	 2338.944331 			 0.0 			2338.944331
g1	 33 	 2319.695556 			 0.0 			2319.695556
g1	 34 	 2792.730714 			 0.0 			2792.730714
g1	 35 	 2244.191976 			 0.0 			2244.191976
g1	 36 	 2524.346116 			 0.0 			2524.346116
g1	 37 	 2313.086426 			 0.0 			2313.086426
g1	 38 	 2508.187447 			 0.0 			2508.187447
g1	 39 	 3058.233409 			 0.0 			3058.233409
g1	 40 	 2861.778933 			 0.0 			2861.778933
g1	 41 	 2714.981405 			 0.0 			2714.981405
g1	 42 	 2168.107196 			 0.0 			2168.107196
g1	 43 	 2093.045044 			 0.0 			2093.045044
g1	 44 	 2638.277096 			 0.0 			2638.277096
g1	 45 	 2508.187447 			 0.0 			2508.187447
g1	 46 	 3058.233409 			 0.0 			3058.233409
g1	 47 	 3013.042318 			 0.0 			3013.042318
g1	 48 	 2528.38508 			 0.0 			2528.38508
g1	 49 	 2591.995505 			 0.0 			2591.995505
g1	 50 	 3058.233409 			 0.0 			3058.233409
g1	 51 	 3004.3682 			 0.0 			3004.3682
g1	 52 	 2454.322239 			 0.0 			2454.322239
g1	 53 	 3004.3682 			 0.0 			3004.3682
g1	 54 	 2909.313694 			 0.0 			2909.313694
g1	 55 	 2976.44385 			 0.0 			2976.44385
g1	 56 	 2845.452161 			 0.0 			2845.452161
g1	 57 	 3058.233409 			 0.0 			3058.233409
g1	 58 	 3058.233409 			 0.0 			3058.233409
g1	 59 	 2981.328185 			 0.0 			2981.328185
g1	 60 	 3058.233409 			 0.0 			3058.233409
g1	 61 	 3058.233409 			 0.0 			3058.233409
g1	 62 	 3058.233409 			 0.0 			3058.233409
g1	 63 	 2937.282044 			 0.0 			2937.282044
g1	 64 	 3058.233409 			 0.0 			3058.233409
g1	 65 	 2777.062995 			 0.0 			2777.062995
g1	 66 	 3058.233409 			 0.0 			3058.233409
g1	 67 	 2508.187447 			 0.0 			2508.187447
g1	 68 	 3058.233409 			 0.0 			3058.233409
g1	 69 	 2858.186393 			 0.0 			2858.186393
g1	 70 	 3058.233409 			 0.0 			3058.233409
g1	 71 	 3026.322883 			 0.0 			3026.322883
g1	 72 	 3058.233409 			 0.0 			3058.233409
g1	 73 	 2508.187447 			 0.0 			2508.187447
g1	 74 	 2517.633561 			 0.0 			2517.633561
g1	 75 	 3058.233409 			 0.0 			3058.233409
g1	 76 	 2829.584837 			 0.0 			2829.584837
g1	 77 	 2675.462676 			 0.0 			2675.462676
g1	 78 	 2899.237299 			 0.0 			2899.237299
g1	 79 	 3058.233409 			 0.0 			3058.233409
g1	 80 	 3040.444191 			 0.0 			3040.444191
g1	 81 	 2577.831048 			 0.0 			2577.831048
g1	 82 	 3058.233409 			 0.0 			3058.233409
g1	 83 	 2508.187447 			 0.0 			2508.187447
g1	 84 	 3058.233409 			 0.0 			3058.233409
g1	 85 	 2975.113199 			 0.0 			2975.113199
g1	 86 	 2425.067238 			 0.0 			2425.067238
g1	 87 	 2975.113199 			 0.0 			2975.113199
g1	 88 	 3058.233409 			 0.0 			3058.233409
g1	 89 	 3058.233409 			 0.0 			3058.233409
g1	 90 	 3058.233409 			 0.0 			3058.233409
g1	 91 	 3036.417805 			 0.0 			3036.417805
g1	 92 	 2550.991041 			 0.0 			2550.991041
g1	 93 	 2743.248368 			 0.0 			2743.248368
g1	 94 	 2506.053494 			 0.0 			2506.053494
g1	 95 	 2299.209893 			 0.0 			2299.209893
g1	 96 	 2848.952273 			 0.0 			2848.952273
----------------------------------------------------------------------------------------------------
g2	 1 	 0.0 			 0.0 			0.0
g2	 2 	 0.0 			 0.0 			0.0
g2	 3 	 0.0 			 0.0 			0.0
g2	 4 	 0.0 			 0.0 			0.0
g2	 5 	 0.0 			 0.0 			0.0
g2	 6 	 0.0 			 0.0 			0.0
g2	 7 	 0.0 			 0.0 			0.0
g2	 8 	 0.0 			 0.0 			0.0
g2	 9 	 0.0 			 0.0 			0.0
g2	 10 	 0.0 			 0.0 			0.0
g2	 11 	 0.0 			 0.0 			0.0
g2	 12 	 0.0 			 0.0 			0.0
g2	 13 	 0.0 			 0.0 			0.0
g2	 14 	 0.0 			 0.0 			0.0
g2	 15 	 0.0 			 0.0 			0.0
g2	 16 	 0.0 			 0.0 			0.0
g2	 17 	 0.0 			 0.0 			0.0
g2	 18 	 0.0 			 0.0 			0.0
g2	 19 	 0.0 			 0.0 			0.0
g2	 20 	 0.0 			 0.0 			0.0
g2	 21 	 0.0 			 0.0 			0.0
g2	 22 	 0.0 			 0.0 			0.0
g2	 23 	 0.0 			 0.0 			0.0
g2	 24 	 0.0 			 0.0 			0.0
g2	 25 	 0.0 			 0.0 			0.0
g2	 26 	 0.0 			 0.0 			0.0
g2	 27 	 0.0 			 0.0 			0.0
g2	 28 	 0.0 			 0.0 			0.0
g2	 29 	 0.0 			 0.0 			0.0
g2	 30 	 0.0 			 0.0 			0.0
g2	 31 	 0.0 			 0.0 			0.0
g2	 32 	 0.0 			 0.0 			0.0
g2	 33 	 0.0 			 0.0 			0.0
g2	 34 	 0.0 			 0.0 			0.0
g2	 35 	 0.0 			 0.0 			0.0
g2	 36 	 0.0 			 0.0 			0.0
g2	 37 	 502.011484 			 10598.13 			11100.141484
g2	 38 	 448.640261 			 0.0 			448.640261
g2	 39 	 669.509551 			 0.0 			669.509551
g2	 40 	 534.771644 			 0.0 			534.771644
g2	 41 	 604.049815 			 0.0 			604.049815
g2	 42 	 387.860645 			 0.0 			387.860645
g2	 43 	 604.049815 			 0.0 			604.049815
g2	 44 	 831.551349 			 0.0 			831.551349
g2	 45 	 1085.383289 			 0.0 			1085.383289
g2	 46 	 1362.153336 			 0.0 			1362.153336
g2	 47 	 1085.383289 			 0.0 			1085.383289
g2	 48 	 879.704167 			 0.0 			879.704167
g2	 49 	 1136.42024 			 0.0 			1136.42024
g2	 50 	 1421.195448 			 0.0 			1421.195448
g2	 51 	 1136.42024 			 0.0 			1136.42024
g2	 52 	 879.704167 			 0.0 			879.704167
g2	 53 	 1136.42024 			 0.0 			1136.42024
g2	 54 	 879.704167 			 0.0 			879.704167
g2	 55 	 1020.715148 			 0.0 			1020.715148
g2	 56 	 1287.341978 			 0.0 			1287.341978
g2	 57 	 1584.324043 			 0.0 			1584.324043
g2	 58 	 1630.982228 			 0.0 			1630.982228
g2	 59 	 1334.000163 			 0.0 			1334.000163
g2	 60 	 1630.982228 			 0.0 			1630.982228
g2	 61 	 1506.214849 			 0.0 			1506.214849
g2	 62 	 1630.982228 			 0.0 			1630.982228
g2	 63 	 1334.000163 			 0.0 			1334.000163
g2	 64 	 1216.15788 			 0.0 			1216.15788
g2	 65 	 1031.629641 			 0.0 			1031.629641
g2	 66 	 1299.968413 			 0.0 			1299.968413
g2	 67 	 1031.629641 			 0.0 			1031.629641
g2	 68 	 1299.968413 			 0.0 			1299.968413
g2	 69 	 1031.629641 			 0.0 			1031.629641
g2	 70 	 1115.381219 			 0.0 			1115.381219
g2	 71 	 1158.033384 			 0.0 			1158.033384
g2	 72 	 1446.19862 			 0.0 			1446.19862
g2	 73 	 1158.033384 			 0.0 			1158.033384
g2	 74 	 901.31731 			 0.0 			901.31731
g2	 75 	 1061.368244 			 0.0 			1061.368244
g2	 76 	 810.26924 			 0.0 			810.26924
g2	 77 	 943.805706 			 0.0 			943.805706
g2	 78 	 1200.521779 			 0.0 			1200.521779
g2	 79 	 1495.351333 			 0.0 			1495.351333
g2	 80 	 1200.521779 			 0.0 			1200.521779
g2	 81 	 943.805706 			 0.0 			943.805706
g2	 82 	 935.64465 			 0.0 			935.64465
g2	 83 	 698.853113 			 0.0 			698.853113
g2	 84 	 935.64465 			 0.0 			935.64465
g2	 85 	 804.400866 			 0.0 			804.400866
g2	 86 	 576.899332 			 0.0 			576.899332
g2	 87 	 804.400866 			 0.0 			804.400866
g2	 88 	 1054.746285 			 0.0 			1054.746285
g2	 89 	 810.502856 			 0.0 			810.502856
g2	 90 	 1011.762511 			 0.0 			1011.762511
g2	 91 	 766.308687 			 0.0 			766.308687
g2	 92 	 538.807153 			 0.0 			538.807153
g2	 93 	 0.0 			 0.0 			0.0
g2	 94 	 0.0 			 0.0 			0.0
g2	 95 	 0.0 			 0.0 			0.0
g2	 96 	 0.0 			 0.0 			0.0
----------------------------------------------------------------------------------------------------
g3	 1 	 0.0 			 0.0 			0.0
g3	 2 	 0.0 			 0.0 			0.0
g3	 3 	 0.0 			 0.0 			0.0
g3	 4 	 0.0 			 0.0 			0.0
g3	 5 	 0.0 			 0.0 			0.0
g3	 6 	 0.0 			 0.0 			0.0
g3	 7 	 0.0 			 0.0 			0.0
g3	 8 	 0.0 			 0.0 			0.0
g3	 9 	 0.0 			 0.0 			0.0
g3	 10 	 0.0 			 0.0 			0.0
g3	 11 	 0.0 			 0.0 			0.0
g3	 12 	 0.0 			 0.0 			0.0
g3	 13 	 0.0 			 0.0 			0.0
g3	 14 	 0.0 			 0.0 			0.0
g3	 15 	 0.0 			 0.0 			0.0
g3	 16 	 0.0 			 0.0 			0.0
g3	 17 	 0.0 			 0.0 			0.0
g3	 18 	 0.0 			 0.0 			0.0
g3	 19 	 0.0 			 0.0 			0.0
g3	 20 	 0.0 			 0.0 			0.0
g3	 21 	 0.0 			 0.0 			0.0
g3	 22 	 0.0 			 0.0 			0.0
g3	 23 	 0.0 			 0.0 			0.0
g3	 24 	 0.0 			 0.0 			0.0
g3	 25 	 0.0 			 0.0 			0.0
g3	 26 	 0.0 			 0.0 			0.0
g3	 27 	 0.0 			 0.0 			0.0
g3	 28 	 0.0 			 0.0 			0.0
g3	 29 	 0.0 			 0.0 			0.0
g3	 30 	 0.0 			 0.0 			0.0
g3	 31 	 0.0 			 0.0 			0.0
g3	 32 	 0.0 			 0.0 			0.0
g3	 33 	 0.0 			 0.0 			0.0
g3	 34 	 0.0 			 0.0 			0.0
g3	 35 	 0.0 			 0.0 			0.0
g3	 36 	 0.0 			 0.0 			0.0
g3	 37 	 0.0 			 0.0 			0.0
g3	 38 	 0.0 			 0.0 			0.0
g3	 39 	 0.0 			 0.0 			0.0
g3	 40 	 0.0 			 0.0 			0.0
g3	 41 	 0.0 			 0.0 			0.0
g3	 42 	 0.0 			 0.0 			0.0
g3	 43 	 0.0 			 0.0 			0.0
g3	 44 	 0.0 			 0.0 			0.0
g3	 45 	 0.0 			 0.0 			0.0
g3	 46 	 0.0 			 0.0 			0.0
g3	 47 	 0.0 			 0.0 			0.0
g3	 48 	 0.0 			 0.0 			0.0
g3	 49 	 0.0 			 0.0 			0.0
g3	 50 	 0.0 			 0.0 			0.0
g3	 51 	 0.0 			 0.0 			0.0
g3	 52 	 0.0 			 0.0 			0.0
g3	 53 	 0.0 			 0.0 			0.0
g3	 54 	 0.0 			 0.0 			0.0
g3	 55 	 0.0 			 0.0 			0.0
g3	 56 	 0.0 			 0.0 			0.0
g3	 57 	 0.0 			 0.0 			0.0
g3	 58 	 0.0 			 0.0 			0.0
g3	 59 	 0.0 			 0.0 			0.0
g3	 60 	 0.0 			 0.0 			0.0
g3	 61 	 0.0 			 0.0 			0.0
g3	 62 	 0.0 			 0.0 			0.0
g3	 63 	 0.0 			 0.0 			0.0
g3	 64 	 0.0 			 0.0 			0.0
g3	 65 	 0.0 			 0.0 			0.0
g3	 66 	 0.0 			 0.0 			0.0
g3	 67 	 0.0 			 0.0 			0.0
g3	 68 	 0.0 			 0.0 			0.0
g3	 69 	 0.0 			 0.0 			0.0
g3	 70 	 0.0 			 0.0 			0.0
g3	 71 	 0.0 			 0.0 			0.0
g3	 72 	 0.0 			 0.0 			0.0
g3	 73 	 0.0 			 0.0 			0.0
g3	 74 	 0.0 			 0.0 			0.0
g3	 75 	 0.0 			 0.0 			0.0
g3	 76 	 0.0 			 0.0 			0.0
g3	 77 	 0.0 			 0.0 			0.0
g3	 78 	 0.0 			 0.0 			0.0
g3	 79 	 0.0 			 0.0 			0.0
g3	 80 	 0.0 			 0.0 			0.0
g3	 81 	 0.0 			 0.0 			0.0
g3	 82 	 0.0 			 0.0 			0.0
g3	 83 	 0.0 			 0.0 			0.0
g3	 84 	 0.0 			 0.0 			0.0
g3	 85 	 0.0 			 0.0 			0.0
g3	 86 	 0.0 			 0.0 			0.0
g3	 87 	 0.0 			 0.0 			0.0
g3	 88 	 0.0 			 0.0 			0.0
g3	 89 	 0.0 			 0.0 			0.0
g3	 90 	 0.0 			 0.0 			0.0
g3	 91 	 0.0 			 0.0 			0.0
g3	 92 	 0.0 			 0.0 			0.0
g3	 93 	 0.0 			 0.0 			0.0
g3	 94 	 0.0 			 0.0 			0.0
g3	 95 	 0.0 			 0.0 			0.0
g3	 96 	 0.0 			 0.0 			0.0
----------------------------------------------------------------------------------------------------
g4	 1 	 0.0 			 0.0 			0.0
g4	 2 	 0.0 			 0.0 			0.0
g4	 3 	 0.0 			 0.0 			0.0
g4	 4 	 0.0 			 0.0 			0.0
g4	 5 	 0.0 			 0.0 			0.0
g4	 6 	 0.0 			 0.0 			0.0
g4	 7 	 0.0 			 0.0 			0.0
g4	 8 	 0.0 			 0.0 			0.0
g4	 9 	 0.0 			 0.0 			0.0
g4	 10 	 0.0 			 0.0 			0.0
g4	 11 	 0.0 			 0.0 			0.0
g4	 12 	 0.0 			 0.0 			0.0
g4	 13 	 0.0 			 0.0 			0.0
g4	 14 	 0.0 			 0.0 			0.0
g4	 15 	 0.0 			 0.0 			0.0
g4	 16 	 0.0 			 0.0 			0.0
g4	 17 	 0.0 			 0.0 			0.0
g4	 18 	 0.0 			 0.0 			0.0
g4	 19 	 0.0 			 0.0 			0.0
g4	 20 	 0.0 			 0.0 			0.0
g4	 21 	 0.0 			 0.0 			0.0
g4	 22 	 0.0 			 0.0 			0.0
g4	 23 	 0.0 			 0.0 			0.0
g4	 24 	 0.0 			 0.0 			0.0
g4	 25 	 0.0 			 0.0 			0.0
g4	 26 	 0.0 			 0.0 			0.0
g4	 27 	 0.0 			 0.0 			0.0
g4	 28 	 0.0 			 0.0 			0.0
g4	 29 	 0.0 			 0.0 			0.0
g4	 30 	 0.0 			 0.0 			0.0
g4	 31 	 0.0 			 0.0 			0.0
g4	 32 	 0.0 			 0.0 			0.0
g4	 33 	 0.0 			 0.0 			0.0
g4	 34 	 0.0 			 0.0 			0.0
g4	 35 	 0.0 			 0.0 			0.0
g4	 36 	 0.0 			 0.0 			0.0
g4	 37 	 0.0 			 0.0 			0.0
g4	 38 	 0.0 			 0.0 			0.0
g4	 39 	 0.0 			 0.0 			0.0
g4	 40 	 0.0 			 0.0 			0.0
g4	 41 	 0.0 			 0.0 			0.0
g4	 42 	 0.0 			 0.0 			0.0
g4	 43 	 0.0 			 0.0 			0.0
g4	 44 	 0.0 			 0.0 			0.0
g4	 45 	 0.0 			 0.0 			0.0
g4	 46 	 0.0 			 0.0 			0.0
g4	 47 	 0.0 			 0.0 			0.0
g4	 48 	 0.0 			 0.0 			0.0
g4	 49 	 0.0 			 0.0 			0.0
g4	 50 	 0.0 			 0.0 			0.0
g4	 51 	 0.0 			 0.0 			0.0
g4	 52 	 0.0 			 0.0 			0.0
g4	 53 	 0.0 			 0.0 			0.0
g4	 54 	 0.0 			 0.0 			0.0
g4	 55 	 0.0 			 0.0 			0.0
g4	 56 	 0.0 			 0.0 			0.0
g4	 57 	 0.0 			 0.0 			0.0
g4	 58 	 0.0 			 0.0 			0.0
g4	 59 	 0.0 			 0.0 			0.0
g4	 60 	 0.0 			 0.0 			0.0
g4	 61 	 0.0 			 0.0 			0.0
g4	 62 	 0.0 			 0.0 			0.0
g4	 63 	 0.0 			 0.0 			0.0
g4	 64 	 0.0 			 0.0 			0.0
g4	 65 	 0.0 			 0.0 			0.0
g4	 66 	 0.0 			 0.0 			0.0
g4	 67 	 0.0 			 0.0 			0.0
g4	 68 	 0.0 			 0.0 			0.0
g4	 69 	 0.0 			 0.0 			0.0
g4	 70 	 0.0 			 0.0 			0.0
g4	 71 	 0.0 			 0.0 			0.0
g4	 72 	 0.0 			 0.0 			0.0
g4	 73 	 0.0 			 0.0 			0.0
g4	 74 	 0.0 			 0.0 			0.0
g4	 75 	 0.0 			 0.0 			0.0
g4	 76 	 0.0 			 0.0 			0.0
g4	 77 	 0.0 			 0.0 			0.0
g4	 78 	 0.0 			 0.0 			0.0
g4	 79 	 0.0 			 0.0 			0.0
g4	 80 	 0.0 			 0.0 			0.0
g4	 81 	 0.0 			 0.0 			0.0
g4	 82 	 0.0 			 0.0 			0.0
g4	 83 	 0.0 			 0.0 			0.0
g4	 84 	 0.0 			 0.0 			0.0
g4	 85 	 0.0 			 0.0 			0.0
g4	 86 	 0.0 			 0.0 			0.0
g4	 87 	 0.0 			 0.0 			0.0
g4	 88 	 0.0 			 0.0 			0.0
g4	 89 	 0.0 			 0.0 			0.0
g4	 90 	 0.0 			 0.0 			0.0
g4	 91 	 0.0 			 0.0 			0.0
g4	 92 	 0.0 			 0.0 			0.0
g4	 93 	 0.0 			 0.0 			0.0
g4	 94 	 0.0 			 0.0 			0.0
g4	 95 	 0.0 			 0.0 			0.0
g4	 96 	 0.0 			 0.0 			0.0
----------------------------------------------------------------------------------------------------
g5	 1 	 0.0 			 0.0 			0.0
g5	 2 	 0.0 			 0.0 			0.0
g5	 3 	 0.0 			 0.0 			0.0
g5	 4 	 0.0 			 0.0 			0.0
g5	 5 	 0.0 			 0.0 			0.0
g5	 6 	 0.0 			 0.0 			0.0
g5	 7 	 0.0 			 0.0 			0.0
g5	 8 	 0.0 			 0.0 			0.0
g5	 9 	 0.0 			 0.0 			0.0
g5	 10 	 0.0 			 0.0 			0.0
g5	 11 	 0.0 			 0.0 			0.0
g5	 12 	 0.0 			 0.0 			0.0
g5	 13 	 0.0 			 0.0 			0.0
g5	 14 	 0.0 			 0.0 			0.0
g5	 15 	 0.0 			 0.0 			0.0
g5	 16 	 0.0 			 0.0 			0.0
g5	 17 	 0.0 			 0.0 			0.0
g5	 18 	 0.0 			 0.0 			0.0
g5	 19 	 0.0 			 0.0 			0.0
g5	 20 	 0.0 			 0.0 			0.0
g5	 21 	 0.0 			 0.0 			0.0
g5	 22 	 0.0 			 0.0 			0.0
g5	 23 	 0.0 			 0.0 			0.0
g5	 24 	 0.0 			 0.0 			0.0
g5	 25 	 0.0 			 0.0 			0.0
g5	 26 	 0.0 			 0.0 			0.0
g5	 27 	 0.0 			 0.0 			0.0
g5	 28 	 0.0 			 0.0 			0.0
g5	 29 	 0.0 			 0.0 			0.0
g5	 30 	 0.0 			 0.0 			0.0
g5	 31 	 0.0 			 0.0 			0.0
g5	 32 	 0.0 			 0.0 			0.0
g5	 33 	 0.0 			 0.0 			0.0
g5	 34 	 0.0 			 0.0 			0.0
g5	 35 	 0.0 			 0.0 			0.0
g5	 36 	 0.0 			 0.0 			0.0
g5	 37 	 0.0 			 0.0 			0.0
g5	 38 	 0.0 			 0.0 			0.0
g5	 39 	 0.0 			 0.0 			0.0
g5	 40 	 0.0 			 0.0 			0.0
g5	 41 	 0.0 			 0.0 			0.0
g5	 42 	 0.0 			 0.0 			0.0
g5	 43 	 0.0 			 0.0 			0.0
g5	 44 	 0.0 			 0.0 			0.0
g5	 45 	 0.0 			 0.0 			0.0
g5	 46 	 0.0 			 0.0 			0.0
g5	 47 	 0.0 			 0.0 			0.0
g5	 48 	 0.0 			 0.0 			0.0
g5	 49 	 0.0 			 0.0 			0.0
g5	 50 	 0.0 			 0.0 			0.0
g5	 51 	 0.0 			 0.0 			0.0
g5	 52 	 0.0 			 0.0 			0.0
g5	 53 	 0.0 			 0.0 			0.0
g5	 54 	 0.0 			 0.0 			0.0
g5	 55 	 0.0 			 0.0 			0.0
g5	 56 	 0.0 			 0.0 			0.0
g5	 57 	 0.0 			 0.0 			0.0
g5	 58 	 0.0 			 0.0 			0.0
g5	 59 	 0.0 			 0.0 			0.0
g5	 60 	 0.0 			 0.0 			0.0
g5	 61 	 0.0 			 0.0 			0.0
g5	 62 	 0.0 			 0.0 			0.0
g5	 63 	 0.0 			 0.0 			0.0
g5	 64 	 0.0 			 0.0 			0.0
g5	 65 	 0.0 			 0.0 			0.0
g5	 66 	 0.0 			 0.0 			0.0
g5	 67 	 0.0 			 0.0 			0.0
g5	 68 	 0.0 			 0.0 			0.0
g5	 69 	 0.0 			 0.0 			0.0
g5	 70 	 0.0 			 0.0 			0.0
g5	 71 	 0.0 			 0.0 			0.0
g5	 72 	 0.0 			 0.0 			0.0
g5	 73 	 0.0 			 0.0 			0.0
g5	 74 	 0.0 			 0.0 			0.0
g5	 75 	 0.0 			 0.0 			0.0
g5	 76 	 0.0 			 0.0 			0.0
g5	 77 	 0.0 			 0.0 			0.0
g5	 78 	 0.0 			 0.0 			0.0
g5	 79 	 0.0 			 0.0 			0.0
g5	 80 	 0.0 			 0.0 			0.0
g5	 81 	 0.0 			 0.0 			0.0
g5	 82 	 0.0 			 0.0 			0.0
g5	 83 	 0.0 			 0.0 			0.0
g5	 84 	 0.0 			 0.0 			0.0
g5	 85 	 0.0 			 0.0 			0.0
g5	 86 	 0.0 			 0.0 			0.0
g5	 87 	 0.0 			 0.0 			0.0
g5	 88 	 0.0 			 0.0 			0.0
g5	 89 	 0.0 			 0.0 			0.0
g5	 90 	 0.0 			 0.0 			0.0
g5	 91 	 0.0 			 0.0 			0.0
g5	 92 	 0.0 			 0.0 			0.0
g5	 93 	 0.0 			 0.0 			0.0
g5	 94 	 0.0 			 0.0 			0.0
g5	 95 	 0.0 			 0.0 			0.0
g5	 96 	 0.0 			 0.0 			0.0
----------------------------------------------------------------------------------------------------
 
unit 	 generation 	 generation cost 	 start-up cost 	 total cost
----------------------------------------------------------------------------------------------------
g1 	 6669.641281			248508.882459			 0.000000		 248508.882459
g2 	 1107.469065			57828.038477			 10598.130000		 68426.168477
g3 	 0.000000			0.000000			 0.000000		 0.000000
g4 	 0.000000			0.000000			 0.000000		 0.000000
g5 	 0.000000			0.000000			 0.000000		 0.000000
----------------------------------------------------------------------------------------------------
 
generation cost 	 start-up cost 		 total cost
----------------------------------------------------------------------------------------------------
306336.9209359999 			 10598.13 			 316935.0509359999
----------------------------------------------------------------------------------------------------
uplift payment for generator g1: 1.525909076849e6
uplift payment for generator g2: 0.0
uplift payment for generator g3: 0.0
uplift payment for generator g4: 0.0
uplift payment for generator g5: 0.0
 
****************************************************************************************************
 
rtm Systemwide prices
----------------------------------------------------------------------------------------------------
time	 energy 	 up-FRP 	 dw-FRP
----------------------------------------------------------------------------------------------------
1 	 2500.0 		 0.0 		 0.0
2 	 2480.976822 		 0.0 		 0.0
3 	 9.408671 		 0.0 		 0.0
4 	 9.408671 		 0.0 		 0.0
5 	 9.408671 		 0.0 		 0.0
6 	 9.408671 		 0.0 		 0.0
7 	 2500.0 		 0.0 		 0.0
8 	 4971.925504 		 0.0 		 0.0
9 	 2500.0 		 0.0 		 0.0
10 	 9.408671 		 0.0 		 0.0
11 	 2500.0 		 0.0 		 0.0
12 	 2480.976822 		 0.0 		 0.0
13 	 9.408671 		 0.0 		 0.0
14 	 2480.976822 		 0.0 		 0.0
15 	 2500.0 		 0.0 		 0.0
16 	 9.408671 		 0.0 		 0.0
17 	 9.408671 		 0.0 		 0.0
18 	 9.408671 		 0.0 		 0.0
19 	 2500.0 		 0.0 		 0.0
20 	 2480.976822 		 0.0 		 0.0
21 	 9.408671 		 0.0 		 0.0
22 	 9.408671 		 0.0 		 0.0
23 	 9.614507 		 0.0 		 0.0
24 	 9.614507 		 0.0 		 0.0
25 	 9.614507 		 0.0 		 0.0
26 	 9.614507 		 0.0 		 0.0
27 	 9.614507 		 0.0 		 0.0
28 	 2500.0 		 0.0 		 0.0
29 	 2480.976822 		 0.0 		 0.0
30 	 2480.976822 		 0.0 		 0.0
31 	 2500.0 		 0.0 		 0.0
32 	 9.614507 		 0.0 		 0.0
33 	 9.614507 		 0.0 		 0.0
34 	 2500.0 		 0.0 		 0.0
35 	 2480.976822 		 0.0 		 0.0
36 	 9.614507 		 0.0 		 0.0
37 	 9.457625 		 0.0 		 0.0
38 	 2480.3565 		 0.0 		 0.0
39 	 2500.0 		 0.0 		 0.0
40 	 9.614507 		 0.0 		 0.0
41 	 2500.0 		 0.0 		 0.0
42 	 2480.976822 		 0.0 		 0.0
43 	 2480.976822 		 0.0 		 0.0
44 	 2500.0 		 0.0 		 0.0
45 	 2471.361116 		 0.0 		 0.0
46 	 2500.0 		 0.0 		 0.0
47 	 9.614507 		 0.0 		 0.0
48 	 9.614507 		 0.0 		 0.0
49 	 9.614507 		 0.0 		 0.0
50 	 24.573019 		 0.0 		 0.0
51 	 2500.0 		 0.0 		 0.0
52 	 4971.156478 		 0.0 		 0.0
53 	 2500.0 		 0.0 		 0.0
54 	 9.614507 		 0.0 		 0.0
55 	 9.614507 		 0.0 		 0.0
56 	 9.614507 		 0.0 		 0.0
57 	 18.858301 		 0.0 		 0.0
58 	 2500.0 		 0.0 		 0.0
59 	 9.614507 		 0.0 		 0.0
60 	 2500.0 		 0.0 		 0.0
61 	 13.296712 		 0.0 		 0.0
62 	 2500.0 		 0.0 		 0.0
63 	 9.614507 		 0.0 		 0.0
64 	 13.296712 		 0.0 		 0.0
65 	 9.614507 		 0.0 		 0.0
66 	 2500.0 		 0.0 		 0.0
67 	 4958.153915 		 0.0 		 0.0
68 	 2500.0 		 0.0 		 0.0
69 	 9.614507 		 0.0 		 0.0
70 	 11.493892 		 0.0 		 0.0
71 	 9.614507 		 0.0 		 0.0
72 	 2500.0 		 0.0 		 0.0
73 	 2471.450627 		 0.0 		 0.0
74 	 9.614507 		 0.0 		 0.0
75 	 12.06526 		 0.0 		 0.0
76 	 9.614507 		 0.0 		 0.0
77 	 9.614507 		 0.0 		 0.0
78 	 9.614507 		 0.0 		 0.0
79 	 20.81425 		 0.0 		 0.0
80 	 9.614507 		 0.0 		 0.0
81 	 9.614507 		 0.0 		 0.0
82 	 2500.0 		 0.0 		 0.0
83 	 4966.826341 		 0.0 		 0.0
84 	 2500.0 		 0.0 		 0.0
85 	 2500.0 		 0.0 		 0.0
86 	 4971.156478 		 0.0 		 0.0
87 	 2500.0 		 0.0 		 0.0
88 	 13.207997 		 0.0 		 0.0
89 	 10.185876 		 0.0 		 0.0
90 	 12.636629 		 0.0 		 0.0
91 	 9.614507 		 0.0 		 0.0
92 	 9.614507 		 0.0 		 0.0
93 	 9.614507 		 0.0 		 0.0
94 	 9.614507 		 0.0 		 0.0
95 	 2480.976822 		 0.0 		 0.0
96 	 2500.0 		 0.0 		 0.0
 
****************************************************************************************************
 
rtm Post-uplift payments
----------------------------------------------------------------------------------------------------------------------------------------------------
unit 	 generation payment 	 up-FRP payment 	 dw-FRP payment 	pre-up t. payment 	 uplift payments 	 post-up t. payment 	 profit
----------------------------------------------------------------------------------------------------------------------------------------------------
 g1 	 -1567641.243691			 0.000000			 0.000000			 -1567641.243691			 1525909.076849			 -41732.166842		 0.000000
 g2 	 1147007.051222			 0.000000			 0.000000			 1147007.051222			 0.000000			 1147007.051222		 1116886.047264
 g3 	 0.000000			 0.000000			 0.000000			 0.000000			 0.000000			 0.000000		 0.000000
 g4 	 0.000000			 0.000000			 0.000000			 0.000000			 0.000000			 0.000000		 0.000000
 g5 	 0.000000			 0.000000			 0.000000			 0.000000			 0.000000			 0.000000		 0.000000
****************************************************************************************************
 
Total generator payments
----------------------------------------------------------------------------------------------------------------------------------------------------
unit 	 generation payment 	 up-FRP payment 	 dw-FRP payment 	pre-up t. payment 	 uplift payments 	 post-up t. payment 	 profit
----------------------------------------------------------------------------------------------------------------------------------------------------
 g1 	 -1277400.194390			 0.000000			 0.000000			 -1277400.194390			 1525909.076849			 248508.882459		 0.000000
 g2 	 1185312.215741			 0.000000			 0.000000			 1185312.215741			 0.000000			 1185312.215741		 1116886.047264
 g3 	 0.000000			 0.000000			 0.000000			 0.000000			 0.000000			 0.000000		 0.000000
 g4 	 0.000000			 0.000000			 0.000000			 0.000000			 0.000000			 0.000000		 0.000000
 g5 	 0.000000			 0.000000			 0.000000			 0.000000			 0.000000			 0.000000		 0.000000
 
****************************************************************************************************
 
rtm LMP
----------------------------------------------------------------------------------------------------
bus name 	 time 		 LMP
----------------------------------------------------------------------------------------------------
b1 		 1 		 2500.0
b1 		 2 		 2480.976822
b1 		 3 		 9.408671
b1 		 4 		 9.408671
b1 		 5 		 9.408671
b1 		 6 		 9.408671
b1 		 7 		 2500.0
b1 		 8 		 4971.925504
b1 		 9 		 2500.0
b1 		 10 		 9.408671
b1 		 11 		 2500.0
b1 		 12 		 2480.976822
b1 		 13 		 9.408671
b1 		 14 		 2480.976822
b1 		 15 		 2500.0
b1 		 16 		 9.408671
b1 		 17 		 9.408671
b1 		 18 		 9.408671
b1 		 19 		 2500.0
b1 		 20 		 2480.976822
b1 		 21 		 9.408671
b1 		 22 		 9.408671
b1 		 23 		 9.614507
b1 		 24 		 9.614507
b1 		 25 		 9.614507
b1 		 26 		 9.614507
b1 		 27 		 9.614507
b1 		 28 		 2500.0
b1 		 29 		 2480.976822
b1 		 30 		 2480.976822
b1 		 31 		 2500.0
b1 		 32 		 9.614507
b1 		 33 		 9.614507
b1 		 34 		 2500.0
b1 		 35 		 2480.976822
b1 		 36 		 9.614507
b1 		 37 		 9.457625
b1 		 38 		 2480.3565
b1 		 39 		 2500.0
b1 		 40 		 9.614507
b1 		 41 		 2500.0
b1 		 42 		 2480.976822
b1 		 43 		 2480.976822
b1 		 44 		 2500.0
b1 		 45 		 2471.361116
b1 		 46 		 2500.0
b1 		 47 		 9.614507
b1 		 48 		 9.614507
b1 		 49 		 9.614507
b1 		 50 		 24.573019
b1 		 51 		 2500.0
b1 		 52 		 4971.156478
b1 		 53 		 2500.0
b1 		 54 		 9.614507
b1 		 55 		 9.614507
b1 		 56 		 9.614507
b1 		 57 		 18.858301
b1 		 58 		 2500.0
b1 		 59 		 9.614507
b1 		 60 		 2500.0
b1 		 61 		 13.296712
b1 		 62 		 2500.0
b1 		 63 		 9.614507
b1 		 64 		 13.296712
b1 		 65 		 9.614507
b1 		 66 		 2500.0
b1 		 67 		 4958.153915
b1 		 68 		 2500.0
b1 		 69 		 9.614507
b1 		 70 		 11.493892
b1 		 71 		 9.614507
b1 		 72 		 2500.0
b1 		 73 		 2471.450627
b1 		 74 		 9.614507
b1 		 75 		 12.06526
b1 		 76 		 9.614507
b1 		 77 		 9.614507
b1 		 78 		 9.614507
b1 		 79 		 20.81425
b1 		 80 		 9.614507
b1 		 81 		 9.614507
b1 		 82 		 2500.0
b1 		 83 		 4966.826341
b1 		 84 		 2500.0
b1 		 85 		 2500.0
b1 		 86 		 4971.156478
b1 		 87 		 2500.0
b1 		 88 		 13.207997
b1 		 89 		 10.185876
b1 		 90 		 12.636629
b1 		 91 		 9.614507
b1 		 92 		 9.614507
b1 		 93 		 9.614507
b1 		 94 		 9.614507
b1 		 95 		 2480.976822
b1 		 96 		 2500.0
----------------------------------------------------------------------------------------------------
b2 		 1 		 2500.0
b2 		 2 		 2480.976822
b2 		 3 		 9.408671
b2 		 4 		 9.408671
b2 		 5 		 9.408671
b2 		 6 		 9.408671
b2 		 7 		 2500.0
b2 		 8 		 4971.925504
b2 		 9 		 2500.0
b2 		 10 		 9.408671
b2 		 11 		 2500.0
b2 		 12 		 2480.976822
b2 		 13 		 9.408671
b2 		 14 		 2480.976822
b2 		 15 		 2500.0
b2 		 16 		 9.408671
b2 		 17 		 9.408671
b2 		 18 		 9.408671
b2 		 19 		 2500.0
b2 		 20 		 2480.976822
b2 		 21 		 9.408671
b2 		 22 		 9.408671
b2 		 23 		 9.614507
b2 		 24 		 9.614507
b2 		 25 		 9.614507
b2 		 26 		 9.614507
b2 		 27 		 9.614507
b2 		 28 		 2500.0
b2 		 29 		 2480.976822
b2 		 30 		 2480.976822
b2 		 31 		 2500.0
b2 		 32 		 9.614507
b2 		 33 		 9.614507
b2 		 34 		 2500.0
b2 		 35 		 2480.976822
b2 		 36 		 9.614507
b2 		 37 		 9.457625
b2 		 38 		 2480.3565
b2 		 39 		 2500.0
b2 		 40 		 9.614507
b2 		 41 		 2500.0
b2 		 42 		 2480.976822
b2 		 43 		 2480.976822
b2 		 44 		 2500.0
b2 		 45 		 2471.361116
b2 		 46 		 2500.0
b2 		 47 		 9.614507
b2 		 48 		 9.614507
b2 		 49 		 9.614507
b2 		 50 		 24.573019
b2 		 51 		 2500.0
b2 		 52 		 4971.156478
b2 		 53 		 2500.0
b2 		 54 		 9.614507
b2 		 55 		 9.614507
b2 		 56 		 9.614507
b2 		 57 		 18.858301
b2 		 58 		 2500.0
b2 		 59 		 9.614507
b2 		 60 		 2500.0
b2 		 61 		 13.296712
b2 		 62 		 2500.0
b2 		 63 		 9.614507
b2 		 64 		 13.296712
b2 		 65 		 9.614507
b2 		 66 		 2500.0
b2 		 67 		 4958.153915
b2 		 68 		 2500.0
b2 		 69 		 9.614507
b2 		 70 		 11.493892
b2 		 71 		 9.614507
b2 		 72 		 2500.0
b2 		 73 		 2471.450627
b2 		 74 		 9.614507
b2 		 75 		 12.06526
b2 		 76 		 9.614507
b2 		 77 		 9.614507
b2 		 78 		 9.614507
b2 		 79 		 20.81425
b2 		 80 		 9.614507
b2 		 81 		 9.614507
b2 		 82 		 2500.0
b2 		 83 		 4966.826341
b2 		 84 		 2500.0
b2 		 85 		 2500.0
b2 		 86 		 4971.156478
b2 		 87 		 2500.0
b2 		 88 		 13.207997
b2 		 89 		 10.185876
b2 		 90 		 12.636629
b2 		 91 		 9.614507
b2 		 92 		 9.614507
b2 		 93 		 9.614507
b2 		 94 		 9.614507
b2 		 95 		 2480.976822
b2 		 96 		 2500.0
----------------------------------------------------------------------------------------------------
b3 		 1 		 2500.0
b3 		 2 		 2480.976822
b3 		 3 		 9.408671
b3 		 4 		 9.408671
b3 		 5 		 9.408671
b3 		 6 		 9.408671
b3 		 7 		 2500.0
b3 		 8 		 4971.925504
b3 		 9 		 2500.0
b3 		 10 		 9.408671
b3 		 11 		 2500.0
b3 		 12 		 2480.976822
b3 		 13 		 9.408671
b3 		 14 		 2480.976822
b3 		 15 		 2500.0
b3 		 16 		 9.408671
b3 		 17 		 9.408671
b3 		 18 		 9.408671
b3 		 19 		 2500.0
b3 		 20 		 2480.976822
b3 		 21 		 9.408671
b3 		 22 		 9.408671
b3 		 23 		 9.614507
b3 		 24 		 9.614507
b3 		 25 		 9.614507
b3 		 26 		 9.614507
b3 		 27 		 9.614507
b3 		 28 		 2500.0
b3 		 29 		 2480.976822
b3 		 30 		 2480.976822
b3 		 31 		 2500.0
b3 		 32 		 9.614507
b3 		 33 		 9.614507
b3 		 34 		 2500.0
b3 		 35 		 2480.976822
b3 		 36 		 9.614507
b3 		 37 		 9.457625
b3 		 38 		 2480.3565
b3 		 39 		 2500.0
b3 		 40 		 9.614507
b3 		 41 		 2500.0
b3 		 42 		 2480.976822
b3 		 43 		 2480.976822
b3 		 44 		 2500.0
b3 		 45 		 2471.361116
b3 		 46 		 2500.0
b3 		 47 		 9.614507
b3 		 48 		 9.614507
b3 		 49 		 9.614507
b3 		 50 		 24.573019
b3 		 51 		 2500.0
b3 		 52 		 4971.156478
b3 		 53 		 2500.0
b3 		 54 		 9.614507
b3 		 55 		 9.614507
b3 		 56 		 9.614507
b3 		 57 		 18.858301
b3 		 58 		 2500.0
b3 		 59 		 9.614507
b3 		 60 		 2500.0
b3 		 61 		 13.296712
b3 		 62 		 2500.0
b3 		 63 		 9.614507
b3 		 64 		 13.296712
b3 		 65 		 9.614507
b3 		 66 		 2500.0
b3 		 67 		 4958.153915
b3 		 68 		 2500.0
b3 		 69 		 9.614507
b3 		 70 		 11.493892
b3 		 71 		 9.614507
b3 		 72 		 2500.0
b3 		 73 		 2471.450627
b3 		 74 		 9.614507
b3 		 75 		 12.06526
b3 		 76 		 9.614507
b3 		 77 		 9.614507
b3 		 78 		 9.614507
b3 		 79 		 20.81425
b3 		 80 		 9.614507
b3 		 81 		 9.614507
b3 		 82 		 2500.0
b3 		 83 		 4966.826341
b3 		 84 		 2500.0
b3 		 85 		 2500.0
b3 		 86 		 4971.156478
b3 		 87 		 2500.0
b3 		 88 		 13.207997
b3 		 89 		 10.185876
b3 		 90 		 12.636629
b3 		 91 		 9.614507
b3 		 92 		 9.614507
b3 		 93 		 9.614507
b3 		 94 		 9.614507
b3 		 95 		 2480.976822
b3 		 96 		 2500.0
----------------------------------------------------------------------------------------------------
b4 		 1 		 2500.0
b4 		 2 		 2480.976822
b4 		 3 		 9.408671
b4 		 4 		 9.408671
b4 		 5 		 9.408671
b4 		 6 		 9.408671
b4 		 7 		 2500.0
b4 		 8 		 4971.925504
b4 		 9 		 2500.0
b4 		 10 		 9.408671
b4 		 11 		 2500.0
b4 		 12 		 2480.976822
b4 		 13 		 9.408671
b4 		 14 		 2480.976822
b4 		 15 		 2500.0
b4 		 16 		 9.408671
b4 		 17 		 9.408671
b4 		 18 		 9.408671
b4 		 19 		 2500.0
b4 		 20 		 2480.976822
b4 		 21 		 9.408671
b4 		 22 		 9.408671
b4 		 23 		 9.614507
b4 		 24 		 9.614507
b4 		 25 		 9.614507
b4 		 26 		 9.614507
b4 		 27 		 9.614507
b4 		 28 		 2500.0
b4 		 29 		 2480.976822
b4 		 30 		 2480.976822
b4 		 31 		 2500.0
b4 		 32 		 9.614507
b4 		 33 		 9.614507
b4 		 34 		 2500.0
b4 		 35 		 2480.976822
b4 		 36 		 9.614507
b4 		 37 		 9.457625
b4 		 38 		 2480.3565
b4 		 39 		 2500.0
b4 		 40 		 9.614507
b4 		 41 		 2500.0
b4 		 42 		 2480.976822
b4 		 43 		 2480.976822
b4 		 44 		 2500.0
b4 		 45 		 2471.361116
b4 		 46 		 2500.0
b4 		 47 		 9.614507
b4 		 48 		 9.614507
b4 		 49 		 9.614507
b4 		 50 		 24.573019
b4 		 51 		 2500.0
b4 		 52 		 4971.156478
b4 		 53 		 2500.0
b4 		 54 		 9.614507
b4 		 55 		 9.614507
b4 		 56 		 9.614507
b4 		 57 		 18.858301
b4 		 58 		 2500.0
b4 		 59 		 9.614507
b4 		 60 		 2500.0
b4 		 61 		 13.296712
b4 		 62 		 2500.0
b4 		 63 		 9.614507
b4 		 64 		 13.296712
b4 		 65 		 9.614507
b4 		 66 		 2500.0
b4 		 67 		 4958.153915
b4 		 68 		 2500.0
b4 		 69 		 9.614507
b4 		 70 		 11.493892
b4 		 71 		 9.614507
b4 		 72 		 2500.0
b4 		 73 		 2471.450627
b4 		 74 		 9.614507
b4 		 75 		 12.06526
b4 		 76 		 9.614507
b4 		 77 		 9.614507
b4 		 78 		 9.614507
b4 		 79 		 20.81425
b4 		 80 		 9.614507
b4 		 81 		 9.614507
b4 		 82 		 2500.0
b4 		 83 		 4966.826341
b4 		 84 		 2500.0
b4 		 85 		 2500.0
b4 		 86 		 4971.156478
b4 		 87 		 2500.0
b4 		 88 		 13.207997
b4 		 89 		 10.185876
b4 		 90 		 12.636629
b4 		 91 		 9.614507
b4 		 92 		 9.614507
b4 		 93 		 9.614507
b4 		 94 		 9.614507
b4 		 95 		 2480.976822
b4 		 96 		 2500.0
----------------------------------------------------------------------------------------------------
b5 		 1 		 2500.0
b5 		 2 		 2480.976822
b5 		 3 		 9.408671
b5 		 4 		 9.408671
b5 		 5 		 9.408671
b5 		 6 		 9.408671
b5 		 7 		 2500.0
b5 		 8 		 4971.925504
b5 		 9 		 2500.0
b5 		 10 		 9.408671
b5 		 11 		 2500.0
b5 		 12 		 2480.976822
b5 		 13 		 9.408671
b5 		 14 		 2480.976822
b5 		 15 		 2500.0
b5 		 16 		 9.408671
b5 		 17 		 9.408671
b5 		 18 		 9.408671
b5 		 19 		 2500.0
b5 		 20 		 2480.976822
b5 		 21 		 9.408671
b5 		 22 		 9.408671
b5 		 23 		 9.614507
b5 		 24 		 9.614507
b5 		 25 		 9.614507
b5 		 26 		 9.614507
b5 		 27 		 9.614507
b5 		 28 		 2500.0
b5 		 29 		 2480.976822
b5 		 30 		 2480.976822
b5 		 31 		 2500.0
b5 		 32 		 9.614507
b5 		 33 		 9.614507
b5 		 34 		 2500.0
b5 		 35 		 2480.976822
b5 		 36 		 9.614507
b5 		 37 		 9.457625
b5 		 38 		 2480.3565
b5 		 39 		 2500.0
b5 		 40 		 9.614507
b5 		 41 		 2500.0
b5 		 42 		 2480.976822
b5 		 43 		 2480.976822
b5 		 44 		 2500.0
b5 		 45 		 2471.361116
b5 		 46 		 2500.0
b5 		 47 		 9.614507
b5 		 48 		 9.614507
b5 		 49 		 9.614507
b5 		 50 		 24.573019
b5 		 51 		 2500.0
b5 		 52 		 4971.156478
b5 		 53 		 2500.0
b5 		 54 		 9.614507
b5 		 55 		 9.614507
b5 		 56 		 9.614507
b5 		 57 		 18.858301
b5 		 58 		 2500.0
b5 		 59 		 9.614507
b5 		 60 		 2500.0
b5 		 61 		 13.296712
b5 		 62 		 2500.0
b5 		 63 		 9.614507
b5 		 64 		 13.296712
b5 		 65 		 9.614507
b5 		 66 		 2500.0
b5 		 67 		 4958.153915
b5 		 68 		 2500.0
b5 		 69 		 9.614507
b5 		 70 		 11.493892
b5 		 71 		 9.614507
b5 		 72 		 2500.0
b5 		 73 		 2471.450627
b5 		 74 		 9.614507
b5 		 75 		 12.06526
b5 		 76 		 9.614507
b5 		 77 		 9.614507
b5 		 78 		 9.614507
b5 		 79 		 20.81425
b5 		 80 		 9.614507
b5 		 81 		 9.614507
b5 		 82 		 2500.0
b5 		 83 		 4966.826341
b5 		 84 		 2500.0
b5 		 85 		 2500.0
b5 		 86 		 4971.156478
b5 		 87 		 2500.0
b5 		 88 		 13.207997
b5 		 89 		 10.185876
b5 		 90 		 12.636629
b5 		 91 		 9.614507
b5 		 92 		 9.614507
b5 		 93 		 9.614507
b5 		 94 		 9.614507
b5 		 95 		 2480.976822
b5 		 96 		 2500.0
----------------------------------------------------------------------------------------------------
b6 		 1 		 2500.0
b6 		 2 		 2480.976822
b6 		 3 		 9.408671
b6 		 4 		 9.408671
b6 		 5 		 9.408671
b6 		 6 		 9.408671
b6 		 7 		 2500.0
b6 		 8 		 4971.925504
b6 		 9 		 2500.0
b6 		 10 		 9.408671
b6 		 11 		 2500.0
b6 		 12 		 2480.976822
b6 		 13 		 9.408671
b6 		 14 		 2480.976822
b6 		 15 		 2500.0
b6 		 16 		 9.408671
b6 		 17 		 9.408671
b6 		 18 		 9.408671
b6 		 19 		 2500.0
b6 		 20 		 2480.976822
b6 		 21 		 9.408671
b6 		 22 		 9.408671
b6 		 23 		 9.614507
b6 		 24 		 9.614507
b6 		 25 		 9.614507
b6 		 26 		 9.614507
b6 		 27 		 9.614507
b6 		 28 		 2500.0
b6 		 29 		 2480.976822
b6 		 30 		 2480.976822
b6 		 31 		 2500.0
b6 		 32 		 9.614507
b6 		 33 		 9.614507
b6 		 34 		 2500.0
b6 		 35 		 2480.976822
b6 		 36 		 9.614507
b6 		 37 		 9.457625
b6 		 38 		 2480.3565
b6 		 39 		 2500.0
b6 		 40 		 9.614507
b6 		 41 		 2500.0
b6 		 42 		 2480.976822
b6 		 43 		 2480.976822
b6 		 44 		 2500.0
b6 		 45 		 2471.361116
b6 		 46 		 2500.0
b6 		 47 		 9.614507
b6 		 48 		 9.614507
b6 		 49 		 9.614507
b6 		 50 		 24.573019
b6 		 51 		 2500.0
b6 		 52 		 4971.156478
b6 		 53 		 2500.0
b6 		 54 		 9.614507
b6 		 55 		 9.614507
b6 		 56 		 9.614507
b6 		 57 		 18.858301
b6 		 58 		 2500.0
b6 		 59 		 9.614507
b6 		 60 		 2500.0
b6 		 61 		 13.296712
b6 		 62 		 2500.0
b6 		 63 		 9.614507
b6 		 64 		 13.296712
b6 		 65 		 9.614507
b6 		 66 		 2500.0
b6 		 67 		 4958.153915
b6 		 68 		 2500.0
b6 		 69 		 9.614507
b6 		 70 		 11.493892
b6 		 71 		 9.614507
b6 		 72 		 2500.0
b6 		 73 		 2471.450627
b6 		 74 		 9.614507
b6 		 75 		 12.06526
b6 		 76 		 9.614507
b6 		 77 		 9.614507
b6 		 78 		 9.614507
b6 		 79 		 20.81425
b6 		 80 		 9.614507
b6 		 81 		 9.614507
b6 		 82 		 2500.0
b6 		 83 		 4966.826341
b6 		 84 		 2500.0
b6 		 85 		 2500.0
b6 		 86 		 4971.156478
b6 		 87 		 2500.0
b6 		 88 		 13.207997
b6 		 89 		 10.185876
b6 		 90 		 12.636629
b6 		 91 		 9.614507
b6 		 92 		 9.614507
b6 		 93 		 9.614507
b6 		 94 		 9.614507
b6 		 95 		 2480.976822
b6 		 96 		 2500.0
----------------------------------------------------------------------------------------------------
b7 		 1 		 2500.0
b7 		 2 		 2480.976822
b7 		 3 		 9.408671
b7 		 4 		 9.408671
b7 		 5 		 9.408671
b7 		 6 		 9.408671
b7 		 7 		 2500.0
b7 		 8 		 4971.925504
b7 		 9 		 2500.0
b7 		 10 		 9.408671
b7 		 11 		 2500.0
b7 		 12 		 2480.976822
b7 		 13 		 9.408671
b7 		 14 		 2480.976822
b7 		 15 		 2500.0
b7 		 16 		 9.408671
b7 		 17 		 9.408671
b7 		 18 		 9.408671
b7 		 19 		 2500.0
b7 		 20 		 2480.976822
b7 		 21 		 9.408671
b7 		 22 		 9.408671
b7 		 23 		 9.614507
b7 		 24 		 9.614507
b7 		 25 		 9.614507
b7 		 26 		 9.614507
b7 		 27 		 9.614507
b7 		 28 		 2500.0
b7 		 29 		 2480.976822
b7 		 30 		 2480.976822
b7 		 31 		 2500.0
b7 		 32 		 9.614507
b7 		 33 		 9.614507
b7 		 34 		 2500.0
b7 		 35 		 2480.976822
b7 		 36 		 9.614507
b7 		 37 		 9.457625
b7 		 38 		 2480.3565
b7 		 39 		 2500.0
b7 		 40 		 9.614507
b7 		 41 		 2500.0
b7 		 42 		 2480.976822
b7 		 43 		 2480.976822
b7 		 44 		 2500.0
b7 		 45 		 2471.361116
b7 		 46 		 2500.0
b7 		 47 		 9.614507
b7 		 48 		 9.614507
b7 		 49 		 9.614507
b7 		 50 		 24.573019
b7 		 51 		 2500.0
b7 		 52 		 4971.156478
b7 		 53 		 2500.0
b7 		 54 		 9.614507
b7 		 55 		 9.614507
b7 		 56 		 9.614507
b7 		 57 		 18.858301
b7 		 58 		 2500.0
b7 		 59 		 9.614507
b7 		 60 		 2500.0
b7 		 61 		 13.296712
b7 		 62 		 2500.0
b7 		 63 		 9.614507
b7 		 64 		 13.296712
b7 		 65 		 9.614507
b7 		 66 		 2500.0
b7 		 67 		 4958.153915
b7 		 68 		 2500.0
b7 		 69 		 9.614507
b7 		 70 		 11.493892
b7 		 71 		 9.614507
b7 		 72 		 2500.0
b7 		 73 		 2471.450627
b7 		 74 		 9.614507
b7 		 75 		 12.06526
b7 		 76 		 9.614507
b7 		 77 		 9.614507
b7 		 78 		 9.614507
b7 		 79 		 20.81425
b7 		 80 		 9.614507
b7 		 81 		 9.614507
b7 		 82 		 2500.0
b7 		 83 		 4966.826341
b7 		 84 		 2500.0
b7 		 85 		 2500.0
b7 		 86 		 4971.156478
b7 		 87 		 2500.0
b7 		 88 		 13.207997
b7 		 89 		 10.185876
b7 		 90 		 12.636629
b7 		 91 		 9.614507
b7 		 92 		 9.614507
b7 		 93 		 9.614507
b7 		 94 		 9.614507
b7 		 95 		 2480.976822
b7 		 96 		 2500.0
----------------------------------------------------------------------------------------------------
b8 		 1 		 2500.0
b8 		 2 		 2480.976822
b8 		 3 		 9.408671
b8 		 4 		 9.408671
b8 		 5 		 9.408671
b8 		 6 		 9.408671
b8 		 7 		 2500.0
b8 		 8 		 4971.925504
b8 		 9 		 2500.0
b8 		 10 		 9.408671
b8 		 11 		 2500.0
b8 		 12 		 2480.976822
b8 		 13 		 9.408671
b8 		 14 		 2480.976822
b8 		 15 		 2500.0
b8 		 16 		 9.408671
b8 		 17 		 9.408671
b8 		 18 		 9.408671
b8 		 19 		 2500.0
b8 		 20 		 2480.976822
b8 		 21 		 9.408671
b8 		 22 		 9.408671
b8 		 23 		 9.614507
b8 		 24 		 9.614507
b8 		 25 		 9.614507
b8 		 26 		 9.614507
b8 		 27 		 9.614507
b8 		 28 		 2500.0
b8 		 29 		 2480.976822
b8 		 30 		 2480.976822
b8 		 31 		 2500.0
b8 		 32 		 9.614507
b8 		 33 		 9.614507
b8 		 34 		 2500.0
b8 		 35 		 2480.976822
b8 		 36 		 9.614507
b8 		 37 		 9.457625
b8 		 38 		 2480.3565
b8 		 39 		 2500.0
b8 		 40 		 9.614507
b8 		 41 		 2500.0
b8 		 42 		 2480.976822
b8 		 43 		 2480.976822
b8 		 44 		 2500.0
b8 		 45 		 2471.361116
b8 		 46 		 2500.0
b8 		 47 		 9.614507
b8 		 48 		 9.614507
b8 		 49 		 9.614507
b8 		 50 		 24.573019
b8 		 51 		 2500.0
b8 		 52 		 4971.156478
b8 		 53 		 2500.0
b8 		 54 		 9.614507
b8 		 55 		 9.614507
b8 		 56 		 9.614507
b8 		 57 		 18.858301
b8 		 58 		 2500.0
b8 		 59 		 9.614507
b8 		 60 		 2500.0
b8 		 61 		 13.296712
b8 		 62 		 2500.0
b8 		 63 		 9.614507
b8 		 64 		 13.296712
b8 		 65 		 9.614507
b8 		 66 		 2500.0
b8 		 67 		 4958.153915
b8 		 68 		 2500.0
b8 		 69 		 9.614507
b8 		 70 		 11.493892
b8 		 71 		 9.614507
b8 		 72 		 2500.0
b8 		 73 		 2471.450627
b8 		 74 		 9.614507
b8 		 75 		 12.06526
b8 		 76 		 9.614507
b8 		 77 		 9.614507
b8 		 78 		 9.614507
b8 		 79 		 20.81425
b8 		 80 		 9.614507
b8 		 81 		 9.614507
b8 		 82 		 2500.0
b8 		 83 		 4966.826341
b8 		 84 		 2500.0
b8 		 85 		 2500.0
b8 		 86 		 4971.156478
b8 		 87 		 2500.0
b8 		 88 		 13.207997
b8 		 89 		 10.185876
b8 		 90 		 12.636629
b8 		 91 		 9.614507
b8 		 92 		 9.614507
b8 		 93 		 9.614507
b8 		 94 		 9.614507
b8 		 95 		 2480.976822
b8 		 96 		 2500.0
----------------------------------------------------------------------------------------------------
b9 		 1 		 2500.0
b9 		 2 		 2480.976822
b9 		 3 		 9.408671
b9 		 4 		 9.408671
b9 		 5 		 9.408671
b9 		 6 		 9.408671
b9 		 7 		 2500.0
b9 		 8 		 4971.925504
b9 		 9 		 2500.0
b9 		 10 		 9.408671
b9 		 11 		 2500.0
b9 		 12 		 2480.976822
b9 		 13 		 9.408671
b9 		 14 		 2480.976822
b9 		 15 		 2500.0
b9 		 16 		 9.408671
b9 		 17 		 9.408671
b9 		 18 		 9.408671
b9 		 19 		 2500.0
b9 		 20 		 2480.976822
b9 		 21 		 9.408671
b9 		 22 		 9.408671
b9 		 23 		 9.614507
b9 		 24 		 9.614507
b9 		 25 		 9.614507
b9 		 26 		 9.614507
b9 		 27 		 9.614507
b9 		 28 		 2500.0
b9 		 29 		 2480.976822
b9 		 30 		 2480.976822
b9 		 31 		 2500.0
b9 		 32 		 9.614507
b9 		 33 		 9.614507
b9 		 34 		 2500.0
b9 		 35 		 2480.976822
b9 		 36 		 9.614507
b9 		 37 		 9.457625
b9 		 38 		 2480.3565
b9 		 39 		 2500.0
b9 		 40 		 9.614507
b9 		 41 		 2500.0
b9 		 42 		 2480.976822
b9 		 43 		 2480.976822
b9 		 44 		 2500.0
b9 		 45 		 2471.361116
b9 		 46 		 2500.0
b9 		 47 		 9.614507
b9 		 48 		 9.614507
b9 		 49 		 9.614507
b9 		 50 		 24.573019
b9 		 51 		 2500.0
b9 		 52 		 4971.156478
b9 		 53 		 2500.0
b9 		 54 		 9.614507
b9 		 55 		 9.614507
b9 		 56 		 9.614507
b9 		 57 		 18.858301
b9 		 58 		 2500.0
b9 		 59 		 9.614507
b9 		 60 		 2500.0
b9 		 61 		 13.296712
b9 		 62 		 2500.0
b9 		 63 		 9.614507
b9 		 64 		 13.296712
b9 		 65 		 9.614507
b9 		 66 		 2500.0
b9 		 67 		 4958.153915
b9 		 68 		 2500.0
b9 		 69 		 9.614507
b9 		 70 		 11.493892
b9 		 71 		 9.614507
b9 		 72 		 2500.0
b9 		 73 		 2471.450627
b9 		 74 		 9.614507
b9 		 75 		 12.06526
b9 		 76 		 9.614507
b9 		 77 		 9.614507
b9 		 78 		 9.614507
b9 		 79 		 20.81425
b9 		 80 		 9.614507
b9 		 81 		 9.614507
b9 		 82 		 2500.0
b9 		 83 		 4966.826341
b9 		 84 		 2500.0
b9 		 85 		 2500.0
b9 		 86 		 4971.156478
b9 		 87 		 2500.0
b9 		 88 		 13.207997
b9 		 89 		 10.185876
b9 		 90 		 12.636629
b9 		 91 		 9.614507
b9 		 92 		 9.614507
b9 		 93 		 9.614507
b9 		 94 		 9.614507
b9 		 95 		 2480.976822
b9 		 96 		 2500.0
----------------------------------------------------------------------------------------------------
b10 		 1 		 2500.0
b10 		 2 		 2480.976822
b10 		 3 		 9.408671
b10 		 4 		 9.408671
b10 		 5 		 9.408671
b10 		 6 		 9.408671
b10 		 7 		 2500.0
b10 		 8 		 4971.925504
b10 		 9 		 2500.0
b10 		 10 		 9.408671
b10 		 11 		 2500.0
b10 		 12 		 2480.976822
b10 		 13 		 9.408671
b10 		 14 		 2480.976822
b10 		 15 		 2500.0
b10 		 16 		 9.408671
b10 		 17 		 9.408671
b10 		 18 		 9.408671
b10 		 19 		 2500.0
b10 		 20 		 2480.976822
b10 		 21 		 9.408671
b10 		 22 		 9.408671
b10 		 23 		 9.614507
b10 		 24 		 9.614507
b10 		 25 		 9.614507
b10 		 26 		 9.614507
b10 		 27 		 9.614507
b10 		 28 		 2500.0
b10 		 29 		 2480.976822
b10 		 30 		 2480.976822
b10 		 31 		 2500.0
b10 		 32 		 9.614507
b10 		 33 		 9.614507
b10 		 34 		 2500.0
b10 		 35 		 2480.976822
b10 		 36 		 9.614507
b10 		 37 		 9.457625
b10 		 38 		 2480.3565
b10 		 39 		 2500.0
b10 		 40 		 9.614507
b10 		 41 		 2500.0
b10 		 42 		 2480.976822
b10 		 43 		 2480.976822
b10 		 44 		 2500.0
b10 		 45 		 2471.361116
b10 		 46 		 2500.0
b10 		 47 		 9.614507
b10 		 48 		 9.614507
b10 		 49 		 9.614507
b10 		 50 		 24.573019
b10 		 51 		 2500.0
b10 		 52 		 4971.156478
b10 		 53 		 2500.0
b10 		 54 		 9.614507
b10 		 55 		 9.614507
b10 		 56 		 9.614507
b10 		 57 		 18.858301
b10 		 58 		 2500.0
b10 		 59 		 9.614507
b10 		 60 		 2500.0
b10 		 61 		 13.296712
b10 		 62 		 2500.0
b10 		 63 		 9.614507
b10 		 64 		 13.296712
b10 		 65 		 9.614507
b10 		 66 		 2500.0
b10 		 67 		 4958.153915
b10 		 68 		 2500.0
b10 		 69 		 9.614507
b10 		 70 		 11.493892
b10 		 71 		 9.614507
b10 		 72 		 2500.0
b10 		 73 		 2471.450627
b10 		 74 		 9.614507
b10 		 75 		 12.06526
b10 		 76 		 9.614507
b10 		 77 		 9.614507
b10 		 78 		 9.614507
b10 		 79 		 20.81425
b10 		 80 		 9.614507
b10 		 81 		 9.614507
b10 		 82 		 2500.0
b10 		 83 		 4966.826341
b10 		 84 		 2500.0
b10 		 85 		 2500.0
b10 		 86 		 4971.156478
b10 		 87 		 2500.0
b10 		 88 		 13.207997
b10 		 89 		 10.185876
b10 		 90 		 12.636629
b10 		 91 		 9.614507
b10 		 92 		 9.614507
b10 		 93 		 9.614507
b10 		 94 		 9.614507
b10 		 95 		 2480.976822
b10 		 96 		 2500.0
----------------------------------------------------------------------------------------------------
b11 		 1 		 2500.0
b11 		 2 		 2480.976822
b11 		 3 		 9.408671
b11 		 4 		 9.408671
b11 		 5 		 9.408671
b11 		 6 		 9.408671
b11 		 7 		 2500.0
b11 		 8 		 4971.925504
b11 		 9 		 2500.0
b11 		 10 		 9.408671
b11 		 11 		 2500.0
b11 		 12 		 2480.976822
b11 		 13 		 9.408671
b11 		 14 		 2480.976822
b11 		 15 		 2500.0
b11 		 16 		 9.408671
b11 		 17 		 9.408671
b11 		 18 		 9.408671
b11 		 19 		 2500.0
b11 		 20 		 2480.976822
b11 		 21 		 9.408671
b11 		 22 		 9.408671
b11 		 23 		 9.614507
b11 		 24 		 9.614507
b11 		 25 		 9.614507
b11 		 26 		 9.614507
b11 		 27 		 9.614507
b11 		 28 		 2500.0
b11 		 29 		 2480.976822
b11 		 30 		 2480.976822
b11 		 31 		 2500.0
b11 		 32 		 9.614507
b11 		 33 		 9.614507
b11 		 34 		 2500.0
b11 		 35 		 2480.976822
b11 		 36 		 9.614507
b11 		 37 		 9.457625
b11 		 38 		 2480.3565
b11 		 39 		 2500.0
b11 		 40 		 9.614507
b11 		 41 		 2500.0
b11 		 42 		 2480.976822
b11 		 43 		 2480.976822
b11 		 44 		 2500.0
b11 		 45 		 2471.361116
b11 		 46 		 2500.0
b11 		 47 		 9.614507
b11 		 48 		 9.614507
b11 		 49 		 9.614507
b11 		 50 		 24.573019
b11 		 51 		 2500.0
b11 		 52 		 4971.156478
b11 		 53 		 2500.0
b11 		 54 		 9.614507
b11 		 55 		 9.614507
b11 		 56 		 9.614507
b11 		 57 		 18.858301
b11 		 58 		 2500.0
b11 		 59 		 9.614507
b11 		 60 		 2500.0
b11 		 61 		 13.296712
b11 		 62 		 2500.0
b11 		 63 		 9.614507
b11 		 64 		 13.296712
b11 		 65 		 9.614507
b11 		 66 		 2500.0
b11 		 67 		 4958.153915
b11 		 68 		 2500.0
b11 		 69 		 9.614507
b11 		 70 		 11.493892
b11 		 71 		 9.614507
b11 		 72 		 2500.0
b11 		 73 		 2471.450627
b11 		 74 		 9.614507
b11 		 75 		 12.06526
b11 		 76 		 9.614507
b11 		 77 		 9.614507
b11 		 78 		 9.614507
b11 		 79 		 20.81425
b11 		 80 		 9.614507
b11 		 81 		 9.614507
b11 		 82 		 2500.0
b11 		 83 		 4966.826341
b11 		 84 		 2500.0
b11 		 85 		 2500.0
b11 		 86 		 4971.156478
b11 		 87 		 2500.0
b11 		 88 		 13.207997
b11 		 89 		 10.185876
b11 		 90 		 12.636629
b11 		 91 		 9.614507
b11 		 92 		 9.614507
b11 		 93 		 9.614507
b11 		 94 		 9.614507
b11 		 95 		 2480.976822
b11 		 96 		 2500.0
----------------------------------------------------------------------------------------------------
b12 		 1 		 2500.0
b12 		 2 		 2480.976822
b12 		 3 		 9.408671
b12 		 4 		 9.408671
b12 		 5 		 9.408671
b12 		 6 		 9.408671
b12 		 7 		 2500.0
b12 		 8 		 4971.925504
b12 		 9 		 2500.0
b12 		 10 		 9.408671
b12 		 11 		 2500.0
b12 		 12 		 2480.976822
b12 		 13 		 9.408671
b12 		 14 		 2480.976822
b12 		 15 		 2500.0
b12 		 16 		 9.408671
b12 		 17 		 9.408671
b12 		 18 		 9.408671
b12 		 19 		 2500.0
b12 		 20 		 2480.976822
b12 		 21 		 9.408671
b12 		 22 		 9.408671
b12 		 23 		 9.614507
b12 		 24 		 9.614507
b12 		 25 		 9.614507
b12 		 26 		 9.614507
b12 		 27 		 9.614507
b12 		 28 		 2500.0
b12 		 29 		 2480.976822
b12 		 30 		 2480.976822
b12 		 31 		 2500.0
b12 		 32 		 9.614507
b12 		 33 		 9.614507
b12 		 34 		 2500.0
b12 		 35 		 2480.976822
b12 		 36 		 9.614507
b12 		 37 		 9.457625
b12 		 38 		 2480.3565
b12 		 39 		 2500.0
b12 		 40 		 9.614507
b12 		 41 		 2500.0
b12 		 42 		 2480.976822
b12 		 43 		 2480.976822
b12 		 44 		 2500.0
b12 		 45 		 2471.361116
b12 		 46 		 2500.0
b12 		 47 		 9.614507
b12 		 48 		 9.614507
b12 		 49 		 9.614507
b12 		 50 		 24.573019
b12 		 51 		 2500.0
b12 		 52 		 4971.156478
b12 		 53 		 2500.0
b12 		 54 		 9.614507
b12 		 55 		 9.614507
b12 		 56 		 9.614507
b12 		 57 		 18.858301
b12 		 58 		 2500.0
b12 		 59 		 9.614507
b12 		 60 		 2500.0
b12 		 61 		 13.296712
b12 		 62 		 2500.0
b12 		 63 		 9.614507
b12 		 64 		 13.296712
b12 		 65 		 9.614507
b12 		 66 		 2500.0
b12 		 67 		 4958.153915
b12 		 68 		 2500.0
b12 		 69 		 9.614507
b12 		 70 		 11.493892
b12 		 71 		 9.614507
b12 		 72 		 2500.0
b12 		 73 		 2471.450627
b12 		 74 		 9.614507
b12 		 75 		 12.06526
b12 		 76 		 9.614507
b12 		 77 		 9.614507
b12 		 78 		 9.614507
b12 		 79 		 20.81425
b12 		 80 		 9.614507
b12 		 81 		 9.614507
b12 		 82 		 2500.0
b12 		 83 		 4966.826341
b12 		 84 		 2500.0
b12 		 85 		 2500.0
b12 		 86 		 4971.156478
b12 		 87 		 2500.0
b12 		 88 		 13.207997
b12 		 89 		 10.185876
b12 		 90 		 12.636629
b12 		 91 		 9.614507
b12 		 92 		 9.614507
b12 		 93 		 9.614507
b12 		 94 		 9.614507
b12 		 95 		 2480.976822
b12 		 96 		 2500.0
----------------------------------------------------------------------------------------------------
b13 		 1 		 2500.0
b13 		 2 		 2480.976822
b13 		 3 		 9.408671
b13 		 4 		 9.408671
b13 		 5 		 9.408671
b13 		 6 		 9.408671
b13 		 7 		 2500.0
b13 		 8 		 4971.925504
b13 		 9 		 2500.0
b13 		 10 		 9.408671
b13 		 11 		 2500.0
b13 		 12 		 2480.976822
b13 		 13 		 9.408671
b13 		 14 		 2480.976822
b13 		 15 		 2500.0
b13 		 16 		 9.408671
b13 		 17 		 9.408671
b13 		 18 		 9.408671
b13 		 19 		 2500.0
b13 		 20 		 2480.976822
b13 		 21 		 9.408671
b13 		 22 		 9.408671
b13 		 23 		 9.614507
b13 		 24 		 9.614507
b13 		 25 		 9.614507
b13 		 26 		 9.614507
b13 		 27 		 9.614507
b13 		 28 		 2500.0
b13 		 29 		 2480.976822
b13 		 30 		 2480.976822
b13 		 31 		 2500.0
b13 		 32 		 9.614507
b13 		 33 		 9.614507
b13 		 34 		 2500.0
b13 		 35 		 2480.976822
b13 		 36 		 9.614507
b13 		 37 		 9.457625
b13 		 38 		 2480.3565
b13 		 39 		 2500.0
b13 		 40 		 9.614507
b13 		 41 		 2500.0
b13 		 42 		 2480.976822
b13 		 43 		 2480.976822
b13 		 44 		 2500.0
b13 		 45 		 2471.361116
b13 		 46 		 2500.0
b13 		 47 		 9.614507
b13 		 48 		 9.614507
b13 		 49 		 9.614507
b13 		 50 		 24.573019
b13 		 51 		 2500.0
b13 		 52 		 4971.156478
b13 		 53 		 2500.0
b13 		 54 		 9.614507
b13 		 55 		 9.614507
b13 		 56 		 9.614507
b13 		 57 		 18.858301
b13 		 58 		 2500.0
b13 		 59 		 9.614507
b13 		 60 		 2500.0
b13 		 61 		 13.296712
b13 		 62 		 2500.0
b13 		 63 		 9.614507
b13 		 64 		 13.296712
b13 		 65 		 9.614507
b13 		 66 		 2500.0
b13 		 67 		 4958.153915
b13 		 68 		 2500.0
b13 		 69 		 9.614507
b13 		 70 		 11.493892
b13 		 71 		 9.614507
b13 		 72 		 2500.0
b13 		 73 		 2471.450627
b13 		 74 		 9.614507
b13 		 75 		 12.06526
b13 		 76 		 9.614507
b13 		 77 		 9.614507
b13 		 78 		 9.614507
b13 		 79 		 20.81425
b13 		 80 		 9.614507
b13 		 81 		 9.614507
b13 		 82 		 2500.0
b13 		 83 		 4966.826341
b13 		 84 		 2500.0
b13 		 85 		 2500.0
b13 		 86 		 4971.156478
b13 		 87 		 2500.0
b13 		 88 		 13.207997
b13 		 89 		 10.185876
b13 		 90 		 12.636629
b13 		 91 		 9.614507
b13 		 92 		 9.614507
b13 		 93 		 9.614507
b13 		 94 		 9.614507
b13 		 95 		 2480.976822
b13 		 96 		 2500.0
----------------------------------------------------------------------------------------------------
b14 		 1 		 2500.0
b14 		 2 		 2480.976822
b14 		 3 		 9.408671
b14 		 4 		 9.408671
b14 		 5 		 9.408671
b14 		 6 		 9.408671
b14 		 7 		 2500.0
b14 		 8 		 4971.925504
b14 		 9 		 2500.0
b14 		 10 		 9.408671
b14 		 11 		 2500.0
b14 		 12 		 2480.976822
b14 		 13 		 9.408671
b14 		 14 		 2480.976822
b14 		 15 		 2500.0
b14 		 16 		 9.408671
b14 		 17 		 9.408671
b14 		 18 		 9.408671
b14 		 19 		 2500.0
b14 		 20 		 2480.976822
b14 		 21 		 9.408671
b14 		 22 		 9.408671
b14 		 23 		 9.614507
b14 		 24 		 9.614507
b14 		 25 		 9.614507
b14 		 26 		 9.614507
b14 		 27 		 9.614507
b14 		 28 		 2500.0
b14 		 29 		 2480.976822
b14 		 30 		 2480.976822
b14 		 31 		 2500.0
b14 		 32 		 9.614507
b14 		 33 		 9.614507
b14 		 34 		 2500.0
b14 		 35 		 2480.976822
b14 		 36 		 9.614507
b14 		 37 		 9.457625
b14 		 38 		 2480.3565
b14 		 39 		 2500.0
b14 		 40 		 9.614507
b14 		 41 		 2500.0
b14 		 42 		 2480.976822
b14 		 43 		 2480.976822
b14 		 44 		 2500.0
b14 		 45 		 2471.361116
b14 		 46 		 2500.0
b14 		 47 		 9.614507
b14 		 48 		 9.614507
b14 		 49 		 9.614507
b14 		 50 		 24.573019
b14 		 51 		 2500.0
b14 		 52 		 4971.156478
b14 		 53 		 2500.0
b14 		 54 		 9.614507
b14 		 55 		 9.614507
b14 		 56 		 9.614507
b14 		 57 		 18.858301
b14 		 58 		 2500.0
b14 		 59 		 9.614507
b14 		 60 		 2500.0
b14 		 61 		 13.296712
b14 		 62 		 2500.0
b14 		 63 		 9.614507
b14 		 64 		 13.296712
b14 		 65 		 9.614507
b14 		 66 		 2500.0
b14 		 67 		 4958.153915
b14 		 68 		 2500.0
b14 		 69 		 9.614507
b14 		 70 		 11.493892
b14 		 71 		 9.614507
b14 		 72 		 2500.0
b14 		 73 		 2471.450627
b14 		 74 		 9.614507
b14 		 75 		 12.06526
b14 		 76 		 9.614507
b14 		 77 		 9.614507
b14 		 78 		 9.614507
b14 		 79 		 20.81425
b14 		 80 		 9.614507
b14 		 81 		 9.614507
b14 		 82 		 2500.0
b14 		 83 		 4966.826341
b14 		 84 		 2500.0
b14 		 85 		 2500.0
b14 		 86 		 4971.156478
b14 		 87 		 2500.0
b14 		 88 		 13.207997
b14 		 89 		 10.185876
b14 		 90 		 12.636629
b14 		 91 		 9.614507
b14 		 92 		 9.614507
b14 		 93 		 9.614507
b14 		 94 		 9.614507
b14 		 95 		 2480.976822
b14 		 96 		 2500.0
----------------------------------------------------------------------------------------------------
Total overall payments
----------------------------------------------------------------------------------------------------------------------------------------------------
total generation payment 	 total up-FRP payment 	 total dw-FRP payment 	 total pre-up t. payment 	 uplift payment 	 total post-up t. payment 	 profit
----------------------------------------------------------------------------------------------------------------------------------------------------
-92087.97864899981 			 0.0 			 0.0 			 -92087.97864899981			 1.525909076849e6 			 1.4338210982000001e6 			 1.1168860472640002e6
