****************************************************************************************************
 
Generation payment
----------------------------------------------------------------------------------------------------------------
unit	 time 	 generation payment 	 up-FRP payment 	 dw-FRP payment 	pre-up total payment
----------------------------------------------------------------------------------------------------------------
g1	 1 	 80.30026 			 0.0 			 0.0			 80.30026 
g1	 2 	 181.144734 			 0.0 			 0.0			 181.144734 
g1	 3 	 138.172638 			 0.0 			 0.0			 138.172638 
g1	 4 	 97.850568 			 0.0 			 0.0			 97.850568 
g1	 5 	 121.180023 			 0.0 			 0.0			 121.180023 
g1	 6 	 78.362939 			 0.0 			 0.0			 78.362939 
g1	 7 	 154.872276 			 0.0 			 0.0			 154.872276 
g1	 8 	 130.207078 			 0.0 			 0.0			 130.207078 
g1	 9 	 169.407186 			 0.0 			 0.0			 169.407186 
g1	 10 	 72.736384 			 0.0 			 0.0			 72.736384 
g1	 11 	 160.242708 			 0.0 			 0.0			 160.242708 
g1	 12 	 198.746602 			 0.0 			 0.0			 198.746602 
g1	 13 	 105.201389 			 0.0 			 0.0			 105.201389 
g1	 14 	 125.170917 			 0.0 			 0.0			 125.170917 
g1	 15 	 195.938368 			 0.0 			 0.0			 195.938368 
g1	 16 	 191.929841 			 0.0 			 0.0			 191.929841 
g1	 17 	 155.421225 			 0.0 			 0.0			 155.421225 
g1	 18 	 199.674786 			 0.0 			 0.0			 199.674786 
g1	 19 	 158.277932 			 0.0 			 0.0			 158.277932 
g1	 20 	 149.403646 			 0.0 			 0.0			 149.403646 
g1	 21 	 148.657651 			 0.0 			 0.0			 148.657651 
g1	 22 	 198.194671 			 0.0 			 0.0			 198.194671 
g1	 23 	 61.53713 			 0.0 			 0.0			 61.53713 
g1	 24 	 84.075884 			 0.0 			 0.0			 84.075884 
g1	 25 	 162.785391 			 0.0 			 0.0			 162.785391 
g1	 26 	 192.0632 			 0.0 			 0.0			 192.0632 
g1	 27 	 134.374489 			 0.0 			 0.0			 134.374489 
g1	 28 	 176.853716 			 0.0 			 0.0			 176.853716 
g1	 29 	 176.217703 			 0.0 			 0.0			 176.217703 
g1	 30 	 187.275079 			 0.0 			 0.0			 187.275079 
g1	 31 	 54.936226 			 0.0 			 0.0			 54.936226 
g1	 32 	 168.145286 			 0.0 			 0.0			 168.145286 
g1	 33 	 193.531613 			 0.0 			 0.0			 193.531613 
g1	 34 	 224.947928 			 0.0 			 0.0			 224.947928 
g1	 35 	 166.267092 			 0.0 			 0.0			 166.267092 
g1	 36 	 125.40412 			 0.0 			 0.0			 125.40412 
g1	 37 	 195.89858 			 0.0 			 0.0			 195.89858 
g1	 38 	 91.583957 			 0.0 			 0.0			 91.583957 
g1	 39 	 148.724357 			 0.0 			 0.0			 148.724357 
g1	 40 	 127.886519 			 0.0 			 0.0			 127.886519 
g1	 41 	 102.63518 			 0.0 			 0.0			 102.63518 
g1	 42 	 96.861745 			 0.0 			 0.0			 96.861745 
g1	 43 	 223.572506 			 0.0 			 0.0			 223.572506 
g1	 44 	 82.742015 			 0.0 			 0.0			 82.742015 
g1	 45 	 138.178339 			 0.0 			 0.0			 138.178339 
g1	 46 	 186.287169 			 0.0 			 0.0			 186.287169 
g1	 47 	 186.287169 			 0.0 			 0.0			 186.287169 
g1	 48 	 149.920046 			 0.0 			 0.0			 149.920046 
g1	 49 	 200.487051 			 0.0 			 0.0			 200.487051 
g1	 50 	 186.287169 			 0.0 			 0.0			 186.287169 
g1	 51 	 200.487051 			 0.0 			 0.0			 200.487051 
g1	 52 	 186.287169 			 0.0 			 0.0			 186.287169 
g1	 53 	 200.487051 			 0.0 			 0.0			 200.487051 
g1	 54 	 200.487051 			 0.0 			 0.0			 200.487051 
g1	 55 	 200.487051 			 0.0 			 0.0			 200.487051 
g1	 56 	 200.487051 			 0.0 			 0.0			 200.487051 
g1	 57 	 200.487051 			 0.0 			 0.0			 200.487051 
g1	 58 	 200.487051 			 0.0 			 0.0			 200.487051 
g1	 59 	 200.487051 			 0.0 			 0.0			 200.487051 
g1	 60 	 200.487051 			 0.0 			 0.0			 200.487051 
g1	 61 	 200.487051 			 0.0 			 0.0			 200.487051 
g1	 62 	 200.487051 			 0.0 			 0.0			 200.487051 
g1	 63 	 200.487051 			 0.0 			 0.0			 200.487051 
g1	 64 	 250.11708 			 0.0 			 0.0			 250.11708 
g1	 65 	 250.11708 			 0.0 			 0.0			 250.11708 
g1	 66 	 204.080512 			 0.0 			 0.0			 204.080512 
g1	 67 	 296.153632 			 0.0 			 0.0			 296.153632 
g1	 68 	 296.153632 			 0.0 			 0.0			 296.153632 
g1	 69 	 204.080512 			 0.0 			 0.0			 204.080512 
g1	 70 	 200.487051 			 0.0 			 0.0			 200.487051 
g1	 71 	 200.487051 			 0.0 			 0.0			 200.487051 
g1	 72 	 200.487051 			 0.0 			 0.0			 200.487051 
g1	 73 	 214.686933 			 0.0 			 0.0			 214.686933 
g1	 74 	 186.287169 			 0.0 			 0.0			 186.287169 
g1	 75 	 200.487051 			 0.0 			 0.0			 200.487051 
g1	 76 	 200.487051 			 0.0 			 0.0			 200.487051 
g1	 77 	 200.487051 			 0.0 			 0.0			 200.487051 
g1	 78 	 186.287169 			 0.0 			 0.0			 186.287169 
g1	 79 	 186.287169 			 0.0 			 0.0			 186.287169 
g1	 80 	 200.487051 			 0.0 			 0.0			 200.487051 
g1	 81 	 200.487051 			 0.0 			 0.0			 200.487051 
g1	 82 	 186.287169 			 0.0 			 0.0			 186.287169 
g1	 83 	 200.487051 			 0.0 			 0.0			 200.487051 
g1	 84 	 186.287169 			 0.0 			 0.0			 186.287169 
g1	 85 	 250.11708 			 0.0 			 0.0			 250.11708 
g1	 86 	 132.584571 			 0.0 			 0.0			 132.584571 
g1	 87 	 297.699913 			 0.0 			 0.0			 297.699913 
g1	 88 	 110.375213 			 0.0 			 0.0			 110.375213 
g1	 89 	 157.10289 			 0.0 			 0.0			 157.10289 
g1	 90 	 266.712366 			 0.0 			 0.0			 266.712366 
g1	 91 	 326.184351 			 0.0 			 0.0			 326.184351 
g1	 92 	 326.185158 			 0.0 			 0.0			 326.185158 
g1	 93 	 177.515066 			 0.0 			 0.0			 177.515066 
g1	 94 	 156.703292 			 0.0 			 0.0			 156.703292 
g1	 95 	 160.905726 			 0.0 			 0.0			 160.905726 
g1	 96 	 155.207967 			 0.0 			 0.0			 155.207967 
----------------------------------------------------------------------------------------------------
g2	 1 	 0.0 			 0.0 			 0.0			 0.0 
g2	 2 	 0.0 			 0.0 			 0.0			 0.0 
g2	 3 	 0.0 			 0.0 			 0.0			 0.0 
g2	 4 	 0.0 			 0.0 			 0.0			 0.0 
g2	 5 	 0.0 			 0.0 			 0.0			 0.0 
g2	 6 	 0.0 			 0.0 			 0.0			 0.0 
g2	 7 	 0.0 			 0.0 			 0.0			 0.0 
g2	 8 	 0.0 			 0.0 			 0.0			 0.0 
g2	 9 	 0.0 			 0.0 			 0.0			 0.0 
g2	 10 	 0.0 			 0.0 			 0.0			 0.0 
g2	 11 	 0.0 			 0.0 			 0.0			 0.0 
g2	 12 	 0.0 			 0.0 			 0.0			 0.0 
g2	 13 	 0.0 			 0.0 			 0.0			 0.0 
g2	 14 	 0.0 			 0.0 			 0.0			 0.0 
g2	 15 	 0.0 			 0.0 			 0.0			 0.0 
g2	 16 	 0.0 			 0.0 			 0.0			 0.0 
g2	 17 	 0.0 			 0.0 			 0.0			 0.0 
g2	 18 	 0.0 			 0.0 			 0.0			 0.0 
g2	 19 	 0.0 			 0.0 			 0.0			 0.0 
g2	 20 	 0.0 			 0.0 			 0.0			 0.0 
g2	 21 	 0.0 			 0.0 			 0.0			 0.0 
g2	 22 	 0.0 			 0.0 			 0.0			 0.0 
g2	 23 	 0.0 			 0.0 			 0.0			 0.0 
g2	 24 	 0.0 			 0.0 			 0.0			 0.0 
g2	 25 	 0.0 			 0.0 			 0.0			 0.0 
g2	 26 	 0.0 			 0.0 			 0.0			 0.0 
g2	 27 	 0.0 			 0.0 			 0.0			 0.0 
g2	 28 	 0.0 			 0.0 			 0.0			 0.0 
g2	 29 	 0.0 			 0.0 			 0.0			 0.0 
g2	 30 	 0.0 			 0.0 			 0.0			 0.0 
g2	 31 	 0.0 			 0.0 			 0.0			 0.0 
g2	 32 	 0.0 			 0.0 			 0.0			 0.0 
g2	 33 	 0.0 			 0.0 			 0.0			 0.0 
g2	 34 	 0.0 			 0.0 			 0.0			 0.0 
g2	 35 	 0.0 			 0.0 			 0.0			 0.0 
g2	 36 	 0.0 			 0.0 			 0.0			 0.0 
g2	 37 	 0.0 			 0.0 			 0.0			 0.0 
g2	 38 	 0.0 			 0.0 			 0.0			 0.0 
g2	 39 	 0.0 			 0.0 			 0.0			 0.0 
g2	 40 	 0.0 			 0.0 			 0.0			 0.0 
g2	 41 	 0.0 			 0.0 			 0.0			 0.0 
g2	 42 	 0.0 			 0.0 			 0.0			 0.0 
g2	 43 	 0.0 			 0.0 			 0.0			 0.0 
g2	 44 	 0.0 			 0.0 			 0.0			 0.0 
g2	 45 	 0.0 			 0.0 			 0.0			 0.0 
g2	 46 	 0.0 			 0.0 			 0.0			 0.0 
g2	 47 	 0.0 			 0.0 			 0.0			 0.0 
g2	 48 	 0.0 			 0.0 			 0.0			 0.0 
g2	 49 	 0.0 			 0.0 			 0.0			 0.0 
g2	 50 	 0.0 			 0.0 			 0.0			 0.0 
g2	 51 	 0.0 			 0.0 			 0.0			 0.0 
g2	 52 	 0.0 			 0.0 			 0.0			 0.0 
g2	 53 	 0.0 			 0.0 			 0.0			 0.0 
g2	 54 	 0.0 			 0.0 			 0.0			 0.0 
g2	 55 	 0.0 			 0.0 			 0.0			 0.0 
g2	 56 	 0.0 			 0.0 			 0.0			 0.0 
g2	 57 	 0.0 			 0.0 			 0.0			 0.0 
g2	 58 	 0.0 			 0.0 			 0.0			 0.0 
g2	 59 	 0.0 			 0.0 			 0.0			 0.0 
g2	 60 	 0.0 			 0.0 			 0.0			 0.0 
g2	 61 	 0.0 			 0.0 			 0.0			 0.0 
g2	 62 	 0.0 			 0.0 			 0.0			 0.0 
g2	 63 	 0.0 			 0.0 			 0.0			 0.0 
g2	 64 	 0.0 			 0.0 			 0.0			 0.0 
g2	 65 	 0.0 			 0.0 			 0.0			 0.0 
g2	 66 	 0.0 			 0.0 			 0.0			 0.0 
g2	 67 	 0.0 			 0.0 			 0.0			 0.0 
g2	 68 	 0.0 			 0.0 			 0.0			 0.0 
g2	 69 	 0.0 			 0.0 			 0.0			 0.0 
g2	 70 	 0.0 			 0.0 			 0.0			 0.0 
g2	 71 	 0.0 			 0.0 			 0.0			 0.0 
g2	 72 	 0.0 			 0.0 			 0.0			 0.0 
g2	 73 	 0.0 			 0.0 			 0.0			 0.0 
g2	 74 	 0.0 			 0.0 			 0.0			 0.0 
g2	 75 	 0.0 			 0.0 			 0.0			 0.0 
g2	 76 	 0.0 			 0.0 			 0.0			 0.0 
g2	 77 	 0.0 			 0.0 			 0.0			 0.0 
g2	 78 	 0.0 			 0.0 			 0.0			 0.0 
g2	 79 	 0.0 			 0.0 			 0.0			 0.0 
g2	 80 	 0.0 			 0.0 			 0.0			 0.0 
g2	 81 	 0.0 			 0.0 			 0.0			 0.0 
g2	 82 	 0.0 			 0.0 			 0.0			 0.0 
g2	 83 	 0.0 			 0.0 			 0.0			 0.0 
g2	 84 	 0.0 			 0.0 			 0.0			 0.0 
g2	 85 	 0.0 			 0.0 			 0.0			 0.0 
g2	 86 	 0.0 			 0.0 			 0.0			 0.0 
g2	 87 	 0.0 			 0.0 			 0.0			 0.0 
g2	 88 	 0.0 			 0.0 			 0.0			 0.0 
g2	 89 	 0.0 			 0.0 			 0.0			 0.0 
g2	 90 	 0.0 			 0.0 			 0.0			 0.0 
g2	 91 	 0.0 			 0.0 			 0.0			 0.0 
g2	 92 	 0.0 			 0.0 			 0.0			 0.0 
g2	 93 	 0.0 			 0.0 			 0.0			 0.0 
g2	 94 	 0.0 			 0.0 			 0.0			 0.0 
g2	 95 	 0.0 			 0.0 			 0.0			 0.0 
g2	 96 	 0.0 			 0.0 			 0.0			 0.0 
----------------------------------------------------------------------------------------------------
g3	 1 	 0.0 			 0.0 			 0.0			 0.0 
g3	 2 	 0.0 			 0.0 			 0.0			 0.0 
g3	 3 	 0.0 			 0.0 			 0.0			 0.0 
g3	 4 	 0.0 			 0.0 			 0.0			 0.0 
g3	 5 	 0.0 			 0.0 			 0.0			 0.0 
g3	 6 	 0.0 			 0.0 			 0.0			 0.0 
g3	 7 	 0.0 			 0.0 			 0.0			 0.0 
g3	 8 	 0.0 			 0.0 			 0.0			 0.0 
g3	 9 	 0.0 			 0.0 			 0.0			 0.0 
g3	 10 	 0.0 			 0.0 			 0.0			 0.0 
g3	 11 	 0.0 			 0.0 			 0.0			 0.0 
g3	 12 	 0.0 			 0.0 			 0.0			 0.0 
g3	 13 	 0.0 			 0.0 			 0.0			 0.0 
g3	 14 	 0.0 			 0.0 			 0.0			 0.0 
g3	 15 	 0.0 			 0.0 			 0.0			 0.0 
g3	 16 	 0.0 			 0.0 			 0.0			 0.0 
g3	 17 	 0.0 			 0.0 			 0.0			 0.0 
g3	 18 	 0.0 			 0.0 			 0.0			 0.0 
g3	 19 	 0.0 			 0.0 			 0.0			 0.0 
g3	 20 	 0.0 			 0.0 			 0.0			 0.0 
g3	 21 	 0.0 			 0.0 			 0.0			 0.0 
g3	 22 	 0.0 			 0.0 			 0.0			 0.0 
g3	 23 	 0.0 			 0.0 			 0.0			 0.0 
g3	 24 	 0.0 			 0.0 			 0.0			 0.0 
g3	 25 	 0.0 			 0.0 			 0.0			 0.0 
g3	 26 	 0.0 			 0.0 			 0.0			 0.0 
g3	 27 	 0.0 			 0.0 			 0.0			 0.0 
g3	 28 	 0.0 			 0.0 			 0.0			 0.0 
g3	 29 	 0.0 			 0.0 			 0.0			 0.0 
g3	 30 	 0.0 			 0.0 			 0.0			 0.0 
g3	 31 	 0.0 			 0.0 			 0.0			 0.0 
g3	 32 	 0.0 			 0.0 			 0.0			 0.0 
g3	 33 	 0.0 			 0.0 			 0.0			 0.0 
g3	 34 	 0.0 			 0.0 			 0.0			 0.0 
g3	 35 	 0.0 			 0.0 			 0.0			 0.0 
g3	 36 	 0.0 			 0.0 			 0.0			 0.0 
g3	 37 	 15.56631 			 0.0 			 0.0			 15.56631 
g3	 38 	 15.56631 			 0.0 			 0.0			 15.56631 
g3	 39 	 15.56631 			 0.0 			 0.0			 15.56631 
g3	 40 	 15.56631 			 0.0 			 0.0			 15.56631 
g3	 41 	 15.56631 			 0.0 			 0.0			 15.56631 
g3	 42 	 15.56631 			 0.0 			 0.0			 15.56631 
g3	 43 	 15.56631 			 0.0 			 0.0			 15.56631 
g3	 44 	 15.56631 			 0.0 			 0.0			 15.56631 
g3	 45 	 15.56631 			 0.0 			 0.0			 15.56631 
g3	 46 	 17.845414 			 0.0 			 0.0			 17.845414 
g3	 47 	 17.845414 			 0.0 			 0.0			 17.845414 
g3	 48 	 15.56631 			 0.0 			 0.0			 15.56631 
g3	 49 	 29.109952 			 0.0 			 0.0			 29.109952 
g3	 50 	 17.845414 			 0.0 			 0.0			 17.845414 
g3	 51 	 45.997064 			 0.0 			 0.0			 45.997064 
g3	 52 	 17.845414 			 0.0 			 0.0			 17.845414 
g3	 53 	 -65.776611 			 0.0 			 0.0			 -65.776611 
g3	 54 	 -27.256137 			 0.0 			 0.0			 -27.256137 
g3	 55 	 -17.147087 			 0.0 			 0.0			 -17.147087 
g3	 56 	 -39.73097 			 0.0 			 0.0			 -39.73097 
g3	 57 	 -84.984856 			 0.0 			 0.0			 -84.984856 
g3	 58 	 6.561751 			 0.0 			 0.0			 6.561751 
g3	 59 	 -7.209733 			 0.0 			 0.0			 -7.209733 
g3	 60 	 -0.270664 			 0.0 			 0.0			 -0.270664 
g3	 61 	 -23.054309 			 0.0 			 0.0			 -23.054309 
g3	 62 	 -12.441832 			 0.0 			 0.0			 -12.441832 
g3	 63 	 0.480331 			 0.0 			 0.0			 0.480331 
g3	 64 	 23.960012 			 0.0 			 0.0			 23.960012 
g3	 65 	 23.960012 			 0.0 			 0.0			 23.960012 
g3	 66 	 19.54993 			 0.0 			 0.0			 19.54993 
g3	 67 	 211.945059 			 0.0 			 0.0			 211.945059 
g3	 68 	 49.862858 			 0.0 			 0.0			 49.862858 
g3	 69 	 19.54993 			 0.0 			 0.0			 19.54993 
g3	 70 	 10.731017 			 0.0 			 0.0			 10.731017 
g3	 71 	 -27.407358 			 0.0 			 0.0			 -27.407358 
g3	 72 	 15.500448 			 0.0 			 0.0			 15.500448 
g3	 73 	 67.334587 			 0.0 			 0.0			 67.334587 
g3	 74 	 -101.118967 			 0.0 			 0.0			 -101.118967 
g3	 75 	 -16.247932 			 0.0 			 0.0			 -16.247932 
g3	 76 	 68.435727 			 0.0 			 0.0			 68.435727 
g3	 77 	 132.188868 			 0.0 			 0.0			 132.188868 
g3	 78 	 17.845414 			 0.0 			 0.0			 17.845414 
g3	 79 	 17.845414 			 0.0 			 0.0			 17.845414 
g3	 80 	 147.157419 			 0.0 			 0.0			 147.157419 
g3	 81 	 63.152264 			 0.0 			 0.0			 63.152264 
g3	 82 	 17.845414 			 0.0 			 0.0			 17.845414 
g3	 83 	 30.937136 			 0.0 			 0.0			 30.937136 
g3	 84 	 17.845414 			 0.0 			 0.0			 17.845414 
g3	 85 	 0.0 			 0.0 			 0.0			 0.0 
g3	 86 	 0.0 			 0.0 			 0.0			 0.0 
g3	 87 	 0.0 			 0.0 			 0.0			 0.0 
g3	 88 	 0.0 			 0.0 			 0.0			 0.0 
g3	 89 	 0.0 			 0.0 			 0.0			 0.0 
g3	 90 	 0.0 			 0.0 			 0.0			 0.0 
g3	 91 	 0.0 			 0.0 			 0.0			 0.0 
g3	 92 	 0.0 			 0.0 			 0.0			 0.0 
g3	 93 	 0.0 			 0.0 			 0.0			 0.0 
g3	 94 	 0.0 			 0.0 			 0.0			 0.0 
g3	 95 	 0.0 			 0.0 			 0.0			 0.0 
g3	 96 	 0.0 			 0.0 			 0.0			 0.0 
----------------------------------------------------------------------------------------------------
g4	 1 	 0.0 			 0.0 			 0.0			 0.0 
g4	 2 	 0.0 			 0.0 			 0.0			 0.0 
g4	 3 	 0.0 			 0.0 			 0.0			 0.0 
g4	 4 	 0.0 			 0.0 			 0.0			 0.0 
g4	 5 	 0.0 			 0.0 			 0.0			 0.0 
g4	 6 	 0.0 			 0.0 			 0.0			 0.0 
g4	 7 	 0.0 			 0.0 			 0.0			 0.0 
g4	 8 	 0.0 			 0.0 			 0.0			 0.0 
g4	 9 	 0.0 			 0.0 			 0.0			 0.0 
g4	 10 	 0.0 			 0.0 			 0.0			 0.0 
g4	 11 	 0.0 			 0.0 			 0.0			 0.0 
g4	 12 	 0.0 			 0.0 			 0.0			 0.0 
g4	 13 	 0.0 			 0.0 			 0.0			 0.0 
g4	 14 	 0.0 			 0.0 			 0.0			 0.0 
g4	 15 	 0.0 			 0.0 			 0.0			 0.0 
g4	 16 	 0.0 			 0.0 			 0.0			 0.0 
g4	 17 	 0.0 			 0.0 			 0.0			 0.0 
g4	 18 	 0.0 			 0.0 			 0.0			 0.0 
g4	 19 	 0.0 			 0.0 			 0.0			 0.0 
g4	 20 	 0.0 			 0.0 			 0.0			 0.0 
g4	 21 	 0.0 			 0.0 			 0.0			 0.0 
g4	 22 	 0.0 			 0.0 			 0.0			 0.0 
g4	 23 	 0.0 			 0.0 			 0.0			 0.0 
g4	 24 	 0.0 			 0.0 			 0.0			 0.0 
g4	 25 	 0.0 			 0.0 			 0.0			 0.0 
g4	 26 	 0.0 			 0.0 			 0.0			 0.0 
g4	 27 	 0.0 			 0.0 			 0.0			 0.0 
g4	 28 	 0.0 			 0.0 			 0.0			 0.0 
g4	 29 	 0.0 			 0.0 			 0.0			 0.0 
g4	 30 	 0.0 			 0.0 			 0.0			 0.0 
g4	 31 	 0.0 			 0.0 			 0.0			 0.0 
g4	 32 	 0.0 			 0.0 			 0.0			 0.0 
g4	 33 	 0.0 			 0.0 			 0.0			 0.0 
g4	 34 	 0.0 			 0.0 			 0.0			 0.0 
g4	 35 	 0.0 			 0.0 			 0.0			 0.0 
g4	 36 	 0.0 			 0.0 			 0.0			 0.0 
g4	 37 	 0.0 			 0.0 			 0.0			 0.0 
g4	 38 	 0.0 			 0.0 			 0.0			 0.0 
g4	 39 	 0.0 			 0.0 			 0.0			 0.0 
g4	 40 	 0.0 			 0.0 			 0.0			 0.0 
g4	 41 	 0.0 			 0.0 			 0.0			 0.0 
g4	 42 	 0.0 			 0.0 			 0.0			 0.0 
g4	 43 	 0.0 			 0.0 			 0.0			 0.0 
g4	 44 	 0.0 			 0.0 			 0.0			 0.0 
g4	 45 	 0.0 			 0.0 			 0.0			 0.0 
g4	 46 	 0.0 			 0.0 			 0.0			 0.0 
g4	 47 	 0.0 			 0.0 			 0.0			 0.0 
g4	 48 	 0.0 			 0.0 			 0.0			 0.0 
g4	 49 	 0.0 			 0.0 			 0.0			 0.0 
g4	 50 	 0.0 			 0.0 			 0.0			 0.0 
g4	 51 	 0.0 			 0.0 			 0.0			 0.0 
g4	 52 	 0.0 			 0.0 			 0.0			 0.0 
g4	 53 	 0.0 			 0.0 			 0.0			 0.0 
g4	 54 	 0.0 			 0.0 			 0.0			 0.0 
g4	 55 	 0.0 			 0.0 			 0.0			 0.0 
g4	 56 	 0.0 			 0.0 			 0.0			 0.0 
g4	 57 	 0.0 			 0.0 			 0.0			 0.0 
g4	 58 	 0.0 			 0.0 			 0.0			 0.0 
g4	 59 	 0.0 			 0.0 			 0.0			 0.0 
g4	 60 	 0.0 			 0.0 			 0.0			 0.0 
g4	 61 	 0.0 			 0.0 			 0.0			 0.0 
g4	 62 	 0.0 			 0.0 			 0.0			 0.0 
g4	 63 	 0.0 			 0.0 			 0.0			 0.0 
g4	 64 	 0.0 			 0.0 			 0.0			 0.0 
g4	 65 	 0.0 			 0.0 			 0.0			 0.0 
g4	 66 	 0.0 			 0.0 			 0.0			 0.0 
g4	 67 	 0.0 			 0.0 			 0.0			 0.0 
g4	 68 	 0.0 			 0.0 			 0.0			 0.0 
g4	 69 	 0.0 			 0.0 			 0.0			 0.0 
g4	 70 	 0.0 			 0.0 			 0.0			 0.0 
g4	 71 	 0.0 			 0.0 			 0.0			 0.0 
g4	 72 	 0.0 			 0.0 			 0.0			 0.0 
g4	 73 	 0.0 			 0.0 			 0.0			 0.0 
g4	 74 	 0.0 			 0.0 			 0.0			 0.0 
g4	 75 	 0.0 			 0.0 			 0.0			 0.0 
g4	 76 	 0.0 			 0.0 			 0.0			 0.0 
g4	 77 	 0.0 			 0.0 			 0.0			 0.0 
g4	 78 	 0.0 			 0.0 			 0.0			 0.0 
g4	 79 	 0.0 			 0.0 			 0.0			 0.0 
g4	 80 	 0.0 			 0.0 			 0.0			 0.0 
g4	 81 	 0.0 			 0.0 			 0.0			 0.0 
g4	 82 	 0.0 			 0.0 			 0.0			 0.0 
g4	 83 	 0.0 			 0.0 			 0.0			 0.0 
g4	 84 	 0.0 			 0.0 			 0.0			 0.0 
g4	 85 	 0.0 			 0.0 			 0.0			 0.0 
g4	 86 	 0.0 			 0.0 			 0.0			 0.0 
g4	 87 	 0.0 			 0.0 			 0.0			 0.0 
g4	 88 	 0.0 			 0.0 			 0.0			 0.0 
g4	 89 	 0.0 			 0.0 			 0.0			 0.0 
g4	 90 	 0.0 			 0.0 			 0.0			 0.0 
g4	 91 	 0.0 			 0.0 			 0.0			 0.0 
g4	 92 	 0.0 			 0.0 			 0.0			 0.0 
g4	 93 	 0.0 			 0.0 			 0.0			 0.0 
g4	 94 	 0.0 			 0.0 			 0.0			 0.0 
g4	 95 	 0.0 			 0.0 			 0.0			 0.0 
g4	 96 	 0.0 			 0.0 			 0.0			 0.0 
----------------------------------------------------------------------------------------------------
g5	 1 	 0.0 			 0.0 			 0.0			 0.0 
g5	 2 	 0.0 			 0.0 			 0.0			 0.0 
g5	 3 	 0.0 			 0.0 			 0.0			 0.0 
g5	 4 	 0.0 			 0.0 			 0.0			 0.0 
g5	 5 	 0.0 			 0.0 			 0.0			 0.0 
g5	 6 	 0.0 			 0.0 			 0.0			 0.0 
g5	 7 	 0.0 			 0.0 			 0.0			 0.0 
g5	 8 	 0.0 			 0.0 			 0.0			 0.0 
g5	 9 	 0.0 			 0.0 			 0.0			 0.0 
g5	 10 	 0.0 			 0.0 			 0.0			 0.0 
g5	 11 	 0.0 			 0.0 			 0.0			 0.0 
g5	 12 	 0.0 			 0.0 			 0.0			 0.0 
g5	 13 	 0.0 			 0.0 			 0.0			 0.0 
g5	 14 	 0.0 			 0.0 			 0.0			 0.0 
g5	 15 	 0.0 			 0.0 			 0.0			 0.0 
g5	 16 	 0.0 			 0.0 			 0.0			 0.0 
g5	 17 	 0.0 			 0.0 			 0.0			 0.0 
g5	 18 	 0.0 			 0.0 			 0.0			 0.0 
g5	 19 	 0.0 			 0.0 			 0.0			 0.0 
g5	 20 	 0.0 			 0.0 			 0.0			 0.0 
g5	 21 	 0.0 			 0.0 			 0.0			 0.0 
g5	 22 	 0.0 			 0.0 			 0.0			 0.0 
g5	 23 	 0.0 			 0.0 			 0.0			 0.0 
g5	 24 	 0.0 			 0.0 			 0.0			 0.0 
g5	 25 	 21.893178 			 0.0 			 0.0			 21.893178 
g5	 26 	 21.893178 			 0.0 			 0.0			 21.893178 
g5	 27 	 21.893178 			 0.0 			 0.0			 21.893178 
g5	 28 	 21.893178 			 0.0 			 0.0			 21.893178 
g5	 29 	 22.372141 			 0.0 			 0.0			 22.372141 
g5	 30 	 22.372141 			 0.0 			 0.0			 22.372141 
g5	 31 	 22.372141 			 0.0 			 0.0			 22.372141 
g5	 32 	 22.372141 			 0.0 			 0.0			 22.372141 
g5	 33 	 22.372141 			 0.0 			 0.0			 22.372141 
g5	 34 	 22.372141 			 0.0 			 0.0			 22.372141 
g5	 35 	 22.372141 			 0.0 			 0.0			 22.372141 
g5	 36 	 22.372141 			 0.0 			 0.0			 22.372141 
g5	 37 	 22.372141 			 0.0 			 0.0			 22.372141 
g5	 38 	 22.372141 			 0.0 			 0.0			 22.372141 
g5	 39 	 22.372141 			 0.0 			 0.0			 22.372141 
g5	 40 	 22.372141 			 0.0 			 0.0			 22.372141 
g5	 41 	 22.372141 			 0.0 			 0.0			 22.372141 
g5	 42 	 22.372141 			 0.0 			 0.0			 22.372141 
g5	 43 	 22.372141 			 0.0 			 0.0			 22.372141 
g5	 44 	 22.372141 			 0.0 			 0.0			 22.372141 
g5	 45 	 20.182379 			 0.0 			 0.0			 20.182379 
g5	 46 	 111.830245 			 0.0 			 0.0			 111.830245 
g5	 47 	 33.871295 			 0.0 			 0.0			 33.871295 
g5	 48 	 20.182379 			 0.0 			 0.0			 20.182379 
g5	 49 	 -0.465135 			 0.0 			 0.0			 -0.465135 
g5	 50 	 -90.03461 			 0.0 			 0.0			 -90.03461 
g5	 51 	 68.718573 			 0.0 			 0.0			 68.718573 
g5	 52 	 23.231706 			 0.0 			 0.0			 23.231706 
g5	 53 	 27.60272 			 0.0 			 0.0			 27.60272 
g5	 54 	 27.60272 			 0.0 			 0.0			 27.60272 
g5	 55 	 27.60272 			 0.0 			 0.0			 27.60272 
g5	 56 	 27.60272 			 0.0 			 0.0			 27.60272 
g5	 57 	 27.60272 			 0.0 			 0.0			 27.60272 
g5	 58 	 27.60272 			 0.0 			 0.0			 27.60272 
g5	 59 	 27.60272 			 0.0 			 0.0			 27.60272 
g5	 60 	 27.60272 			 0.0 			 0.0			 27.60272 
g5	 61 	 3.711402 			 0.0 			 0.0			 3.711402 
g5	 62 	 3.711402 			 0.0 			 0.0			 3.711402 
g5	 63 	 3.711402 			 0.0 			 0.0			 3.711402 
g5	 64 	 29.397292 			 0.0 			 0.0			 29.397292 
g5	 65 	 24.209595 			 0.0 			 0.0			 24.209595 
g5	 66 	 -35.76754 			 0.0 			 0.0			 -35.76754 
g5	 67 	 210.279592 			 0.0 			 0.0			 210.279592 
g5	 68 	 215.277762 			 0.0 			 0.0			 215.277762 
g5	 69 	 -5.707241 			 0.0 			 0.0			 -5.707241 
g5	 70 	 -41.618023 			 0.0 			 0.0			 -41.618023 
g5	 71 	 -41.618023 			 0.0 			 0.0			 -41.618023 
g5	 72 	 -41.618023 			 0.0 			 0.0			 -41.618023 
g5	 73 	 29.557736 			 0.0 			 0.0			 29.557736 
g5	 74 	 -62.842421 			 0.0 			 0.0			 -62.842421 
g5	 75 	 27.60272 			 0.0 			 0.0			 27.60272 
g5	 76 	 27.60272 			 0.0 			 0.0			 27.60272 
g5	 77 	 38.713191 			 0.0 			 0.0			 38.713191 
g5	 78 	 -29.601342 			 0.0 			 0.0			 -29.601342 
g5	 79 	 -24.517676 			 0.0 			 0.0			 -24.517676 
g5	 80 	 38.713191 			 0.0 			 0.0			 38.713191 
g5	 81 	 91.86561 			 0.0 			 0.0			 91.86561 
g5	 82 	 22.219791 			 0.0 			 0.0			 22.219791 
g5	 83 	 91.86561 			 0.0 			 0.0			 91.86561 
g5	 84 	 42.113734 			 0.0 			 0.0			 42.113734 
g5	 85 	 168.743884 			 0.0 			 0.0			 168.743884 
g5	 86 	 -12.415242 			 0.0 			 0.0			 -12.415242 
g5	 87 	 240.807649 			 0.0 			 0.0			 240.807649 
g5	 88 	 -12.415242 			 0.0 			 0.0			 -12.415242 
g5	 89 	 -88.050838 			 0.0 			 0.0			 -88.050838 
g5	 90 	 -88.050838 			 0.0 			 0.0			 -88.050838 
g5	 91 	 -88.050838 			 0.0 			 0.0			 -88.050838 
g5	 92 	 -88.050838 			 0.0 			 0.0			 -88.050838 
g5	 93 	 0.0 			 0.0 			 0.0			 0.0 
g5	 94 	 0.0 			 0.0 			 0.0			 0.0 
g5	 95 	 0.0 			 0.0 			 0.0			 0.0 
g5	 96 	 0.0 			 0.0 			 0.0			 0.0 
----------------------------------------------------------------------------------------------------------------
unit 	 generation payment 	 up-FRP payment 	 dw-FRP payment 	pre-up total payment
----------------------------------------------------------------------------------------------------------------
 g1 	 16997.494540			 0.000000			 0.000000			 16997.494540
 g2 	 0.000000			 0.000000			 0.000000			 0.000000
 g3 	 842.194321			 0.000000			 0.000000			 842.194321
 g4 	 0.000000			 0.000000			 0.000000			 0.000000
 g5 	 1503.645718			 0.000000			 0.000000			 1503.645718
----------------------------------------------------------------------------------------------------
generation payment 	 up-FRP payment 	 dw-FRP payment 	 pre-up total payment
----------------------------------------------------------------------------------------------------
19343.334579 			 0.0 			 0.0 			 19343.334579
 
****************************************************************************************************
 
Generation costs
----------------------------------------------------------------------------------------------------
unit	 time 	 generation cost 	 start-up cost  	total cost
----------------------------------------------------------------------------------------------------
g1	 1 	 2312.777212 			 0.0 			2312.777212
g1	 2 	 2411.858174 			 0.0 			2411.858174
g1	 3 	 2368.886074 			 0.0 			2368.886074
g1	 4 	 2328.564006 			 0.0 			2328.564006
g1	 5 	 2231.51831 			 0.0 			2231.51831
g1	 6 	 2188.701222 			 0.0 			2188.701222
g1	 7 	 2265.210563 			 0.0 			2265.210563
g1	 8 	 2240.545367 			 0.0 			2240.545367
g1	 9 	 2166.616551 			 0.0 			2166.616551
g1	 10 	 2069.945749 			 0.0 			2069.945749
g1	 11 	 2157.452076 			 0.0 			2157.452076
g1	 12 	 2195.95597 			 0.0 			2195.95597
g1	 13 	 2045.548793 			 0.0 			2045.548793
g1	 14 	 2065.518316 			 0.0 			2065.518316
g1	 15 	 2136.285771 			 0.0 			2136.285771
g1	 16 	 2132.277245 			 0.0 			2132.277245
g1	 17 	 2110.6428 			 0.0 			2110.6428
g1	 18 	 2154.896356 			 0.0 			2154.896356
g1	 19 	 2113.499504 			 0.0 			2113.499504
g1	 20 	 2104.625216 			 0.0 			2104.625216
g1	 21 	 2231.457698 			 0.0 			2231.457698
g1	 22 	 2280.99472 			 0.0 			2280.99472
g1	 23 	 2144.337172 			 0.0 			2144.337172
g1	 24 	 2166.875927 			 0.0 			2166.875927
g1	 25 	 2235.090572 			 0.0 			2235.090572
g1	 26 	 2264.368379 			 0.0 			2264.368379
g1	 27 	 2206.679671 			 0.0 			2206.679671
g1	 28 	 2249.158901 			 0.0 			2249.158901
g1	 29 	 2437.723655 			 0.0 			2437.723655
g1	 30 	 2448.781033 			 0.0 			2448.781033
g1	 31 	 2316.442173 			 0.0 			2316.442173
g1	 32 	 2429.651236 			 0.0 			2429.651236
g1	 33 	 2675.388515 			 0.0 			2675.388515
g1	 34 	 2706.804834 			 0.0 			2706.804834
g1	 35 	 2648.123994 			 0.0 			2648.123994
g1	 36 	 2607.261022 			 0.0 			2607.261022
g1	 37 	 2670.060445 			 0.0 			2670.060445
g1	 38 	 2565.745819 			 0.0 			2565.745819
g1	 39 	 2622.886218 			 0.0 			2622.886218
g1	 40 	 2602.048381 			 0.0 			2602.048381
g1	 41 	 2817.038104 			 0.0 			2817.038104
g1	 42 	 2811.264667 			 0.0 			2811.264667
g1	 43 	 2937.975427 			 0.0 			2937.975427
g1	 44 	 2797.144935 			 0.0 			2797.144935
g1	 45 	 3033.916003 			 0.0 			3033.916003
g1	 46 	 3058.233409 			 0.0 			3058.233409
g1	 47 	 3058.233409 			 0.0 			3058.233409
g1	 48 	 3045.657715 			 0.0 			3045.657715
g1	 49 	 3058.233409 			 0.0 			3058.233409
g1	 50 	 3058.233409 			 0.0 			3058.233409
g1	 51 	 3058.233409 			 0.0 			3058.233409
g1	 52 	 3058.233409 			 0.0 			3058.233409
g1	 53 	 3058.233409 			 0.0 			3058.233409
g1	 54 	 3058.233409 			 0.0 			3058.233409
g1	 55 	 3058.233409 			 0.0 			3058.233409
g1	 56 	 3058.233409 			 0.0 			3058.233409
g1	 57 	 3058.233409 			 0.0 			3058.233409
g1	 58 	 3058.233409 			 0.0 			3058.233409
g1	 59 	 3058.233409 			 0.0 			3058.233409
g1	 60 	 3058.233409 			 0.0 			3058.233409
g1	 61 	 3058.233409 			 0.0 			3058.233409
g1	 62 	 3058.233409 			 0.0 			3058.233409
g1	 63 	 3058.233409 			 0.0 			3058.233409
g1	 64 	 3058.233409 			 0.0 			3058.233409
g1	 65 	 3058.233409 			 0.0 			3058.233409
g1	 66 	 3058.233409 			 0.0 			3058.233409
g1	 67 	 3058.233409 			 0.0 			3058.233409
g1	 68 	 3058.233409 			 0.0 			3058.233409
g1	 69 	 3058.233409 			 0.0 			3058.233409
g1	 70 	 3058.233409 			 0.0 			3058.233409
g1	 71 	 3058.233409 			 0.0 			3058.233409
g1	 72 	 3058.233409 			 0.0 			3058.233409
g1	 73 	 3058.233409 			 0.0 			3058.233409
g1	 74 	 3058.233409 			 0.0 			3058.233409
g1	 75 	 3058.233409 			 0.0 			3058.233409
g1	 76 	 3058.233409 			 0.0 			3058.233409
g1	 77 	 3058.233409 			 0.0 			3058.233409
g1	 78 	 3058.233409 			 0.0 			3058.233409
g1	 79 	 3058.233409 			 0.0 			3058.233409
g1	 80 	 3058.233409 			 0.0 			3058.233409
g1	 81 	 3058.233409 			 0.0 			3058.233409
g1	 82 	 3058.233409 			 0.0 			3058.233409
g1	 83 	 3058.233409 			 0.0 			3058.233409
g1	 84 	 3058.233409 			 0.0 			3058.233409
g1	 85 	 3058.233409 			 0.0 			3058.233409
g1	 86 	 3028.322239 			 0.0 			3028.322239
g1	 87 	 3058.233409 			 0.0 			3058.233409
g1	 88 	 3006.112878 			 0.0 			3006.112878
g1	 89 	 2725.523928 			 0.0 			2725.523928
g1	 90 	 2835.133415 			 0.0 			2835.133415
g1	 91 	 2894.605395 			 0.0 			2894.605395
g1	 92 	 2894.606202 			 0.0 			2894.606202
g1	 93 	 2822.005555 			 0.0 			2822.005555
g1	 94 	 2801.193778 			 0.0 			2801.193778
g1	 95 	 2805.396215 			 0.0 			2805.396215
g1	 96 	 2799.698457 			 0.0 			2799.698457
----------------------------------------------------------------------------------------------------
g2	 1 	 0.0 			 0.0 			0.0
g2	 2 	 0.0 			 0.0 			0.0
g2	 3 	 0.0 			 0.0 			0.0
g2	 4 	 0.0 			 0.0 			0.0
g2	 5 	 0.0 			 0.0 			0.0
g2	 6 	 0.0 			 0.0 			0.0
g2	 7 	 0.0 			 0.0 			0.0
g2	 8 	 0.0 			 0.0 			0.0
g2	 9 	 0.0 			 0.0 			0.0
g2	 10 	 0.0 			 0.0 			0.0
g2	 11 	 0.0 			 0.0 			0.0
g2	 12 	 0.0 			 0.0 			0.0
g2	 13 	 0.0 			 0.0 			0.0
g2	 14 	 0.0 			 0.0 			0.0
g2	 15 	 0.0 			 0.0 			0.0
g2	 16 	 0.0 			 0.0 			0.0
g2	 17 	 0.0 			 0.0 			0.0
g2	 18 	 0.0 			 0.0 			0.0
g2	 19 	 0.0 			 0.0 			0.0
g2	 20 	 0.0 			 0.0 			0.0
g2	 21 	 0.0 			 0.0 			0.0
g2	 22 	 0.0 			 0.0 			0.0
g2	 23 	 0.0 			 0.0 			0.0
g2	 24 	 0.0 			 0.0 			0.0
g2	 25 	 0.0 			 0.0 			0.0
g2	 26 	 0.0 			 0.0 			0.0
g2	 27 	 0.0 			 0.0 			0.0
g2	 28 	 0.0 			 0.0 			0.0
g2	 29 	 0.0 			 0.0 			0.0
g2	 30 	 0.0 			 0.0 			0.0
g2	 31 	 0.0 			 0.0 			0.0
g2	 32 	 0.0 			 0.0 			0.0
g2	 33 	 0.0 			 0.0 			0.0
g2	 34 	 0.0 			 0.0 			0.0
g2	 35 	 0.0 			 0.0 			0.0
g2	 36 	 0.0 			 0.0 			0.0
g2	 37 	 0.0 			 0.0 			0.0
g2	 38 	 0.0 			 0.0 			0.0
g2	 39 	 0.0 			 0.0 			0.0
g2	 40 	 0.0 			 0.0 			0.0
g2	 41 	 0.0 			 0.0 			0.0
g2	 42 	 0.0 			 0.0 			0.0
g2	 43 	 0.0 			 0.0 			0.0
g2	 44 	 0.0 			 0.0 			0.0
g2	 45 	 0.0 			 0.0 			0.0
g2	 46 	 0.0 			 0.0 			0.0
g2	 47 	 0.0 			 0.0 			0.0
g2	 48 	 0.0 			 0.0 			0.0
g2	 49 	 0.0 			 0.0 			0.0
g2	 50 	 0.0 			 0.0 			0.0
g2	 51 	 0.0 			 0.0 			0.0
g2	 52 	 0.0 			 0.0 			0.0
g2	 53 	 0.0 			 0.0 			0.0
g2	 54 	 0.0 			 0.0 			0.0
g2	 55 	 0.0 			 0.0 			0.0
g2	 56 	 0.0 			 0.0 			0.0
g2	 57 	 0.0 			 0.0 			0.0
g2	 58 	 0.0 			 0.0 			0.0
g2	 59 	 0.0 			 0.0 			0.0
g2	 60 	 0.0 			 0.0 			0.0
g2	 61 	 0.0 			 0.0 			0.0
g2	 62 	 0.0 			 0.0 			0.0
g2	 63 	 0.0 			 0.0 			0.0
g2	 64 	 0.0 			 0.0 			0.0
g2	 65 	 0.0 			 0.0 			0.0
g2	 66 	 0.0 			 0.0 			0.0
g2	 67 	 0.0 			 0.0 			0.0
g2	 68 	 0.0 			 0.0 			0.0
g2	 69 	 0.0 			 0.0 			0.0
g2	 70 	 0.0 			 0.0 			0.0
g2	 71 	 0.0 			 0.0 			0.0
g2	 72 	 0.0 			 0.0 			0.0
g2	 73 	 0.0 			 0.0 			0.0
g2	 74 	 0.0 			 0.0 			0.0
g2	 75 	 0.0 			 0.0 			0.0
g2	 76 	 0.0 			 0.0 			0.0
g2	 77 	 0.0 			 0.0 			0.0
g2	 78 	 0.0 			 0.0 			0.0
g2	 79 	 0.0 			 0.0 			0.0
g2	 80 	 0.0 			 0.0 			0.0
g2	 81 	 0.0 			 0.0 			0.0
g2	 82 	 0.0 			 0.0 			0.0
g2	 83 	 0.0 			 0.0 			0.0
g2	 84 	 0.0 			 0.0 			0.0
g2	 85 	 0.0 			 0.0 			0.0
g2	 86 	 0.0 			 0.0 			0.0
g2	 87 	 0.0 			 0.0 			0.0
g2	 88 	 0.0 			 0.0 			0.0
g2	 89 	 0.0 			 0.0 			0.0
g2	 90 	 0.0 			 0.0 			0.0
g2	 91 	 0.0 			 0.0 			0.0
g2	 92 	 0.0 			 0.0 			0.0
g2	 93 	 0.0 			 0.0 			0.0
g2	 94 	 0.0 			 0.0 			0.0
g2	 95 	 0.0 			 0.0 			0.0
g2	 96 	 0.0 			 0.0 			0.0
----------------------------------------------------------------------------------------------------
g3	 1 	 0.0 			 0.0 			0.0
g3	 2 	 0.0 			 0.0 			0.0
g3	 3 	 0.0 			 0.0 			0.0
g3	 4 	 0.0 			 0.0 			0.0
g3	 5 	 0.0 			 0.0 			0.0
g3	 6 	 0.0 			 0.0 			0.0
g3	 7 	 0.0 			 0.0 			0.0
g3	 8 	 0.0 			 0.0 			0.0
g3	 9 	 0.0 			 0.0 			0.0
g3	 10 	 0.0 			 0.0 			0.0
g3	 11 	 0.0 			 0.0 			0.0
g3	 12 	 0.0 			 0.0 			0.0
g3	 13 	 0.0 			 0.0 			0.0
g3	 14 	 0.0 			 0.0 			0.0
g3	 15 	 0.0 			 0.0 			0.0
g3	 16 	 0.0 			 0.0 			0.0
g3	 17 	 0.0 			 0.0 			0.0
g3	 18 	 0.0 			 0.0 			0.0
g3	 19 	 0.0 			 0.0 			0.0
g3	 20 	 0.0 			 0.0 			0.0
g3	 21 	 0.0 			 0.0 			0.0
g3	 22 	 0.0 			 0.0 			0.0
g3	 23 	 0.0 			 0.0 			0.0
g3	 24 	 0.0 			 0.0 			0.0
g3	 25 	 0.0 			 0.0 			0.0
g3	 26 	 0.0 			 0.0 			0.0
g3	 27 	 0.0 			 0.0 			0.0
g3	 28 	 0.0 			 0.0 			0.0
g3	 29 	 0.0 			 0.0 			0.0
g3	 30 	 0.0 			 0.0 			0.0
g3	 31 	 0.0 			 0.0 			0.0
g3	 32 	 0.0 			 0.0 			0.0
g3	 33 	 0.0 			 0.0 			0.0
g3	 34 	 0.0 			 0.0 			0.0
g3	 35 	 0.0 			 0.0 			0.0
g3	 36 	 0.0 			 0.0 			0.0
g3	 37 	 350.954412 			 4595.43 			4946.384412
g3	 38 	 350.954412 			 0.0 			350.954412
g3	 39 	 350.954412 			 0.0 			350.954412
g3	 40 	 350.954412 			 0.0 			350.954412
g3	 41 	 350.954412 			 0.0 			350.954412
g3	 42 	 350.954412 			 0.0 			350.954412
g3	 43 	 350.954412 			 0.0 			350.954412
g3	 44 	 350.954412 			 0.0 			350.954412
g3	 45 	 350.954412 			 0.0 			350.954412
g3	 46 	 350.954412 			 0.0 			350.954412
g3	 47 	 350.954412 			 0.0 			350.954412
g3	 48 	 350.954412 			 0.0 			350.954412
g3	 49 	 360.858675 			 0.0 			360.858675
g3	 50 	 350.954412 			 0.0 			350.954412
g3	 51 	 377.74578 			 0.0 			377.74578
g3	 52 	 350.954412 			 0.0 			350.954412
g3	 53 	 381.74069 			 0.0 			381.74069
g3	 54 	 420.26116 			 0.0 			420.26116
g3	 55 	 430.370215 			 0.0 			430.370215
g3	 56 	 407.786328 			 0.0 			407.786328
g3	 57 	 464.443342 			 0.0 			464.443342
g3	 58 	 555.989952 			 0.0 			555.989952
g3	 59 	 542.218468 			 0.0 			542.218468
g3	 60 	 549.157541 			 0.0 			549.157541
g3	 61 	 549.204895 			 0.0 			549.204895
g3	 62 	 559.817365 			 0.0 			559.817365
g3	 63 	 572.739535 			 0.0 			572.739535
g3	 64 	 591.464889 			 0.0 			591.464889
g3	 65 	 591.464889 			 0.0 			591.464889
g3	 66 	 591.464889 			 0.0 			591.464889
g3	 67 	 775.039856 			 0.0 			775.039856
g3	 68 	 612.957663 			 0.0 			612.957663
g3	 69 	 591.464889 			 0.0 			591.464889
g3	 70 	 582.990216 			 0.0 			582.990216
g3	 71 	 544.851837 			 0.0 			544.851837
g3	 72 	 587.759651 			 0.0 			587.759651
g3	 73 	 525.186681 			 0.0 			525.186681
g3	 74 	 353.478917 			 0.0 			353.478917
g3	 75 	 446.057821 			 0.0 			446.057821
g3	 76 	 530.741484 			 0.0 			530.741484
g3	 77 	 463.937585 			 0.0 			463.937585
g3	 78 	 350.954412 			 0.0 			350.954412
g3	 79 	 350.954412 			 0.0 			350.954412
g3	 80 	 478.906146 			 0.0 			478.906146
g3	 81 	 394.900984 			 0.0 			394.900984
g3	 82 	 350.954412 			 0.0 			350.954412
g3	 83 	 362.685854 			 0.0 			362.685854
g3	 84 	 350.954412 			 0.0 			350.954412
g3	 85 	 0.0 			 0.0 			0.0
g3	 86 	 0.0 			 0.0 			0.0
g3	 87 	 0.0 			 0.0 			0.0
g3	 88 	 0.0 			 0.0 			0.0
g3	 89 	 0.0 			 0.0 			0.0
g3	 90 	 0.0 			 0.0 			0.0
g3	 91 	 0.0 			 0.0 			0.0
g3	 92 	 0.0 			 0.0 			0.0
g3	 93 	 0.0 			 0.0 			0.0
g3	 94 	 0.0 			 0.0 			0.0
g3	 95 	 0.0 			 0.0 			0.0
g3	 96 	 0.0 			 0.0 			0.0
----------------------------------------------------------------------------------------------------
g4	 1 	 0.0 			 0.0 			0.0
g4	 2 	 0.0 			 0.0 			0.0
g4	 3 	 0.0 			 0.0 			0.0
g4	 4 	 0.0 			 0.0 			0.0
g4	 5 	 0.0 			 0.0 			0.0
g4	 6 	 0.0 			 0.0 			0.0
g4	 7 	 0.0 			 0.0 			0.0
g4	 8 	 0.0 			 0.0 			0.0
g4	 9 	 0.0 			 0.0 			0.0
g4	 10 	 0.0 			 0.0 			0.0
g4	 11 	 0.0 			 0.0 			0.0
g4	 12 	 0.0 			 0.0 			0.0
g4	 13 	 0.0 			 0.0 			0.0
g4	 14 	 0.0 			 0.0 			0.0
g4	 15 	 0.0 			 0.0 			0.0
g4	 16 	 0.0 			 0.0 			0.0
g4	 17 	 0.0 			 0.0 			0.0
g4	 18 	 0.0 			 0.0 			0.0
g4	 19 	 0.0 			 0.0 			0.0
g4	 20 	 0.0 			 0.0 			0.0
g4	 21 	 0.0 			 0.0 			0.0
g4	 22 	 0.0 			 0.0 			0.0
g4	 23 	 0.0 			 0.0 			0.0
g4	 24 	 0.0 			 0.0 			0.0
g4	 25 	 0.0 			 0.0 			0.0
g4	 26 	 0.0 			 0.0 			0.0
g4	 27 	 0.0 			 0.0 			0.0
g4	 28 	 0.0 			 0.0 			0.0
g4	 29 	 0.0 			 0.0 			0.0
g4	 30 	 0.0 			 0.0 			0.0
g4	 31 	 0.0 			 0.0 			0.0
g4	 32 	 0.0 			 0.0 			0.0
g4	 33 	 0.0 			 0.0 			0.0
g4	 34 	 0.0 			 0.0 			0.0
g4	 35 	 0.0 			 0.0 			0.0
g4	 36 	 0.0 			 0.0 			0.0
g4	 37 	 0.0 			 0.0 			0.0
g4	 38 	 0.0 			 0.0 			0.0
g4	 39 	 0.0 			 0.0 			0.0
g4	 40 	 0.0 			 0.0 			0.0
g4	 41 	 0.0 			 0.0 			0.0
g4	 42 	 0.0 			 0.0 			0.0
g4	 43 	 0.0 			 0.0 			0.0
g4	 44 	 0.0 			 0.0 			0.0
g4	 45 	 0.0 			 0.0 			0.0
g4	 46 	 0.0 			 0.0 			0.0
g4	 47 	 0.0 			 0.0 			0.0
g4	 48 	 0.0 			 0.0 			0.0
g4	 49 	 0.0 			 0.0 			0.0
g4	 50 	 0.0 			 0.0 			0.0
g4	 51 	 0.0 			 0.0 			0.0
g4	 52 	 0.0 			 0.0 			0.0
g4	 53 	 0.0 			 0.0 			0.0
g4	 54 	 0.0 			 0.0 			0.0
g4	 55 	 0.0 			 0.0 			0.0
g4	 56 	 0.0 			 0.0 			0.0
g4	 57 	 0.0 			 0.0 			0.0
g4	 58 	 0.0 			 0.0 			0.0
g4	 59 	 0.0 			 0.0 			0.0
g4	 60 	 0.0 			 0.0 			0.0
g4	 61 	 0.0 			 0.0 			0.0
g4	 62 	 0.0 			 0.0 			0.0
g4	 63 	 0.0 			 0.0 			0.0
g4	 64 	 0.0 			 0.0 			0.0
g4	 65 	 0.0 			 0.0 			0.0
g4	 66 	 0.0 			 0.0 			0.0
g4	 67 	 0.0 			 0.0 			0.0
g4	 68 	 0.0 			 0.0 			0.0
g4	 69 	 0.0 			 0.0 			0.0
g4	 70 	 0.0 			 0.0 			0.0
g4	 71 	 0.0 			 0.0 			0.0
g4	 72 	 0.0 			 0.0 			0.0
g4	 73 	 0.0 			 0.0 			0.0
g4	 74 	 0.0 			 0.0 			0.0
g4	 75 	 0.0 			 0.0 			0.0
g4	 76 	 0.0 			 0.0 			0.0
g4	 77 	 0.0 			 0.0 			0.0
g4	 78 	 0.0 			 0.0 			0.0
g4	 79 	 0.0 			 0.0 			0.0
g4	 80 	 0.0 			 0.0 			0.0
g4	 81 	 0.0 			 0.0 			0.0
g4	 82 	 0.0 			 0.0 			0.0
g4	 83 	 0.0 			 0.0 			0.0
g4	 84 	 0.0 			 0.0 			0.0
g4	 85 	 0.0 			 0.0 			0.0
g4	 86 	 0.0 			 0.0 			0.0
g4	 87 	 0.0 			 0.0 			0.0
g4	 88 	 0.0 			 0.0 			0.0
g4	 89 	 0.0 			 0.0 			0.0
g4	 90 	 0.0 			 0.0 			0.0
g4	 91 	 0.0 			 0.0 			0.0
g4	 92 	 0.0 			 0.0 			0.0
g4	 93 	 0.0 			 0.0 			0.0
g4	 94 	 0.0 			 0.0 			0.0
g4	 95 	 0.0 			 0.0 			0.0
g4	 96 	 0.0 			 0.0 			0.0
----------------------------------------------------------------------------------------------------
g5	 1 	 0.0 			 0.0 			0.0
g5	 2 	 0.0 			 0.0 			0.0
g5	 3 	 0.0 			 0.0 			0.0
g5	 4 	 0.0 			 0.0 			0.0
g5	 5 	 0.0 			 0.0 			0.0
g5	 6 	 0.0 			 0.0 			0.0
g5	 7 	 0.0 			 0.0 			0.0
g5	 8 	 0.0 			 0.0 			0.0
g5	 9 	 0.0 			 0.0 			0.0
g5	 10 	 0.0 			 0.0 			0.0
g5	 11 	 0.0 			 0.0 			0.0
g5	 12 	 0.0 			 0.0 			0.0
g5	 13 	 0.0 			 0.0 			0.0
g5	 14 	 0.0 			 0.0 			0.0
g5	 15 	 0.0 			 0.0 			0.0
g5	 16 	 0.0 			 0.0 			0.0
g5	 17 	 0.0 			 0.0 			0.0
g5	 18 	 0.0 			 0.0 			0.0
g5	 19 	 0.0 			 0.0 			0.0
g5	 20 	 0.0 			 0.0 			0.0
g5	 21 	 0.0 			 0.0 			0.0
g5	 22 	 0.0 			 0.0 			0.0
g5	 23 	 0.0 			 0.0 			0.0
g5	 24 	 0.0 			 0.0 			0.0
g5	 25 	 348.846531 			 6821.79 			7170.636531
g5	 26 	 348.846531 			 0.0 			348.846531
g5	 27 	 348.846531 			 0.0 			348.846531
g5	 28 	 348.846531 			 0.0 			348.846531
g5	 29 	 348.846531 			 0.0 			348.846531
g5	 30 	 348.846531 			 0.0 			348.846531
g5	 31 	 348.846531 			 0.0 			348.846531
g5	 32 	 348.846531 			 0.0 			348.846531
g5	 33 	 348.846531 			 0.0 			348.846531
g5	 34 	 348.846531 			 0.0 			348.846531
g5	 35 	 348.846531 			 0.0 			348.846531
g5	 36 	 348.846531 			 0.0 			348.846531
g5	 37 	 348.846531 			 0.0 			348.846531
g5	 38 	 348.846531 			 0.0 			348.846531
g5	 39 	 348.846531 			 0.0 			348.846531
g5	 40 	 348.846531 			 0.0 			348.846531
g5	 41 	 348.846531 			 0.0 			348.846531
g5	 42 	 348.846531 			 0.0 			348.846531
g5	 43 	 348.846531 			 0.0 			348.846531
g5	 44 	 348.846531 			 0.0 			348.846531
g5	 45 	 348.846531 			 0.0 			348.846531
g5	 46 	 437.539442 			 0.0 			437.539442
g5	 47 	 359.580491 			 0.0 			359.580491
g5	 48 	 348.846531 			 0.0 			348.846531
g5	 49 	 513.766082 			 0.0 			513.766082
g5	 50 	 424.163664 			 0.0 			424.163664
g5	 51 	 578.049724 			 0.0 			578.049724
g5	 52 	 537.429976 			 0.0 			537.429976
g5	 53 	 578.049724 			 0.0 			578.049724
g5	 54 	 578.049724 			 0.0 			578.049724
g5	 55 	 578.049724 			 0.0 			578.049724
g5	 56 	 578.049724 			 0.0 			578.049724
g5	 57 	 578.049724 			 0.0 			578.049724
g5	 58 	 578.049724 			 0.0 			578.049724
g5	 59 	 578.049724 			 0.0 			578.049724
g5	 60 	 578.049724 			 0.0 			578.049724
g5	 61 	 578.049724 			 0.0 			578.049724
g5	 62 	 578.049724 			 0.0 			578.049724
g5	 63 	 578.049724 			 0.0 			578.049724
g5	 64 	 602.816859 			 0.0 			602.816859
g5	 65 	 686.799864 			 0.0 			686.799864
g5	 66 	 618.754279 			 0.0 			618.754279
g5	 67 	 840.182275 			 0.0 			840.182275
g5	 68 	 844.403479 			 0.0 			844.403479
g5	 69 	 622.975482 			 0.0 			622.975482
g5	 70 	 578.049724 			 0.0 			578.049724
g5	 71 	 578.049724 			 0.0 			578.049724
g5	 72 	 578.049724 			 0.0 			578.049724
g5	 73 	 578.049724 			 0.0 			578.049724
g5	 74 	 489.559599 			 0.0 			489.559599
g5	 75 	 578.049724 			 0.0 			578.049724
g5	 76 	 578.049724 			 0.0 			578.049724
g5	 77 	 578.049724 			 0.0 			578.049724
g5	 78 	 512.477121 			 0.0 			512.477121
g5	 79 	 517.560788 			 0.0 			517.560788
g5	 80 	 578.049724 			 0.0 			578.049724
g5	 81 	 578.049724 			 0.0 			578.049724
g5	 82 	 514.910464 			 0.0 			514.910464
g5	 83 	 578.049724 			 0.0 			578.049724
g5	 84 	 534.804408 			 0.0 			534.804408
g5	 85 	 593.496717 			 0.0 			593.496717
g5	 86 	 449.64123 			 0.0 			449.64123
g5	 87 	 627.071021 			 0.0 			627.071021
g5	 88 	 449.64123 			 0.0 			449.64123
g5	 89 	 348.846531 			 0.0 			348.846531
g5	 90 	 348.846531 			 0.0 			348.846531
g5	 91 	 348.846531 			 0.0 			348.846531
g5	 92 	 348.846531 			 0.0 			348.846531
g5	 93 	 0.0 			 0.0 			0.0
g5	 94 	 0.0 			 0.0 			0.0
g5	 95 	 0.0 			 0.0 			0.0
g5	 96 	 0.0 			 0.0 			0.0
----------------------------------------------------------------------------------------------------
 
unit 	 generation 	 generation cost 	 start-up cost 	 total cost
----------------------------------------------------------------------------------------------------
g1 	 6988.614481			260696.136913			 0.000000		 260696.136913
g2 	 0.000000			0.000000			 0.000000		 0.000000
g3 	 359.734034			21514.867613			 4595.430000		 26110.297613
g4 	 0.000000			0.000000			 0.000000		 0.000000
g5 	 598.014573			32964.678205			 6821.790000		 39786.468205
----------------------------------------------------------------------------------------------------
 
generation cost 	 start-up cost 		 total cost
----------------------------------------------------------------------------------------------------
315175.6827310004 			 11417.220000000001 			 326592.9027310004
----------------------------------------------------------------------------------------------------
uplift payment for generator g1: 0.0
uplift payment for generator g2: 0.0
uplift payment for generator g3: 7261.661843
uplift payment for generator g4: 0.0
uplift payment for generator g5: 9351.882667
 
****************************************************************************************************
 
rtm Systemwide prices
----------------------------------------------------------------------------------------------------
time	 energy 	 up-FRP 	 dw-FRP
----------------------------------------------------------------------------------------------------
1 	 9.408671 		 0.0 		 0.0
2 	 9.614507 		 0.0 		 0.0
3 	 9.614507 		 0.0 		 0.0
4 	 9.614507 		 0.0 		 0.0
5 	 9.408671 		 0.0 		 0.0
6 	 9.408671 		 0.0 		 0.0
7 	 9.408671 		 0.0 		 0.0
8 	 9.408671 		 0.0 		 0.0
9 	 9.408671 		 0.0 		 0.0
10 	 9.408671 		 0.0 		 0.0
11 	 9.408671 		 0.0 		 0.0
12 	 9.408671 		 0.0 		 0.0
13 	 9.408671 		 0.0 		 0.0
14 	 9.408671 		 0.0 		 0.0
15 	 9.408671 		 0.0 		 0.0
16 	 9.408671 		 0.0 		 0.0
17 	 9.408671 		 0.0 		 0.0
18 	 9.408671 		 0.0 		 0.0
19 	 9.408671 		 0.0 		 0.0
20 	 9.408671 		 0.0 		 0.0
21 	 9.408671 		 0.0 		 0.0
22 	 9.408671 		 0.0 		 0.0
23 	 9.408671 		 0.0 		 0.0
24 	 9.408671 		 0.0 		 0.0
25 	 9.408671 		 0.0 		 0.0
26 	 9.408671 		 0.0 		 0.0
27 	 9.408671 		 0.0 		 0.0
28 	 9.408671 		 0.0 		 0.0
29 	 9.614507 		 0.0 		 0.0
30 	 9.614507 		 0.0 		 0.0
31 	 9.614507 		 0.0 		 0.0
32 	 9.614507 		 0.0 		 0.0
33 	 9.614507 		 0.0 		 0.0
34 	 9.614507 		 0.0 		 0.0
35 	 9.614507 		 0.0 		 0.0
36 	 9.614507 		 0.0 		 0.0
37 	 9.614507 		 0.0 		 0.0
38 	 9.614507 		 0.0 		 0.0
39 	 9.614507 		 0.0 		 0.0
40 	 9.614507 		 0.0 		 0.0
41 	 9.614507 		 0.0 		 0.0
42 	 9.614507 		 0.0 		 0.0
43 	 9.614507 		 0.0 		 0.0
44 	 9.614507 		 0.0 		 0.0
45 	 9.614507 		 0.0 		 0.0
46 	 11.022192 		 0.0 		 0.0
47 	 11.022192 		 0.0 		 0.0
48 	 9.614507 		 0.0 		 0.0
49 	 11.862367 		 0.0 		 0.0
50 	 11.022192 		 0.0 		 0.0
51 	 11.862367 		 0.0 		 0.0
52 	 11.022192 		 0.0 		 0.0
53 	 11.862367 		 0.0 		 0.0
54 	 11.862367 		 0.0 		 0.0
55 	 11.862367 		 0.0 		 0.0
56 	 11.862367 		 0.0 		 0.0
57 	 11.862367 		 0.0 		 0.0
58 	 11.862367 		 0.0 		 0.0
59 	 11.862367 		 0.0 		 0.0
60 	 11.862367 		 0.0 		 0.0
61 	 11.862367 		 0.0 		 0.0
62 	 11.862367 		 0.0 		 0.0
63 	 11.862367 		 0.0 		 0.0
64 	 14.798864 		 0.0 		 0.0
65 	 14.798864 		 0.0 		 0.0
66 	 12.074984 		 0.0 		 0.0
67 	 17.522743 		 0.0 		 0.0
68 	 17.522743 		 0.0 		 0.0
69 	 12.074984 		 0.0 		 0.0
70 	 11.862367 		 0.0 		 0.0
71 	 11.862367 		 0.0 		 0.0
72 	 11.862367 		 0.0 		 0.0
73 	 12.702542 		 0.0 		 0.0
74 	 11.022192 		 0.0 		 0.0
75 	 11.862367 		 0.0 		 0.0
76 	 11.862367 		 0.0 		 0.0
77 	 11.862367 		 0.0 		 0.0
78 	 11.022192 		 0.0 		 0.0
79 	 11.022192 		 0.0 		 0.0
80 	 11.862367 		 0.0 		 0.0
81 	 11.862367 		 0.0 		 0.0
82 	 11.022192 		 0.0 		 0.0
83 	 11.862367 		 0.0 		 0.0
84 	 11.022192 		 0.0 		 0.0
85 	 14.798864 		 0.0 		 0.0
86 	 9.614507 		 0.0 		 0.0
87 	 17.614233 		 0.0 		 0.0
88 	 9.614507 		 0.0 		 0.0
89 	 9.614507 		 0.0 		 0.0
90 	 9.614507 		 0.0 		 0.0
91 	 9.614507 		 0.0 		 0.0
92 	 9.614507 		 0.0 		 0.0
93 	 9.614507 		 0.0 		 0.0
94 	 9.614507 		 0.0 		 0.0
95 	 9.614507 		 0.0 		 0.0
96 	 9.614507 		 0.0 		 0.0
 
****************************************************************************************************
 
rtm Post-uplift payments
----------------------------------------------------------------------------------------------------------------------------------------------------
unit 	 generation payment 	 up-FRP payment 	 dw-FRP payment 	pre-up t. payment 	 uplift payments 	 post-up t. payment 	 profit
----------------------------------------------------------------------------------------------------------------------------------------------------
 g1 	 16997.494540			 0.000000			 0.000000			 16997.494540			 0.000000			 16997.494540		 64479.069370
 g2 	 0.000000			 0.000000			 0.000000			 0.000000			 0.000000			 0.000000		 0.000000
 g3 	 842.194321			 0.000000			 0.000000			 842.194321			 7261.661843			 8103.856164		 0.000000
 g4 	 0.000000			 0.000000			 0.000000			 0.000000			 0.000000			 0.000000		 0.000000
 g5 	 1503.645718			 0.000000			 0.000000			 1503.645718			 9351.882667			 10855.528385		 0.000000
****************************************************************************************************
 
Total generator payments
----------------------------------------------------------------------------------------------------------------------------------------------------
unit 	 generation payment 	 up-FRP payment 	 dw-FRP payment 	pre-up t. payment 	 uplift payments 	 post-up t. payment 	 profit
----------------------------------------------------------------------------------------------------------------------------------------------------
 g1 	 324983.513173			 191.693110			 0.000000			 325175.206283			 0.000000			 325175.206283		 64479.069370
 g2 	 0.000000			 0.000000			 0.000000			 0.000000			 0.000000			 0.000000		 0.000000
 g3 	 18848.635770			 0.000000			 0.000000			 18848.635770			 7261.661843			 26110.297613		 0.000000
 g4 	 0.000000			 0.000000			 0.000000			 0.000000			 0.000000			 0.000000		 0.000000
 g5 	 30434.585538			 0.000000			 0.000000			 30434.585538			 9351.882667			 39786.468205		 0.000000
 
****************************************************************************************************
 
rtm LMP
----------------------------------------------------------------------------------------------------
bus name 	 time 		 LMP
----------------------------------------------------------------------------------------------------
b1 		 1 		 9.408671
b1 		 2 		 9.614507
b1 		 3 		 9.614507
b1 		 4 		 9.614507
b1 		 5 		 9.408671
b1 		 6 		 9.408671
b1 		 7 		 9.408671
b1 		 8 		 9.408671
b1 		 9 		 9.408671
b1 		 10 		 9.408671
b1 		 11 		 9.408671
b1 		 12 		 9.408671
b1 		 13 		 9.408671
b1 		 14 		 9.408671
b1 		 15 		 9.408671
b1 		 16 		 9.408671
b1 		 17 		 9.408671
b1 		 18 		 9.408671
b1 		 19 		 9.408671
b1 		 20 		 9.408671
b1 		 21 		 9.408671
b1 		 22 		 9.408671
b1 		 23 		 9.408671
b1 		 24 		 9.408671
b1 		 25 		 9.408671
b1 		 26 		 9.408671
b1 		 27 		 9.408671
b1 		 28 		 9.408671
b1 		 29 		 9.614507
b1 		 30 		 9.614507
b1 		 31 		 9.614507
b1 		 32 		 9.614507
b1 		 33 		 9.614507
b1 		 34 		 9.614507
b1 		 35 		 9.614507
b1 		 36 		 9.614507
b1 		 37 		 9.614507
b1 		 38 		 9.614507
b1 		 39 		 9.614507
b1 		 40 		 9.614507
b1 		 41 		 9.614507
b1 		 42 		 9.614507
b1 		 43 		 9.614507
b1 		 44 		 9.614507
b1 		 45 		 9.614507
b1 		 46 		 11.022192
b1 		 47 		 11.022192
b1 		 48 		 9.614507
b1 		 49 		 11.862367
b1 		 50 		 11.022192
b1 		 51 		 11.862367
b1 		 52 		 11.022192
b1 		 53 		 11.862367
b1 		 54 		 11.862367
b1 		 55 		 11.862367
b1 		 56 		 11.862367
b1 		 57 		 11.862367
b1 		 58 		 11.862367
b1 		 59 		 11.862367
b1 		 60 		 11.862367
b1 		 61 		 11.862367
b1 		 62 		 11.862367
b1 		 63 		 11.862367
b1 		 64 		 14.798864
b1 		 65 		 14.798864
b1 		 66 		 12.074984
b1 		 67 		 17.522743
b1 		 68 		 17.522743
b1 		 69 		 12.074984
b1 		 70 		 11.862367
b1 		 71 		 11.862367
b1 		 72 		 11.862367
b1 		 73 		 12.702542
b1 		 74 		 11.022192
b1 		 75 		 11.862367
b1 		 76 		 11.862367
b1 		 77 		 11.862367
b1 		 78 		 11.022192
b1 		 79 		 11.022192
b1 		 80 		 11.862367
b1 		 81 		 11.862367
b1 		 82 		 11.022192
b1 		 83 		 11.862367
b1 		 84 		 11.022192
b1 		 85 		 14.798864
b1 		 86 		 9.614507
b1 		 87 		 17.614233
b1 		 88 		 9.614507
b1 		 89 		 9.614507
b1 		 90 		 9.614507
b1 		 91 		 9.614507
b1 		 92 		 9.614507
b1 		 93 		 9.614507
b1 		 94 		 9.614507
b1 		 95 		 9.614507
b1 		 96 		 9.614507
----------------------------------------------------------------------------------------------------
b2 		 1 		 9.408671
b2 		 2 		 9.614507
b2 		 3 		 9.614507
b2 		 4 		 9.614507
b2 		 5 		 9.408671
b2 		 6 		 9.408671
b2 		 7 		 9.408671
b2 		 8 		 9.408671
b2 		 9 		 9.408671
b2 		 10 		 9.408671
b2 		 11 		 9.408671
b2 		 12 		 9.408671
b2 		 13 		 9.408671
b2 		 14 		 9.408671
b2 		 15 		 9.408671
b2 		 16 		 9.408671
b2 		 17 		 9.408671
b2 		 18 		 9.408671
b2 		 19 		 9.408671
b2 		 20 		 9.408671
b2 		 21 		 9.408671
b2 		 22 		 9.408671
b2 		 23 		 9.408671
b2 		 24 		 9.408671
b2 		 25 		 9.408671
b2 		 26 		 9.408671
b2 		 27 		 9.408671
b2 		 28 		 9.408671
b2 		 29 		 9.614507
b2 		 30 		 9.614507
b2 		 31 		 9.614507
b2 		 32 		 9.614507
b2 		 33 		 9.614507
b2 		 34 		 9.614507
b2 		 35 		 9.614507
b2 		 36 		 9.614507
b2 		 37 		 9.614507
b2 		 38 		 9.614507
b2 		 39 		 9.614507
b2 		 40 		 9.614507
b2 		 41 		 9.614507
b2 		 42 		 9.614507
b2 		 43 		 9.614507
b2 		 44 		 9.614507
b2 		 45 		 9.614507
b2 		 46 		 11.022192
b2 		 47 		 11.022192
b2 		 48 		 9.614507
b2 		 49 		 11.862367
b2 		 50 		 11.022192
b2 		 51 		 11.862367
b2 		 52 		 11.022192
b2 		 53 		 11.862367
b2 		 54 		 11.862367
b2 		 55 		 11.862367
b2 		 56 		 11.862367
b2 		 57 		 11.862367
b2 		 58 		 11.862367
b2 		 59 		 11.862367
b2 		 60 		 11.862367
b2 		 61 		 11.862367
b2 		 62 		 11.862367
b2 		 63 		 11.862367
b2 		 64 		 14.798864
b2 		 65 		 14.798864
b2 		 66 		 12.074984
b2 		 67 		 17.522743
b2 		 68 		 17.522743
b2 		 69 		 12.074984
b2 		 70 		 11.862367
b2 		 71 		 11.862367
b2 		 72 		 11.862367
b2 		 73 		 12.702542
b2 		 74 		 11.022192
b2 		 75 		 11.862367
b2 		 76 		 11.862367
b2 		 77 		 11.862367
b2 		 78 		 11.022192
b2 		 79 		 11.022192
b2 		 80 		 11.862367
b2 		 81 		 11.862367
b2 		 82 		 11.022192
b2 		 83 		 11.862367
b2 		 84 		 11.022192
b2 		 85 		 14.798864
b2 		 86 		 9.614507
b2 		 87 		 17.614233
b2 		 88 		 9.614507
b2 		 89 		 9.614507
b2 		 90 		 9.614507
b2 		 91 		 9.614507
b2 		 92 		 9.614507
b2 		 93 		 9.614507
b2 		 94 		 9.614507
b2 		 95 		 9.614507
b2 		 96 		 9.614507
----------------------------------------------------------------------------------------------------
b3 		 1 		 9.408671
b3 		 2 		 9.614507
b3 		 3 		 9.614507
b3 		 4 		 9.614507
b3 		 5 		 9.408671
b3 		 6 		 9.408671
b3 		 7 		 9.408671
b3 		 8 		 9.408671
b3 		 9 		 9.408671
b3 		 10 		 9.408671
b3 		 11 		 9.408671
b3 		 12 		 9.408671
b3 		 13 		 9.408671
b3 		 14 		 9.408671
b3 		 15 		 9.408671
b3 		 16 		 9.408671
b3 		 17 		 9.408671
b3 		 18 		 9.408671
b3 		 19 		 9.408671
b3 		 20 		 9.408671
b3 		 21 		 9.408671
b3 		 22 		 9.408671
b3 		 23 		 9.408671
b3 		 24 		 9.408671
b3 		 25 		 9.408671
b3 		 26 		 9.408671
b3 		 27 		 9.408671
b3 		 28 		 9.408671
b3 		 29 		 9.614507
b3 		 30 		 9.614507
b3 		 31 		 9.614507
b3 		 32 		 9.614507
b3 		 33 		 9.614507
b3 		 34 		 9.614507
b3 		 35 		 9.614507
b3 		 36 		 9.614507
b3 		 37 		 9.614507
b3 		 38 		 9.614507
b3 		 39 		 9.614507
b3 		 40 		 9.614507
b3 		 41 		 9.614507
b3 		 42 		 9.614507
b3 		 43 		 9.614507
b3 		 44 		 9.614507
b3 		 45 		 9.614507
b3 		 46 		 11.022192
b3 		 47 		 11.022192
b3 		 48 		 9.614507
b3 		 49 		 11.862367
b3 		 50 		 11.022192
b3 		 51 		 11.862367
b3 		 52 		 11.022192
b3 		 53 		 11.862367
b3 		 54 		 11.862367
b3 		 55 		 11.862367
b3 		 56 		 11.862367
b3 		 57 		 11.862367
b3 		 58 		 11.862367
b3 		 59 		 11.862367
b3 		 60 		 11.862367
b3 		 61 		 11.862367
b3 		 62 		 11.862367
b3 		 63 		 11.862367
b3 		 64 		 14.798864
b3 		 65 		 14.798864
b3 		 66 		 12.074984
b3 		 67 		 17.522743
b3 		 68 		 17.522743
b3 		 69 		 12.074984
b3 		 70 		 11.862367
b3 		 71 		 11.862367
b3 		 72 		 11.862367
b3 		 73 		 12.702542
b3 		 74 		 11.022192
b3 		 75 		 11.862367
b3 		 76 		 11.862367
b3 		 77 		 11.862367
b3 		 78 		 11.022192
b3 		 79 		 11.022192
b3 		 80 		 11.862367
b3 		 81 		 11.862367
b3 		 82 		 11.022192
b3 		 83 		 11.862367
b3 		 84 		 11.022192
b3 		 85 		 14.798864
b3 		 86 		 9.614507
b3 		 87 		 17.614233
b3 		 88 		 9.614507
b3 		 89 		 9.614507
b3 		 90 		 9.614507
b3 		 91 		 9.614507
b3 		 92 		 9.614507
b3 		 93 		 9.614507
b3 		 94 		 9.614507
b3 		 95 		 9.614507
b3 		 96 		 9.614507
----------------------------------------------------------------------------------------------------
b4 		 1 		 9.408671
b4 		 2 		 9.614507
b4 		 3 		 9.614507
b4 		 4 		 9.614507
b4 		 5 		 9.408671
b4 		 6 		 9.408671
b4 		 7 		 9.408671
b4 		 8 		 9.408671
b4 		 9 		 9.408671
b4 		 10 		 9.408671
b4 		 11 		 9.408671
b4 		 12 		 9.408671
b4 		 13 		 9.408671
b4 		 14 		 9.408671
b4 		 15 		 9.408671
b4 		 16 		 9.408671
b4 		 17 		 9.408671
b4 		 18 		 9.408671
b4 		 19 		 9.408671
b4 		 20 		 9.408671
b4 		 21 		 9.408671
b4 		 22 		 9.408671
b4 		 23 		 9.408671
b4 		 24 		 9.408671
b4 		 25 		 9.408671
b4 		 26 		 9.408671
b4 		 27 		 9.408671
b4 		 28 		 9.408671
b4 		 29 		 9.614507
b4 		 30 		 9.614507
b4 		 31 		 9.614507
b4 		 32 		 9.614507
b4 		 33 		 9.614507
b4 		 34 		 9.614507
b4 		 35 		 9.614507
b4 		 36 		 9.614507
b4 		 37 		 9.614507
b4 		 38 		 9.614507
b4 		 39 		 9.614507
b4 		 40 		 9.614507
b4 		 41 		 9.614507
b4 		 42 		 9.614507
b4 		 43 		 9.614507
b4 		 44 		 9.614507
b4 		 45 		 9.614507
b4 		 46 		 11.022192
b4 		 47 		 11.022192
b4 		 48 		 9.614507
b4 		 49 		 11.862367
b4 		 50 		 11.022192
b4 		 51 		 11.862367
b4 		 52 		 11.022192
b4 		 53 		 11.862367
b4 		 54 		 11.862367
b4 		 55 		 11.862367
b4 		 56 		 11.862367
b4 		 57 		 11.862367
b4 		 58 		 11.862367
b4 		 59 		 11.862367
b4 		 60 		 11.862367
b4 		 61 		 11.862367
b4 		 62 		 11.862367
b4 		 63 		 11.862367
b4 		 64 		 14.798864
b4 		 65 		 14.798864
b4 		 66 		 12.074984
b4 		 67 		 17.522743
b4 		 68 		 17.522743
b4 		 69 		 12.074984
b4 		 70 		 11.862367
b4 		 71 		 11.862367
b4 		 72 		 11.862367
b4 		 73 		 12.702542
b4 		 74 		 11.022192
b4 		 75 		 11.862367
b4 		 76 		 11.862367
b4 		 77 		 11.862367
b4 		 78 		 11.022192
b4 		 79 		 11.022192
b4 		 80 		 11.862367
b4 		 81 		 11.862367
b4 		 82 		 11.022192
b4 		 83 		 11.862367
b4 		 84 		 11.022192
b4 		 85 		 14.798864
b4 		 86 		 9.614507
b4 		 87 		 17.614233
b4 		 88 		 9.614507
b4 		 89 		 9.614507
b4 		 90 		 9.614507
b4 		 91 		 9.614507
b4 		 92 		 9.614507
b4 		 93 		 9.614507
b4 		 94 		 9.614507
b4 		 95 		 9.614507
b4 		 96 		 9.614507
----------------------------------------------------------------------------------------------------
b5 		 1 		 9.408671
b5 		 2 		 9.614507
b5 		 3 		 9.614507
b5 		 4 		 9.614507
b5 		 5 		 9.408671
b5 		 6 		 9.408671
b5 		 7 		 9.408671
b5 		 8 		 9.408671
b5 		 9 		 9.408671
b5 		 10 		 9.408671
b5 		 11 		 9.408671
b5 		 12 		 9.408671
b5 		 13 		 9.408671
b5 		 14 		 9.408671
b5 		 15 		 9.408671
b5 		 16 		 9.408671
b5 		 17 		 9.408671
b5 		 18 		 9.408671
b5 		 19 		 9.408671
b5 		 20 		 9.408671
b5 		 21 		 9.408671
b5 		 22 		 9.408671
b5 		 23 		 9.408671
b5 		 24 		 9.408671
b5 		 25 		 9.408671
b5 		 26 		 9.408671
b5 		 27 		 9.408671
b5 		 28 		 9.408671
b5 		 29 		 9.614507
b5 		 30 		 9.614507
b5 		 31 		 9.614507
b5 		 32 		 9.614507
b5 		 33 		 9.614507
b5 		 34 		 9.614507
b5 		 35 		 9.614507
b5 		 36 		 9.614507
b5 		 37 		 9.614507
b5 		 38 		 9.614507
b5 		 39 		 9.614507
b5 		 40 		 9.614507
b5 		 41 		 9.614507
b5 		 42 		 9.614507
b5 		 43 		 9.614507
b5 		 44 		 9.614507
b5 		 45 		 9.614507
b5 		 46 		 11.022192
b5 		 47 		 11.022192
b5 		 48 		 9.614507
b5 		 49 		 11.862367
b5 		 50 		 11.022192
b5 		 51 		 11.862367
b5 		 52 		 11.022192
b5 		 53 		 11.862367
b5 		 54 		 11.862367
b5 		 55 		 11.862367
b5 		 56 		 11.862367
b5 		 57 		 11.862367
b5 		 58 		 11.862367
b5 		 59 		 11.862367
b5 		 60 		 11.862367
b5 		 61 		 11.862367
b5 		 62 		 11.862367
b5 		 63 		 11.862367
b5 		 64 		 14.798864
b5 		 65 		 14.798864
b5 		 66 		 12.074984
b5 		 67 		 17.522743
b5 		 68 		 17.522743
b5 		 69 		 12.074984
b5 		 70 		 11.862367
b5 		 71 		 11.862367
b5 		 72 		 11.862367
b5 		 73 		 12.702542
b5 		 74 		 11.022192
b5 		 75 		 11.862367
b5 		 76 		 11.862367
b5 		 77 		 11.862367
b5 		 78 		 11.022192
b5 		 79 		 11.022192
b5 		 80 		 11.862367
b5 		 81 		 11.862367
b5 		 82 		 11.022192
b5 		 83 		 11.862367
b5 		 84 		 11.022192
b5 		 85 		 14.798864
b5 		 86 		 9.614507
b5 		 87 		 17.614233
b5 		 88 		 9.614507
b5 		 89 		 9.614507
b5 		 90 		 9.614507
b5 		 91 		 9.614507
b5 		 92 		 9.614507
b5 		 93 		 9.614507
b5 		 94 		 9.614507
b5 		 95 		 9.614507
b5 		 96 		 9.614507
----------------------------------------------------------------------------------------------------
b6 		 1 		 9.408671
b6 		 2 		 9.614507
b6 		 3 		 9.614507
b6 		 4 		 9.614507
b6 		 5 		 9.408671
b6 		 6 		 9.408671
b6 		 7 		 9.408671
b6 		 8 		 9.408671
b6 		 9 		 9.408671
b6 		 10 		 9.408671
b6 		 11 		 9.408671
b6 		 12 		 9.408671
b6 		 13 		 9.408671
b6 		 14 		 9.408671
b6 		 15 		 9.408671
b6 		 16 		 9.408671
b6 		 17 		 9.408671
b6 		 18 		 9.408671
b6 		 19 		 9.408671
b6 		 20 		 9.408671
b6 		 21 		 9.408671
b6 		 22 		 9.408671
b6 		 23 		 9.408671
b6 		 24 		 9.408671
b6 		 25 		 9.408671
b6 		 26 		 9.408671
b6 		 27 		 9.408671
b6 		 28 		 9.408671
b6 		 29 		 9.614507
b6 		 30 		 9.614507
b6 		 31 		 9.614507
b6 		 32 		 9.614507
b6 		 33 		 9.614507
b6 		 34 		 9.614507
b6 		 35 		 9.614507
b6 		 36 		 9.614507
b6 		 37 		 9.614507
b6 		 38 		 9.614507
b6 		 39 		 9.614507
b6 		 40 		 9.614507
b6 		 41 		 9.614507
b6 		 42 		 9.614507
b6 		 43 		 9.614507
b6 		 44 		 9.614507
b6 		 45 		 9.614507
b6 		 46 		 11.022192
b6 		 47 		 11.022192
b6 		 48 		 9.614507
b6 		 49 		 11.862367
b6 		 50 		 11.022192
b6 		 51 		 11.862367
b6 		 52 		 11.022192
b6 		 53 		 11.862367
b6 		 54 		 11.862367
b6 		 55 		 11.862367
b6 		 56 		 11.862367
b6 		 57 		 11.862367
b6 		 58 		 11.862367
b6 		 59 		 11.862367
b6 		 60 		 11.862367
b6 		 61 		 11.862367
b6 		 62 		 11.862367
b6 		 63 		 11.862367
b6 		 64 		 14.798864
b6 		 65 		 14.798864
b6 		 66 		 12.074984
b6 		 67 		 17.522743
b6 		 68 		 17.522743
b6 		 69 		 12.074984
b6 		 70 		 11.862367
b6 		 71 		 11.862367
b6 		 72 		 11.862367
b6 		 73 		 12.702542
b6 		 74 		 11.022192
b6 		 75 		 11.862367
b6 		 76 		 11.862367
b6 		 77 		 11.862367
b6 		 78 		 11.022192
b6 		 79 		 11.022192
b6 		 80 		 11.862367
b6 		 81 		 11.862367
b6 		 82 		 11.022192
b6 		 83 		 11.862367
b6 		 84 		 11.022192
b6 		 85 		 14.798864
b6 		 86 		 9.614507
b6 		 87 		 17.614233
b6 		 88 		 9.614507
b6 		 89 		 9.614507
b6 		 90 		 9.614507
b6 		 91 		 9.614507
b6 		 92 		 9.614507
b6 		 93 		 9.614507
b6 		 94 		 9.614507
b6 		 95 		 9.614507
b6 		 96 		 9.614507
----------------------------------------------------------------------------------------------------
b7 		 1 		 9.408671
b7 		 2 		 9.614507
b7 		 3 		 9.614507
b7 		 4 		 9.614507
b7 		 5 		 9.408671
b7 		 6 		 9.408671
b7 		 7 		 9.408671
b7 		 8 		 9.408671
b7 		 9 		 9.408671
b7 		 10 		 9.408671
b7 		 11 		 9.408671
b7 		 12 		 9.408671
b7 		 13 		 9.408671
b7 		 14 		 9.408671
b7 		 15 		 9.408671
b7 		 16 		 9.408671
b7 		 17 		 9.408671
b7 		 18 		 9.408671
b7 		 19 		 9.408671
b7 		 20 		 9.408671
b7 		 21 		 9.408671
b7 		 22 		 9.408671
b7 		 23 		 9.408671
b7 		 24 		 9.408671
b7 		 25 		 9.408671
b7 		 26 		 9.408671
b7 		 27 		 9.408671
b7 		 28 		 9.408671
b7 		 29 		 9.614507
b7 		 30 		 9.614507
b7 		 31 		 9.614507
b7 		 32 		 9.614507
b7 		 33 		 9.614507
b7 		 34 		 9.614507
b7 		 35 		 9.614507
b7 		 36 		 9.614507
b7 		 37 		 9.614507
b7 		 38 		 9.614507
b7 		 39 		 9.614507
b7 		 40 		 9.614507
b7 		 41 		 9.614507
b7 		 42 		 9.614507
b7 		 43 		 9.614507
b7 		 44 		 9.614507
b7 		 45 		 9.614507
b7 		 46 		 11.022192
b7 		 47 		 11.022192
b7 		 48 		 9.614507
b7 		 49 		 11.862367
b7 		 50 		 11.022192
b7 		 51 		 11.862367
b7 		 52 		 11.022192
b7 		 53 		 11.862367
b7 		 54 		 11.862367
b7 		 55 		 11.862367
b7 		 56 		 11.862367
b7 		 57 		 11.862367
b7 		 58 		 11.862367
b7 		 59 		 11.862367
b7 		 60 		 11.862367
b7 		 61 		 11.862367
b7 		 62 		 11.862367
b7 		 63 		 11.862367
b7 		 64 		 14.798864
b7 		 65 		 14.798864
b7 		 66 		 12.074984
b7 		 67 		 17.522743
b7 		 68 		 17.522743
b7 		 69 		 12.074984
b7 		 70 		 11.862367
b7 		 71 		 11.862367
b7 		 72 		 11.862367
b7 		 73 		 12.702542
b7 		 74 		 11.022192
b7 		 75 		 11.862367
b7 		 76 		 11.862367
b7 		 77 		 11.862367
b7 		 78 		 11.022192
b7 		 79 		 11.022192
b7 		 80 		 11.862367
b7 		 81 		 11.862367
b7 		 82 		 11.022192
b7 		 83 		 11.862367
b7 		 84 		 11.022192
b7 		 85 		 14.798864
b7 		 86 		 9.614507
b7 		 87 		 17.614233
b7 		 88 		 9.614507
b7 		 89 		 9.614507
b7 		 90 		 9.614507
b7 		 91 		 9.614507
b7 		 92 		 9.614507
b7 		 93 		 9.614507
b7 		 94 		 9.614507
b7 		 95 		 9.614507
b7 		 96 		 9.614507
----------------------------------------------------------------------------------------------------
b8 		 1 		 9.408671
b8 		 2 		 9.614507
b8 		 3 		 9.614507
b8 		 4 		 9.614507
b8 		 5 		 9.408671
b8 		 6 		 9.408671
b8 		 7 		 9.408671
b8 		 8 		 9.408671
b8 		 9 		 9.408671
b8 		 10 		 9.408671
b8 		 11 		 9.408671
b8 		 12 		 9.408671
b8 		 13 		 9.408671
b8 		 14 		 9.408671
b8 		 15 		 9.408671
b8 		 16 		 9.408671
b8 		 17 		 9.408671
b8 		 18 		 9.408671
b8 		 19 		 9.408671
b8 		 20 		 9.408671
b8 		 21 		 9.408671
b8 		 22 		 9.408671
b8 		 23 		 9.408671
b8 		 24 		 9.408671
b8 		 25 		 9.408671
b8 		 26 		 9.408671
b8 		 27 		 9.408671
b8 		 28 		 9.408671
b8 		 29 		 9.614507
b8 		 30 		 9.614507
b8 		 31 		 9.614507
b8 		 32 		 9.614507
b8 		 33 		 9.614507
b8 		 34 		 9.614507
b8 		 35 		 9.614507
b8 		 36 		 9.614507
b8 		 37 		 9.614507
b8 		 38 		 9.614507
b8 		 39 		 9.614507
b8 		 40 		 9.614507
b8 		 41 		 9.614507
b8 		 42 		 9.614507
b8 		 43 		 9.614507
b8 		 44 		 9.614507
b8 		 45 		 9.614507
b8 		 46 		 11.022192
b8 		 47 		 11.022192
b8 		 48 		 9.614507
b8 		 49 		 11.862367
b8 		 50 		 11.022192
b8 		 51 		 11.862367
b8 		 52 		 11.022192
b8 		 53 		 11.862367
b8 		 54 		 11.862367
b8 		 55 		 11.862367
b8 		 56 		 11.862367
b8 		 57 		 11.862367
b8 		 58 		 11.862367
b8 		 59 		 11.862367
b8 		 60 		 11.862367
b8 		 61 		 11.862367
b8 		 62 		 11.862367
b8 		 63 		 11.862367
b8 		 64 		 14.798864
b8 		 65 		 14.798864
b8 		 66 		 12.074984
b8 		 67 		 17.522743
b8 		 68 		 17.522743
b8 		 69 		 12.074984
b8 		 70 		 11.862367
b8 		 71 		 11.862367
b8 		 72 		 11.862367
b8 		 73 		 12.702542
b8 		 74 		 11.022192
b8 		 75 		 11.862367
b8 		 76 		 11.862367
b8 		 77 		 11.862367
b8 		 78 		 11.022192
b8 		 79 		 11.022192
b8 		 80 		 11.862367
b8 		 81 		 11.862367
b8 		 82 		 11.022192
b8 		 83 		 11.862367
b8 		 84 		 11.022192
b8 		 85 		 14.798864
b8 		 86 		 9.614507
b8 		 87 		 17.614233
b8 		 88 		 9.614507
b8 		 89 		 9.614507
b8 		 90 		 9.614507
b8 		 91 		 9.614507
b8 		 92 		 9.614507
b8 		 93 		 9.614507
b8 		 94 		 9.614507
b8 		 95 		 9.614507
b8 		 96 		 9.614507
----------------------------------------------------------------------------------------------------
b9 		 1 		 9.408671
b9 		 2 		 9.614507
b9 		 3 		 9.614507
b9 		 4 		 9.614507
b9 		 5 		 9.408671
b9 		 6 		 9.408671
b9 		 7 		 9.408671
b9 		 8 		 9.408671
b9 		 9 		 9.408671
b9 		 10 		 9.408671
b9 		 11 		 9.408671
b9 		 12 		 9.408671
b9 		 13 		 9.408671
b9 		 14 		 9.408671
b9 		 15 		 9.408671
b9 		 16 		 9.408671
b9 		 17 		 9.408671
b9 		 18 		 9.408671
b9 		 19 		 9.408671
b9 		 20 		 9.408671
b9 		 21 		 9.408671
b9 		 22 		 9.408671
b9 		 23 		 9.408671
b9 		 24 		 9.408671
b9 		 25 		 9.408671
b9 		 26 		 9.408671
b9 		 27 		 9.408671
b9 		 28 		 9.408671
b9 		 29 		 9.614507
b9 		 30 		 9.614507
b9 		 31 		 9.614507
b9 		 32 		 9.614507
b9 		 33 		 9.614507
b9 		 34 		 9.614507
b9 		 35 		 9.614507
b9 		 36 		 9.614507
b9 		 37 		 9.614507
b9 		 38 		 9.614507
b9 		 39 		 9.614507
b9 		 40 		 9.614507
b9 		 41 		 9.614507
b9 		 42 		 9.614507
b9 		 43 		 9.614507
b9 		 44 		 9.614507
b9 		 45 		 9.614507
b9 		 46 		 11.022192
b9 		 47 		 11.022192
b9 		 48 		 9.614507
b9 		 49 		 11.862367
b9 		 50 		 11.022192
b9 		 51 		 11.862367
b9 		 52 		 11.022192
b9 		 53 		 11.862367
b9 		 54 		 11.862367
b9 		 55 		 11.862367
b9 		 56 		 11.862367
b9 		 57 		 11.862367
b9 		 58 		 11.862367
b9 		 59 		 11.862367
b9 		 60 		 11.862367
b9 		 61 		 11.862367
b9 		 62 		 11.862367
b9 		 63 		 11.862367
b9 		 64 		 14.798864
b9 		 65 		 14.798864
b9 		 66 		 12.074984
b9 		 67 		 17.522743
b9 		 68 		 17.522743
b9 		 69 		 12.074984
b9 		 70 		 11.862367
b9 		 71 		 11.862367
b9 		 72 		 11.862367
b9 		 73 		 12.702542
b9 		 74 		 11.022192
b9 		 75 		 11.862367
b9 		 76 		 11.862367
b9 		 77 		 11.862367
b9 		 78 		 11.022192
b9 		 79 		 11.022192
b9 		 80 		 11.862367
b9 		 81 		 11.862367
b9 		 82 		 11.022192
b9 		 83 		 11.862367
b9 		 84 		 11.022192
b9 		 85 		 14.798864
b9 		 86 		 9.614507
b9 		 87 		 17.614233
b9 		 88 		 9.614507
b9 		 89 		 9.614507
b9 		 90 		 9.614507
b9 		 91 		 9.614507
b9 		 92 		 9.614507
b9 		 93 		 9.614507
b9 		 94 		 9.614507
b9 		 95 		 9.614507
b9 		 96 		 9.614507
----------------------------------------------------------------------------------------------------
b10 		 1 		 9.408671
b10 		 2 		 9.614507
b10 		 3 		 9.614507
b10 		 4 		 9.614507
b10 		 5 		 9.408671
b10 		 6 		 9.408671
b10 		 7 		 9.408671
b10 		 8 		 9.408671
b10 		 9 		 9.408671
b10 		 10 		 9.408671
b10 		 11 		 9.408671
b10 		 12 		 9.408671
b10 		 13 		 9.408671
b10 		 14 		 9.408671
b10 		 15 		 9.408671
b10 		 16 		 9.408671
b10 		 17 		 9.408671
b10 		 18 		 9.408671
b10 		 19 		 9.408671
b10 		 20 		 9.408671
b10 		 21 		 9.408671
b10 		 22 		 9.408671
b10 		 23 		 9.408671
b10 		 24 		 9.408671
b10 		 25 		 9.408671
b10 		 26 		 9.408671
b10 		 27 		 9.408671
b10 		 28 		 9.408671
b10 		 29 		 9.614507
b10 		 30 		 9.614507
b10 		 31 		 9.614507
b10 		 32 		 9.614507
b10 		 33 		 9.614507
b10 		 34 		 9.614507
b10 		 35 		 9.614507
b10 		 36 		 9.614507
b10 		 37 		 9.614507
b10 		 38 		 9.614507
b10 		 39 		 9.614507
b10 		 40 		 9.614507
b10 		 41 		 9.614507
b10 		 42 		 9.614507
b10 		 43 		 9.614507
b10 		 44 		 9.614507
b10 		 45 		 9.614507
b10 		 46 		 11.022192
b10 		 47 		 11.022192
b10 		 48 		 9.614507
b10 		 49 		 11.862367
b10 		 50 		 11.022192
b10 		 51 		 11.862367
b10 		 52 		 11.022192
b10 		 53 		 11.862367
b10 		 54 		 11.862367
b10 		 55 		 11.862367
b10 		 56 		 11.862367
b10 		 57 		 11.862367
b10 		 58 		 11.862367
b10 		 59 		 11.862367
b10 		 60 		 11.862367
b10 		 61 		 11.862367
b10 		 62 		 11.862367
b10 		 63 		 11.862367
b10 		 64 		 14.798864
b10 		 65 		 14.798864
b10 		 66 		 12.074984
b10 		 67 		 17.522743
b10 		 68 		 17.522743
b10 		 69 		 12.074984
b10 		 70 		 11.862367
b10 		 71 		 11.862367
b10 		 72 		 11.862367
b10 		 73 		 12.702542
b10 		 74 		 11.022192
b10 		 75 		 11.862367
b10 		 76 		 11.862367
b10 		 77 		 11.862367
b10 		 78 		 11.022192
b10 		 79 		 11.022192
b10 		 80 		 11.862367
b10 		 81 		 11.862367
b10 		 82 		 11.022192
b10 		 83 		 11.862367
b10 		 84 		 11.022192
b10 		 85 		 14.798864
b10 		 86 		 9.614507
b10 		 87 		 17.614233
b10 		 88 		 9.614507
b10 		 89 		 9.614507
b10 		 90 		 9.614507
b10 		 91 		 9.614507
b10 		 92 		 9.614507
b10 		 93 		 9.614507
b10 		 94 		 9.614507
b10 		 95 		 9.614507
b10 		 96 		 9.614507
----------------------------------------------------------------------------------------------------
b11 		 1 		 9.408671
b11 		 2 		 9.614507
b11 		 3 		 9.614507
b11 		 4 		 9.614507
b11 		 5 		 9.408671
b11 		 6 		 9.408671
b11 		 7 		 9.408671
b11 		 8 		 9.408671
b11 		 9 		 9.408671
b11 		 10 		 9.408671
b11 		 11 		 9.408671
b11 		 12 		 9.408671
b11 		 13 		 9.408671
b11 		 14 		 9.408671
b11 		 15 		 9.408671
b11 		 16 		 9.408671
b11 		 17 		 9.408671
b11 		 18 		 9.408671
b11 		 19 		 9.408671
b11 		 20 		 9.408671
b11 		 21 		 9.408671
b11 		 22 		 9.408671
b11 		 23 		 9.408671
b11 		 24 		 9.408671
b11 		 25 		 9.408671
b11 		 26 		 9.408671
b11 		 27 		 9.408671
b11 		 28 		 9.408671
b11 		 29 		 9.614507
b11 		 30 		 9.614507
b11 		 31 		 9.614507
b11 		 32 		 9.614507
b11 		 33 		 9.614507
b11 		 34 		 9.614507
b11 		 35 		 9.614507
b11 		 36 		 9.614507
b11 		 37 		 9.614507
b11 		 38 		 9.614507
b11 		 39 		 9.614507
b11 		 40 		 9.614507
b11 		 41 		 9.614507
b11 		 42 		 9.614507
b11 		 43 		 9.614507
b11 		 44 		 9.614507
b11 		 45 		 9.614507
b11 		 46 		 11.022192
b11 		 47 		 11.022192
b11 		 48 		 9.614507
b11 		 49 		 11.862367
b11 		 50 		 11.022192
b11 		 51 		 11.862367
b11 		 52 		 11.022192
b11 		 53 		 11.862367
b11 		 54 		 11.862367
b11 		 55 		 11.862367
b11 		 56 		 11.862367
b11 		 57 		 11.862367
b11 		 58 		 11.862367
b11 		 59 		 11.862367
b11 		 60 		 11.862367
b11 		 61 		 11.862367
b11 		 62 		 11.862367
b11 		 63 		 11.862367
b11 		 64 		 14.798864
b11 		 65 		 14.798864
b11 		 66 		 12.074984
b11 		 67 		 17.522743
b11 		 68 		 17.522743
b11 		 69 		 12.074984
b11 		 70 		 11.862367
b11 		 71 		 11.862367
b11 		 72 		 11.862367
b11 		 73 		 12.702542
b11 		 74 		 11.022192
b11 		 75 		 11.862367
b11 		 76 		 11.862367
b11 		 77 		 11.862367
b11 		 78 		 11.022192
b11 		 79 		 11.022192
b11 		 80 		 11.862367
b11 		 81 		 11.862367
b11 		 82 		 11.022192
b11 		 83 		 11.862367
b11 		 84 		 11.022192
b11 		 85 		 14.798864
b11 		 86 		 9.614507
b11 		 87 		 17.614233
b11 		 88 		 9.614507
b11 		 89 		 9.614507
b11 		 90 		 9.614507
b11 		 91 		 9.614507
b11 		 92 		 9.614507
b11 		 93 		 9.614507
b11 		 94 		 9.614507
b11 		 95 		 9.614507
b11 		 96 		 9.614507
----------------------------------------------------------------------------------------------------
b12 		 1 		 9.408671
b12 		 2 		 9.614507
b12 		 3 		 9.614507
b12 		 4 		 9.614507
b12 		 5 		 9.408671
b12 		 6 		 9.408671
b12 		 7 		 9.408671
b12 		 8 		 9.408671
b12 		 9 		 9.408671
b12 		 10 		 9.408671
b12 		 11 		 9.408671
b12 		 12 		 9.408671
b12 		 13 		 9.408671
b12 		 14 		 9.408671
b12 		 15 		 9.408671
b12 		 16 		 9.408671
b12 		 17 		 9.408671
b12 		 18 		 9.408671
b12 		 19 		 9.408671
b12 		 20 		 9.408671
b12 		 21 		 9.408671
b12 		 22 		 9.408671
b12 		 23 		 9.408671
b12 		 24 		 9.408671
b12 		 25 		 9.408671
b12 		 26 		 9.408671
b12 		 27 		 9.408671
b12 		 28 		 9.408671
b12 		 29 		 9.614507
b12 		 30 		 9.614507
b12 		 31 		 9.614507
b12 		 32 		 9.614507
b12 		 33 		 9.614507
b12 		 34 		 9.614507
b12 		 35 		 9.614507
b12 		 36 		 9.614507
b12 		 37 		 9.614507
b12 		 38 		 9.614507
b12 		 39 		 9.614507
b12 		 40 		 9.614507
b12 		 41 		 9.614507
b12 		 42 		 9.614507
b12 		 43 		 9.614507
b12 		 44 		 9.614507
b12 		 45 		 9.614507
b12 		 46 		 11.022192
b12 		 47 		 11.022192
b12 		 48 		 9.614507
b12 		 49 		 11.862367
b12 		 50 		 11.022192
b12 		 51 		 11.862367
b12 		 52 		 11.022192
b12 		 53 		 11.862367
b12 		 54 		 11.862367
b12 		 55 		 11.862367
b12 		 56 		 11.862367
b12 		 57 		 11.862367
b12 		 58 		 11.862367
b12 		 59 		 11.862367
b12 		 60 		 11.862367
b12 		 61 		 11.862367
b12 		 62 		 11.862367
b12 		 63 		 11.862367
b12 		 64 		 14.798864
b12 		 65 		 14.798864
b12 		 66 		 12.074984
b12 		 67 		 17.522743
b12 		 68 		 17.522743
b12 		 69 		 12.074984
b12 		 70 		 11.862367
b12 		 71 		 11.862367
b12 		 72 		 11.862367
b12 		 73 		 12.702542
b12 		 74 		 11.022192
b12 		 75 		 11.862367
b12 		 76 		 11.862367
b12 		 77 		 11.862367
b12 		 78 		 11.022192
b12 		 79 		 11.022192
b12 		 80 		 11.862367
b12 		 81 		 11.862367
b12 		 82 		 11.022192
b12 		 83 		 11.862367
b12 		 84 		 11.022192
b12 		 85 		 14.798864
b12 		 86 		 9.614507
b12 		 87 		 17.614233
b12 		 88 		 9.614507
b12 		 89 		 9.614507
b12 		 90 		 9.614507
b12 		 91 		 9.614507
b12 		 92 		 9.614507
b12 		 93 		 9.614507
b12 		 94 		 9.614507
b12 		 95 		 9.614507
b12 		 96 		 9.614507
----------------------------------------------------------------------------------------------------
b13 		 1 		 9.408671
b13 		 2 		 9.614507
b13 		 3 		 9.614507
b13 		 4 		 9.614507
b13 		 5 		 9.408671
b13 		 6 		 9.408671
b13 		 7 		 9.408671
b13 		 8 		 9.408671
b13 		 9 		 9.408671
b13 		 10 		 9.408671
b13 		 11 		 9.408671
b13 		 12 		 9.408671
b13 		 13 		 9.408671
b13 		 14 		 9.408671
b13 		 15 		 9.408671
b13 		 16 		 9.408671
b13 		 17 		 9.408671
b13 		 18 		 9.408671
b13 		 19 		 9.408671
b13 		 20 		 9.408671
b13 		 21 		 9.408671
b13 		 22 		 9.408671
b13 		 23 		 9.408671
b13 		 24 		 9.408671
b13 		 25 		 9.408671
b13 		 26 		 9.408671
b13 		 27 		 9.408671
b13 		 28 		 9.408671
b13 		 29 		 9.614507
b13 		 30 		 9.614507
b13 		 31 		 9.614507
b13 		 32 		 9.614507
b13 		 33 		 9.614507
b13 		 34 		 9.614507
b13 		 35 		 9.614507
b13 		 36 		 9.614507
b13 		 37 		 9.614507
b13 		 38 		 9.614507
b13 		 39 		 9.614507
b13 		 40 		 9.614507
b13 		 41 		 9.614507
b13 		 42 		 9.614507
b13 		 43 		 9.614507
b13 		 44 		 9.614507
b13 		 45 		 9.614507
b13 		 46 		 11.022192
b13 		 47 		 11.022192
b13 		 48 		 9.614507
b13 		 49 		 11.862367
b13 		 50 		 11.022192
b13 		 51 		 11.862367
b13 		 52 		 11.022192
b13 		 53 		 11.862367
b13 		 54 		 11.862367
b13 		 55 		 11.862367
b13 		 56 		 11.862367
b13 		 57 		 11.862367
b13 		 58 		 11.862367
b13 		 59 		 11.862367
b13 		 60 		 11.862367
b13 		 61 		 11.862367
b13 		 62 		 11.862367
b13 		 63 		 11.862367
b13 		 64 		 14.798864
b13 		 65 		 14.798864
b13 		 66 		 12.074984
b13 		 67 		 17.522743
b13 		 68 		 17.522743
b13 		 69 		 12.074984
b13 		 70 		 11.862367
b13 		 71 		 11.862367
b13 		 72 		 11.862367
b13 		 73 		 12.702542
b13 		 74 		 11.022192
b13 		 75 		 11.862367
b13 		 76 		 11.862367
b13 		 77 		 11.862367
b13 		 78 		 11.022192
b13 		 79 		 11.022192
b13 		 80 		 11.862367
b13 		 81 		 11.862367
b13 		 82 		 11.022192
b13 		 83 		 11.862367
b13 		 84 		 11.022192
b13 		 85 		 14.798864
b13 		 86 		 9.614507
b13 		 87 		 17.614233
b13 		 88 		 9.614507
b13 		 89 		 9.614507
b13 		 90 		 9.614507
b13 		 91 		 9.614507
b13 		 92 		 9.614507
b13 		 93 		 9.614507
b13 		 94 		 9.614507
b13 		 95 		 9.614507
b13 		 96 		 9.614507
----------------------------------------------------------------------------------------------------
b14 		 1 		 9.408671
b14 		 2 		 9.614507
b14 		 3 		 9.614507
b14 		 4 		 9.614507
b14 		 5 		 9.408671
b14 		 6 		 9.408671
b14 		 7 		 9.408671
b14 		 8 		 9.408671
b14 		 9 		 9.408671
b14 		 10 		 9.408671
b14 		 11 		 9.408671
b14 		 12 		 9.408671
b14 		 13 		 9.408671
b14 		 14 		 9.408671
b14 		 15 		 9.408671
b14 		 16 		 9.408671
b14 		 17 		 9.408671
b14 		 18 		 9.408671
b14 		 19 		 9.408671
b14 		 20 		 9.408671
b14 		 21 		 9.408671
b14 		 22 		 9.408671
b14 		 23 		 9.408671
b14 		 24 		 9.408671
b14 		 25 		 9.408671
b14 		 26 		 9.408671
b14 		 27 		 9.408671
b14 		 28 		 9.408671
b14 		 29 		 9.614507
b14 		 30 		 9.614507
b14 		 31 		 9.614507
b14 		 32 		 9.614507
b14 		 33 		 9.614507
b14 		 34 		 9.614507
b14 		 35 		 9.614507
b14 		 36 		 9.614507
b14 		 37 		 9.614507
b14 		 38 		 9.614507
b14 		 39 		 9.614507
b14 		 40 		 9.614507
b14 		 41 		 9.614507
b14 		 42 		 9.614507
b14 		 43 		 9.614507
b14 		 44 		 9.614507
b14 		 45 		 9.614507
b14 		 46 		 11.022192
b14 		 47 		 11.022192
b14 		 48 		 9.614507
b14 		 49 		 11.862367
b14 		 50 		 11.022192
b14 		 51 		 11.862367
b14 		 52 		 11.022192
b14 		 53 		 11.862367
b14 		 54 		 11.862367
b14 		 55 		 11.862367
b14 		 56 		 11.862367
b14 		 57 		 11.862367
b14 		 58 		 11.862367
b14 		 59 		 11.862367
b14 		 60 		 11.862367
b14 		 61 		 11.862367
b14 		 62 		 11.862367
b14 		 63 		 11.862367
b14 		 64 		 14.798864
b14 		 65 		 14.798864
b14 		 66 		 12.074984
b14 		 67 		 17.522743
b14 		 68 		 17.522743
b14 		 69 		 12.074984
b14 		 70 		 11.862367
b14 		 71 		 11.862367
b14 		 72 		 11.862367
b14 		 73 		 12.702542
b14 		 74 		 11.022192
b14 		 75 		 11.862367
b14 		 76 		 11.862367
b14 		 77 		 11.862367
b14 		 78 		 11.022192
b14 		 79 		 11.022192
b14 		 80 		 11.862367
b14 		 81 		 11.862367
b14 		 82 		 11.022192
b14 		 83 		 11.862367
b14 		 84 		 11.022192
b14 		 85 		 14.798864
b14 		 86 		 9.614507
b14 		 87 		 17.614233
b14 		 88 		 9.614507
b14 		 89 		 9.614507
b14 		 90 		 9.614507
b14 		 91 		 9.614507
b14 		 92 		 9.614507
b14 		 93 		 9.614507
b14 		 94 		 9.614507
b14 		 95 		 9.614507
b14 		 96 		 9.614507
----------------------------------------------------------------------------------------------------
Total overall payments
----------------------------------------------------------------------------------------------------------------------------------------------------
total generation payment 	 total up-FRP payment 	 total dw-FRP payment 	 total pre-up t. payment 	 uplift payment 	 total post-up t. payment 	 profit
----------------------------------------------------------------------------------------------------------------------------------------------------
374266.734481 			 191.69311 			 0.0 			 374458.427591			 16613.54451 			 391071.972101 			 64479.06937000004
