****************************************************************************************************
 
Generation payment
----------------------------------------------------------------------------------------------------------------
unit	 time 	 generation payment 	 up-FRP payment 	 dw-FRP payment 	pre-up total payment
----------------------------------------------------------------------------------------------------------------
g1	 1 	 -18.054318 			 0.0 			 0.0			 -18.054318 
g1	 2 	 114.660505 			 0.0 			 0.0			 114.660505 
g1	 3 	 238.632246 			 0.0 			 0.0			 238.632246 
g1	 4 	 193.409653 			 0.0 			 0.0			 193.409653 
g1	 5 	 113.274368 			 0.0 			 0.0			 113.274368 
g1	 6 	 193.754446 			 0.0 			 0.0			 193.754446 
g1	 7 	 315.806346 			 0.0 			 0.0			 315.806346 
g1	 8 	 175.499178 			 0.0 			 0.0			 175.499178 
g1	 9 	 192.929776 			 0.0 			 0.0			 192.929776 
g1	 10 	 186.067063 			 0.0 			 0.0			 186.067063 
g1	 11 	 187.761141 			 0.0 			 0.0			 187.761141 
g1	 12 	 158.935288 			 0.0 			 0.0			 158.935288 
g1	 13 	 254.732758 			 0.0 			 0.0			 254.732758 
g1	 14 	 138.234622 			 0.0 			 0.0			 138.234622 
g1	 15 	 151.091637 			 0.0 			 0.0			 151.091637 
g1	 16 	 128.043375 			 0.0 			 0.0			 128.043375 
g1	 17 	 85.34676 			 0.0 			 0.0			 85.34676 
g1	 18 	 239.644674 			 0.0 			 0.0			 239.644674 
g1	 19 	 69.278416 			 0.0 			 0.0			 69.278416 
g1	 20 	 203.558742 			 0.0 			 0.0			 203.558742 
g1	 21 	 148.075207 			 0.0 			 0.0			 148.075207 
g1	 22 	 136.153744 			 0.0 			 0.0			 136.153744 
g1	 23 	 313.069846 			 0.0 			 0.0			 313.069846 
g1	 24 	 60.685693 			 0.0 			 0.0			 60.685693 
g1	 25 	 157.833891 			 0.0 			 0.0			 157.833891 
g1	 26 	 187.444034 			 0.0 			 0.0			 187.444034 
g1	 27 	 254.474512 			 0.0 			 0.0			 254.474512 
g1	 28 	 212.873261 			 0.0 			 0.0			 212.873261 
g1	 29 	 50.928034 			 0.0 			 0.0			 50.928034 
g1	 30 	 228.486038 			 0.0 			 0.0			 228.486038 
g1	 31 	 124.812992 			 0.0 			 0.0			 124.812992 
g1	 32 	 133.520033 			 0.0 			 0.0			 133.520033 
g1	 33 	 196.590555 			 0.0 			 0.0			 196.590555 
g1	 34 	 92067.5275 			 0.0 			 0.0			 92067.5275 
g1	 35 	 283.512525 			 0.0 			 0.0			 283.512525 
g1	 36 	 205.187876 			 0.0 			 0.0			 205.187876 
g1	 37 	 -44.536983 			 0.0 			 0.0			 -44.536983 
g1	 38 	 230.501604 			 0.0 			 0.0			 230.501604 
g1	 39 	 -38.450144 			 0.0 			 0.0			 -38.450144 
g1	 40 	 337.418393 			 0.0 			 0.0			 337.418393 
g1	 41 	 220.629697 			 0.0 			 0.0			 220.629697 
g1	 42 	 220.783491 			 0.0 			 0.0			 220.783491 
g1	 43 	 247.969641 			 0.0 			 0.0			 247.969641 
g1	 44 	 225.217307 			 0.0 			 0.0			 225.217307 
g1	 45 	 172.152509 			 0.0 			 0.0			 172.152509 
g1	 46 	 172.152509 			 0.0 			 0.0			 172.152509 
g1	 47 	 172.152509 			 0.0 			 0.0			 172.152509 
g1	 48 	 66.556511 			 0.0 			 0.0			 66.556511 
g1	 49 	 213.57293 			 0.0 			 0.0			 213.57293 
g1	 50 	 147.085834 			 0.0 			 0.0			 147.085834 
g1	 51 	 56.068795 			 0.0 			 0.0			 56.068795 
g1	 52 	 203.916166 			 0.0 			 0.0			 203.916166 
g1	 53 	 203.916166 			 0.0 			 0.0			 203.916166 
g1	 54 	 49.78833 			 0.0 			 0.0			 49.78833 
g1	 55 	 194.259418 			 0.0 			 0.0			 194.259418 
g1	 56 	 141.961542 			 0.0 			 0.0			 141.961542 
g1	 57 	 4.039333 			 0.0 			 0.0			 4.039333 
g1	 58 	 320.020064 			 0.0 			 0.0			 320.020064 
g1	 59 	 -37.844949 			 0.0 			 0.0			 -37.844949 
g1	 60 	 256.492733 			 0.0 			 0.0			 256.492733 
g1	 61 	 147.414457 			 0.0 			 0.0			 147.414457 
g1	 62 	 -20.108145 			 0.0 			 0.0			 -20.108145 
g1	 63 	 288.25639 			 0.0 			 0.0			 288.25639 
g1	 64 	 140.448949 			 0.0 			 0.0			 140.448949 
g1	 65 	 224.729059 			 0.0 			 0.0			 224.729059 
g1	 66 	 194.259418 			 0.0 			 0.0			 194.259418 
g1	 67 	 224.729059 			 0.0 			 0.0			 224.729059 
g1	 68 	 115.013127 			 0.0 			 0.0			 115.013127 
g1	 69 	 286.962374 			 0.0 			 0.0			 286.962374 
g1	 70 	 224.729059 			 0.0 			 0.0			 224.729059 
g1	 71 	 224.729059 			 0.0 			 0.0			 224.729059 
g1	 72 	 226.023075 			 0.0 			 0.0			 226.023075 
g1	 73 	 146.861998 			 0.0 			 0.0			 146.861998 
g1	 74 	 203.916166 			 0.0 			 0.0			 203.916166 
g1	 75 	 53.034986 			 0.0 			 0.0			 53.034986 
g1	 76 	 194.259418 			 0.0 			 0.0			 194.259418 
g1	 77 	 194.259418 			 0.0 			 0.0			 194.259418 
g1	 78 	 194.259418 			 0.0 			 0.0			 194.259418 
g1	 79 	 172.152509 			 0.0 			 0.0			 172.152509 
g1	 80 	 194.259418 			 0.0 			 0.0			 194.259418 
g1	 81 	 4.079214 			 0.0 			 0.0			 4.079214 
g1	 82 	 42252.75 			 0.0 			 0.0			 42252.75 
g1	 83 	 -99769.881812 			 0.0 			 0.0			 -99769.881812 
g1	 84 	 213.57293 			 0.0 			 0.0			 213.57293 
g1	 85 	 -84.651273 			 0.0 			 0.0			 -84.651273 
g1	 86 	 -8.164428 			 0.0 			 0.0			 -8.164428 
g1	 87 	 -73.312221 			 0.0 			 0.0			 -73.312221 
g1	 88 	 40.583334 			 0.0 			 0.0			 40.583334 
g1	 89 	 223.023988 			 0.0 			 0.0			 223.023988 
g1	 90 	 338.842984 			 0.0 			 0.0			 338.842984 
g1	 91 	 206.867213 			 0.0 			 0.0			 206.867213 
g1	 92 	 371.931569 			 0.0 			 0.0			 371.931569 
g1	 93 	 144.999812 			 0.0 			 0.0			 144.999812 
g1	 94 	 -49.869198 			 0.0 			 0.0			 -49.869198 
g1	 95 	 239.761691 			 0.0 			 0.0			 239.761691 
g1	 96 	 127.917103 			 0.0 			 0.0			 127.917103 
----------------------------------------------------------------------------------------------------
g2	 1 	 0.0 			 0.0 			 0.0			 0.0 
g2	 2 	 0.0 			 0.0 			 0.0			 0.0 
g2	 3 	 0.0 			 0.0 			 0.0			 0.0 
g2	 4 	 0.0 			 0.0 			 0.0			 0.0 
g2	 5 	 0.0 			 0.0 			 0.0			 0.0 
g2	 6 	 0.0 			 0.0 			 0.0			 0.0 
g2	 7 	 0.0 			 0.0 			 0.0			 0.0 
g2	 8 	 0.0 			 0.0 			 0.0			 0.0 
g2	 9 	 0.0 			 0.0 			 0.0			 0.0 
g2	 10 	 0.0 			 0.0 			 0.0			 0.0 
g2	 11 	 0.0 			 0.0 			 0.0			 0.0 
g2	 12 	 0.0 			 0.0 			 0.0			 0.0 
g2	 13 	 0.0 			 0.0 			 0.0			 0.0 
g2	 14 	 0.0 			 0.0 			 0.0			 0.0 
g2	 15 	 0.0 			 0.0 			 0.0			 0.0 
g2	 16 	 0.0 			 0.0 			 0.0			 0.0 
g2	 17 	 0.0 			 0.0 			 0.0			 0.0 
g2	 18 	 0.0 			 0.0 			 0.0			 0.0 
g2	 19 	 0.0 			 0.0 			 0.0			 0.0 
g2	 20 	 0.0 			 0.0 			 0.0			 0.0 
g2	 21 	 0.0 			 0.0 			 0.0			 0.0 
g2	 22 	 0.0 			 0.0 			 0.0			 0.0 
g2	 23 	 0.0 			 0.0 			 0.0			 0.0 
g2	 24 	 0.0 			 0.0 			 0.0			 0.0 
g2	 25 	 0.0 			 0.0 			 0.0			 0.0 
g2	 26 	 0.0 			 0.0 			 0.0			 0.0 
g2	 27 	 0.0 			 0.0 			 0.0			 0.0 
g2	 28 	 0.0 			 0.0 			 0.0			 0.0 
g2	 29 	 0.0 			 0.0 			 0.0			 0.0 
g2	 30 	 0.0 			 0.0 			 0.0			 0.0 
g2	 31 	 0.0 			 0.0 			 0.0			 0.0 
g2	 32 	 0.0 			 0.0 			 0.0			 0.0 
g2	 33 	 0.0 			 0.0 			 0.0			 0.0 
g2	 34 	 0.0 			 0.0 			 0.0			 0.0 
g2	 35 	 0.0 			 0.0 			 0.0			 0.0 
g2	 36 	 0.0 			 0.0 			 0.0			 0.0 
g2	 37 	 21.701904 			 0.0 			 0.0			 21.701904 
g2	 38 	 21.701904 			 0.0 			 0.0			 21.701904 
g2	 39 	 21.701904 			 0.0 			 0.0			 21.701904 
g2	 40 	 21.701904 			 0.0 			 0.0			 21.701904 
g2	 41 	 21.701904 			 0.0 			 0.0			 21.701904 
g2	 42 	 21.701904 			 0.0 			 0.0			 21.701904 
g2	 43 	 131.61916 			 0.0 			 0.0			 131.61916 
g2	 44 	 21.701904 			 0.0 			 0.0			 21.701904 
g2	 45 	 -35.460131 			 0.0 			 0.0			 -35.460131 
g2	 46 	 181.571969 			 0.0 			 0.0			 181.571969 
g2	 47 	 203.181896 			 0.0 			 0.0			 203.181896 
g2	 48 	 46.355365 			 0.0 			 0.0			 46.355365 
g2	 49 	 127.067977 			 0.0 			 0.0			 127.067977 
g2	 50 	 -118.06107 			 0.0 			 0.0			 -118.06107 
g2	 51 	 -22.519377 			 0.0 			 0.0			 -22.519377 
g2	 52 	 241.21798 			 0.0 			 0.0			 241.21798 
g2	 53 	 -6.44157 			 0.0 			 0.0			 -6.44157 
g2	 54 	 -219.873141 			 0.0 			 0.0			 -219.873141 
g2	 55 	 -69.094589 			 0.0 			 0.0			 -69.094589 
g2	 56 	 -12.805177 			 0.0 			 0.0			 -12.805177 
g2	 57 	 119.335549 			 0.0 			 0.0			 119.335549 
g2	 58 	 657.930357 			 0.0 			 0.0			 657.930357 
g2	 59 	 119.335549 			 0.0 			 0.0			 119.335549 
g2	 60 	 279.95891 			 0.0 			 0.0			 279.95891 
g2	 61 	 -75.24641 			 0.0 			 0.0			 -75.24641 
g2	 62 	 60.976819 			 0.0 			 0.0			 60.976819 
g2	 63 	 489.102894 			 0.0 			 0.0			 489.102894 
g2	 64 	 60.976819 			 0.0 			 0.0			 60.976819 
g2	 65 	 63.757574 			 0.0 			 0.0			 63.757574 
g2	 66 	 -25.271827 			 0.0 			 0.0			 -25.271827 
g2	 67 	 220.745936 			 0.0 			 0.0			 220.745936 
g2	 68 	 62.472874 			 0.0 			 0.0			 62.472874 
g2	 69 	 526.974681 			 0.0 			 0.0			 526.974681 
g2	 70 	 238.292197 			 0.0 			 0.0			 238.292197 
g2	 71 	 202.344084 			 0.0 			 0.0			 202.344084 
g2	 72 	 36.358621 			 0.0 			 0.0			 36.358621 
g2	 73 	 -43.379002 			 0.0 			 0.0			 -43.379002 
g2	 74 	 81.016628 			 0.0 			 0.0			 81.016628 
g2	 75 	 -150.179868 			 0.0 			 0.0			 -150.179868 
g2	 76 	 -77.365594 			 0.0 			 0.0			 -77.365594 
g2	 77 	 63.347724 			 0.0 			 0.0			 63.347724 
g2	 78 	 181.510669 			 0.0 			 0.0			 181.510669 
g2	 79 	 -6.572457 			 0.0 			 0.0			 -6.572457 
g2	 80 	 110.366339 			 0.0 			 0.0			 110.366339 
g2	 81 	 144.709291 			 0.0 			 0.0			 144.709291 
g2	 82 	 93465.35 			 0.0 			 0.0			 93465.35 
g2	 83 	 37253.570773 			 0.0 			 0.0			 37253.570773 
g2	 84 	 317.173512 			 0.0 			 0.0			 317.173512 
g2	 85 	 262.217074 			 0.0 			 0.0			 262.217074 
g2	 86 	 47.477061 			 0.0 			 0.0			 47.477061 
g2	 87 	 -0.276581 			 0.0 			 0.0			 -0.276581 
g2	 88 	 -0.276581 			 0.0 			 0.0			 -0.276581 
g2	 89 	 21.701904 			 0.0 			 0.0			 21.701904 
g2	 90 	 21.701904 			 0.0 			 0.0			 21.701904 
g2	 91 	 21.701904 			 0.0 			 0.0			 21.701904 
g2	 92 	 21.701904 			 0.0 			 0.0			 21.701904 
g2	 93 	 0.0 			 0.0 			 0.0			 0.0 
g2	 94 	 0.0 			 0.0 			 0.0			 0.0 
g2	 95 	 0.0 			 0.0 			 0.0			 0.0 
g2	 96 	 0.0 			 0.0 			 0.0			 0.0 
----------------------------------------------------------------------------------------------------
g3	 1 	 0.0 			 0.0 			 0.0			 0.0 
g3	 2 	 0.0 			 0.0 			 0.0			 0.0 
g3	 3 	 0.0 			 0.0 			 0.0			 0.0 
g3	 4 	 0.0 			 0.0 			 0.0			 0.0 
g3	 5 	 0.0 			 0.0 			 0.0			 0.0 
g3	 6 	 0.0 			 0.0 			 0.0			 0.0 
g3	 7 	 0.0 			 0.0 			 0.0			 0.0 
g3	 8 	 0.0 			 0.0 			 0.0			 0.0 
g3	 9 	 0.0 			 0.0 			 0.0			 0.0 
g3	 10 	 0.0 			 0.0 			 0.0			 0.0 
g3	 11 	 0.0 			 0.0 			 0.0			 0.0 
g3	 12 	 0.0 			 0.0 			 0.0			 0.0 
g3	 13 	 0.0 			 0.0 			 0.0			 0.0 
g3	 14 	 0.0 			 0.0 			 0.0			 0.0 
g3	 15 	 0.0 			 0.0 			 0.0			 0.0 
g3	 16 	 0.0 			 0.0 			 0.0			 0.0 
g3	 17 	 0.0 			 0.0 			 0.0			 0.0 
g3	 18 	 0.0 			 0.0 			 0.0			 0.0 
g3	 19 	 0.0 			 0.0 			 0.0			 0.0 
g3	 20 	 0.0 			 0.0 			 0.0			 0.0 
g3	 21 	 0.0 			 0.0 			 0.0			 0.0 
g3	 22 	 0.0 			 0.0 			 0.0			 0.0 
g3	 23 	 0.0 			 0.0 			 0.0			 0.0 
g3	 24 	 0.0 			 0.0 			 0.0			 0.0 
g3	 25 	 0.0 			 0.0 			 0.0			 0.0 
g3	 26 	 0.0 			 0.0 			 0.0			 0.0 
g3	 27 	 0.0 			 0.0 			 0.0			 0.0 
g3	 28 	 0.0 			 0.0 			 0.0			 0.0 
g3	 29 	 0.0 			 0.0 			 0.0			 0.0 
g3	 30 	 0.0 			 0.0 			 0.0			 0.0 
g3	 31 	 0.0 			 0.0 			 0.0			 0.0 
g3	 32 	 0.0 			 0.0 			 0.0			 0.0 
g3	 33 	 0.0 			 0.0 			 0.0			 0.0 
g3	 34 	 0.0 			 0.0 			 0.0			 0.0 
g3	 35 	 0.0 			 0.0 			 0.0			 0.0 
g3	 36 	 0.0 			 0.0 			 0.0			 0.0 
g3	 37 	 0.0 			 0.0 			 0.0			 0.0 
g3	 38 	 0.0 			 0.0 			 0.0			 0.0 
g3	 39 	 0.0 			 0.0 			 0.0			 0.0 
g3	 40 	 0.0 			 0.0 			 0.0			 0.0 
g3	 41 	 0.0 			 0.0 			 0.0			 0.0 
g3	 42 	 0.0 			 0.0 			 0.0			 0.0 
g3	 43 	 0.0 			 0.0 			 0.0			 0.0 
g3	 44 	 0.0 			 0.0 			 0.0			 0.0 
g3	 45 	 0.0 			 0.0 			 0.0			 0.0 
g3	 46 	 0.0 			 0.0 			 0.0			 0.0 
g3	 47 	 0.0 			 0.0 			 0.0			 0.0 
g3	 48 	 0.0 			 0.0 			 0.0			 0.0 
g3	 49 	 0.0 			 0.0 			 0.0			 0.0 
g3	 50 	 0.0 			 0.0 			 0.0			 0.0 
g3	 51 	 0.0 			 0.0 			 0.0			 0.0 
g3	 52 	 0.0 			 0.0 			 0.0			 0.0 
g3	 53 	 0.0 			 0.0 			 0.0			 0.0 
g3	 54 	 0.0 			 0.0 			 0.0			 0.0 
g3	 55 	 0.0 			 0.0 			 0.0			 0.0 
g3	 56 	 0.0 			 0.0 			 0.0			 0.0 
g3	 57 	 0.0 			 0.0 			 0.0			 0.0 
g3	 58 	 0.0 			 0.0 			 0.0			 0.0 
g3	 59 	 0.0 			 0.0 			 0.0			 0.0 
g3	 60 	 0.0 			 0.0 			 0.0			 0.0 
g3	 61 	 0.0 			 0.0 			 0.0			 0.0 
g3	 62 	 0.0 			 0.0 			 0.0			 0.0 
g3	 63 	 0.0 			 0.0 			 0.0			 0.0 
g3	 64 	 0.0 			 0.0 			 0.0			 0.0 
g3	 65 	 0.0 			 0.0 			 0.0			 0.0 
g3	 66 	 0.0 			 0.0 			 0.0			 0.0 
g3	 67 	 0.0 			 0.0 			 0.0			 0.0 
g3	 68 	 0.0 			 0.0 			 0.0			 0.0 
g3	 69 	 0.0 			 0.0 			 0.0			 0.0 
g3	 70 	 0.0 			 0.0 			 0.0			 0.0 
g3	 71 	 0.0 			 0.0 			 0.0			 0.0 
g3	 72 	 0.0 			 0.0 			 0.0			 0.0 
g3	 73 	 0.0 			 0.0 			 0.0			 0.0 
g3	 74 	 0.0 			 0.0 			 0.0			 0.0 
g3	 75 	 0.0 			 0.0 			 0.0			 0.0 
g3	 76 	 0.0 			 0.0 			 0.0			 0.0 
g3	 77 	 0.0 			 0.0 			 0.0			 0.0 
g3	 78 	 0.0 			 0.0 			 0.0			 0.0 
g3	 79 	 0.0 			 0.0 			 0.0			 0.0 
g3	 80 	 0.0 			 0.0 			 0.0			 0.0 
g3	 81 	 0.0 			 0.0 			 0.0			 0.0 
g3	 82 	 0.0 			 0.0 			 0.0			 0.0 
g3	 83 	 0.0 			 0.0 			 0.0			 0.0 
g3	 84 	 0.0 			 0.0 			 0.0			 0.0 
g3	 85 	 0.0 			 0.0 			 0.0			 0.0 
g3	 86 	 0.0 			 0.0 			 0.0			 0.0 
g3	 87 	 0.0 			 0.0 			 0.0			 0.0 
g3	 88 	 0.0 			 0.0 			 0.0			 0.0 
g3	 89 	 0.0 			 0.0 			 0.0			 0.0 
g3	 90 	 0.0 			 0.0 			 0.0			 0.0 
g3	 91 	 0.0 			 0.0 			 0.0			 0.0 
g3	 92 	 0.0 			 0.0 			 0.0			 0.0 
g3	 93 	 0.0 			 0.0 			 0.0			 0.0 
g3	 94 	 0.0 			 0.0 			 0.0			 0.0 
g3	 95 	 0.0 			 0.0 			 0.0			 0.0 
g3	 96 	 0.0 			 0.0 			 0.0			 0.0 
----------------------------------------------------------------------------------------------------
g4	 1 	 0.0 			 0.0 			 0.0			 0.0 
g4	 2 	 0.0 			 0.0 			 0.0			 0.0 
g4	 3 	 0.0 			 0.0 			 0.0			 0.0 
g4	 4 	 0.0 			 0.0 			 0.0			 0.0 
g4	 5 	 0.0 			 0.0 			 0.0			 0.0 
g4	 6 	 0.0 			 0.0 			 0.0			 0.0 
g4	 7 	 0.0 			 0.0 			 0.0			 0.0 
g4	 8 	 0.0 			 0.0 			 0.0			 0.0 
g4	 9 	 0.0 			 0.0 			 0.0			 0.0 
g4	 10 	 0.0 			 0.0 			 0.0			 0.0 
g4	 11 	 0.0 			 0.0 			 0.0			 0.0 
g4	 12 	 0.0 			 0.0 			 0.0			 0.0 
g4	 13 	 0.0 			 0.0 			 0.0			 0.0 
g4	 14 	 0.0 			 0.0 			 0.0			 0.0 
g4	 15 	 0.0 			 0.0 			 0.0			 0.0 
g4	 16 	 0.0 			 0.0 			 0.0			 0.0 
g4	 17 	 0.0 			 0.0 			 0.0			 0.0 
g4	 18 	 0.0 			 0.0 			 0.0			 0.0 
g4	 19 	 0.0 			 0.0 			 0.0			 0.0 
g4	 20 	 0.0 			 0.0 			 0.0			 0.0 
g4	 21 	 0.0 			 0.0 			 0.0			 0.0 
g4	 22 	 0.0 			 0.0 			 0.0			 0.0 
g4	 23 	 0.0 			 0.0 			 0.0			 0.0 
g4	 24 	 0.0 			 0.0 			 0.0			 0.0 
g4	 25 	 0.0 			 0.0 			 0.0			 0.0 
g4	 26 	 0.0 			 0.0 			 0.0			 0.0 
g4	 27 	 0.0 			 0.0 			 0.0			 0.0 
g4	 28 	 0.0 			 0.0 			 0.0			 0.0 
g4	 29 	 0.0 			 0.0 			 0.0			 0.0 
g4	 30 	 0.0 			 0.0 			 0.0			 0.0 
g4	 31 	 0.0 			 0.0 			 0.0			 0.0 
g4	 32 	 0.0 			 0.0 			 0.0			 0.0 
g4	 33 	 0.0 			 0.0 			 0.0			 0.0 
g4	 34 	 0.0 			 0.0 			 0.0			 0.0 
g4	 35 	 0.0 			 0.0 			 0.0			 0.0 
g4	 36 	 0.0 			 0.0 			 0.0			 0.0 
g4	 37 	 0.0 			 0.0 			 0.0			 0.0 
g4	 38 	 0.0 			 0.0 			 0.0			 0.0 
g4	 39 	 0.0 			 0.0 			 0.0			 0.0 
g4	 40 	 0.0 			 0.0 			 0.0			 0.0 
g4	 41 	 0.0 			 0.0 			 0.0			 0.0 
g4	 42 	 0.0 			 0.0 			 0.0			 0.0 
g4	 43 	 0.0 			 0.0 			 0.0			 0.0 
g4	 44 	 0.0 			 0.0 			 0.0			 0.0 
g4	 45 	 0.0 			 0.0 			 0.0			 0.0 
g4	 46 	 0.0 			 0.0 			 0.0			 0.0 
g4	 47 	 0.0 			 0.0 			 0.0			 0.0 
g4	 48 	 0.0 			 0.0 			 0.0			 0.0 
g4	 49 	 0.0 			 0.0 			 0.0			 0.0 
g4	 50 	 0.0 			 0.0 			 0.0			 0.0 
g4	 51 	 0.0 			 0.0 			 0.0			 0.0 
g4	 52 	 0.0 			 0.0 			 0.0			 0.0 
g4	 53 	 0.0 			 0.0 			 0.0			 0.0 
g4	 54 	 0.0 			 0.0 			 0.0			 0.0 
g4	 55 	 0.0 			 0.0 			 0.0			 0.0 
g4	 56 	 0.0 			 0.0 			 0.0			 0.0 
g4	 57 	 0.0 			 0.0 			 0.0			 0.0 
g4	 58 	 0.0 			 0.0 			 0.0			 0.0 
g4	 59 	 0.0 			 0.0 			 0.0			 0.0 
g4	 60 	 0.0 			 0.0 			 0.0			 0.0 
g4	 61 	 0.0 			 0.0 			 0.0			 0.0 
g4	 62 	 0.0 			 0.0 			 0.0			 0.0 
g4	 63 	 0.0 			 0.0 			 0.0			 0.0 
g4	 64 	 0.0 			 0.0 			 0.0			 0.0 
g4	 65 	 0.0 			 0.0 			 0.0			 0.0 
g4	 66 	 0.0 			 0.0 			 0.0			 0.0 
g4	 67 	 0.0 			 0.0 			 0.0			 0.0 
g4	 68 	 0.0 			 0.0 			 0.0			 0.0 
g4	 69 	 0.0 			 0.0 			 0.0			 0.0 
g4	 70 	 0.0 			 0.0 			 0.0			 0.0 
g4	 71 	 0.0 			 0.0 			 0.0			 0.0 
g4	 72 	 0.0 			 0.0 			 0.0			 0.0 
g4	 73 	 0.0 			 0.0 			 0.0			 0.0 
g4	 74 	 0.0 			 0.0 			 0.0			 0.0 
g4	 75 	 0.0 			 0.0 			 0.0			 0.0 
g4	 76 	 0.0 			 0.0 			 0.0			 0.0 
g4	 77 	 0.0 			 0.0 			 0.0			 0.0 
g4	 78 	 0.0 			 0.0 			 0.0			 0.0 
g4	 79 	 0.0 			 0.0 			 0.0			 0.0 
g4	 80 	 0.0 			 0.0 			 0.0			 0.0 
g4	 81 	 0.0 			 0.0 			 0.0			 0.0 
g4	 82 	 0.0 			 0.0 			 0.0			 0.0 
g4	 83 	 0.0 			 0.0 			 0.0			 0.0 
g4	 84 	 0.0 			 0.0 			 0.0			 0.0 
g4	 85 	 0.0 			 0.0 			 0.0			 0.0 
g4	 86 	 0.0 			 0.0 			 0.0			 0.0 
g4	 87 	 0.0 			 0.0 			 0.0			 0.0 
g4	 88 	 0.0 			 0.0 			 0.0			 0.0 
g4	 89 	 0.0 			 0.0 			 0.0			 0.0 
g4	 90 	 0.0 			 0.0 			 0.0			 0.0 
g4	 91 	 0.0 			 0.0 			 0.0			 0.0 
g4	 92 	 0.0 			 0.0 			 0.0			 0.0 
g4	 93 	 0.0 			 0.0 			 0.0			 0.0 
g4	 94 	 0.0 			 0.0 			 0.0			 0.0 
g4	 95 	 0.0 			 0.0 			 0.0			 0.0 
g4	 96 	 0.0 			 0.0 			 0.0			 0.0 
----------------------------------------------------------------------------------------------------
g5	 1 	 0.0 			 0.0 			 0.0			 0.0 
g5	 2 	 0.0 			 0.0 			 0.0			 0.0 
g5	 3 	 0.0 			 0.0 			 0.0			 0.0 
g5	 4 	 0.0 			 0.0 			 0.0			 0.0 
g5	 5 	 0.0 			 0.0 			 0.0			 0.0 
g5	 6 	 0.0 			 0.0 			 0.0			 0.0 
g5	 7 	 0.0 			 0.0 			 0.0			 0.0 
g5	 8 	 0.0 			 0.0 			 0.0			 0.0 
g5	 9 	 0.0 			 0.0 			 0.0			 0.0 
g5	 10 	 0.0 			 0.0 			 0.0			 0.0 
g5	 11 	 0.0 			 0.0 			 0.0			 0.0 
g5	 12 	 0.0 			 0.0 			 0.0			 0.0 
g5	 13 	 0.0 			 0.0 			 0.0			 0.0 
g5	 14 	 0.0 			 0.0 			 0.0			 0.0 
g5	 15 	 0.0 			 0.0 			 0.0			 0.0 
g5	 16 	 0.0 			 0.0 			 0.0			 0.0 
g5	 17 	 0.0 			 0.0 			 0.0			 0.0 
g5	 18 	 0.0 			 0.0 			 0.0			 0.0 
g5	 19 	 0.0 			 0.0 			 0.0			 0.0 
g5	 20 	 0.0 			 0.0 			 0.0			 0.0 
g5	 21 	 0.0 			 0.0 			 0.0			 0.0 
g5	 22 	 0.0 			 0.0 			 0.0			 0.0 
g5	 23 	 0.0 			 0.0 			 0.0			 0.0 
g5	 24 	 0.0 			 0.0 			 0.0			 0.0 
g5	 25 	 0.0 			 0.0 			 0.0			 0.0 
g5	 26 	 0.0 			 0.0 			 0.0			 0.0 
g5	 27 	 0.0 			 0.0 			 0.0			 0.0 
g5	 28 	 0.0 			 0.0 			 0.0			 0.0 
g5	 29 	 0.0 			 0.0 			 0.0			 0.0 
g5	 30 	 0.0 			 0.0 			 0.0			 0.0 
g5	 31 	 0.0 			 0.0 			 0.0			 0.0 
g5	 32 	 0.0 			 0.0 			 0.0			 0.0 
g5	 33 	 0.0 			 0.0 			 0.0			 0.0 
g5	 34 	 0.0 			 0.0 			 0.0			 0.0 
g5	 35 	 0.0 			 0.0 			 0.0			 0.0 
g5	 36 	 0.0 			 0.0 			 0.0			 0.0 
g5	 37 	 0.0 			 0.0 			 0.0			 0.0 
g5	 38 	 0.0 			 0.0 			 0.0			 0.0 
g5	 39 	 0.0 			 0.0 			 0.0			 0.0 
g5	 40 	 0.0 			 0.0 			 0.0			 0.0 
g5	 41 	 0.0 			 0.0 			 0.0			 0.0 
g5	 42 	 0.0 			 0.0 			 0.0			 0.0 
g5	 43 	 0.0 			 0.0 			 0.0			 0.0 
g5	 44 	 0.0 			 0.0 			 0.0			 0.0 
g5	 45 	 0.0 			 0.0 			 0.0			 0.0 
g5	 46 	 0.0 			 0.0 			 0.0			 0.0 
g5	 47 	 0.0 			 0.0 			 0.0			 0.0 
g5	 48 	 0.0 			 0.0 			 0.0			 0.0 
g5	 49 	 0.0 			 0.0 			 0.0			 0.0 
g5	 50 	 0.0 			 0.0 			 0.0			 0.0 
g5	 51 	 0.0 			 0.0 			 0.0			 0.0 
g5	 52 	 0.0 			 0.0 			 0.0			 0.0 
g5	 53 	 0.0 			 0.0 			 0.0			 0.0 
g5	 54 	 0.0 			 0.0 			 0.0			 0.0 
g5	 55 	 0.0 			 0.0 			 0.0			 0.0 
g5	 56 	 0.0 			 0.0 			 0.0			 0.0 
g5	 57 	 0.0 			 0.0 			 0.0			 0.0 
g5	 58 	 0.0 			 0.0 			 0.0			 0.0 
g5	 59 	 0.0 			 0.0 			 0.0			 0.0 
g5	 60 	 0.0 			 0.0 			 0.0			 0.0 
g5	 61 	 0.0 			 0.0 			 0.0			 0.0 
g5	 62 	 0.0 			 0.0 			 0.0			 0.0 
g5	 63 	 0.0 			 0.0 			 0.0			 0.0 
g5	 64 	 0.0 			 0.0 			 0.0			 0.0 
g5	 65 	 0.0 			 0.0 			 0.0			 0.0 
g5	 66 	 0.0 			 0.0 			 0.0			 0.0 
g5	 67 	 0.0 			 0.0 			 0.0			 0.0 
g5	 68 	 0.0 			 0.0 			 0.0			 0.0 
g5	 69 	 0.0 			 0.0 			 0.0			 0.0 
g5	 70 	 0.0 			 0.0 			 0.0			 0.0 
g5	 71 	 0.0 			 0.0 			 0.0			 0.0 
g5	 72 	 0.0 			 0.0 			 0.0			 0.0 
g5	 73 	 0.0 			 0.0 			 0.0			 0.0 
g5	 74 	 0.0 			 0.0 			 0.0			 0.0 
g5	 75 	 0.0 			 0.0 			 0.0			 0.0 
g5	 76 	 0.0 			 0.0 			 0.0			 0.0 
g5	 77 	 0.0 			 0.0 			 0.0			 0.0 
g5	 78 	 0.0 			 0.0 			 0.0			 0.0 
g5	 79 	 0.0 			 0.0 			 0.0			 0.0 
g5	 80 	 0.0 			 0.0 			 0.0			 0.0 
g5	 81 	 0.0 			 0.0 			 0.0			 0.0 
g5	 82 	 0.0 			 0.0 			 0.0			 0.0 
g5	 83 	 0.0 			 0.0 			 0.0			 0.0 
g5	 84 	 0.0 			 0.0 			 0.0			 0.0 
g5	 85 	 0.0 			 0.0 			 0.0			 0.0 
g5	 86 	 0.0 			 0.0 			 0.0			 0.0 
g5	 87 	 0.0 			 0.0 			 0.0			 0.0 
g5	 88 	 0.0 			 0.0 			 0.0			 0.0 
g5	 89 	 0.0 			 0.0 			 0.0			 0.0 
g5	 90 	 0.0 			 0.0 			 0.0			 0.0 
g5	 91 	 0.0 			 0.0 			 0.0			 0.0 
g5	 92 	 0.0 			 0.0 			 0.0			 0.0 
g5	 93 	 0.0 			 0.0 			 0.0			 0.0 
g5	 94 	 0.0 			 0.0 			 0.0			 0.0 
g5	 95 	 0.0 			 0.0 			 0.0			 0.0 
g5	 96 	 0.0 			 0.0 			 0.0			 0.0 
----------------------------------------------------------------------------------------------------------------
unit 	 generation payment 	 up-FRP payment 	 dw-FRP payment 	pre-up total payment
----------------------------------------------------------------------------------------------------------------
 g1 	 49628.245941			 0.000000			 0.000000			 49628.245941
 g2 	 135372.213851			 0.000000			 0.000000			 135372.213851
 g3 	 0.000000			 0.000000			 0.000000			 0.000000
 g4 	 0.000000			 0.000000			 0.000000			 0.000000
 g5 	 0.000000			 0.000000			 0.000000			 0.000000
----------------------------------------------------------------------------------------------------
generation payment 	 up-FRP payment 	 dw-FRP payment 	 pre-up total payment
----------------------------------------------------------------------------------------------------
185000.459792 			 0.0 			 0.0 			 185000.459792
 
****************************************************************************************************
 
Generation costs
----------------------------------------------------------------------------------------------------
unit	 time 	 generation cost 	 start-up cost  	total cost
----------------------------------------------------------------------------------------------------
g1	 1 	 2214.422633 			 0.0 			2214.422633
g1	 2 	 2345.373942 			 0.0 			2345.373942
g1	 3 	 2469.345688 			 0.0 			2469.345688
g1	 4 	 2424.123088 			 0.0 			2424.123088
g1	 5 	 2223.612657 			 0.0 			2223.612657
g1	 6 	 2304.09273 			 0.0 			2304.09273
g1	 7 	 2421.709059 			 0.0 			2421.709059
g1	 8 	 2285.837464 			 0.0 			2285.837464
g1	 9 	 2190.13914 			 0.0 			2190.13914
g1	 10 	 2183.27643 			 0.0 			2183.27643
g1	 11 	 2184.970506 			 0.0 			2184.970506
g1	 12 	 2156.144651 			 0.0 			2156.144651
g1	 13 	 2195.080166 			 0.0 			2195.080166
g1	 14 	 2078.582021 			 0.0 			2078.582021
g1	 15 	 2091.439043 			 0.0 			2091.439043
g1	 16 	 2068.390775 			 0.0 			2068.390775
g1	 17 	 2040.568331 			 0.0 			2040.568331
g1	 18 	 2194.866244 			 0.0 			2194.866244
g1	 19 	 2024.499984 			 0.0 			2024.499984
g1	 20 	 2158.780311 			 0.0 			2158.780311
g1	 21 	 2230.875253 			 0.0 			2230.875253
g1	 22 	 2218.953787 			 0.0 			2218.953787
g1	 23 	 2390.831862 			 0.0 			2390.831862
g1	 24 	 2143.485741 			 0.0 			2143.485741
g1	 25 	 2447.174378 			 0.0 			2447.174378
g1	 26 	 2476.784524 			 0.0 			2476.784524
g1	 27 	 2543.815003 			 0.0 			2543.815003
g1	 28 	 2502.213751 			 0.0 			2502.213751
g1	 29 	 2534.736925 			 0.0 			2534.736925
g1	 30 	 2712.294934 			 0.0 			2712.294934
g1	 31 	 2608.621885 			 0.0 			2608.621885
g1	 32 	 2617.328935 			 0.0 			2617.328935
g1	 33 	 2900.750406 			 0.0 			2900.750406
g1	 34 	 3058.233409 			 0.0 			3058.233409
g1	 35 	 2987.67238 			 0.0 			2987.67238
g1	 36 	 2909.347722 			 0.0 			2909.347722
g1	 37 	 2539.39539 			 0.0 			2539.39539
g1	 38 	 2814.433982 			 0.0 			2814.433982
g1	 39 	 2545.482232 			 0.0 			2545.482232
g1	 40 	 2921.350778 			 0.0 			2921.350778
g1	 41 	 3044.803138 			 0.0 			3044.803138
g1	 42 	 3044.956924 			 0.0 			3044.956924
g1	 43 	 3058.233409 			 0.0 			3058.233409
g1	 44 	 3049.390748 			 0.0 			3049.390748
g1	 45 	 3058.233409 			 0.0 			3058.233409
g1	 46 	 3058.233409 			 0.0 			3058.233409
g1	 47 	 3058.233409 			 0.0 			3058.233409
g1	 48 	 2962.29417 			 0.0 			2962.29417
g1	 49 	 3058.233409 			 0.0 			3058.233409
g1	 50 	 3042.823499 			 0.0 			3042.823499
g1	 51 	 2951.806461 			 0.0 			2951.806461
g1	 52 	 3058.233409 			 0.0 			3058.233409
g1	 53 	 3058.233409 			 0.0 			3058.233409
g1	 54 	 2945.525989 			 0.0 			2945.525989
g1	 55 	 3058.233409 			 0.0 			3058.233409
g1	 56 	 3037.69921 			 0.0 			3037.69921
g1	 57 	 2899.776995 			 0.0 			2899.776995
g1	 58 	 3058.233409 			 0.0 			3058.233409
g1	 59 	 2857.892707 			 0.0 			2857.892707
g1	 60 	 3058.233409 			 0.0 			3058.233409
g1	 61 	 3043.152122 			 0.0 			3043.152122
g1	 62 	 2875.629517 			 0.0 			2875.629517
g1	 63 	 3058.233409 			 0.0 			3058.233409
g1	 64 	 3036.186609 			 0.0 			3036.186609
g1	 65 	 3058.233409 			 0.0 			3058.233409
g1	 66 	 3058.233409 			 0.0 			3058.233409
g1	 67 	 3058.233409 			 0.0 			3058.233409
g1	 68 	 3010.750793 			 0.0 			3010.750793
g1	 69 	 3058.233409 			 0.0 			3058.233409
g1	 70 	 3058.233409 			 0.0 			3058.233409
g1	 71 	 3058.233409 			 0.0 			3058.233409
g1	 72 	 3058.233409 			 0.0 			3058.233409
g1	 73 	 3042.599665 			 0.0 			3042.599665
g1	 74 	 3058.233409 			 0.0 			3058.233409
g1	 75 	 2948.772652 			 0.0 			2948.772652
g1	 76 	 3058.233409 			 0.0 			3058.233409
g1	 77 	 3058.233409 			 0.0 			3058.233409
g1	 78 	 3058.233409 			 0.0 			3058.233409
g1	 79 	 3058.233409 			 0.0 			3058.233409
g1	 80 	 3058.233409 			 0.0 			3058.233409
g1	 81 	 2899.816871 			 0.0 			2899.816871
g1	 82 	 3058.233409 			 0.0 			3058.233409
g1	 83 	 2508.187447 			 0.0 			2508.187447
g1	 84 	 3058.233409 			 0.0 			3058.233409
g1	 85 	 2811.08638 			 0.0 			2811.08638
g1	 86 	 2887.573228 			 0.0 			2887.573228
g1	 87 	 2822.42544 			 0.0 			2822.42544
g1	 88 	 2936.320993 			 0.0 			2936.320993
g1	 89 	 2801.137284 			 0.0 			2801.137284
g1	 90 	 2916.956286 			 0.0 			2916.956286
g1	 91 	 2784.980503 			 0.0 			2784.980503
g1	 92 	 2950.044872 			 0.0 			2950.044872
g1	 93 	 2789.4903 			 0.0 			2789.4903
g1	 94 	 2594.621283 			 0.0 			2594.621283
g1	 95 	 2884.252175 			 0.0 			2884.252175
g1	 96 	 2772.407592 			 0.0 			2772.407592
----------------------------------------------------------------------------------------------------
g2	 1 	 0.0 			 0.0 			0.0
g2	 2 	 0.0 			 0.0 			0.0
g2	 3 	 0.0 			 0.0 			0.0
g2	 4 	 0.0 			 0.0 			0.0
g2	 5 	 0.0 			 0.0 			0.0
g2	 6 	 0.0 			 0.0 			0.0
g2	 7 	 0.0 			 0.0 			0.0
g2	 8 	 0.0 			 0.0 			0.0
g2	 9 	 0.0 			 0.0 			0.0
g2	 10 	 0.0 			 0.0 			0.0
g2	 11 	 0.0 			 0.0 			0.0
g2	 12 	 0.0 			 0.0 			0.0
g2	 13 	 0.0 			 0.0 			0.0
g2	 14 	 0.0 			 0.0 			0.0
g2	 15 	 0.0 			 0.0 			0.0
g2	 16 	 0.0 			 0.0 			0.0
g2	 17 	 0.0 			 0.0 			0.0
g2	 18 	 0.0 			 0.0 			0.0
g2	 19 	 0.0 			 0.0 			0.0
g2	 20 	 0.0 			 0.0 			0.0
g2	 21 	 0.0 			 0.0 			0.0
g2	 22 	 0.0 			 0.0 			0.0
g2	 23 	 0.0 			 0.0 			0.0
g2	 24 	 0.0 			 0.0 			0.0
g2	 25 	 0.0 			 0.0 			0.0
g2	 26 	 0.0 			 0.0 			0.0
g2	 27 	 0.0 			 0.0 			0.0
g2	 28 	 0.0 			 0.0 			0.0
g2	 29 	 0.0 			 0.0 			0.0
g2	 30 	 0.0 			 0.0 			0.0
g2	 31 	 0.0 			 0.0 			0.0
g2	 32 	 0.0 			 0.0 			0.0
g2	 33 	 0.0 			 0.0 			0.0
g2	 34 	 0.0 			 0.0 			0.0
g2	 35 	 0.0 			 0.0 			0.0
g2	 36 	 0.0 			 0.0 			0.0
g2	 37 	 534.771644 			 10598.13 			11132.901644
g2	 38 	 534.771644 			 0.0 			534.771644
g2	 39 	 534.771644 			 0.0 			534.771644
g2	 40 	 534.771644 			 0.0 			534.771644
g2	 41 	 534.771644 			 0.0 			534.771644
g2	 42 	 534.771644 			 0.0 			534.771644
g2	 43 	 643.399204 			 0.0 			643.399204
g2	 44 	 534.771644 			 0.0 			534.771644
g2	 45 	 594.933732 			 0.0 			594.933732
g2	 46 	 811.965827 			 0.0 			811.965827
g2	 47 	 833.575756 			 0.0 			833.575756
g2	 48 	 679.504024 			 0.0 			679.504024
g2	 49 	 913.810853 			 0.0 			913.810853
g2	 50 	 679.504024 			 0.0 			679.504024
g2	 51 	 780.72355 			 0.0 			780.72355
g2	 52 	 1028.028453 			 0.0 			1028.028453
g2	 53 	 944.108382 			 0.0 			944.108382
g2	 54 	 706.353665 			 0.0 			706.353665
g2	 55 	 881.150316 			 0.0 			881.150316
g2	 56 	 934.936646 			 0.0 			934.936646
g2	 57 	 1191.652719 			 0.0 			1191.652719
g2	 58 	 1485.091158 			 0.0 			1485.091158
g2	 59 	 1191.652719 			 0.0 			1191.652719
g2	 60 	 1268.359132 			 0.0 			1268.359132
g2	 61 	 1004.30607 			 0.0 			1004.30607
g2	 62 	 1167.157382 			 0.0 			1167.157382
g2	 63 	 1456.75372 			 0.0 			1456.75372
g2	 64 	 1167.157382 			 0.0 			1167.157382
g2	 65 	 1219.318721 			 0.0 			1219.318721
g2	 66 	 1138.245917 			 0.0 			1138.245917
g2	 67 	 1376.307081 			 0.0 			1376.307081
g2	 68 	 1241.960146 			 0.0 			1241.960146
g2	 69 	 1538.942211 			 0.0 			1538.942211
g2	 70 	 1364.544334 			 0.0 			1364.544334
g2	 71 	 1328.596217 			 0.0 			1328.596217
g2	 72 	 1169.431601 			 0.0 			1169.431601
g2	 73 	 912.715527 			 0.0 			912.715527
g2	 74 	 1041.753967 			 0.0 			1041.753967
g2	 75 	 792.887086 			 0.0 			792.887086
g2	 76 	 887.208397 			 0.0 			887.208397
g2	 77 	 890.654766 			 0.0 			890.654766
g2	 78 	 1008.817709 			 0.0 			1008.817709
g2	 79 	 823.773513 			 0.0 			823.773513
g2	 80 	 937.673383 			 0.0 			937.673383
g2	 81 	 948.801845 			 0.0 			948.801845
g2	 82 	 1205.517918 			 0.0 			1205.517918
g2	 83 	 948.801845 			 0.0 			948.801845
g2	 84 	 1064.297012 			 0.0 			1064.297012
g2	 85 	 812.864711 			 0.0 			812.864711
g2	 86 	 585.363177 			 0.0 			585.363177
g2	 87 	 534.771644 			 0.0 			534.771644
g2	 88 	 534.771644 			 0.0 			534.771644
g2	 89 	 534.771644 			 0.0 			534.771644
g2	 90 	 534.771644 			 0.0 			534.771644
g2	 91 	 534.771644 			 0.0 			534.771644
g2	 92 	 534.771644 			 0.0 			534.771644
g2	 93 	 0.0 			 0.0 			0.0
g2	 94 	 0.0 			 0.0 			0.0
g2	 95 	 0.0 			 0.0 			0.0
g2	 96 	 0.0 			 0.0 			0.0
----------------------------------------------------------------------------------------------------
g3	 1 	 0.0 			 0.0 			0.0
g3	 2 	 0.0 			 0.0 			0.0
g3	 3 	 0.0 			 0.0 			0.0
g3	 4 	 0.0 			 0.0 			0.0
g3	 5 	 0.0 			 0.0 			0.0
g3	 6 	 0.0 			 0.0 			0.0
g3	 7 	 0.0 			 0.0 			0.0
g3	 8 	 0.0 			 0.0 			0.0
g3	 9 	 0.0 			 0.0 			0.0
g3	 10 	 0.0 			 0.0 			0.0
g3	 11 	 0.0 			 0.0 			0.0
g3	 12 	 0.0 			 0.0 			0.0
g3	 13 	 0.0 			 0.0 			0.0
g3	 14 	 0.0 			 0.0 			0.0
g3	 15 	 0.0 			 0.0 			0.0
g3	 16 	 0.0 			 0.0 			0.0
g3	 17 	 0.0 			 0.0 			0.0
g3	 18 	 0.0 			 0.0 			0.0
g3	 19 	 0.0 			 0.0 			0.0
g3	 20 	 0.0 			 0.0 			0.0
g3	 21 	 0.0 			 0.0 			0.0
g3	 22 	 0.0 			 0.0 			0.0
g3	 23 	 0.0 			 0.0 			0.0
g3	 24 	 0.0 			 0.0 			0.0
g3	 25 	 0.0 			 0.0 			0.0
g3	 26 	 0.0 			 0.0 			0.0
g3	 27 	 0.0 			 0.0 			0.0
g3	 28 	 0.0 			 0.0 			0.0
g3	 29 	 0.0 			 0.0 			0.0
g3	 30 	 0.0 			 0.0 			0.0
g3	 31 	 0.0 			 0.0 			0.0
g3	 32 	 0.0 			 0.0 			0.0
g3	 33 	 0.0 			 0.0 			0.0
g3	 34 	 0.0 			 0.0 			0.0
g3	 35 	 0.0 			 0.0 			0.0
g3	 36 	 0.0 			 0.0 			0.0
g3	 37 	 0.0 			 0.0 			0.0
g3	 38 	 0.0 			 0.0 			0.0
g3	 39 	 0.0 			 0.0 			0.0
g3	 40 	 0.0 			 0.0 			0.0
g3	 41 	 0.0 			 0.0 			0.0
g3	 42 	 0.0 			 0.0 			0.0
g3	 43 	 0.0 			 0.0 			0.0
g3	 44 	 0.0 			 0.0 			0.0
g3	 45 	 0.0 			 0.0 			0.0
g3	 46 	 0.0 			 0.0 			0.0
g3	 47 	 0.0 			 0.0 			0.0
g3	 48 	 0.0 			 0.0 			0.0
g3	 49 	 0.0 			 0.0 			0.0
g3	 50 	 0.0 			 0.0 			0.0
g3	 51 	 0.0 			 0.0 			0.0
g3	 52 	 0.0 			 0.0 			0.0
g3	 53 	 0.0 			 0.0 			0.0
g3	 54 	 0.0 			 0.0 			0.0
g3	 55 	 0.0 			 0.0 			0.0
g3	 56 	 0.0 			 0.0 			0.0
g3	 57 	 0.0 			 0.0 			0.0
g3	 58 	 0.0 			 0.0 			0.0
g3	 59 	 0.0 			 0.0 			0.0
g3	 60 	 0.0 			 0.0 			0.0
g3	 61 	 0.0 			 0.0 			0.0
g3	 62 	 0.0 			 0.0 			0.0
g3	 63 	 0.0 			 0.0 			0.0
g3	 64 	 0.0 			 0.0 			0.0
g3	 65 	 0.0 			 0.0 			0.0
g3	 66 	 0.0 			 0.0 			0.0
g3	 67 	 0.0 			 0.0 			0.0
g3	 68 	 0.0 			 0.0 			0.0
g3	 69 	 0.0 			 0.0 			0.0
g3	 70 	 0.0 			 0.0 			0.0
g3	 71 	 0.0 			 0.0 			0.0
g3	 72 	 0.0 			 0.0 			0.0
g3	 73 	 0.0 			 0.0 			0.0
g3	 74 	 0.0 			 0.0 			0.0
g3	 75 	 0.0 			 0.0 			0.0
g3	 76 	 0.0 			 0.0 			0.0
g3	 77 	 0.0 			 0.0 			0.0
g3	 78 	 0.0 			 0.0 			0.0
g3	 79 	 0.0 			 0.0 			0.0
g3	 80 	 0.0 			 0.0 			0.0
g3	 81 	 0.0 			 0.0 			0.0
g3	 82 	 0.0 			 0.0 			0.0
g3	 83 	 0.0 			 0.0 			0.0
g3	 84 	 0.0 			 0.0 			0.0
g3	 85 	 0.0 			 0.0 			0.0
g3	 86 	 0.0 			 0.0 			0.0
g3	 87 	 0.0 			 0.0 			0.0
g3	 88 	 0.0 			 0.0 			0.0
g3	 89 	 0.0 			 0.0 			0.0
g3	 90 	 0.0 			 0.0 			0.0
g3	 91 	 0.0 			 0.0 			0.0
g3	 92 	 0.0 			 0.0 			0.0
g3	 93 	 0.0 			 0.0 			0.0
g3	 94 	 0.0 			 0.0 			0.0
g3	 95 	 0.0 			 0.0 			0.0
g3	 96 	 0.0 			 0.0 			0.0
----------------------------------------------------------------------------------------------------
g4	 1 	 0.0 			 0.0 			0.0
g4	 2 	 0.0 			 0.0 			0.0
g4	 3 	 0.0 			 0.0 			0.0
g4	 4 	 0.0 			 0.0 			0.0
g4	 5 	 0.0 			 0.0 			0.0
g4	 6 	 0.0 			 0.0 			0.0
g4	 7 	 0.0 			 0.0 			0.0
g4	 8 	 0.0 			 0.0 			0.0
g4	 9 	 0.0 			 0.0 			0.0
g4	 10 	 0.0 			 0.0 			0.0
g4	 11 	 0.0 			 0.0 			0.0
g4	 12 	 0.0 			 0.0 			0.0
g4	 13 	 0.0 			 0.0 			0.0
g4	 14 	 0.0 			 0.0 			0.0
g4	 15 	 0.0 			 0.0 			0.0
g4	 16 	 0.0 			 0.0 			0.0
g4	 17 	 0.0 			 0.0 			0.0
g4	 18 	 0.0 			 0.0 			0.0
g4	 19 	 0.0 			 0.0 			0.0
g4	 20 	 0.0 			 0.0 			0.0
g4	 21 	 0.0 			 0.0 			0.0
g4	 22 	 0.0 			 0.0 			0.0
g4	 23 	 0.0 			 0.0 			0.0
g4	 24 	 0.0 			 0.0 			0.0
g4	 25 	 0.0 			 0.0 			0.0
g4	 26 	 0.0 			 0.0 			0.0
g4	 27 	 0.0 			 0.0 			0.0
g4	 28 	 0.0 			 0.0 			0.0
g4	 29 	 0.0 			 0.0 			0.0
g4	 30 	 0.0 			 0.0 			0.0
g4	 31 	 0.0 			 0.0 			0.0
g4	 32 	 0.0 			 0.0 			0.0
g4	 33 	 0.0 			 0.0 			0.0
g4	 34 	 0.0 			 0.0 			0.0
g4	 35 	 0.0 			 0.0 			0.0
g4	 36 	 0.0 			 0.0 			0.0
g4	 37 	 0.0 			 0.0 			0.0
g4	 38 	 0.0 			 0.0 			0.0
g4	 39 	 0.0 			 0.0 			0.0
g4	 40 	 0.0 			 0.0 			0.0
g4	 41 	 0.0 			 0.0 			0.0
g4	 42 	 0.0 			 0.0 			0.0
g4	 43 	 0.0 			 0.0 			0.0
g4	 44 	 0.0 			 0.0 			0.0
g4	 45 	 0.0 			 0.0 			0.0
g4	 46 	 0.0 			 0.0 			0.0
g4	 47 	 0.0 			 0.0 			0.0
g4	 48 	 0.0 			 0.0 			0.0
g4	 49 	 0.0 			 0.0 			0.0
g4	 50 	 0.0 			 0.0 			0.0
g4	 51 	 0.0 			 0.0 			0.0
g4	 52 	 0.0 			 0.0 			0.0
g4	 53 	 0.0 			 0.0 			0.0
g4	 54 	 0.0 			 0.0 			0.0
g4	 55 	 0.0 			 0.0 			0.0
g4	 56 	 0.0 			 0.0 			0.0
g4	 57 	 0.0 			 0.0 			0.0
g4	 58 	 0.0 			 0.0 			0.0
g4	 59 	 0.0 			 0.0 			0.0
g4	 60 	 0.0 			 0.0 			0.0
g4	 61 	 0.0 			 0.0 			0.0
g4	 62 	 0.0 			 0.0 			0.0
g4	 63 	 0.0 			 0.0 			0.0
g4	 64 	 0.0 			 0.0 			0.0
g4	 65 	 0.0 			 0.0 			0.0
g4	 66 	 0.0 			 0.0 			0.0
g4	 67 	 0.0 			 0.0 			0.0
g4	 68 	 0.0 			 0.0 			0.0
g4	 69 	 0.0 			 0.0 			0.0
g4	 70 	 0.0 			 0.0 			0.0
g4	 71 	 0.0 			 0.0 			0.0
g4	 72 	 0.0 			 0.0 			0.0
g4	 73 	 0.0 			 0.0 			0.0
g4	 74 	 0.0 			 0.0 			0.0
g4	 75 	 0.0 			 0.0 			0.0
g4	 76 	 0.0 			 0.0 			0.0
g4	 77 	 0.0 			 0.0 			0.0
g4	 78 	 0.0 			 0.0 			0.0
g4	 79 	 0.0 			 0.0 			0.0
g4	 80 	 0.0 			 0.0 			0.0
g4	 81 	 0.0 			 0.0 			0.0
g4	 82 	 0.0 			 0.0 			0.0
g4	 83 	 0.0 			 0.0 			0.0
g4	 84 	 0.0 			 0.0 			0.0
g4	 85 	 0.0 			 0.0 			0.0
g4	 86 	 0.0 			 0.0 			0.0
g4	 87 	 0.0 			 0.0 			0.0
g4	 88 	 0.0 			 0.0 			0.0
g4	 89 	 0.0 			 0.0 			0.0
g4	 90 	 0.0 			 0.0 			0.0
g4	 91 	 0.0 			 0.0 			0.0
g4	 92 	 0.0 			 0.0 			0.0
g4	 93 	 0.0 			 0.0 			0.0
g4	 94 	 0.0 			 0.0 			0.0
g4	 95 	 0.0 			 0.0 			0.0
g4	 96 	 0.0 			 0.0 			0.0
----------------------------------------------------------------------------------------------------
g5	 1 	 0.0 			 0.0 			0.0
g5	 2 	 0.0 			 0.0 			0.0
g5	 3 	 0.0 			 0.0 			0.0
g5	 4 	 0.0 			 0.0 			0.0
g5	 5 	 0.0 			 0.0 			0.0
g5	 6 	 0.0 			 0.0 			0.0
g5	 7 	 0.0 			 0.0 			0.0
g5	 8 	 0.0 			 0.0 			0.0
g5	 9 	 0.0 			 0.0 			0.0
g5	 10 	 0.0 			 0.0 			0.0
g5	 11 	 0.0 			 0.0 			0.0
g5	 12 	 0.0 			 0.0 			0.0
g5	 13 	 0.0 			 0.0 			0.0
g5	 14 	 0.0 			 0.0 			0.0
g5	 15 	 0.0 			 0.0 			0.0
g5	 16 	 0.0 			 0.0 			0.0
g5	 17 	 0.0 			 0.0 			0.0
g5	 18 	 0.0 			 0.0 			0.0
g5	 19 	 0.0 			 0.0 			0.0
g5	 20 	 0.0 			 0.0 			0.0
g5	 21 	 0.0 			 0.0 			0.0
g5	 22 	 0.0 			 0.0 			0.0
g5	 23 	 0.0 			 0.0 			0.0
g5	 24 	 0.0 			 0.0 			0.0
g5	 25 	 0.0 			 0.0 			0.0
g5	 26 	 0.0 			 0.0 			0.0
g5	 27 	 0.0 			 0.0 			0.0
g5	 28 	 0.0 			 0.0 			0.0
g5	 29 	 0.0 			 0.0 			0.0
g5	 30 	 0.0 			 0.0 			0.0
g5	 31 	 0.0 			 0.0 			0.0
g5	 32 	 0.0 			 0.0 			0.0
g5	 33 	 0.0 			 0.0 			0.0
g5	 34 	 0.0 			 0.0 			0.0
g5	 35 	 0.0 			 0.0 			0.0
g5	 36 	 0.0 			 0.0 			0.0
g5	 37 	 0.0 			 0.0 			0.0
g5	 38 	 0.0 			 0.0 			0.0
g5	 39 	 0.0 			 0.0 			0.0
g5	 40 	 0.0 			 0.0 			0.0
g5	 41 	 0.0 			 0.0 			0.0
g5	 42 	 0.0 			 0.0 			0.0
g5	 43 	 0.0 			 0.0 			0.0
g5	 44 	 0.0 			 0.0 			0.0
g5	 45 	 0.0 			 0.0 			0.0
g5	 46 	 0.0 			 0.0 			0.0
g5	 47 	 0.0 			 0.0 			0.0
g5	 48 	 0.0 			 0.0 			0.0
g5	 49 	 0.0 			 0.0 			0.0
g5	 50 	 0.0 			 0.0 			0.0
g5	 51 	 0.0 			 0.0 			0.0
g5	 52 	 0.0 			 0.0 			0.0
g5	 53 	 0.0 			 0.0 			0.0
g5	 54 	 0.0 			 0.0 			0.0
g5	 55 	 0.0 			 0.0 			0.0
g5	 56 	 0.0 			 0.0 			0.0
g5	 57 	 0.0 			 0.0 			0.0
g5	 58 	 0.0 			 0.0 			0.0
g5	 59 	 0.0 			 0.0 			0.0
g5	 60 	 0.0 			 0.0 			0.0
g5	 61 	 0.0 			 0.0 			0.0
g5	 62 	 0.0 			 0.0 			0.0
g5	 63 	 0.0 			 0.0 			0.0
g5	 64 	 0.0 			 0.0 			0.0
g5	 65 	 0.0 			 0.0 			0.0
g5	 66 	 0.0 			 0.0 			0.0
g5	 67 	 0.0 			 0.0 			0.0
g5	 68 	 0.0 			 0.0 			0.0
g5	 69 	 0.0 			 0.0 			0.0
g5	 70 	 0.0 			 0.0 			0.0
g5	 71 	 0.0 			 0.0 			0.0
g5	 72 	 0.0 			 0.0 			0.0
g5	 73 	 0.0 			 0.0 			0.0
g5	 74 	 0.0 			 0.0 			0.0
g5	 75 	 0.0 			 0.0 			0.0
g5	 76 	 0.0 			 0.0 			0.0
g5	 77 	 0.0 			 0.0 			0.0
g5	 78 	 0.0 			 0.0 			0.0
g5	 79 	 0.0 			 0.0 			0.0
g5	 80 	 0.0 			 0.0 			0.0
g5	 81 	 0.0 			 0.0 			0.0
g5	 82 	 0.0 			 0.0 			0.0
g5	 83 	 0.0 			 0.0 			0.0
g5	 84 	 0.0 			 0.0 			0.0
g5	 85 	 0.0 			 0.0 			0.0
g5	 86 	 0.0 			 0.0 			0.0
g5	 87 	 0.0 			 0.0 			0.0
g5	 88 	 0.0 			 0.0 			0.0
g5	 89 	 0.0 			 0.0 			0.0
g5	 90 	 0.0 			 0.0 			0.0
g5	 91 	 0.0 			 0.0 			0.0
g5	 92 	 0.0 			 0.0 			0.0
g5	 93 	 0.0 			 0.0 			0.0
g5	 94 	 0.0 			 0.0 			0.0
g5	 95 	 0.0 			 0.0 			0.0
g5	 96 	 0.0 			 0.0 			0.0
----------------------------------------------------------------------------------------------------
 
unit 	 generation 	 generation cost 	 start-up cost 	 total cost
----------------------------------------------------------------------------------------------------
g1 	 7049.547423			263026.468627			 0.000000		 263026.468627
g2 	 948.762274			50554.633170			 10598.130000		 61152.763170
g3 	 0.000000			0.000000			 0.000000		 0.000000
g4 	 0.000000			0.000000			 0.000000		 0.000000
g5 	 0.000000			0.000000			 0.000000		 0.000000
----------------------------------------------------------------------------------------------------
 
generation cost 	 start-up cost 		 total cost
----------------------------------------------------------------------------------------------------
313581.1017970001 			 10598.13 			 324179.23179700016
----------------------------------------------------------------------------------------------------
uplift payment for generator g1: 0.0
uplift payment for generator g2: 0.0
uplift payment for generator g3: 0.0
uplift payment for generator g4: 0.0
uplift payment for generator g5: 0.0
 
****************************************************************************************************
 
rtm Systemwide prices
----------------------------------------------------------------------------------------------------
time	 energy 	 up-FRP 	 dw-FRP
----------------------------------------------------------------------------------------------------
1 	 9.408671 		 0.0 		 0.0
2 	 9.614507 		 0.0 		 0.0
3 	 9.614507 		 0.0 		 0.0
4 	 9.614507 		 0.0 		 0.0
5 	 9.408671 		 0.0 		 0.0
6 	 9.408671 		 0.0 		 0.0
7 	 9.614507 		 0.0 		 0.0
8 	 9.408671 		 0.0 		 0.0
9 	 9.408671 		 0.0 		 0.0
10 	 9.408671 		 0.0 		 0.0
11 	 9.408671 		 0.0 		 0.0
12 	 9.408671 		 0.0 		 0.0
13 	 9.408671 		 0.0 		 0.0
14 	 9.408671 		 0.0 		 0.0
15 	 9.408671 		 0.0 		 0.0
16 	 9.408671 		 0.0 		 0.0
17 	 9.408671 		 0.0 		 0.0
18 	 9.408671 		 0.0 		 0.0
19 	 9.408671 		 0.0 		 0.0
20 	 9.408671 		 0.0 		 0.0
21 	 9.408671 		 0.0 		 0.0
22 	 9.408671 		 0.0 		 0.0
23 	 9.614507 		 0.0 		 0.0
24 	 9.408671 		 0.0 		 0.0
25 	 9.614507 		 0.0 		 0.0
26 	 9.614507 		 0.0 		 0.0
27 	 9.614507 		 0.0 		 0.0
28 	 9.614507 		 0.0 		 0.0
29 	 9.614507 		 0.0 		 0.0
30 	 9.614507 		 0.0 		 0.0
31 	 9.614507 		 0.0 		 0.0
32 	 9.614507 		 0.0 		 0.0
33 	 9.614507 		 0.0 		 0.0
34 	 2500.0 		 0.0 		 0.0
35 	 9.614507 		 0.0 		 0.0
36 	 9.614507 		 0.0 		 0.0
37 	 9.614507 		 0.0 		 0.0
38 	 9.614507 		 0.0 		 0.0
39 	 9.614507 		 0.0 		 0.0
40 	 9.614507 		 0.0 		 0.0
41 	 9.614507 		 0.0 		 0.0
42 	 9.614507 		 0.0 		 0.0
43 	 10.185876 		 0.0 		 0.0
44 	 9.614507 		 0.0 		 0.0
45 	 10.185876 		 0.0 		 0.0
46 	 10.185876 		 0.0 		 0.0
47 	 10.185876 		 0.0 		 0.0
48 	 9.614507 		 0.0 		 0.0
49 	 12.636629 		 0.0 		 0.0
50 	 9.614507 		 0.0 		 0.0
51 	 9.614507 		 0.0 		 0.0
52 	 12.06526 		 0.0 		 0.0
53 	 12.06526 		 0.0 		 0.0
54 	 9.614507 		 0.0 		 0.0
55 	 11.493892 		 0.0 		 0.0
56 	 9.614507 		 0.0 		 0.0
57 	 9.614507 		 0.0 		 0.0
58 	 18.934866 		 0.0 		 0.0
59 	 9.614507 		 0.0 		 0.0
60 	 15.176097 		 0.0 		 0.0
61 	 9.614507 		 0.0 		 0.0
62 	 9.614507 		 0.0 		 0.0
63 	 17.055481 		 0.0 		 0.0
64 	 9.614507 		 0.0 		 0.0
65 	 13.296712 		 0.0 		 0.0
66 	 11.493892 		 0.0 		 0.0
67 	 13.296712 		 0.0 		 0.0
68 	 9.614507 		 0.0 		 0.0
69 	 16.978917 		 0.0 		 0.0
70 	 13.296712 		 0.0 		 0.0
71 	 13.296712 		 0.0 		 0.0
72 	 13.373276 		 0.0 		 0.0
73 	 9.614507 		 0.0 		 0.0
74 	 12.06526 		 0.0 		 0.0
75 	 9.614507 		 0.0 		 0.0
76 	 11.493892 		 0.0 		 0.0
77 	 11.493892 		 0.0 		 0.0
78 	 11.493892 		 0.0 		 0.0
79 	 10.185876 		 0.0 		 0.0
80 	 11.493892 		 0.0 		 0.0
81 	 9.614507 		 0.0 		 0.0
82 	 2500.0 		 0.0 		 0.0
83 	 2475.132832 		 0.0 		 0.0
84 	 12.636629 		 0.0 		 0.0
85 	 9.614507 		 0.0 		 0.0
86 	 9.614507 		 0.0 		 0.0
87 	 9.614507 		 0.0 		 0.0
88 	 9.614507 		 0.0 		 0.0
89 	 9.614507 		 0.0 		 0.0
90 	 9.614507 		 0.0 		 0.0
91 	 9.614507 		 0.0 		 0.0
92 	 9.614507 		 0.0 		 0.0
93 	 9.614507 		 0.0 		 0.0
94 	 9.614507 		 0.0 		 0.0
95 	 9.614507 		 0.0 		 0.0
96 	 9.614507 		 0.0 		 0.0
 
****************************************************************************************************
 
rtm Post-uplift payments
----------------------------------------------------------------------------------------------------------------------------------------------------
unit 	 generation payment 	 up-FRP payment 	 dw-FRP payment 	pre-up t. payment 	 uplift payments 	 post-up t. payment 	 profit
----------------------------------------------------------------------------------------------------------------------------------------------------
 g1 	 49628.245941			 0.000000			 0.000000			 49628.245941			 0.000000			 49628.245941		 76842.826615
 g2 	 135372.213851			 0.000000			 0.000000			 135372.213851			 0.000000			 135372.213851		 112524.615200
 g3 	 0.000000			 0.000000			 0.000000			 0.000000			 0.000000			 0.000000		 0.000000
 g4 	 0.000000			 0.000000			 0.000000			 0.000000			 0.000000			 0.000000		 0.000000
 g5 	 0.000000			 0.000000			 0.000000			 0.000000			 0.000000			 0.000000		 0.000000
****************************************************************************************************
 
Total generator payments
----------------------------------------------------------------------------------------------------------------------------------------------------
unit 	 generation payment 	 up-FRP payment 	 dw-FRP payment 	pre-up t. payment 	 uplift payments 	 post-up t. payment 	 profit
----------------------------------------------------------------------------------------------------------------------------------------------------
 g1 	 339869.295242			 0.000000			 0.000000			 339869.295242			 0.000000			 339869.295242		 76842.826615
 g2 	 173677.378370			 0.000000			 0.000000			 173677.378370			 0.000000			 173677.378370		 112524.615200
 g3 	 0.000000			 0.000000			 0.000000			 0.000000			 0.000000			 0.000000		 0.000000
 g4 	 0.000000			 0.000000			 0.000000			 0.000000			 0.000000			 0.000000		 0.000000
 g5 	 0.000000			 0.000000			 0.000000			 0.000000			 0.000000			 0.000000		 0.000000
 
****************************************************************************************************
 
rtm LMP
----------------------------------------------------------------------------------------------------
bus name 	 time 		 LMP
----------------------------------------------------------------------------------------------------
b1 		 1 		 9.408671
b1 		 2 		 9.614507
b1 		 3 		 9.614507
b1 		 4 		 9.614507
b1 		 5 		 9.408671
b1 		 6 		 9.408671
b1 		 7 		 9.614507
b1 		 8 		 9.408671
b1 		 9 		 9.408671
b1 		 10 		 9.408671
b1 		 11 		 9.408671
b1 		 12 		 9.408671
b1 		 13 		 9.408671
b1 		 14 		 9.408671
b1 		 15 		 9.408671
b1 		 16 		 9.408671
b1 		 17 		 9.408671
b1 		 18 		 9.408671
b1 		 19 		 9.408671
b1 		 20 		 9.408671
b1 		 21 		 9.408671
b1 		 22 		 9.408671
b1 		 23 		 9.614507
b1 		 24 		 9.408671
b1 		 25 		 9.614507
b1 		 26 		 9.614507
b1 		 27 		 9.614507
b1 		 28 		 9.614507
b1 		 29 		 9.614507
b1 		 30 		 9.614507
b1 		 31 		 9.614507
b1 		 32 		 9.614507
b1 		 33 		 9.614507
b1 		 34 		 2500.0
b1 		 35 		 9.614507
b1 		 36 		 9.614507
b1 		 37 		 9.614507
b1 		 38 		 9.614507
b1 		 39 		 9.614507
b1 		 40 		 9.614507
b1 		 41 		 9.614507
b1 		 42 		 9.614507
b1 		 43 		 10.185876
b1 		 44 		 9.614507
b1 		 45 		 10.185876
b1 		 46 		 10.185876
b1 		 47 		 10.185876
b1 		 48 		 9.614507
b1 		 49 		 12.636629
b1 		 50 		 9.614507
b1 		 51 		 9.614507
b1 		 52 		 12.06526
b1 		 53 		 12.06526
b1 		 54 		 9.614507
b1 		 55 		 11.493892
b1 		 56 		 9.614507
b1 		 57 		 9.614507
b1 		 58 		 18.934866
b1 		 59 		 9.614507
b1 		 60 		 15.176097
b1 		 61 		 9.614507
b1 		 62 		 9.614507
b1 		 63 		 17.055481
b1 		 64 		 9.614507
b1 		 65 		 13.296712
b1 		 66 		 11.493892
b1 		 67 		 13.296712
b1 		 68 		 9.614507
b1 		 69 		 16.978917
b1 		 70 		 13.296712
b1 		 71 		 13.296712
b1 		 72 		 13.373276
b1 		 73 		 9.614507
b1 		 74 		 12.06526
b1 		 75 		 9.614507
b1 		 76 		 11.493892
b1 		 77 		 11.493892
b1 		 78 		 11.493892
b1 		 79 		 10.185876
b1 		 80 		 11.493892
b1 		 81 		 9.614507
b1 		 82 		 2500.0
b1 		 83 		 2475.132832
b1 		 84 		 12.636629
b1 		 85 		 9.614507
b1 		 86 		 9.614507
b1 		 87 		 9.614507
b1 		 88 		 9.614507
b1 		 89 		 9.614507
b1 		 90 		 9.614507
b1 		 91 		 9.614507
b1 		 92 		 9.614507
b1 		 93 		 9.614507
b1 		 94 		 9.614507
b1 		 95 		 9.614507
b1 		 96 		 9.614507
----------------------------------------------------------------------------------------------------
b2 		 1 		 9.408671
b2 		 2 		 9.614507
b2 		 3 		 9.614507
b2 		 4 		 9.614507
b2 		 5 		 9.408671
b2 		 6 		 9.408671
b2 		 7 		 9.614507
b2 		 8 		 9.408671
b2 		 9 		 9.408671
b2 		 10 		 9.408671
b2 		 11 		 9.408671
b2 		 12 		 9.408671
b2 		 13 		 9.408671
b2 		 14 		 9.408671
b2 		 15 		 9.408671
b2 		 16 		 9.408671
b2 		 17 		 9.408671
b2 		 18 		 9.408671
b2 		 19 		 9.408671
b2 		 20 		 9.408671
b2 		 21 		 9.408671
b2 		 22 		 9.408671
b2 		 23 		 9.614507
b2 		 24 		 9.408671
b2 		 25 		 9.614507
b2 		 26 		 9.614507
b2 		 27 		 9.614507
b2 		 28 		 9.614507
b2 		 29 		 9.614507
b2 		 30 		 9.614507
b2 		 31 		 9.614507
b2 		 32 		 9.614507
b2 		 33 		 9.614507
b2 		 34 		 2500.0
b2 		 35 		 9.614507
b2 		 36 		 9.614507
b2 		 37 		 9.614507
b2 		 38 		 9.614507
b2 		 39 		 9.614507
b2 		 40 		 9.614507
b2 		 41 		 9.614507
b2 		 42 		 9.614507
b2 		 43 		 10.185876
b2 		 44 		 9.614507
b2 		 45 		 10.185876
b2 		 46 		 10.185876
b2 		 47 		 10.185876
b2 		 48 		 9.614507
b2 		 49 		 12.636629
b2 		 50 		 9.614507
b2 		 51 		 9.614507
b2 		 52 		 12.06526
b2 		 53 		 12.06526
b2 		 54 		 9.614507
b2 		 55 		 11.493892
b2 		 56 		 9.614507
b2 		 57 		 9.614507
b2 		 58 		 18.934866
b2 		 59 		 9.614507
b2 		 60 		 15.176097
b2 		 61 		 9.614507
b2 		 62 		 9.614507
b2 		 63 		 17.055481
b2 		 64 		 9.614507
b2 		 65 		 13.296712
b2 		 66 		 11.493892
b2 		 67 		 13.296712
b2 		 68 		 9.614507
b2 		 69 		 16.978917
b2 		 70 		 13.296712
b2 		 71 		 13.296712
b2 		 72 		 13.373276
b2 		 73 		 9.614507
b2 		 74 		 12.06526
b2 		 75 		 9.614507
b2 		 76 		 11.493892
b2 		 77 		 11.493892
b2 		 78 		 11.493892
b2 		 79 		 10.185876
b2 		 80 		 11.493892
b2 		 81 		 9.614507
b2 		 82 		 2500.0
b2 		 83 		 2475.132832
b2 		 84 		 12.636629
b2 		 85 		 9.614507
b2 		 86 		 9.614507
b2 		 87 		 9.614507
b2 		 88 		 9.614507
b2 		 89 		 9.614507
b2 		 90 		 9.614507
b2 		 91 		 9.614507
b2 		 92 		 9.614507
b2 		 93 		 9.614507
b2 		 94 		 9.614507
b2 		 95 		 9.614507
b2 		 96 		 9.614507
----------------------------------------------------------------------------------------------------
b3 		 1 		 9.408671
b3 		 2 		 9.614507
b3 		 3 		 9.614507
b3 		 4 		 9.614507
b3 		 5 		 9.408671
b3 		 6 		 9.408671
b3 		 7 		 9.614507
b3 		 8 		 9.408671
b3 		 9 		 9.408671
b3 		 10 		 9.408671
b3 		 11 		 9.408671
b3 		 12 		 9.408671
b3 		 13 		 9.408671
b3 		 14 		 9.408671
b3 		 15 		 9.408671
b3 		 16 		 9.408671
b3 		 17 		 9.408671
b3 		 18 		 9.408671
b3 		 19 		 9.408671
b3 		 20 		 9.408671
b3 		 21 		 9.408671
b3 		 22 		 9.408671
b3 		 23 		 9.614507
b3 		 24 		 9.408671
b3 		 25 		 9.614507
b3 		 26 		 9.614507
b3 		 27 		 9.614507
b3 		 28 		 9.614507
b3 		 29 		 9.614507
b3 		 30 		 9.614507
b3 		 31 		 9.614507
b3 		 32 		 9.614507
b3 		 33 		 9.614507
b3 		 34 		 2500.0
b3 		 35 		 9.614507
b3 		 36 		 9.614507
b3 		 37 		 9.614507
b3 		 38 		 9.614507
b3 		 39 		 9.614507
b3 		 40 		 9.614507
b3 		 41 		 9.614507
b3 		 42 		 9.614507
b3 		 43 		 10.185876
b3 		 44 		 9.614507
b3 		 45 		 10.185876
b3 		 46 		 10.185876
b3 		 47 		 10.185876
b3 		 48 		 9.614507
b3 		 49 		 12.636629
b3 		 50 		 9.614507
b3 		 51 		 9.614507
b3 		 52 		 12.06526
b3 		 53 		 12.06526
b3 		 54 		 9.614507
b3 		 55 		 11.493892
b3 		 56 		 9.614507
b3 		 57 		 9.614507
b3 		 58 		 18.934866
b3 		 59 		 9.614507
b3 		 60 		 15.176097
b3 		 61 		 9.614507
b3 		 62 		 9.614507
b3 		 63 		 17.055481
b3 		 64 		 9.614507
b3 		 65 		 13.296712
b3 		 66 		 11.493892
b3 		 67 		 13.296712
b3 		 68 		 9.614507
b3 		 69 		 16.978917
b3 		 70 		 13.296712
b3 		 71 		 13.296712
b3 		 72 		 13.373276
b3 		 73 		 9.614507
b3 		 74 		 12.06526
b3 		 75 		 9.614507
b3 		 76 		 11.493892
b3 		 77 		 11.493892
b3 		 78 		 11.493892
b3 		 79 		 10.185876
b3 		 80 		 11.493892
b3 		 81 		 9.614507
b3 		 82 		 2500.0
b3 		 83 		 2475.132832
b3 		 84 		 12.636629
b3 		 85 		 9.614507
b3 		 86 		 9.614507
b3 		 87 		 9.614507
b3 		 88 		 9.614507
b3 		 89 		 9.614507
b3 		 90 		 9.614507
b3 		 91 		 9.614507
b3 		 92 		 9.614507
b3 		 93 		 9.614507
b3 		 94 		 9.614507
b3 		 95 		 9.614507
b3 		 96 		 9.614507
----------------------------------------------------------------------------------------------------
b4 		 1 		 9.408671
b4 		 2 		 9.614507
b4 		 3 		 9.614507
b4 		 4 		 9.614507
b4 		 5 		 9.408671
b4 		 6 		 9.408671
b4 		 7 		 9.614507
b4 		 8 		 9.408671
b4 		 9 		 9.408671
b4 		 10 		 9.408671
b4 		 11 		 9.408671
b4 		 12 		 9.408671
b4 		 13 		 9.408671
b4 		 14 		 9.408671
b4 		 15 		 9.408671
b4 		 16 		 9.408671
b4 		 17 		 9.408671
b4 		 18 		 9.408671
b4 		 19 		 9.408671
b4 		 20 		 9.408671
b4 		 21 		 9.408671
b4 		 22 		 9.408671
b4 		 23 		 9.614507
b4 		 24 		 9.408671
b4 		 25 		 9.614507
b4 		 26 		 9.614507
b4 		 27 		 9.614507
b4 		 28 		 9.614507
b4 		 29 		 9.614507
b4 		 30 		 9.614507
b4 		 31 		 9.614507
b4 		 32 		 9.614507
b4 		 33 		 9.614507
b4 		 34 		 2500.0
b4 		 35 		 9.614507
b4 		 36 		 9.614507
b4 		 37 		 9.614507
b4 		 38 		 9.614507
b4 		 39 		 9.614507
b4 		 40 		 9.614507
b4 		 41 		 9.614507
b4 		 42 		 9.614507
b4 		 43 		 10.185876
b4 		 44 		 9.614507
b4 		 45 		 10.185876
b4 		 46 		 10.185876
b4 		 47 		 10.185876
b4 		 48 		 9.614507
b4 		 49 		 12.636629
b4 		 50 		 9.614507
b4 		 51 		 9.614507
b4 		 52 		 12.06526
b4 		 53 		 12.06526
b4 		 54 		 9.614507
b4 		 55 		 11.493892
b4 		 56 		 9.614507
b4 		 57 		 9.614507
b4 		 58 		 18.934866
b4 		 59 		 9.614507
b4 		 60 		 15.176097
b4 		 61 		 9.614507
b4 		 62 		 9.614507
b4 		 63 		 17.055481
b4 		 64 		 9.614507
b4 		 65 		 13.296712
b4 		 66 		 11.493892
b4 		 67 		 13.296712
b4 		 68 		 9.614507
b4 		 69 		 16.978917
b4 		 70 		 13.296712
b4 		 71 		 13.296712
b4 		 72 		 13.373276
b4 		 73 		 9.614507
b4 		 74 		 12.06526
b4 		 75 		 9.614507
b4 		 76 		 11.493892
b4 		 77 		 11.493892
b4 		 78 		 11.493892
b4 		 79 		 10.185876
b4 		 80 		 11.493892
b4 		 81 		 9.614507
b4 		 82 		 2500.0
b4 		 83 		 2475.132832
b4 		 84 		 12.636629
b4 		 85 		 9.614507
b4 		 86 		 9.614507
b4 		 87 		 9.614507
b4 		 88 		 9.614507
b4 		 89 		 9.614507
b4 		 90 		 9.614507
b4 		 91 		 9.614507
b4 		 92 		 9.614507
b4 		 93 		 9.614507
b4 		 94 		 9.614507
b4 		 95 		 9.614507
b4 		 96 		 9.614507
----------------------------------------------------------------------------------------------------
b5 		 1 		 9.408671
b5 		 2 		 9.614507
b5 		 3 		 9.614507
b5 		 4 		 9.614507
b5 		 5 		 9.408671
b5 		 6 		 9.408671
b5 		 7 		 9.614507
b5 		 8 		 9.408671
b5 		 9 		 9.408671
b5 		 10 		 9.408671
b5 		 11 		 9.408671
b5 		 12 		 9.408671
b5 		 13 		 9.408671
b5 		 14 		 9.408671
b5 		 15 		 9.408671
b5 		 16 		 9.408671
b5 		 17 		 9.408671
b5 		 18 		 9.408671
b5 		 19 		 9.408671
b5 		 20 		 9.408671
b5 		 21 		 9.408671
b5 		 22 		 9.408671
b5 		 23 		 9.614507
b5 		 24 		 9.408671
b5 		 25 		 9.614507
b5 		 26 		 9.614507
b5 		 27 		 9.614507
b5 		 28 		 9.614507
b5 		 29 		 9.614507
b5 		 30 		 9.614507
b5 		 31 		 9.614507
b5 		 32 		 9.614507
b5 		 33 		 9.614507
b5 		 34 		 2500.0
b5 		 35 		 9.614507
b5 		 36 		 9.614507
b5 		 37 		 9.614507
b5 		 38 		 9.614507
b5 		 39 		 9.614507
b5 		 40 		 9.614507
b5 		 41 		 9.614507
b5 		 42 		 9.614507
b5 		 43 		 10.185876
b5 		 44 		 9.614507
b5 		 45 		 10.185876
b5 		 46 		 10.185876
b5 		 47 		 10.185876
b5 		 48 		 9.614507
b5 		 49 		 12.636629
b5 		 50 		 9.614507
b5 		 51 		 9.614507
b5 		 52 		 12.06526
b5 		 53 		 12.06526
b5 		 54 		 9.614507
b5 		 55 		 11.493892
b5 		 56 		 9.614507
b5 		 57 		 9.614507
b5 		 58 		 18.934866
b5 		 59 		 9.614507
b5 		 60 		 15.176097
b5 		 61 		 9.614507
b5 		 62 		 9.614507
b5 		 63 		 17.055481
b5 		 64 		 9.614507
b5 		 65 		 13.296712
b5 		 66 		 11.493892
b5 		 67 		 13.296712
b5 		 68 		 9.614507
b5 		 69 		 16.978917
b5 		 70 		 13.296712
b5 		 71 		 13.296712
b5 		 72 		 13.373276
b5 		 73 		 9.614507
b5 		 74 		 12.06526
b5 		 75 		 9.614507
b5 		 76 		 11.493892
b5 		 77 		 11.493892
b5 		 78 		 11.493892
b5 		 79 		 10.185876
b5 		 80 		 11.493892
b5 		 81 		 9.614507
b5 		 82 		 2500.0
b5 		 83 		 2475.132832
b5 		 84 		 12.636629
b5 		 85 		 9.614507
b5 		 86 		 9.614507
b5 		 87 		 9.614507
b5 		 88 		 9.614507
b5 		 89 		 9.614507
b5 		 90 		 9.614507
b5 		 91 		 9.614507
b5 		 92 		 9.614507
b5 		 93 		 9.614507
b5 		 94 		 9.614507
b5 		 95 		 9.614507
b5 		 96 		 9.614507
----------------------------------------------------------------------------------------------------
b6 		 1 		 9.408671
b6 		 2 		 9.614507
b6 		 3 		 9.614507
b6 		 4 		 9.614507
b6 		 5 		 9.408671
b6 		 6 		 9.408671
b6 		 7 		 9.614507
b6 		 8 		 9.408671
b6 		 9 		 9.408671
b6 		 10 		 9.408671
b6 		 11 		 9.408671
b6 		 12 		 9.408671
b6 		 13 		 9.408671
b6 		 14 		 9.408671
b6 		 15 		 9.408671
b6 		 16 		 9.408671
b6 		 17 		 9.408671
b6 		 18 		 9.408671
b6 		 19 		 9.408671
b6 		 20 		 9.408671
b6 		 21 		 9.408671
b6 		 22 		 9.408671
b6 		 23 		 9.614507
b6 		 24 		 9.408671
b6 		 25 		 9.614507
b6 		 26 		 9.614507
b6 		 27 		 9.614507
b6 		 28 		 9.614507
b6 		 29 		 9.614507
b6 		 30 		 9.614507
b6 		 31 		 9.614507
b6 		 32 		 9.614507
b6 		 33 		 9.614507
b6 		 34 		 2500.0
b6 		 35 		 9.614507
b6 		 36 		 9.614507
b6 		 37 		 9.614507
b6 		 38 		 9.614507
b6 		 39 		 9.614507
b6 		 40 		 9.614507
b6 		 41 		 9.614507
b6 		 42 		 9.614507
b6 		 43 		 10.185876
b6 		 44 		 9.614507
b6 		 45 		 10.185876
b6 		 46 		 10.185876
b6 		 47 		 10.185876
b6 		 48 		 9.614507
b6 		 49 		 12.636629
b6 		 50 		 9.614507
b6 		 51 		 9.614507
b6 		 52 		 12.06526
b6 		 53 		 12.06526
b6 		 54 		 9.614507
b6 		 55 		 11.493892
b6 		 56 		 9.614507
b6 		 57 		 9.614507
b6 		 58 		 18.934866
b6 		 59 		 9.614507
b6 		 60 		 15.176097
b6 		 61 		 9.614507
b6 		 62 		 9.614507
b6 		 63 		 17.055481
b6 		 64 		 9.614507
b6 		 65 		 13.296712
b6 		 66 		 11.493892
b6 		 67 		 13.296712
b6 		 68 		 9.614507
b6 		 69 		 16.978917
b6 		 70 		 13.296712
b6 		 71 		 13.296712
b6 		 72 		 13.373276
b6 		 73 		 9.614507
b6 		 74 		 12.06526
b6 		 75 		 9.614507
b6 		 76 		 11.493892
b6 		 77 		 11.493892
b6 		 78 		 11.493892
b6 		 79 		 10.185876
b6 		 80 		 11.493892
b6 		 81 		 9.614507
b6 		 82 		 2500.0
b6 		 83 		 2475.132832
b6 		 84 		 12.636629
b6 		 85 		 9.614507
b6 		 86 		 9.614507
b6 		 87 		 9.614507
b6 		 88 		 9.614507
b6 		 89 		 9.614507
b6 		 90 		 9.614507
b6 		 91 		 9.614507
b6 		 92 		 9.614507
b6 		 93 		 9.614507
b6 		 94 		 9.614507
b6 		 95 		 9.614507
b6 		 96 		 9.614507
----------------------------------------------------------------------------------------------------
b7 		 1 		 9.408671
b7 		 2 		 9.614507
b7 		 3 		 9.614507
b7 		 4 		 9.614507
b7 		 5 		 9.408671
b7 		 6 		 9.408671
b7 		 7 		 9.614507
b7 		 8 		 9.408671
b7 		 9 		 9.408671
b7 		 10 		 9.408671
b7 		 11 		 9.408671
b7 		 12 		 9.408671
b7 		 13 		 9.408671
b7 		 14 		 9.408671
b7 		 15 		 9.408671
b7 		 16 		 9.408671
b7 		 17 		 9.408671
b7 		 18 		 9.408671
b7 		 19 		 9.408671
b7 		 20 		 9.408671
b7 		 21 		 9.408671
b7 		 22 		 9.408671
b7 		 23 		 9.614507
b7 		 24 		 9.408671
b7 		 25 		 9.614507
b7 		 26 		 9.614507
b7 		 27 		 9.614507
b7 		 28 		 9.614507
b7 		 29 		 9.614507
b7 		 30 		 9.614507
b7 		 31 		 9.614507
b7 		 32 		 9.614507
b7 		 33 		 9.614507
b7 		 34 		 2500.0
b7 		 35 		 9.614507
b7 		 36 		 9.614507
b7 		 37 		 9.614507
b7 		 38 		 9.614507
b7 		 39 		 9.614507
b7 		 40 		 9.614507
b7 		 41 		 9.614507
b7 		 42 		 9.614507
b7 		 43 		 10.185876
b7 		 44 		 9.614507
b7 		 45 		 10.185876
b7 		 46 		 10.185876
b7 		 47 		 10.185876
b7 		 48 		 9.614507
b7 		 49 		 12.636629
b7 		 50 		 9.614507
b7 		 51 		 9.614507
b7 		 52 		 12.06526
b7 		 53 		 12.06526
b7 		 54 		 9.614507
b7 		 55 		 11.493892
b7 		 56 		 9.614507
b7 		 57 		 9.614507
b7 		 58 		 18.934866
b7 		 59 		 9.614507
b7 		 60 		 15.176097
b7 		 61 		 9.614507
b7 		 62 		 9.614507
b7 		 63 		 17.055481
b7 		 64 		 9.614507
b7 		 65 		 13.296712
b7 		 66 		 11.493892
b7 		 67 		 13.296712
b7 		 68 		 9.614507
b7 		 69 		 16.978917
b7 		 70 		 13.296712
b7 		 71 		 13.296712
b7 		 72 		 13.373276
b7 		 73 		 9.614507
b7 		 74 		 12.06526
b7 		 75 		 9.614507
b7 		 76 		 11.493892
b7 		 77 		 11.493892
b7 		 78 		 11.493892
b7 		 79 		 10.185876
b7 		 80 		 11.493892
b7 		 81 		 9.614507
b7 		 82 		 2500.0
b7 		 83 		 2475.132832
b7 		 84 		 12.636629
b7 		 85 		 9.614507
b7 		 86 		 9.614507
b7 		 87 		 9.614507
b7 		 88 		 9.614507
b7 		 89 		 9.614507
b7 		 90 		 9.614507
b7 		 91 		 9.614507
b7 		 92 		 9.614507
b7 		 93 		 9.614507
b7 		 94 		 9.614507
b7 		 95 		 9.614507
b7 		 96 		 9.614507
----------------------------------------------------------------------------------------------------
b8 		 1 		 9.408671
b8 		 2 		 9.614507
b8 		 3 		 9.614507
b8 		 4 		 9.614507
b8 		 5 		 9.408671
b8 		 6 		 9.408671
b8 		 7 		 9.614507
b8 		 8 		 9.408671
b8 		 9 		 9.408671
b8 		 10 		 9.408671
b8 		 11 		 9.408671
b8 		 12 		 9.408671
b8 		 13 		 9.408671
b8 		 14 		 9.408671
b8 		 15 		 9.408671
b8 		 16 		 9.408671
b8 		 17 		 9.408671
b8 		 18 		 9.408671
b8 		 19 		 9.408671
b8 		 20 		 9.408671
b8 		 21 		 9.408671
b8 		 22 		 9.408671
b8 		 23 		 9.614507
b8 		 24 		 9.408671
b8 		 25 		 9.614507
b8 		 26 		 9.614507
b8 		 27 		 9.614507
b8 		 28 		 9.614507
b8 		 29 		 9.614507
b8 		 30 		 9.614507
b8 		 31 		 9.614507
b8 		 32 		 9.614507
b8 		 33 		 9.614507
b8 		 34 		 2500.0
b8 		 35 		 9.614507
b8 		 36 		 9.614507
b8 		 37 		 9.614507
b8 		 38 		 9.614507
b8 		 39 		 9.614507
b8 		 40 		 9.614507
b8 		 41 		 9.614507
b8 		 42 		 9.614507
b8 		 43 		 10.185876
b8 		 44 		 9.614507
b8 		 45 		 10.185876
b8 		 46 		 10.185876
b8 		 47 		 10.185876
b8 		 48 		 9.614507
b8 		 49 		 12.636629
b8 		 50 		 9.614507
b8 		 51 		 9.614507
b8 		 52 		 12.06526
b8 		 53 		 12.06526
b8 		 54 		 9.614507
b8 		 55 		 11.493892
b8 		 56 		 9.614507
b8 		 57 		 9.614507
b8 		 58 		 18.934866
b8 		 59 		 9.614507
b8 		 60 		 15.176097
b8 		 61 		 9.614507
b8 		 62 		 9.614507
b8 		 63 		 17.055481
b8 		 64 		 9.614507
b8 		 65 		 13.296712
b8 		 66 		 11.493892
b8 		 67 		 13.296712
b8 		 68 		 9.614507
b8 		 69 		 16.978917
b8 		 70 		 13.296712
b8 		 71 		 13.296712
b8 		 72 		 13.373276
b8 		 73 		 9.614507
b8 		 74 		 12.06526
b8 		 75 		 9.614507
b8 		 76 		 11.493892
b8 		 77 		 11.493892
b8 		 78 		 11.493892
b8 		 79 		 10.185876
b8 		 80 		 11.493892
b8 		 81 		 9.614507
b8 		 82 		 2500.0
b8 		 83 		 2475.132832
b8 		 84 		 12.636629
b8 		 85 		 9.614507
b8 		 86 		 9.614507
b8 		 87 		 9.614507
b8 		 88 		 9.614507
b8 		 89 		 9.614507
b8 		 90 		 9.614507
b8 		 91 		 9.614507
b8 		 92 		 9.614507
b8 		 93 		 9.614507
b8 		 94 		 9.614507
b8 		 95 		 9.614507
b8 		 96 		 9.614507
----------------------------------------------------------------------------------------------------
b9 		 1 		 9.408671
b9 		 2 		 9.614507
b9 		 3 		 9.614507
b9 		 4 		 9.614507
b9 		 5 		 9.408671
b9 		 6 		 9.408671
b9 		 7 		 9.614507
b9 		 8 		 9.408671
b9 		 9 		 9.408671
b9 		 10 		 9.408671
b9 		 11 		 9.408671
b9 		 12 		 9.408671
b9 		 13 		 9.408671
b9 		 14 		 9.408671
b9 		 15 		 9.408671
b9 		 16 		 9.408671
b9 		 17 		 9.408671
b9 		 18 		 9.408671
b9 		 19 		 9.408671
b9 		 20 		 9.408671
b9 		 21 		 9.408671
b9 		 22 		 9.408671
b9 		 23 		 9.614507
b9 		 24 		 9.408671
b9 		 25 		 9.614507
b9 		 26 		 9.614507
b9 		 27 		 9.614507
b9 		 28 		 9.614507
b9 		 29 		 9.614507
b9 		 30 		 9.614507
b9 		 31 		 9.614507
b9 		 32 		 9.614507
b9 		 33 		 9.614507
b9 		 34 		 2500.0
b9 		 35 		 9.614507
b9 		 36 		 9.614507
b9 		 37 		 9.614507
b9 		 38 		 9.614507
b9 		 39 		 9.614507
b9 		 40 		 9.614507
b9 		 41 		 9.614507
b9 		 42 		 9.614507
b9 		 43 		 10.185876
b9 		 44 		 9.614507
b9 		 45 		 10.185876
b9 		 46 		 10.185876
b9 		 47 		 10.185876
b9 		 48 		 9.614507
b9 		 49 		 12.636629
b9 		 50 		 9.614507
b9 		 51 		 9.614507
b9 		 52 		 12.06526
b9 		 53 		 12.06526
b9 		 54 		 9.614507
b9 		 55 		 11.493892
b9 		 56 		 9.614507
b9 		 57 		 9.614507
b9 		 58 		 18.934866
b9 		 59 		 9.614507
b9 		 60 		 15.176097
b9 		 61 		 9.614507
b9 		 62 		 9.614507
b9 		 63 		 17.055481
b9 		 64 		 9.614507
b9 		 65 		 13.296712
b9 		 66 		 11.493892
b9 		 67 		 13.296712
b9 		 68 		 9.614507
b9 		 69 		 16.978917
b9 		 70 		 13.296712
b9 		 71 		 13.296712
b9 		 72 		 13.373276
b9 		 73 		 9.614507
b9 		 74 		 12.06526
b9 		 75 		 9.614507
b9 		 76 		 11.493892
b9 		 77 		 11.493892
b9 		 78 		 11.493892
b9 		 79 		 10.185876
b9 		 80 		 11.493892
b9 		 81 		 9.614507
b9 		 82 		 2500.0
b9 		 83 		 2475.132832
b9 		 84 		 12.636629
b9 		 85 		 9.614507
b9 		 86 		 9.614507
b9 		 87 		 9.614507
b9 		 88 		 9.614507
b9 		 89 		 9.614507
b9 		 90 		 9.614507
b9 		 91 		 9.614507
b9 		 92 		 9.614507
b9 		 93 		 9.614507
b9 		 94 		 9.614507
b9 		 95 		 9.614507
b9 		 96 		 9.614507
----------------------------------------------------------------------------------------------------
b10 		 1 		 9.408671
b10 		 2 		 9.614507
b10 		 3 		 9.614507
b10 		 4 		 9.614507
b10 		 5 		 9.408671
b10 		 6 		 9.408671
b10 		 7 		 9.614507
b10 		 8 		 9.408671
b10 		 9 		 9.408671
b10 		 10 		 9.408671
b10 		 11 		 9.408671
b10 		 12 		 9.408671
b10 		 13 		 9.408671
b10 		 14 		 9.408671
b10 		 15 		 9.408671
b10 		 16 		 9.408671
b10 		 17 		 9.408671
b10 		 18 		 9.408671
b10 		 19 		 9.408671
b10 		 20 		 9.408671
b10 		 21 		 9.408671
b10 		 22 		 9.408671
b10 		 23 		 9.614507
b10 		 24 		 9.408671
b10 		 25 		 9.614507
b10 		 26 		 9.614507
b10 		 27 		 9.614507
b10 		 28 		 9.614507
b10 		 29 		 9.614507
b10 		 30 		 9.614507
b10 		 31 		 9.614507
b10 		 32 		 9.614507
b10 		 33 		 9.614507
b10 		 34 		 2500.0
b10 		 35 		 9.614507
b10 		 36 		 9.614507
b10 		 37 		 9.614507
b10 		 38 		 9.614507
b10 		 39 		 9.614507
b10 		 40 		 9.614507
b10 		 41 		 9.614507
b10 		 42 		 9.614507
b10 		 43 		 10.185876
b10 		 44 		 9.614507
b10 		 45 		 10.185876
b10 		 46 		 10.185876
b10 		 47 		 10.185876
b10 		 48 		 9.614507
b10 		 49 		 12.636629
b10 		 50 		 9.614507
b10 		 51 		 9.614507
b10 		 52 		 12.06526
b10 		 53 		 12.06526
b10 		 54 		 9.614507
b10 		 55 		 11.493892
b10 		 56 		 9.614507
b10 		 57 		 9.614507
b10 		 58 		 18.934866
b10 		 59 		 9.614507
b10 		 60 		 15.176097
b10 		 61 		 9.614507
b10 		 62 		 9.614507
b10 		 63 		 17.055481
b10 		 64 		 9.614507
b10 		 65 		 13.296712
b10 		 66 		 11.493892
b10 		 67 		 13.296712
b10 		 68 		 9.614507
b10 		 69 		 16.978917
b10 		 70 		 13.296712
b10 		 71 		 13.296712
b10 		 72 		 13.373276
b10 		 73 		 9.614507
b10 		 74 		 12.06526
b10 		 75 		 9.614507
b10 		 76 		 11.493892
b10 		 77 		 11.493892
b10 		 78 		 11.493892
b10 		 79 		 10.185876
b10 		 80 		 11.493892
b10 		 81 		 9.614507
b10 		 82 		 2500.0
b10 		 83 		 2475.132832
b10 		 84 		 12.636629
b10 		 85 		 9.614507
b10 		 86 		 9.614507
b10 		 87 		 9.614507
b10 		 88 		 9.614507
b10 		 89 		 9.614507
b10 		 90 		 9.614507
b10 		 91 		 9.614507
b10 		 92 		 9.614507
b10 		 93 		 9.614507
b10 		 94 		 9.614507
b10 		 95 		 9.614507
b10 		 96 		 9.614507
----------------------------------------------------------------------------------------------------
b11 		 1 		 9.408671
b11 		 2 		 9.614507
b11 		 3 		 9.614507
b11 		 4 		 9.614507
b11 		 5 		 9.408671
b11 		 6 		 9.408671
b11 		 7 		 9.614507
b11 		 8 		 9.408671
b11 		 9 		 9.408671
b11 		 10 		 9.408671
b11 		 11 		 9.408671
b11 		 12 		 9.408671
b11 		 13 		 9.408671
b11 		 14 		 9.408671
b11 		 15 		 9.408671
b11 		 16 		 9.408671
b11 		 17 		 9.408671
b11 		 18 		 9.408671
b11 		 19 		 9.408671
b11 		 20 		 9.408671
b11 		 21 		 9.408671
b11 		 22 		 9.408671
b11 		 23 		 9.614507
b11 		 24 		 9.408671
b11 		 25 		 9.614507
b11 		 26 		 9.614507
b11 		 27 		 9.614507
b11 		 28 		 9.614507
b11 		 29 		 9.614507
b11 		 30 		 9.614507
b11 		 31 		 9.614507
b11 		 32 		 9.614507
b11 		 33 		 9.614507
b11 		 34 		 2500.0
b11 		 35 		 9.614507
b11 		 36 		 9.614507
b11 		 37 		 9.614507
b11 		 38 		 9.614507
b11 		 39 		 9.614507
b11 		 40 		 9.614507
b11 		 41 		 9.614507
b11 		 42 		 9.614507
b11 		 43 		 10.185876
b11 		 44 		 9.614507
b11 		 45 		 10.185876
b11 		 46 		 10.185876
b11 		 47 		 10.185876
b11 		 48 		 9.614507
b11 		 49 		 12.636629
b11 		 50 		 9.614507
b11 		 51 		 9.614507
b11 		 52 		 12.06526
b11 		 53 		 12.06526
b11 		 54 		 9.614507
b11 		 55 		 11.493892
b11 		 56 		 9.614507
b11 		 57 		 9.614507
b11 		 58 		 18.934866
b11 		 59 		 9.614507
b11 		 60 		 15.176097
b11 		 61 		 9.614507
b11 		 62 		 9.614507
b11 		 63 		 17.055481
b11 		 64 		 9.614507
b11 		 65 		 13.296712
b11 		 66 		 11.493892
b11 		 67 		 13.296712
b11 		 68 		 9.614507
b11 		 69 		 16.978917
b11 		 70 		 13.296712
b11 		 71 		 13.296712
b11 		 72 		 13.373276
b11 		 73 		 9.614507
b11 		 74 		 12.06526
b11 		 75 		 9.614507
b11 		 76 		 11.493892
b11 		 77 		 11.493892
b11 		 78 		 11.493892
b11 		 79 		 10.185876
b11 		 80 		 11.493892
b11 		 81 		 9.614507
b11 		 82 		 2500.0
b11 		 83 		 2475.132832
b11 		 84 		 12.636629
b11 		 85 		 9.614507
b11 		 86 		 9.614507
b11 		 87 		 9.614507
b11 		 88 		 9.614507
b11 		 89 		 9.614507
b11 		 90 		 9.614507
b11 		 91 		 9.614507
b11 		 92 		 9.614507
b11 		 93 		 9.614507
b11 		 94 		 9.614507
b11 		 95 		 9.614507
b11 		 96 		 9.614507
----------------------------------------------------------------------------------------------------
b12 		 1 		 9.408671
b12 		 2 		 9.614507
b12 		 3 		 9.614507
b12 		 4 		 9.614507
b12 		 5 		 9.408671
b12 		 6 		 9.408671
b12 		 7 		 9.614507
b12 		 8 		 9.408671
b12 		 9 		 9.408671
b12 		 10 		 9.408671
b12 		 11 		 9.408671
b12 		 12 		 9.408671
b12 		 13 		 9.408671
b12 		 14 		 9.408671
b12 		 15 		 9.408671
b12 		 16 		 9.408671
b12 		 17 		 9.408671
b12 		 18 		 9.408671
b12 		 19 		 9.408671
b12 		 20 		 9.408671
b12 		 21 		 9.408671
b12 		 22 		 9.408671
b12 		 23 		 9.614507
b12 		 24 		 9.408671
b12 		 25 		 9.614507
b12 		 26 		 9.614507
b12 		 27 		 9.614507
b12 		 28 		 9.614507
b12 		 29 		 9.614507
b12 		 30 		 9.614507
b12 		 31 		 9.614507
b12 		 32 		 9.614507
b12 		 33 		 9.614507
b12 		 34 		 2500.0
b12 		 35 		 9.614507
b12 		 36 		 9.614507
b12 		 37 		 9.614507
b12 		 38 		 9.614507
b12 		 39 		 9.614507
b12 		 40 		 9.614507
b12 		 41 		 9.614507
b12 		 42 		 9.614507
b12 		 43 		 10.185876
b12 		 44 		 9.614507
b12 		 45 		 10.185876
b12 		 46 		 10.185876
b12 		 47 		 10.185876
b12 		 48 		 9.614507
b12 		 49 		 12.636629
b12 		 50 		 9.614507
b12 		 51 		 9.614507
b12 		 52 		 12.06526
b12 		 53 		 12.06526
b12 		 54 		 9.614507
b12 		 55 		 11.493892
b12 		 56 		 9.614507
b12 		 57 		 9.614507
b12 		 58 		 18.934866
b12 		 59 		 9.614507
b12 		 60 		 15.176097
b12 		 61 		 9.614507
b12 		 62 		 9.614507
b12 		 63 		 17.055481
b12 		 64 		 9.614507
b12 		 65 		 13.296712
b12 		 66 		 11.493892
b12 		 67 		 13.296712
b12 		 68 		 9.614507
b12 		 69 		 16.978917
b12 		 70 		 13.296712
b12 		 71 		 13.296712
b12 		 72 		 13.373276
b12 		 73 		 9.614507
b12 		 74 		 12.06526
b12 		 75 		 9.614507
b12 		 76 		 11.493892
b12 		 77 		 11.493892
b12 		 78 		 11.493892
b12 		 79 		 10.185876
b12 		 80 		 11.493892
b12 		 81 		 9.614507
b12 		 82 		 2500.0
b12 		 83 		 2475.132832
b12 		 84 		 12.636629
b12 		 85 		 9.614507
b12 		 86 		 9.614507
b12 		 87 		 9.614507
b12 		 88 		 9.614507
b12 		 89 		 9.614507
b12 		 90 		 9.614507
b12 		 91 		 9.614507
b12 		 92 		 9.614507
b12 		 93 		 9.614507
b12 		 94 		 9.614507
b12 		 95 		 9.614507
b12 		 96 		 9.614507
----------------------------------------------------------------------------------------------------
b13 		 1 		 9.408671
b13 		 2 		 9.614507
b13 		 3 		 9.614507
b13 		 4 		 9.614507
b13 		 5 		 9.408671
b13 		 6 		 9.408671
b13 		 7 		 9.614507
b13 		 8 		 9.408671
b13 		 9 		 9.408671
b13 		 10 		 9.408671
b13 		 11 		 9.408671
b13 		 12 		 9.408671
b13 		 13 		 9.408671
b13 		 14 		 9.408671
b13 		 15 		 9.408671
b13 		 16 		 9.408671
b13 		 17 		 9.408671
b13 		 18 		 9.408671
b13 		 19 		 9.408671
b13 		 20 		 9.408671
b13 		 21 		 9.408671
b13 		 22 		 9.408671
b13 		 23 		 9.614507
b13 		 24 		 9.408671
b13 		 25 		 9.614507
b13 		 26 		 9.614507
b13 		 27 		 9.614507
b13 		 28 		 9.614507
b13 		 29 		 9.614507
b13 		 30 		 9.614507
b13 		 31 		 9.614507
b13 		 32 		 9.614507
b13 		 33 		 9.614507
b13 		 34 		 2500.0
b13 		 35 		 9.614507
b13 		 36 		 9.614507
b13 		 37 		 9.614507
b13 		 38 		 9.614507
b13 		 39 		 9.614507
b13 		 40 		 9.614507
b13 		 41 		 9.614507
b13 		 42 		 9.614507
b13 		 43 		 10.185876
b13 		 44 		 9.614507
b13 		 45 		 10.185876
b13 		 46 		 10.185876
b13 		 47 		 10.185876
b13 		 48 		 9.614507
b13 		 49 		 12.636629
b13 		 50 		 9.614507
b13 		 51 		 9.614507
b13 		 52 		 12.06526
b13 		 53 		 12.06526
b13 		 54 		 9.614507
b13 		 55 		 11.493892
b13 		 56 		 9.614507
b13 		 57 		 9.614507
b13 		 58 		 18.934866
b13 		 59 		 9.614507
b13 		 60 		 15.176097
b13 		 61 		 9.614507
b13 		 62 		 9.614507
b13 		 63 		 17.055481
b13 		 64 		 9.614507
b13 		 65 		 13.296712
b13 		 66 		 11.493892
b13 		 67 		 13.296712
b13 		 68 		 9.614507
b13 		 69 		 16.978917
b13 		 70 		 13.296712
b13 		 71 		 13.296712
b13 		 72 		 13.373276
b13 		 73 		 9.614507
b13 		 74 		 12.06526
b13 		 75 		 9.614507
b13 		 76 		 11.493892
b13 		 77 		 11.493892
b13 		 78 		 11.493892
b13 		 79 		 10.185876
b13 		 80 		 11.493892
b13 		 81 		 9.614507
b13 		 82 		 2500.0
b13 		 83 		 2475.132832
b13 		 84 		 12.636629
b13 		 85 		 9.614507
b13 		 86 		 9.614507
b13 		 87 		 9.614507
b13 		 88 		 9.614507
b13 		 89 		 9.614507
b13 		 90 		 9.614507
b13 		 91 		 9.614507
b13 		 92 		 9.614507
b13 		 93 		 9.614507
b13 		 94 		 9.614507
b13 		 95 		 9.614507
b13 		 96 		 9.614507
----------------------------------------------------------------------------------------------------
b14 		 1 		 9.408671
b14 		 2 		 9.614507
b14 		 3 		 9.614507
b14 		 4 		 9.614507
b14 		 5 		 9.408671
b14 		 6 		 9.408671
b14 		 7 		 9.614507
b14 		 8 		 9.408671
b14 		 9 		 9.408671
b14 		 10 		 9.408671
b14 		 11 		 9.408671
b14 		 12 		 9.408671
b14 		 13 		 9.408671
b14 		 14 		 9.408671
b14 		 15 		 9.408671
b14 		 16 		 9.408671
b14 		 17 		 9.408671
b14 		 18 		 9.408671
b14 		 19 		 9.408671
b14 		 20 		 9.408671
b14 		 21 		 9.408671
b14 		 22 		 9.408671
b14 		 23 		 9.614507
b14 		 24 		 9.408671
b14 		 25 		 9.614507
b14 		 26 		 9.614507
b14 		 27 		 9.614507
b14 		 28 		 9.614507
b14 		 29 		 9.614507
b14 		 30 		 9.614507
b14 		 31 		 9.614507
b14 		 32 		 9.614507
b14 		 33 		 9.614507
b14 		 34 		 2500.0
b14 		 35 		 9.614507
b14 		 36 		 9.614507
b14 		 37 		 9.614507
b14 		 38 		 9.614507
b14 		 39 		 9.614507
b14 		 40 		 9.614507
b14 		 41 		 9.614507
b14 		 42 		 9.614507
b14 		 43 		 10.185876
b14 		 44 		 9.614507
b14 		 45 		 10.185876
b14 		 46 		 10.185876
b14 		 47 		 10.185876
b14 		 48 		 9.614507
b14 		 49 		 12.636629
b14 		 50 		 9.614507
b14 		 51 		 9.614507
b14 		 52 		 12.06526
b14 		 53 		 12.06526
b14 		 54 		 9.614507
b14 		 55 		 11.493892
b14 		 56 		 9.614507
b14 		 57 		 9.614507
b14 		 58 		 18.934866
b14 		 59 		 9.614507
b14 		 60 		 15.176097
b14 		 61 		 9.614507
b14 		 62 		 9.614507
b14 		 63 		 17.055481
b14 		 64 		 9.614507
b14 		 65 		 13.296712
b14 		 66 		 11.493892
b14 		 67 		 13.296712
b14 		 68 		 9.614507
b14 		 69 		 16.978917
b14 		 70 		 13.296712
b14 		 71 		 13.296712
b14 		 72 		 13.373276
b14 		 73 		 9.614507
b14 		 74 		 12.06526
b14 		 75 		 9.614507
b14 		 76 		 11.493892
b14 		 77 		 11.493892
b14 		 78 		 11.493892
b14 		 79 		 10.185876
b14 		 80 		 11.493892
b14 		 81 		 9.614507
b14 		 82 		 2500.0
b14 		 83 		 2475.132832
b14 		 84 		 12.636629
b14 		 85 		 9.614507
b14 		 86 		 9.614507
b14 		 87 		 9.614507
b14 		 88 		 9.614507
b14 		 89 		 9.614507
b14 		 90 		 9.614507
b14 		 91 		 9.614507
b14 		 92 		 9.614507
b14 		 93 		 9.614507
b14 		 94 		 9.614507
b14 		 95 		 9.614507
b14 		 96 		 9.614507
----------------------------------------------------------------------------------------------------
Total overall payments
----------------------------------------------------------------------------------------------------------------------------------------------------
total generation payment 	 total up-FRP payment 	 total dw-FRP payment 	 total pre-up t. payment 	 uplift payment 	 total post-up t. payment 	 profit
----------------------------------------------------------------------------------------------------------------------------------------------------
513546.673612 			 0.0 			 0.0 			 513546.673612			 0.0 			 513546.673612 			 189367.44181500003
