****************************************************************************************************
 
Generation payment
----------------------------------------------------------------------------------------------------------------
unit	 time 	 generation payment 	 up-FRP payment 	 dw-FRP payment 	pre-up total payment
----------------------------------------------------------------------------------------------------------------
g1	 1 	 234.545475 			 0.0 			 0.0			 234.545475 
g1	 2 	 71.305909 			 0.0 			 0.0			 71.305909 
g1	 3 	 278.470773 			 0.0 			 0.0			 278.470773 
g1	 4 	 158.209136 			 0.0 			 0.0			 158.209136 
g1	 5 	 54.690535 			 0.0 			 0.0			 54.690535 
g1	 6 	 259.807044 			 0.0 			 0.0			 259.807044 
g1	 7 	 159.51776 			 0.0 			 0.0			 159.51776 
g1	 8 	 107.747423 			 0.0 			 0.0			 107.747423 
g1	 9 	 99.761785 			 0.0 			 0.0			 99.761785 
g1	 10 	 200.418711 			 0.0 			 0.0			 200.418711 
g1	 11 	 171.2859 			 0.0 			 0.0			 171.2859 
g1	 12 	 196.936741 			 0.0 			 0.0			 196.936741 
g1	 13 	 71.693424 			 0.0 			 0.0			 71.693424 
g1	 14 	 187.847965 			 0.0 			 0.0			 187.847965 
g1	 15 	 268.136473 			 0.0 			 0.0			 268.136473 
g1	 16 	 58.599602 			 0.0 			 0.0			 58.599602 
g1	 17 	 77.091028 			 0.0 			 0.0			 77.091028 
g1	 18 	 198.097103 			 0.0 			 0.0			 198.097103 
g1	 19 	 123.93315 			 0.0 			 0.0			 123.93315 
g1	 20 	 211.168776 			 0.0 			 0.0			 211.168776 
g1	 21 	 174.939381 			 0.0 			 0.0			 174.939381 
g1	 22 	 188.564792 			 0.0 			 0.0			 188.564792 
g1	 23 	 71.95299 			 0.0 			 0.0			 71.95299 
g1	 24 	 217.009124 			 0.0 			 0.0			 217.009124 
g1	 25 	 183.137235 			 0.0 			 0.0			 183.137235 
g1	 26 	 114.477675 			 0.0 			 0.0			 114.477675 
g1	 27 	 127.896797 			 0.0 			 0.0			 127.896797 
g1	 28 	 150.758364 			 0.0 			 0.0			 150.758364 
g1	 29 	 99.521791 			 0.0 			 0.0			 99.521791 
g1	 30 	 116.825192 			 0.0 			 0.0			 116.825192 
g1	 31 	 232.833449 			 0.0 			 0.0			 232.833449 
g1	 32 	 181.722499 			 0.0 			 0.0			 181.722499 
g1	 33 	 72.31987 			 0.0 			 0.0			 72.31987 
g1	 34 	 130.089491 			 0.0 			 0.0			 130.089491 
g1	 35 	 276.391242 			 0.0 			 0.0			 276.391242 
g1	 36 	 86.275577 			 0.0 			 0.0			 86.275577 
g1	 37 	 423.858127 			 0.0 			 0.0			 423.858127 
g1	 38 	 207.370715 			 0.0 			 0.0			 207.370715 
g1	 39 	 237.499802 			 0.0 			 0.0			 237.499802 
g1	 40 	 256.223246 			 0.0 			 0.0			 256.223246 
g1	 41 	 157.545985 			 0.0 			 0.0			 157.545985 
g1	 42 	 247.969641 			 0.0 			 0.0			 247.969641 
g1	 43 	 158.18284 			 0.0 			 0.0			 158.18284 
g1	 44 	 124.850392 			 0.0 			 0.0			 124.850392 
g1	 45 	 172.152509 			 0.0 			 0.0			 172.152509 
g1	 46 	 172.152509 			 0.0 			 0.0			 172.152509 
g1	 47 	 172.152509 			 0.0 			 0.0			 172.152509 
g1	 48 	 9.375346 			 0.0 			 0.0			 9.375346 
g1	 49 	 213.57293 			 0.0 			 0.0			 213.57293 
g1	 50 	 140.153014 			 0.0 			 0.0			 140.153014 
g1	 51 	 26.250912 			 0.0 			 0.0			 26.250912 
g1	 52 	 203.916166 			 0.0 			 0.0			 203.916166 
g1	 53 	 194.259418 			 0.0 			 0.0			 194.259418 
g1	 54 	 194.259418 			 0.0 			 0.0			 194.259418 
g1	 55 	 194.259418 			 0.0 			 0.0			 194.259418 
g1	 56 	 194.259418 			 0.0 			 0.0			 194.259418 
g1	 57 	 194.259418 			 0.0 			 0.0			 194.259418 
g1	 58 	 194.259418 			 0.0 			 0.0			 194.259418 
g1	 59 	 194.259418 			 0.0 			 0.0			 194.259418 
g1	 60 	 159.278144 			 0.0 			 0.0			 159.278144 
g1	 61 	 256.492733 			 0.0 			 0.0			 256.492733 
g1	 62 	 224.729059 			 0.0 			 0.0			 224.729059 
g1	 63 	 224.729059 			 0.0 			 0.0			 224.729059 
g1	 64 	 224.729059 			 0.0 			 0.0			 224.729059 
g1	 65 	 224.729059 			 0.0 			 0.0			 224.729059 
g1	 66 	 42252.75 			 0.0 			 0.0			 42252.75 
g1	 67 	 31.694251 			 0.0 			 0.0			 31.694251 
g1	 68 	 288.25639 			 0.0 			 0.0			 288.25639 
g1	 69 	 30.979384 			 0.0 			 0.0			 30.979384 
g1	 70 	 115.999296 			 0.0 			 0.0			 115.999296 
g1	 71 	 194.259418 			 0.0 			 0.0			 194.259418 
g1	 72 	 194.259418 			 0.0 			 0.0			 194.259418 
g1	 73 	 203.916166 			 0.0 			 0.0			 203.916166 
g1	 74 	 154.472361 			 0.0 			 0.0			 154.472361 
g1	 75 	 113.716966 			 0.0 			 0.0			 113.716966 
g1	 76 	 257.786749 			 0.0 			 0.0			 257.786749 
g1	 77 	 156.915792 			 0.0 			 0.0			 156.915792 
g1	 78 	 172.152509 			 0.0 			 0.0			 172.152509 
g1	 79 	 172.152509 			 0.0 			 0.0			 172.152509 
g1	 80 	 172.152509 			 0.0 			 0.0			 172.152509 
g1	 81 	 172.152509 			 0.0 			 0.0			 172.152509 
g1	 82 	 172.152509 			 0.0 			 0.0			 172.152509 
g1	 83 	 172.152509 			 0.0 			 0.0			 172.152509 
g1	 84 	 172.152509 			 0.0 			 0.0			 172.152509 
g1	 85 	 172.152509 			 0.0 			 0.0			 172.152509 
g1	 86 	 172.152509 			 0.0 			 0.0			 172.152509 
g1	 87 	 172.152509 			 0.0 			 0.0			 172.152509 
g1	 88 	 66.627005 			 0.0 			 0.0			 66.627005 
g1	 89 	 13.821613 			 0.0 			 0.0			 13.821613 
g1	 90 	 322.286457 			 0.0 			 0.0			 322.286457 
g1	 91 	 207.968853 			 0.0 			 0.0			 207.968853 
g1	 92 	 146.738519 			 0.0 			 0.0			 146.738519 
g1	 93 	 126.417047 			 0.0 			 0.0			 126.417047 
g1	 94 	 86.586068 			 0.0 			 0.0			 86.586068 
g1	 95 	 58.278152 			 0.0 			 0.0			 58.278152 
g1	 96 	 175.998435 			 0.0 			 0.0			 175.998435 
----------------------------------------------------------------------------------------------------
g2	 1 	 0.0 			 0.0 			 0.0			 0.0 
g2	 2 	 0.0 			 0.0 			 0.0			 0.0 
g2	 3 	 0.0 			 0.0 			 0.0			 0.0 
g2	 4 	 0.0 			 0.0 			 0.0			 0.0 
g2	 5 	 0.0 			 0.0 			 0.0			 0.0 
g2	 6 	 0.0 			 0.0 			 0.0			 0.0 
g2	 7 	 0.0 			 0.0 			 0.0			 0.0 
g2	 8 	 0.0 			 0.0 			 0.0			 0.0 
g2	 9 	 0.0 			 0.0 			 0.0			 0.0 
g2	 10 	 0.0 			 0.0 			 0.0			 0.0 
g2	 11 	 0.0 			 0.0 			 0.0			 0.0 
g2	 12 	 0.0 			 0.0 			 0.0			 0.0 
g2	 13 	 0.0 			 0.0 			 0.0			 0.0 
g2	 14 	 0.0 			 0.0 			 0.0			 0.0 
g2	 15 	 0.0 			 0.0 			 0.0			 0.0 
g2	 16 	 0.0 			 0.0 			 0.0			 0.0 
g2	 17 	 0.0 			 0.0 			 0.0			 0.0 
g2	 18 	 0.0 			 0.0 			 0.0			 0.0 
g2	 19 	 0.0 			 0.0 			 0.0			 0.0 
g2	 20 	 0.0 			 0.0 			 0.0			 0.0 
g2	 21 	 0.0 			 0.0 			 0.0			 0.0 
g2	 22 	 0.0 			 0.0 			 0.0			 0.0 
g2	 23 	 0.0 			 0.0 			 0.0			 0.0 
g2	 24 	 0.0 			 0.0 			 0.0			 0.0 
g2	 25 	 0.0 			 0.0 			 0.0			 0.0 
g2	 26 	 0.0 			 0.0 			 0.0			 0.0 
g2	 27 	 0.0 			 0.0 			 0.0			 0.0 
g2	 28 	 0.0 			 0.0 			 0.0			 0.0 
g2	 29 	 0.0 			 0.0 			 0.0			 0.0 
g2	 30 	 0.0 			 0.0 			 0.0			 0.0 
g2	 31 	 0.0 			 0.0 			 0.0			 0.0 
g2	 32 	 0.0 			 0.0 			 0.0			 0.0 
g2	 33 	 0.0 			 0.0 			 0.0			 0.0 
g2	 34 	 0.0 			 0.0 			 0.0			 0.0 
g2	 35 	 0.0 			 0.0 			 0.0			 0.0 
g2	 36 	 0.0 			 0.0 			 0.0			 0.0 
g2	 37 	 21.701904 			 0.0 			 0.0			 21.701904 
g2	 38 	 21.701904 			 0.0 			 0.0			 21.701904 
g2	 39 	 21.701904 			 0.0 			 0.0			 21.701904 
g2	 40 	 21.701904 			 0.0 			 0.0			 21.701904 
g2	 41 	 21.701904 			 0.0 			 0.0			 21.701904 
g2	 42 	 205.50454 			 0.0 			 0.0			 205.50454 
g2	 43 	 21.701904 			 0.0 			 0.0			 21.701904 
g2	 44 	 21.701904 			 0.0 			 0.0			 21.701904 
g2	 45 	 10.039189 			 0.0 			 0.0			 10.039189 
g2	 46 	 151.445672 			 0.0 			 0.0			 151.445672 
g2	 47 	 185.559902 			 0.0 			 0.0			 185.559902 
g2	 48 	 54.025347 			 0.0 			 0.0			 54.025347 
g2	 49 	 137.14886 			 0.0 			 0.0			 137.14886 
g2	 50 	 -110.391087 			 0.0 			 0.0			 -110.391087 
g2	 51 	 -24.423261 			 0.0 			 0.0			 -24.423261 
g2	 52 	 238.828793 			 0.0 			 0.0			 238.828793 
g2	 53 	 127.834469 			 0.0 			 0.0			 127.834469 
g2	 54 	 -4.611016 			 0.0 			 0.0			 -4.611016 
g2	 55 	 124.418818 			 0.0 			 0.0			 124.418818 
g2	 56 	 31.459587 			 0.0 			 0.0			 31.459587 
g2	 57 	 69.539886 			 0.0 			 0.0			 69.539886 
g2	 58 	 -82.391022 			 0.0 			 0.0			 -82.391022 
g2	 59 	 146.073506 			 0.0 			 0.0			 146.073506 
g2	 60 	 52.587536 			 0.0 			 0.0			 52.587536 
g2	 61 	 362.191259 			 0.0 			 0.0			 362.191259 
g2	 62 	 145.797569 			 0.0 			 0.0			 145.797569 
g2	 63 	 439.9569 			 0.0 			 0.0			 439.9569 
g2	 64 	 311.572305 			 0.0 			 0.0			 311.572305 
g2	 65 	 240.986231 			 0.0 			 0.0			 240.986231 
g2	 66 	 89386.9625 			 0.0 			 0.0			 89386.9625 
g2	 67 	 129.024617 			 0.0 			 0.0			 129.024617 
g2	 68 	 421.426029 			 0.0 			 0.0			 421.426029 
g2	 69 	 44.018636 			 0.0 			 0.0			 44.018636 
g2	 70 	 -170.721378 			 0.0 			 0.0			 -170.721378 
g2	 71 	 4.668118 			 0.0 			 0.0			 4.668118 
g2	 72 	 -28.012672 			 0.0 			 0.0			 -28.012672 
g2	 73 	 9.589143 			 0.0 			 0.0			 9.589143 
g2	 74 	 -207.098663 			 0.0 			 0.0			 -207.098663 
g2	 75 	 -16.120644 			 0.0 			 0.0			 -16.120644 
g2	 76 	 315.094047 			 0.0 			 0.0			 315.094047 
g2	 77 	 98.701567 			 0.0 			 0.0			 98.701567 
g2	 78 	 -19.127496 			 0.0 			 0.0			 -19.127496 
g2	 79 	 -24.894872 			 0.0 			 0.0			 -24.894872 
g2	 80 	 -174.875754 			 0.0 			 0.0			 -174.875754 
g2	 81 	 -142.827494 			 0.0 			 0.0			 -142.827494 
g2	 82 	 -20.006232 			 0.0 			 0.0			 -20.006232 
g2	 83 	 -43.565073 			 0.0 			 0.0			 -43.565073 
g2	 84 	 -150.855462 			 0.0 			 0.0			 -150.855462 
g2	 85 	 74.269347 			 0.0 			 0.0			 74.269347 
g2	 86 	 37.57039 			 0.0 			 0.0			 37.57039 
g2	 87 	 81.389152 			 0.0 			 0.0			 81.389152 
g2	 88 	 -0.276581 			 0.0 			 0.0			 -0.276581 
g2	 89 	 21.701904 			 0.0 			 0.0			 21.701904 
g2	 90 	 21.701904 			 0.0 			 0.0			 21.701904 
g2	 91 	 21.701904 			 0.0 			 0.0			 21.701904 
g2	 92 	 21.701904 			 0.0 			 0.0			 21.701904 
g2	 93 	 0.0 			 0.0 			 0.0			 0.0 
g2	 94 	 0.0 			 0.0 			 0.0			 0.0 
g2	 95 	 0.0 			 0.0 			 0.0			 0.0 
g2	 96 	 0.0 			 0.0 			 0.0			 0.0 
----------------------------------------------------------------------------------------------------
g3	 1 	 0.0 			 0.0 			 0.0			 0.0 
g3	 2 	 0.0 			 0.0 			 0.0			 0.0 
g3	 3 	 0.0 			 0.0 			 0.0			 0.0 
g3	 4 	 0.0 			 0.0 			 0.0			 0.0 
g3	 5 	 0.0 			 0.0 			 0.0			 0.0 
g3	 6 	 0.0 			 0.0 			 0.0			 0.0 
g3	 7 	 0.0 			 0.0 			 0.0			 0.0 
g3	 8 	 0.0 			 0.0 			 0.0			 0.0 
g3	 9 	 0.0 			 0.0 			 0.0			 0.0 
g3	 10 	 0.0 			 0.0 			 0.0			 0.0 
g3	 11 	 0.0 			 0.0 			 0.0			 0.0 
g3	 12 	 0.0 			 0.0 			 0.0			 0.0 
g3	 13 	 0.0 			 0.0 			 0.0			 0.0 
g3	 14 	 0.0 			 0.0 			 0.0			 0.0 
g3	 15 	 0.0 			 0.0 			 0.0			 0.0 
g3	 16 	 0.0 			 0.0 			 0.0			 0.0 
g3	 17 	 0.0 			 0.0 			 0.0			 0.0 
g3	 18 	 0.0 			 0.0 			 0.0			 0.0 
g3	 19 	 0.0 			 0.0 			 0.0			 0.0 
g3	 20 	 0.0 			 0.0 			 0.0			 0.0 
g3	 21 	 0.0 			 0.0 			 0.0			 0.0 
g3	 22 	 0.0 			 0.0 			 0.0			 0.0 
g3	 23 	 0.0 			 0.0 			 0.0			 0.0 
g3	 24 	 0.0 			 0.0 			 0.0			 0.0 
g3	 25 	 0.0 			 0.0 			 0.0			 0.0 
g3	 26 	 0.0 			 0.0 			 0.0			 0.0 
g3	 27 	 0.0 			 0.0 			 0.0			 0.0 
g3	 28 	 0.0 			 0.0 			 0.0			 0.0 
g3	 29 	 0.0 			 0.0 			 0.0			 0.0 
g3	 30 	 0.0 			 0.0 			 0.0			 0.0 
g3	 31 	 0.0 			 0.0 			 0.0			 0.0 
g3	 32 	 0.0 			 0.0 			 0.0			 0.0 
g3	 33 	 0.0 			 0.0 			 0.0			 0.0 
g3	 34 	 0.0 			 0.0 			 0.0			 0.0 
g3	 35 	 0.0 			 0.0 			 0.0			 0.0 
g3	 36 	 0.0 			 0.0 			 0.0			 0.0 
g3	 37 	 0.0 			 0.0 			 0.0			 0.0 
g3	 38 	 0.0 			 0.0 			 0.0			 0.0 
g3	 39 	 0.0 			 0.0 			 0.0			 0.0 
g3	 40 	 0.0 			 0.0 			 0.0			 0.0 
g3	 41 	 0.0 			 0.0 			 0.0			 0.0 
g3	 42 	 0.0 			 0.0 			 0.0			 0.0 
g3	 43 	 0.0 			 0.0 			 0.0			 0.0 
g3	 44 	 0.0 			 0.0 			 0.0			 0.0 
g3	 45 	 0.0 			 0.0 			 0.0			 0.0 
g3	 46 	 0.0 			 0.0 			 0.0			 0.0 
g3	 47 	 0.0 			 0.0 			 0.0			 0.0 
g3	 48 	 0.0 			 0.0 			 0.0			 0.0 
g3	 49 	 0.0 			 0.0 			 0.0			 0.0 
g3	 50 	 0.0 			 0.0 			 0.0			 0.0 
g3	 51 	 0.0 			 0.0 			 0.0			 0.0 
g3	 52 	 0.0 			 0.0 			 0.0			 0.0 
g3	 53 	 0.0 			 0.0 			 0.0			 0.0 
g3	 54 	 0.0 			 0.0 			 0.0			 0.0 
g3	 55 	 0.0 			 0.0 			 0.0			 0.0 
g3	 56 	 0.0 			 0.0 			 0.0			 0.0 
g3	 57 	 0.0 			 0.0 			 0.0			 0.0 
g3	 58 	 0.0 			 0.0 			 0.0			 0.0 
g3	 59 	 0.0 			 0.0 			 0.0			 0.0 
g3	 60 	 0.0 			 0.0 			 0.0			 0.0 
g3	 61 	 0.0 			 0.0 			 0.0			 0.0 
g3	 62 	 0.0 			 0.0 			 0.0			 0.0 
g3	 63 	 0.0 			 0.0 			 0.0			 0.0 
g3	 64 	 0.0 			 0.0 			 0.0			 0.0 
g3	 65 	 0.0 			 0.0 			 0.0			 0.0 
g3	 66 	 0.0 			 0.0 			 0.0			 0.0 
g3	 67 	 0.0 			 0.0 			 0.0			 0.0 
g3	 68 	 0.0 			 0.0 			 0.0			 0.0 
g3	 69 	 0.0 			 0.0 			 0.0			 0.0 
g3	 70 	 0.0 			 0.0 			 0.0			 0.0 
g3	 71 	 0.0 			 0.0 			 0.0			 0.0 
g3	 72 	 0.0 			 0.0 			 0.0			 0.0 
g3	 73 	 0.0 			 0.0 			 0.0			 0.0 
g3	 74 	 0.0 			 0.0 			 0.0			 0.0 
g3	 75 	 0.0 			 0.0 			 0.0			 0.0 
g3	 76 	 0.0 			 0.0 			 0.0			 0.0 
g3	 77 	 0.0 			 0.0 			 0.0			 0.0 
g3	 78 	 0.0 			 0.0 			 0.0			 0.0 
g3	 79 	 0.0 			 0.0 			 0.0			 0.0 
g3	 80 	 0.0 			 0.0 			 0.0			 0.0 
g3	 81 	 0.0 			 0.0 			 0.0			 0.0 
g3	 82 	 0.0 			 0.0 			 0.0			 0.0 
g3	 83 	 0.0 			 0.0 			 0.0			 0.0 
g3	 84 	 0.0 			 0.0 			 0.0			 0.0 
g3	 85 	 0.0 			 0.0 			 0.0			 0.0 
g3	 86 	 0.0 			 0.0 			 0.0			 0.0 
g3	 87 	 0.0 			 0.0 			 0.0			 0.0 
g3	 88 	 0.0 			 0.0 			 0.0			 0.0 
g3	 89 	 0.0 			 0.0 			 0.0			 0.0 
g3	 90 	 0.0 			 0.0 			 0.0			 0.0 
g3	 91 	 0.0 			 0.0 			 0.0			 0.0 
g3	 92 	 0.0 			 0.0 			 0.0			 0.0 
g3	 93 	 0.0 			 0.0 			 0.0			 0.0 
g3	 94 	 0.0 			 0.0 			 0.0			 0.0 
g3	 95 	 0.0 			 0.0 			 0.0			 0.0 
g3	 96 	 0.0 			 0.0 			 0.0			 0.0 
----------------------------------------------------------------------------------------------------
g4	 1 	 0.0 			 0.0 			 0.0			 0.0 
g4	 2 	 0.0 			 0.0 			 0.0			 0.0 
g4	 3 	 0.0 			 0.0 			 0.0			 0.0 
g4	 4 	 0.0 			 0.0 			 0.0			 0.0 
g4	 5 	 0.0 			 0.0 			 0.0			 0.0 
g4	 6 	 0.0 			 0.0 			 0.0			 0.0 
g4	 7 	 0.0 			 0.0 			 0.0			 0.0 
g4	 8 	 0.0 			 0.0 			 0.0			 0.0 
g4	 9 	 0.0 			 0.0 			 0.0			 0.0 
g4	 10 	 0.0 			 0.0 			 0.0			 0.0 
g4	 11 	 0.0 			 0.0 			 0.0			 0.0 
g4	 12 	 0.0 			 0.0 			 0.0			 0.0 
g4	 13 	 0.0 			 0.0 			 0.0			 0.0 
g4	 14 	 0.0 			 0.0 			 0.0			 0.0 
g4	 15 	 0.0 			 0.0 			 0.0			 0.0 
g4	 16 	 0.0 			 0.0 			 0.0			 0.0 
g4	 17 	 0.0 			 0.0 			 0.0			 0.0 
g4	 18 	 0.0 			 0.0 			 0.0			 0.0 
g4	 19 	 0.0 			 0.0 			 0.0			 0.0 
g4	 20 	 0.0 			 0.0 			 0.0			 0.0 
g4	 21 	 0.0 			 0.0 			 0.0			 0.0 
g4	 22 	 0.0 			 0.0 			 0.0			 0.0 
g4	 23 	 0.0 			 0.0 			 0.0			 0.0 
g4	 24 	 0.0 			 0.0 			 0.0			 0.0 
g4	 25 	 0.0 			 0.0 			 0.0			 0.0 
g4	 26 	 0.0 			 0.0 			 0.0			 0.0 
g4	 27 	 0.0 			 0.0 			 0.0			 0.0 
g4	 28 	 0.0 			 0.0 			 0.0			 0.0 
g4	 29 	 0.0 			 0.0 			 0.0			 0.0 
g4	 30 	 0.0 			 0.0 			 0.0			 0.0 
g4	 31 	 0.0 			 0.0 			 0.0			 0.0 
g4	 32 	 0.0 			 0.0 			 0.0			 0.0 
g4	 33 	 0.0 			 0.0 			 0.0			 0.0 
g4	 34 	 0.0 			 0.0 			 0.0			 0.0 
g4	 35 	 0.0 			 0.0 			 0.0			 0.0 
g4	 36 	 0.0 			 0.0 			 0.0			 0.0 
g4	 37 	 0.0 			 0.0 			 0.0			 0.0 
g4	 38 	 0.0 			 0.0 			 0.0			 0.0 
g4	 39 	 0.0 			 0.0 			 0.0			 0.0 
g4	 40 	 0.0 			 0.0 			 0.0			 0.0 
g4	 41 	 0.0 			 0.0 			 0.0			 0.0 
g4	 42 	 0.0 			 0.0 			 0.0			 0.0 
g4	 43 	 0.0 			 0.0 			 0.0			 0.0 
g4	 44 	 0.0 			 0.0 			 0.0			 0.0 
g4	 45 	 0.0 			 0.0 			 0.0			 0.0 
g4	 46 	 0.0 			 0.0 			 0.0			 0.0 
g4	 47 	 0.0 			 0.0 			 0.0			 0.0 
g4	 48 	 0.0 			 0.0 			 0.0			 0.0 
g4	 49 	 0.0 			 0.0 			 0.0			 0.0 
g4	 50 	 0.0 			 0.0 			 0.0			 0.0 
g4	 51 	 0.0 			 0.0 			 0.0			 0.0 
g4	 52 	 0.0 			 0.0 			 0.0			 0.0 
g4	 53 	 0.0 			 0.0 			 0.0			 0.0 
g4	 54 	 0.0 			 0.0 			 0.0			 0.0 
g4	 55 	 0.0 			 0.0 			 0.0			 0.0 
g4	 56 	 0.0 			 0.0 			 0.0			 0.0 
g4	 57 	 0.0 			 0.0 			 0.0			 0.0 
g4	 58 	 0.0 			 0.0 			 0.0			 0.0 
g4	 59 	 0.0 			 0.0 			 0.0			 0.0 
g4	 60 	 0.0 			 0.0 			 0.0			 0.0 
g4	 61 	 0.0 			 0.0 			 0.0			 0.0 
g4	 62 	 0.0 			 0.0 			 0.0			 0.0 
g4	 63 	 0.0 			 0.0 			 0.0			 0.0 
g4	 64 	 0.0 			 0.0 			 0.0			 0.0 
g4	 65 	 0.0 			 0.0 			 0.0			 0.0 
g4	 66 	 0.0 			 0.0 			 0.0			 0.0 
g4	 67 	 0.0 			 0.0 			 0.0			 0.0 
g4	 68 	 0.0 			 0.0 			 0.0			 0.0 
g4	 69 	 0.0 			 0.0 			 0.0			 0.0 
g4	 70 	 0.0 			 0.0 			 0.0			 0.0 
g4	 71 	 0.0 			 0.0 			 0.0			 0.0 
g4	 72 	 0.0 			 0.0 			 0.0			 0.0 
g4	 73 	 0.0 			 0.0 			 0.0			 0.0 
g4	 74 	 0.0 			 0.0 			 0.0			 0.0 
g4	 75 	 0.0 			 0.0 			 0.0			 0.0 
g4	 76 	 0.0 			 0.0 			 0.0			 0.0 
g4	 77 	 0.0 			 0.0 			 0.0			 0.0 
g4	 78 	 0.0 			 0.0 			 0.0			 0.0 
g4	 79 	 0.0 			 0.0 			 0.0			 0.0 
g4	 80 	 0.0 			 0.0 			 0.0			 0.0 
g4	 81 	 0.0 			 0.0 			 0.0			 0.0 
g4	 82 	 0.0 			 0.0 			 0.0			 0.0 
g4	 83 	 0.0 			 0.0 			 0.0			 0.0 
g4	 84 	 0.0 			 0.0 			 0.0			 0.0 
g4	 85 	 0.0 			 0.0 			 0.0			 0.0 
g4	 86 	 0.0 			 0.0 			 0.0			 0.0 
g4	 87 	 0.0 			 0.0 			 0.0			 0.0 
g4	 88 	 0.0 			 0.0 			 0.0			 0.0 
g4	 89 	 0.0 			 0.0 			 0.0			 0.0 
g4	 90 	 0.0 			 0.0 			 0.0			 0.0 
g4	 91 	 0.0 			 0.0 			 0.0			 0.0 
g4	 92 	 0.0 			 0.0 			 0.0			 0.0 
g4	 93 	 0.0 			 0.0 			 0.0			 0.0 
g4	 94 	 0.0 			 0.0 			 0.0			 0.0 
g4	 95 	 0.0 			 0.0 			 0.0			 0.0 
g4	 96 	 0.0 			 0.0 			 0.0			 0.0 
----------------------------------------------------------------------------------------------------
g5	 1 	 0.0 			 0.0 			 0.0			 0.0 
g5	 2 	 0.0 			 0.0 			 0.0			 0.0 
g5	 3 	 0.0 			 0.0 			 0.0			 0.0 
g5	 4 	 0.0 			 0.0 			 0.0			 0.0 
g5	 5 	 0.0 			 0.0 			 0.0			 0.0 
g5	 6 	 0.0 			 0.0 			 0.0			 0.0 
g5	 7 	 0.0 			 0.0 			 0.0			 0.0 
g5	 8 	 0.0 			 0.0 			 0.0			 0.0 
g5	 9 	 0.0 			 0.0 			 0.0			 0.0 
g5	 10 	 0.0 			 0.0 			 0.0			 0.0 
g5	 11 	 0.0 			 0.0 			 0.0			 0.0 
g5	 12 	 0.0 			 0.0 			 0.0			 0.0 
g5	 13 	 0.0 			 0.0 			 0.0			 0.0 
g5	 14 	 0.0 			 0.0 			 0.0			 0.0 
g5	 15 	 0.0 			 0.0 			 0.0			 0.0 
g5	 16 	 0.0 			 0.0 			 0.0			 0.0 
g5	 17 	 0.0 			 0.0 			 0.0			 0.0 
g5	 18 	 0.0 			 0.0 			 0.0			 0.0 
g5	 19 	 0.0 			 0.0 			 0.0			 0.0 
g5	 20 	 0.0 			 0.0 			 0.0			 0.0 
g5	 21 	 0.0 			 0.0 			 0.0			 0.0 
g5	 22 	 0.0 			 0.0 			 0.0			 0.0 
g5	 23 	 0.0 			 0.0 			 0.0			 0.0 
g5	 24 	 0.0 			 0.0 			 0.0			 0.0 
g5	 25 	 0.0 			 0.0 			 0.0			 0.0 
g5	 26 	 0.0 			 0.0 			 0.0			 0.0 
g5	 27 	 0.0 			 0.0 			 0.0			 0.0 
g5	 28 	 0.0 			 0.0 			 0.0			 0.0 
g5	 29 	 0.0 			 0.0 			 0.0			 0.0 
g5	 30 	 0.0 			 0.0 			 0.0			 0.0 
g5	 31 	 0.0 			 0.0 			 0.0			 0.0 
g5	 32 	 0.0 			 0.0 			 0.0			 0.0 
g5	 33 	 0.0 			 0.0 			 0.0			 0.0 
g5	 34 	 0.0 			 0.0 			 0.0			 0.0 
g5	 35 	 0.0 			 0.0 			 0.0			 0.0 
g5	 36 	 0.0 			 0.0 			 0.0			 0.0 
g5	 37 	 0.0 			 0.0 			 0.0			 0.0 
g5	 38 	 0.0 			 0.0 			 0.0			 0.0 
g5	 39 	 0.0 			 0.0 			 0.0			 0.0 
g5	 40 	 0.0 			 0.0 			 0.0			 0.0 
g5	 41 	 0.0 			 0.0 			 0.0			 0.0 
g5	 42 	 0.0 			 0.0 			 0.0			 0.0 
g5	 43 	 0.0 			 0.0 			 0.0			 0.0 
g5	 44 	 0.0 			 0.0 			 0.0			 0.0 
g5	 45 	 0.0 			 0.0 			 0.0			 0.0 
g5	 46 	 0.0 			 0.0 			 0.0			 0.0 
g5	 47 	 0.0 			 0.0 			 0.0			 0.0 
g5	 48 	 0.0 			 0.0 			 0.0			 0.0 
g5	 49 	 0.0 			 0.0 			 0.0			 0.0 
g5	 50 	 0.0 			 0.0 			 0.0			 0.0 
g5	 51 	 0.0 			 0.0 			 0.0			 0.0 
g5	 52 	 0.0 			 0.0 			 0.0			 0.0 
g5	 53 	 0.0 			 0.0 			 0.0			 0.0 
g5	 54 	 0.0 			 0.0 			 0.0			 0.0 
g5	 55 	 0.0 			 0.0 			 0.0			 0.0 
g5	 56 	 0.0 			 0.0 			 0.0			 0.0 
g5	 57 	 0.0 			 0.0 			 0.0			 0.0 
g5	 58 	 0.0 			 0.0 			 0.0			 0.0 
g5	 59 	 0.0 			 0.0 			 0.0			 0.0 
g5	 60 	 0.0 			 0.0 			 0.0			 0.0 
g5	 61 	 0.0 			 0.0 			 0.0			 0.0 
g5	 62 	 0.0 			 0.0 			 0.0			 0.0 
g5	 63 	 0.0 			 0.0 			 0.0			 0.0 
g5	 64 	 0.0 			 0.0 			 0.0			 0.0 
g5	 65 	 0.0 			 0.0 			 0.0			 0.0 
g5	 66 	 0.0 			 0.0 			 0.0			 0.0 
g5	 67 	 0.0 			 0.0 			 0.0			 0.0 
g5	 68 	 0.0 			 0.0 			 0.0			 0.0 
g5	 69 	 0.0 			 0.0 			 0.0			 0.0 
g5	 70 	 0.0 			 0.0 			 0.0			 0.0 
g5	 71 	 0.0 			 0.0 			 0.0			 0.0 
g5	 72 	 0.0 			 0.0 			 0.0			 0.0 
g5	 73 	 0.0 			 0.0 			 0.0			 0.0 
g5	 74 	 0.0 			 0.0 			 0.0			 0.0 
g5	 75 	 0.0 			 0.0 			 0.0			 0.0 
g5	 76 	 0.0 			 0.0 			 0.0			 0.0 
g5	 77 	 0.0 			 0.0 			 0.0			 0.0 
g5	 78 	 0.0 			 0.0 			 0.0			 0.0 
g5	 79 	 0.0 			 0.0 			 0.0			 0.0 
g5	 80 	 0.0 			 0.0 			 0.0			 0.0 
g5	 81 	 0.0 			 0.0 			 0.0			 0.0 
g5	 82 	 0.0 			 0.0 			 0.0			 0.0 
g5	 83 	 0.0 			 0.0 			 0.0			 0.0 
g5	 84 	 0.0 			 0.0 			 0.0			 0.0 
g5	 85 	 0.0 			 0.0 			 0.0			 0.0 
g5	 86 	 0.0 			 0.0 			 0.0			 0.0 
g5	 87 	 0.0 			 0.0 			 0.0			 0.0 
g5	 88 	 0.0 			 0.0 			 0.0			 0.0 
g5	 89 	 0.0 			 0.0 			 0.0			 0.0 
g5	 90 	 0.0 			 0.0 			 0.0			 0.0 
g5	 91 	 0.0 			 0.0 			 0.0			 0.0 
g5	 92 	 0.0 			 0.0 			 0.0			 0.0 
g5	 93 	 0.0 			 0.0 			 0.0			 0.0 
g5	 94 	 0.0 			 0.0 			 0.0			 0.0 
g5	 95 	 0.0 			 0.0 			 0.0			 0.0 
g5	 96 	 0.0 			 0.0 			 0.0			 0.0 
----------------------------------------------------------------------------------------------------------------
unit 	 generation payment 	 up-FRP payment 	 dw-FRP payment 	pre-up total payment
----------------------------------------------------------------------------------------------------------------
 g1 	 58132.963294			 0.000000			 0.000000			 58132.963294
 g2 	 92656.206152			 0.000000			 0.000000			 92656.206152
 g3 	 0.000000			 0.000000			 0.000000			 0.000000
 g4 	 0.000000			 0.000000			 0.000000			 0.000000
 g5 	 0.000000			 0.000000			 0.000000			 0.000000
----------------------------------------------------------------------------------------------------
generation payment 	 up-FRP payment 	 dw-FRP payment 	 pre-up total payment
----------------------------------------------------------------------------------------------------
150789.169446 			 0.0 			 0.0 			 150789.169446
 
****************************************************************************************************
 
Generation costs
----------------------------------------------------------------------------------------------------
unit	 time 	 generation cost 	 start-up cost  	total cost
----------------------------------------------------------------------------------------------------
g1	 1 	 2465.258917 			 0.0 			2465.258917
g1	 2 	 2303.782857 			 0.0 			2303.782857
g1	 3 	 2509.184216 			 0.0 			2509.184216
g1	 4 	 2388.922572 			 0.0 			2388.922572
g1	 5 	 2165.028822 			 0.0 			2165.028822
g1	 6 	 2365.709758 			 0.0 			2365.709758
g1	 7 	 2269.856046 			 0.0 			2269.856046
g1	 8 	 2218.085707 			 0.0 			2218.085707
g1	 9 	 2096.971153 			 0.0 			2096.971153
g1	 10 	 2197.628077 			 0.0 			2197.628077
g1	 11 	 2168.495268 			 0.0 			2168.495268
g1	 12 	 2194.146105 			 0.0 			2194.146105
g1	 13 	 2012.040823 			 0.0 			2012.040823
g1	 14 	 2128.195364 			 0.0 			2128.195364
g1	 15 	 2208.483876 			 0.0 			2208.483876
g1	 16 	 1998.947001 			 0.0 			1998.947001
g1	 17 	 2032.312599 			 0.0 			2032.312599
g1	 18 	 2153.318673 			 0.0 			2153.318673
g1	 19 	 2079.154721 			 0.0 			2079.154721
g1	 20 	 2166.390349 			 0.0 			2166.390349
g1	 21 	 2257.739432 			 0.0 			2257.739432
g1	 22 	 2271.364841 			 0.0 			2271.364841
g1	 23 	 2154.753039 			 0.0 			2154.753039
g1	 24 	 2299.809169 			 0.0 			2299.809169
g1	 25 	 2472.477723 			 0.0 			2472.477723
g1	 26 	 2403.818167 			 0.0 			2403.818167
g1	 27 	 2417.237283 			 0.0 			2417.237283
g1	 28 	 2440.098858 			 0.0 			2440.098858
g1	 29 	 2583.33069 			 0.0 			2583.33069
g1	 30 	 2600.634086 			 0.0 			2600.634086
g1	 31 	 2716.642352 			 0.0 			2716.642352
g1	 32 	 2665.531402 			 0.0 			2665.531402
g1	 33 	 2776.479714 			 0.0 			2776.479714
g1	 34 	 2834.249338 			 0.0 			2834.249338
g1	 35 	 2980.55109 			 0.0 			2980.55109
g1	 36 	 2790.435419 			 0.0 			2790.435419
g1	 37 	 3007.790515 			 0.0 			3007.790515
g1	 38 	 2791.303095 			 0.0 			2791.303095
g1	 39 	 2821.432177 			 0.0 			2821.432177
g1	 40 	 2840.155627 			 0.0 			2840.155627
g1	 41 	 2981.71942 			 0.0 			2981.71942
g1	 42 	 3058.233409 			 0.0 			3058.233409
g1	 43 	 2982.356271 			 0.0 			2982.356271
g1	 44 	 2949.023831 			 0.0 			2949.023831
g1	 45 	 3058.233409 			 0.0 			3058.233409
g1	 46 	 3058.233409 			 0.0 			3058.233409
g1	 47 	 3058.233409 			 0.0 			3058.233409
g1	 48 	 2905.11301 			 0.0 			2905.11301
g1	 49 	 3058.233409 			 0.0 			3058.233409
g1	 50 	 3035.890682 			 0.0 			3035.890682
g1	 51 	 2921.988572 			 0.0 			2921.988572
g1	 52 	 3058.233409 			 0.0 			3058.233409
g1	 53 	 3058.233409 			 0.0 			3058.233409
g1	 54 	 3058.233409 			 0.0 			3058.233409
g1	 55 	 3058.233409 			 0.0 			3058.233409
g1	 56 	 3058.233409 			 0.0 			3058.233409
g1	 57 	 3058.233409 			 0.0 			3058.233409
g1	 58 	 3058.233409 			 0.0 			3058.233409
g1	 59 	 3058.233409 			 0.0 			3058.233409
g1	 60 	 3055.015806 			 0.0 			3055.015806
g1	 61 	 3058.233409 			 0.0 			3058.233409
g1	 62 	 3058.233409 			 0.0 			3058.233409
g1	 63 	 3058.233409 			 0.0 			3058.233409
g1	 64 	 3058.233409 			 0.0 			3058.233409
g1	 65 	 3058.233409 			 0.0 			3058.233409
g1	 66 	 3058.233409 			 0.0 			3058.233409
g1	 67 	 2927.43191 			 0.0 			2927.43191
g1	 68 	 3058.233409 			 0.0 			3058.233409
g1	 69 	 2926.717045 			 0.0 			2926.717045
g1	 70 	 3011.736957 			 0.0 			3011.736957
g1	 71 	 3058.233409 			 0.0 			3058.233409
g1	 72 	 3058.233409 			 0.0 			3058.233409
g1	 73 	 3058.233409 			 0.0 			3058.233409
g1	 74 	 3050.210028 			 0.0 			3050.210028
g1	 75 	 3009.454631 			 0.0 			3009.454631
g1	 76 	 3058.233409 			 0.0 			3058.233409
g1	 77 	 3052.653452 			 0.0 			3052.653452
g1	 78 	 3058.233409 			 0.0 			3058.233409
g1	 79 	 3058.233409 			 0.0 			3058.233409
g1	 80 	 3058.233409 			 0.0 			3058.233409
g1	 81 	 3058.233409 			 0.0 			3058.233409
g1	 82 	 3058.233409 			 0.0 			3058.233409
g1	 83 	 3058.233409 			 0.0 			3058.233409
g1	 84 	 3058.233409 			 0.0 			3058.233409
g1	 85 	 3058.233409 			 0.0 			3058.233409
g1	 86 	 3058.233409 			 0.0 			3058.233409
g1	 87 	 3058.233409 			 0.0 			3058.233409
g1	 88 	 2962.364662 			 0.0 			2962.364662
g1	 89 	 2591.934906 			 0.0 			2591.934906
g1	 90 	 2900.399751 			 0.0 			2900.399751
g1	 91 	 2786.082147 			 0.0 			2786.082147
g1	 92 	 2724.851815 			 0.0 			2724.851815
g1	 93 	 2770.907534 			 0.0 			2770.907534
g1	 94 	 2731.076547 			 0.0 			2731.076547
g1	 95 	 2702.768639 			 0.0 			2702.768639
g1	 96 	 2820.488916 			 0.0 			2820.488916
----------------------------------------------------------------------------------------------------
g2	 1 	 0.0 			 0.0 			0.0
g2	 2 	 0.0 			 0.0 			0.0
g2	 3 	 0.0 			 0.0 			0.0
g2	 4 	 0.0 			 0.0 			0.0
g2	 5 	 0.0 			 0.0 			0.0
g2	 6 	 0.0 			 0.0 			0.0
g2	 7 	 0.0 			 0.0 			0.0
g2	 8 	 0.0 			 0.0 			0.0
g2	 9 	 0.0 			 0.0 			0.0
g2	 10 	 0.0 			 0.0 			0.0
g2	 11 	 0.0 			 0.0 			0.0
g2	 12 	 0.0 			 0.0 			0.0
g2	 13 	 0.0 			 0.0 			0.0
g2	 14 	 0.0 			 0.0 			0.0
g2	 15 	 0.0 			 0.0 			0.0
g2	 16 	 0.0 			 0.0 			0.0
g2	 17 	 0.0 			 0.0 			0.0
g2	 18 	 0.0 			 0.0 			0.0
g2	 19 	 0.0 			 0.0 			0.0
g2	 20 	 0.0 			 0.0 			0.0
g2	 21 	 0.0 			 0.0 			0.0
g2	 22 	 0.0 			 0.0 			0.0
g2	 23 	 0.0 			 0.0 			0.0
g2	 24 	 0.0 			 0.0 			0.0
g2	 25 	 0.0 			 0.0 			0.0
g2	 26 	 0.0 			 0.0 			0.0
g2	 27 	 0.0 			 0.0 			0.0
g2	 28 	 0.0 			 0.0 			0.0
g2	 29 	 0.0 			 0.0 			0.0
g2	 30 	 0.0 			 0.0 			0.0
g2	 31 	 0.0 			 0.0 			0.0
g2	 32 	 0.0 			 0.0 			0.0
g2	 33 	 0.0 			 0.0 			0.0
g2	 34 	 0.0 			 0.0 			0.0
g2	 35 	 0.0 			 0.0 			0.0
g2	 36 	 0.0 			 0.0 			0.0
g2	 37 	 534.771644 			 10598.13 			11132.901644
g2	 38 	 534.771644 			 0.0 			534.771644
g2	 39 	 534.771644 			 0.0 			534.771644
g2	 40 	 534.771644 			 0.0 			534.771644
g2	 41 	 534.771644 			 0.0 			534.771644
g2	 42 	 717.284579 			 0.0 			717.284579
g2	 43 	 534.771644 			 0.0 			534.771644
g2	 44 	 534.771644 			 0.0 			534.771644
g2	 45 	 640.433051 			 0.0 			640.433051
g2	 46 	 781.839528 			 0.0 			781.839528
g2	 47 	 815.953758 			 0.0 			815.953758
g2	 48 	 687.629814 			 0.0 			687.629814
g2	 49 	 922.980114 			 0.0 			922.980114
g2	 50 	 687.629814 			 0.0 			687.629814
g2	 51 	 778.706523 			 0.0 			778.706523
g2	 52 	 1025.75241 			 0.0 			1025.75241
g2	 53 	 1078.079375 			 0.0 			1078.079375
g2	 54 	 945.633891 			 0.0 			945.633891
g2	 55 	 1074.663723 			 0.0 			1074.663723
g2	 56 	 981.704489 			 0.0 			981.704489
g2	 57 	 1118.530084 			 0.0 			1118.530084
g2	 58 	 966.599177 			 0.0 			966.599177
g2	 59 	 1195.063698 			 0.0 			1195.063698
g2	 60 	 1111.857214 			 0.0 			1111.857214
g2	 61 	 1392.779704 			 0.0 			1392.779704
g2	 62 	 1221.239241 			 0.0 			1221.239241
g2	 63 	 1515.398568 			 0.0 			1515.398568
g2	 64 	 1387.013975 			 0.0 			1387.013975
g2	 65 	 1396.547378 			 0.0 			1396.547378
g2	 66 	 1630.982228 			 0.0 			1630.982228
g2	 67 	 1334.000163 			 0.0 			1334.000163
g2	 68 	 1484.111274 			 0.0 			1484.111274
g2	 69 	 1190.805692 			 0.0 			1190.805692
g2	 70 	 934.089618 			 0.0 			934.089618
g2	 71 	 1142.850678 			 0.0 			1142.850678
g2	 72 	 1110.169895 			 0.0 			1110.169895
g2	 73 	 973.709035 			 0.0 			973.709035
g2	 74 	 732.585735 			 0.0 			732.585735
g2	 75 	 945.302192 			 0.0 			945.302192
g2	 76 	 1202.018266 			 0.0 			1202.018266
g2	 77 	 945.302192 			 0.0 			945.302192
g2	 78 	 811.21847 			 0.0 			811.21847
g2	 79 	 805.451094 			 0.0 			805.451094
g2	 80 	 655.470217 			 0.0 			655.470217
g2	 81 	 641.878012 			 0.0 			641.878012
g2	 82 	 764.699273 			 0.0 			764.699273
g2	 83 	 741.140425 			 0.0 			741.140425
g2	 84 	 633.850048 			 0.0 			633.850048
g2	 85 	 609.334008 			 0.0 			609.334008
g2	 86 	 572.635049 			 0.0 			572.635049
g2	 87 	 616.453807 			 0.0 			616.453807
g2	 88 	 534.771644 			 0.0 			534.771644
g2	 89 	 534.771644 			 0.0 			534.771644
g2	 90 	 534.771644 			 0.0 			534.771644
g2	 91 	 534.771644 			 0.0 			534.771644
g2	 92 	 534.771644 			 0.0 			534.771644
g2	 93 	 0.0 			 0.0 			0.0
g2	 94 	 0.0 			 0.0 			0.0
g2	 95 	 0.0 			 0.0 			0.0
g2	 96 	 0.0 			 0.0 			0.0
----------------------------------------------------------------------------------------------------
g3	 1 	 0.0 			 0.0 			0.0
g3	 2 	 0.0 			 0.0 			0.0
g3	 3 	 0.0 			 0.0 			0.0
g3	 4 	 0.0 			 0.0 			0.0
g3	 5 	 0.0 			 0.0 			0.0
g3	 6 	 0.0 			 0.0 			0.0
g3	 7 	 0.0 			 0.0 			0.0
g3	 8 	 0.0 			 0.0 			0.0
g3	 9 	 0.0 			 0.0 			0.0
g3	 10 	 0.0 			 0.0 			0.0
g3	 11 	 0.0 			 0.0 			0.0
g3	 12 	 0.0 			 0.0 			0.0
g3	 13 	 0.0 			 0.0 			0.0
g3	 14 	 0.0 			 0.0 			0.0
g3	 15 	 0.0 			 0.0 			0.0
g3	 16 	 0.0 			 0.0 			0.0
g3	 17 	 0.0 			 0.0 			0.0
g3	 18 	 0.0 			 0.0 			0.0
g3	 19 	 0.0 			 0.0 			0.0
g3	 20 	 0.0 			 0.0 			0.0
g3	 21 	 0.0 			 0.0 			0.0
g3	 22 	 0.0 			 0.0 			0.0
g3	 23 	 0.0 			 0.0 			0.0
g3	 24 	 0.0 			 0.0 			0.0
g3	 25 	 0.0 			 0.0 			0.0
g3	 26 	 0.0 			 0.0 			0.0
g3	 27 	 0.0 			 0.0 			0.0
g3	 28 	 0.0 			 0.0 			0.0
g3	 29 	 0.0 			 0.0 			0.0
g3	 30 	 0.0 			 0.0 			0.0
g3	 31 	 0.0 			 0.0 			0.0
g3	 32 	 0.0 			 0.0 			0.0
g3	 33 	 0.0 			 0.0 			0.0
g3	 34 	 0.0 			 0.0 			0.0
g3	 35 	 0.0 			 0.0 			0.0
g3	 36 	 0.0 			 0.0 			0.0
g3	 37 	 0.0 			 0.0 			0.0
g3	 38 	 0.0 			 0.0 			0.0
g3	 39 	 0.0 			 0.0 			0.0
g3	 40 	 0.0 			 0.0 			0.0
g3	 41 	 0.0 			 0.0 			0.0
g3	 42 	 0.0 			 0.0 			0.0
g3	 43 	 0.0 			 0.0 			0.0
g3	 44 	 0.0 			 0.0 			0.0
g3	 45 	 0.0 			 0.0 			0.0
g3	 46 	 0.0 			 0.0 			0.0
g3	 47 	 0.0 			 0.0 			0.0
g3	 48 	 0.0 			 0.0 			0.0
g3	 49 	 0.0 			 0.0 			0.0
g3	 50 	 0.0 			 0.0 			0.0
g3	 51 	 0.0 			 0.0 			0.0
g3	 52 	 0.0 			 0.0 			0.0
g3	 53 	 0.0 			 0.0 			0.0
g3	 54 	 0.0 			 0.0 			0.0
g3	 55 	 0.0 			 0.0 			0.0
g3	 56 	 0.0 			 0.0 			0.0
g3	 57 	 0.0 			 0.0 			0.0
g3	 58 	 0.0 			 0.0 			0.0
g3	 59 	 0.0 			 0.0 			0.0
g3	 60 	 0.0 			 0.0 			0.0
g3	 61 	 0.0 			 0.0 			0.0
g3	 62 	 0.0 			 0.0 			0.0
g3	 63 	 0.0 			 0.0 			0.0
g3	 64 	 0.0 			 0.0 			0.0
g3	 65 	 0.0 			 0.0 			0.0
g3	 66 	 0.0 			 0.0 			0.0
g3	 67 	 0.0 			 0.0 			0.0
g3	 68 	 0.0 			 0.0 			0.0
g3	 69 	 0.0 			 0.0 			0.0
g3	 70 	 0.0 			 0.0 			0.0
g3	 71 	 0.0 			 0.0 			0.0
g3	 72 	 0.0 			 0.0 			0.0
g3	 73 	 0.0 			 0.0 			0.0
g3	 74 	 0.0 			 0.0 			0.0
g3	 75 	 0.0 			 0.0 			0.0
g3	 76 	 0.0 			 0.0 			0.0
g3	 77 	 0.0 			 0.0 			0.0
g3	 78 	 0.0 			 0.0 			0.0
g3	 79 	 0.0 			 0.0 			0.0
g3	 80 	 0.0 			 0.0 			0.0
g3	 81 	 0.0 			 0.0 			0.0
g3	 82 	 0.0 			 0.0 			0.0
g3	 83 	 0.0 			 0.0 			0.0
g3	 84 	 0.0 			 0.0 			0.0
g3	 85 	 0.0 			 0.0 			0.0
g3	 86 	 0.0 			 0.0 			0.0
g3	 87 	 0.0 			 0.0 			0.0
g3	 88 	 0.0 			 0.0 			0.0
g3	 89 	 0.0 			 0.0 			0.0
g3	 90 	 0.0 			 0.0 			0.0
g3	 91 	 0.0 			 0.0 			0.0
g3	 92 	 0.0 			 0.0 			0.0
g3	 93 	 0.0 			 0.0 			0.0
g3	 94 	 0.0 			 0.0 			0.0
g3	 95 	 0.0 			 0.0 			0.0
g3	 96 	 0.0 			 0.0 			0.0
----------------------------------------------------------------------------------------------------
g4	 1 	 0.0 			 0.0 			0.0
g4	 2 	 0.0 			 0.0 			0.0
g4	 3 	 0.0 			 0.0 			0.0
g4	 4 	 0.0 			 0.0 			0.0
g4	 5 	 0.0 			 0.0 			0.0
g4	 6 	 0.0 			 0.0 			0.0
g4	 7 	 0.0 			 0.0 			0.0
g4	 8 	 0.0 			 0.0 			0.0
g4	 9 	 0.0 			 0.0 			0.0
g4	 10 	 0.0 			 0.0 			0.0
g4	 11 	 0.0 			 0.0 			0.0
g4	 12 	 0.0 			 0.0 			0.0
g4	 13 	 0.0 			 0.0 			0.0
g4	 14 	 0.0 			 0.0 			0.0
g4	 15 	 0.0 			 0.0 			0.0
g4	 16 	 0.0 			 0.0 			0.0
g4	 17 	 0.0 			 0.0 			0.0
g4	 18 	 0.0 			 0.0 			0.0
g4	 19 	 0.0 			 0.0 			0.0
g4	 20 	 0.0 			 0.0 			0.0
g4	 21 	 0.0 			 0.0 			0.0
g4	 22 	 0.0 			 0.0 			0.0
g4	 23 	 0.0 			 0.0 			0.0
g4	 24 	 0.0 			 0.0 			0.0
g4	 25 	 0.0 			 0.0 			0.0
g4	 26 	 0.0 			 0.0 			0.0
g4	 27 	 0.0 			 0.0 			0.0
g4	 28 	 0.0 			 0.0 			0.0
g4	 29 	 0.0 			 0.0 			0.0
g4	 30 	 0.0 			 0.0 			0.0
g4	 31 	 0.0 			 0.0 			0.0
g4	 32 	 0.0 			 0.0 			0.0
g4	 33 	 0.0 			 0.0 			0.0
g4	 34 	 0.0 			 0.0 			0.0
g4	 35 	 0.0 			 0.0 			0.0
g4	 36 	 0.0 			 0.0 			0.0
g4	 37 	 0.0 			 0.0 			0.0
g4	 38 	 0.0 			 0.0 			0.0
g4	 39 	 0.0 			 0.0 			0.0
g4	 40 	 0.0 			 0.0 			0.0
g4	 41 	 0.0 			 0.0 			0.0
g4	 42 	 0.0 			 0.0 			0.0
g4	 43 	 0.0 			 0.0 			0.0
g4	 44 	 0.0 			 0.0 			0.0
g4	 45 	 0.0 			 0.0 			0.0
g4	 46 	 0.0 			 0.0 			0.0
g4	 47 	 0.0 			 0.0 			0.0
g4	 48 	 0.0 			 0.0 			0.0
g4	 49 	 0.0 			 0.0 			0.0
g4	 50 	 0.0 			 0.0 			0.0
g4	 51 	 0.0 			 0.0 			0.0
g4	 52 	 0.0 			 0.0 			0.0
g4	 53 	 0.0 			 0.0 			0.0
g4	 54 	 0.0 			 0.0 			0.0
g4	 55 	 0.0 			 0.0 			0.0
g4	 56 	 0.0 			 0.0 			0.0
g4	 57 	 0.0 			 0.0 			0.0
g4	 58 	 0.0 			 0.0 			0.0
g4	 59 	 0.0 			 0.0 			0.0
g4	 60 	 0.0 			 0.0 			0.0
g4	 61 	 0.0 			 0.0 			0.0
g4	 62 	 0.0 			 0.0 			0.0
g4	 63 	 0.0 			 0.0 			0.0
g4	 64 	 0.0 			 0.0 			0.0
g4	 65 	 0.0 			 0.0 			0.0
g4	 66 	 0.0 			 0.0 			0.0
g4	 67 	 0.0 			 0.0 			0.0
g4	 68 	 0.0 			 0.0 			0.0
g4	 69 	 0.0 			 0.0 			0.0
g4	 70 	 0.0 			 0.0 			0.0
g4	 71 	 0.0 			 0.0 			0.0
g4	 72 	 0.0 			 0.0 			0.0
g4	 73 	 0.0 			 0.0 			0.0
g4	 74 	 0.0 			 0.0 			0.0
g4	 75 	 0.0 			 0.0 			0.0
g4	 76 	 0.0 			 0.0 			0.0
g4	 77 	 0.0 			 0.0 			0.0
g4	 78 	 0.0 			 0.0 			0.0
g4	 79 	 0.0 			 0.0 			0.0
g4	 80 	 0.0 			 0.0 			0.0
g4	 81 	 0.0 			 0.0 			0.0
g4	 82 	 0.0 			 0.0 			0.0
g4	 83 	 0.0 			 0.0 			0.0
g4	 84 	 0.0 			 0.0 			0.0
g4	 85 	 0.0 			 0.0 			0.0
g4	 86 	 0.0 			 0.0 			0.0
g4	 87 	 0.0 			 0.0 			0.0
g4	 88 	 0.0 			 0.0 			0.0
g4	 89 	 0.0 			 0.0 			0.0
g4	 90 	 0.0 			 0.0 			0.0
g4	 91 	 0.0 			 0.0 			0.0
g4	 92 	 0.0 			 0.0 			0.0
g4	 93 	 0.0 			 0.0 			0.0
g4	 94 	 0.0 			 0.0 			0.0
g4	 95 	 0.0 			 0.0 			0.0
g4	 96 	 0.0 			 0.0 			0.0
----------------------------------------------------------------------------------------------------
g5	 1 	 0.0 			 0.0 			0.0
g5	 2 	 0.0 			 0.0 			0.0
g5	 3 	 0.0 			 0.0 			0.0
g5	 4 	 0.0 			 0.0 			0.0
g5	 5 	 0.0 			 0.0 			0.0
g5	 6 	 0.0 			 0.0 			0.0
g5	 7 	 0.0 			 0.0 			0.0
g5	 8 	 0.0 			 0.0 			0.0
g5	 9 	 0.0 			 0.0 			0.0
g5	 10 	 0.0 			 0.0 			0.0
g5	 11 	 0.0 			 0.0 			0.0
g5	 12 	 0.0 			 0.0 			0.0
g5	 13 	 0.0 			 0.0 			0.0
g5	 14 	 0.0 			 0.0 			0.0
g5	 15 	 0.0 			 0.0 			0.0
g5	 16 	 0.0 			 0.0 			0.0
g5	 17 	 0.0 			 0.0 			0.0
g5	 18 	 0.0 			 0.0 			0.0
g5	 19 	 0.0 			 0.0 			0.0
g5	 20 	 0.0 			 0.0 			0.0
g5	 21 	 0.0 			 0.0 			0.0
g5	 22 	 0.0 			 0.0 			0.0
g5	 23 	 0.0 			 0.0 			0.0
g5	 24 	 0.0 			 0.0 			0.0
g5	 25 	 0.0 			 0.0 			0.0
g5	 26 	 0.0 			 0.0 			0.0
g5	 27 	 0.0 			 0.0 			0.0
g5	 28 	 0.0 			 0.0 			0.0
g5	 29 	 0.0 			 0.0 			0.0
g5	 30 	 0.0 			 0.0 			0.0
g5	 31 	 0.0 			 0.0 			0.0
g5	 32 	 0.0 			 0.0 			0.0
g5	 33 	 0.0 			 0.0 			0.0
g5	 34 	 0.0 			 0.0 			0.0
g5	 35 	 0.0 			 0.0 			0.0
g5	 36 	 0.0 			 0.0 			0.0
g5	 37 	 0.0 			 0.0 			0.0
g5	 38 	 0.0 			 0.0 			0.0
g5	 39 	 0.0 			 0.0 			0.0
g5	 40 	 0.0 			 0.0 			0.0
g5	 41 	 0.0 			 0.0 			0.0
g5	 42 	 0.0 			 0.0 			0.0
g5	 43 	 0.0 			 0.0 			0.0
g5	 44 	 0.0 			 0.0 			0.0
g5	 45 	 0.0 			 0.0 			0.0
g5	 46 	 0.0 			 0.0 			0.0
g5	 47 	 0.0 			 0.0 			0.0
g5	 48 	 0.0 			 0.0 			0.0
g5	 49 	 0.0 			 0.0 			0.0
g5	 50 	 0.0 			 0.0 			0.0
g5	 51 	 0.0 			 0.0 			0.0
g5	 52 	 0.0 			 0.0 			0.0
g5	 53 	 0.0 			 0.0 			0.0
g5	 54 	 0.0 			 0.0 			0.0
g5	 55 	 0.0 			 0.0 			0.0
g5	 56 	 0.0 			 0.0 			0.0
g5	 57 	 0.0 			 0.0 			0.0
g5	 58 	 0.0 			 0.0 			0.0
g5	 59 	 0.0 			 0.0 			0.0
g5	 60 	 0.0 			 0.0 			0.0
g5	 61 	 0.0 			 0.0 			0.0
g5	 62 	 0.0 			 0.0 			0.0
g5	 63 	 0.0 			 0.0 			0.0
g5	 64 	 0.0 			 0.0 			0.0
g5	 65 	 0.0 			 0.0 			0.0
g5	 66 	 0.0 			 0.0 			0.0
g5	 67 	 0.0 			 0.0 			0.0
g5	 68 	 0.0 			 0.0 			0.0
g5	 69 	 0.0 			 0.0 			0.0
g5	 70 	 0.0 			 0.0 			0.0
g5	 71 	 0.0 			 0.0 			0.0
g5	 72 	 0.0 			 0.0 			0.0
g5	 73 	 0.0 			 0.0 			0.0
g5	 74 	 0.0 			 0.0 			0.0
g5	 75 	 0.0 			 0.0 			0.0
g5	 76 	 0.0 			 0.0 			0.0
g5	 77 	 0.0 			 0.0 			0.0
g5	 78 	 0.0 			 0.0 			0.0
g5	 79 	 0.0 			 0.0 			0.0
g5	 80 	 0.0 			 0.0 			0.0
g5	 81 	 0.0 			 0.0 			0.0
g5	 82 	 0.0 			 0.0 			0.0
g5	 83 	 0.0 			 0.0 			0.0
g5	 84 	 0.0 			 0.0 			0.0
g5	 85 	 0.0 			 0.0 			0.0
g5	 86 	 0.0 			 0.0 			0.0
g5	 87 	 0.0 			 0.0 			0.0
g5	 88 	 0.0 			 0.0 			0.0
g5	 89 	 0.0 			 0.0 			0.0
g5	 90 	 0.0 			 0.0 			0.0
g5	 91 	 0.0 			 0.0 			0.0
g5	 92 	 0.0 			 0.0 			0.0
g5	 93 	 0.0 			 0.0 			0.0
g5	 94 	 0.0 			 0.0 			0.0
g5	 95 	 0.0 			 0.0 			0.0
g5	 96 	 0.0 			 0.0 			0.0
----------------------------------------------------------------------------------------------------
 
unit 	 generation 	 generation cost 	 start-up cost 	 total cost
----------------------------------------------------------------------------------------------------
g1 	 7075.515338			264027.869359			 0.000000		 264027.869359
g2 	 919.049851			49338.637207			 10598.130000		 59936.767207
g3 	 0.000000			0.000000			 0.000000		 0.000000
g4 	 0.000000			0.000000			 0.000000		 0.000000
g5 	 0.000000			0.000000			 0.000000		 0.000000
----------------------------------------------------------------------------------------------------
 
generation cost 	 start-up cost 		 total cost
----------------------------------------------------------------------------------------------------
313366.5065659999 			 10598.13 			 323964.6365659999
----------------------------------------------------------------------------------------------------
uplift payment for generator g1: 0.0
uplift payment for generator g2: 0.0
uplift payment for generator g3: 0.0
uplift payment for generator g4: 0.0
uplift payment for generator g5: 0.0
 
****************************************************************************************************
 
rtm Systemwide prices
----------------------------------------------------------------------------------------------------
time	 energy 	 up-FRP 	 dw-FRP
----------------------------------------------------------------------------------------------------
1 	 9.614507 		 0.0 		 0.0
2 	 9.408671 		 0.0 		 0.0
3 	 9.614507 		 0.0 		 0.0
4 	 9.614507 		 0.0 		 0.0
5 	 9.408671 		 0.0 		 0.0
6 	 9.614507 		 0.0 		 0.0
7 	 9.408671 		 0.0 		 0.0
8 	 9.408671 		 0.0 		 0.0
9 	 9.408671 		 0.0 		 0.0
10 	 9.408671 		 0.0 		 0.0
11 	 9.408671 		 0.0 		 0.0
12 	 9.408671 		 0.0 		 0.0
13 	 9.408671 		 0.0 		 0.0
14 	 9.408671 		 0.0 		 0.0
15 	 9.408671 		 0.0 		 0.0
16 	 9.408671 		 0.0 		 0.0
17 	 9.408671 		 0.0 		 0.0
18 	 9.408671 		 0.0 		 0.0
19 	 9.408671 		 0.0 		 0.0
20 	 9.408671 		 0.0 		 0.0
21 	 9.408671 		 0.0 		 0.0
22 	 9.408671 		 0.0 		 0.0
23 	 9.408671 		 0.0 		 0.0
24 	 9.408671 		 0.0 		 0.0
25 	 9.614507 		 0.0 		 0.0
26 	 9.614507 		 0.0 		 0.0
27 	 9.614507 		 0.0 		 0.0
28 	 9.614507 		 0.0 		 0.0
29 	 9.614507 		 0.0 		 0.0
30 	 9.614507 		 0.0 		 0.0
31 	 9.614507 		 0.0 		 0.0
32 	 9.614507 		 0.0 		 0.0
33 	 9.614507 		 0.0 		 0.0
34 	 9.614507 		 0.0 		 0.0
35 	 9.614507 		 0.0 		 0.0
36 	 9.614507 		 0.0 		 0.0
37 	 9.614507 		 0.0 		 0.0
38 	 9.614507 		 0.0 		 0.0
39 	 9.614507 		 0.0 		 0.0
40 	 9.614507 		 0.0 		 0.0
41 	 9.614507 		 0.0 		 0.0
42 	 10.185876 		 0.0 		 0.0
43 	 9.614507 		 0.0 		 0.0
44 	 9.614507 		 0.0 		 0.0
45 	 10.185876 		 0.0 		 0.0
46 	 10.185876 		 0.0 		 0.0
47 	 10.185876 		 0.0 		 0.0
48 	 9.614507 		 0.0 		 0.0
49 	 12.636629 		 0.0 		 0.0
50 	 9.614507 		 0.0 		 0.0
51 	 9.614507 		 0.0 		 0.0
52 	 12.06526 		 0.0 		 0.0
53 	 11.493892 		 0.0 		 0.0
54 	 11.493892 		 0.0 		 0.0
55 	 11.493892 		 0.0 		 0.0
56 	 11.493892 		 0.0 		 0.0
57 	 11.493892 		 0.0 		 0.0
58 	 11.493892 		 0.0 		 0.0
59 	 11.493892 		 0.0 		 0.0
60 	 9.614507 		 0.0 		 0.0
61 	 15.176097 		 0.0 		 0.0
62 	 13.296712 		 0.0 		 0.0
63 	 13.296712 		 0.0 		 0.0
64 	 13.296712 		 0.0 		 0.0
65 	 13.296712 		 0.0 		 0.0
66 	 2500.0 		 0.0 		 0.0
67 	 9.614507 		 0.0 		 0.0
68 	 17.055481 		 0.0 		 0.0
69 	 9.614507 		 0.0 		 0.0
70 	 9.614507 		 0.0 		 0.0
71 	 11.493892 		 0.0 		 0.0
72 	 11.493892 		 0.0 		 0.0
73 	 12.06526 		 0.0 		 0.0
74 	 9.614507 		 0.0 		 0.0
75 	 9.614507 		 0.0 		 0.0
76 	 15.252661 		 0.0 		 0.0
77 	 9.614507 		 0.0 		 0.0
78 	 10.185876 		 0.0 		 0.0
79 	 10.185876 		 0.0 		 0.0
80 	 10.185876 		 0.0 		 0.0
81 	 10.185876 		 0.0 		 0.0
82 	 10.185876 		 0.0 		 0.0
83 	 10.185876 		 0.0 		 0.0
84 	 10.185876 		 0.0 		 0.0
85 	 10.185876 		 0.0 		 0.0
86 	 10.185876 		 0.0 		 0.0
87 	 10.185876 		 0.0 		 0.0
88 	 9.614507 		 0.0 		 0.0
89 	 9.614507 		 0.0 		 0.0
90 	 9.614507 		 0.0 		 0.0
91 	 9.614507 		 0.0 		 0.0
92 	 9.614507 		 0.0 		 0.0
93 	 9.614507 		 0.0 		 0.0
94 	 9.614507 		 0.0 		 0.0
95 	 9.614507 		 0.0 		 0.0
96 	 9.614507 		 0.0 		 0.0
 
****************************************************************************************************
 
rtm Post-uplift payments
----------------------------------------------------------------------------------------------------------------------------------------------------
unit 	 generation payment 	 up-FRP payment 	 dw-FRP payment 	pre-up t. payment 	 uplift payments 	 post-up t. payment 	 profit
----------------------------------------------------------------------------------------------------------------------------------------------------
 g1 	 58132.963294			 0.000000			 0.000000			 58132.963294			 0.000000			 58132.963294		 84346.143236
 g2 	 92656.206152			 0.000000			 0.000000			 92656.206152			 0.000000			 92656.206152		 71024.603464
 g3 	 0.000000			 0.000000			 0.000000			 0.000000			 0.000000			 0.000000		 0.000000
 g4 	 0.000000			 0.000000			 0.000000			 0.000000			 0.000000			 0.000000		 0.000000
 g5 	 0.000000			 0.000000			 0.000000			 0.000000			 0.000000			 0.000000		 0.000000
****************************************************************************************************
 
Total generator payments
----------------------------------------------------------------------------------------------------------------------------------------------------
unit 	 generation payment 	 up-FRP payment 	 dw-FRP payment 	pre-up t. payment 	 uplift payments 	 post-up t. payment 	 profit
----------------------------------------------------------------------------------------------------------------------------------------------------
 g1 	 348374.012595			 0.000000			 0.000000			 348374.012595			 0.000000			 348374.012595		 84346.143236
 g2 	 130961.370671			 0.000000			 0.000000			 130961.370671			 0.000000			 130961.370671		 71024.603464
 g3 	 0.000000			 0.000000			 0.000000			 0.000000			 0.000000			 0.000000		 0.000000
 g4 	 0.000000			 0.000000			 0.000000			 0.000000			 0.000000			 0.000000		 0.000000
 g5 	 0.000000			 0.000000			 0.000000			 0.000000			 0.000000			 0.000000		 0.000000
 
****************************************************************************************************
 
rtm LMP
----------------------------------------------------------------------------------------------------
bus name 	 time 		 LMP
----------------------------------------------------------------------------------------------------
b1 		 1 		 9.614507
b1 		 2 		 9.408671
b1 		 3 		 9.614507
b1 		 4 		 9.614507
b1 		 5 		 9.408671
b1 		 6 		 9.614507
b1 		 7 		 9.408671
b1 		 8 		 9.408671
b1 		 9 		 9.408671
b1 		 10 		 9.408671
b1 		 11 		 9.408671
b1 		 12 		 9.408671
b1 		 13 		 9.408671
b1 		 14 		 9.408671
b1 		 15 		 9.408671
b1 		 16 		 9.408671
b1 		 17 		 9.408671
b1 		 18 		 9.408671
b1 		 19 		 9.408671
b1 		 20 		 9.408671
b1 		 21 		 9.408671
b1 		 22 		 9.408671
b1 		 23 		 9.408671
b1 		 24 		 9.408671
b1 		 25 		 9.614507
b1 		 26 		 9.614507
b1 		 27 		 9.614507
b1 		 28 		 9.614507
b1 		 29 		 9.614507
b1 		 30 		 9.614507
b1 		 31 		 9.614507
b1 		 32 		 9.614507
b1 		 33 		 9.614507
b1 		 34 		 9.614507
b1 		 35 		 9.614507
b1 		 36 		 9.614507
b1 		 37 		 9.614507
b1 		 38 		 9.614507
b1 		 39 		 9.614507
b1 		 40 		 9.614507
b1 		 41 		 9.614507
b1 		 42 		 10.185876
b1 		 43 		 9.614507
b1 		 44 		 9.614507
b1 		 45 		 10.185876
b1 		 46 		 10.185876
b1 		 47 		 10.185876
b1 		 48 		 9.614507
b1 		 49 		 12.636629
b1 		 50 		 9.614507
b1 		 51 		 9.614507
b1 		 52 		 12.06526
b1 		 53 		 11.493892
b1 		 54 		 11.493892
b1 		 55 		 11.493892
b1 		 56 		 11.493892
b1 		 57 		 11.493892
b1 		 58 		 11.493892
b1 		 59 		 11.493892
b1 		 60 		 9.614507
b1 		 61 		 15.176097
b1 		 62 		 13.296712
b1 		 63 		 13.296712
b1 		 64 		 13.296712
b1 		 65 		 13.296712
b1 		 66 		 2500.0
b1 		 67 		 9.614507
b1 		 68 		 17.055481
b1 		 69 		 9.614507
b1 		 70 		 9.614507
b1 		 71 		 11.493892
b1 		 72 		 11.493892
b1 		 73 		 12.06526
b1 		 74 		 9.614507
b1 		 75 		 9.614507
b1 		 76 		 15.252661
b1 		 77 		 9.614507
b1 		 78 		 10.185876
b1 		 79 		 10.185876
b1 		 80 		 10.185876
b1 		 81 		 10.185876
b1 		 82 		 10.185876
b1 		 83 		 10.185876
b1 		 84 		 10.185876
b1 		 85 		 10.185876
b1 		 86 		 10.185876
b1 		 87 		 10.185876
b1 		 88 		 9.614507
b1 		 89 		 9.614507
b1 		 90 		 9.614507
b1 		 91 		 9.614507
b1 		 92 		 9.614507
b1 		 93 		 9.614507
b1 		 94 		 9.614507
b1 		 95 		 9.614507
b1 		 96 		 9.614507
----------------------------------------------------------------------------------------------------
b2 		 1 		 9.614507
b2 		 2 		 9.408671
b2 		 3 		 9.614507
b2 		 4 		 9.614507
b2 		 5 		 9.408671
b2 		 6 		 9.614507
b2 		 7 		 9.408671
b2 		 8 		 9.408671
b2 		 9 		 9.408671
b2 		 10 		 9.408671
b2 		 11 		 9.408671
b2 		 12 		 9.408671
b2 		 13 		 9.408671
b2 		 14 		 9.408671
b2 		 15 		 9.408671
b2 		 16 		 9.408671
b2 		 17 		 9.408671
b2 		 18 		 9.408671
b2 		 19 		 9.408671
b2 		 20 		 9.408671
b2 		 21 		 9.408671
b2 		 22 		 9.408671
b2 		 23 		 9.408671
b2 		 24 		 9.408671
b2 		 25 		 9.614507
b2 		 26 		 9.614507
b2 		 27 		 9.614507
b2 		 28 		 9.614507
b2 		 29 		 9.614507
b2 		 30 		 9.614507
b2 		 31 		 9.614507
b2 		 32 		 9.614507
b2 		 33 		 9.614507
b2 		 34 		 9.614507
b2 		 35 		 9.614507
b2 		 36 		 9.614507
b2 		 37 		 9.614507
b2 		 38 		 9.614507
b2 		 39 		 9.614507
b2 		 40 		 9.614507
b2 		 41 		 9.614507
b2 		 42 		 10.185876
b2 		 43 		 9.614507
b2 		 44 		 9.614507
b2 		 45 		 10.185876
b2 		 46 		 10.185876
b2 		 47 		 10.185876
b2 		 48 		 9.614507
b2 		 49 		 12.636629
b2 		 50 		 9.614507
b2 		 51 		 9.614507
b2 		 52 		 12.06526
b2 		 53 		 11.493892
b2 		 54 		 11.493892
b2 		 55 		 11.493892
b2 		 56 		 11.493892
b2 		 57 		 11.493892
b2 		 58 		 11.493892
b2 		 59 		 11.493892
b2 		 60 		 9.614507
b2 		 61 		 15.176097
b2 		 62 		 13.296712
b2 		 63 		 13.296712
b2 		 64 		 13.296712
b2 		 65 		 13.296712
b2 		 66 		 2500.0
b2 		 67 		 9.614507
b2 		 68 		 17.055481
b2 		 69 		 9.614507
b2 		 70 		 9.614507
b2 		 71 		 11.493892
b2 		 72 		 11.493892
b2 		 73 		 12.06526
b2 		 74 		 9.614507
b2 		 75 		 9.614507
b2 		 76 		 15.252661
b2 		 77 		 9.614507
b2 		 78 		 10.185876
b2 		 79 		 10.185876
b2 		 80 		 10.185876
b2 		 81 		 10.185876
b2 		 82 		 10.185876
b2 		 83 		 10.185876
b2 		 84 		 10.185876
b2 		 85 		 10.185876
b2 		 86 		 10.185876
b2 		 87 		 10.185876
b2 		 88 		 9.614507
b2 		 89 		 9.614507
b2 		 90 		 9.614507
b2 		 91 		 9.614507
b2 		 92 		 9.614507
b2 		 93 		 9.614507
b2 		 94 		 9.614507
b2 		 95 		 9.614507
b2 		 96 		 9.614507
----------------------------------------------------------------------------------------------------
b3 		 1 		 9.614507
b3 		 2 		 9.408671
b3 		 3 		 9.614507
b3 		 4 		 9.614507
b3 		 5 		 9.408671
b3 		 6 		 9.614507
b3 		 7 		 9.408671
b3 		 8 		 9.408671
b3 		 9 		 9.408671
b3 		 10 		 9.408671
b3 		 11 		 9.408671
b3 		 12 		 9.408671
b3 		 13 		 9.408671
b3 		 14 		 9.408671
b3 		 15 		 9.408671
b3 		 16 		 9.408671
b3 		 17 		 9.408671
b3 		 18 		 9.408671
b3 		 19 		 9.408671
b3 		 20 		 9.408671
b3 		 21 		 9.408671
b3 		 22 		 9.408671
b3 		 23 		 9.408671
b3 		 24 		 9.408671
b3 		 25 		 9.614507
b3 		 26 		 9.614507
b3 		 27 		 9.614507
b3 		 28 		 9.614507
b3 		 29 		 9.614507
b3 		 30 		 9.614507
b3 		 31 		 9.614507
b3 		 32 		 9.614507
b3 		 33 		 9.614507
b3 		 34 		 9.614507
b3 		 35 		 9.614507
b3 		 36 		 9.614507
b3 		 37 		 9.614507
b3 		 38 		 9.614507
b3 		 39 		 9.614507
b3 		 40 		 9.614507
b3 		 41 		 9.614507
b3 		 42 		 10.185876
b3 		 43 		 9.614507
b3 		 44 		 9.614507
b3 		 45 		 10.185876
b3 		 46 		 10.185876
b3 		 47 		 10.185876
b3 		 48 		 9.614507
b3 		 49 		 12.636629
b3 		 50 		 9.614507
b3 		 51 		 9.614507
b3 		 52 		 12.06526
b3 		 53 		 11.493892
b3 		 54 		 11.493892
b3 		 55 		 11.493892
b3 		 56 		 11.493892
b3 		 57 		 11.493892
b3 		 58 		 11.493892
b3 		 59 		 11.493892
b3 		 60 		 9.614507
b3 		 61 		 15.176097
b3 		 62 		 13.296712
b3 		 63 		 13.296712
b3 		 64 		 13.296712
b3 		 65 		 13.296712
b3 		 66 		 2500.0
b3 		 67 		 9.614507
b3 		 68 		 17.055481
b3 		 69 		 9.614507
b3 		 70 		 9.614507
b3 		 71 		 11.493892
b3 		 72 		 11.493892
b3 		 73 		 12.06526
b3 		 74 		 9.614507
b3 		 75 		 9.614507
b3 		 76 		 15.252661
b3 		 77 		 9.614507
b3 		 78 		 10.185876
b3 		 79 		 10.185876
b3 		 80 		 10.185876
b3 		 81 		 10.185876
b3 		 82 		 10.185876
b3 		 83 		 10.185876
b3 		 84 		 10.185876
b3 		 85 		 10.185876
b3 		 86 		 10.185876
b3 		 87 		 10.185876
b3 		 88 		 9.614507
b3 		 89 		 9.614507
b3 		 90 		 9.614507
b3 		 91 		 9.614507
b3 		 92 		 9.614507
b3 		 93 		 9.614507
b3 		 94 		 9.614507
b3 		 95 		 9.614507
b3 		 96 		 9.614507
----------------------------------------------------------------------------------------------------
b4 		 1 		 9.614507
b4 		 2 		 9.408671
b4 		 3 		 9.614507
b4 		 4 		 9.614507
b4 		 5 		 9.408671
b4 		 6 		 9.614507
b4 		 7 		 9.408671
b4 		 8 		 9.408671
b4 		 9 		 9.408671
b4 		 10 		 9.408671
b4 		 11 		 9.408671
b4 		 12 		 9.408671
b4 		 13 		 9.408671
b4 		 14 		 9.408671
b4 		 15 		 9.408671
b4 		 16 		 9.408671
b4 		 17 		 9.408671
b4 		 18 		 9.408671
b4 		 19 		 9.408671
b4 		 20 		 9.408671
b4 		 21 		 9.408671
b4 		 22 		 9.408671
b4 		 23 		 9.408671
b4 		 24 		 9.408671
b4 		 25 		 9.614507
b4 		 26 		 9.614507
b4 		 27 		 9.614507
b4 		 28 		 9.614507
b4 		 29 		 9.614507
b4 		 30 		 9.614507
b4 		 31 		 9.614507
b4 		 32 		 9.614507
b4 		 33 		 9.614507
b4 		 34 		 9.614507
b4 		 35 		 9.614507
b4 		 36 		 9.614507
b4 		 37 		 9.614507
b4 		 38 		 9.614507
b4 		 39 		 9.614507
b4 		 40 		 9.614507
b4 		 41 		 9.614507
b4 		 42 		 10.185876
b4 		 43 		 9.614507
b4 		 44 		 9.614507
b4 		 45 		 10.185876
b4 		 46 		 10.185876
b4 		 47 		 10.185876
b4 		 48 		 9.614507
b4 		 49 		 12.636629
b4 		 50 		 9.614507
b4 		 51 		 9.614507
b4 		 52 		 12.06526
b4 		 53 		 11.493892
b4 		 54 		 11.493892
b4 		 55 		 11.493892
b4 		 56 		 11.493892
b4 		 57 		 11.493892
b4 		 58 		 11.493892
b4 		 59 		 11.493892
b4 		 60 		 9.614507
b4 		 61 		 15.176097
b4 		 62 		 13.296712
b4 		 63 		 13.296712
b4 		 64 		 13.296712
b4 		 65 		 13.296712
b4 		 66 		 2500.0
b4 		 67 		 9.614507
b4 		 68 		 17.055481
b4 		 69 		 9.614507
b4 		 70 		 9.614507
b4 		 71 		 11.493892
b4 		 72 		 11.493892
b4 		 73 		 12.06526
b4 		 74 		 9.614507
b4 		 75 		 9.614507
b4 		 76 		 15.252661
b4 		 77 		 9.614507
b4 		 78 		 10.185876
b4 		 79 		 10.185876
b4 		 80 		 10.185876
b4 		 81 		 10.185876
b4 		 82 		 10.185876
b4 		 83 		 10.185876
b4 		 84 		 10.185876
b4 		 85 		 10.185876
b4 		 86 		 10.185876
b4 		 87 		 10.185876
b4 		 88 		 9.614507
b4 		 89 		 9.614507
b4 		 90 		 9.614507
b4 		 91 		 9.614507
b4 		 92 		 9.614507
b4 		 93 		 9.614507
b4 		 94 		 9.614507
b4 		 95 		 9.614507
b4 		 96 		 9.614507
----------------------------------------------------------------------------------------------------
b5 		 1 		 9.614507
b5 		 2 		 9.408671
b5 		 3 		 9.614507
b5 		 4 		 9.614507
b5 		 5 		 9.408671
b5 		 6 		 9.614507
b5 		 7 		 9.408671
b5 		 8 		 9.408671
b5 		 9 		 9.408671
b5 		 10 		 9.408671
b5 		 11 		 9.408671
b5 		 12 		 9.408671
b5 		 13 		 9.408671
b5 		 14 		 9.408671
b5 		 15 		 9.408671
b5 		 16 		 9.408671
b5 		 17 		 9.408671
b5 		 18 		 9.408671
b5 		 19 		 9.408671
b5 		 20 		 9.408671
b5 		 21 		 9.408671
b5 		 22 		 9.408671
b5 		 23 		 9.408671
b5 		 24 		 9.408671
b5 		 25 		 9.614507
b5 		 26 		 9.614507
b5 		 27 		 9.614507
b5 		 28 		 9.614507
b5 		 29 		 9.614507
b5 		 30 		 9.614507
b5 		 31 		 9.614507
b5 		 32 		 9.614507
b5 		 33 		 9.614507
b5 		 34 		 9.614507
b5 		 35 		 9.614507
b5 		 36 		 9.614507
b5 		 37 		 9.614507
b5 		 38 		 9.614507
b5 		 39 		 9.614507
b5 		 40 		 9.614507
b5 		 41 		 9.614507
b5 		 42 		 10.185876
b5 		 43 		 9.614507
b5 		 44 		 9.614507
b5 		 45 		 10.185876
b5 		 46 		 10.185876
b5 		 47 		 10.185876
b5 		 48 		 9.614507
b5 		 49 		 12.636629
b5 		 50 		 9.614507
b5 		 51 		 9.614507
b5 		 52 		 12.06526
b5 		 53 		 11.493892
b5 		 54 		 11.493892
b5 		 55 		 11.493892
b5 		 56 		 11.493892
b5 		 57 		 11.493892
b5 		 58 		 11.493892
b5 		 59 		 11.493892
b5 		 60 		 9.614507
b5 		 61 		 15.176097
b5 		 62 		 13.296712
b5 		 63 		 13.296712
b5 		 64 		 13.296712
b5 		 65 		 13.296712
b5 		 66 		 2500.0
b5 		 67 		 9.614507
b5 		 68 		 17.055481
b5 		 69 		 9.614507
b5 		 70 		 9.614507
b5 		 71 		 11.493892
b5 		 72 		 11.493892
b5 		 73 		 12.06526
b5 		 74 		 9.614507
b5 		 75 		 9.614507
b5 		 76 		 15.252661
b5 		 77 		 9.614507
b5 		 78 		 10.185876
b5 		 79 		 10.185876
b5 		 80 		 10.185876
b5 		 81 		 10.185876
b5 		 82 		 10.185876
b5 		 83 		 10.185876
b5 		 84 		 10.185876
b5 		 85 		 10.185876
b5 		 86 		 10.185876
b5 		 87 		 10.185876
b5 		 88 		 9.614507
b5 		 89 		 9.614507
b5 		 90 		 9.614507
b5 		 91 		 9.614507
b5 		 92 		 9.614507
b5 		 93 		 9.614507
b5 		 94 		 9.614507
b5 		 95 		 9.614507
b5 		 96 		 9.614507
----------------------------------------------------------------------------------------------------
b6 		 1 		 9.614507
b6 		 2 		 9.408671
b6 		 3 		 9.614507
b6 		 4 		 9.614507
b6 		 5 		 9.408671
b6 		 6 		 9.614507
b6 		 7 		 9.408671
b6 		 8 		 9.408671
b6 		 9 		 9.408671
b6 		 10 		 9.408671
b6 		 11 		 9.408671
b6 		 12 		 9.408671
b6 		 13 		 9.408671
b6 		 14 		 9.408671
b6 		 15 		 9.408671
b6 		 16 		 9.408671
b6 		 17 		 9.408671
b6 		 18 		 9.408671
b6 		 19 		 9.408671
b6 		 20 		 9.408671
b6 		 21 		 9.408671
b6 		 22 		 9.408671
b6 		 23 		 9.408671
b6 		 24 		 9.408671
b6 		 25 		 9.614507
b6 		 26 		 9.614507
b6 		 27 		 9.614507
b6 		 28 		 9.614507
b6 		 29 		 9.614507
b6 		 30 		 9.614507
b6 		 31 		 9.614507
b6 		 32 		 9.614507
b6 		 33 		 9.614507
b6 		 34 		 9.614507
b6 		 35 		 9.614507
b6 		 36 		 9.614507
b6 		 37 		 9.614507
b6 		 38 		 9.614507
b6 		 39 		 9.614507
b6 		 40 		 9.614507
b6 		 41 		 9.614507
b6 		 42 		 10.185876
b6 		 43 		 9.614507
b6 		 44 		 9.614507
b6 		 45 		 10.185876
b6 		 46 		 10.185876
b6 		 47 		 10.185876
b6 		 48 		 9.614507
b6 		 49 		 12.636629
b6 		 50 		 9.614507
b6 		 51 		 9.614507
b6 		 52 		 12.06526
b6 		 53 		 11.493892
b6 		 54 		 11.493892
b6 		 55 		 11.493892
b6 		 56 		 11.493892
b6 		 57 		 11.493892
b6 		 58 		 11.493892
b6 		 59 		 11.493892
b6 		 60 		 9.614507
b6 		 61 		 15.176097
b6 		 62 		 13.296712
b6 		 63 		 13.296712
b6 		 64 		 13.296712
b6 		 65 		 13.296712
b6 		 66 		 2500.0
b6 		 67 		 9.614507
b6 		 68 		 17.055481
b6 		 69 		 9.614507
b6 		 70 		 9.614507
b6 		 71 		 11.493892
b6 		 72 		 11.493892
b6 		 73 		 12.06526
b6 		 74 		 9.614507
b6 		 75 		 9.614507
b6 		 76 		 15.252661
b6 		 77 		 9.614507
b6 		 78 		 10.185876
b6 		 79 		 10.185876
b6 		 80 		 10.185876
b6 		 81 		 10.185876
b6 		 82 		 10.185876
b6 		 83 		 10.185876
b6 		 84 		 10.185876
b6 		 85 		 10.185876
b6 		 86 		 10.185876
b6 		 87 		 10.185876
b6 		 88 		 9.614507
b6 		 89 		 9.614507
b6 		 90 		 9.614507
b6 		 91 		 9.614507
b6 		 92 		 9.614507
b6 		 93 		 9.614507
b6 		 94 		 9.614507
b6 		 95 		 9.614507
b6 		 96 		 9.614507
----------------------------------------------------------------------------------------------------
b7 		 1 		 9.614507
b7 		 2 		 9.408671
b7 		 3 		 9.614507
b7 		 4 		 9.614507
b7 		 5 		 9.408671
b7 		 6 		 9.614507
b7 		 7 		 9.408671
b7 		 8 		 9.408671
b7 		 9 		 9.408671
b7 		 10 		 9.408671
b7 		 11 		 9.408671
b7 		 12 		 9.408671
b7 		 13 		 9.408671
b7 		 14 		 9.408671
b7 		 15 		 9.408671
b7 		 16 		 9.408671
b7 		 17 		 9.408671
b7 		 18 		 9.408671
b7 		 19 		 9.408671
b7 		 20 		 9.408671
b7 		 21 		 9.408671
b7 		 22 		 9.408671
b7 		 23 		 9.408671
b7 		 24 		 9.408671
b7 		 25 		 9.614507
b7 		 26 		 9.614507
b7 		 27 		 9.614507
b7 		 28 		 9.614507
b7 		 29 		 9.614507
b7 		 30 		 9.614507
b7 		 31 		 9.614507
b7 		 32 		 9.614507
b7 		 33 		 9.614507
b7 		 34 		 9.614507
b7 		 35 		 9.614507
b7 		 36 		 9.614507
b7 		 37 		 9.614507
b7 		 38 		 9.614507
b7 		 39 		 9.614507
b7 		 40 		 9.614507
b7 		 41 		 9.614507
b7 		 42 		 10.185876
b7 		 43 		 9.614507
b7 		 44 		 9.614507
b7 		 45 		 10.185876
b7 		 46 		 10.185876
b7 		 47 		 10.185876
b7 		 48 		 9.614507
b7 		 49 		 12.636629
b7 		 50 		 9.614507
b7 		 51 		 9.614507
b7 		 52 		 12.06526
b7 		 53 		 11.493892
b7 		 54 		 11.493892
b7 		 55 		 11.493892
b7 		 56 		 11.493892
b7 		 57 		 11.493892
b7 		 58 		 11.493892
b7 		 59 		 11.493892
b7 		 60 		 9.614507
b7 		 61 		 15.176097
b7 		 62 		 13.296712
b7 		 63 		 13.296712
b7 		 64 		 13.296712
b7 		 65 		 13.296712
b7 		 66 		 2500.0
b7 		 67 		 9.614507
b7 		 68 		 17.055481
b7 		 69 		 9.614507
b7 		 70 		 9.614507
b7 		 71 		 11.493892
b7 		 72 		 11.493892
b7 		 73 		 12.06526
b7 		 74 		 9.614507
b7 		 75 		 9.614507
b7 		 76 		 15.252661
b7 		 77 		 9.614507
b7 		 78 		 10.185876
b7 		 79 		 10.185876
b7 		 80 		 10.185876
b7 		 81 		 10.185876
b7 		 82 		 10.185876
b7 		 83 		 10.185876
b7 		 84 		 10.185876
b7 		 85 		 10.185876
b7 		 86 		 10.185876
b7 		 87 		 10.185876
b7 		 88 		 9.614507
b7 		 89 		 9.614507
b7 		 90 		 9.614507
b7 		 91 		 9.614507
b7 		 92 		 9.614507
b7 		 93 		 9.614507
b7 		 94 		 9.614507
b7 		 95 		 9.614507
b7 		 96 		 9.614507
----------------------------------------------------------------------------------------------------
b8 		 1 		 9.614507
b8 		 2 		 9.408671
b8 		 3 		 9.614507
b8 		 4 		 9.614507
b8 		 5 		 9.408671
b8 		 6 		 9.614507
b8 		 7 		 9.408671
b8 		 8 		 9.408671
b8 		 9 		 9.408671
b8 		 10 		 9.408671
b8 		 11 		 9.408671
b8 		 12 		 9.408671
b8 		 13 		 9.408671
b8 		 14 		 9.408671
b8 		 15 		 9.408671
b8 		 16 		 9.408671
b8 		 17 		 9.408671
b8 		 18 		 9.408671
b8 		 19 		 9.408671
b8 		 20 		 9.408671
b8 		 21 		 9.408671
b8 		 22 		 9.408671
b8 		 23 		 9.408671
b8 		 24 		 9.408671
b8 		 25 		 9.614507
b8 		 26 		 9.614507
b8 		 27 		 9.614507
b8 		 28 		 9.614507
b8 		 29 		 9.614507
b8 		 30 		 9.614507
b8 		 31 		 9.614507
b8 		 32 		 9.614507
b8 		 33 		 9.614507
b8 		 34 		 9.614507
b8 		 35 		 9.614507
b8 		 36 		 9.614507
b8 		 37 		 9.614507
b8 		 38 		 9.614507
b8 		 39 		 9.614507
b8 		 40 		 9.614507
b8 		 41 		 9.614507
b8 		 42 		 10.185876
b8 		 43 		 9.614507
b8 		 44 		 9.614507
b8 		 45 		 10.185876
b8 		 46 		 10.185876
b8 		 47 		 10.185876
b8 		 48 		 9.614507
b8 		 49 		 12.636629
b8 		 50 		 9.614507
b8 		 51 		 9.614507
b8 		 52 		 12.06526
b8 		 53 		 11.493892
b8 		 54 		 11.493892
b8 		 55 		 11.493892
b8 		 56 		 11.493892
b8 		 57 		 11.493892
b8 		 58 		 11.493892
b8 		 59 		 11.493892
b8 		 60 		 9.614507
b8 		 61 		 15.176097
b8 		 62 		 13.296712
b8 		 63 		 13.296712
b8 		 64 		 13.296712
b8 		 65 		 13.296712
b8 		 66 		 2500.0
b8 		 67 		 9.614507
b8 		 68 		 17.055481
b8 		 69 		 9.614507
b8 		 70 		 9.614507
b8 		 71 		 11.493892
b8 		 72 		 11.493892
b8 		 73 		 12.06526
b8 		 74 		 9.614507
b8 		 75 		 9.614507
b8 		 76 		 15.252661
b8 		 77 		 9.614507
b8 		 78 		 10.185876
b8 		 79 		 10.185876
b8 		 80 		 10.185876
b8 		 81 		 10.185876
b8 		 82 		 10.185876
b8 		 83 		 10.185876
b8 		 84 		 10.185876
b8 		 85 		 10.185876
b8 		 86 		 10.185876
b8 		 87 		 10.185876
b8 		 88 		 9.614507
b8 		 89 		 9.614507
b8 		 90 		 9.614507
b8 		 91 		 9.614507
b8 		 92 		 9.614507
b8 		 93 		 9.614507
b8 		 94 		 9.614507
b8 		 95 		 9.614507
b8 		 96 		 9.614507
----------------------------------------------------------------------------------------------------
b9 		 1 		 9.614507
b9 		 2 		 9.408671
b9 		 3 		 9.614507
b9 		 4 		 9.614507
b9 		 5 		 9.408671
b9 		 6 		 9.614507
b9 		 7 		 9.408671
b9 		 8 		 9.408671
b9 		 9 		 9.408671
b9 		 10 		 9.408671
b9 		 11 		 9.408671
b9 		 12 		 9.408671
b9 		 13 		 9.408671
b9 		 14 		 9.408671
b9 		 15 		 9.408671
b9 		 16 		 9.408671
b9 		 17 		 9.408671
b9 		 18 		 9.408671
b9 		 19 		 9.408671
b9 		 20 		 9.408671
b9 		 21 		 9.408671
b9 		 22 		 9.408671
b9 		 23 		 9.408671
b9 		 24 		 9.408671
b9 		 25 		 9.614507
b9 		 26 		 9.614507
b9 		 27 		 9.614507
b9 		 28 		 9.614507
b9 		 29 		 9.614507
b9 		 30 		 9.614507
b9 		 31 		 9.614507
b9 		 32 		 9.614507
b9 		 33 		 9.614507
b9 		 34 		 9.614507
b9 		 35 		 9.614507
b9 		 36 		 9.614507
b9 		 37 		 9.614507
b9 		 38 		 9.614507
b9 		 39 		 9.614507
b9 		 40 		 9.614507
b9 		 41 		 9.614507
b9 		 42 		 10.185876
b9 		 43 		 9.614507
b9 		 44 		 9.614507
b9 		 45 		 10.185876
b9 		 46 		 10.185876
b9 		 47 		 10.185876
b9 		 48 		 9.614507
b9 		 49 		 12.636629
b9 		 50 		 9.614507
b9 		 51 		 9.614507
b9 		 52 		 12.06526
b9 		 53 		 11.493892
b9 		 54 		 11.493892
b9 		 55 		 11.493892
b9 		 56 		 11.493892
b9 		 57 		 11.493892
b9 		 58 		 11.493892
b9 		 59 		 11.493892
b9 		 60 		 9.614507
b9 		 61 		 15.176097
b9 		 62 		 13.296712
b9 		 63 		 13.296712
b9 		 64 		 13.296712
b9 		 65 		 13.296712
b9 		 66 		 2500.0
b9 		 67 		 9.614507
b9 		 68 		 17.055481
b9 		 69 		 9.614507
b9 		 70 		 9.614507
b9 		 71 		 11.493892
b9 		 72 		 11.493892
b9 		 73 		 12.06526
b9 		 74 		 9.614507
b9 		 75 		 9.614507
b9 		 76 		 15.252661
b9 		 77 		 9.614507
b9 		 78 		 10.185876
b9 		 79 		 10.185876
b9 		 80 		 10.185876
b9 		 81 		 10.185876
b9 		 82 		 10.185876
b9 		 83 		 10.185876
b9 		 84 		 10.185876
b9 		 85 		 10.185876
b9 		 86 		 10.185876
b9 		 87 		 10.185876
b9 		 88 		 9.614507
b9 		 89 		 9.614507
b9 		 90 		 9.614507
b9 		 91 		 9.614507
b9 		 92 		 9.614507
b9 		 93 		 9.614507
b9 		 94 		 9.614507
b9 		 95 		 9.614507
b9 		 96 		 9.614507
----------------------------------------------------------------------------------------------------
b10 		 1 		 9.614507
b10 		 2 		 9.408671
b10 		 3 		 9.614507
b10 		 4 		 9.614507
b10 		 5 		 9.408671
b10 		 6 		 9.614507
b10 		 7 		 9.408671
b10 		 8 		 9.408671
b10 		 9 		 9.408671
b10 		 10 		 9.408671
b10 		 11 		 9.408671
b10 		 12 		 9.408671
b10 		 13 		 9.408671
b10 		 14 		 9.408671
b10 		 15 		 9.408671
b10 		 16 		 9.408671
b10 		 17 		 9.408671
b10 		 18 		 9.408671
b10 		 19 		 9.408671
b10 		 20 		 9.408671
b10 		 21 		 9.408671
b10 		 22 		 9.408671
b10 		 23 		 9.408671
b10 		 24 		 9.408671
b10 		 25 		 9.614507
b10 		 26 		 9.614507
b10 		 27 		 9.614507
b10 		 28 		 9.614507
b10 		 29 		 9.614507
b10 		 30 		 9.614507
b10 		 31 		 9.614507
b10 		 32 		 9.614507
b10 		 33 		 9.614507
b10 		 34 		 9.614507
b10 		 35 		 9.614507
b10 		 36 		 9.614507
b10 		 37 		 9.614507
b10 		 38 		 9.614507
b10 		 39 		 9.614507
b10 		 40 		 9.614507
b10 		 41 		 9.614507
b10 		 42 		 10.185876
b10 		 43 		 9.614507
b10 		 44 		 9.614507
b10 		 45 		 10.185876
b10 		 46 		 10.185876
b10 		 47 		 10.185876
b10 		 48 		 9.614507
b10 		 49 		 12.636629
b10 		 50 		 9.614507
b10 		 51 		 9.614507
b10 		 52 		 12.06526
b10 		 53 		 11.493892
b10 		 54 		 11.493892
b10 		 55 		 11.493892
b10 		 56 		 11.493892
b10 		 57 		 11.493892
b10 		 58 		 11.493892
b10 		 59 		 11.493892
b10 		 60 		 9.614507
b10 		 61 		 15.176097
b10 		 62 		 13.296712
b10 		 63 		 13.296712
b10 		 64 		 13.296712
b10 		 65 		 13.296712
b10 		 66 		 2500.0
b10 		 67 		 9.614507
b10 		 68 		 17.055481
b10 		 69 		 9.614507
b10 		 70 		 9.614507
b10 		 71 		 11.493892
b10 		 72 		 11.493892
b10 		 73 		 12.06526
b10 		 74 		 9.614507
b10 		 75 		 9.614507
b10 		 76 		 15.252661
b10 		 77 		 9.614507
b10 		 78 		 10.185876
b10 		 79 		 10.185876
b10 		 80 		 10.185876
b10 		 81 		 10.185876
b10 		 82 		 10.185876
b10 		 83 		 10.185876
b10 		 84 		 10.185876
b10 		 85 		 10.185876
b10 		 86 		 10.185876
b10 		 87 		 10.185876
b10 		 88 		 9.614507
b10 		 89 		 9.614507
b10 		 90 		 9.614507
b10 		 91 		 9.614507
b10 		 92 		 9.614507
b10 		 93 		 9.614507
b10 		 94 		 9.614507
b10 		 95 		 9.614507
b10 		 96 		 9.614507
----------------------------------------------------------------------------------------------------
b11 		 1 		 9.614507
b11 		 2 		 9.408671
b11 		 3 		 9.614507
b11 		 4 		 9.614507
b11 		 5 		 9.408671
b11 		 6 		 9.614507
b11 		 7 		 9.408671
b11 		 8 		 9.408671
b11 		 9 		 9.408671
b11 		 10 		 9.408671
b11 		 11 		 9.408671
b11 		 12 		 9.408671
b11 		 13 		 9.408671
b11 		 14 		 9.408671
b11 		 15 		 9.408671
b11 		 16 		 9.408671
b11 		 17 		 9.408671
b11 		 18 		 9.408671
b11 		 19 		 9.408671
b11 		 20 		 9.408671
b11 		 21 		 9.408671
b11 		 22 		 9.408671
b11 		 23 		 9.408671
b11 		 24 		 9.408671
b11 		 25 		 9.614507
b11 		 26 		 9.614507
b11 		 27 		 9.614507
b11 		 28 		 9.614507
b11 		 29 		 9.614507
b11 		 30 		 9.614507
b11 		 31 		 9.614507
b11 		 32 		 9.614507
b11 		 33 		 9.614507
b11 		 34 		 9.614507
b11 		 35 		 9.614507
b11 		 36 		 9.614507
b11 		 37 		 9.614507
b11 		 38 		 9.614507
b11 		 39 		 9.614507
b11 		 40 		 9.614507
b11 		 41 		 9.614507
b11 		 42 		 10.185876
b11 		 43 		 9.614507
b11 		 44 		 9.614507
b11 		 45 		 10.185876
b11 		 46 		 10.185876
b11 		 47 		 10.185876
b11 		 48 		 9.614507
b11 		 49 		 12.636629
b11 		 50 		 9.614507
b11 		 51 		 9.614507
b11 		 52 		 12.06526
b11 		 53 		 11.493892
b11 		 54 		 11.493892
b11 		 55 		 11.493892
b11 		 56 		 11.493892
b11 		 57 		 11.493892
b11 		 58 		 11.493892
b11 		 59 		 11.493892
b11 		 60 		 9.614507
b11 		 61 		 15.176097
b11 		 62 		 13.296712
b11 		 63 		 13.296712
b11 		 64 		 13.296712
b11 		 65 		 13.296712
b11 		 66 		 2500.0
b11 		 67 		 9.614507
b11 		 68 		 17.055481
b11 		 69 		 9.614507
b11 		 70 		 9.614507
b11 		 71 		 11.493892
b11 		 72 		 11.493892
b11 		 73 		 12.06526
b11 		 74 		 9.614507
b11 		 75 		 9.614507
b11 		 76 		 15.252661
b11 		 77 		 9.614507
b11 		 78 		 10.185876
b11 		 79 		 10.185876
b11 		 80 		 10.185876
b11 		 81 		 10.185876
b11 		 82 		 10.185876
b11 		 83 		 10.185876
b11 		 84 		 10.185876
b11 		 85 		 10.185876
b11 		 86 		 10.185876
b11 		 87 		 10.185876
b11 		 88 		 9.614507
b11 		 89 		 9.614507
b11 		 90 		 9.614507
b11 		 91 		 9.614507
b11 		 92 		 9.614507
b11 		 93 		 9.614507
b11 		 94 		 9.614507
b11 		 95 		 9.614507
b11 		 96 		 9.614507
----------------------------------------------------------------------------------------------------
b12 		 1 		 9.614507
b12 		 2 		 9.408671
b12 		 3 		 9.614507
b12 		 4 		 9.614507
b12 		 5 		 9.408671
b12 		 6 		 9.614507
b12 		 7 		 9.408671
b12 		 8 		 9.408671
b12 		 9 		 9.408671
b12 		 10 		 9.408671
b12 		 11 		 9.408671
b12 		 12 		 9.408671
b12 		 13 		 9.408671
b12 		 14 		 9.408671
b12 		 15 		 9.408671
b12 		 16 		 9.408671
b12 		 17 		 9.408671
b12 		 18 		 9.408671
b12 		 19 		 9.408671
b12 		 20 		 9.408671
b12 		 21 		 9.408671
b12 		 22 		 9.408671
b12 		 23 		 9.408671
b12 		 24 		 9.408671
b12 		 25 		 9.614507
b12 		 26 		 9.614507
b12 		 27 		 9.614507
b12 		 28 		 9.614507
b12 		 29 		 9.614507
b12 		 30 		 9.614507
b12 		 31 		 9.614507
b12 		 32 		 9.614507
b12 		 33 		 9.614507
b12 		 34 		 9.614507
b12 		 35 		 9.614507
b12 		 36 		 9.614507
b12 		 37 		 9.614507
b12 		 38 		 9.614507
b12 		 39 		 9.614507
b12 		 40 		 9.614507
b12 		 41 		 9.614507
b12 		 42 		 10.185876
b12 		 43 		 9.614507
b12 		 44 		 9.614507
b12 		 45 		 10.185876
b12 		 46 		 10.185876
b12 		 47 		 10.185876
b12 		 48 		 9.614507
b12 		 49 		 12.636629
b12 		 50 		 9.614507
b12 		 51 		 9.614507
b12 		 52 		 12.06526
b12 		 53 		 11.493892
b12 		 54 		 11.493892
b12 		 55 		 11.493892
b12 		 56 		 11.493892
b12 		 57 		 11.493892
b12 		 58 		 11.493892
b12 		 59 		 11.493892
b12 		 60 		 9.614507
b12 		 61 		 15.176097
b12 		 62 		 13.296712
b12 		 63 		 13.296712
b12 		 64 		 13.296712
b12 		 65 		 13.296712
b12 		 66 		 2500.0
b12 		 67 		 9.614507
b12 		 68 		 17.055481
b12 		 69 		 9.614507
b12 		 70 		 9.614507
b12 		 71 		 11.493892
b12 		 72 		 11.493892
b12 		 73 		 12.06526
b12 		 74 		 9.614507
b12 		 75 		 9.614507
b12 		 76 		 15.252661
b12 		 77 		 9.614507
b12 		 78 		 10.185876
b12 		 79 		 10.185876
b12 		 80 		 10.185876
b12 		 81 		 10.185876
b12 		 82 		 10.185876
b12 		 83 		 10.185876
b12 		 84 		 10.185876
b12 		 85 		 10.185876
b12 		 86 		 10.185876
b12 		 87 		 10.185876
b12 		 88 		 9.614507
b12 		 89 		 9.614507
b12 		 90 		 9.614507
b12 		 91 		 9.614507
b12 		 92 		 9.614507
b12 		 93 		 9.614507
b12 		 94 		 9.614507
b12 		 95 		 9.614507
b12 		 96 		 9.614507
----------------------------------------------------------------------------------------------------
b13 		 1 		 9.614507
b13 		 2 		 9.408671
b13 		 3 		 9.614507
b13 		 4 		 9.614507
b13 		 5 		 9.408671
b13 		 6 		 9.614507
b13 		 7 		 9.408671
b13 		 8 		 9.408671
b13 		 9 		 9.408671
b13 		 10 		 9.408671
b13 		 11 		 9.408671
b13 		 12 		 9.408671
b13 		 13 		 9.408671
b13 		 14 		 9.408671
b13 		 15 		 9.408671
b13 		 16 		 9.408671
b13 		 17 		 9.408671
b13 		 18 		 9.408671
b13 		 19 		 9.408671
b13 		 20 		 9.408671
b13 		 21 		 9.408671
b13 		 22 		 9.408671
b13 		 23 		 9.408671
b13 		 24 		 9.408671
b13 		 25 		 9.614507
b13 		 26 		 9.614507
b13 		 27 		 9.614507
b13 		 28 		 9.614507
b13 		 29 		 9.614507
b13 		 30 		 9.614507
b13 		 31 		 9.614507
b13 		 32 		 9.614507
b13 		 33 		 9.614507
b13 		 34 		 9.614507
b13 		 35 		 9.614507
b13 		 36 		 9.614507
b13 		 37 		 9.614507
b13 		 38 		 9.614507
b13 		 39 		 9.614507
b13 		 40 		 9.614507
b13 		 41 		 9.614507
b13 		 42 		 10.185876
b13 		 43 		 9.614507
b13 		 44 		 9.614507
b13 		 45 		 10.185876
b13 		 46 		 10.185876
b13 		 47 		 10.185876
b13 		 48 		 9.614507
b13 		 49 		 12.636629
b13 		 50 		 9.614507
b13 		 51 		 9.614507
b13 		 52 		 12.06526
b13 		 53 		 11.493892
b13 		 54 		 11.493892
b13 		 55 		 11.493892
b13 		 56 		 11.493892
b13 		 57 		 11.493892
b13 		 58 		 11.493892
b13 		 59 		 11.493892
b13 		 60 		 9.614507
b13 		 61 		 15.176097
b13 		 62 		 13.296712
b13 		 63 		 13.296712
b13 		 64 		 13.296712
b13 		 65 		 13.296712
b13 		 66 		 2500.0
b13 		 67 		 9.614507
b13 		 68 		 17.055481
b13 		 69 		 9.614507
b13 		 70 		 9.614507
b13 		 71 		 11.493892
b13 		 72 		 11.493892
b13 		 73 		 12.06526
b13 		 74 		 9.614507
b13 		 75 		 9.614507
b13 		 76 		 15.252661
b13 		 77 		 9.614507
b13 		 78 		 10.185876
b13 		 79 		 10.185876
b13 		 80 		 10.185876
b13 		 81 		 10.185876
b13 		 82 		 10.185876
b13 		 83 		 10.185876
b13 		 84 		 10.185876
b13 		 85 		 10.185876
b13 		 86 		 10.185876
b13 		 87 		 10.185876
b13 		 88 		 9.614507
b13 		 89 		 9.614507
b13 		 90 		 9.614507
b13 		 91 		 9.614507
b13 		 92 		 9.614507
b13 		 93 		 9.614507
b13 		 94 		 9.614507
b13 		 95 		 9.614507
b13 		 96 		 9.614507
----------------------------------------------------------------------------------------------------
b14 		 1 		 9.614507
b14 		 2 		 9.408671
b14 		 3 		 9.614507
b14 		 4 		 9.614507
b14 		 5 		 9.408671
b14 		 6 		 9.614507
b14 		 7 		 9.408671
b14 		 8 		 9.408671
b14 		 9 		 9.408671
b14 		 10 		 9.408671
b14 		 11 		 9.408671
b14 		 12 		 9.408671
b14 		 13 		 9.408671
b14 		 14 		 9.408671
b14 		 15 		 9.408671
b14 		 16 		 9.408671
b14 		 17 		 9.408671
b14 		 18 		 9.408671
b14 		 19 		 9.408671
b14 		 20 		 9.408671
b14 		 21 		 9.408671
b14 		 22 		 9.408671
b14 		 23 		 9.408671
b14 		 24 		 9.408671
b14 		 25 		 9.614507
b14 		 26 		 9.614507
b14 		 27 		 9.614507
b14 		 28 		 9.614507
b14 		 29 		 9.614507
b14 		 30 		 9.614507
b14 		 31 		 9.614507
b14 		 32 		 9.614507
b14 		 33 		 9.614507
b14 		 34 		 9.614507
b14 		 35 		 9.614507
b14 		 36 		 9.614507
b14 		 37 		 9.614507
b14 		 38 		 9.614507
b14 		 39 		 9.614507
b14 		 40 		 9.614507
b14 		 41 		 9.614507
b14 		 42 		 10.185876
b14 		 43 		 9.614507
b14 		 44 		 9.614507
b14 		 45 		 10.185876
b14 		 46 		 10.185876
b14 		 47 		 10.185876
b14 		 48 		 9.614507
b14 		 49 		 12.636629
b14 		 50 		 9.614507
b14 		 51 		 9.614507
b14 		 52 		 12.06526
b14 		 53 		 11.493892
b14 		 54 		 11.493892
b14 		 55 		 11.493892
b14 		 56 		 11.493892
b14 		 57 		 11.493892
b14 		 58 		 11.493892
b14 		 59 		 11.493892
b14 		 60 		 9.614507
b14 		 61 		 15.176097
b14 		 62 		 13.296712
b14 		 63 		 13.296712
b14 		 64 		 13.296712
b14 		 65 		 13.296712
b14 		 66 		 2500.0
b14 		 67 		 9.614507
b14 		 68 		 17.055481
b14 		 69 		 9.614507
b14 		 70 		 9.614507
b14 		 71 		 11.493892
b14 		 72 		 11.493892
b14 		 73 		 12.06526
b14 		 74 		 9.614507
b14 		 75 		 9.614507
b14 		 76 		 15.252661
b14 		 77 		 9.614507
b14 		 78 		 10.185876
b14 		 79 		 10.185876
b14 		 80 		 10.185876
b14 		 81 		 10.185876
b14 		 82 		 10.185876
b14 		 83 		 10.185876
b14 		 84 		 10.185876
b14 		 85 		 10.185876
b14 		 86 		 10.185876
b14 		 87 		 10.185876
b14 		 88 		 9.614507
b14 		 89 		 9.614507
b14 		 90 		 9.614507
b14 		 91 		 9.614507
b14 		 92 		 9.614507
b14 		 93 		 9.614507
b14 		 94 		 9.614507
b14 		 95 		 9.614507
b14 		 96 		 9.614507
----------------------------------------------------------------------------------------------------
Total overall payments
----------------------------------------------------------------------------------------------------------------------------------------------------
total generation payment 	 total up-FRP payment 	 total dw-FRP payment 	 total pre-up t. payment 	 uplift payment 	 total post-up t. payment 	 profit
----------------------------------------------------------------------------------------------------------------------------------------------------
479335.383266 			 0.0 			 0.0 			 479335.383266			 0.0 			 479335.383266 			 155370.74670000002
