****************************************************************************************************
 
Generation payment
----------------------------------------------------------------------------------------------------------------
unit	 time 	 generation payment 	 up-FRP payment 	 dw-FRP payment 	pre-up total payment
----------------------------------------------------------------------------------------------------------------
g1	 1 	 159.027195 			 0.0 			 0.0			 159.027195 
g1	 2 	 133.927294 			 0.0 			 0.0			 133.927294 
g1	 3 	 169.319679 			 0.0 			 0.0			 169.319679 
g1	 4 	 143.148539 			 0.0 			 0.0			 143.148539 
g1	 5 	 -4.57523 			 0.0 			 0.0			 -4.57523 
g1	 6 	 306.527539 			 0.0 			 0.0			 306.527539 
g1	 7 	 10.38912 			 0.0 			 0.0			 10.38912 
g1	 8 	 271.90489 			 0.0 			 0.0			 271.90489 
g1	 9 	 139.645217 			 0.0 			 0.0			 139.645217 
g1	 10 	 146.228737 			 0.0 			 0.0			 146.228737 
g1	 11 	 135.13725 			 0.0 			 0.0			 135.13725 
g1	 12 	 172.877988 			 0.0 			 0.0			 172.877988 
g1	 13 	 225.294974 			 0.0 			 0.0			 225.294974 
g1	 14 	 128.597254 			 0.0 			 0.0			 128.597254 
g1	 15 	 185.561121 			 0.0 			 0.0			 185.561121 
g1	 16 	 93.104746 			 0.0 			 0.0			 93.104746 
g1	 17 	 247.200797 			 0.0 			 0.0			 247.200797 
g1	 18 	 89.400627 			 0.0 			 0.0			 89.400627 
g1	 19 	 225.496367 			 0.0 			 0.0			 225.496367 
g1	 20 	 86.694364 			 0.0 			 0.0			 86.694364 
g1	 21 	 194.529391 			 0.0 			 0.0			 194.529391 
g1	 22 	 135.527568 			 0.0 			 0.0			 135.527568 
g1	 23 	 174.714881 			 0.0 			 0.0			 174.714881 
g1	 24 	 134.612763 			 0.0 			 0.0			 134.612763 
g1	 25 	 132.143476 			 0.0 			 0.0			 132.143476 
g1	 26 	 191.855428 			 0.0 			 0.0			 191.855428 
g1	 27 	 150.571356 			 0.0 			 0.0			 150.571356 
g1	 28 	 166.12356 			 0.0 			 0.0			 166.12356 
g1	 29 	 222.132147 			 0.0 			 0.0			 222.132147 
g1	 30 	 36.581666 			 0.0 			 0.0			 36.581666 
g1	 31 	 243.518329 			 0.0 			 0.0			 243.518329 
g1	 32 	 10.592526 			 0.0 			 0.0			 10.592526 
g1	 33 	 196.602179 			 0.0 			 0.0			 196.602179 
g1	 34 	 155.114274 			 0.0 			 0.0			 155.114274 
g1	 35 	 160.523597 			 0.0 			 0.0			 160.523597 
g1	 36 	 151.746052 			 0.0 			 0.0			 151.746052 
g1	 37 	 131.438704 			 0.0 			 0.0			 131.438704 
g1	 38 	 266.196759 			 0.0 			 0.0			 266.196759 
g1	 39 	 140.107644 			 0.0 			 0.0			 140.107644 
g1	 40 	 201.318797 			 0.0 			 0.0			 201.318797 
g1	 41 	 157.737332 			 0.0 			 0.0			 157.737332 
g1	 42 	 157.467876 			 0.0 			 0.0			 157.467876 
g1	 43 	 229.384764 			 0.0 			 0.0			 229.384764 
g1	 44 	 148.020287 			 0.0 			 0.0			 148.020287 
g1	 45 	 121.484142 			 0.0 			 0.0			 121.484142 
g1	 46 	 197.635364 			 0.0 			 0.0			 197.635364 
g1	 47 	 100.525093 			 0.0 			 0.0			 100.525093 
g1	 48 	 174.691477 			 0.0 			 0.0			 174.691477 
g1	 49 	 172.152509 			 0.0 			 0.0			 172.152509 
g1	 50 	 172.152509 			 0.0 			 0.0			 172.152509 
g1	 51 	 172.152509 			 0.0 			 0.0			 172.152509 
g1	 52 	 172.152509 			 0.0 			 0.0			 172.152509 
g1	 53 	 172.152509 			 0.0 			 0.0			 172.152509 
g1	 54 	 172.152509 			 0.0 			 0.0			 172.152509 
g1	 55 	 172.152509 			 0.0 			 0.0			 172.152509 
g1	 56 	 172.152509 			 0.0 			 0.0			 172.152509 
g1	 57 	 172.152509 			 0.0 			 0.0			 172.152509 
g1	 58 	 172.152509 			 0.0 			 0.0			 172.152509 
g1	 59 	 172.152509 			 0.0 			 0.0			 172.152509 
g1	 60 	 186.287169 			 0.0 			 0.0			 186.287169 
g1	 61 	 172.152509 			 0.0 			 0.0			 172.152509 
g1	 62 	 186.287169 			 0.0 			 0.0			 186.287169 
g1	 63 	 186.287169 			 0.0 			 0.0			 186.287169 
g1	 64 	 186.287169 			 0.0 			 0.0			 186.287169 
g1	 65 	 186.287169 			 0.0 			 0.0			 186.287169 
g1	 66 	 186.287169 			 0.0 			 0.0			 186.287169 
g1	 67 	 186.287169 			 0.0 			 0.0			 186.287169 
g1	 68 	 186.287169 			 0.0 			 0.0			 186.287169 
g1	 69 	 93.300349 			 0.0 			 0.0			 93.300349 
g1	 70 	 177.331344 			 0.0 			 0.0			 177.331344 
g1	 71 	 131.45028 			 0.0 			 0.0			 131.45028 
g1	 72 	 186.287169 			 0.0 			 0.0			 186.287169 
g1	 73 	 20.974566 			 0.0 			 0.0			 20.974566 
g1	 74 	 190.465512 			 0.0 			 0.0			 190.465512 
g1	 75 	 143.003918 			 0.0 			 0.0			 143.003918 
g1	 76 	 158.495706 			 0.0 			 0.0			 158.495706 
g1	 77 	 116.806347 			 0.0 			 0.0			 116.806347 
g1	 78 	 214.293208 			 0.0 			 0.0			 214.293208 
g1	 79 	 134.793013 			 0.0 			 0.0			 134.793013 
g1	 80 	 178.622147 			 0.0 			 0.0			 178.622147 
g1	 81 	 172.152509 			 0.0 			 0.0			 172.152509 
g1	 82 	 102.062597 			 0.0 			 0.0			 102.062597 
g1	 83 	 172.152509 			 0.0 			 0.0			 172.152509 
g1	 84 	 83.833944 			 0.0 			 0.0			 83.833944 
g1	 85 	 110.211084 			 0.0 			 0.0			 110.211084 
g1	 86 	 231.784141 			 0.0 			 0.0			 231.784141 
g1	 87 	 53.037649 			 0.0 			 0.0			 53.037649 
g1	 88 	 278.058878 			 0.0 			 0.0			 278.058878 
g1	 89 	 227.070004 			 0.0 			 0.0			 227.070004 
g1	 90 	 114.876216 			 0.0 			 0.0			 114.876216 
g1	 91 	 161.66981 			 0.0 			 0.0			 161.66981 
g1	 92 	 147.299526 			 0.0 			 0.0			 147.299526 
g1	 93 	 204.496612 			 0.0 			 0.0			 204.496612 
g1	 94 	 98.127149 			 0.0 			 0.0			 98.127149 
g1	 95 	 244.41966 			 0.0 			 0.0			 244.41966 
g1	 96 	 24.35421 			 0.0 			 0.0			 24.35421 
----------------------------------------------------------------------------------------------------
g2	 1 	 0.0 			 0.0 			 0.0			 0.0 
g2	 2 	 0.0 			 0.0 			 0.0			 0.0 
g2	 3 	 0.0 			 0.0 			 0.0			 0.0 
g2	 4 	 0.0 			 0.0 			 0.0			 0.0 
g2	 5 	 0.0 			 0.0 			 0.0			 0.0 
g2	 6 	 0.0 			 0.0 			 0.0			 0.0 
g2	 7 	 0.0 			 0.0 			 0.0			 0.0 
g2	 8 	 0.0 			 0.0 			 0.0			 0.0 
g2	 9 	 0.0 			 0.0 			 0.0			 0.0 
g2	 10 	 0.0 			 0.0 			 0.0			 0.0 
g2	 11 	 0.0 			 0.0 			 0.0			 0.0 
g2	 12 	 0.0 			 0.0 			 0.0			 0.0 
g2	 13 	 0.0 			 0.0 			 0.0			 0.0 
g2	 14 	 0.0 			 0.0 			 0.0			 0.0 
g2	 15 	 0.0 			 0.0 			 0.0			 0.0 
g2	 16 	 0.0 			 0.0 			 0.0			 0.0 
g2	 17 	 0.0 			 0.0 			 0.0			 0.0 
g2	 18 	 0.0 			 0.0 			 0.0			 0.0 
g2	 19 	 0.0 			 0.0 			 0.0			 0.0 
g2	 20 	 0.0 			 0.0 			 0.0			 0.0 
g2	 21 	 0.0 			 0.0 			 0.0			 0.0 
g2	 22 	 0.0 			 0.0 			 0.0			 0.0 
g2	 23 	 0.0 			 0.0 			 0.0			 0.0 
g2	 24 	 0.0 			 0.0 			 0.0			 0.0 
g2	 25 	 0.0 			 0.0 			 0.0			 0.0 
g2	 26 	 0.0 			 0.0 			 0.0			 0.0 
g2	 27 	 0.0 			 0.0 			 0.0			 0.0 
g2	 28 	 0.0 			 0.0 			 0.0			 0.0 
g2	 29 	 176.274256 			 0.0 			 0.0			 176.274256 
g2	 30 	 -37.642249 			 0.0 			 0.0			 -37.642249 
g2	 31 	 176.274256 			 0.0 			 0.0			 176.274256 
g2	 32 	 -37.642249 			 0.0 			 0.0			 -37.642249 
g2	 33 	 21.701904 			 0.0 			 0.0			 21.701904 
g2	 34 	 21.701904 			 0.0 			 0.0			 21.701904 
g2	 35 	 21.701904 			 0.0 			 0.0			 21.701904 
g2	 36 	 20.543096 			 0.0 			 0.0			 20.543096 
g2	 37 	 21.701904 			 0.0 			 0.0			 21.701904 
g2	 38 	 21.701904 			 0.0 			 0.0			 21.701904 
g2	 39 	 21.701904 			 0.0 			 0.0			 21.701904 
g2	 40 	 21.701904 			 0.0 			 0.0			 21.701904 
g2	 41 	 21.701904 			 0.0 			 0.0			 21.701904 
g2	 42 	 21.701904 			 0.0 			 0.0			 21.701904 
g2	 43 	 21.701904 			 0.0 			 0.0			 21.701904 
g2	 44 	 21.701904 			 0.0 			 0.0			 21.701904 
g2	 45 	 21.701904 			 0.0 			 0.0			 21.701904 
g2	 46 	 21.701904 			 0.0 			 0.0			 21.701904 
g2	 47 	 21.701904 			 0.0 			 0.0			 21.701904 
g2	 48 	 21.701904 			 0.0 			 0.0			 21.701904 
g2	 49 	 -3.216425 			 0.0 			 0.0			 -3.216425 
g2	 50 	 94.962138 			 0.0 			 0.0			 94.962138 
g2	 51 	 60.29679 			 0.0 			 0.0			 60.29679 
g2	 52 	 104.536056 			 0.0 			 0.0			 104.536056 
g2	 53 	 7.00609 			 0.0 			 0.0			 7.00609 
g2	 54 	 54.269512 			 0.0 			 0.0			 54.269512 
g2	 55 	 -39.761596 			 0.0 			 0.0			 -39.761596 
g2	 56 	 61.288436 			 0.0 			 0.0			 61.288436 
g2	 57 	 -55.813986 			 0.0 			 0.0			 -55.813986 
g2	 58 	 53.971667 			 0.0 			 0.0			 53.971667 
g2	 59 	 -7.137172 			 0.0 			 0.0			 -7.137172 
g2	 60 	 67.873369 			 0.0 			 0.0			 67.873369 
g2	 61 	 1.037034 			 0.0 			 0.0			 1.037034 
g2	 62 	 24.879336 			 0.0 			 0.0			 24.879336 
g2	 63 	 24.879336 			 0.0 			 0.0			 24.879336 
g2	 64 	 24.879336 			 0.0 			 0.0			 24.879336 
g2	 65 	 24.879336 			 0.0 			 0.0			 24.879336 
g2	 66 	 24.879336 			 0.0 			 0.0			 24.879336 
g2	 67 	 24.879336 			 0.0 			 0.0			 24.879336 
g2	 68 	 24.879336 			 0.0 			 0.0			 24.879336 
g2	 69 	 -19.642149 			 0.0 			 0.0			 -19.642149 
g2	 70 	 185.141305 			 0.0 			 0.0			 185.141305 
g2	 71 	 -45.087692 			 0.0 			 0.0			 -45.087692 
g2	 72 	 194.49156 			 0.0 			 0.0			 194.49156 
g2	 73 	 82.848111 			 0.0 			 0.0			 82.848111 
g2	 74 	 31.285063 			 0.0 			 0.0			 31.285063 
g2	 75 	 21.701904 			 0.0 			 0.0			 21.701904 
g2	 76 	 21.701904 			 0.0 			 0.0			 21.701904 
g2	 77 	 21.701904 			 0.0 			 0.0			 21.701904 
g2	 78 	 21.701904 			 0.0 			 0.0			 21.701904 
g2	 79 	 21.701904 			 0.0 			 0.0			 21.701904 
g2	 80 	 21.701904 			 0.0 			 0.0			 21.701904 
g2	 81 	 152.491038 			 0.0 			 0.0			 152.491038 
g2	 82 	 -13.611075 			 0.0 			 0.0			 -13.611075 
g2	 83 	 182.849981 			 0.0 			 0.0			 182.849981 
g2	 84 	 -13.611075 			 0.0 			 0.0			 -13.611075 
g2	 85 	 21.701904 			 0.0 			 0.0			 21.701904 
g2	 86 	 21.701904 			 0.0 			 0.0			 21.701904 
g2	 87 	 21.701904 			 0.0 			 0.0			 21.701904 
g2	 88 	 21.701904 			 0.0 			 0.0			 21.701904 
g2	 89 	 21.701904 			 0.0 			 0.0			 21.701904 
g2	 90 	 21.701904 			 0.0 			 0.0			 21.701904 
g2	 91 	 21.701904 			 0.0 			 0.0			 21.701904 
g2	 92 	 21.701904 			 0.0 			 0.0			 21.701904 
g2	 93 	 0.0 			 0.0 			 0.0			 0.0 
g2	 94 	 0.0 			 0.0 			 0.0			 0.0 
g2	 95 	 0.0 			 0.0 			 0.0			 0.0 
g2	 96 	 0.0 			 0.0 			 0.0			 0.0 
----------------------------------------------------------------------------------------------------
g3	 1 	 0.0 			 0.0 			 0.0			 0.0 
g3	 2 	 0.0 			 0.0 			 0.0			 0.0 
g3	 3 	 0.0 			 0.0 			 0.0			 0.0 
g3	 4 	 0.0 			 0.0 			 0.0			 0.0 
g3	 5 	 0.0 			 0.0 			 0.0			 0.0 
g3	 6 	 0.0 			 0.0 			 0.0			 0.0 
g3	 7 	 0.0 			 0.0 			 0.0			 0.0 
g3	 8 	 0.0 			 0.0 			 0.0			 0.0 
g3	 9 	 0.0 			 0.0 			 0.0			 0.0 
g3	 10 	 0.0 			 0.0 			 0.0			 0.0 
g3	 11 	 0.0 			 0.0 			 0.0			 0.0 
g3	 12 	 0.0 			 0.0 			 0.0			 0.0 
g3	 13 	 0.0 			 0.0 			 0.0			 0.0 
g3	 14 	 0.0 			 0.0 			 0.0			 0.0 
g3	 15 	 0.0 			 0.0 			 0.0			 0.0 
g3	 16 	 0.0 			 0.0 			 0.0			 0.0 
g3	 17 	 0.0 			 0.0 			 0.0			 0.0 
g3	 18 	 0.0 			 0.0 			 0.0			 0.0 
g3	 19 	 0.0 			 0.0 			 0.0			 0.0 
g3	 20 	 0.0 			 0.0 			 0.0			 0.0 
g3	 21 	 0.0 			 0.0 			 0.0			 0.0 
g3	 22 	 0.0 			 0.0 			 0.0			 0.0 
g3	 23 	 0.0 			 0.0 			 0.0			 0.0 
g3	 24 	 0.0 			 0.0 			 0.0			 0.0 
g3	 25 	 0.0 			 0.0 			 0.0			 0.0 
g3	 26 	 0.0 			 0.0 			 0.0			 0.0 
g3	 27 	 0.0 			 0.0 			 0.0			 0.0 
g3	 28 	 0.0 			 0.0 			 0.0			 0.0 
g3	 29 	 0.0 			 0.0 			 0.0			 0.0 
g3	 30 	 0.0 			 0.0 			 0.0			 0.0 
g3	 31 	 0.0 			 0.0 			 0.0			 0.0 
g3	 32 	 0.0 			 0.0 			 0.0			 0.0 
g3	 33 	 0.0 			 0.0 			 0.0			 0.0 
g3	 34 	 0.0 			 0.0 			 0.0			 0.0 
g3	 35 	 0.0 			 0.0 			 0.0			 0.0 
g3	 36 	 0.0 			 0.0 			 0.0			 0.0 
g3	 37 	 0.0 			 0.0 			 0.0			 0.0 
g3	 38 	 0.0 			 0.0 			 0.0			 0.0 
g3	 39 	 0.0 			 0.0 			 0.0			 0.0 
g3	 40 	 0.0 			 0.0 			 0.0			 0.0 
g3	 41 	 0.0 			 0.0 			 0.0			 0.0 
g3	 42 	 0.0 			 0.0 			 0.0			 0.0 
g3	 43 	 0.0 			 0.0 			 0.0			 0.0 
g3	 44 	 0.0 			 0.0 			 0.0			 0.0 
g3	 45 	 0.0 			 0.0 			 0.0			 0.0 
g3	 46 	 0.0 			 0.0 			 0.0			 0.0 
g3	 47 	 0.0 			 0.0 			 0.0			 0.0 
g3	 48 	 0.0 			 0.0 			 0.0			 0.0 
g3	 49 	 0.0 			 0.0 			 0.0			 0.0 
g3	 50 	 0.0 			 0.0 			 0.0			 0.0 
g3	 51 	 0.0 			 0.0 			 0.0			 0.0 
g3	 52 	 0.0 			 0.0 			 0.0			 0.0 
g3	 53 	 0.0 			 0.0 			 0.0			 0.0 
g3	 54 	 0.0 			 0.0 			 0.0			 0.0 
g3	 55 	 0.0 			 0.0 			 0.0			 0.0 
g3	 56 	 0.0 			 0.0 			 0.0			 0.0 
g3	 57 	 0.0 			 0.0 			 0.0			 0.0 
g3	 58 	 0.0 			 0.0 			 0.0			 0.0 
g3	 59 	 0.0 			 0.0 			 0.0			 0.0 
g3	 60 	 0.0 			 0.0 			 0.0			 0.0 
g3	 61 	 0.0 			 0.0 			 0.0			 0.0 
g3	 62 	 0.0 			 0.0 			 0.0			 0.0 
g3	 63 	 0.0 			 0.0 			 0.0			 0.0 
g3	 64 	 0.0 			 0.0 			 0.0			 0.0 
g3	 65 	 0.0 			 0.0 			 0.0			 0.0 
g3	 66 	 0.0 			 0.0 			 0.0			 0.0 
g3	 67 	 0.0 			 0.0 			 0.0			 0.0 
g3	 68 	 0.0 			 0.0 			 0.0			 0.0 
g3	 69 	 15.56631 			 0.0 			 0.0			 15.56631 
g3	 70 	 16.987489 			 0.0 			 0.0			 16.987489 
g3	 71 	 15.56631 			 0.0 			 0.0			 15.56631 
g3	 72 	 17.845414 			 0.0 			 0.0			 17.845414 
g3	 73 	 15.56631 			 0.0 			 0.0			 15.56631 
g3	 74 	 16.491381 			 0.0 			 0.0			 16.491381 
g3	 75 	 15.56631 			 0.0 			 0.0			 15.56631 
g3	 76 	 15.56631 			 0.0 			 0.0			 15.56631 
g3	 77 	 15.56631 			 0.0 			 0.0			 15.56631 
g3	 78 	 15.56631 			 0.0 			 0.0			 15.56631 
g3	 79 	 15.56631 			 0.0 			 0.0			 15.56631 
g3	 80 	 15.56631 			 0.0 			 0.0			 15.56631 
g3	 81 	 0.0 			 0.0 			 0.0			 0.0 
g3	 82 	 0.0 			 0.0 			 0.0			 0.0 
g3	 83 	 0.0 			 0.0 			 0.0			 0.0 
g3	 84 	 0.0 			 0.0 			 0.0			 0.0 
g3	 85 	 0.0 			 0.0 			 0.0			 0.0 
g3	 86 	 0.0 			 0.0 			 0.0			 0.0 
g3	 87 	 0.0 			 0.0 			 0.0			 0.0 
g3	 88 	 0.0 			 0.0 			 0.0			 0.0 
g3	 89 	 0.0 			 0.0 			 0.0			 0.0 
g3	 90 	 0.0 			 0.0 			 0.0			 0.0 
g3	 91 	 0.0 			 0.0 			 0.0			 0.0 
g3	 92 	 0.0 			 0.0 			 0.0			 0.0 
g3	 93 	 0.0 			 0.0 			 0.0			 0.0 
g3	 94 	 0.0 			 0.0 			 0.0			 0.0 
g3	 95 	 0.0 			 0.0 			 0.0			 0.0 
g3	 96 	 0.0 			 0.0 			 0.0			 0.0 
----------------------------------------------------------------------------------------------------
g4	 1 	 0.0 			 0.0 			 0.0			 0.0 
g4	 2 	 0.0 			 0.0 			 0.0			 0.0 
g4	 3 	 0.0 			 0.0 			 0.0			 0.0 
g4	 4 	 0.0 			 0.0 			 0.0			 0.0 
g4	 5 	 0.0 			 0.0 			 0.0			 0.0 
g4	 6 	 0.0 			 0.0 			 0.0			 0.0 
g4	 7 	 0.0 			 0.0 			 0.0			 0.0 
g4	 8 	 0.0 			 0.0 			 0.0			 0.0 
g4	 9 	 0.0 			 0.0 			 0.0			 0.0 
g4	 10 	 0.0 			 0.0 			 0.0			 0.0 
g4	 11 	 0.0 			 0.0 			 0.0			 0.0 
g4	 12 	 0.0 			 0.0 			 0.0			 0.0 
g4	 13 	 0.0 			 0.0 			 0.0			 0.0 
g4	 14 	 0.0 			 0.0 			 0.0			 0.0 
g4	 15 	 0.0 			 0.0 			 0.0			 0.0 
g4	 16 	 0.0 			 0.0 			 0.0			 0.0 
g4	 17 	 0.0 			 0.0 			 0.0			 0.0 
g4	 18 	 0.0 			 0.0 			 0.0			 0.0 
g4	 19 	 0.0 			 0.0 			 0.0			 0.0 
g4	 20 	 0.0 			 0.0 			 0.0			 0.0 
g4	 21 	 0.0 			 0.0 			 0.0			 0.0 
g4	 22 	 0.0 			 0.0 			 0.0			 0.0 
g4	 23 	 0.0 			 0.0 			 0.0			 0.0 
g4	 24 	 0.0 			 0.0 			 0.0			 0.0 
g4	 25 	 0.0 			 0.0 			 0.0			 0.0 
g4	 26 	 0.0 			 0.0 			 0.0			 0.0 
g4	 27 	 0.0 			 0.0 			 0.0			 0.0 
g4	 28 	 0.0 			 0.0 			 0.0			 0.0 
g4	 29 	 0.0 			 0.0 			 0.0			 0.0 
g4	 30 	 0.0 			 0.0 			 0.0			 0.0 
g4	 31 	 0.0 			 0.0 			 0.0			 0.0 
g4	 32 	 0.0 			 0.0 			 0.0			 0.0 
g4	 33 	 0.0 			 0.0 			 0.0			 0.0 
g4	 34 	 0.0 			 0.0 			 0.0			 0.0 
g4	 35 	 0.0 			 0.0 			 0.0			 0.0 
g4	 36 	 0.0 			 0.0 			 0.0			 0.0 
g4	 37 	 0.0 			 0.0 			 0.0			 0.0 
g4	 38 	 0.0 			 0.0 			 0.0			 0.0 
g4	 39 	 0.0 			 0.0 			 0.0			 0.0 
g4	 40 	 0.0 			 0.0 			 0.0			 0.0 
g4	 41 	 0.0 			 0.0 			 0.0			 0.0 
g4	 42 	 0.0 			 0.0 			 0.0			 0.0 
g4	 43 	 0.0 			 0.0 			 0.0			 0.0 
g4	 44 	 0.0 			 0.0 			 0.0			 0.0 
g4	 45 	 0.0 			 0.0 			 0.0			 0.0 
g4	 46 	 0.0 			 0.0 			 0.0			 0.0 
g4	 47 	 0.0 			 0.0 			 0.0			 0.0 
g4	 48 	 0.0 			 0.0 			 0.0			 0.0 
g4	 49 	 0.0 			 0.0 			 0.0			 0.0 
g4	 50 	 0.0 			 0.0 			 0.0			 0.0 
g4	 51 	 0.0 			 0.0 			 0.0			 0.0 
g4	 52 	 0.0 			 0.0 			 0.0			 0.0 
g4	 53 	 0.0 			 0.0 			 0.0			 0.0 
g4	 54 	 0.0 			 0.0 			 0.0			 0.0 
g4	 55 	 0.0 			 0.0 			 0.0			 0.0 
g4	 56 	 0.0 			 0.0 			 0.0			 0.0 
g4	 57 	 0.0 			 0.0 			 0.0			 0.0 
g4	 58 	 0.0 			 0.0 			 0.0			 0.0 
g4	 59 	 0.0 			 0.0 			 0.0			 0.0 
g4	 60 	 0.0 			 0.0 			 0.0			 0.0 
g4	 61 	 0.0 			 0.0 			 0.0			 0.0 
g4	 62 	 0.0 			 0.0 			 0.0			 0.0 
g4	 63 	 0.0 			 0.0 			 0.0			 0.0 
g4	 64 	 0.0 			 0.0 			 0.0			 0.0 
g4	 65 	 0.0 			 0.0 			 0.0			 0.0 
g4	 66 	 0.0 			 0.0 			 0.0			 0.0 
g4	 67 	 0.0 			 0.0 			 0.0			 0.0 
g4	 68 	 0.0 			 0.0 			 0.0			 0.0 
g4	 69 	 0.0 			 0.0 			 0.0			 0.0 
g4	 70 	 0.0 			 0.0 			 0.0			 0.0 
g4	 71 	 0.0 			 0.0 			 0.0			 0.0 
g4	 72 	 0.0 			 0.0 			 0.0			 0.0 
g4	 73 	 0.0 			 0.0 			 0.0			 0.0 
g4	 74 	 0.0 			 0.0 			 0.0			 0.0 
g4	 75 	 0.0 			 0.0 			 0.0			 0.0 
g4	 76 	 0.0 			 0.0 			 0.0			 0.0 
g4	 77 	 0.0 			 0.0 			 0.0			 0.0 
g4	 78 	 0.0 			 0.0 			 0.0			 0.0 
g4	 79 	 0.0 			 0.0 			 0.0			 0.0 
g4	 80 	 0.0 			 0.0 			 0.0			 0.0 
g4	 81 	 0.0 			 0.0 			 0.0			 0.0 
g4	 82 	 0.0 			 0.0 			 0.0			 0.0 
g4	 83 	 0.0 			 0.0 			 0.0			 0.0 
g4	 84 	 0.0 			 0.0 			 0.0			 0.0 
g4	 85 	 0.0 			 0.0 			 0.0			 0.0 
g4	 86 	 0.0 			 0.0 			 0.0			 0.0 
g4	 87 	 0.0 			 0.0 			 0.0			 0.0 
g4	 88 	 0.0 			 0.0 			 0.0			 0.0 
g4	 89 	 0.0 			 0.0 			 0.0			 0.0 
g4	 90 	 0.0 			 0.0 			 0.0			 0.0 
g4	 91 	 0.0 			 0.0 			 0.0			 0.0 
g4	 92 	 0.0 			 0.0 			 0.0			 0.0 
g4	 93 	 0.0 			 0.0 			 0.0			 0.0 
g4	 94 	 0.0 			 0.0 			 0.0			 0.0 
g4	 95 	 0.0 			 0.0 			 0.0			 0.0 
g4	 96 	 0.0 			 0.0 			 0.0			 0.0 
----------------------------------------------------------------------------------------------------
g5	 1 	 0.0 			 0.0 			 0.0			 0.0 
g5	 2 	 0.0 			 0.0 			 0.0			 0.0 
g5	 3 	 0.0 			 0.0 			 0.0			 0.0 
g5	 4 	 0.0 			 0.0 			 0.0			 0.0 
g5	 5 	 21.893178 			 0.0 			 0.0			 21.893178 
g5	 6 	 21.893178 			 0.0 			 0.0			 21.893178 
g5	 7 	 21.893178 			 0.0 			 0.0			 21.893178 
g5	 8 	 21.893178 			 0.0 			 0.0			 21.893178 
g5	 9 	 21.893178 			 0.0 			 0.0			 21.893178 
g5	 10 	 21.893178 			 0.0 			 0.0			 21.893178 
g5	 11 	 21.893178 			 0.0 			 0.0			 21.893178 
g5	 12 	 21.893178 			 0.0 			 0.0			 21.893178 
g5	 13 	 21.893178 			 0.0 			 0.0			 21.893178 
g5	 14 	 21.893178 			 0.0 			 0.0			 21.893178 
g5	 15 	 21.893178 			 0.0 			 0.0			 21.893178 
g5	 16 	 21.893178 			 0.0 			 0.0			 21.893178 
g5	 17 	 21.893178 			 0.0 			 0.0			 21.893178 
g5	 18 	 21.893178 			 0.0 			 0.0			 21.893178 
g5	 19 	 21.893178 			 0.0 			 0.0			 21.893178 
g5	 20 	 21.893178 			 0.0 			 0.0			 21.893178 
g5	 21 	 21.893178 			 0.0 			 0.0			 21.893178 
g5	 22 	 21.893178 			 0.0 			 0.0			 21.893178 
g5	 23 	 21.893178 			 0.0 			 0.0			 21.893178 
g5	 24 	 21.893178 			 0.0 			 0.0			 21.893178 
g5	 25 	 21.893178 			 0.0 			 0.0			 21.893178 
g5	 26 	 21.893178 			 0.0 			 0.0			 21.893178 
g5	 27 	 21.893178 			 0.0 			 0.0			 21.893178 
g5	 28 	 21.893178 			 0.0 			 0.0			 21.893178 
g5	 29 	 22.372141 			 0.0 			 0.0			 22.372141 
g5	 30 	 21.893178 			 0.0 			 0.0			 21.893178 
g5	 31 	 22.372141 			 0.0 			 0.0			 22.372141 
g5	 32 	 21.893178 			 0.0 			 0.0			 21.893178 
g5	 33 	 22.372141 			 0.0 			 0.0			 22.372141 
g5	 34 	 22.372141 			 0.0 			 0.0			 22.372141 
g5	 35 	 22.372141 			 0.0 			 0.0			 22.372141 
g5	 36 	 22.007089 			 0.0 			 0.0			 22.007089 
g5	 37 	 22.372141 			 0.0 			 0.0			 22.372141 
g5	 38 	 22.372141 			 0.0 			 0.0			 22.372141 
g5	 39 	 22.372141 			 0.0 			 0.0			 22.372141 
g5	 40 	 22.372141 			 0.0 			 0.0			 22.372141 
g5	 41 	 22.372141 			 0.0 			 0.0			 22.372141 
g5	 42 	 22.372141 			 0.0 			 0.0			 22.372141 
g5	 43 	 22.372141 			 0.0 			 0.0			 22.372141 
g5	 44 	 22.372141 			 0.0 			 0.0			 22.372141 
g5	 45 	 22.372141 			 0.0 			 0.0			 22.372141 
g5	 46 	 22.372141 			 0.0 			 0.0			 22.372141 
g5	 47 	 22.372141 			 0.0 			 0.0			 22.372141 
g5	 48 	 22.372141 			 0.0 			 0.0			 22.372141 
g5	 49 	 23.701668 			 0.0 			 0.0			 23.701668 
g5	 50 	 23.701668 			 0.0 			 0.0			 23.701668 
g5	 51 	 23.701668 			 0.0 			 0.0			 23.701668 
g5	 52 	 23.701668 			 0.0 			 0.0			 23.701668 
g5	 53 	 23.701668 			 0.0 			 0.0			 23.701668 
g5	 54 	 23.701668 			 0.0 			 0.0			 23.701668 
g5	 55 	 23.701668 			 0.0 			 0.0			 23.701668 
g5	 56 	 23.701668 			 0.0 			 0.0			 23.701668 
g5	 57 	 23.701668 			 0.0 			 0.0			 23.701668 
g5	 58 	 23.701668 			 0.0 			 0.0			 23.701668 
g5	 59 	 23.701668 			 0.0 			 0.0			 23.701668 
g5	 60 	 45.682368 			 0.0 			 0.0			 45.682368 
g5	 61 	 23.31439 			 0.0 			 0.0			 23.31439 
g5	 62 	 34.969238 			 0.0 			 0.0			 34.969238 
g5	 63 	 36.867403 			 0.0 			 0.0			 36.867403 
g5	 64 	 48.882683 			 0.0 			 0.0			 48.882683 
g5	 65 	 48.944738 			 0.0 			 0.0			 48.944738 
g5	 66 	 84.449621 			 0.0 			 0.0			 84.449621 
g5	 67 	 -20.357515 			 0.0 			 0.0			 -20.357515 
g5	 68 	 15.8445 			 0.0 			 0.0			 15.8445 
g5	 69 	 22.372141 			 0.0 			 0.0			 22.372141 
g5	 70 	 24.414681 			 0.0 			 0.0			 24.414681 
g5	 71 	 22.372141 			 0.0 			 0.0			 22.372141 
g5	 72 	 92.597567 			 0.0 			 0.0			 92.597567 
g5	 73 	 22.372141 			 0.0 			 0.0			 22.372141 
g5	 74 	 23.701668 			 0.0 			 0.0			 23.701668 
g5	 75 	 22.372141 			 0.0 			 0.0			 22.372141 
g5	 76 	 22.372141 			 0.0 			 0.0			 22.372141 
g5	 77 	 22.372141 			 0.0 			 0.0			 22.372141 
g5	 78 	 22.372141 			 0.0 			 0.0			 22.372141 
g5	 79 	 22.372141 			 0.0 			 0.0			 22.372141 
g5	 80 	 22.372141 			 0.0 			 0.0			 22.372141 
g5	 81 	 23.701668 			 0.0 			 0.0			 23.701668 
g5	 82 	 22.372141 			 0.0 			 0.0			 22.372141 
g5	 83 	 23.701668 			 0.0 			 0.0			 23.701668 
g5	 84 	 22.372141 			 0.0 			 0.0			 22.372141 
g5	 85 	 22.372141 			 0.0 			 0.0			 22.372141 
g5	 86 	 22.372141 			 0.0 			 0.0			 22.372141 
g5	 87 	 22.372141 			 0.0 			 0.0			 22.372141 
g5	 88 	 22.372141 			 0.0 			 0.0			 22.372141 
g5	 89 	 22.372141 			 0.0 			 0.0			 22.372141 
g5	 90 	 22.372141 			 0.0 			 0.0			 22.372141 
g5	 91 	 22.372141 			 0.0 			 0.0			 22.372141 
g5	 92 	 22.372141 			 0.0 			 0.0			 22.372141 
g5	 93 	 22.372141 			 0.0 			 0.0			 22.372141 
g5	 94 	 22.372141 			 0.0 			 0.0			 22.372141 
g5	 95 	 22.372141 			 0.0 			 0.0			 22.372141 
g5	 96 	 22.372141 			 0.0 			 0.0			 22.372141 
----------------------------------------------------------------------------------------------------------------
unit 	 generation payment 	 up-FRP payment 	 dw-FRP payment 	pre-up total payment
----------------------------------------------------------------------------------------------------------------
 g1 	 15275.363417			 0.000000			 0.000000			 15275.363417
 g2 	 2237.784658			 0.000000			 0.000000			 2237.784658
 g3 	 191.421074			 0.000000			 0.000000			 191.421074
 g4 	 0.000000			 0.000000			 0.000000			 0.000000
 g5 	 2253.548383			 0.000000			 0.000000			 2253.548383
----------------------------------------------------------------------------------------------------
generation payment 	 up-FRP payment 	 dw-FRP payment 	 pre-up total payment
----------------------------------------------------------------------------------------------------
19958.117532000004 			 0.0 			 0.0 			 19958.117532000004
 
****************************************************************************************************
 
Generation costs
----------------------------------------------------------------------------------------------------
unit	 time 	 generation cost 	 start-up cost  	total cost
----------------------------------------------------------------------------------------------------
g1	 1 	 2389.740635 			 0.0 			2389.740635
g1	 2 	 2364.640729 			 0.0 			2364.640729
g1	 3 	 2400.033116 			 0.0 			2400.033116
g1	 4 	 2373.861979 			 0.0 			2373.861979
g1	 5 	 1888.219378 			 0.0 			1888.219378
g1	 6 	 2199.322146 			 0.0 			2199.322146
g1	 7 	 1903.183724 			 0.0 			1903.183724
g1	 8 	 2164.699494 			 0.0 			2164.699494
g1	 9 	 1919.310902 			 0.0 			1919.310902
g1	 10 	 1925.894427 			 0.0 			1925.894427
g1	 11 	 1914.802933 			 0.0 			1914.802933
g1	 12 	 1952.543676 			 0.0 			1952.543676
g1	 13 	 1948.098698 			 0.0 			1948.098698
g1	 14 	 1851.40098 			 0.0 			1851.40098
g1	 15 	 1908.364848 			 0.0 			1908.364848
g1	 16 	 1815.908471 			 0.0 			1815.908471
g1	 17 	 1984.878692 			 0.0 			1984.878692
g1	 18 	 1827.078515 			 0.0 			1827.078515
g1	 19 	 1963.174262 			 0.0 			1963.174262
g1	 20 	 1824.372252 			 0.0 			1824.372252
g1	 21 	 2059.785756 			 0.0 			2059.785756
g1	 22 	 2000.783937 			 0.0 			2000.783937
g1	 23 	 2039.971247 			 0.0 			2039.971247
g1	 24 	 1999.869134 			 0.0 			1999.869134
g1	 25 	 2204.448657 			 0.0 			2204.448657
g1	 26 	 2264.160615 			 0.0 			2264.160615
g1	 27 	 2222.876536 			 0.0 			2222.876536
g1	 28 	 2238.428744 			 0.0 			2238.428744
g1	 29 	 2315.176781 			 0.0 			2315.176781
g1	 30 	 2134.337149 			 0.0 			2134.337149
g1	 31 	 2336.562966 			 0.0 			2336.562966
g1	 32 	 2108.348016 			 0.0 			2108.348016
g1	 33 	 2355.425407 			 0.0 			2355.425407
g1	 34 	 2313.937503 			 0.0 			2313.937503
g1	 35 	 2319.346825 			 0.0 			2319.346825
g1	 36 	 2313.086426 			 0.0 			2313.086426
g1	 37 	 2493.068132 			 0.0 			2493.068132
g1	 38 	 2627.826191 			 0.0 			2627.826191
g1	 39 	 2501.737075 			 0.0 			2501.737075
g1	 40 	 2562.948227 			 0.0 			2562.948227
g1	 41 	 2759.60782 			 0.0 			2759.60782
g1	 42 	 2759.338364 			 0.0 			2759.338364
g1	 43 	 2831.255251 			 0.0 			2831.255251
g1	 44 	 2749.89078 			 0.0 			2749.89078
g1	 45 	 2906.879132 			 0.0 			2906.879132
g1	 46 	 2983.030355 			 0.0 			2983.030355
g1	 47 	 2885.920083 			 0.0 			2885.920083
g1	 48 	 2960.086471 			 0.0 			2960.086471
g1	 49 	 3058.233409 			 0.0 			3058.233409
g1	 50 	 3058.233409 			 0.0 			3058.233409
g1	 51 	 3058.233409 			 0.0 			3058.233409
g1	 52 	 3058.233409 			 0.0 			3058.233409
g1	 53 	 3058.233409 			 0.0 			3058.233409
g1	 54 	 3058.233409 			 0.0 			3058.233409
g1	 55 	 3058.233409 			 0.0 			3058.233409
g1	 56 	 3058.233409 			 0.0 			3058.233409
g1	 57 	 3058.233409 			 0.0 			3058.233409
g1	 58 	 3058.233409 			 0.0 			3058.233409
g1	 59 	 3058.233409 			 0.0 			3058.233409
g1	 60 	 3058.233409 			 0.0 			3058.233409
g1	 61 	 3058.233409 			 0.0 			3058.233409
g1	 62 	 3058.233409 			 0.0 			3058.233409
g1	 63 	 3058.233409 			 0.0 			3058.233409
g1	 64 	 3058.233409 			 0.0 			3058.233409
g1	 65 	 3058.233409 			 0.0 			3058.233409
g1	 66 	 3058.233409 			 0.0 			3058.233409
g1	 67 	 3058.233409 			 0.0 			3058.233409
g1	 68 	 3058.233409 			 0.0 			3058.233409
g1	 69 	 2989.038007 			 0.0 			2989.038007
g1	 70 	 3058.233409 			 0.0 			3058.233409
g1	 71 	 3027.187946 			 0.0 			3027.187946
g1	 72 	 3058.233409 			 0.0 			3058.233409
g1	 73 	 2899.426477 			 0.0 			2899.426477
g1	 74 	 3058.233409 			 0.0 			3058.233409
g1	 75 	 3021.455829 			 0.0 			3021.455829
g1	 76 	 3036.947621 			 0.0 			3036.947621
g1	 77 	 2880.436044 			 0.0 			2880.436044
g1	 78 	 2977.922909 			 0.0 			2977.922909
g1	 79 	 2898.422715 			 0.0 			2898.422715
g1	 80 	 2942.251848 			 0.0 			2942.251848
g1	 81 	 3058.233409 			 0.0 			3058.233409
g1	 82 	 2997.800262 			 0.0 			2997.800262
g1	 83 	 3058.233409 			 0.0 			3058.233409
g1	 84 	 2979.571606 			 0.0 			2979.571606
g1	 85 	 2805.62429 			 0.0 			2805.62429
g1	 86 	 2927.197344 			 0.0 			2927.197344
g1	 87 	 2748.450848 			 0.0 			2748.450848
g1	 88 	 2973.472084 			 0.0 			2973.472084
g1	 89 	 2582.880352 			 0.0 			2582.880352
g1	 90 	 2470.686564 			 0.0 			2470.686564
g1	 91 	 2517.480157 			 0.0 			2517.480157
g1	 92 	 2503.109869 			 0.0 			2503.109869
g1	 93 	 2626.684153 			 0.0 			2626.684153
g1	 94 	 2520.314686 			 0.0 			2520.314686
g1	 95 	 2666.607205 			 0.0 			2666.607205
g1	 96 	 2446.541744 			 0.0 			2446.541744
----------------------------------------------------------------------------------------------------
g2	 1 	 0.0 			 0.0 			0.0
g2	 2 	 0.0 			 0.0 			0.0
g2	 3 	 0.0 			 0.0 			0.0
g2	 4 	 0.0 			 0.0 			0.0
g2	 5 	 0.0 			 0.0 			0.0
g2	 6 	 0.0 			 0.0 			0.0
g2	 7 	 0.0 			 0.0 			0.0
g2	 8 	 0.0 			 0.0 			0.0
g2	 9 	 0.0 			 0.0 			0.0
g2	 10 	 0.0 			 0.0 			0.0
g2	 11 	 0.0 			 0.0 			0.0
g2	 12 	 0.0 			 0.0 			0.0
g2	 13 	 0.0 			 0.0 			0.0
g2	 14 	 0.0 			 0.0 			0.0
g2	 15 	 0.0 			 0.0 			0.0
g2	 16 	 0.0 			 0.0 			0.0
g2	 17 	 0.0 			 0.0 			0.0
g2	 18 	 0.0 			 0.0 			0.0
g2	 19 	 0.0 			 0.0 			0.0
g2	 20 	 0.0 			 0.0 			0.0
g2	 21 	 0.0 			 0.0 			0.0
g2	 22 	 0.0 			 0.0 			0.0
g2	 23 	 0.0 			 0.0 			0.0
g2	 24 	 0.0 			 0.0 			0.0
g2	 25 	 0.0 			 0.0 			0.0
g2	 26 	 0.0 			 0.0 			0.0
g2	 27 	 0.0 			 0.0 			0.0
g2	 28 	 0.0 			 0.0 			0.0
g2	 29 	 534.771644 			 10598.13 			11132.901644
g2	 30 	 323.535598 			 0.0 			323.535598
g2	 31 	 534.771644 			 0.0 			534.771644
g2	 32 	 323.535598 			 0.0 			323.535598
g2	 33 	 534.771644 			 0.0 			534.771644
g2	 34 	 534.771644 			 0.0 			534.771644
g2	 35 	 534.771644 			 0.0 			534.771644
g2	 36 	 533.966955 			 0.0 			533.966955
g2	 37 	 534.771644 			 0.0 			534.771644
g2	 38 	 534.771644 			 0.0 			534.771644
g2	 39 	 534.771644 			 0.0 			534.771644
g2	 40 	 534.771644 			 0.0 			534.771644
g2	 41 	 534.771644 			 0.0 			534.771644
g2	 42 	 534.771644 			 0.0 			534.771644
g2	 43 	 534.771644 			 0.0 			534.771644
g2	 44 	 534.771644 			 0.0 			534.771644
g2	 45 	 534.771644 			 0.0 			534.771644
g2	 46 	 534.771644 			 0.0 			534.771644
g2	 47 	 534.771644 			 0.0 			534.771644
g2	 48 	 534.771644 			 0.0 			534.771644
g2	 49 	 565.85087 			 0.0 			565.85087
g2	 50 	 664.029427 			 0.0 			664.029427
g2	 51 	 629.36408 			 0.0 			629.36408
g2	 52 	 673.60335 			 0.0 			673.60335
g2	 53 	 710.785559 			 0.0 			710.785559
g2	 54 	 758.048983 			 0.0 			758.048983
g2	 55 	 664.017877 			 0.0 			664.017877
g2	 56 	 765.067912 			 0.0 			765.067912
g2	 57 	 735.473462 			 0.0 			735.473462
g2	 58 	 845.259115 			 0.0 			845.259115
g2	 59 	 784.150285 			 0.0 			784.150285
g2	 60 	 854.010884 			 0.0 			854.010884
g2	 61 	 832.056319 			 0.0 			832.056319
g2	 62 	 854.010884 			 0.0 			854.010884
g2	 63 	 854.010884 			 0.0 			854.010884
g2	 64 	 854.010884 			 0.0 			854.010884
g2	 65 	 854.010884 			 0.0 			854.010884
g2	 66 	 854.010884 			 0.0 			854.010884
g2	 67 	 854.010884 			 0.0 			854.010884
g2	 68 	 854.010884 			 0.0 			854.010884
g2	 69 	 626.50935 			 0.0 			626.50935
g2	 70 	 827.053169 			 0.0 			827.053169
g2	 71 	 599.551634 			 0.0 			599.551634
g2	 72 	 827.053169 			 0.0 			827.053169
g2	 73 	 599.551634 			 0.0 			599.551634
g2	 74 	 543.06511 			 0.0 			543.06511
g2	 75 	 534.771644 			 0.0 			534.771644
g2	 76 	 534.771644 			 0.0 			534.771644
g2	 77 	 534.771644 			 0.0 			534.771644
g2	 78 	 534.771644 			 0.0 			534.771644
g2	 79 	 534.771644 			 0.0 			534.771644
g2	 80 	 534.771644 			 0.0 			534.771644
g2	 81 	 701.68263 			 0.0 			701.68263
g2	 82 	 534.771644 			 0.0 			534.771644
g2	 83 	 732.04157 			 0.0 			732.04157
g2	 84 	 534.771644 			 0.0 			534.771644
g2	 85 	 534.771644 			 0.0 			534.771644
g2	 86 	 534.771644 			 0.0 			534.771644
g2	 87 	 534.771644 			 0.0 			534.771644
g2	 88 	 534.771644 			 0.0 			534.771644
g2	 89 	 534.771644 			 0.0 			534.771644
g2	 90 	 534.771644 			 0.0 			534.771644
g2	 91 	 534.771644 			 0.0 			534.771644
g2	 92 	 534.771644 			 0.0 			534.771644
g2	 93 	 0.0 			 0.0 			0.0
g2	 94 	 0.0 			 0.0 			0.0
g2	 95 	 0.0 			 0.0 			0.0
g2	 96 	 0.0 			 0.0 			0.0
----------------------------------------------------------------------------------------------------
g3	 1 	 0.0 			 0.0 			0.0
g3	 2 	 0.0 			 0.0 			0.0
g3	 3 	 0.0 			 0.0 			0.0
g3	 4 	 0.0 			 0.0 			0.0
g3	 5 	 0.0 			 0.0 			0.0
g3	 6 	 0.0 			 0.0 			0.0
g3	 7 	 0.0 			 0.0 			0.0
g3	 8 	 0.0 			 0.0 			0.0
g3	 9 	 0.0 			 0.0 			0.0
g3	 10 	 0.0 			 0.0 			0.0
g3	 11 	 0.0 			 0.0 			0.0
g3	 12 	 0.0 			 0.0 			0.0
g3	 13 	 0.0 			 0.0 			0.0
g3	 14 	 0.0 			 0.0 			0.0
g3	 15 	 0.0 			 0.0 			0.0
g3	 16 	 0.0 			 0.0 			0.0
g3	 17 	 0.0 			 0.0 			0.0
g3	 18 	 0.0 			 0.0 			0.0
g3	 19 	 0.0 			 0.0 			0.0
g3	 20 	 0.0 			 0.0 			0.0
g3	 21 	 0.0 			 0.0 			0.0
g3	 22 	 0.0 			 0.0 			0.0
g3	 23 	 0.0 			 0.0 			0.0
g3	 24 	 0.0 			 0.0 			0.0
g3	 25 	 0.0 			 0.0 			0.0
g3	 26 	 0.0 			 0.0 			0.0
g3	 27 	 0.0 			 0.0 			0.0
g3	 28 	 0.0 			 0.0 			0.0
g3	 29 	 0.0 			 0.0 			0.0
g3	 30 	 0.0 			 0.0 			0.0
g3	 31 	 0.0 			 0.0 			0.0
g3	 32 	 0.0 			 0.0 			0.0
g3	 33 	 0.0 			 0.0 			0.0
g3	 34 	 0.0 			 0.0 			0.0
g3	 35 	 0.0 			 0.0 			0.0
g3	 36 	 0.0 			 0.0 			0.0
g3	 37 	 0.0 			 0.0 			0.0
g3	 38 	 0.0 			 0.0 			0.0
g3	 39 	 0.0 			 0.0 			0.0
g3	 40 	 0.0 			 0.0 			0.0
g3	 41 	 0.0 			 0.0 			0.0
g3	 42 	 0.0 			 0.0 			0.0
g3	 43 	 0.0 			 0.0 			0.0
g3	 44 	 0.0 			 0.0 			0.0
g3	 45 	 0.0 			 0.0 			0.0
g3	 46 	 0.0 			 0.0 			0.0
g3	 47 	 0.0 			 0.0 			0.0
g3	 48 	 0.0 			 0.0 			0.0
g3	 49 	 0.0 			 0.0 			0.0
g3	 50 	 0.0 			 0.0 			0.0
g3	 51 	 0.0 			 0.0 			0.0
g3	 52 	 0.0 			 0.0 			0.0
g3	 53 	 0.0 			 0.0 			0.0
g3	 54 	 0.0 			 0.0 			0.0
g3	 55 	 0.0 			 0.0 			0.0
g3	 56 	 0.0 			 0.0 			0.0
g3	 57 	 0.0 			 0.0 			0.0
g3	 58 	 0.0 			 0.0 			0.0
g3	 59 	 0.0 			 0.0 			0.0
g3	 60 	 0.0 			 0.0 			0.0
g3	 61 	 0.0 			 0.0 			0.0
g3	 62 	 0.0 			 0.0 			0.0
g3	 63 	 0.0 			 0.0 			0.0
g3	 64 	 0.0 			 0.0 			0.0
g3	 65 	 0.0 			 0.0 			0.0
g3	 66 	 0.0 			 0.0 			0.0
g3	 67 	 0.0 			 0.0 			0.0
g3	 68 	 0.0 			 0.0 			0.0
g3	 69 	 350.954412 			 4595.43 			4946.384412
g3	 70 	 350.954412 			 0.0 			350.954412
g3	 71 	 350.954412 			 0.0 			350.954412
g3	 72 	 350.954412 			 0.0 			350.954412
g3	 73 	 350.954412 			 0.0 			350.954412
g3	 74 	 350.954412 			 0.0 			350.954412
g3	 75 	 350.954412 			 0.0 			350.954412
g3	 76 	 350.954412 			 0.0 			350.954412
g3	 77 	 350.954412 			 0.0 			350.954412
g3	 78 	 350.954412 			 0.0 			350.954412
g3	 79 	 350.954412 			 0.0 			350.954412
g3	 80 	 350.954412 			 0.0 			350.954412
g3	 81 	 0.0 			 0.0 			0.0
g3	 82 	 0.0 			 0.0 			0.0
g3	 83 	 0.0 			 0.0 			0.0
g3	 84 	 0.0 			 0.0 			0.0
g3	 85 	 0.0 			 0.0 			0.0
g3	 86 	 0.0 			 0.0 			0.0
g3	 87 	 0.0 			 0.0 			0.0
g3	 88 	 0.0 			 0.0 			0.0
g3	 89 	 0.0 			 0.0 			0.0
g3	 90 	 0.0 			 0.0 			0.0
g3	 91 	 0.0 			 0.0 			0.0
g3	 92 	 0.0 			 0.0 			0.0
g3	 93 	 0.0 			 0.0 			0.0
g3	 94 	 0.0 			 0.0 			0.0
g3	 95 	 0.0 			 0.0 			0.0
g3	 96 	 0.0 			 0.0 			0.0
----------------------------------------------------------------------------------------------------
g4	 1 	 0.0 			 0.0 			0.0
g4	 2 	 0.0 			 0.0 			0.0
g4	 3 	 0.0 			 0.0 			0.0
g4	 4 	 0.0 			 0.0 			0.0
g4	 5 	 0.0 			 0.0 			0.0
g4	 6 	 0.0 			 0.0 			0.0
g4	 7 	 0.0 			 0.0 			0.0
g4	 8 	 0.0 			 0.0 			0.0
g4	 9 	 0.0 			 0.0 			0.0
g4	 10 	 0.0 			 0.0 			0.0
g4	 11 	 0.0 			 0.0 			0.0
g4	 12 	 0.0 			 0.0 			0.0
g4	 13 	 0.0 			 0.0 			0.0
g4	 14 	 0.0 			 0.0 			0.0
g4	 15 	 0.0 			 0.0 			0.0
g4	 16 	 0.0 			 0.0 			0.0
g4	 17 	 0.0 			 0.0 			0.0
g4	 18 	 0.0 			 0.0 			0.0
g4	 19 	 0.0 			 0.0 			0.0
g4	 20 	 0.0 			 0.0 			0.0
g4	 21 	 0.0 			 0.0 			0.0
g4	 22 	 0.0 			 0.0 			0.0
g4	 23 	 0.0 			 0.0 			0.0
g4	 24 	 0.0 			 0.0 			0.0
g4	 25 	 0.0 			 0.0 			0.0
g4	 26 	 0.0 			 0.0 			0.0
g4	 27 	 0.0 			 0.0 			0.0
g4	 28 	 0.0 			 0.0 			0.0
g4	 29 	 0.0 			 0.0 			0.0
g4	 30 	 0.0 			 0.0 			0.0
g4	 31 	 0.0 			 0.0 			0.0
g4	 32 	 0.0 			 0.0 			0.0
g4	 33 	 0.0 			 0.0 			0.0
g4	 34 	 0.0 			 0.0 			0.0
g4	 35 	 0.0 			 0.0 			0.0
g4	 36 	 0.0 			 0.0 			0.0
g4	 37 	 0.0 			 0.0 			0.0
g4	 38 	 0.0 			 0.0 			0.0
g4	 39 	 0.0 			 0.0 			0.0
g4	 40 	 0.0 			 0.0 			0.0
g4	 41 	 0.0 			 0.0 			0.0
g4	 42 	 0.0 			 0.0 			0.0
g4	 43 	 0.0 			 0.0 			0.0
g4	 44 	 0.0 			 0.0 			0.0
g4	 45 	 0.0 			 0.0 			0.0
g4	 46 	 0.0 			 0.0 			0.0
g4	 47 	 0.0 			 0.0 			0.0
g4	 48 	 0.0 			 0.0 			0.0
g4	 49 	 0.0 			 0.0 			0.0
g4	 50 	 0.0 			 0.0 			0.0
g4	 51 	 0.0 			 0.0 			0.0
g4	 52 	 0.0 			 0.0 			0.0
g4	 53 	 0.0 			 0.0 			0.0
g4	 54 	 0.0 			 0.0 			0.0
g4	 55 	 0.0 			 0.0 			0.0
g4	 56 	 0.0 			 0.0 			0.0
g4	 57 	 0.0 			 0.0 			0.0
g4	 58 	 0.0 			 0.0 			0.0
g4	 59 	 0.0 			 0.0 			0.0
g4	 60 	 0.0 			 0.0 			0.0
g4	 61 	 0.0 			 0.0 			0.0
g4	 62 	 0.0 			 0.0 			0.0
g4	 63 	 0.0 			 0.0 			0.0
g4	 64 	 0.0 			 0.0 			0.0
g4	 65 	 0.0 			 0.0 			0.0
g4	 66 	 0.0 			 0.0 			0.0
g4	 67 	 0.0 			 0.0 			0.0
g4	 68 	 0.0 			 0.0 			0.0
g4	 69 	 0.0 			 0.0 			0.0
g4	 70 	 0.0 			 0.0 			0.0
g4	 71 	 0.0 			 0.0 			0.0
g4	 72 	 0.0 			 0.0 			0.0
g4	 73 	 0.0 			 0.0 			0.0
g4	 74 	 0.0 			 0.0 			0.0
g4	 75 	 0.0 			 0.0 			0.0
g4	 76 	 0.0 			 0.0 			0.0
g4	 77 	 0.0 			 0.0 			0.0
g4	 78 	 0.0 			 0.0 			0.0
g4	 79 	 0.0 			 0.0 			0.0
g4	 80 	 0.0 			 0.0 			0.0
g4	 81 	 0.0 			 0.0 			0.0
g4	 82 	 0.0 			 0.0 			0.0
g4	 83 	 0.0 			 0.0 			0.0
g4	 84 	 0.0 			 0.0 			0.0
g4	 85 	 0.0 			 0.0 			0.0
g4	 86 	 0.0 			 0.0 			0.0
g4	 87 	 0.0 			 0.0 			0.0
g4	 88 	 0.0 			 0.0 			0.0
g4	 89 	 0.0 			 0.0 			0.0
g4	 90 	 0.0 			 0.0 			0.0
g4	 91 	 0.0 			 0.0 			0.0
g4	 92 	 0.0 			 0.0 			0.0
g4	 93 	 0.0 			 0.0 			0.0
g4	 94 	 0.0 			 0.0 			0.0
g4	 95 	 0.0 			 0.0 			0.0
g4	 96 	 0.0 			 0.0 			0.0
----------------------------------------------------------------------------------------------------
g5	 1 	 0.0 			 0.0 			0.0
g5	 2 	 0.0 			 0.0 			0.0
g5	 3 	 0.0 			 0.0 			0.0
g5	 4 	 0.0 			 0.0 			0.0
g5	 5 	 348.846531 			 6821.79 			7170.636531
g5	 6 	 348.846531 			 0.0 			348.846531
g5	 7 	 348.846531 			 0.0 			348.846531
g5	 8 	 348.846531 			 0.0 			348.846531
g5	 9 	 348.846531 			 0.0 			348.846531
g5	 10 	 348.846531 			 0.0 			348.846531
g5	 11 	 348.846531 			 0.0 			348.846531
g5	 12 	 348.846531 			 0.0 			348.846531
g5	 13 	 348.846531 			 0.0 			348.846531
g5	 14 	 348.846531 			 0.0 			348.846531
g5	 15 	 348.846531 			 0.0 			348.846531
g5	 16 	 348.846531 			 0.0 			348.846531
g5	 17 	 348.846531 			 0.0 			348.846531
g5	 18 	 348.846531 			 0.0 			348.846531
g5	 19 	 348.846531 			 0.0 			348.846531
g5	 20 	 348.846531 			 0.0 			348.846531
g5	 21 	 348.846531 			 0.0 			348.846531
g5	 22 	 348.846531 			 0.0 			348.846531
g5	 23 	 348.846531 			 0.0 			348.846531
g5	 24 	 348.846531 			 0.0 			348.846531
g5	 25 	 348.846531 			 0.0 			348.846531
g5	 26 	 348.846531 			 0.0 			348.846531
g5	 27 	 348.846531 			 0.0 			348.846531
g5	 28 	 348.846531 			 0.0 			348.846531
g5	 29 	 348.846531 			 0.0 			348.846531
g5	 30 	 348.846531 			 0.0 			348.846531
g5	 31 	 348.846531 			 0.0 			348.846531
g5	 32 	 348.846531 			 0.0 			348.846531
g5	 33 	 348.846531 			 0.0 			348.846531
g5	 34 	 348.846531 			 0.0 			348.846531
g5	 35 	 348.846531 			 0.0 			348.846531
g5	 36 	 348.846531 			 0.0 			348.846531
g5	 37 	 348.846531 			 0.0 			348.846531
g5	 38 	 348.846531 			 0.0 			348.846531
g5	 39 	 348.846531 			 0.0 			348.846531
g5	 40 	 348.846531 			 0.0 			348.846531
g5	 41 	 348.846531 			 0.0 			348.846531
g5	 42 	 348.846531 			 0.0 			348.846531
g5	 43 	 348.846531 			 0.0 			348.846531
g5	 44 	 348.846531 			 0.0 			348.846531
g5	 45 	 348.846531 			 0.0 			348.846531
g5	 46 	 348.846531 			 0.0 			348.846531
g5	 47 	 348.846531 			 0.0 			348.846531
g5	 48 	 348.846531 			 0.0 			348.846531
g5	 49 	 348.846531 			 0.0 			348.846531
g5	 50 	 348.846531 			 0.0 			348.846531
g5	 51 	 348.846531 			 0.0 			348.846531
g5	 52 	 348.846531 			 0.0 			348.846531
g5	 53 	 348.846531 			 0.0 			348.846531
g5	 54 	 348.846531 			 0.0 			348.846531
g5	 55 	 348.846531 			 0.0 			348.846531
g5	 56 	 348.846531 			 0.0 			348.846531
g5	 57 	 348.846531 			 0.0 			348.846531
g5	 58 	 348.846531 			 0.0 			348.846531
g5	 59 	 348.846531 			 0.0 			348.846531
g5	 60 	 368.881199 			 0.0 			368.881199
g5	 61 	 348.846531 			 0.0 			348.846531
g5	 62 	 358.587142 			 0.0 			358.587142
g5	 63 	 360.485303 			 0.0 			360.485303
g5	 64 	 372.500581 			 0.0 			372.500581
g5	 65 	 438.976973 			 0.0 			438.976973
g5	 66 	 474.48185 			 0.0 			474.48185
g5	 67 	 369.674712 			 0.0 			369.674712
g5	 68 	 405.876728 			 0.0 			405.876728
g5	 69 	 348.846531 			 0.0 			348.846531
g5	 70 	 348.846531 			 0.0 			348.846531
g5	 71 	 348.846531 			 0.0 			348.846531
g5	 72 	 415.796399 			 0.0 			415.796399
g5	 73 	 348.846531 			 0.0 			348.846531
g5	 74 	 348.846531 			 0.0 			348.846531
g5	 75 	 348.846531 			 0.0 			348.846531
g5	 76 	 348.846531 			 0.0 			348.846531
g5	 77 	 348.846531 			 0.0 			348.846531
g5	 78 	 348.846531 			 0.0 			348.846531
g5	 79 	 348.846531 			 0.0 			348.846531
g5	 80 	 348.846531 			 0.0 			348.846531
g5	 81 	 348.846531 			 0.0 			348.846531
g5	 82 	 348.846531 			 0.0 			348.846531
g5	 83 	 348.846531 			 0.0 			348.846531
g5	 84 	 348.846531 			 0.0 			348.846531
g5	 85 	 348.846531 			 0.0 			348.846531
g5	 86 	 348.846531 			 0.0 			348.846531
g5	 87 	 348.846531 			 0.0 			348.846531
g5	 88 	 348.846531 			 0.0 			348.846531
g5	 89 	 348.846531 			 0.0 			348.846531
g5	 90 	 348.846531 			 0.0 			348.846531
g5	 91 	 348.846531 			 0.0 			348.846531
g5	 92 	 348.846531 			 0.0 			348.846531
g5	 93 	 348.846531 			 0.0 			348.846531
g5	 94 	 348.846531 			 0.0 			348.846531
g5	 95 	 348.846531 			 0.0 			348.846531
g5	 96 	 348.846531 			 0.0 			348.846531
----------------------------------------------------------------------------------------------------
 
unit 	 generation 	 generation cost 	 start-up cost 	 total cost
----------------------------------------------------------------------------------------------------
g1 	 6699.155843			249663.009222			 0.000000		 249663.009222
g2 	 672.244613			39744.804980			 10598.130000		 50342.934980
g3 	 65.682380			4211.452944			 4595.430000		 8806.882944
g4 	 0.000000			0.000000			 0.000000		 0.000000
g5 	 541.451371			32519.522960			 6821.790000		 39341.312960
----------------------------------------------------------------------------------------------------
 
generation cost 	 start-up cost 		 total cost
----------------------------------------------------------------------------------------------------
326138.79010599974 			 22015.35 			 348154.1401059999
----------------------------------------------------------------------------------------------------
uplift payment for generator g1: 0.0
uplift payment for generator g2: 21709.891091
uplift payment for generator g3: 6039.408499
uplift payment for generator g4: 0.0
uplift payment for generator g5: 15959.29331
 
****************************************************************************************************
 
rtm Systemwide prices
----------------------------------------------------------------------------------------------------
time	 energy 	 up-FRP 	 dw-FRP
----------------------------------------------------------------------------------------------------
1 	 9.614507 		 0.0 		 0.0
2 	 9.614507 		 0.0 		 0.0
3 	 9.614507 		 0.0 		 0.0
4 	 9.614507 		 0.0 		 0.0
5 	 9.408671 		 0.0 		 0.0
6 	 9.408671 		 0.0 		 0.0
7 	 9.408671 		 0.0 		 0.0
8 	 9.408671 		 0.0 		 0.0
9 	 9.408671 		 0.0 		 0.0
10 	 9.408671 		 0.0 		 0.0
11 	 9.408671 		 0.0 		 0.0
12 	 9.408671 		 0.0 		 0.0
13 	 9.408671 		 0.0 		 0.0
14 	 9.408671 		 0.0 		 0.0
15 	 9.408671 		 0.0 		 0.0
16 	 9.408671 		 0.0 		 0.0
17 	 9.408671 		 0.0 		 0.0
18 	 9.408671 		 0.0 		 0.0
19 	 9.408671 		 0.0 		 0.0
20 	 9.408671 		 0.0 		 0.0
21 	 9.408671 		 0.0 		 0.0
22 	 9.408671 		 0.0 		 0.0
23 	 9.408671 		 0.0 		 0.0
24 	 9.408671 		 0.0 		 0.0
25 	 9.408671 		 0.0 		 0.0
26 	 9.408671 		 0.0 		 0.0
27 	 9.408671 		 0.0 		 0.0
28 	 9.408671 		 0.0 		 0.0
29 	 9.614507 		 0.0 		 0.0
30 	 9.408671 		 0.0 		 0.0
31 	 9.614507 		 0.0 		 0.0
32 	 9.408671 		 0.0 		 0.0
33 	 9.614507 		 0.0 		 0.0
34 	 9.614507 		 0.0 		 0.0
35 	 9.614507 		 0.0 		 0.0
36 	 9.457625 		 0.0 		 0.0
37 	 9.614507 		 0.0 		 0.0
38 	 9.614507 		 0.0 		 0.0
39 	 9.614507 		 0.0 		 0.0
40 	 9.614507 		 0.0 		 0.0
41 	 9.614507 		 0.0 		 0.0
42 	 9.614507 		 0.0 		 0.0
43 	 9.614507 		 0.0 		 0.0
44 	 9.614507 		 0.0 		 0.0
45 	 9.614507 		 0.0 		 0.0
46 	 9.614507 		 0.0 		 0.0
47 	 9.614507 		 0.0 		 0.0
48 	 9.614507 		 0.0 		 0.0
49 	 10.185876 		 0.0 		 0.0
50 	 10.185876 		 0.0 		 0.0
51 	 10.185876 		 0.0 		 0.0
52 	 10.185876 		 0.0 		 0.0
53 	 10.185876 		 0.0 		 0.0
54 	 10.185876 		 0.0 		 0.0
55 	 10.185876 		 0.0 		 0.0
56 	 10.185876 		 0.0 		 0.0
57 	 10.185876 		 0.0 		 0.0
58 	 10.185876 		 0.0 		 0.0
59 	 10.185876 		 0.0 		 0.0
60 	 11.022192 		 0.0 		 0.0
61 	 10.185876 		 0.0 		 0.0
62 	 11.022192 		 0.0 		 0.0
63 	 11.022192 		 0.0 		 0.0
64 	 11.022192 		 0.0 		 0.0
65 	 11.022192 		 0.0 		 0.0
66 	 11.022192 		 0.0 		 0.0
67 	 11.022192 		 0.0 		 0.0
68 	 11.022192 		 0.0 		 0.0
69 	 9.614507 		 0.0 		 0.0
70 	 10.492296 		 0.0 		 0.0
71 	 9.614507 		 0.0 		 0.0
72 	 11.022192 		 0.0 		 0.0
73 	 9.614507 		 0.0 		 0.0
74 	 10.185876 		 0.0 		 0.0
75 	 9.614507 		 0.0 		 0.0
76 	 9.614507 		 0.0 		 0.0
77 	 9.614507 		 0.0 		 0.0
78 	 9.614507 		 0.0 		 0.0
79 	 9.614507 		 0.0 		 0.0
80 	 9.614507 		 0.0 		 0.0
81 	 10.185876 		 0.0 		 0.0
82 	 9.614507 		 0.0 		 0.0
83 	 10.185876 		 0.0 		 0.0
84 	 9.614507 		 0.0 		 0.0
85 	 9.614507 		 0.0 		 0.0
86 	 9.614507 		 0.0 		 0.0
87 	 9.614507 		 0.0 		 0.0
88 	 9.614507 		 0.0 		 0.0
89 	 9.614507 		 0.0 		 0.0
90 	 9.614507 		 0.0 		 0.0
91 	 9.614507 		 0.0 		 0.0
92 	 9.614507 		 0.0 		 0.0
93 	 9.614507 		 0.0 		 0.0
94 	 9.614507 		 0.0 		 0.0
95 	 9.614507 		 0.0 		 0.0
96 	 9.614507 		 0.0 		 0.0
 
****************************************************************************************************
 
rtm Post-uplift payments
----------------------------------------------------------------------------------------------------------------------------------------------------
unit 	 generation payment 	 up-FRP payment 	 dw-FRP payment 	pre-up t. payment 	 uplift payments 	 post-up t. payment 	 profit
----------------------------------------------------------------------------------------------------------------------------------------------------
 g1 	 15275.363417			 0.000000			 0.000000			 15275.363417			 0.000000			 15275.363417		 30073.345581
 g2 	 2237.784658			 0.000000			 0.000000			 2237.784658			 21709.891091			 23947.675749		 0.000000
 g3 	 191.421074			 0.000000			 0.000000			 191.421074			 6039.408499			 6230.829573		 0.000000
 g4 	 0.000000			 0.000000			 0.000000			 0.000000			 0.000000			 0.000000		 0.000000
 g5 	 2253.548383			 0.000000			 0.000000			 2253.548383			 15959.293310			 18212.841693		 -0.000000
****************************************************************************************************
 
Total generator payments
----------------------------------------------------------------------------------------------------------------------------------------------------
unit 	 generation payment 	 up-FRP payment 	 dw-FRP payment 	pre-up t. payment 	 uplift payments 	 post-up t. payment 	 profit
----------------------------------------------------------------------------------------------------------------------------------------------------
 g1 	 279720.006744			 16.348059			 0.000000			 279736.354803			 0.000000			 279736.354803		 30073.345581
 g2 	 28615.549866			 17.494023			 0.000000			 28633.043889			 21709.891091			 50342.934980		 0.000000
 g3 	 2767.474445			 0.000000			 0.000000			 2767.474445			 6039.408499			 8806.882944		 -0.000000
 g4 	 0.000000			 0.000000			 0.000000			 0.000000			 0.000000			 0.000000		 0.000000
 g5 	 23370.300182			 11.719468			 0.000000			 23382.019650			 15959.293310			 39341.312960		 -0.000000
 
****************************************************************************************************
 
rtm LMP
----------------------------------------------------------------------------------------------------
bus name 	 time 		 LMP
----------------------------------------------------------------------------------------------------
b1 		 1 		 9.614507
b1 		 2 		 9.614507
b1 		 3 		 9.614507
b1 		 4 		 9.614507
b1 		 5 		 9.408671
b1 		 6 		 9.408671
b1 		 7 		 9.408671
b1 		 8 		 9.408671
b1 		 9 		 9.408671
b1 		 10 		 9.408671
b1 		 11 		 9.408671
b1 		 12 		 9.408671
b1 		 13 		 9.408671
b1 		 14 		 9.408671
b1 		 15 		 9.408671
b1 		 16 		 9.408671
b1 		 17 		 9.408671
b1 		 18 		 9.408671
b1 		 19 		 9.408671
b1 		 20 		 9.408671
b1 		 21 		 9.408671
b1 		 22 		 9.408671
b1 		 23 		 9.408671
b1 		 24 		 9.408671
b1 		 25 		 9.408671
b1 		 26 		 9.408671
b1 		 27 		 9.408671
b1 		 28 		 9.408671
b1 		 29 		 9.614507
b1 		 30 		 9.408671
b1 		 31 		 9.614507
b1 		 32 		 9.408671
b1 		 33 		 9.614507
b1 		 34 		 9.614507
b1 		 35 		 9.614507
b1 		 36 		 9.457625
b1 		 37 		 9.614507
b1 		 38 		 9.614507
b1 		 39 		 9.614507
b1 		 40 		 9.614507
b1 		 41 		 9.614507
b1 		 42 		 9.614507
b1 		 43 		 9.614507
b1 		 44 		 9.614507
b1 		 45 		 9.614507
b1 		 46 		 9.614507
b1 		 47 		 9.614507
b1 		 48 		 9.614507
b1 		 49 		 10.185876
b1 		 50 		 10.185876
b1 		 51 		 10.185876
b1 		 52 		 10.185876
b1 		 53 		 10.185876
b1 		 54 		 10.185876
b1 		 55 		 10.185876
b1 		 56 		 10.185876
b1 		 57 		 10.185876
b1 		 58 		 10.185876
b1 		 59 		 10.185876
b1 		 60 		 11.022192
b1 		 61 		 10.185876
b1 		 62 		 11.022192
b1 		 63 		 11.022192
b1 		 64 		 11.022192
b1 		 65 		 11.022192
b1 		 66 		 11.022192
b1 		 67 		 11.022192
b1 		 68 		 11.022192
b1 		 69 		 9.614507
b1 		 70 		 10.492296
b1 		 71 		 9.614507
b1 		 72 		 11.022192
b1 		 73 		 9.614507
b1 		 74 		 10.185876
b1 		 75 		 9.614507
b1 		 76 		 9.614507
b1 		 77 		 9.614507
b1 		 78 		 9.614507
b1 		 79 		 9.614507
b1 		 80 		 9.614507
b1 		 81 		 10.185876
b1 		 82 		 9.614507
b1 		 83 		 10.185876
b1 		 84 		 9.614507
b1 		 85 		 9.614507
b1 		 86 		 9.614507
b1 		 87 		 9.614507
b1 		 88 		 9.614507
b1 		 89 		 9.614507
b1 		 90 		 9.614507
b1 		 91 		 9.614507
b1 		 92 		 9.614507
b1 		 93 		 9.614507
b1 		 94 		 9.614507
b1 		 95 		 9.614507
b1 		 96 		 9.614507
----------------------------------------------------------------------------------------------------
b2 		 1 		 9.614507
b2 		 2 		 9.614507
b2 		 3 		 9.614507
b2 		 4 		 9.614507
b2 		 5 		 9.408671
b2 		 6 		 9.408671
b2 		 7 		 9.408671
b2 		 8 		 9.408671
b2 		 9 		 9.408671
b2 		 10 		 9.408671
b2 		 11 		 9.408671
b2 		 12 		 9.408671
b2 		 13 		 9.408671
b2 		 14 		 9.408671
b2 		 15 		 9.408671
b2 		 16 		 9.408671
b2 		 17 		 9.408671
b2 		 18 		 9.408671
b2 		 19 		 9.408671
b2 		 20 		 9.408671
b2 		 21 		 9.408671
b2 		 22 		 9.408671
b2 		 23 		 9.408671
b2 		 24 		 9.408671
b2 		 25 		 9.408671
b2 		 26 		 9.408671
b2 		 27 		 9.408671
b2 		 28 		 9.408671
b2 		 29 		 9.614507
b2 		 30 		 9.408671
b2 		 31 		 9.614507
b2 		 32 		 9.408671
b2 		 33 		 9.614507
b2 		 34 		 9.614507
b2 		 35 		 9.614507
b2 		 36 		 9.457625
b2 		 37 		 9.614507
b2 		 38 		 9.614507
b2 		 39 		 9.614507
b2 		 40 		 9.614507
b2 		 41 		 9.614507
b2 		 42 		 9.614507
b2 		 43 		 9.614507
b2 		 44 		 9.614507
b2 		 45 		 9.614507
b2 		 46 		 9.614507
b2 		 47 		 9.614507
b2 		 48 		 9.614507
b2 		 49 		 10.185876
b2 		 50 		 10.185876
b2 		 51 		 10.185876
b2 		 52 		 10.185876
b2 		 53 		 10.185876
b2 		 54 		 10.185876
b2 		 55 		 10.185876
b2 		 56 		 10.185876
b2 		 57 		 10.185876
b2 		 58 		 10.185876
b2 		 59 		 10.185876
b2 		 60 		 11.022192
b2 		 61 		 10.185876
b2 		 62 		 11.022192
b2 		 63 		 11.022192
b2 		 64 		 11.022192
b2 		 65 		 11.022192
b2 		 66 		 11.022192
b2 		 67 		 11.022192
b2 		 68 		 11.022192
b2 		 69 		 9.614507
b2 		 70 		 10.492296
b2 		 71 		 9.614507
b2 		 72 		 11.022192
b2 		 73 		 9.614507
b2 		 74 		 10.185876
b2 		 75 		 9.614507
b2 		 76 		 9.614507
b2 		 77 		 9.614507
b2 		 78 		 9.614507
b2 		 79 		 9.614507
b2 		 80 		 9.614507
b2 		 81 		 10.185876
b2 		 82 		 9.614507
b2 		 83 		 10.185876
b2 		 84 		 9.614507
b2 		 85 		 9.614507
b2 		 86 		 9.614507
b2 		 87 		 9.614507
b2 		 88 		 9.614507
b2 		 89 		 9.614507
b2 		 90 		 9.614507
b2 		 91 		 9.614507
b2 		 92 		 9.614507
b2 		 93 		 9.614507
b2 		 94 		 9.614507
b2 		 95 		 9.614507
b2 		 96 		 9.614507
----------------------------------------------------------------------------------------------------
b3 		 1 		 9.614507
b3 		 2 		 9.614507
b3 		 3 		 9.614507
b3 		 4 		 9.614507
b3 		 5 		 9.408671
b3 		 6 		 9.408671
b3 		 7 		 9.408671
b3 		 8 		 9.408671
b3 		 9 		 9.408671
b3 		 10 		 9.408671
b3 		 11 		 9.408671
b3 		 12 		 9.408671
b3 		 13 		 9.408671
b3 		 14 		 9.408671
b3 		 15 		 9.408671
b3 		 16 		 9.408671
b3 		 17 		 9.408671
b3 		 18 		 9.408671
b3 		 19 		 9.408671
b3 		 20 		 9.408671
b3 		 21 		 9.408671
b3 		 22 		 9.408671
b3 		 23 		 9.408671
b3 		 24 		 9.408671
b3 		 25 		 9.408671
b3 		 26 		 9.408671
b3 		 27 		 9.408671
b3 		 28 		 9.408671
b3 		 29 		 9.614507
b3 		 30 		 9.408671
b3 		 31 		 9.614507
b3 		 32 		 9.408671
b3 		 33 		 9.614507
b3 		 34 		 9.614507
b3 		 35 		 9.614507
b3 		 36 		 9.457625
b3 		 37 		 9.614507
b3 		 38 		 9.614507
b3 		 39 		 9.614507
b3 		 40 		 9.614507
b3 		 41 		 9.614507
b3 		 42 		 9.614507
b3 		 43 		 9.614507
b3 		 44 		 9.614507
b3 		 45 		 9.614507
b3 		 46 		 9.614507
b3 		 47 		 9.614507
b3 		 48 		 9.614507
b3 		 49 		 10.185876
b3 		 50 		 10.185876
b3 		 51 		 10.185876
b3 		 52 		 10.185876
b3 		 53 		 10.185876
b3 		 54 		 10.185876
b3 		 55 		 10.185876
b3 		 56 		 10.185876
b3 		 57 		 10.185876
b3 		 58 		 10.185876
b3 		 59 		 10.185876
b3 		 60 		 11.022192
b3 		 61 		 10.185876
b3 		 62 		 11.022192
b3 		 63 		 11.022192
b3 		 64 		 11.022192
b3 		 65 		 11.022192
b3 		 66 		 11.022192
b3 		 67 		 11.022192
b3 		 68 		 11.022192
b3 		 69 		 9.614507
b3 		 70 		 10.492296
b3 		 71 		 9.614507
b3 		 72 		 11.022192
b3 		 73 		 9.614507
b3 		 74 		 10.185876
b3 		 75 		 9.614507
b3 		 76 		 9.614507
b3 		 77 		 9.614507
b3 		 78 		 9.614507
b3 		 79 		 9.614507
b3 		 80 		 9.614507
b3 		 81 		 10.185876
b3 		 82 		 9.614507
b3 		 83 		 10.185876
b3 		 84 		 9.614507
b3 		 85 		 9.614507
b3 		 86 		 9.614507
b3 		 87 		 9.614507
b3 		 88 		 9.614507
b3 		 89 		 9.614507
b3 		 90 		 9.614507
b3 		 91 		 9.614507
b3 		 92 		 9.614507
b3 		 93 		 9.614507
b3 		 94 		 9.614507
b3 		 95 		 9.614507
b3 		 96 		 9.614507
----------------------------------------------------------------------------------------------------
b4 		 1 		 9.614507
b4 		 2 		 9.614507
b4 		 3 		 9.614507
b4 		 4 		 9.614507
b4 		 5 		 9.408671
b4 		 6 		 9.408671
b4 		 7 		 9.408671
b4 		 8 		 9.408671
b4 		 9 		 9.408671
b4 		 10 		 9.408671
b4 		 11 		 9.408671
b4 		 12 		 9.408671
b4 		 13 		 9.408671
b4 		 14 		 9.408671
b4 		 15 		 9.408671
b4 		 16 		 9.408671
b4 		 17 		 9.408671
b4 		 18 		 9.408671
b4 		 19 		 9.408671
b4 		 20 		 9.408671
b4 		 21 		 9.408671
b4 		 22 		 9.408671
b4 		 23 		 9.408671
b4 		 24 		 9.408671
b4 		 25 		 9.408671
b4 		 26 		 9.408671
b4 		 27 		 9.408671
b4 		 28 		 9.408671
b4 		 29 		 9.614507
b4 		 30 		 9.408671
b4 		 31 		 9.614507
b4 		 32 		 9.408671
b4 		 33 		 9.614507
b4 		 34 		 9.614507
b4 		 35 		 9.614507
b4 		 36 		 9.457625
b4 		 37 		 9.614507
b4 		 38 		 9.614507
b4 		 39 		 9.614507
b4 		 40 		 9.614507
b4 		 41 		 9.614507
b4 		 42 		 9.614507
b4 		 43 		 9.614507
b4 		 44 		 9.614507
b4 		 45 		 9.614507
b4 		 46 		 9.614507
b4 		 47 		 9.614507
b4 		 48 		 9.614507
b4 		 49 		 10.185876
b4 		 50 		 10.185876
b4 		 51 		 10.185876
b4 		 52 		 10.185876
b4 		 53 		 10.185876
b4 		 54 		 10.185876
b4 		 55 		 10.185876
b4 		 56 		 10.185876
b4 		 57 		 10.185876
b4 		 58 		 10.185876
b4 		 59 		 10.185876
b4 		 60 		 11.022192
b4 		 61 		 10.185876
b4 		 62 		 11.022192
b4 		 63 		 11.022192
b4 		 64 		 11.022192
b4 		 65 		 11.022192
b4 		 66 		 11.022192
b4 		 67 		 11.022192
b4 		 68 		 11.022192
b4 		 69 		 9.614507
b4 		 70 		 10.492296
b4 		 71 		 9.614507
b4 		 72 		 11.022192
b4 		 73 		 9.614507
b4 		 74 		 10.185876
b4 		 75 		 9.614507
b4 		 76 		 9.614507
b4 		 77 		 9.614507
b4 		 78 		 9.614507
b4 		 79 		 9.614507
b4 		 80 		 9.614507
b4 		 81 		 10.185876
b4 		 82 		 9.614507
b4 		 83 		 10.185876
b4 		 84 		 9.614507
b4 		 85 		 9.614507
b4 		 86 		 9.614507
b4 		 87 		 9.614507
b4 		 88 		 9.614507
b4 		 89 		 9.614507
b4 		 90 		 9.614507
b4 		 91 		 9.614507
b4 		 92 		 9.614507
b4 		 93 		 9.614507
b4 		 94 		 9.614507
b4 		 95 		 9.614507
b4 		 96 		 9.614507
----------------------------------------------------------------------------------------------------
b5 		 1 		 9.614507
b5 		 2 		 9.614507
b5 		 3 		 9.614507
b5 		 4 		 9.614507
b5 		 5 		 9.408671
b5 		 6 		 9.408671
b5 		 7 		 9.408671
b5 		 8 		 9.408671
b5 		 9 		 9.408671
b5 		 10 		 9.408671
b5 		 11 		 9.408671
b5 		 12 		 9.408671
b5 		 13 		 9.408671
b5 		 14 		 9.408671
b5 		 15 		 9.408671
b5 		 16 		 9.408671
b5 		 17 		 9.408671
b5 		 18 		 9.408671
b5 		 19 		 9.408671
b5 		 20 		 9.408671
b5 		 21 		 9.408671
b5 		 22 		 9.408671
b5 		 23 		 9.408671
b5 		 24 		 9.408671
b5 		 25 		 9.408671
b5 		 26 		 9.408671
b5 		 27 		 9.408671
b5 		 28 		 9.408671
b5 		 29 		 9.614507
b5 		 30 		 9.408671
b5 		 31 		 9.614507
b5 		 32 		 9.408671
b5 		 33 		 9.614507
b5 		 34 		 9.614507
b5 		 35 		 9.614507
b5 		 36 		 9.457625
b5 		 37 		 9.614507
b5 		 38 		 9.614507
b5 		 39 		 9.614507
b5 		 40 		 9.614507
b5 		 41 		 9.614507
b5 		 42 		 9.614507
b5 		 43 		 9.614507
b5 		 44 		 9.614507
b5 		 45 		 9.614507
b5 		 46 		 9.614507
b5 		 47 		 9.614507
b5 		 48 		 9.614507
b5 		 49 		 10.185876
b5 		 50 		 10.185876
b5 		 51 		 10.185876
b5 		 52 		 10.185876
b5 		 53 		 10.185876
b5 		 54 		 10.185876
b5 		 55 		 10.185876
b5 		 56 		 10.185876
b5 		 57 		 10.185876
b5 		 58 		 10.185876
b5 		 59 		 10.185876
b5 		 60 		 11.022192
b5 		 61 		 10.185876
b5 		 62 		 11.022192
b5 		 63 		 11.022192
b5 		 64 		 11.022192
b5 		 65 		 11.022192
b5 		 66 		 11.022192
b5 		 67 		 11.022192
b5 		 68 		 11.022192
b5 		 69 		 9.614507
b5 		 70 		 10.492296
b5 		 71 		 9.614507
b5 		 72 		 11.022192
b5 		 73 		 9.614507
b5 		 74 		 10.185876
b5 		 75 		 9.614507
b5 		 76 		 9.614507
b5 		 77 		 9.614507
b5 		 78 		 9.614507
b5 		 79 		 9.614507
b5 		 80 		 9.614507
b5 		 81 		 10.185876
b5 		 82 		 9.614507
b5 		 83 		 10.185876
b5 		 84 		 9.614507
b5 		 85 		 9.614507
b5 		 86 		 9.614507
b5 		 87 		 9.614507
b5 		 88 		 9.614507
b5 		 89 		 9.614507
b5 		 90 		 9.614507
b5 		 91 		 9.614507
b5 		 92 		 9.614507
b5 		 93 		 9.614507
b5 		 94 		 9.614507
b5 		 95 		 9.614507
b5 		 96 		 9.614507
----------------------------------------------------------------------------------------------------
b6 		 1 		 9.614507
b6 		 2 		 9.614507
b6 		 3 		 9.614507
b6 		 4 		 9.614507
b6 		 5 		 9.408671
b6 		 6 		 9.408671
b6 		 7 		 9.408671
b6 		 8 		 9.408671
b6 		 9 		 9.408671
b6 		 10 		 9.408671
b6 		 11 		 9.408671
b6 		 12 		 9.408671
b6 		 13 		 9.408671
b6 		 14 		 9.408671
b6 		 15 		 9.408671
b6 		 16 		 9.408671
b6 		 17 		 9.408671
b6 		 18 		 9.408671
b6 		 19 		 9.408671
b6 		 20 		 9.408671
b6 		 21 		 9.408671
b6 		 22 		 9.408671
b6 		 23 		 9.408671
b6 		 24 		 9.408671
b6 		 25 		 9.408671
b6 		 26 		 9.408671
b6 		 27 		 9.408671
b6 		 28 		 9.408671
b6 		 29 		 9.614507
b6 		 30 		 9.408671
b6 		 31 		 9.614507
b6 		 32 		 9.408671
b6 		 33 		 9.614507
b6 		 34 		 9.614507
b6 		 35 		 9.614507
b6 		 36 		 9.457625
b6 		 37 		 9.614507
b6 		 38 		 9.614507
b6 		 39 		 9.614507
b6 		 40 		 9.614507
b6 		 41 		 9.614507
b6 		 42 		 9.614507
b6 		 43 		 9.614507
b6 		 44 		 9.614507
b6 		 45 		 9.614507
b6 		 46 		 9.614507
b6 		 47 		 9.614507
b6 		 48 		 9.614507
b6 		 49 		 10.185876
b6 		 50 		 10.185876
b6 		 51 		 10.185876
b6 		 52 		 10.185876
b6 		 53 		 10.185876
b6 		 54 		 10.185876
b6 		 55 		 10.185876
b6 		 56 		 10.185876
b6 		 57 		 10.185876
b6 		 58 		 10.185876
b6 		 59 		 10.185876
b6 		 60 		 11.022192
b6 		 61 		 10.185876
b6 		 62 		 11.022192
b6 		 63 		 11.022192
b6 		 64 		 11.022192
b6 		 65 		 11.022192
b6 		 66 		 11.022192
b6 		 67 		 11.022192
b6 		 68 		 11.022192
b6 		 69 		 9.614507
b6 		 70 		 10.492296
b6 		 71 		 9.614507
b6 		 72 		 11.022192
b6 		 73 		 9.614507
b6 		 74 		 10.185876
b6 		 75 		 9.614507
b6 		 76 		 9.614507
b6 		 77 		 9.614507
b6 		 78 		 9.614507
b6 		 79 		 9.614507
b6 		 80 		 9.614507
b6 		 81 		 10.185876
b6 		 82 		 9.614507
b6 		 83 		 10.185876
b6 		 84 		 9.614507
b6 		 85 		 9.614507
b6 		 86 		 9.614507
b6 		 87 		 9.614507
b6 		 88 		 9.614507
b6 		 89 		 9.614507
b6 		 90 		 9.614507
b6 		 91 		 9.614507
b6 		 92 		 9.614507
b6 		 93 		 9.614507
b6 		 94 		 9.614507
b6 		 95 		 9.614507
b6 		 96 		 9.614507
----------------------------------------------------------------------------------------------------
b7 		 1 		 9.614507
b7 		 2 		 9.614507
b7 		 3 		 9.614507
b7 		 4 		 9.614507
b7 		 5 		 9.408671
b7 		 6 		 9.408671
b7 		 7 		 9.408671
b7 		 8 		 9.408671
b7 		 9 		 9.408671
b7 		 10 		 9.408671
b7 		 11 		 9.408671
b7 		 12 		 9.408671
b7 		 13 		 9.408671
b7 		 14 		 9.408671
b7 		 15 		 9.408671
b7 		 16 		 9.408671
b7 		 17 		 9.408671
b7 		 18 		 9.408671
b7 		 19 		 9.408671
b7 		 20 		 9.408671
b7 		 21 		 9.408671
b7 		 22 		 9.408671
b7 		 23 		 9.408671
b7 		 24 		 9.408671
b7 		 25 		 9.408671
b7 		 26 		 9.408671
b7 		 27 		 9.408671
b7 		 28 		 9.408671
b7 		 29 		 9.614507
b7 		 30 		 9.408671
b7 		 31 		 9.614507
b7 		 32 		 9.408671
b7 		 33 		 9.614507
b7 		 34 		 9.614507
b7 		 35 		 9.614507
b7 		 36 		 9.457625
b7 		 37 		 9.614507
b7 		 38 		 9.614507
b7 		 39 		 9.614507
b7 		 40 		 9.614507
b7 		 41 		 9.614507
b7 		 42 		 9.614507
b7 		 43 		 9.614507
b7 		 44 		 9.614507
b7 		 45 		 9.614507
b7 		 46 		 9.614507
b7 		 47 		 9.614507
b7 		 48 		 9.614507
b7 		 49 		 10.185876
b7 		 50 		 10.185876
b7 		 51 		 10.185876
b7 		 52 		 10.185876
b7 		 53 		 10.185876
b7 		 54 		 10.185876
b7 		 55 		 10.185876
b7 		 56 		 10.185876
b7 		 57 		 10.185876
b7 		 58 		 10.185876
b7 		 59 		 10.185876
b7 		 60 		 11.022192
b7 		 61 		 10.185876
b7 		 62 		 11.022192
b7 		 63 		 11.022192
b7 		 64 		 11.022192
b7 		 65 		 11.022192
b7 		 66 		 11.022192
b7 		 67 		 11.022192
b7 		 68 		 11.022192
b7 		 69 		 9.614507
b7 		 70 		 10.492296
b7 		 71 		 9.614507
b7 		 72 		 11.022192
b7 		 73 		 9.614507
b7 		 74 		 10.185876
b7 		 75 		 9.614507
b7 		 76 		 9.614507
b7 		 77 		 9.614507
b7 		 78 		 9.614507
b7 		 79 		 9.614507
b7 		 80 		 9.614507
b7 		 81 		 10.185876
b7 		 82 		 9.614507
b7 		 83 		 10.185876
b7 		 84 		 9.614507
b7 		 85 		 9.614507
b7 		 86 		 9.614507
b7 		 87 		 9.614507
b7 		 88 		 9.614507
b7 		 89 		 9.614507
b7 		 90 		 9.614507
b7 		 91 		 9.614507
b7 		 92 		 9.614507
b7 		 93 		 9.614507
b7 		 94 		 9.614507
b7 		 95 		 9.614507
b7 		 96 		 9.614507
----------------------------------------------------------------------------------------------------
b8 		 1 		 9.614507
b8 		 2 		 9.614507
b8 		 3 		 9.614507
b8 		 4 		 9.614507
b8 		 5 		 9.408671
b8 		 6 		 9.408671
b8 		 7 		 9.408671
b8 		 8 		 9.408671
b8 		 9 		 9.408671
b8 		 10 		 9.408671
b8 		 11 		 9.408671
b8 		 12 		 9.408671
b8 		 13 		 9.408671
b8 		 14 		 9.408671
b8 		 15 		 9.408671
b8 		 16 		 9.408671
b8 		 17 		 9.408671
b8 		 18 		 9.408671
b8 		 19 		 9.408671
b8 		 20 		 9.408671
b8 		 21 		 9.408671
b8 		 22 		 9.408671
b8 		 23 		 9.408671
b8 		 24 		 9.408671
b8 		 25 		 9.408671
b8 		 26 		 9.408671
b8 		 27 		 9.408671
b8 		 28 		 9.408671
b8 		 29 		 9.614507
b8 		 30 		 9.408671
b8 		 31 		 9.614507
b8 		 32 		 9.408671
b8 		 33 		 9.614507
b8 		 34 		 9.614507
b8 		 35 		 9.614507
b8 		 36 		 9.457625
b8 		 37 		 9.614507
b8 		 38 		 9.614507
b8 		 39 		 9.614507
b8 		 40 		 9.614507
b8 		 41 		 9.614507
b8 		 42 		 9.614507
b8 		 43 		 9.614507
b8 		 44 		 9.614507
b8 		 45 		 9.614507
b8 		 46 		 9.614507
b8 		 47 		 9.614507
b8 		 48 		 9.614507
b8 		 49 		 10.185876
b8 		 50 		 10.185876
b8 		 51 		 10.185876
b8 		 52 		 10.185876
b8 		 53 		 10.185876
b8 		 54 		 10.185876
b8 		 55 		 10.185876
b8 		 56 		 10.185876
b8 		 57 		 10.185876
b8 		 58 		 10.185876
b8 		 59 		 10.185876
b8 		 60 		 11.022192
b8 		 61 		 10.185876
b8 		 62 		 11.022192
b8 		 63 		 11.022192
b8 		 64 		 11.022192
b8 		 65 		 11.022192
b8 		 66 		 11.022192
b8 		 67 		 11.022192
b8 		 68 		 11.022192
b8 		 69 		 9.614507
b8 		 70 		 10.492296
b8 		 71 		 9.614507
b8 		 72 		 11.022192
b8 		 73 		 9.614507
b8 		 74 		 10.185876
b8 		 75 		 9.614507
b8 		 76 		 9.614507
b8 		 77 		 9.614507
b8 		 78 		 9.614507
b8 		 79 		 9.614507
b8 		 80 		 9.614507
b8 		 81 		 10.185876
b8 		 82 		 9.614507
b8 		 83 		 10.185876
b8 		 84 		 9.614507
b8 		 85 		 9.614507
b8 		 86 		 9.614507
b8 		 87 		 9.614507
b8 		 88 		 9.614507
b8 		 89 		 9.614507
b8 		 90 		 9.614507
b8 		 91 		 9.614507
b8 		 92 		 9.614507
b8 		 93 		 9.614507
b8 		 94 		 9.614507
b8 		 95 		 9.614507
b8 		 96 		 9.614507
----------------------------------------------------------------------------------------------------
b9 		 1 		 9.614507
b9 		 2 		 9.614507
b9 		 3 		 9.614507
b9 		 4 		 9.614507
b9 		 5 		 9.408671
b9 		 6 		 9.408671
b9 		 7 		 9.408671
b9 		 8 		 9.408671
b9 		 9 		 9.408671
b9 		 10 		 9.408671
b9 		 11 		 9.408671
b9 		 12 		 9.408671
b9 		 13 		 9.408671
b9 		 14 		 9.408671
b9 		 15 		 9.408671
b9 		 16 		 9.408671
b9 		 17 		 9.408671
b9 		 18 		 9.408671
b9 		 19 		 9.408671
b9 		 20 		 9.408671
b9 		 21 		 9.408671
b9 		 22 		 9.408671
b9 		 23 		 9.408671
b9 		 24 		 9.408671
b9 		 25 		 9.408671
b9 		 26 		 9.408671
b9 		 27 		 9.408671
b9 		 28 		 9.408671
b9 		 29 		 9.614507
b9 		 30 		 9.408671
b9 		 31 		 9.614507
b9 		 32 		 9.408671
b9 		 33 		 9.614507
b9 		 34 		 9.614507
b9 		 35 		 9.614507
b9 		 36 		 9.457625
b9 		 37 		 9.614507
b9 		 38 		 9.614507
b9 		 39 		 9.614507
b9 		 40 		 9.614507
b9 		 41 		 9.614507
b9 		 42 		 9.614507
b9 		 43 		 9.614507
b9 		 44 		 9.614507
b9 		 45 		 9.614507
b9 		 46 		 9.614507
b9 		 47 		 9.614507
b9 		 48 		 9.614507
b9 		 49 		 10.185876
b9 		 50 		 10.185876
b9 		 51 		 10.185876
b9 		 52 		 10.185876
b9 		 53 		 10.185876
b9 		 54 		 10.185876
b9 		 55 		 10.185876
b9 		 56 		 10.185876
b9 		 57 		 10.185876
b9 		 58 		 10.185876
b9 		 59 		 10.185876
b9 		 60 		 11.022192
b9 		 61 		 10.185876
b9 		 62 		 11.022192
b9 		 63 		 11.022192
b9 		 64 		 11.022192
b9 		 65 		 11.022192
b9 		 66 		 11.022192
b9 		 67 		 11.022192
b9 		 68 		 11.022192
b9 		 69 		 9.614507
b9 		 70 		 10.492296
b9 		 71 		 9.614507
b9 		 72 		 11.022192
b9 		 73 		 9.614507
b9 		 74 		 10.185876
b9 		 75 		 9.614507
b9 		 76 		 9.614507
b9 		 77 		 9.614507
b9 		 78 		 9.614507
b9 		 79 		 9.614507
b9 		 80 		 9.614507
b9 		 81 		 10.185876
b9 		 82 		 9.614507
b9 		 83 		 10.185876
b9 		 84 		 9.614507
b9 		 85 		 9.614507
b9 		 86 		 9.614507
b9 		 87 		 9.614507
b9 		 88 		 9.614507
b9 		 89 		 9.614507
b9 		 90 		 9.614507
b9 		 91 		 9.614507
b9 		 92 		 9.614507
b9 		 93 		 9.614507
b9 		 94 		 9.614507
b9 		 95 		 9.614507
b9 		 96 		 9.614507
----------------------------------------------------------------------------------------------------
b10 		 1 		 9.614507
b10 		 2 		 9.614507
b10 		 3 		 9.614507
b10 		 4 		 9.614507
b10 		 5 		 9.408671
b10 		 6 		 9.408671
b10 		 7 		 9.408671
b10 		 8 		 9.408671
b10 		 9 		 9.408671
b10 		 10 		 9.408671
b10 		 11 		 9.408671
b10 		 12 		 9.408671
b10 		 13 		 9.408671
b10 		 14 		 9.408671
b10 		 15 		 9.408671
b10 		 16 		 9.408671
b10 		 17 		 9.408671
b10 		 18 		 9.408671
b10 		 19 		 9.408671
b10 		 20 		 9.408671
b10 		 21 		 9.408671
b10 		 22 		 9.408671
b10 		 23 		 9.408671
b10 		 24 		 9.408671
b10 		 25 		 9.408671
b10 		 26 		 9.408671
b10 		 27 		 9.408671
b10 		 28 		 9.408671
b10 		 29 		 9.614507
b10 		 30 		 9.408671
b10 		 31 		 9.614507
b10 		 32 		 9.408671
b10 		 33 		 9.614507
b10 		 34 		 9.614507
b10 		 35 		 9.614507
b10 		 36 		 9.457625
b10 		 37 		 9.614507
b10 		 38 		 9.614507
b10 		 39 		 9.614507
b10 		 40 		 9.614507
b10 		 41 		 9.614507
b10 		 42 		 9.614507
b10 		 43 		 9.614507
b10 		 44 		 9.614507
b10 		 45 		 9.614507
b10 		 46 		 9.614507
b10 		 47 		 9.614507
b10 		 48 		 9.614507
b10 		 49 		 10.185876
b10 		 50 		 10.185876
b10 		 51 		 10.185876
b10 		 52 		 10.185876
b10 		 53 		 10.185876
b10 		 54 		 10.185876
b10 		 55 		 10.185876
b10 		 56 		 10.185876
b10 		 57 		 10.185876
b10 		 58 		 10.185876
b10 		 59 		 10.185876
b10 		 60 		 11.022192
b10 		 61 		 10.185876
b10 		 62 		 11.022192
b10 		 63 		 11.022192
b10 		 64 		 11.022192
b10 		 65 		 11.022192
b10 		 66 		 11.022192
b10 		 67 		 11.022192
b10 		 68 		 11.022192
b10 		 69 		 9.614507
b10 		 70 		 10.492296
b10 		 71 		 9.614507
b10 		 72 		 11.022192
b10 		 73 		 9.614507
b10 		 74 		 10.185876
b10 		 75 		 9.614507
b10 		 76 		 9.614507
b10 		 77 		 9.614507
b10 		 78 		 9.614507
b10 		 79 		 9.614507
b10 		 80 		 9.614507
b10 		 81 		 10.185876
b10 		 82 		 9.614507
b10 		 83 		 10.185876
b10 		 84 		 9.614507
b10 		 85 		 9.614507
b10 		 86 		 9.614507
b10 		 87 		 9.614507
b10 		 88 		 9.614507
b10 		 89 		 9.614507
b10 		 90 		 9.614507
b10 		 91 		 9.614507
b10 		 92 		 9.614507
b10 		 93 		 9.614507
b10 		 94 		 9.614507
b10 		 95 		 9.614507
b10 		 96 		 9.614507
----------------------------------------------------------------------------------------------------
b11 		 1 		 9.614507
b11 		 2 		 9.614507
b11 		 3 		 9.614507
b11 		 4 		 9.614507
b11 		 5 		 9.408671
b11 		 6 		 9.408671
b11 		 7 		 9.408671
b11 		 8 		 9.408671
b11 		 9 		 9.408671
b11 		 10 		 9.408671
b11 		 11 		 9.408671
b11 		 12 		 9.408671
b11 		 13 		 9.408671
b11 		 14 		 9.408671
b11 		 15 		 9.408671
b11 		 16 		 9.408671
b11 		 17 		 9.408671
b11 		 18 		 9.408671
b11 		 19 		 9.408671
b11 		 20 		 9.408671
b11 		 21 		 9.408671
b11 		 22 		 9.408671
b11 		 23 		 9.408671
b11 		 24 		 9.408671
b11 		 25 		 9.408671
b11 		 26 		 9.408671
b11 		 27 		 9.408671
b11 		 28 		 9.408671
b11 		 29 		 9.614507
b11 		 30 		 9.408671
b11 		 31 		 9.614507
b11 		 32 		 9.408671
b11 		 33 		 9.614507
b11 		 34 		 9.614507
b11 		 35 		 9.614507
b11 		 36 		 9.457625
b11 		 37 		 9.614507
b11 		 38 		 9.614507
b11 		 39 		 9.614507
b11 		 40 		 9.614507
b11 		 41 		 9.614507
b11 		 42 		 9.614507
b11 		 43 		 9.614507
b11 		 44 		 9.614507
b11 		 45 		 9.614507
b11 		 46 		 9.614507
b11 		 47 		 9.614507
b11 		 48 		 9.614507
b11 		 49 		 10.185876
b11 		 50 		 10.185876
b11 		 51 		 10.185876
b11 		 52 		 10.185876
b11 		 53 		 10.185876
b11 		 54 		 10.185876
b11 		 55 		 10.185876
b11 		 56 		 10.185876
b11 		 57 		 10.185876
b11 		 58 		 10.185876
b11 		 59 		 10.185876
b11 		 60 		 11.022192
b11 		 61 		 10.185876
b11 		 62 		 11.022192
b11 		 63 		 11.022192
b11 		 64 		 11.022192
b11 		 65 		 11.022192
b11 		 66 		 11.022192
b11 		 67 		 11.022192
b11 		 68 		 11.022192
b11 		 69 		 9.614507
b11 		 70 		 10.492296
b11 		 71 		 9.614507
b11 		 72 		 11.022192
b11 		 73 		 9.614507
b11 		 74 		 10.185876
b11 		 75 		 9.614507
b11 		 76 		 9.614507
b11 		 77 		 9.614507
b11 		 78 		 9.614507
b11 		 79 		 9.614507
b11 		 80 		 9.614507
b11 		 81 		 10.185876
b11 		 82 		 9.614507
b11 		 83 		 10.185876
b11 		 84 		 9.614507
b11 		 85 		 9.614507
b11 		 86 		 9.614507
b11 		 87 		 9.614507
b11 		 88 		 9.614507
b11 		 89 		 9.614507
b11 		 90 		 9.614507
b11 		 91 		 9.614507
b11 		 92 		 9.614507
b11 		 93 		 9.614507
b11 		 94 		 9.614507
b11 		 95 		 9.614507
b11 		 96 		 9.614507
----------------------------------------------------------------------------------------------------
b12 		 1 		 9.614507
b12 		 2 		 9.614507
b12 		 3 		 9.614507
b12 		 4 		 9.614507
b12 		 5 		 9.408671
b12 		 6 		 9.408671
b12 		 7 		 9.408671
b12 		 8 		 9.408671
b12 		 9 		 9.408671
b12 		 10 		 9.408671
b12 		 11 		 9.408671
b12 		 12 		 9.408671
b12 		 13 		 9.408671
b12 		 14 		 9.408671
b12 		 15 		 9.408671
b12 		 16 		 9.408671
b12 		 17 		 9.408671
b12 		 18 		 9.408671
b12 		 19 		 9.408671
b12 		 20 		 9.408671
b12 		 21 		 9.408671
b12 		 22 		 9.408671
b12 		 23 		 9.408671
b12 		 24 		 9.408671
b12 		 25 		 9.408671
b12 		 26 		 9.408671
b12 		 27 		 9.408671
b12 		 28 		 9.408671
b12 		 29 		 9.614507
b12 		 30 		 9.408671
b12 		 31 		 9.614507
b12 		 32 		 9.408671
b12 		 33 		 9.614507
b12 		 34 		 9.614507
b12 		 35 		 9.614507
b12 		 36 		 9.457625
b12 		 37 		 9.614507
b12 		 38 		 9.614507
b12 		 39 		 9.614507
b12 		 40 		 9.614507
b12 		 41 		 9.614507
b12 		 42 		 9.614507
b12 		 43 		 9.614507
b12 		 44 		 9.614507
b12 		 45 		 9.614507
b12 		 46 		 9.614507
b12 		 47 		 9.614507
b12 		 48 		 9.614507
b12 		 49 		 10.185876
b12 		 50 		 10.185876
b12 		 51 		 10.185876
b12 		 52 		 10.185876
b12 		 53 		 10.185876
b12 		 54 		 10.185876
b12 		 55 		 10.185876
b12 		 56 		 10.185876
b12 		 57 		 10.185876
b12 		 58 		 10.185876
b12 		 59 		 10.185876
b12 		 60 		 11.022192
b12 		 61 		 10.185876
b12 		 62 		 11.022192
b12 		 63 		 11.022192
b12 		 64 		 11.022192
b12 		 65 		 11.022192
b12 		 66 		 11.022192
b12 		 67 		 11.022192
b12 		 68 		 11.022192
b12 		 69 		 9.614507
b12 		 70 		 10.492296
b12 		 71 		 9.614507
b12 		 72 		 11.022192
b12 		 73 		 9.614507
b12 		 74 		 10.185876
b12 		 75 		 9.614507
b12 		 76 		 9.614507
b12 		 77 		 9.614507
b12 		 78 		 9.614507
b12 		 79 		 9.614507
b12 		 80 		 9.614507
b12 		 81 		 10.185876
b12 		 82 		 9.614507
b12 		 83 		 10.185876
b12 		 84 		 9.614507
b12 		 85 		 9.614507
b12 		 86 		 9.614507
b12 		 87 		 9.614507
b12 		 88 		 9.614507
b12 		 89 		 9.614507
b12 		 90 		 9.614507
b12 		 91 		 9.614507
b12 		 92 		 9.614507
b12 		 93 		 9.614507
b12 		 94 		 9.614507
b12 		 95 		 9.614507
b12 		 96 		 9.614507
----------------------------------------------------------------------------------------------------
b13 		 1 		 9.614507
b13 		 2 		 9.614507
b13 		 3 		 9.614507
b13 		 4 		 9.614507
b13 		 5 		 9.408671
b13 		 6 		 9.408671
b13 		 7 		 9.408671
b13 		 8 		 9.408671
b13 		 9 		 9.408671
b13 		 10 		 9.408671
b13 		 11 		 9.408671
b13 		 12 		 9.408671
b13 		 13 		 9.408671
b13 		 14 		 9.408671
b13 		 15 		 9.408671
b13 		 16 		 9.408671
b13 		 17 		 9.408671
b13 		 18 		 9.408671
b13 		 19 		 9.408671
b13 		 20 		 9.408671
b13 		 21 		 9.408671
b13 		 22 		 9.408671
b13 		 23 		 9.408671
b13 		 24 		 9.408671
b13 		 25 		 9.408671
b13 		 26 		 9.408671
b13 		 27 		 9.408671
b13 		 28 		 9.408671
b13 		 29 		 9.614507
b13 		 30 		 9.408671
b13 		 31 		 9.614507
b13 		 32 		 9.408671
b13 		 33 		 9.614507
b13 		 34 		 9.614507
b13 		 35 		 9.614507
b13 		 36 		 9.457625
b13 		 37 		 9.614507
b13 		 38 		 9.614507
b13 		 39 		 9.614507
b13 		 40 		 9.614507
b13 		 41 		 9.614507
b13 		 42 		 9.614507
b13 		 43 		 9.614507
b13 		 44 		 9.614507
b13 		 45 		 9.614507
b13 		 46 		 9.614507
b13 		 47 		 9.614507
b13 		 48 		 9.614507
b13 		 49 		 10.185876
b13 		 50 		 10.185876
b13 		 51 		 10.185876
b13 		 52 		 10.185876
b13 		 53 		 10.185876
b13 		 54 		 10.185876
b13 		 55 		 10.185876
b13 		 56 		 10.185876
b13 		 57 		 10.185876
b13 		 58 		 10.185876
b13 		 59 		 10.185876
b13 		 60 		 11.022192
b13 		 61 		 10.185876
b13 		 62 		 11.022192
b13 		 63 		 11.022192
b13 		 64 		 11.022192
b13 		 65 		 11.022192
b13 		 66 		 11.022192
b13 		 67 		 11.022192
b13 		 68 		 11.022192
b13 		 69 		 9.614507
b13 		 70 		 10.492296
b13 		 71 		 9.614507
b13 		 72 		 11.022192
b13 		 73 		 9.614507
b13 		 74 		 10.185876
b13 		 75 		 9.614507
b13 		 76 		 9.614507
b13 		 77 		 9.614507
b13 		 78 		 9.614507
b13 		 79 		 9.614507
b13 		 80 		 9.614507
b13 		 81 		 10.185876
b13 		 82 		 9.614507
b13 		 83 		 10.185876
b13 		 84 		 9.614507
b13 		 85 		 9.614507
b13 		 86 		 9.614507
b13 		 87 		 9.614507
b13 		 88 		 9.614507
b13 		 89 		 9.614507
b13 		 90 		 9.614507
b13 		 91 		 9.614507
b13 		 92 		 9.614507
b13 		 93 		 9.614507
b13 		 94 		 9.614507
b13 		 95 		 9.614507
b13 		 96 		 9.614507
----------------------------------------------------------------------------------------------------
b14 		 1 		 9.614507
b14 		 2 		 9.614507
b14 		 3 		 9.614507
b14 		 4 		 9.614507
b14 		 5 		 9.408671
b14 		 6 		 9.408671
b14 		 7 		 9.408671
b14 		 8 		 9.408671
b14 		 9 		 9.408671
b14 		 10 		 9.408671
b14 		 11 		 9.408671
b14 		 12 		 9.408671
b14 		 13 		 9.408671
b14 		 14 		 9.408671
b14 		 15 		 9.408671
b14 		 16 		 9.408671
b14 		 17 		 9.408671
b14 		 18 		 9.408671
b14 		 19 		 9.408671
b14 		 20 		 9.408671
b14 		 21 		 9.408671
b14 		 22 		 9.408671
b14 		 23 		 9.408671
b14 		 24 		 9.408671
b14 		 25 		 9.408671
b14 		 26 		 9.408671
b14 		 27 		 9.408671
b14 		 28 		 9.408671
b14 		 29 		 9.614507
b14 		 30 		 9.408671
b14 		 31 		 9.614507
b14 		 32 		 9.408671
b14 		 33 		 9.614507
b14 		 34 		 9.614507
b14 		 35 		 9.614507
b14 		 36 		 9.457625
b14 		 37 		 9.614507
b14 		 38 		 9.614507
b14 		 39 		 9.614507
b14 		 40 		 9.614507
b14 		 41 		 9.614507
b14 		 42 		 9.614507
b14 		 43 		 9.614507
b14 		 44 		 9.614507
b14 		 45 		 9.614507
b14 		 46 		 9.614507
b14 		 47 		 9.614507
b14 		 48 		 9.614507
b14 		 49 		 10.185876
b14 		 50 		 10.185876
b14 		 51 		 10.185876
b14 		 52 		 10.185876
b14 		 53 		 10.185876
b14 		 54 		 10.185876
b14 		 55 		 10.185876
b14 		 56 		 10.185876
b14 		 57 		 10.185876
b14 		 58 		 10.185876
b14 		 59 		 10.185876
b14 		 60 		 11.022192
b14 		 61 		 10.185876
b14 		 62 		 11.022192
b14 		 63 		 11.022192
b14 		 64 		 11.022192
b14 		 65 		 11.022192
b14 		 66 		 11.022192
b14 		 67 		 11.022192
b14 		 68 		 11.022192
b14 		 69 		 9.614507
b14 		 70 		 10.492296
b14 		 71 		 9.614507
b14 		 72 		 11.022192
b14 		 73 		 9.614507
b14 		 74 		 10.185876
b14 		 75 		 9.614507
b14 		 76 		 9.614507
b14 		 77 		 9.614507
b14 		 78 		 9.614507
b14 		 79 		 9.614507
b14 		 80 		 9.614507
b14 		 81 		 10.185876
b14 		 82 		 9.614507
b14 		 83 		 10.185876
b14 		 84 		 9.614507
b14 		 85 		 9.614507
b14 		 86 		 9.614507
b14 		 87 		 9.614507
b14 		 88 		 9.614507
b14 		 89 		 9.614507
b14 		 90 		 9.614507
b14 		 91 		 9.614507
b14 		 92 		 9.614507
b14 		 93 		 9.614507
b14 		 94 		 9.614507
b14 		 95 		 9.614507
b14 		 96 		 9.614507
----------------------------------------------------------------------------------------------------
Total overall payments
----------------------------------------------------------------------------------------------------------------------------------------------------
total generation payment 	 total up-FRP payment 	 total dw-FRP payment 	 total pre-up t. payment 	 uplift payment 	 total post-up t. payment 	 profit
----------------------------------------------------------------------------------------------------------------------------------------------------
334473.33123700006 			 45.56155 			 0.0 			 334518.892787			 43708.5929 			 378227.485687 			 30073.345581000027
