****************************************************************************************************
 
Generation payment
----------------------------------------------------------------------------------------------------------------
unit	 time 	 generation payment 	 up-FRP payment 	 dw-FRP payment 	pre-up total payment
----------------------------------------------------------------------------------------------------------------
g1	 1 	 51.937106 			 0.0 			 0.0			 51.937106 
g1	 2 	 249.5732 			 0.0 			 0.0			 249.5732 
g1	 3 	 402.227236 			 0.0 			 0.0			 402.227236 
g1	 4 	 77.050937 			 0.0 			 0.0			 77.050937 
g1	 5 	 151.297357 			 0.0 			 0.0			 151.297357 
g1	 6 	 211.525134 			 0.0 			 0.0			 211.525134 
g1	 7 	 -110.35115 			 0.0 			 0.0			 -110.35115 
g1	 8 	 258.208604 			 0.0 			 0.0			 258.208604 
g1	 9 	 105.765129 			 0.0 			 0.0			 105.765129 
g1	 10 	 -85.890544 			 0.0 			 0.0			 -85.890544 
g1	 11 	 -25.57958 			 0.0 			 0.0			 -25.57958 
g1	 12 	 218.008673 			 0.0 			 0.0			 218.008673 
g1	 13 	 89.056486 			 0.0 			 0.0			 89.056486 
g1	 14 	 307.159557 			 0.0 			 0.0			 307.159557 
g1	 15 	 -30.939154 			 0.0 			 0.0			 -30.939154 
g1	 16 	 -94.723367 			 0.0 			 0.0			 -94.723367 
g1	 17 	 150.65562 			 0.0 			 0.0			 150.65562 
g1	 18 	 588.626616 			 0.0 			 0.0			 588.626616 
g1	 19 	 47.631209 			 0.0 			 0.0			 47.631209 
g1	 20 	 186.231141 			 0.0 			 0.0			 186.231141 
g1	 21 	 52.341566 			 0.0 			 0.0			 52.341566 
g1	 22 	 399.745386 			 0.0 			 0.0			 399.745386 
g1	 23 	 148.824128 			 0.0 			 0.0			 148.824128 
g1	 24 	 492.521725 			 0.0 			 0.0			 492.521725 
g1	 25 	 165.985656 			 0.0 			 0.0			 165.985656 
g1	 26 	 339.977198 			 0.0 			 0.0			 339.977198 
g1	 27 	 48.541608 			 0.0 			 0.0			 48.541608 
g1	 28 	 529.166409 			 0.0 			 0.0			 529.166409 
g1	 29 	 55.338468 			 0.0 			 0.0			 55.338468 
g1	 30 	 226.544773 			 0.0 			 0.0			 226.544773 
g1	 31 	 234.710883 			 0.0 			 0.0			 234.710883 
g1	 32 	 165.058356 			 0.0 			 0.0			 165.058356 
g1	 33 	 308.45645 			 0.0 			 0.0			 308.45645 
g1	 34 	 184.76326 			 0.0 			 0.0			 184.76326 
g1	 35 	 176.036893 			 0.0 			 0.0			 176.036893 
g1	 36 	 27.952314 			 0.0 			 0.0			 27.952314 
g1	 37 	 123329.5225 			 0.0 			 0.0			 123329.5225 
g1	 38 	 -19540.722255 			 0.0 			 0.0			 -19540.722255 
g1	 39 	 328.692237 			 0.0 			 0.0			 328.692237 
g1	 40 	 301.567223 			 0.0 			 0.0			 301.567223 
g1	 41 	 114.611202 			 0.0 			 0.0			 114.611202 
g1	 42 	 247.969641 			 0.0 			 0.0			 247.969641 
g1	 43 	 215.669285 			 0.0 			 0.0			 215.669285 
g1	 44 	 293.722227 			 0.0 			 0.0			 293.722227 
g1	 45 	 74.572306 			 0.0 			 0.0			 74.572306 
g1	 46 	 -451.151823 			 0.0 			 0.0			 -451.151823 
g1	 47 	 -47127.9775 			 0.0 			 0.0			 -47127.9775 
g1	 48 	 -188706.051925 			 0.0 			 0.0			 -188706.051925 
g1	 49 	 -206.839408 			 0.0 			 0.0			 -206.839408 
g1	 50 	 396.682997 			 0.0 			 0.0			 396.682997 
g1	 51 	 111.752424 			 0.0 			 0.0			 111.752424 
g1	 52 	 194.259418 			 0.0 			 0.0			 194.259418 
g1	 53 	 256.492733 			 0.0 			 0.0			 256.492733 
g1	 54 	 -110.629257 			 0.0 			 0.0			 -110.629257 
g1	 55 	 224.729059 			 0.0 			 0.0			 224.729059 
g1	 56 	 224.729059 			 0.0 			 0.0			 224.729059 
g1	 57 	 -359.76093 			 0.0 			 0.0			 -359.76093 
g1	 58 	 288.25639 			 0.0 			 0.0			 288.25639 
g1	 59 	 -24.105742 			 0.0 			 0.0			 -24.105742 
g1	 60 	 194.259418 			 0.0 			 0.0			 194.259418 
g1	 61 	 76.862205 			 0.0 			 0.0			 76.862205 
g1	 62 	 82.563492 			 0.0 			 0.0			 82.563492 
g1	 63 	 42252.75 			 0.0 			 0.0			 42252.75 
g1	 64 	 256.492733 			 0.0 			 0.0			 256.492733 
g1	 65 	 22.367458 			 0.0 			 0.0			 22.367458 
g1	 66 	 194.259418 			 0.0 			 0.0			 194.259418 
g1	 67 	 256.492733 			 0.0 			 0.0			 256.492733 
g1	 68 	 -256.787993 			 0.0 			 0.0			 -256.787993 
g1	 69 	 194.259418 			 0.0 			 0.0			 194.259418 
g1	 70 	 224.729059 			 0.0 			 0.0			 224.729059 
g1	 71 	 224.729059 			 0.0 			 0.0			 224.729059 
g1	 72 	 224.729059 			 0.0 			 0.0			 224.729059 
g1	 73 	 224.729059 			 0.0 			 0.0			 224.729059 
g1	 74 	 -310.690707 			 0.0 			 0.0			 -310.690707 
g1	 75 	 42252.75 			 0.0 			 0.0			 42252.75 
g1	 76 	 -241.534049 			 0.0 			 0.0			 -241.534049 
g1	 77 	 25.859409 			 0.0 			 0.0			 25.859409 
g1	 78 	 194.259418 			 0.0 			 0.0			 194.259418 
g1	 79 	 35.585742 			 0.0 			 0.0			 35.585742 
g1	 80 	 256.492733 			 0.0 			 0.0			 256.492733 
g1	 81 	 194.259418 			 0.0 			 0.0			 194.259418 
g1	 82 	 224.729059 			 0.0 			 0.0			 224.729059 
g1	 83 	 256.492733 			 0.0 			 0.0			 256.492733 
g1	 84 	 -117.093129 			 0.0 			 0.0			 -117.093129 
g1	 85 	 213.57293 			 0.0 			 0.0			 213.57293 
g1	 86 	 50.212147 			 0.0 			 0.0			 50.212147 
g1	 87 	 140.432518 			 0.0 			 0.0			 140.432518 
g1	 88 	 9043.6925 			 0.0 			 0.0			 9043.6925 
g1	 89 	 -50996.15233 			 0.0 			 0.0			 -50996.15233 
g1	 90 	 36.607985 			 0.0 			 0.0			 36.607985 
g1	 91 	 160.921955 			 0.0 			 0.0			 160.921955 
g1	 92 	 -59776.942943 			 0.0 			 0.0			 -59776.942943 
g1	 93 	 65525.0675 			 0.0 			 0.0			 65525.0675 
g1	 94 	 -82.167509 			 0.0 			 0.0			 -82.167509 
g1	 95 	 402.936374 			 0.0 			 0.0			 402.936374 
g1	 96 	 224.29169 			 0.0 			 0.0			 224.29169 
----------------------------------------------------------------------------------------------------
g2	 1 	 0.0 			 0.0 			 0.0			 0.0 
g2	 2 	 0.0 			 0.0 			 0.0			 0.0 
g2	 3 	 0.0 			 0.0 			 0.0			 0.0 
g2	 4 	 0.0 			 0.0 			 0.0			 0.0 
g2	 5 	 0.0 			 0.0 			 0.0			 0.0 
g2	 6 	 0.0 			 0.0 			 0.0			 0.0 
g2	 7 	 0.0 			 0.0 			 0.0			 0.0 
g2	 8 	 0.0 			 0.0 			 0.0			 0.0 
g2	 9 	 0.0 			 0.0 			 0.0			 0.0 
g2	 10 	 0.0 			 0.0 			 0.0			 0.0 
g2	 11 	 0.0 			 0.0 			 0.0			 0.0 
g2	 12 	 0.0 			 0.0 			 0.0			 0.0 
g2	 13 	 0.0 			 0.0 			 0.0			 0.0 
g2	 14 	 0.0 			 0.0 			 0.0			 0.0 
g2	 15 	 0.0 			 0.0 			 0.0			 0.0 
g2	 16 	 0.0 			 0.0 			 0.0			 0.0 
g2	 17 	 0.0 			 0.0 			 0.0			 0.0 
g2	 18 	 0.0 			 0.0 			 0.0			 0.0 
g2	 19 	 0.0 			 0.0 			 0.0			 0.0 
g2	 20 	 0.0 			 0.0 			 0.0			 0.0 
g2	 21 	 0.0 			 0.0 			 0.0			 0.0 
g2	 22 	 0.0 			 0.0 			 0.0			 0.0 
g2	 23 	 0.0 			 0.0 			 0.0			 0.0 
g2	 24 	 0.0 			 0.0 			 0.0			 0.0 
g2	 25 	 0.0 			 0.0 			 0.0			 0.0 
g2	 26 	 0.0 			 0.0 			 0.0			 0.0 
g2	 27 	 0.0 			 0.0 			 0.0			 0.0 
g2	 28 	 0.0 			 0.0 			 0.0			 0.0 
g2	 29 	 0.0 			 0.0 			 0.0			 0.0 
g2	 30 	 0.0 			 0.0 			 0.0			 0.0 
g2	 31 	 0.0 			 0.0 			 0.0			 0.0 
g2	 32 	 0.0 			 0.0 			 0.0			 0.0 
g2	 33 	 0.0 			 0.0 			 0.0			 0.0 
g2	 34 	 0.0 			 0.0 			 0.0			 0.0 
g2	 35 	 0.0 			 0.0 			 0.0			 0.0 
g2	 36 	 0.0 			 0.0 			 0.0			 0.0 
g2	 37 	 18755.915 			 0.0 			 0.0			 18755.915 
g2	 38 	 -36790.220154 			 0.0 			 0.0			 -36790.220154 
g2	 39 	 21.701904 			 0.0 			 0.0			 21.701904 
g2	 40 	 21.701904 			 0.0 			 0.0			 21.701904 
g2	 41 	 21.701904 			 0.0 			 0.0			 21.701904 
g2	 42 	 49.515774 			 0.0 			 0.0			 49.515774 
g2	 43 	 180.341096 			 0.0 			 0.0			 180.341096 
g2	 44 	 495.787908 			 0.0 			 0.0			 495.787908 
g2	 45 	 204.036328 			 0.0 			 0.0			 204.036328 
g2	 46 	 238.037647 			 0.0 			 0.0			 238.037647 
g2	 47 	 121643.645 			 0.0 			 0.0			 121643.645 
g2	 48 	 65305.408196 			 0.0 			 0.0			 65305.408196 
g2	 49 	 303.401036 			 0.0 			 0.0			 303.401036 
g2	 50 	 1264.880785 			 0.0 			 0.0			 1264.880785 
g2	 51 	 303.401036 			 0.0 			 0.0			 303.401036 
g2	 52 	 279.865362 			 0.0 			 0.0			 279.865362 
g2	 53 	 431.717178 			 0.0 			 0.0			 431.717178 
g2	 54 	 58.765607 			 0.0 			 0.0			 58.765607 
g2	 55 	 319.402779 			 0.0 			 0.0			 319.402779 
g2	 56 	 496.94678 			 0.0 			 0.0			 496.94678 
g2	 57 	 93.999574 			 0.0 			 0.0			 93.999574 
g2	 58 	 547.683013 			 0.0 			 0.0			 547.683013 
g2	 59 	 93.999574 			 0.0 			 0.0			 93.999574 
g2	 60 	 -58.484543 			 0.0 			 0.0			 -58.484543 
g2	 61 	 -27.783089 			 0.0 			 0.0			 -27.783089 
g2	 62 	 186.956925 			 0.0 			 0.0			 186.956925 
g2	 63 	 104450.7375 			 0.0 			 0.0			 104450.7375 
g2	 64 	 436.054871 			 0.0 			 0.0			 436.054871 
g2	 65 	 3.581356 			 0.0 			 0.0			 3.581356 
g2	 66 	 -10.700365 			 0.0 			 0.0			 -10.700365 
g2	 67 	 287.317253 			 0.0 			 0.0			 287.317253 
g2	 68 	 -32.716023 			 0.0 			 0.0			 -32.716023 
g2	 69 	 -49.375737 			 0.0 			 0.0			 -49.375737 
g2	 70 	 139.585917 			 0.0 			 0.0			 139.585917 
g2	 71 	 356.666668 			 0.0 			 0.0			 356.666668 
g2	 72 	 114.587368 			 0.0 			 0.0			 114.587368 
g2	 73 	 471.52485 			 0.0 			 0.0			 471.52485 
g2	 74 	 295.438753 			 0.0 			 0.0			 295.438753 
g2	 75 	 132658.5875 			 0.0 			 0.0			 132658.5875 
g2	 76 	 295.438753 			 0.0 			 0.0			 295.438753 
g2	 77 	 195.520951 			 0.0 			 0.0			 195.520951 
g2	 78 	 339.433607 			 0.0 			 0.0			 339.433607 
g2	 79 	 183.671013 			 0.0 			 0.0			 183.671013 
g2	 80 	 628.875136 			 0.0 			 0.0			 628.875136 
g2	 81 	 314.226985 			 0.0 			 0.0			 314.226985 
g2	 82 	 652.814322 			 0.0 			 0.0			 652.814322 
g2	 83 	 584.648453 			 0.0 			 0.0			 584.648453 
g2	 84 	 155.6521 			 0.0 			 0.0			 155.6521 
g2	 85 	 633.943928 			 0.0 			 0.0			 633.943928 
g2	 86 	 267.592603 			 0.0 			 0.0			 267.592603 
g2	 87 	 52.852589 			 0.0 			 0.0			 52.852589 
g2	 88 	 -71.9175 			 0.0 			 0.0			 -71.9175 
g2	 89 	 -49808.41376 			 0.0 			 0.0			 -49808.41376 
g2	 90 	 21.701904 			 0.0 			 0.0			 21.701904 
g2	 91 	 -64.889846 			 0.0 			 0.0			 -64.889846 
g2	 92 	 -72151.140251 			 0.0 			 0.0			 -72151.140251 
g2	 93 	 0.0 			 0.0 			 0.0			 0.0 
g2	 94 	 0.0 			 0.0 			 0.0			 0.0 
g2	 95 	 0.0 			 0.0 			 0.0			 0.0 
g2	 96 	 0.0 			 0.0 			 0.0			 0.0 
----------------------------------------------------------------------------------------------------
g3	 1 	 0.0 			 0.0 			 0.0			 0.0 
g3	 2 	 0.0 			 0.0 			 0.0			 0.0 
g3	 3 	 0.0 			 0.0 			 0.0			 0.0 
g3	 4 	 0.0 			 0.0 			 0.0			 0.0 
g3	 5 	 0.0 			 0.0 			 0.0			 0.0 
g3	 6 	 0.0 			 0.0 			 0.0			 0.0 
g3	 7 	 0.0 			 0.0 			 0.0			 0.0 
g3	 8 	 0.0 			 0.0 			 0.0			 0.0 
g3	 9 	 0.0 			 0.0 			 0.0			 0.0 
g3	 10 	 0.0 			 0.0 			 0.0			 0.0 
g3	 11 	 0.0 			 0.0 			 0.0			 0.0 
g3	 12 	 0.0 			 0.0 			 0.0			 0.0 
g3	 13 	 0.0 			 0.0 			 0.0			 0.0 
g3	 14 	 0.0 			 0.0 			 0.0			 0.0 
g3	 15 	 0.0 			 0.0 			 0.0			 0.0 
g3	 16 	 0.0 			 0.0 			 0.0			 0.0 
g3	 17 	 0.0 			 0.0 			 0.0			 0.0 
g3	 18 	 0.0 			 0.0 			 0.0			 0.0 
g3	 19 	 0.0 			 0.0 			 0.0			 0.0 
g3	 20 	 0.0 			 0.0 			 0.0			 0.0 
g3	 21 	 0.0 			 0.0 			 0.0			 0.0 
g3	 22 	 0.0 			 0.0 			 0.0			 0.0 
g3	 23 	 0.0 			 0.0 			 0.0			 0.0 
g3	 24 	 0.0 			 0.0 			 0.0			 0.0 
g3	 25 	 0.0 			 0.0 			 0.0			 0.0 
g3	 26 	 0.0 			 0.0 			 0.0			 0.0 
g3	 27 	 0.0 			 0.0 			 0.0			 0.0 
g3	 28 	 0.0 			 0.0 			 0.0			 0.0 
g3	 29 	 0.0 			 0.0 			 0.0			 0.0 
g3	 30 	 0.0 			 0.0 			 0.0			 0.0 
g3	 31 	 0.0 			 0.0 			 0.0			 0.0 
g3	 32 	 0.0 			 0.0 			 0.0			 0.0 
g3	 33 	 0.0 			 0.0 			 0.0			 0.0 
g3	 34 	 0.0 			 0.0 			 0.0			 0.0 
g3	 35 	 0.0 			 0.0 			 0.0			 0.0 
g3	 36 	 0.0 			 0.0 			 0.0			 0.0 
g3	 37 	 0.0 			 0.0 			 0.0			 0.0 
g3	 38 	 0.0 			 0.0 			 0.0			 0.0 
g3	 39 	 0.0 			 0.0 			 0.0			 0.0 
g3	 40 	 0.0 			 0.0 			 0.0			 0.0 
g3	 41 	 0.0 			 0.0 			 0.0			 0.0 
g3	 42 	 0.0 			 0.0 			 0.0			 0.0 
g3	 43 	 0.0 			 0.0 			 0.0			 0.0 
g3	 44 	 0.0 			 0.0 			 0.0			 0.0 
g3	 45 	 0.0 			 0.0 			 0.0			 0.0 
g3	 46 	 0.0 			 0.0 			 0.0			 0.0 
g3	 47 	 0.0 			 0.0 			 0.0			 0.0 
g3	 48 	 0.0 			 0.0 			 0.0			 0.0 
g3	 49 	 0.0 			 0.0 			 0.0			 0.0 
g3	 50 	 0.0 			 0.0 			 0.0			 0.0 
g3	 51 	 0.0 			 0.0 			 0.0			 0.0 
g3	 52 	 0.0 			 0.0 			 0.0			 0.0 
g3	 53 	 0.0 			 0.0 			 0.0			 0.0 
g3	 54 	 0.0 			 0.0 			 0.0			 0.0 
g3	 55 	 0.0 			 0.0 			 0.0			 0.0 
g3	 56 	 0.0 			 0.0 			 0.0			 0.0 
g3	 57 	 0.0 			 0.0 			 0.0			 0.0 
g3	 58 	 0.0 			 0.0 			 0.0			 0.0 
g3	 59 	 0.0 			 0.0 			 0.0			 0.0 
g3	 60 	 0.0 			 0.0 			 0.0			 0.0 
g3	 61 	 0.0 			 0.0 			 0.0			 0.0 
g3	 62 	 0.0 			 0.0 			 0.0			 0.0 
g3	 63 	 0.0 			 0.0 			 0.0			 0.0 
g3	 64 	 0.0 			 0.0 			 0.0			 0.0 
g3	 65 	 0.0 			 0.0 			 0.0			 0.0 
g3	 66 	 0.0 			 0.0 			 0.0			 0.0 
g3	 67 	 0.0 			 0.0 			 0.0			 0.0 
g3	 68 	 0.0 			 0.0 			 0.0			 0.0 
g3	 69 	 0.0 			 0.0 			 0.0			 0.0 
g3	 70 	 0.0 			 0.0 			 0.0			 0.0 
g3	 71 	 0.0 			 0.0 			 0.0			 0.0 
g3	 72 	 0.0 			 0.0 			 0.0			 0.0 
g3	 73 	 0.0 			 0.0 			 0.0			 0.0 
g3	 74 	 0.0 			 0.0 			 0.0			 0.0 
g3	 75 	 0.0 			 0.0 			 0.0			 0.0 
g3	 76 	 0.0 			 0.0 			 0.0			 0.0 
g3	 77 	 0.0 			 0.0 			 0.0			 0.0 
g3	 78 	 0.0 			 0.0 			 0.0			 0.0 
g3	 79 	 0.0 			 0.0 			 0.0			 0.0 
g3	 80 	 0.0 			 0.0 			 0.0			 0.0 
g3	 81 	 0.0 			 0.0 			 0.0			 0.0 
g3	 82 	 0.0 			 0.0 			 0.0			 0.0 
g3	 83 	 0.0 			 0.0 			 0.0			 0.0 
g3	 84 	 0.0 			 0.0 			 0.0			 0.0 
g3	 85 	 0.0 			 0.0 			 0.0			 0.0 
g3	 86 	 0.0 			 0.0 			 0.0			 0.0 
g3	 87 	 0.0 			 0.0 			 0.0			 0.0 
g3	 88 	 0.0 			 0.0 			 0.0			 0.0 
g3	 89 	 0.0 			 0.0 			 0.0			 0.0 
g3	 90 	 0.0 			 0.0 			 0.0			 0.0 
g3	 91 	 0.0 			 0.0 			 0.0			 0.0 
g3	 92 	 0.0 			 0.0 			 0.0			 0.0 
g3	 93 	 0.0 			 0.0 			 0.0			 0.0 
g3	 94 	 0.0 			 0.0 			 0.0			 0.0 
g3	 95 	 0.0 			 0.0 			 0.0			 0.0 
g3	 96 	 0.0 			 0.0 			 0.0			 0.0 
----------------------------------------------------------------------------------------------------
g4	 1 	 0.0 			 0.0 			 0.0			 0.0 
g4	 2 	 0.0 			 0.0 			 0.0			 0.0 
g4	 3 	 0.0 			 0.0 			 0.0			 0.0 
g4	 4 	 0.0 			 0.0 			 0.0			 0.0 
g4	 5 	 0.0 			 0.0 			 0.0			 0.0 
g4	 6 	 0.0 			 0.0 			 0.0			 0.0 
g4	 7 	 0.0 			 0.0 			 0.0			 0.0 
g4	 8 	 0.0 			 0.0 			 0.0			 0.0 
g4	 9 	 0.0 			 0.0 			 0.0			 0.0 
g4	 10 	 0.0 			 0.0 			 0.0			 0.0 
g4	 11 	 0.0 			 0.0 			 0.0			 0.0 
g4	 12 	 0.0 			 0.0 			 0.0			 0.0 
g4	 13 	 0.0 			 0.0 			 0.0			 0.0 
g4	 14 	 0.0 			 0.0 			 0.0			 0.0 
g4	 15 	 0.0 			 0.0 			 0.0			 0.0 
g4	 16 	 0.0 			 0.0 			 0.0			 0.0 
g4	 17 	 0.0 			 0.0 			 0.0			 0.0 
g4	 18 	 0.0 			 0.0 			 0.0			 0.0 
g4	 19 	 0.0 			 0.0 			 0.0			 0.0 
g4	 20 	 0.0 			 0.0 			 0.0			 0.0 
g4	 21 	 0.0 			 0.0 			 0.0			 0.0 
g4	 22 	 0.0 			 0.0 			 0.0			 0.0 
g4	 23 	 0.0 			 0.0 			 0.0			 0.0 
g4	 24 	 0.0 			 0.0 			 0.0			 0.0 
g4	 25 	 0.0 			 0.0 			 0.0			 0.0 
g4	 26 	 0.0 			 0.0 			 0.0			 0.0 
g4	 27 	 0.0 			 0.0 			 0.0			 0.0 
g4	 28 	 0.0 			 0.0 			 0.0			 0.0 
g4	 29 	 0.0 			 0.0 			 0.0			 0.0 
g4	 30 	 0.0 			 0.0 			 0.0			 0.0 
g4	 31 	 0.0 			 0.0 			 0.0			 0.0 
g4	 32 	 0.0 			 0.0 			 0.0			 0.0 
g4	 33 	 0.0 			 0.0 			 0.0			 0.0 
g4	 34 	 0.0 			 0.0 			 0.0			 0.0 
g4	 35 	 0.0 			 0.0 			 0.0			 0.0 
g4	 36 	 0.0 			 0.0 			 0.0			 0.0 
g4	 37 	 0.0 			 0.0 			 0.0			 0.0 
g4	 38 	 0.0 			 0.0 			 0.0			 0.0 
g4	 39 	 0.0 			 0.0 			 0.0			 0.0 
g4	 40 	 0.0 			 0.0 			 0.0			 0.0 
g4	 41 	 0.0 			 0.0 			 0.0			 0.0 
g4	 42 	 0.0 			 0.0 			 0.0			 0.0 
g4	 43 	 0.0 			 0.0 			 0.0			 0.0 
g4	 44 	 0.0 			 0.0 			 0.0			 0.0 
g4	 45 	 0.0 			 0.0 			 0.0			 0.0 
g4	 46 	 0.0 			 0.0 			 0.0			 0.0 
g4	 47 	 0.0 			 0.0 			 0.0			 0.0 
g4	 48 	 0.0 			 0.0 			 0.0			 0.0 
g4	 49 	 0.0 			 0.0 			 0.0			 0.0 
g4	 50 	 0.0 			 0.0 			 0.0			 0.0 
g4	 51 	 0.0 			 0.0 			 0.0			 0.0 
g4	 52 	 0.0 			 0.0 			 0.0			 0.0 
g4	 53 	 0.0 			 0.0 			 0.0			 0.0 
g4	 54 	 0.0 			 0.0 			 0.0			 0.0 
g4	 55 	 0.0 			 0.0 			 0.0			 0.0 
g4	 56 	 0.0 			 0.0 			 0.0			 0.0 
g4	 57 	 0.0 			 0.0 			 0.0			 0.0 
g4	 58 	 0.0 			 0.0 			 0.0			 0.0 
g4	 59 	 0.0 			 0.0 			 0.0			 0.0 
g4	 60 	 0.0 			 0.0 			 0.0			 0.0 
g4	 61 	 0.0 			 0.0 			 0.0			 0.0 
g4	 62 	 0.0 			 0.0 			 0.0			 0.0 
g4	 63 	 0.0 			 0.0 			 0.0			 0.0 
g4	 64 	 0.0 			 0.0 			 0.0			 0.0 
g4	 65 	 0.0 			 0.0 			 0.0			 0.0 
g4	 66 	 0.0 			 0.0 			 0.0			 0.0 
g4	 67 	 0.0 			 0.0 			 0.0			 0.0 
g4	 68 	 0.0 			 0.0 			 0.0			 0.0 
g4	 69 	 0.0 			 0.0 			 0.0			 0.0 
g4	 70 	 0.0 			 0.0 			 0.0			 0.0 
g4	 71 	 0.0 			 0.0 			 0.0			 0.0 
g4	 72 	 0.0 			 0.0 			 0.0			 0.0 
g4	 73 	 0.0 			 0.0 			 0.0			 0.0 
g4	 74 	 0.0 			 0.0 			 0.0			 0.0 
g4	 75 	 0.0 			 0.0 			 0.0			 0.0 
g4	 76 	 0.0 			 0.0 			 0.0			 0.0 
g4	 77 	 0.0 			 0.0 			 0.0			 0.0 
g4	 78 	 0.0 			 0.0 			 0.0			 0.0 
g4	 79 	 0.0 			 0.0 			 0.0			 0.0 
g4	 80 	 0.0 			 0.0 			 0.0			 0.0 
g4	 81 	 0.0 			 0.0 			 0.0			 0.0 
g4	 82 	 0.0 			 0.0 			 0.0			 0.0 
g4	 83 	 0.0 			 0.0 			 0.0			 0.0 
g4	 84 	 0.0 			 0.0 			 0.0			 0.0 
g4	 85 	 0.0 			 0.0 			 0.0			 0.0 
g4	 86 	 0.0 			 0.0 			 0.0			 0.0 
g4	 87 	 0.0 			 0.0 			 0.0			 0.0 
g4	 88 	 0.0 			 0.0 			 0.0			 0.0 
g4	 89 	 0.0 			 0.0 			 0.0			 0.0 
g4	 90 	 0.0 			 0.0 			 0.0			 0.0 
g4	 91 	 0.0 			 0.0 			 0.0			 0.0 
g4	 92 	 0.0 			 0.0 			 0.0			 0.0 
g4	 93 	 0.0 			 0.0 			 0.0			 0.0 
g4	 94 	 0.0 			 0.0 			 0.0			 0.0 
g4	 95 	 0.0 			 0.0 			 0.0			 0.0 
g4	 96 	 0.0 			 0.0 			 0.0			 0.0 
----------------------------------------------------------------------------------------------------
g5	 1 	 0.0 			 0.0 			 0.0			 0.0 
g5	 2 	 0.0 			 0.0 			 0.0			 0.0 
g5	 3 	 0.0 			 0.0 			 0.0			 0.0 
g5	 4 	 0.0 			 0.0 			 0.0			 0.0 
g5	 5 	 0.0 			 0.0 			 0.0			 0.0 
g5	 6 	 0.0 			 0.0 			 0.0			 0.0 
g5	 7 	 0.0 			 0.0 			 0.0			 0.0 
g5	 8 	 0.0 			 0.0 			 0.0			 0.0 
g5	 9 	 0.0 			 0.0 			 0.0			 0.0 
g5	 10 	 0.0 			 0.0 			 0.0			 0.0 
g5	 11 	 0.0 			 0.0 			 0.0			 0.0 
g5	 12 	 0.0 			 0.0 			 0.0			 0.0 
g5	 13 	 0.0 			 0.0 			 0.0			 0.0 
g5	 14 	 0.0 			 0.0 			 0.0			 0.0 
g5	 15 	 0.0 			 0.0 			 0.0			 0.0 
g5	 16 	 0.0 			 0.0 			 0.0			 0.0 
g5	 17 	 0.0 			 0.0 			 0.0			 0.0 
g5	 18 	 0.0 			 0.0 			 0.0			 0.0 
g5	 19 	 0.0 			 0.0 			 0.0			 0.0 
g5	 20 	 0.0 			 0.0 			 0.0			 0.0 
g5	 21 	 0.0 			 0.0 			 0.0			 0.0 
g5	 22 	 0.0 			 0.0 			 0.0			 0.0 
g5	 23 	 0.0 			 0.0 			 0.0			 0.0 
g5	 24 	 0.0 			 0.0 			 0.0			 0.0 
g5	 25 	 0.0 			 0.0 			 0.0			 0.0 
g5	 26 	 0.0 			 0.0 			 0.0			 0.0 
g5	 27 	 0.0 			 0.0 			 0.0			 0.0 
g5	 28 	 0.0 			 0.0 			 0.0			 0.0 
g5	 29 	 0.0 			 0.0 			 0.0			 0.0 
g5	 30 	 0.0 			 0.0 			 0.0			 0.0 
g5	 31 	 0.0 			 0.0 			 0.0			 0.0 
g5	 32 	 0.0 			 0.0 			 0.0			 0.0 
g5	 33 	 0.0 			 0.0 			 0.0			 0.0 
g5	 34 	 0.0 			 0.0 			 0.0			 0.0 
g5	 35 	 0.0 			 0.0 			 0.0			 0.0 
g5	 36 	 0.0 			 0.0 			 0.0			 0.0 
g5	 37 	 0.0 			 0.0 			 0.0			 0.0 
g5	 38 	 0.0 			 0.0 			 0.0			 0.0 
g5	 39 	 0.0 			 0.0 			 0.0			 0.0 
g5	 40 	 0.0 			 0.0 			 0.0			 0.0 
g5	 41 	 0.0 			 0.0 			 0.0			 0.0 
g5	 42 	 0.0 			 0.0 			 0.0			 0.0 
g5	 43 	 0.0 			 0.0 			 0.0			 0.0 
g5	 44 	 0.0 			 0.0 			 0.0			 0.0 
g5	 45 	 0.0 			 0.0 			 0.0			 0.0 
g5	 46 	 0.0 			 0.0 			 0.0			 0.0 
g5	 47 	 0.0 			 0.0 			 0.0			 0.0 
g5	 48 	 0.0 			 0.0 			 0.0			 0.0 
g5	 49 	 0.0 			 0.0 			 0.0			 0.0 
g5	 50 	 0.0 			 0.0 			 0.0			 0.0 
g5	 51 	 0.0 			 0.0 			 0.0			 0.0 
g5	 52 	 0.0 			 0.0 			 0.0			 0.0 
g5	 53 	 0.0 			 0.0 			 0.0			 0.0 
g5	 54 	 0.0 			 0.0 			 0.0			 0.0 
g5	 55 	 0.0 			 0.0 			 0.0			 0.0 
g5	 56 	 0.0 			 0.0 			 0.0			 0.0 
g5	 57 	 0.0 			 0.0 			 0.0			 0.0 
g5	 58 	 0.0 			 0.0 			 0.0			 0.0 
g5	 59 	 0.0 			 0.0 			 0.0			 0.0 
g5	 60 	 0.0 			 0.0 			 0.0			 0.0 
g5	 61 	 0.0 			 0.0 			 0.0			 0.0 
g5	 62 	 0.0 			 0.0 			 0.0			 0.0 
g5	 63 	 0.0 			 0.0 			 0.0			 0.0 
g5	 64 	 0.0 			 0.0 			 0.0			 0.0 
g5	 65 	 0.0 			 0.0 			 0.0			 0.0 
g5	 66 	 0.0 			 0.0 			 0.0			 0.0 
g5	 67 	 0.0 			 0.0 			 0.0			 0.0 
g5	 68 	 0.0 			 0.0 			 0.0			 0.0 
g5	 69 	 0.0 			 0.0 			 0.0			 0.0 
g5	 70 	 0.0 			 0.0 			 0.0			 0.0 
g5	 71 	 0.0 			 0.0 			 0.0			 0.0 
g5	 72 	 0.0 			 0.0 			 0.0			 0.0 
g5	 73 	 0.0 			 0.0 			 0.0			 0.0 
g5	 74 	 0.0 			 0.0 			 0.0			 0.0 
g5	 75 	 0.0 			 0.0 			 0.0			 0.0 
g5	 76 	 0.0 			 0.0 			 0.0			 0.0 
g5	 77 	 0.0 			 0.0 			 0.0			 0.0 
g5	 78 	 0.0 			 0.0 			 0.0			 0.0 
g5	 79 	 0.0 			 0.0 			 0.0			 0.0 
g5	 80 	 0.0 			 0.0 			 0.0			 0.0 
g5	 81 	 0.0 			 0.0 			 0.0			 0.0 
g5	 82 	 0.0 			 0.0 			 0.0			 0.0 
g5	 83 	 0.0 			 0.0 			 0.0			 0.0 
g5	 84 	 0.0 			 0.0 			 0.0			 0.0 
g5	 85 	 0.0 			 0.0 			 0.0			 0.0 
g5	 86 	 0.0 			 0.0 			 0.0			 0.0 
g5	 87 	 0.0 			 0.0 			 0.0			 0.0 
g5	 88 	 0.0 			 0.0 			 0.0			 0.0 
g5	 89 	 0.0 			 0.0 			 0.0			 0.0 
g5	 90 	 0.0 			 0.0 			 0.0			 0.0 
g5	 91 	 0.0 			 0.0 			 0.0			 0.0 
g5	 92 	 0.0 			 0.0 			 0.0			 0.0 
g5	 93 	 0.0 			 0.0 			 0.0			 0.0 
g5	 94 	 0.0 			 0.0 			 0.0			 0.0 
g5	 95 	 0.0 			 0.0 			 0.0			 0.0 
g5	 96 	 0.0 			 0.0 			 0.0			 0.0 
----------------------------------------------------------------------------------------------------------------
unit 	 generation payment 	 up-FRP payment 	 dw-FRP payment 	pre-up total payment
----------------------------------------------------------------------------------------------------------------
 g1 	 -71734.556294			 0.000000			 0.000000			 -71734.556294
 g2 	 295793.625422			 0.000000			 0.000000			 295793.625422
 g3 	 0.000000			 0.000000			 0.000000			 0.000000
 g4 	 0.000000			 0.000000			 0.000000			 0.000000
 g5 	 0.000000			 0.000000			 0.000000			 0.000000
----------------------------------------------------------------------------------------------------
generation payment 	 up-FRP payment 	 dw-FRP payment 	 pre-up total payment
----------------------------------------------------------------------------------------------------
224059.069128 			 0.0 			 0.0 			 224059.069128
 
****************************************************************************************************
 
Generation costs
----------------------------------------------------------------------------------------------------
unit	 time 	 generation cost 	 start-up cost  	total cost
----------------------------------------------------------------------------------------------------
g1	 1 	 2284.414051 			 0.0 			2284.414051
g1	 2 	 2480.286636 			 0.0 			2480.286636
g1	 3 	 2632.940678 			 0.0 			2632.940678
g1	 4 	 2309.527885 			 0.0 			2309.527885
g1	 5 	 2261.635647 			 0.0 			2261.635647
g1	 6 	 2317.427846 			 0.0 			2317.427846
g1	 7 	 1999.987135 			 0.0 			1999.987135
g1	 8 	 2364.111313 			 0.0 			2364.111313
g1	 9 	 2102.974496 			 0.0 			2102.974496
g1	 10 	 1911.318821 			 0.0 			1911.318821
g1	 11 	 1971.629785 			 0.0 			1971.629785
g1	 12 	 2215.218044 			 0.0 			2215.218044
g1	 13 	 2029.403887 			 0.0 			2029.403887
g1	 14 	 2247.506957 			 0.0 			2247.506957
g1	 15 	 1909.408248 			 0.0 			1909.408248
g1	 16 	 1845.624032 			 0.0 			1845.624032
g1	 17 	 2105.877195 			 0.0 			2105.877195
g1	 18 	 2536.019088 			 0.0 			2536.019088
g1	 19 	 2002.852778 			 0.0 			2002.852778
g1	 20 	 2141.452708 			 0.0 			2141.452708
g1	 21 	 2135.141611 			 0.0 			2135.141611
g1	 22 	 2477.507405 			 0.0 			2477.507405
g1	 23 	 2231.62417 			 0.0 			2231.62417
g1	 24 	 2570.283743 			 0.0 			2570.283743
g1	 25 	 2455.326149 			 0.0 			2455.326149
g1	 26 	 2629.317691 			 0.0 			2629.317691
g1	 27 	 2337.882097 			 0.0 			2337.882097
g1	 28 	 2818.506914 			 0.0 			2818.506914
g1	 29 	 2539.14736 			 0.0 			2539.14736
g1	 30 	 2710.353669 			 0.0 			2710.353669
g1	 31 	 2718.519781 			 0.0 			2718.519781
g1	 32 	 2648.867257 			 0.0 			2648.867257
g1	 33 	 3012.616301 			 0.0 			3012.616301
g1	 34 	 2888.92311 			 0.0 			2888.92311
g1	 35 	 2880.196745 			 0.0 			2880.196745
g1	 36 	 2732.112161 			 0.0 			2732.112161
g1	 37 	 3058.233409 			 0.0 			3058.233409
g1	 38 	 2508.187447 			 0.0 			2508.187447
g1	 39 	 2912.624618 			 0.0 			2912.624618
g1	 40 	 2885.499602 			 0.0 			2885.499602
g1	 41 	 2938.784639 			 0.0 			2938.784639
g1	 42 	 3058.233409 			 0.0 			3058.233409
g1	 43 	 3039.842719 			 0.0 			3039.842719
g1	 44 	 3058.233409 			 0.0 			3058.233409
g1	 45 	 2966.126894 			 0.0 			2966.126894
g1	 46 	 2416.080933 			 0.0 			2416.080933
g1	 47 	 2714.492751 			 0.0 			2714.492751
g1	 48 	 2167.629003 			 0.0 			2167.629003
g1	 49 	 2688.898242 			 0.0 			2688.898242
g1	 50 	 3058.233409 			 0.0 			3058.233409
g1	 51 	 3007.490086 			 0.0 			3007.490086
g1	 52 	 3058.233409 			 0.0 			3058.233409
g1	 53 	 3058.233409 			 0.0 			3058.233409
g1	 54 	 2785.108404 			 0.0 			2785.108404
g1	 55 	 3058.233409 			 0.0 			3058.233409
g1	 56 	 3058.233409 			 0.0 			3058.233409
g1	 57 	 2535.976722 			 0.0 			2535.976722
g1	 58 	 3058.233409 			 0.0 			3058.233409
g1	 59 	 2871.631913 			 0.0 			2871.631913
g1	 60 	 3058.233409 			 0.0 			3058.233409
g1	 61 	 2972.599863 			 0.0 			2972.599863
g1	 62 	 2978.301152 			 0.0 			2978.301152
g1	 63 	 3058.233409 			 0.0 			3058.233409
g1	 64 	 3058.233409 			 0.0 			3058.233409
g1	 65 	 2918.10512 			 0.0 			2918.10512
g1	 66 	 3058.233409 			 0.0 			3058.233409
g1	 67 	 3058.233409 			 0.0 			3058.233409
g1	 68 	 2638.949661 			 0.0 			2638.949661
g1	 69 	 3058.233409 			 0.0 			3058.233409
g1	 70 	 3058.233409 			 0.0 			3058.233409
g1	 71 	 3058.233409 			 0.0 			3058.233409
g1	 72 	 3058.233409 			 0.0 			3058.233409
g1	 73 	 3058.233409 			 0.0 			3058.233409
g1	 74 	 2585.046945 			 0.0 			2585.046945
g1	 75 	 3058.233409 			 0.0 			3058.233409
g1	 76 	 2654.203604 			 0.0 			2654.203604
g1	 77 	 2921.59707 			 0.0 			2921.59707
g1	 78 	 3058.233409 			 0.0 			3058.233409
g1	 79 	 2931.323406 			 0.0 			2931.323406
g1	 80 	 3058.233409 			 0.0 			3058.233409
g1	 81 	 3058.233409 			 0.0 			3058.233409
g1	 82 	 3058.233409 			 0.0 			3058.233409
g1	 83 	 3058.233409 			 0.0 			3058.233409
g1	 84 	 2778.644532 			 0.0 			2778.644532
g1	 85 	 3058.233409 			 0.0 			3058.233409
g1	 86 	 2945.949809 			 0.0 			2945.949809
g1	 87 	 3036.17018 			 0.0 			3036.17018
g1	 88 	 2930.517919 			 0.0 			2930.517919
g1	 89 	 2380.471958 			 0.0 			2380.471958
g1	 90 	 2614.721274 			 0.0 			2614.721274
g1	 91 	 2739.035245 			 0.0 			2739.035245
g1	 92 	 2346.441019 			 0.0 			2346.441019
g1	 93 	 2896.48698 			 0.0 			2896.48698
g1	 94 	 2562.322971 			 0.0 			2562.322971
g1	 95 	 3047.426864 			 0.0 			3047.426864
g1	 96 	 2868.78218 			 0.0 			2868.78218
----------------------------------------------------------------------------------------------------
g2	 1 	 0.0 			 0.0 			0.0
g2	 2 	 0.0 			 0.0 			0.0
g2	 3 	 0.0 			 0.0 			0.0
g2	 4 	 0.0 			 0.0 			0.0
g2	 5 	 0.0 			 0.0 			0.0
g2	 6 	 0.0 			 0.0 			0.0
g2	 7 	 0.0 			 0.0 			0.0
g2	 8 	 0.0 			 0.0 			0.0
g2	 9 	 0.0 			 0.0 			0.0
g2	 10 	 0.0 			 0.0 			0.0
g2	 11 	 0.0 			 0.0 			0.0
g2	 12 	 0.0 			 0.0 			0.0
g2	 13 	 0.0 			 0.0 			0.0
g2	 14 	 0.0 			 0.0 			0.0
g2	 15 	 0.0 			 0.0 			0.0
g2	 16 	 0.0 			 0.0 			0.0
g2	 17 	 0.0 			 0.0 			0.0
g2	 18 	 0.0 			 0.0 			0.0
g2	 19 	 0.0 			 0.0 			0.0
g2	 20 	 0.0 			 0.0 			0.0
g2	 21 	 0.0 			 0.0 			0.0
g2	 22 	 0.0 			 0.0 			0.0
g2	 23 	 0.0 			 0.0 			0.0
g2	 24 	 0.0 			 0.0 			0.0
g2	 25 	 0.0 			 0.0 			0.0
g2	 26 	 0.0 			 0.0 			0.0
g2	 27 	 0.0 			 0.0 			0.0
g2	 28 	 0.0 			 0.0 			0.0
g2	 29 	 0.0 			 0.0 			0.0
g2	 30 	 0.0 			 0.0 			0.0
g2	 31 	 0.0 			 0.0 			0.0
g2	 32 	 0.0 			 0.0 			0.0
g2	 33 	 0.0 			 0.0 			0.0
g2	 34 	 0.0 			 0.0 			0.0
g2	 35 	 0.0 			 0.0 			0.0
g2	 36 	 0.0 			 0.0 			0.0
g2	 37 	 588.198212 			 10598.13 			11186.328212
g2	 38 	 373.142371 			 0.0 			373.142371
g2	 39 	 534.771644 			 0.0 			534.771644
g2	 40 	 534.771644 			 0.0 			534.771644
g2	 41 	 534.771644 			 0.0 			534.771644
g2	 42 	 561.295817 			 0.0 			561.295817
g2	 43 	 702.838405 			 0.0 			702.838405
g2	 44 	 940.141711 			 0.0 			940.141711
g2	 45 	 834.430184 			 0.0 			834.430184
g2	 46 	 904.225641 			 0.0 			904.225641
g2	 47 	 1160.941715 			 0.0 			1160.941715
g2	 48 	 904.225641 			 0.0 			904.225641
g2	 49 	 1160.941715 			 0.0 			1160.941715
g2	 50 	 1449.563123 			 0.0 			1449.563123
g2	 51 	 1160.941715 			 0.0 			1160.941715
g2	 52 	 1078.099066 			 0.0 			1078.099066
g2	 53 	 1287.090373 			 0.0 			1287.090373
g2	 54 	 1020.497656 			 0.0 			1020.497656
g2	 55 	 1228.239178 			 0.0 			1228.239178
g2	 56 	 1405.783173 			 0.0 			1405.783173
g2	 57 	 1161.364226 			 0.0 			1161.364226
g2	 58 	 1450.051905 			 0.0 			1450.051905
g2	 59 	 1161.364226 			 0.0 			1161.364226
g2	 60 	 990.505651 			 0.0 			990.505651
g2	 61 	 1061.047233 			 0.0 			1061.047233
g2	 62 	 1334.000163 			 0.0 			1334.000163
g2	 63 	 1630.982228 			 0.0 			1630.982228
g2	 64 	 1457.496163 			 0.0 			1457.496163
g2	 65 	 1167.799162 			 0.0 			1167.799162
g2	 66 	 1152.817384 			 0.0 			1152.817384
g2	 67 	 1407.297456 			 0.0 			1407.297456
g2	 68 	 1124.406593 			 0.0 			1124.406593
g2	 69 	 1088.806823 			 0.0 			1088.806823
g2	 70 	 1265.838048 			 0.0 			1265.838048
g2	 71 	 1482.9188 			 0.0 			1482.9188
g2	 72 	 1240.8395 			 0.0 			1240.8395
g2	 73 	 1396.937862 			 0.0 			1396.937862
g2	 74 	 1334.000163 			 0.0 			1334.000163
g2	 75 	 1630.982228 			 0.0 			1630.982228
g2	 76 	 1334.000163 			 0.0 			1334.000163
g2	 77 	 1061.047233 			 0.0 			1061.047233
g2	 78 	 1166.74065 			 0.0 			1166.74065
g2	 79 	 1046.880938 			 0.0 			1046.880938
g2	 80 	 1317.61188 			 0.0 			1317.61188
g2	 81 	 1090.032654 			 0.0 			1090.032654
g2	 82 	 1359.850642 			 0.0 			1359.850642
g2	 83 	 1219.282792 			 0.0 			1219.282792
g2	 84 	 961.883693 			 0.0 			961.883693
g2	 85 	 1070.723318 			 0.0 			1070.723318
g2	 86 	 818.559698 			 0.0 			818.559698
g2	 87 	 591.058163 			 0.0 			591.058163
g2	 88 	 534.771644 			 0.0 			534.771644
g2	 89 	 323.535598 			 0.0 			323.535598
g2	 90 	 534.771644 			 0.0 			534.771644
g2	 91 	 449.592834 			 0.0 			449.592834
g2	 92 	 238.356787 			 0.0 			238.356787
g2	 93 	 0.0 			 0.0 			0.0
g2	 94 	 0.0 			 0.0 			0.0
g2	 95 	 0.0 			 0.0 			0.0
g2	 96 	 0.0 			 0.0 			0.0
----------------------------------------------------------------------------------------------------
g3	 1 	 0.0 			 0.0 			0.0
g3	 2 	 0.0 			 0.0 			0.0
g3	 3 	 0.0 			 0.0 			0.0
g3	 4 	 0.0 			 0.0 			0.0
g3	 5 	 0.0 			 0.0 			0.0
g3	 6 	 0.0 			 0.0 			0.0
g3	 7 	 0.0 			 0.0 			0.0
g3	 8 	 0.0 			 0.0 			0.0
g3	 9 	 0.0 			 0.0 			0.0
g3	 10 	 0.0 			 0.0 			0.0
g3	 11 	 0.0 			 0.0 			0.0
g3	 12 	 0.0 			 0.0 			0.0
g3	 13 	 0.0 			 0.0 			0.0
g3	 14 	 0.0 			 0.0 			0.0
g3	 15 	 0.0 			 0.0 			0.0
g3	 16 	 0.0 			 0.0 			0.0
g3	 17 	 0.0 			 0.0 			0.0
g3	 18 	 0.0 			 0.0 			0.0
g3	 19 	 0.0 			 0.0 			0.0
g3	 20 	 0.0 			 0.0 			0.0
g3	 21 	 0.0 			 0.0 			0.0
g3	 22 	 0.0 			 0.0 			0.0
g3	 23 	 0.0 			 0.0 			0.0
g3	 24 	 0.0 			 0.0 			0.0
g3	 25 	 0.0 			 0.0 			0.0
g3	 26 	 0.0 			 0.0 			0.0
g3	 27 	 0.0 			 0.0 			0.0
g3	 28 	 0.0 			 0.0 			0.0
g3	 29 	 0.0 			 0.0 			0.0
g3	 30 	 0.0 			 0.0 			0.0
g3	 31 	 0.0 			 0.0 			0.0
g3	 32 	 0.0 			 0.0 			0.0
g3	 33 	 0.0 			 0.0 			0.0
g3	 34 	 0.0 			 0.0 			0.0
g3	 35 	 0.0 			 0.0 			0.0
g3	 36 	 0.0 			 0.0 			0.0
g3	 37 	 0.0 			 0.0 			0.0
g3	 38 	 0.0 			 0.0 			0.0
g3	 39 	 0.0 			 0.0 			0.0
g3	 40 	 0.0 			 0.0 			0.0
g3	 41 	 0.0 			 0.0 			0.0
g3	 42 	 0.0 			 0.0 			0.0
g3	 43 	 0.0 			 0.0 			0.0
g3	 44 	 0.0 			 0.0 			0.0
g3	 45 	 0.0 			 0.0 			0.0
g3	 46 	 0.0 			 0.0 			0.0
g3	 47 	 0.0 			 0.0 			0.0
g3	 48 	 0.0 			 0.0 			0.0
g3	 49 	 0.0 			 0.0 			0.0
g3	 50 	 0.0 			 0.0 			0.0
g3	 51 	 0.0 			 0.0 			0.0
g3	 52 	 0.0 			 0.0 			0.0
g3	 53 	 0.0 			 0.0 			0.0
g3	 54 	 0.0 			 0.0 			0.0
g3	 55 	 0.0 			 0.0 			0.0
g3	 56 	 0.0 			 0.0 			0.0
g3	 57 	 0.0 			 0.0 			0.0
g3	 58 	 0.0 			 0.0 			0.0
g3	 59 	 0.0 			 0.0 			0.0
g3	 60 	 0.0 			 0.0 			0.0
g3	 61 	 0.0 			 0.0 			0.0
g3	 62 	 0.0 			 0.0 			0.0
g3	 63 	 0.0 			 0.0 			0.0
g3	 64 	 0.0 			 0.0 			0.0
g3	 65 	 0.0 			 0.0 			0.0
g3	 66 	 0.0 			 0.0 			0.0
g3	 67 	 0.0 			 0.0 			0.0
g3	 68 	 0.0 			 0.0 			0.0
g3	 69 	 0.0 			 0.0 			0.0
g3	 70 	 0.0 			 0.0 			0.0
g3	 71 	 0.0 			 0.0 			0.0
g3	 72 	 0.0 			 0.0 			0.0
g3	 73 	 0.0 			 0.0 			0.0
g3	 74 	 0.0 			 0.0 			0.0
g3	 75 	 0.0 			 0.0 			0.0
g3	 76 	 0.0 			 0.0 			0.0
g3	 77 	 0.0 			 0.0 			0.0
g3	 78 	 0.0 			 0.0 			0.0
g3	 79 	 0.0 			 0.0 			0.0
g3	 80 	 0.0 			 0.0 			0.0
g3	 81 	 0.0 			 0.0 			0.0
g3	 82 	 0.0 			 0.0 			0.0
g3	 83 	 0.0 			 0.0 			0.0
g3	 84 	 0.0 			 0.0 			0.0
g3	 85 	 0.0 			 0.0 			0.0
g3	 86 	 0.0 			 0.0 			0.0
g3	 87 	 0.0 			 0.0 			0.0
g3	 88 	 0.0 			 0.0 			0.0
g3	 89 	 0.0 			 0.0 			0.0
g3	 90 	 0.0 			 0.0 			0.0
g3	 91 	 0.0 			 0.0 			0.0
g3	 92 	 0.0 			 0.0 			0.0
g3	 93 	 0.0 			 0.0 			0.0
g3	 94 	 0.0 			 0.0 			0.0
g3	 95 	 0.0 			 0.0 			0.0
g3	 96 	 0.0 			 0.0 			0.0
----------------------------------------------------------------------------------------------------
g4	 1 	 0.0 			 0.0 			0.0
g4	 2 	 0.0 			 0.0 			0.0
g4	 3 	 0.0 			 0.0 			0.0
g4	 4 	 0.0 			 0.0 			0.0
g4	 5 	 0.0 			 0.0 			0.0
g4	 6 	 0.0 			 0.0 			0.0
g4	 7 	 0.0 			 0.0 			0.0
g4	 8 	 0.0 			 0.0 			0.0
g4	 9 	 0.0 			 0.0 			0.0
g4	 10 	 0.0 			 0.0 			0.0
g4	 11 	 0.0 			 0.0 			0.0
g4	 12 	 0.0 			 0.0 			0.0
g4	 13 	 0.0 			 0.0 			0.0
g4	 14 	 0.0 			 0.0 			0.0
g4	 15 	 0.0 			 0.0 			0.0
g4	 16 	 0.0 			 0.0 			0.0
g4	 17 	 0.0 			 0.0 			0.0
g4	 18 	 0.0 			 0.0 			0.0
g4	 19 	 0.0 			 0.0 			0.0
g4	 20 	 0.0 			 0.0 			0.0
g4	 21 	 0.0 			 0.0 			0.0
g4	 22 	 0.0 			 0.0 			0.0
g4	 23 	 0.0 			 0.0 			0.0
g4	 24 	 0.0 			 0.0 			0.0
g4	 25 	 0.0 			 0.0 			0.0
g4	 26 	 0.0 			 0.0 			0.0
g4	 27 	 0.0 			 0.0 			0.0
g4	 28 	 0.0 			 0.0 			0.0
g4	 29 	 0.0 			 0.0 			0.0
g4	 30 	 0.0 			 0.0 			0.0
g4	 31 	 0.0 			 0.0 			0.0
g4	 32 	 0.0 			 0.0 			0.0
g4	 33 	 0.0 			 0.0 			0.0
g4	 34 	 0.0 			 0.0 			0.0
g4	 35 	 0.0 			 0.0 			0.0
g4	 36 	 0.0 			 0.0 			0.0
g4	 37 	 0.0 			 0.0 			0.0
g4	 38 	 0.0 			 0.0 			0.0
g4	 39 	 0.0 			 0.0 			0.0
g4	 40 	 0.0 			 0.0 			0.0
g4	 41 	 0.0 			 0.0 			0.0
g4	 42 	 0.0 			 0.0 			0.0
g4	 43 	 0.0 			 0.0 			0.0
g4	 44 	 0.0 			 0.0 			0.0
g4	 45 	 0.0 			 0.0 			0.0
g4	 46 	 0.0 			 0.0 			0.0
g4	 47 	 0.0 			 0.0 			0.0
g4	 48 	 0.0 			 0.0 			0.0
g4	 49 	 0.0 			 0.0 			0.0
g4	 50 	 0.0 			 0.0 			0.0
g4	 51 	 0.0 			 0.0 			0.0
g4	 52 	 0.0 			 0.0 			0.0
g4	 53 	 0.0 			 0.0 			0.0
g4	 54 	 0.0 			 0.0 			0.0
g4	 55 	 0.0 			 0.0 			0.0
g4	 56 	 0.0 			 0.0 			0.0
g4	 57 	 0.0 			 0.0 			0.0
g4	 58 	 0.0 			 0.0 			0.0
g4	 59 	 0.0 			 0.0 			0.0
g4	 60 	 0.0 			 0.0 			0.0
g4	 61 	 0.0 			 0.0 			0.0
g4	 62 	 0.0 			 0.0 			0.0
g4	 63 	 0.0 			 0.0 			0.0
g4	 64 	 0.0 			 0.0 			0.0
g4	 65 	 0.0 			 0.0 			0.0
g4	 66 	 0.0 			 0.0 			0.0
g4	 67 	 0.0 			 0.0 			0.0
g4	 68 	 0.0 			 0.0 			0.0
g4	 69 	 0.0 			 0.0 			0.0
g4	 70 	 0.0 			 0.0 			0.0
g4	 71 	 0.0 			 0.0 			0.0
g4	 72 	 0.0 			 0.0 			0.0
g4	 73 	 0.0 			 0.0 			0.0
g4	 74 	 0.0 			 0.0 			0.0
g4	 75 	 0.0 			 0.0 			0.0
g4	 76 	 0.0 			 0.0 			0.0
g4	 77 	 0.0 			 0.0 			0.0
g4	 78 	 0.0 			 0.0 			0.0
g4	 79 	 0.0 			 0.0 			0.0
g4	 80 	 0.0 			 0.0 			0.0
g4	 81 	 0.0 			 0.0 			0.0
g4	 82 	 0.0 			 0.0 			0.0
g4	 83 	 0.0 			 0.0 			0.0
g4	 84 	 0.0 			 0.0 			0.0
g4	 85 	 0.0 			 0.0 			0.0
g4	 86 	 0.0 			 0.0 			0.0
g4	 87 	 0.0 			 0.0 			0.0
g4	 88 	 0.0 			 0.0 			0.0
g4	 89 	 0.0 			 0.0 			0.0
g4	 90 	 0.0 			 0.0 			0.0
g4	 91 	 0.0 			 0.0 			0.0
g4	 92 	 0.0 			 0.0 			0.0
g4	 93 	 0.0 			 0.0 			0.0
g4	 94 	 0.0 			 0.0 			0.0
g4	 95 	 0.0 			 0.0 			0.0
g4	 96 	 0.0 			 0.0 			0.0
----------------------------------------------------------------------------------------------------
g5	 1 	 0.0 			 0.0 			0.0
g5	 2 	 0.0 			 0.0 			0.0
g5	 3 	 0.0 			 0.0 			0.0
g5	 4 	 0.0 			 0.0 			0.0
g5	 5 	 0.0 			 0.0 			0.0
g5	 6 	 0.0 			 0.0 			0.0
g5	 7 	 0.0 			 0.0 			0.0
g5	 8 	 0.0 			 0.0 			0.0
g5	 9 	 0.0 			 0.0 			0.0
g5	 10 	 0.0 			 0.0 			0.0
g5	 11 	 0.0 			 0.0 			0.0
g5	 12 	 0.0 			 0.0 			0.0
g5	 13 	 0.0 			 0.0 			0.0
g5	 14 	 0.0 			 0.0 			0.0
g5	 15 	 0.0 			 0.0 			0.0
g5	 16 	 0.0 			 0.0 			0.0
g5	 17 	 0.0 			 0.0 			0.0
g5	 18 	 0.0 			 0.0 			0.0
g5	 19 	 0.0 			 0.0 			0.0
g5	 20 	 0.0 			 0.0 			0.0
g5	 21 	 0.0 			 0.0 			0.0
g5	 22 	 0.0 			 0.0 			0.0
g5	 23 	 0.0 			 0.0 			0.0
g5	 24 	 0.0 			 0.0 			0.0
g5	 25 	 0.0 			 0.0 			0.0
g5	 26 	 0.0 			 0.0 			0.0
g5	 27 	 0.0 			 0.0 			0.0
g5	 28 	 0.0 			 0.0 			0.0
g5	 29 	 0.0 			 0.0 			0.0
g5	 30 	 0.0 			 0.0 			0.0
g5	 31 	 0.0 			 0.0 			0.0
g5	 32 	 0.0 			 0.0 			0.0
g5	 33 	 0.0 			 0.0 			0.0
g5	 34 	 0.0 			 0.0 			0.0
g5	 35 	 0.0 			 0.0 			0.0
g5	 36 	 0.0 			 0.0 			0.0
g5	 37 	 0.0 			 0.0 			0.0
g5	 38 	 0.0 			 0.0 			0.0
g5	 39 	 0.0 			 0.0 			0.0
g5	 40 	 0.0 			 0.0 			0.0
g5	 41 	 0.0 			 0.0 			0.0
g5	 42 	 0.0 			 0.0 			0.0
g5	 43 	 0.0 			 0.0 			0.0
g5	 44 	 0.0 			 0.0 			0.0
g5	 45 	 0.0 			 0.0 			0.0
g5	 46 	 0.0 			 0.0 			0.0
g5	 47 	 0.0 			 0.0 			0.0
g5	 48 	 0.0 			 0.0 			0.0
g5	 49 	 0.0 			 0.0 			0.0
g5	 50 	 0.0 			 0.0 			0.0
g5	 51 	 0.0 			 0.0 			0.0
g5	 52 	 0.0 			 0.0 			0.0
g5	 53 	 0.0 			 0.0 			0.0
g5	 54 	 0.0 			 0.0 			0.0
g5	 55 	 0.0 			 0.0 			0.0
g5	 56 	 0.0 			 0.0 			0.0
g5	 57 	 0.0 			 0.0 			0.0
g5	 58 	 0.0 			 0.0 			0.0
g5	 59 	 0.0 			 0.0 			0.0
g5	 60 	 0.0 			 0.0 			0.0
g5	 61 	 0.0 			 0.0 			0.0
g5	 62 	 0.0 			 0.0 			0.0
g5	 63 	 0.0 			 0.0 			0.0
g5	 64 	 0.0 			 0.0 			0.0
g5	 65 	 0.0 			 0.0 			0.0
g5	 66 	 0.0 			 0.0 			0.0
g5	 67 	 0.0 			 0.0 			0.0
g5	 68 	 0.0 			 0.0 			0.0
g5	 69 	 0.0 			 0.0 			0.0
g5	 70 	 0.0 			 0.0 			0.0
g5	 71 	 0.0 			 0.0 			0.0
g5	 72 	 0.0 			 0.0 			0.0
g5	 73 	 0.0 			 0.0 			0.0
g5	 74 	 0.0 			 0.0 			0.0
g5	 75 	 0.0 			 0.0 			0.0
g5	 76 	 0.0 			 0.0 			0.0
g5	 77 	 0.0 			 0.0 			0.0
g5	 78 	 0.0 			 0.0 			0.0
g5	 79 	 0.0 			 0.0 			0.0
g5	 80 	 0.0 			 0.0 			0.0
g5	 81 	 0.0 			 0.0 			0.0
g5	 82 	 0.0 			 0.0 			0.0
g5	 83 	 0.0 			 0.0 			0.0
g5	 84 	 0.0 			 0.0 			0.0
g5	 85 	 0.0 			 0.0 			0.0
g5	 86 	 0.0 			 0.0 			0.0
g5	 87 	 0.0 			 0.0 			0.0
g5	 88 	 0.0 			 0.0 			0.0
g5	 89 	 0.0 			 0.0 			0.0
g5	 90 	 0.0 			 0.0 			0.0
g5	 91 	 0.0 			 0.0 			0.0
g5	 92 	 0.0 			 0.0 			0.0
g5	 93 	 0.0 			 0.0 			0.0
g5	 94 	 0.0 			 0.0 			0.0
g5	 95 	 0.0 			 0.0 			0.0
g5	 96 	 0.0 			 0.0 			0.0
----------------------------------------------------------------------------------------------------
 
unit 	 generation 	 generation cost 	 start-up cost 	 total cost
----------------------------------------------------------------------------------------------------
g1 	 6948.322801			259155.483753			 0.000000		 259155.483753
g2 	 1107.228665			58023.066773			 10598.130000		 68621.196773
g3 	 0.000000			0.000000			 0.000000		 0.000000
g4 	 0.000000			0.000000			 0.000000		 0.000000
g5 	 0.000000			0.000000			 0.000000		 0.000000
----------------------------------------------------------------------------------------------------
 
generation cost 	 start-up cost 		 total cost
----------------------------------------------------------------------------------------------------
317178.5505259999 			 10598.13 			 327776.68052599987
----------------------------------------------------------------------------------------------------
uplift payment for generator g1: 40648.990746
uplift payment for generator g2: 0.0
uplift payment for generator g3: 0.0
uplift payment for generator g4: 0.0
uplift payment for generator g5: 0.0
 
****************************************************************************************************
 
rtm Systemwide prices
----------------------------------------------------------------------------------------------------
time	 energy 	 up-FRP 	 dw-FRP
----------------------------------------------------------------------------------------------------
1 	 9.408671 		 0.0 		 0.0
2 	 9.614507 		 0.0 		 0.0
3 	 9.614507 		 0.0 		 0.0
4 	 9.408671 		 0.0 		 0.0
5 	 9.408671 		 0.0 		 0.0
6 	 9.614507 		 0.0 		 0.0
7 	 9.408671 		 0.0 		 0.0
8 	 9.614507 		 0.0 		 0.0
9 	 9.408671 		 0.0 		 0.0
10 	 9.408671 		 0.0 		 0.0
11 	 9.408671 		 0.0 		 0.0
12 	 9.408671 		 0.0 		 0.0
13 	 9.408671 		 0.0 		 0.0
14 	 9.408671 		 0.0 		 0.0
15 	 9.408671 		 0.0 		 0.0
16 	 9.408671 		 0.0 		 0.0
17 	 9.408671 		 0.0 		 0.0
18 	 9.614507 		 0.0 		 0.0
19 	 9.408671 		 0.0 		 0.0
20 	 9.408671 		 0.0 		 0.0
21 	 9.408671 		 0.0 		 0.0
22 	 9.614507 		 0.0 		 0.0
23 	 9.408671 		 0.0 		 0.0
24 	 9.614507 		 0.0 		 0.0
25 	 9.614507 		 0.0 		 0.0
26 	 9.614507 		 0.0 		 0.0
27 	 9.614507 		 0.0 		 0.0
28 	 9.614507 		 0.0 		 0.0
29 	 9.614507 		 0.0 		 0.0
30 	 9.614507 		 0.0 		 0.0
31 	 9.614507 		 0.0 		 0.0
32 	 9.614507 		 0.0 		 0.0
33 	 9.614507 		 0.0 		 0.0
34 	 9.614507 		 0.0 		 0.0
35 	 9.614507 		 0.0 		 0.0
36 	 9.614507 		 0.0 		 0.0
37 	 2500.0 		 0.0 		 0.0
38 	 2480.3565 		 0.0 		 0.0
39 	 9.614507 		 0.0 		 0.0
40 	 9.614507 		 0.0 		 0.0
41 	 9.614507 		 0.0 		 0.0
42 	 10.185876 		 0.0 		 0.0
43 	 9.614507 		 0.0 		 0.0
44 	 12.06526 		 0.0 		 0.0
45 	 10.185876 		 0.0 		 0.0
46 	 9.043139 		 0.0 		 0.0
47 	 2500.0 		 0.0 		 0.0
48 	 2480.976822 		 0.0 		 0.0
49 	 9.614507 		 0.0 		 0.0
50 	 23.470839 		 0.0 		 0.0
51 	 9.614507 		 0.0 		 0.0
52 	 11.493892 		 0.0 		 0.0
53 	 15.176097 		 0.0 		 0.0
54 	 9.614507 		 0.0 		 0.0
55 	 13.296712 		 0.0 		 0.0
56 	 13.296712 		 0.0 		 0.0
57 	 9.614507 		 0.0 		 0.0
58 	 17.055481 		 0.0 		 0.0
59 	 9.614507 		 0.0 		 0.0
60 	 11.493892 		 0.0 		 0.0
61 	 9.614507 		 0.0 		 0.0
62 	 9.614507 		 0.0 		 0.0
63 	 2500.0 		 0.0 		 0.0
64 	 15.176097 		 0.0 		 0.0
65 	 9.614507 		 0.0 		 0.0
66 	 11.493892 		 0.0 		 0.0
67 	 15.176097 		 0.0 		 0.0
68 	 9.614507 		 0.0 		 0.0
69 	 11.493892 		 0.0 		 0.0
70 	 13.296712 		 0.0 		 0.0
71 	 13.296712 		 0.0 		 0.0
72 	 13.296712 		 0.0 		 0.0
73 	 13.296712 		 0.0 		 0.0
74 	 9.614507 		 0.0 		 0.0
75 	 2500.0 		 0.0 		 0.0
76 	 9.614507 		 0.0 		 0.0
77 	 9.614507 		 0.0 		 0.0
78 	 11.493892 		 0.0 		 0.0
79 	 9.614507 		 0.0 		 0.0
80 	 15.176097 		 0.0 		 0.0
81 	 11.493892 		 0.0 		 0.0
82 	 13.296712 		 0.0 		 0.0
83 	 15.176097 		 0.0 		 0.0
84 	 9.614507 		 0.0 		 0.0
85 	 12.636629 		 0.0 		 0.0
86 	 9.614507 		 0.0 		 0.0
87 	 9.614507 		 0.0 		 0.0
88 	 2500.0 		 0.0 		 0.0
89 	 2480.770985 		 0.0 		 0.0
90 	 9.614507 		 0.0 		 0.0
91 	 9.614507 		 0.0 		 0.0
92 	 2480.770985 		 0.0 		 0.0
93 	 2500.0 		 0.0 		 0.0
94 	 9.614507 		 0.0 		 0.0
95 	 9.614507 		 0.0 		 0.0
96 	 9.614507 		 0.0 		 0.0
 
****************************************************************************************************
 
rtm Post-uplift payments
----------------------------------------------------------------------------------------------------------------------------------------------------
unit 	 generation payment 	 up-FRP payment 	 dw-FRP payment 	pre-up t. payment 	 uplift payments 	 post-up t. payment 	 profit
----------------------------------------------------------------------------------------------------------------------------------------------------
 g1 	 -71734.556294			 0.000000			 0.000000			 -71734.556294			 40648.990746			 -31085.565548		 0.000000
 g2 	 295793.625422			 0.000000			 0.000000			 295793.625422			 0.000000			 295793.625422		 265477.593168
 g3 	 0.000000			 0.000000			 0.000000			 0.000000			 0.000000			 0.000000		 0.000000
 g4 	 0.000000			 0.000000			 0.000000			 0.000000			 0.000000			 0.000000		 0.000000
 g5 	 0.000000			 0.000000			 0.000000			 0.000000			 0.000000			 0.000000		 0.000000
****************************************************************************************************
 
Total generator payments
----------------------------------------------------------------------------------------------------------------------------------------------------
unit 	 generation payment 	 up-FRP payment 	 dw-FRP payment 	pre-up t. payment 	 uplift payments 	 post-up t. payment 	 profit
----------------------------------------------------------------------------------------------------------------------------------------------------
 g1 	 218506.493007			 0.000000			 0.000000			 218506.493007			 40648.990746			 259155.483753		 0.000000
 g2 	 334098.789941			 0.000000			 0.000000			 334098.789941			 0.000000			 334098.789941		 265477.593168
 g3 	 0.000000			 0.000000			 0.000000			 0.000000			 0.000000			 0.000000		 0.000000
 g4 	 0.000000			 0.000000			 0.000000			 0.000000			 0.000000			 0.000000		 0.000000
 g5 	 0.000000			 0.000000			 0.000000			 0.000000			 0.000000			 0.000000		 0.000000
 
****************************************************************************************************
 
rtm LMP
----------------------------------------------------------------------------------------------------
bus name 	 time 		 LMP
----------------------------------------------------------------------------------------------------
b1 		 1 		 9.408671
b1 		 2 		 9.614507
b1 		 3 		 9.614507
b1 		 4 		 9.408671
b1 		 5 		 9.408671
b1 		 6 		 9.614507
b1 		 7 		 9.408671
b1 		 8 		 9.614507
b1 		 9 		 9.408671
b1 		 10 		 9.408671
b1 		 11 		 9.408671
b1 		 12 		 9.408671
b1 		 13 		 9.408671
b1 		 14 		 9.408671
b1 		 15 		 9.408671
b1 		 16 		 9.408671
b1 		 17 		 9.408671
b1 		 18 		 9.614507
b1 		 19 		 9.408671
b1 		 20 		 9.408671
b1 		 21 		 9.408671
b1 		 22 		 9.614507
b1 		 23 		 9.408671
b1 		 24 		 9.614507
b1 		 25 		 9.614507
b1 		 26 		 9.614507
b1 		 27 		 9.614507
b1 		 28 		 9.614507
b1 		 29 		 9.614507
b1 		 30 		 9.614507
b1 		 31 		 9.614507
b1 		 32 		 9.614507
b1 		 33 		 9.614507
b1 		 34 		 9.614507
b1 		 35 		 9.614507
b1 		 36 		 9.614507
b1 		 37 		 2500.0
b1 		 38 		 2480.3565
b1 		 39 		 9.614507
b1 		 40 		 9.614507
b1 		 41 		 9.614507
b1 		 42 		 10.185876
b1 		 43 		 9.614507
b1 		 44 		 12.06526
b1 		 45 		 10.185876
b1 		 46 		 9.043139
b1 		 47 		 2500.0
b1 		 48 		 2480.976822
b1 		 49 		 9.614507
b1 		 50 		 23.470839
b1 		 51 		 9.614507
b1 		 52 		 11.493892
b1 		 53 		 15.176097
b1 		 54 		 9.614507
b1 		 55 		 13.296712
b1 		 56 		 13.296712
b1 		 57 		 9.614507
b1 		 58 		 17.055481
b1 		 59 		 9.614507
b1 		 60 		 11.493892
b1 		 61 		 9.614507
b1 		 62 		 9.614507
b1 		 63 		 2500.0
b1 		 64 		 15.176097
b1 		 65 		 9.614507
b1 		 66 		 11.493892
b1 		 67 		 15.176097
b1 		 68 		 9.614507
b1 		 69 		 11.493892
b1 		 70 		 13.296712
b1 		 71 		 13.296712
b1 		 72 		 13.296712
b1 		 73 		 13.296712
b1 		 74 		 9.614507
b1 		 75 		 2500.0
b1 		 76 		 9.614507
b1 		 77 		 9.614507
b1 		 78 		 11.493892
b1 		 79 		 9.614507
b1 		 80 		 15.176097
b1 		 81 		 11.493892
b1 		 82 		 13.296712
b1 		 83 		 15.176097
b1 		 84 		 9.614507
b1 		 85 		 12.636629
b1 		 86 		 9.614507
b1 		 87 		 9.614507
b1 		 88 		 2500.0
b1 		 89 		 2480.770985
b1 		 90 		 9.614507
b1 		 91 		 9.614507
b1 		 92 		 2480.770985
b1 		 93 		 2500.0
b1 		 94 		 9.614507
b1 		 95 		 9.614507
b1 		 96 		 9.614507
----------------------------------------------------------------------------------------------------
b2 		 1 		 9.408671
b2 		 2 		 9.614507
b2 		 3 		 9.614507
b2 		 4 		 9.408671
b2 		 5 		 9.408671
b2 		 6 		 9.614507
b2 		 7 		 9.408671
b2 		 8 		 9.614507
b2 		 9 		 9.408671
b2 		 10 		 9.408671
b2 		 11 		 9.408671
b2 		 12 		 9.408671
b2 		 13 		 9.408671
b2 		 14 		 9.408671
b2 		 15 		 9.408671
b2 		 16 		 9.408671
b2 		 17 		 9.408671
b2 		 18 		 9.614507
b2 		 19 		 9.408671
b2 		 20 		 9.408671
b2 		 21 		 9.408671
b2 		 22 		 9.614507
b2 		 23 		 9.408671
b2 		 24 		 9.614507
b2 		 25 		 9.614507
b2 		 26 		 9.614507
b2 		 27 		 9.614507
b2 		 28 		 9.614507
b2 		 29 		 9.614507
b2 		 30 		 9.614507
b2 		 31 		 9.614507
b2 		 32 		 9.614507
b2 		 33 		 9.614507
b2 		 34 		 9.614507
b2 		 35 		 9.614507
b2 		 36 		 9.614507
b2 		 37 		 2500.0
b2 		 38 		 2480.3565
b2 		 39 		 9.614507
b2 		 40 		 9.614507
b2 		 41 		 9.614507
b2 		 42 		 10.185876
b2 		 43 		 9.614507
b2 		 44 		 12.06526
b2 		 45 		 10.185876
b2 		 46 		 9.043139
b2 		 47 		 2500.0
b2 		 48 		 2480.976822
b2 		 49 		 9.614507
b2 		 50 		 23.470839
b2 		 51 		 9.614507
b2 		 52 		 11.493892
b2 		 53 		 15.176097
b2 		 54 		 9.614507
b2 		 55 		 13.296712
b2 		 56 		 13.296712
b2 		 57 		 9.614507
b2 		 58 		 17.055481
b2 		 59 		 9.614507
b2 		 60 		 11.493892
b2 		 61 		 9.614507
b2 		 62 		 9.614507
b2 		 63 		 2500.0
b2 		 64 		 15.176097
b2 		 65 		 9.614507
b2 		 66 		 11.493892
b2 		 67 		 15.176097
b2 		 68 		 9.614507
b2 		 69 		 11.493892
b2 		 70 		 13.296712
b2 		 71 		 13.296712
b2 		 72 		 13.296712
b2 		 73 		 13.296712
b2 		 74 		 9.614507
b2 		 75 		 2500.0
b2 		 76 		 9.614507
b2 		 77 		 9.614507
b2 		 78 		 11.493892
b2 		 79 		 9.614507
b2 		 80 		 15.176097
b2 		 81 		 11.493892
b2 		 82 		 13.296712
b2 		 83 		 15.176097
b2 		 84 		 9.614507
b2 		 85 		 12.636629
b2 		 86 		 9.614507
b2 		 87 		 9.614507
b2 		 88 		 2500.0
b2 		 89 		 2480.770985
b2 		 90 		 9.614507
b2 		 91 		 9.614507
b2 		 92 		 2480.770985
b2 		 93 		 2500.0
b2 		 94 		 9.614507
b2 		 95 		 9.614507
b2 		 96 		 9.614507
----------------------------------------------------------------------------------------------------
b3 		 1 		 9.408671
b3 		 2 		 9.614507
b3 		 3 		 9.614507
b3 		 4 		 9.408671
b3 		 5 		 9.408671
b3 		 6 		 9.614507
b3 		 7 		 9.408671
b3 		 8 		 9.614507
b3 		 9 		 9.408671
b3 		 10 		 9.408671
b3 		 11 		 9.408671
b3 		 12 		 9.408671
b3 		 13 		 9.408671
b3 		 14 		 9.408671
b3 		 15 		 9.408671
b3 		 16 		 9.408671
b3 		 17 		 9.408671
b3 		 18 		 9.614507
b3 		 19 		 9.408671
b3 		 20 		 9.408671
b3 		 21 		 9.408671
b3 		 22 		 9.614507
b3 		 23 		 9.408671
b3 		 24 		 9.614507
b3 		 25 		 9.614507
b3 		 26 		 9.614507
b3 		 27 		 9.614507
b3 		 28 		 9.614507
b3 		 29 		 9.614507
b3 		 30 		 9.614507
b3 		 31 		 9.614507
b3 		 32 		 9.614507
b3 		 33 		 9.614507
b3 		 34 		 9.614507
b3 		 35 		 9.614507
b3 		 36 		 9.614507
b3 		 37 		 2500.0
b3 		 38 		 2480.3565
b3 		 39 		 9.614507
b3 		 40 		 9.614507
b3 		 41 		 9.614507
b3 		 42 		 10.185876
b3 		 43 		 9.614507
b3 		 44 		 12.06526
b3 		 45 		 10.185876
b3 		 46 		 9.043139
b3 		 47 		 2500.0
b3 		 48 		 2480.976822
b3 		 49 		 9.614507
b3 		 50 		 23.470839
b3 		 51 		 9.614507
b3 		 52 		 11.493892
b3 		 53 		 15.176097
b3 		 54 		 9.614507
b3 		 55 		 13.296712
b3 		 56 		 13.296712
b3 		 57 		 9.614507
b3 		 58 		 17.055481
b3 		 59 		 9.614507
b3 		 60 		 11.493892
b3 		 61 		 9.614507
b3 		 62 		 9.614507
b3 		 63 		 2500.0
b3 		 64 		 15.176097
b3 		 65 		 9.614507
b3 		 66 		 11.493892
b3 		 67 		 15.176097
b3 		 68 		 9.614507
b3 		 69 		 11.493892
b3 		 70 		 13.296712
b3 		 71 		 13.296712
b3 		 72 		 13.296712
b3 		 73 		 13.296712
b3 		 74 		 9.614507
b3 		 75 		 2500.0
b3 		 76 		 9.614507
b3 		 77 		 9.614507
b3 		 78 		 11.493892
b3 		 79 		 9.614507
b3 		 80 		 15.176097
b3 		 81 		 11.493892
b3 		 82 		 13.296712
b3 		 83 		 15.176097
b3 		 84 		 9.614507
b3 		 85 		 12.636629
b3 		 86 		 9.614507
b3 		 87 		 9.614507
b3 		 88 		 2500.0
b3 		 89 		 2480.770985
b3 		 90 		 9.614507
b3 		 91 		 9.614507
b3 		 92 		 2480.770985
b3 		 93 		 2500.0
b3 		 94 		 9.614507
b3 		 95 		 9.614507
b3 		 96 		 9.614507
----------------------------------------------------------------------------------------------------
b4 		 1 		 9.408671
b4 		 2 		 9.614507
b4 		 3 		 9.614507
b4 		 4 		 9.408671
b4 		 5 		 9.408671
b4 		 6 		 9.614507
b4 		 7 		 9.408671
b4 		 8 		 9.614507
b4 		 9 		 9.408671
b4 		 10 		 9.408671
b4 		 11 		 9.408671
b4 		 12 		 9.408671
b4 		 13 		 9.408671
b4 		 14 		 9.408671
b4 		 15 		 9.408671
b4 		 16 		 9.408671
b4 		 17 		 9.408671
b4 		 18 		 9.614507
b4 		 19 		 9.408671
b4 		 20 		 9.408671
b4 		 21 		 9.408671
b4 		 22 		 9.614507
b4 		 23 		 9.408671
b4 		 24 		 9.614507
b4 		 25 		 9.614507
b4 		 26 		 9.614507
b4 		 27 		 9.614507
b4 		 28 		 9.614507
b4 		 29 		 9.614507
b4 		 30 		 9.614507
b4 		 31 		 9.614507
b4 		 32 		 9.614507
b4 		 33 		 9.614507
b4 		 34 		 9.614507
b4 		 35 		 9.614507
b4 		 36 		 9.614507
b4 		 37 		 2500.0
b4 		 38 		 2480.3565
b4 		 39 		 9.614507
b4 		 40 		 9.614507
b4 		 41 		 9.614507
b4 		 42 		 10.185876
b4 		 43 		 9.614507
b4 		 44 		 12.06526
b4 		 45 		 10.185876
b4 		 46 		 9.043139
b4 		 47 		 2500.0
b4 		 48 		 2480.976822
b4 		 49 		 9.614507
b4 		 50 		 23.470839
b4 		 51 		 9.614507
b4 		 52 		 11.493892
b4 		 53 		 15.176097
b4 		 54 		 9.614507
b4 		 55 		 13.296712
b4 		 56 		 13.296712
b4 		 57 		 9.614507
b4 		 58 		 17.055481
b4 		 59 		 9.614507
b4 		 60 		 11.493892
b4 		 61 		 9.614507
b4 		 62 		 9.614507
b4 		 63 		 2500.0
b4 		 64 		 15.176097
b4 		 65 		 9.614507
b4 		 66 		 11.493892
b4 		 67 		 15.176097
b4 		 68 		 9.614507
b4 		 69 		 11.493892
b4 		 70 		 13.296712
b4 		 71 		 13.296712
b4 		 72 		 13.296712
b4 		 73 		 13.296712
b4 		 74 		 9.614507
b4 		 75 		 2500.0
b4 		 76 		 9.614507
b4 		 77 		 9.614507
b4 		 78 		 11.493892
b4 		 79 		 9.614507
b4 		 80 		 15.176097
b4 		 81 		 11.493892
b4 		 82 		 13.296712
b4 		 83 		 15.176097
b4 		 84 		 9.614507
b4 		 85 		 12.636629
b4 		 86 		 9.614507
b4 		 87 		 9.614507
b4 		 88 		 2500.0
b4 		 89 		 2480.770985
b4 		 90 		 9.614507
b4 		 91 		 9.614507
b4 		 92 		 2480.770985
b4 		 93 		 2500.0
b4 		 94 		 9.614507
b4 		 95 		 9.614507
b4 		 96 		 9.614507
----------------------------------------------------------------------------------------------------
b5 		 1 		 9.408671
b5 		 2 		 9.614507
b5 		 3 		 9.614507
b5 		 4 		 9.408671
b5 		 5 		 9.408671
b5 		 6 		 9.614507
b5 		 7 		 9.408671
b5 		 8 		 9.614507
b5 		 9 		 9.408671
b5 		 10 		 9.408671
b5 		 11 		 9.408671
b5 		 12 		 9.408671
b5 		 13 		 9.408671
b5 		 14 		 9.408671
b5 		 15 		 9.408671
b5 		 16 		 9.408671
b5 		 17 		 9.408671
b5 		 18 		 9.614507
b5 		 19 		 9.408671
b5 		 20 		 9.408671
b5 		 21 		 9.408671
b5 		 22 		 9.614507
b5 		 23 		 9.408671
b5 		 24 		 9.614507
b5 		 25 		 9.614507
b5 		 26 		 9.614507
b5 		 27 		 9.614507
b5 		 28 		 9.614507
b5 		 29 		 9.614507
b5 		 30 		 9.614507
b5 		 31 		 9.614507
b5 		 32 		 9.614507
b5 		 33 		 9.614507
b5 		 34 		 9.614507
b5 		 35 		 9.614507
b5 		 36 		 9.614507
b5 		 37 		 2500.0
b5 		 38 		 2480.3565
b5 		 39 		 9.614507
b5 		 40 		 9.614507
b5 		 41 		 9.614507
b5 		 42 		 10.185876
b5 		 43 		 9.614507
b5 		 44 		 12.06526
b5 		 45 		 10.185876
b5 		 46 		 9.043139
b5 		 47 		 2500.0
b5 		 48 		 2480.976822
b5 		 49 		 9.614507
b5 		 50 		 23.470839
b5 		 51 		 9.614507
b5 		 52 		 11.493892
b5 		 53 		 15.176097
b5 		 54 		 9.614507
b5 		 55 		 13.296712
b5 		 56 		 13.296712
b5 		 57 		 9.614507
b5 		 58 		 17.055481
b5 		 59 		 9.614507
b5 		 60 		 11.493892
b5 		 61 		 9.614507
b5 		 62 		 9.614507
b5 		 63 		 2500.0
b5 		 64 		 15.176097
b5 		 65 		 9.614507
b5 		 66 		 11.493892
b5 		 67 		 15.176097
b5 		 68 		 9.614507
b5 		 69 		 11.493892
b5 		 70 		 13.296712
b5 		 71 		 13.296712
b5 		 72 		 13.296712
b5 		 73 		 13.296712
b5 		 74 		 9.614507
b5 		 75 		 2500.0
b5 		 76 		 9.614507
b5 		 77 		 9.614507
b5 		 78 		 11.493892
b5 		 79 		 9.614507
b5 		 80 		 15.176097
b5 		 81 		 11.493892
b5 		 82 		 13.296712
b5 		 83 		 15.176097
b5 		 84 		 9.614507
b5 		 85 		 12.636629
b5 		 86 		 9.614507
b5 		 87 		 9.614507
b5 		 88 		 2500.0
b5 		 89 		 2480.770985
b5 		 90 		 9.614507
b5 		 91 		 9.614507
b5 		 92 		 2480.770985
b5 		 93 		 2500.0
b5 		 94 		 9.614507
b5 		 95 		 9.614507
b5 		 96 		 9.614507
----------------------------------------------------------------------------------------------------
b6 		 1 		 9.408671
b6 		 2 		 9.614507
b6 		 3 		 9.614507
b6 		 4 		 9.408671
b6 		 5 		 9.408671
b6 		 6 		 9.614507
b6 		 7 		 9.408671
b6 		 8 		 9.614507
b6 		 9 		 9.408671
b6 		 10 		 9.408671
b6 		 11 		 9.408671
b6 		 12 		 9.408671
b6 		 13 		 9.408671
b6 		 14 		 9.408671
b6 		 15 		 9.408671
b6 		 16 		 9.408671
b6 		 17 		 9.408671
b6 		 18 		 9.614507
b6 		 19 		 9.408671
b6 		 20 		 9.408671
b6 		 21 		 9.408671
b6 		 22 		 9.614507
b6 		 23 		 9.408671
b6 		 24 		 9.614507
b6 		 25 		 9.614507
b6 		 26 		 9.614507
b6 		 27 		 9.614507
b6 		 28 		 9.614507
b6 		 29 		 9.614507
b6 		 30 		 9.614507
b6 		 31 		 9.614507
b6 		 32 		 9.614507
b6 		 33 		 9.614507
b6 		 34 		 9.614507
b6 		 35 		 9.614507
b6 		 36 		 9.614507
b6 		 37 		 2500.0
b6 		 38 		 2480.3565
b6 		 39 		 9.614507
b6 		 40 		 9.614507
b6 		 41 		 9.614507
b6 		 42 		 10.185876
b6 		 43 		 9.614507
b6 		 44 		 12.06526
b6 		 45 		 10.185876
b6 		 46 		 9.043139
b6 		 47 		 2500.0
b6 		 48 		 2480.976822
b6 		 49 		 9.614507
b6 		 50 		 23.470839
b6 		 51 		 9.614507
b6 		 52 		 11.493892
b6 		 53 		 15.176097
b6 		 54 		 9.614507
b6 		 55 		 13.296712
b6 		 56 		 13.296712
b6 		 57 		 9.614507
b6 		 58 		 17.055481
b6 		 59 		 9.614507
b6 		 60 		 11.493892
b6 		 61 		 9.614507
b6 		 62 		 9.614507
b6 		 63 		 2500.0
b6 		 64 		 15.176097
b6 		 65 		 9.614507
b6 		 66 		 11.493892
b6 		 67 		 15.176097
b6 		 68 		 9.614507
b6 		 69 		 11.493892
b6 		 70 		 13.296712
b6 		 71 		 13.296712
b6 		 72 		 13.296712
b6 		 73 		 13.296712
b6 		 74 		 9.614507
b6 		 75 		 2500.0
b6 		 76 		 9.614507
b6 		 77 		 9.614507
b6 		 78 		 11.493892
b6 		 79 		 9.614507
b6 		 80 		 15.176097
b6 		 81 		 11.493892
b6 		 82 		 13.296712
b6 		 83 		 15.176097
b6 		 84 		 9.614507
b6 		 85 		 12.636629
b6 		 86 		 9.614507
b6 		 87 		 9.614507
b6 		 88 		 2500.0
b6 		 89 		 2480.770985
b6 		 90 		 9.614507
b6 		 91 		 9.614507
b6 		 92 		 2480.770985
b6 		 93 		 2500.0
b6 		 94 		 9.614507
b6 		 95 		 9.614507
b6 		 96 		 9.614507
----------------------------------------------------------------------------------------------------
b7 		 1 		 9.408671
b7 		 2 		 9.614507
b7 		 3 		 9.614507
b7 		 4 		 9.408671
b7 		 5 		 9.408671
b7 		 6 		 9.614507
b7 		 7 		 9.408671
b7 		 8 		 9.614507
b7 		 9 		 9.408671
b7 		 10 		 9.408671
b7 		 11 		 9.408671
b7 		 12 		 9.408671
b7 		 13 		 9.408671
b7 		 14 		 9.408671
b7 		 15 		 9.408671
b7 		 16 		 9.408671
b7 		 17 		 9.408671
b7 		 18 		 9.614507
b7 		 19 		 9.408671
b7 		 20 		 9.408671
b7 		 21 		 9.408671
b7 		 22 		 9.614507
b7 		 23 		 9.408671
b7 		 24 		 9.614507
b7 		 25 		 9.614507
b7 		 26 		 9.614507
b7 		 27 		 9.614507
b7 		 28 		 9.614507
b7 		 29 		 9.614507
b7 		 30 		 9.614507
b7 		 31 		 9.614507
b7 		 32 		 9.614507
b7 		 33 		 9.614507
b7 		 34 		 9.614507
b7 		 35 		 9.614507
b7 		 36 		 9.614507
b7 		 37 		 2500.0
b7 		 38 		 2480.3565
b7 		 39 		 9.614507
b7 		 40 		 9.614507
b7 		 41 		 9.614507
b7 		 42 		 10.185876
b7 		 43 		 9.614507
b7 		 44 		 12.06526
b7 		 45 		 10.185876
b7 		 46 		 9.043139
b7 		 47 		 2500.0
b7 		 48 		 2480.976822
b7 		 49 		 9.614507
b7 		 50 		 23.470839
b7 		 51 		 9.614507
b7 		 52 		 11.493892
b7 		 53 		 15.176097
b7 		 54 		 9.614507
b7 		 55 		 13.296712
b7 		 56 		 13.296712
b7 		 57 		 9.614507
b7 		 58 		 17.055481
b7 		 59 		 9.614507
b7 		 60 		 11.493892
b7 		 61 		 9.614507
b7 		 62 		 9.614507
b7 		 63 		 2500.0
b7 		 64 		 15.176097
b7 		 65 		 9.614507
b7 		 66 		 11.493892
b7 		 67 		 15.176097
b7 		 68 		 9.614507
b7 		 69 		 11.493892
b7 		 70 		 13.296712
b7 		 71 		 13.296712
b7 		 72 		 13.296712
b7 		 73 		 13.296712
b7 		 74 		 9.614507
b7 		 75 		 2500.0
b7 		 76 		 9.614507
b7 		 77 		 9.614507
b7 		 78 		 11.493892
b7 		 79 		 9.614507
b7 		 80 		 15.176097
b7 		 81 		 11.493892
b7 		 82 		 13.296712
b7 		 83 		 15.176097
b7 		 84 		 9.614507
b7 		 85 		 12.636629
b7 		 86 		 9.614507
b7 		 87 		 9.614507
b7 		 88 		 2500.0
b7 		 89 		 2480.770985
b7 		 90 		 9.614507
b7 		 91 		 9.614507
b7 		 92 		 2480.770985
b7 		 93 		 2500.0
b7 		 94 		 9.614507
b7 		 95 		 9.614507
b7 		 96 		 9.614507
----------------------------------------------------------------------------------------------------
b8 		 1 		 9.408671
b8 		 2 		 9.614507
b8 		 3 		 9.614507
b8 		 4 		 9.408671
b8 		 5 		 9.408671
b8 		 6 		 9.614507
b8 		 7 		 9.408671
b8 		 8 		 9.614507
b8 		 9 		 9.408671
b8 		 10 		 9.408671
b8 		 11 		 9.408671
b8 		 12 		 9.408671
b8 		 13 		 9.408671
b8 		 14 		 9.408671
b8 		 15 		 9.408671
b8 		 16 		 9.408671
b8 		 17 		 9.408671
b8 		 18 		 9.614507
b8 		 19 		 9.408671
b8 		 20 		 9.408671
b8 		 21 		 9.408671
b8 		 22 		 9.614507
b8 		 23 		 9.408671
b8 		 24 		 9.614507
b8 		 25 		 9.614507
b8 		 26 		 9.614507
b8 		 27 		 9.614507
b8 		 28 		 9.614507
b8 		 29 		 9.614507
b8 		 30 		 9.614507
b8 		 31 		 9.614507
b8 		 32 		 9.614507
b8 		 33 		 9.614507
b8 		 34 		 9.614507
b8 		 35 		 9.614507
b8 		 36 		 9.614507
b8 		 37 		 2500.0
b8 		 38 		 2480.3565
b8 		 39 		 9.614507
b8 		 40 		 9.614507
b8 		 41 		 9.614507
b8 		 42 		 10.185876
b8 		 43 		 9.614507
b8 		 44 		 12.06526
b8 		 45 		 10.185876
b8 		 46 		 9.043139
b8 		 47 		 2500.0
b8 		 48 		 2480.976822
b8 		 49 		 9.614507
b8 		 50 		 23.470839
b8 		 51 		 9.614507
b8 		 52 		 11.493892
b8 		 53 		 15.176097
b8 		 54 		 9.614507
b8 		 55 		 13.296712
b8 		 56 		 13.296712
b8 		 57 		 9.614507
b8 		 58 		 17.055481
b8 		 59 		 9.614507
b8 		 60 		 11.493892
b8 		 61 		 9.614507
b8 		 62 		 9.614507
b8 		 63 		 2500.0
b8 		 64 		 15.176097
b8 		 65 		 9.614507
b8 		 66 		 11.493892
b8 		 67 		 15.176097
b8 		 68 		 9.614507
b8 		 69 		 11.493892
b8 		 70 		 13.296712
b8 		 71 		 13.296712
b8 		 72 		 13.296712
b8 		 73 		 13.296712
b8 		 74 		 9.614507
b8 		 75 		 2500.0
b8 		 76 		 9.614507
b8 		 77 		 9.614507
b8 		 78 		 11.493892
b8 		 79 		 9.614507
b8 		 80 		 15.176097
b8 		 81 		 11.493892
b8 		 82 		 13.296712
b8 		 83 		 15.176097
b8 		 84 		 9.614507
b8 		 85 		 12.636629
b8 		 86 		 9.614507
b8 		 87 		 9.614507
b8 		 88 		 2500.0
b8 		 89 		 2480.770985
b8 		 90 		 9.614507
b8 		 91 		 9.614507
b8 		 92 		 2480.770985
b8 		 93 		 2500.0
b8 		 94 		 9.614507
b8 		 95 		 9.614507
b8 		 96 		 9.614507
----------------------------------------------------------------------------------------------------
b9 		 1 		 9.408671
b9 		 2 		 9.614507
b9 		 3 		 9.614507
b9 		 4 		 9.408671
b9 		 5 		 9.408671
b9 		 6 		 9.614507
b9 		 7 		 9.408671
b9 		 8 		 9.614507
b9 		 9 		 9.408671
b9 		 10 		 9.408671
b9 		 11 		 9.408671
b9 		 12 		 9.408671
b9 		 13 		 9.408671
b9 		 14 		 9.408671
b9 		 15 		 9.408671
b9 		 16 		 9.408671
b9 		 17 		 9.408671
b9 		 18 		 9.614507
b9 		 19 		 9.408671
b9 		 20 		 9.408671
b9 		 21 		 9.408671
b9 		 22 		 9.614507
b9 		 23 		 9.408671
b9 		 24 		 9.614507
b9 		 25 		 9.614507
b9 		 26 		 9.614507
b9 		 27 		 9.614507
b9 		 28 		 9.614507
b9 		 29 		 9.614507
b9 		 30 		 9.614507
b9 		 31 		 9.614507
b9 		 32 		 9.614507
b9 		 33 		 9.614507
b9 		 34 		 9.614507
b9 		 35 		 9.614507
b9 		 36 		 9.614507
b9 		 37 		 2500.0
b9 		 38 		 2480.3565
b9 		 39 		 9.614507
b9 		 40 		 9.614507
b9 		 41 		 9.614507
b9 		 42 		 10.185876
b9 		 43 		 9.614507
b9 		 44 		 12.06526
b9 		 45 		 10.185876
b9 		 46 		 9.043139
b9 		 47 		 2500.0
b9 		 48 		 2480.976822
b9 		 49 		 9.614507
b9 		 50 		 23.470839
b9 		 51 		 9.614507
b9 		 52 		 11.493892
b9 		 53 		 15.176097
b9 		 54 		 9.614507
b9 		 55 		 13.296712
b9 		 56 		 13.296712
b9 		 57 		 9.614507
b9 		 58 		 17.055481
b9 		 59 		 9.614507
b9 		 60 		 11.493892
b9 		 61 		 9.614507
b9 		 62 		 9.614507
b9 		 63 		 2500.0
b9 		 64 		 15.176097
b9 		 65 		 9.614507
b9 		 66 		 11.493892
b9 		 67 		 15.176097
b9 		 68 		 9.614507
b9 		 69 		 11.493892
b9 		 70 		 13.296712
b9 		 71 		 13.296712
b9 		 72 		 13.296712
b9 		 73 		 13.296712
b9 		 74 		 9.614507
b9 		 75 		 2500.0
b9 		 76 		 9.614507
b9 		 77 		 9.614507
b9 		 78 		 11.493892
b9 		 79 		 9.614507
b9 		 80 		 15.176097
b9 		 81 		 11.493892
b9 		 82 		 13.296712
b9 		 83 		 15.176097
b9 		 84 		 9.614507
b9 		 85 		 12.636629
b9 		 86 		 9.614507
b9 		 87 		 9.614507
b9 		 88 		 2500.0
b9 		 89 		 2480.770985
b9 		 90 		 9.614507
b9 		 91 		 9.614507
b9 		 92 		 2480.770985
b9 		 93 		 2500.0
b9 		 94 		 9.614507
b9 		 95 		 9.614507
b9 		 96 		 9.614507
----------------------------------------------------------------------------------------------------
b10 		 1 		 9.408671
b10 		 2 		 9.614507
b10 		 3 		 9.614507
b10 		 4 		 9.408671
b10 		 5 		 9.408671
b10 		 6 		 9.614507
b10 		 7 		 9.408671
b10 		 8 		 9.614507
b10 		 9 		 9.408671
b10 		 10 		 9.408671
b10 		 11 		 9.408671
b10 		 12 		 9.408671
b10 		 13 		 9.408671
b10 		 14 		 9.408671
b10 		 15 		 9.408671
b10 		 16 		 9.408671
b10 		 17 		 9.408671
b10 		 18 		 9.614507
b10 		 19 		 9.408671
b10 		 20 		 9.408671
b10 		 21 		 9.408671
b10 		 22 		 9.614507
b10 		 23 		 9.408671
b10 		 24 		 9.614507
b10 		 25 		 9.614507
b10 		 26 		 9.614507
b10 		 27 		 9.614507
b10 		 28 		 9.614507
b10 		 29 		 9.614507
b10 		 30 		 9.614507
b10 		 31 		 9.614507
b10 		 32 		 9.614507
b10 		 33 		 9.614507
b10 		 34 		 9.614507
b10 		 35 		 9.614507
b10 		 36 		 9.614507
b10 		 37 		 2500.0
b10 		 38 		 2480.3565
b10 		 39 		 9.614507
b10 		 40 		 9.614507
b10 		 41 		 9.614507
b10 		 42 		 10.185876
b10 		 43 		 9.614507
b10 		 44 		 12.06526
b10 		 45 		 10.185876
b10 		 46 		 9.043139
b10 		 47 		 2500.0
b10 		 48 		 2480.976822
b10 		 49 		 9.614507
b10 		 50 		 23.470839
b10 		 51 		 9.614507
b10 		 52 		 11.493892
b10 		 53 		 15.176097
b10 		 54 		 9.614507
b10 		 55 		 13.296712
b10 		 56 		 13.296712
b10 		 57 		 9.614507
b10 		 58 		 17.055481
b10 		 59 		 9.614507
b10 		 60 		 11.493892
b10 		 61 		 9.614507
b10 		 62 		 9.614507
b10 		 63 		 2500.0
b10 		 64 		 15.176097
b10 		 65 		 9.614507
b10 		 66 		 11.493892
b10 		 67 		 15.176097
b10 		 68 		 9.614507
b10 		 69 		 11.493892
b10 		 70 		 13.296712
b10 		 71 		 13.296712
b10 		 72 		 13.296712
b10 		 73 		 13.296712
b10 		 74 		 9.614507
b10 		 75 		 2500.0
b10 		 76 		 9.614507
b10 		 77 		 9.614507
b10 		 78 		 11.493892
b10 		 79 		 9.614507
b10 		 80 		 15.176097
b10 		 81 		 11.493892
b10 		 82 		 13.296712
b10 		 83 		 15.176097
b10 		 84 		 9.614507
b10 		 85 		 12.636629
b10 		 86 		 9.614507
b10 		 87 		 9.614507
b10 		 88 		 2500.0
b10 		 89 		 2480.770985
b10 		 90 		 9.614507
b10 		 91 		 9.614507
b10 		 92 		 2480.770985
b10 		 93 		 2500.0
b10 		 94 		 9.614507
b10 		 95 		 9.614507
b10 		 96 		 9.614507
----------------------------------------------------------------------------------------------------
b11 		 1 		 9.408671
b11 		 2 		 9.614507
b11 		 3 		 9.614507
b11 		 4 		 9.408671
b11 		 5 		 9.408671
b11 		 6 		 9.614507
b11 		 7 		 9.408671
b11 		 8 		 9.614507
b11 		 9 		 9.408671
b11 		 10 		 9.408671
b11 		 11 		 9.408671
b11 		 12 		 9.408671
b11 		 13 		 9.408671
b11 		 14 		 9.408671
b11 		 15 		 9.408671
b11 		 16 		 9.408671
b11 		 17 		 9.408671
b11 		 18 		 9.614507
b11 		 19 		 9.408671
b11 		 20 		 9.408671
b11 		 21 		 9.408671
b11 		 22 		 9.614507
b11 		 23 		 9.408671
b11 		 24 		 9.614507
b11 		 25 		 9.614507
b11 		 26 		 9.614507
b11 		 27 		 9.614507
b11 		 28 		 9.614507
b11 		 29 		 9.614507
b11 		 30 		 9.614507
b11 		 31 		 9.614507
b11 		 32 		 9.614507
b11 		 33 		 9.614507
b11 		 34 		 9.614507
b11 		 35 		 9.614507
b11 		 36 		 9.614507
b11 		 37 		 2500.0
b11 		 38 		 2480.3565
b11 		 39 		 9.614507
b11 		 40 		 9.614507
b11 		 41 		 9.614507
b11 		 42 		 10.185876
b11 		 43 		 9.614507
b11 		 44 		 12.06526
b11 		 45 		 10.185876
b11 		 46 		 9.043139
b11 		 47 		 2500.0
b11 		 48 		 2480.976822
b11 		 49 		 9.614507
b11 		 50 		 23.470839
b11 		 51 		 9.614507
b11 		 52 		 11.493892
b11 		 53 		 15.176097
b11 		 54 		 9.614507
b11 		 55 		 13.296712
b11 		 56 		 13.296712
b11 		 57 		 9.614507
b11 		 58 		 17.055481
b11 		 59 		 9.614507
b11 		 60 		 11.493892
b11 		 61 		 9.614507
b11 		 62 		 9.614507
b11 		 63 		 2500.0
b11 		 64 		 15.176097
b11 		 65 		 9.614507
b11 		 66 		 11.493892
b11 		 67 		 15.176097
b11 		 68 		 9.614507
b11 		 69 		 11.493892
b11 		 70 		 13.296712
b11 		 71 		 13.296712
b11 		 72 		 13.296712
b11 		 73 		 13.296712
b11 		 74 		 9.614507
b11 		 75 		 2500.0
b11 		 76 		 9.614507
b11 		 77 		 9.614507
b11 		 78 		 11.493892
b11 		 79 		 9.614507
b11 		 80 		 15.176097
b11 		 81 		 11.493892
b11 		 82 		 13.296712
b11 		 83 		 15.176097
b11 		 84 		 9.614507
b11 		 85 		 12.636629
b11 		 86 		 9.614507
b11 		 87 		 9.614507
b11 		 88 		 2500.0
b11 		 89 		 2480.770985
b11 		 90 		 9.614507
b11 		 91 		 9.614507
b11 		 92 		 2480.770985
b11 		 93 		 2500.0
b11 		 94 		 9.614507
b11 		 95 		 9.614507
b11 		 96 		 9.614507
----------------------------------------------------------------------------------------------------
b12 		 1 		 9.408671
b12 		 2 		 9.614507
b12 		 3 		 9.614507
b12 		 4 		 9.408671
b12 		 5 		 9.408671
b12 		 6 		 9.614507
b12 		 7 		 9.408671
b12 		 8 		 9.614507
b12 		 9 		 9.408671
b12 		 10 		 9.408671
b12 		 11 		 9.408671
b12 		 12 		 9.408671
b12 		 13 		 9.408671
b12 		 14 		 9.408671
b12 		 15 		 9.408671
b12 		 16 		 9.408671
b12 		 17 		 9.408671
b12 		 18 		 9.614507
b12 		 19 		 9.408671
b12 		 20 		 9.408671
b12 		 21 		 9.408671
b12 		 22 		 9.614507
b12 		 23 		 9.408671
b12 		 24 		 9.614507
b12 		 25 		 9.614507
b12 		 26 		 9.614507
b12 		 27 		 9.614507
b12 		 28 		 9.614507
b12 		 29 		 9.614507
b12 		 30 		 9.614507
b12 		 31 		 9.614507
b12 		 32 		 9.614507
b12 		 33 		 9.614507
b12 		 34 		 9.614507
b12 		 35 		 9.614507
b12 		 36 		 9.614507
b12 		 37 		 2500.0
b12 		 38 		 2480.3565
b12 		 39 		 9.614507
b12 		 40 		 9.614507
b12 		 41 		 9.614507
b12 		 42 		 10.185876
b12 		 43 		 9.614507
b12 		 44 		 12.06526
b12 		 45 		 10.185876
b12 		 46 		 9.043139
b12 		 47 		 2500.0
b12 		 48 		 2480.976822
b12 		 49 		 9.614507
b12 		 50 		 23.470839
b12 		 51 		 9.614507
b12 		 52 		 11.493892
b12 		 53 		 15.176097
b12 		 54 		 9.614507
b12 		 55 		 13.296712
b12 		 56 		 13.296712
b12 		 57 		 9.614507
b12 		 58 		 17.055481
b12 		 59 		 9.614507
b12 		 60 		 11.493892
b12 		 61 		 9.614507
b12 		 62 		 9.614507
b12 		 63 		 2500.0
b12 		 64 		 15.176097
b12 		 65 		 9.614507
b12 		 66 		 11.493892
b12 		 67 		 15.176097
b12 		 68 		 9.614507
b12 		 69 		 11.493892
b12 		 70 		 13.296712
b12 		 71 		 13.296712
b12 		 72 		 13.296712
b12 		 73 		 13.296712
b12 		 74 		 9.614507
b12 		 75 		 2500.0
b12 		 76 		 9.614507
b12 		 77 		 9.614507
b12 		 78 		 11.493892
b12 		 79 		 9.614507
b12 		 80 		 15.176097
b12 		 81 		 11.493892
b12 		 82 		 13.296712
b12 		 83 		 15.176097
b12 		 84 		 9.614507
b12 		 85 		 12.636629
b12 		 86 		 9.614507
b12 		 87 		 9.614507
b12 		 88 		 2500.0
b12 		 89 		 2480.770985
b12 		 90 		 9.614507
b12 		 91 		 9.614507
b12 		 92 		 2480.770985
b12 		 93 		 2500.0
b12 		 94 		 9.614507
b12 		 95 		 9.614507
b12 		 96 		 9.614507
----------------------------------------------------------------------------------------------------
b13 		 1 		 9.408671
b13 		 2 		 9.614507
b13 		 3 		 9.614507
b13 		 4 		 9.408671
b13 		 5 		 9.408671
b13 		 6 		 9.614507
b13 		 7 		 9.408671
b13 		 8 		 9.614507
b13 		 9 		 9.408671
b13 		 10 		 9.408671
b13 		 11 		 9.408671
b13 		 12 		 9.408671
b13 		 13 		 9.408671
b13 		 14 		 9.408671
b13 		 15 		 9.408671
b13 		 16 		 9.408671
b13 		 17 		 9.408671
b13 		 18 		 9.614507
b13 		 19 		 9.408671
b13 		 20 		 9.408671
b13 		 21 		 9.408671
b13 		 22 		 9.614507
b13 		 23 		 9.408671
b13 		 24 		 9.614507
b13 		 25 		 9.614507
b13 		 26 		 9.614507
b13 		 27 		 9.614507
b13 		 28 		 9.614507
b13 		 29 		 9.614507
b13 		 30 		 9.614507
b13 		 31 		 9.614507
b13 		 32 		 9.614507
b13 		 33 		 9.614507
b13 		 34 		 9.614507
b13 		 35 		 9.614507
b13 		 36 		 9.614507
b13 		 37 		 2500.0
b13 		 38 		 2480.3565
b13 		 39 		 9.614507
b13 		 40 		 9.614507
b13 		 41 		 9.614507
b13 		 42 		 10.185876
b13 		 43 		 9.614507
b13 		 44 		 12.06526
b13 		 45 		 10.185876
b13 		 46 		 9.043139
b13 		 47 		 2500.0
b13 		 48 		 2480.976822
b13 		 49 		 9.614507
b13 		 50 		 23.470839
b13 		 51 		 9.614507
b13 		 52 		 11.493892
b13 		 53 		 15.176097
b13 		 54 		 9.614507
b13 		 55 		 13.296712
b13 		 56 		 13.296712
b13 		 57 		 9.614507
b13 		 58 		 17.055481
b13 		 59 		 9.614507
b13 		 60 		 11.493892
b13 		 61 		 9.614507
b13 		 62 		 9.614507
b13 		 63 		 2500.0
b13 		 64 		 15.176097
b13 		 65 		 9.614507
b13 		 66 		 11.493892
b13 		 67 		 15.176097
b13 		 68 		 9.614507
b13 		 69 		 11.493892
b13 		 70 		 13.296712
b13 		 71 		 13.296712
b13 		 72 		 13.296712
b13 		 73 		 13.296712
b13 		 74 		 9.614507
b13 		 75 		 2500.0
b13 		 76 		 9.614507
b13 		 77 		 9.614507
b13 		 78 		 11.493892
b13 		 79 		 9.614507
b13 		 80 		 15.176097
b13 		 81 		 11.493892
b13 		 82 		 13.296712
b13 		 83 		 15.176097
b13 		 84 		 9.614507
b13 		 85 		 12.636629
b13 		 86 		 9.614507
b13 		 87 		 9.614507
b13 		 88 		 2500.0
b13 		 89 		 2480.770985
b13 		 90 		 9.614507
b13 		 91 		 9.614507
b13 		 92 		 2480.770985
b13 		 93 		 2500.0
b13 		 94 		 9.614507
b13 		 95 		 9.614507
b13 		 96 		 9.614507
----------------------------------------------------------------------------------------------------
b14 		 1 		 9.408671
b14 		 2 		 9.614507
b14 		 3 		 9.614507
b14 		 4 		 9.408671
b14 		 5 		 9.408671
b14 		 6 		 9.614507
b14 		 7 		 9.408671
b14 		 8 		 9.614507
b14 		 9 		 9.408671
b14 		 10 		 9.408671
b14 		 11 		 9.408671
b14 		 12 		 9.408671
b14 		 13 		 9.408671
b14 		 14 		 9.408671
b14 		 15 		 9.408671
b14 		 16 		 9.408671
b14 		 17 		 9.408671
b14 		 18 		 9.614507
b14 		 19 		 9.408671
b14 		 20 		 9.408671
b14 		 21 		 9.408671
b14 		 22 		 9.614507
b14 		 23 		 9.408671
b14 		 24 		 9.614507
b14 		 25 		 9.614507
b14 		 26 		 9.614507
b14 		 27 		 9.614507
b14 		 28 		 9.614507
b14 		 29 		 9.614507
b14 		 30 		 9.614507
b14 		 31 		 9.614507
b14 		 32 		 9.614507
b14 		 33 		 9.614507
b14 		 34 		 9.614507
b14 		 35 		 9.614507
b14 		 36 		 9.614507
b14 		 37 		 2500.0
b14 		 38 		 2480.3565
b14 		 39 		 9.614507
b14 		 40 		 9.614507
b14 		 41 		 9.614507
b14 		 42 		 10.185876
b14 		 43 		 9.614507
b14 		 44 		 12.06526
b14 		 45 		 10.185876
b14 		 46 		 9.043139
b14 		 47 		 2500.0
b14 		 48 		 2480.976822
b14 		 49 		 9.614507
b14 		 50 		 23.470839
b14 		 51 		 9.614507
b14 		 52 		 11.493892
b14 		 53 		 15.176097
b14 		 54 		 9.614507
b14 		 55 		 13.296712
b14 		 56 		 13.296712
b14 		 57 		 9.614507
b14 		 58 		 17.055481
b14 		 59 		 9.614507
b14 		 60 		 11.493892
b14 		 61 		 9.614507
b14 		 62 		 9.614507
b14 		 63 		 2500.0
b14 		 64 		 15.176097
b14 		 65 		 9.614507
b14 		 66 		 11.493892
b14 		 67 		 15.176097
b14 		 68 		 9.614507
b14 		 69 		 11.493892
b14 		 70 		 13.296712
b14 		 71 		 13.296712
b14 		 72 		 13.296712
b14 		 73 		 13.296712
b14 		 74 		 9.614507
b14 		 75 		 2500.0
b14 		 76 		 9.614507
b14 		 77 		 9.614507
b14 		 78 		 11.493892
b14 		 79 		 9.614507
b14 		 80 		 15.176097
b14 		 81 		 11.493892
b14 		 82 		 13.296712
b14 		 83 		 15.176097
b14 		 84 		 9.614507
b14 		 85 		 12.636629
b14 		 86 		 9.614507
b14 		 87 		 9.614507
b14 		 88 		 2500.0
b14 		 89 		 2480.770985
b14 		 90 		 9.614507
b14 		 91 		 9.614507
b14 		 92 		 2480.770985
b14 		 93 		 2500.0
b14 		 94 		 9.614507
b14 		 95 		 9.614507
b14 		 96 		 9.614507
----------------------------------------------------------------------------------------------------
Total overall payments
----------------------------------------------------------------------------------------------------------------------------------------------------
total generation payment 	 total up-FRP payment 	 total dw-FRP payment 	 total pre-up t. payment 	 uplift payment 	 total post-up t. payment 	 profit
----------------------------------------------------------------------------------------------------------------------------------------------------
552605.282948 			 0.0 			 0.0 			 552605.282948			 40648.990746 			 593254.2736940001 			 265477.593168
