****************************************************************************************************
 
Generation payment
----------------------------------------------------------------------------------------------------------------
unit	 time 	 generation payment 	 up-FRP payment 	 dw-FRP payment 	pre-up total payment
----------------------------------------------------------------------------------------------------------------
g1	 1 	 9912.237773 			 0.0 			 0.0			 9912.237773 
g1	 2 	 8341.298071 			 0.0 			 0.0			 8341.298071 
g1	 3 	 7888.782394 			 0.0 			 0.0			 7888.782394 
g1	 4 	 7661.334547 			 0.0 			 0.0			 7661.334547 
g1	 5 	 7720.831219 			 0.0 			 0.0			 7720.831219 
g1	 6 	 8231.145114 			 0.0 			 0.0			 8231.145114 
g1	 7 	 9059.340368 			 0.0 			 0.0			 9059.340368 
g1	 8 	 9208.80743 			 16.348059 			 0.0			 9225.155489 
g1	 9 	 9624.676937 			 0.0 			 0.0			 9624.676937 
g1	 10 	 10435.901756 			 0.0 			 0.0			 10435.901756 
g1	 11 	 11396.865987 			 0.0 			 0.0			 11396.865987 
g1	 12 	 12130.963997 			 0.0 			 0.0			 12130.963997 
g1	 13 	 13319.480201 			 0.0 			 0.0			 13319.480201 
g1	 14 	 13319.480201 			 0.0 			 0.0			 13319.480201 
g1	 15 	 13319.480201 			 0.0 			 0.0			 13319.480201 
g1	 16 	 14413.082885 			 0.0 			 0.0			 14413.082885 
g1	 17 	 14413.082885 			 0.0 			 0.0			 14413.082885 
g1	 18 	 13319.480201 			 0.0 			 0.0			 13319.480201 
g1	 19 	 12503.191684 			 0.0 			 0.0			 12503.191684 
g1	 20 	 12043.902826 			 0.0 			 0.0			 12043.902826 
g1	 21 	 13319.480201 			 0.0 			 0.0			 13319.480201 
g1	 22 	 11771.036842 			 0.0 			 0.0			 11771.036842 
g1	 23 	 10412.625418 			 0.0 			 0.0			 10412.625418 
g1	 24 	 10678.134189 			 0.0 			 0.0			 10678.134189 
----------------------------------------------------------------------------------------------------
g2	 1 	 0.0 			 0.0 			 0.0			 0.0 
g2	 2 	 0.0 			 0.0 			 0.0			 0.0 
g2	 3 	 0.0 			 0.0 			 0.0			 0.0 
g2	 4 	 0.0 			 0.0 			 0.0			 0.0 
g2	 5 	 0.0 			 0.0 			 0.0			 0.0 
g2	 6 	 0.0 			 0.0 			 0.0			 0.0 
g2	 7 	 0.0 			 0.0 			 0.0			 0.0 
g2	 8 	 662.849963 			 17.494023 			 0.0			 680.343986 
g2	 9 	 1292.134703 			 0.0 			 0.0			 1292.134703 
g2	 10 	 1292.134703 			 0.0 			 0.0			 1292.134703 
g2	 11 	 1292.134703 			 0.0 			 0.0			 1292.134703 
g2	 12 	 1292.134703 			 0.0 			 0.0			 1292.134703 
g2	 13 	 1598.072355 			 0.0 			 0.0			 1598.072355 
g2	 14 	 2136.921072 			 0.0 			 0.0			 2136.921072 
g2	 15 	 2486.952988 			 0.0 			 0.0			 2486.952988 
g2	 16 	 2863.121661 			 0.0 			 0.0			 2863.121661 
g2	 17 	 2863.121661 			 0.0 			 0.0			 2863.121661 
g2	 18 	 1911.078327 			 0.0 			 0.0			 1911.078327 
g2	 19 	 1292.134703 			 0.0 			 0.0			 1292.134703 
g2	 20 	 1292.134703 			 0.0 			 0.0			 1292.134703 
g2	 21 	 1518.569557 			 0.0 			 0.0			 1518.569557 
g2	 22 	 1292.134703 			 0.0 			 0.0			 1292.134703 
g2	 23 	 1292.134703 			 0.0 			 0.0			 1292.134703 
g2	 24 	 0.0 			 0.0 			 0.0			 0.0 
----------------------------------------------------------------------------------------------------
g3	 1 	 0.0 			 0.0 			 0.0			 0.0 
g3	 2 	 0.0 			 0.0 			 0.0			 0.0 
g3	 3 	 0.0 			 0.0 			 0.0			 0.0 
g3	 4 	 0.0 			 0.0 			 0.0			 0.0 
g3	 5 	 0.0 			 0.0 			 0.0			 0.0 
g3	 6 	 0.0 			 0.0 			 0.0			 0.0 
g3	 7 	 0.0 			 0.0 			 0.0			 0.0 
g3	 8 	 0.0 			 0.0 			 0.0			 0.0 
g3	 9 	 0.0 			 0.0 			 0.0			 0.0 
g3	 10 	 0.0 			 0.0 			 0.0			 0.0 
g3	 11 	 0.0 			 0.0 			 0.0			 0.0 
g3	 12 	 0.0 			 0.0 			 0.0			 0.0 
g3	 13 	 0.0 			 0.0 			 0.0			 0.0 
g3	 14 	 0.0 			 0.0 			 0.0			 0.0 
g3	 15 	 0.0 			 0.0 			 0.0			 0.0 
g3	 16 	 0.0 			 0.0 			 0.0			 0.0 
g3	 17 	 0.0 			 0.0 			 0.0			 0.0 
g3	 18 	 892.043429 			 0.0 			 0.0			 892.043429 
g3	 19 	 842.004971 			 0.0 			 0.0			 842.004971 
g3	 20 	 842.004971 			 0.0 			 0.0			 842.004971 
g3	 21 	 0.0 			 0.0 			 0.0			 0.0 
g3	 22 	 0.0 			 0.0 			 0.0			 0.0 
g3	 23 	 0.0 			 0.0 			 0.0			 0.0 
g3	 24 	 0.0 			 0.0 			 0.0			 0.0 
----------------------------------------------------------------------------------------------------
g4	 1 	 0.0 			 0.0 			 0.0			 0.0 
g4	 2 	 0.0 			 0.0 			 0.0			 0.0 
g4	 3 	 0.0 			 0.0 			 0.0			 0.0 
g4	 4 	 0.0 			 0.0 			 0.0			 0.0 
g4	 5 	 0.0 			 0.0 			 0.0			 0.0 
g4	 6 	 0.0 			 0.0 			 0.0			 0.0 
g4	 7 	 0.0 			 0.0 			 0.0			 0.0 
g4	 8 	 0.0 			 0.0 			 0.0			 0.0 
g4	 9 	 0.0 			 0.0 			 0.0			 0.0 
g4	 10 	 0.0 			 0.0 			 0.0			 0.0 
g4	 11 	 0.0 			 0.0 			 0.0			 0.0 
g4	 12 	 0.0 			 0.0 			 0.0			 0.0 
g4	 13 	 0.0 			 0.0 			 0.0			 0.0 
g4	 14 	 0.0 			 0.0 			 0.0			 0.0 
g4	 15 	 0.0 			 0.0 			 0.0			 0.0 
g4	 16 	 0.0 			 0.0 			 0.0			 0.0 
g4	 17 	 0.0 			 0.0 			 0.0			 0.0 
g4	 18 	 0.0 			 0.0 			 0.0			 0.0 
g4	 19 	 0.0 			 0.0 			 0.0			 0.0 
g4	 20 	 0.0 			 0.0 			 0.0			 0.0 
g4	 21 	 0.0 			 0.0 			 0.0			 0.0 
g4	 22 	 0.0 			 0.0 			 0.0			 0.0 
g4	 23 	 0.0 			 0.0 			 0.0			 0.0 
g4	 24 	 0.0 			 0.0 			 0.0			 0.0 
----------------------------------------------------------------------------------------------------
g5	 1 	 0.0 			 0.0 			 0.0			 0.0 
g5	 2 	 870.174712 			 0.0 			 0.0			 870.174712 
g5	 3 	 870.174712 			 0.0 			 0.0			 870.174712 
g5	 4 	 870.174712 			 0.0 			 0.0			 870.174712 
g5	 5 	 870.174712 			 0.0 			 0.0			 870.174712 
g5	 6 	 870.174712 			 0.0 			 0.0			 870.174712 
g5	 7 	 870.174712 			 0.0 			 0.0			 870.174712 
g5	 8 	 874.702271 			 11.719468 			 0.0			 886.421739 
g5	 9 	 889.211779 			 0.0 			 0.0			 889.211779 
g5	 10 	 889.211779 			 0.0 			 0.0			 889.211779 
g5	 11 	 889.211779 			 0.0 			 0.0			 889.211779 
g5	 12 	 889.211779 			 0.0 			 0.0			 889.211779 
g5	 13 	 942.055631 			 0.0 			 0.0			 942.055631 
g5	 14 	 942.055631 			 0.0 			 0.0			 942.055631 
g5	 15 	 942.055631 			 0.0 			 0.0			 942.055631 
g5	 16 	 1021.079886 			 0.0 			 0.0			 1021.079886 
g5	 17 	 1286.737204 			 0.0 			 0.0			 1286.737204 
g5	 18 	 942.055631 			 0.0 			 0.0			 942.055631 
g5	 19 	 889.211779 			 0.0 			 0.0			 889.211779 
g5	 20 	 889.211779 			 0.0 			 0.0			 889.211779 
g5	 21 	 942.055631 			 0.0 			 0.0			 942.055631 
g5	 22 	 889.211779 			 0.0 			 0.0			 889.211779 
g5	 23 	 889.211779 			 0.0 			 0.0			 889.211779 
g5	 24 	 889.211779 			 0.0 			 0.0			 889.211779 
----------------------------------------------------------------------------------------------------------------
unit 	 generation payment 	 up-FRP payment 	 dw-FRP payment 	pre-up total payment
----------------------------------------------------------------------------------------------------------------
 g1 	 264444.643327			 16.348059			 0.000000			 264460.991386
 g2 	 26377.765208			 17.494023			 0.000000			 26395.259231
 g3 	 2576.053371			 0.000000			 0.000000			 2576.053371
 g4 	 0.000000			 0.000000			 0.000000			 0.000000
 g5 	 21116.751799			 11.719468			 0.000000			 21128.471267
----------------------------------------------------------------------------------------------------
generation payment 	 up-FRP payment 	 dw-FRP payment 	 pre-up total payment
----------------------------------------------------------------------------------------------------
314515.21370500006 			 45.56155 			 0.0 			 314560.775255
 
****************************************************************************************************
 
Generation costs
----------------------------------------------------------------------------------------------------
unit	 time 	 generation cost 	 start-up cost  	total cost
----------------------------------------------------------------------------------------------------
g1	 1 	 9572.836703 			 0.0 			9572.836703
g1	 2 	 8207.245969 			 0.0 			8207.245969
g1	 3 	 7754.730289 			 0.0 			7754.730289
g1	 4 	 7527.28244 			 0.0 			7527.28244
g1	 5 	 7586.779113 			 0.0 			7586.779113
g1	 6 	 8097.093012 			 0.0 			8097.093012
g1	 7 	 8925.288272 			 0.0 			8925.288272
g1	 8 	 9027.089503 			 0.0 			9027.089503
g1	 9 	 9285.275874 			 0.0 			9285.275874
g1	 10 	 10096.500694 			 0.0 			10096.500694
g1	 11 	 11057.464928 			 0.0 			11057.464928
g1	 12 	 11791.56294 			 0.0 			11791.56294
g1	 13 	 12232.933635 			 0.0 			12232.933635
g1	 14 	 12232.933635 			 0.0 			12232.933635
g1	 15 	 12232.933635 			 0.0 			12232.933635
g1	 16 	 12232.933635 			 0.0 			12232.933635
g1	 17 	 12232.933635 			 0.0 			12232.933635
g1	 18 	 12232.933635 			 0.0 			12232.933635
g1	 19 	 12163.79065 			 0.0 			12163.79065
g1	 20 	 11704.501792 			 0.0 			11704.501792
g1	 21 	 12232.933635 			 0.0 			12232.933635
g1	 22 	 11431.635784 			 0.0 			11431.635784
g1	 23 	 10073.224357 			 0.0 			10073.224357
g1	 24 	 10338.733126 			 0.0 			10338.733126
----------------------------------------------------------------------------------------------------
g2	 1 	 0.0 			 0.0 			0.0
g2	 2 	 0.0 			 0.0 			0.0
g2	 3 	 0.0 			 0.0 			0.0
g2	 4 	 0.0 			 0.0 			0.0
g2	 5 	 0.0 			 0.0 			0.0
g2	 6 	 0.0 			 0.0 			0.0
g2	 7 	 0.0 			 0.0 			0.0
g2	 8 	 1530.885947 			 10598.13 			12129.015947
g2	 9 	 2139.086578 			 0.0 			2139.086578
g2	 10 	 2139.086578 			 0.0 			2139.086578
g2	 11 	 2139.086578 			 0.0 			2139.086578
g2	 12 	 2139.086578 			 0.0 			2139.086578
g2	 13 	 2368.235566 			 0.0 			2368.235566
g2	 14 	 2907.084283 			 0.0 			2907.084283
g2	 15 	 3257.116198 			 0.0 			3257.116198
g2	 16 	 3416.043538 			 0.0 			3416.043538
g2	 17 	 3416.043538 			 0.0 			3416.043538
g2	 18 	 2681.241562 			 0.0 			2681.241562
g2	 19 	 2139.086578 			 0.0 			2139.086578
g2	 20 	 2139.086578 			 0.0 			2139.086578
g2	 21 	 2288.732769 			 0.0 			2288.732769
g2	 22 	 2139.086578 			 0.0 			2139.086578
g2	 23 	 2139.086578 			 0.0 			2139.086578
g2	 24 	 0.0 			 0.0 			0.0
----------------------------------------------------------------------------------------------------
g3	 1 	 0.0 			 0.0 			0.0
g3	 2 	 0.0 			 0.0 			0.0
g3	 3 	 0.0 			 0.0 			0.0
g3	 4 	 0.0 			 0.0 			0.0
g3	 5 	 0.0 			 0.0 			0.0
g3	 6 	 0.0 			 0.0 			0.0
g3	 7 	 0.0 			 0.0 			0.0
g3	 8 	 0.0 			 0.0 			0.0
g3	 9 	 0.0 			 0.0 			0.0
g3	 10 	 0.0 			 0.0 			0.0
g3	 11 	 0.0 			 0.0 			0.0
g3	 12 	 0.0 			 0.0 			0.0
g3	 13 	 0.0 			 0.0 			0.0
g3	 14 	 0.0 			 0.0 			0.0
g3	 15 	 0.0 			 0.0 			0.0
g3	 16 	 0.0 			 0.0 			0.0
g3	 17 	 0.0 			 0.0 			0.0
g3	 18 	 1403.817649 			 4595.43 			5999.247649
g3	 19 	 1403.817649 			 0.0 			1403.817649
g3	 20 	 1403.817649 			 0.0 			1403.817649
g3	 21 	 0.0 			 0.0 			0.0
g3	 22 	 0.0 			 0.0 			0.0
g3	 23 	 0.0 			 0.0 			0.0
g3	 24 	 0.0 			 0.0 			0.0
----------------------------------------------------------------------------------------------------
g4	 1 	 0.0 			 0.0 			0.0
g4	 2 	 0.0 			 0.0 			0.0
g4	 3 	 0.0 			 0.0 			0.0
g4	 4 	 0.0 			 0.0 			0.0
g4	 5 	 0.0 			 0.0 			0.0
g4	 6 	 0.0 			 0.0 			0.0
g4	 7 	 0.0 			 0.0 			0.0
g4	 8 	 0.0 			 0.0 			0.0
g4	 9 	 0.0 			 0.0 			0.0
g4	 10 	 0.0 			 0.0 			0.0
g4	 11 	 0.0 			 0.0 			0.0
g4	 12 	 0.0 			 0.0 			0.0
g4	 13 	 0.0 			 0.0 			0.0
g4	 14 	 0.0 			 0.0 			0.0
g4	 15 	 0.0 			 0.0 			0.0
g4	 16 	 0.0 			 0.0 			0.0
g4	 17 	 0.0 			 0.0 			0.0
g4	 18 	 0.0 			 0.0 			0.0
g4	 19 	 0.0 			 0.0 			0.0
g4	 20 	 0.0 			 0.0 			0.0
g4	 21 	 0.0 			 0.0 			0.0
g4	 22 	 0.0 			 0.0 			0.0
g4	 23 	 0.0 			 0.0 			0.0
g4	 24 	 0.0 			 0.0 			0.0
----------------------------------------------------------------------------------------------------
g5	 1 	 0.0 			 0.0 			0.0
g5	 2 	 1395.386125 			 6821.79 			8217.176125
g5	 3 	 1395.386125 			 0.0 			1395.386125
g5	 4 	 1395.386125 			 0.0 			1395.386125
g5	 5 	 1395.386125 			 0.0 			1395.386125
g5	 6 	 1395.386125 			 0.0 			1395.386125
g5	 7 	 1395.386125 			 0.0 			1395.386125
g5	 8 	 1395.386125 			 0.0 			1395.386125
g5	 9 	 1395.386125 			 0.0 			1395.386125
g5	 10 	 1395.386125 			 0.0 			1395.386125
g5	 11 	 1395.386125 			 0.0 			1395.386125
g5	 12 	 1395.386125 			 0.0 			1395.386125
g5	 13 	 1395.386125 			 0.0 			1395.386125
g5	 14 	 1395.386125 			 0.0 			1395.386125
g5	 15 	 1395.386125 			 0.0 			1395.386125
g5	 16 	 1397.06241 			 0.0 			1397.06241
g5	 17 	 1662.719728 			 0.0 			1662.719728
g5	 18 	 1395.386125 			 0.0 			1395.386125
g5	 19 	 1395.386125 			 0.0 			1395.386125
g5	 20 	 1395.386125 			 0.0 			1395.386125
g5	 21 	 1395.386125 			 0.0 			1395.386125
g5	 22 	 1395.386125 			 0.0 			1395.386125
g5	 23 	 1395.386125 			 0.0 			1395.386125
g5	 24 	 1395.386125 			 0.0 			1395.386125
----------------------------------------------------------------------------------------------------
 
unit 	 generation 	 generation cost 	 start-up cost 	 total cost
----------------------------------------------------------------------------------------------------
g1 	 6715.113618			250271.570891			 0.000000		 250271.570891
g2 	 653.076689			38978.076025			 10598.130000		 49576.206025
g3 	 65.682380			4211.452947			 4595.430000		 8806.882947
g4 	 0.000000			0.000000			 0.000000		 0.000000
g5 	 537.898715			32362.890763			 6821.790000		 39184.680763
----------------------------------------------------------------------------------------------------
 
generation cost 	 start-up cost 		 total cost
----------------------------------------------------------------------------------------------------
325823.9906259999 			 22015.35 			 347839.3406259999
----------------------------------------------------------------------------------------------------
uplift payment for generator g1: 0.0
uplift payment for generator g2: 23180.946794
uplift payment for generator g3: 6230.829576
uplift payment for generator g4: 0.0
uplift payment for generator g5: 18056.209496
 
****************************************************************************************************
 
dam Systemwide prices
----------------------------------------------------------------------------------------------------
time	 energy 	 up-FRP 	 dw-FRP
----------------------------------------------------------------------------------------------------
1 	 38.458029 		 0.0 		 0.0
2 	 37.634684 		 0.0 		 0.0
3 	 37.634684 		 0.0 		 0.0
4 	 37.634684 		 0.0 		 0.0
5 	 37.634684 		 0.0 		 0.0
6 	 37.634684 		 0.0 		 0.0
7 	 37.634684 		 0.0 		 0.0
8 	 37.830499 		 0.195814 		 0.0
9 	 38.458029 		 0.0 		 0.0
10 	 38.458029 		 0.0 		 0.0
11 	 38.458029 		 0.0 		 0.0
12 	 38.458029 		 0.0 		 0.0
13 	 40.743503 		 0.0 		 0.0
14 	 40.743503 		 0.0 		 0.0
15 	 40.743503 		 0.0 		 0.0
16 	 44.088769 		 0.0 		 0.0
17 	 44.088769 		 0.0 		 0.0
18 	 40.743503 		 0.0 		 0.0
19 	 38.458029 		 0.0 		 0.0
20 	 38.458029 		 0.0 		 0.0
21 	 40.743503 		 0.0 		 0.0
22 	 38.458029 		 0.0 		 0.0
23 	 38.458029 		 0.0 		 0.0
24 	 38.458029 		 0.0 		 0.0
 
****************************************************************************************************
 
dam Post-uplift payments
----------------------------------------------------------------------------------------------------------------------------------------------------
unit 	 generation payment 	 up-FRP payment 	 dw-FRP payment 	pre-up t. payment 	 uplift payments 	 post-up t. payment 	 profit
----------------------------------------------------------------------------------------------------------------------------------------------------
 g1 	 264444.643327			 16.348059			 0.000000			 264460.991386			 0.000000			 264460.991386		 14189.420495
 g2 	 26377.765208			 17.494023			 0.000000			 26395.259231			 23180.946794			 49576.206025		 0.000000
 g3 	 2576.053371			 0.000000			 0.000000			 2576.053371			 6230.829576			 8806.882947		 0.000000
 g4 	 0.000000			 0.000000			 0.000000			 0.000000			 0.000000			 0.000000		 0.000000
 g5 	 21116.751799			 11.719468			 0.000000			 21128.471267			 18056.209496			 39184.680763		 0.000000
