****************************************************************************************************
 
Generation payment
----------------------------------------------------------------------------------------------------------------
unit	 time 	 generation payment 	 up-FRP payment 	 dw-FRP payment 	pre-up total payment
----------------------------------------------------------------------------------------------------------------
g1	 1 	 148.440768 			 0.0 			 0.0			 148.440768 
g1	 2 	 192.748608 			 0.0 			 0.0			 192.748608 
g1	 3 	 227.027806 			 0.0 			 0.0			 227.027806 
g1	 4 	 106.246504 			 0.0 			 0.0			 106.246504 
g1	 5 	 101.584226 			 0.0 			 0.0			 101.584226 
g1	 6 	 162.406166 			 0.0 			 0.0			 162.406166 
g1	 7 	 151.488033 			 0.0 			 0.0			 151.488033 
g1	 8 	 103.530184 			 0.0 			 0.0			 103.530184 
g1	 9 	 123.195661 			 0.0 			 0.0			 123.195661 
g1	 10 	 165.019988 			 0.0 			 0.0			 165.019988 
g1	 11 	 199.596666 			 0.0 			 0.0			 199.596666 
g1	 12 	 114.057433 			 0.0 			 0.0			 114.057433 
g1	 13 	 173.364059 			 0.0 			 0.0			 173.364059 
g1	 14 	 264.47841 			 0.0 			 0.0			 264.47841 
g1	 15 	 144.265768 			 0.0 			 0.0			 144.265768 
g1	 16 	 252.751715 			 0.0 			 0.0			 252.751715 
g1	 17 	 134.737127 			 0.0 			 0.0			 134.737127 
g1	 18 	 169.819229 			 0.0 			 0.0			 169.819229 
g1	 19 	 123.981727 			 0.0 			 0.0			 123.981727 
g1	 20 	 140.114888 			 0.0 			 0.0			 140.114888 
g1	 21 	 106.913109 			 0.0 			 0.0			 106.913109 
g1	 22 	 199.49604 			 0.0 			 0.0			 199.49604 
g1	 23 	 84.620354 			 0.0 			 0.0			 84.620354 
g1	 24 	 109.15592 			 0.0 			 0.0			 109.15592 
g1	 25 	 121.309053 			 0.0 			 0.0			 121.309053 
g1	 26 	 162.665563 			 0.0 			 0.0			 162.665563 
g1	 27 	 218.977559 			 0.0 			 0.0			 218.977559 
g1	 28 	 233.85137 			 0.0 			 0.0			 233.85137 
g1	 29 	 113.888905 			 0.0 			 0.0			 113.888905 
g1	 30 	 157.695093 			 0.0 			 0.0			 157.695093 
g1	 31 	 150.08219 			 0.0 			 0.0			 150.08219 
g1	 32 	 211.052382 			 0.0 			 0.0			 211.052382 
g1	 33 	 35.135694 			 0.0 			 0.0			 35.135694 
g1	 34 	 232.103765 			 0.0 			 0.0			 232.103765 
g1	 35 	 241.046247 			 0.0 			 0.0			 241.046247 
g1	 36 	 151.6668 			 0.0 			 0.0			 151.6668 
g1	 37 	 183.108843 			 0.0 			 0.0			 183.108843 
g1	 38 	 188.026279 			 0.0 			 0.0			 188.026279 
g1	 39 	 186.230164 			 0.0 			 0.0			 186.230164 
g1	 40 	 80.370789 			 0.0 			 0.0			 80.370789 
g1	 41 	 251.769143 			 0.0 			 0.0			 251.769143 
g1	 42 	 204.199091 			 0.0 			 0.0			 204.199091 
g1	 43 	 166.653509 			 0.0 			 0.0			 166.653509 
g1	 44 	 108.738728 			 0.0 			 0.0			 108.738728 
g1	 45 	 296.876113 			 0.0 			 0.0			 296.876113 
g1	 46 	 182.516369 			 0.0 			 0.0			 182.516369 
g1	 47 	 279.999172 			 0.0 			 0.0			 279.999172 
g1	 48 	 294.43072 			 0.0 			 0.0			 294.43072 
g1	 49 	 57.632297 			 0.0 			 0.0			 57.632297 
g1	 50 	 200.238299 			 0.0 			 0.0			 200.238299 
g1	 51 	 92.433322 			 0.0 			 0.0			 92.433322 
g1	 52 	 236.484651 			 0.0 			 0.0			 236.484651 
g1	 53 	 182.942458 			 0.0 			 0.0			 182.942458 
g1	 54 	 182.942458 			 0.0 			 0.0			 182.942458 
g1	 55 	 135.864089 			 0.0 			 0.0			 135.864089 
g1	 56 	 186.287169 			 0.0 			 0.0			 186.287169 
g1	 57 	 186.287169 			 0.0 			 0.0			 186.287169 
g1	 58 	 182.942458 			 0.0 			 0.0			 182.942458 
g1	 59 	 186.287169 			 0.0 			 0.0			 186.287169 
g1	 60 	 182.942458 			 0.0 			 0.0			 182.942458 
g1	 61 	 182.942458 			 0.0 			 0.0			 182.942458 
g1	 62 	 186.287169 			 0.0 			 0.0			 186.287169 
g1	 63 	 182.942458 			 0.0 			 0.0			 182.942458 
g1	 64 	 186.287169 			 0.0 			 0.0			 186.287169 
g1	 65 	 182.942458 			 0.0 			 0.0			 182.942458 
g1	 66 	 200.487051 			 0.0 			 0.0			 200.487051 
g1	 67 	 175.431998 			 0.0 			 0.0			 175.431998 
g1	 68 	 186.287169 			 0.0 			 0.0			 186.287169 
g1	 69 	 186.287169 			 0.0 			 0.0			 186.287169 
g1	 70 	 186.287169 			 0.0 			 0.0			 186.287169 
g1	 71 	 182.942458 			 0.0 			 0.0			 182.942458 
g1	 72 	 182.942458 			 0.0 			 0.0			 182.942458 
g1	 73 	 182.942458 			 0.0 			 0.0			 182.942458 
g1	 74 	 186.287169 			 0.0 			 0.0			 186.287169 
g1	 75 	 143.630264 			 0.0 			 0.0			 143.630264 
g1	 76 	 186.287169 			 0.0 			 0.0			 186.287169 
g1	 77 	 140.802917 			 0.0 			 0.0			 140.802917 
g1	 78 	 209.105034 			 0.0 			 0.0			 209.105034 
g1	 79 	 124.74244 			 0.0 			 0.0			 124.74244 
g1	 80 	 209.105034 			 0.0 			 0.0			 209.105034 
g1	 81 	 182.942458 			 0.0 			 0.0			 182.942458 
g1	 82 	 182.942458 			 0.0 			 0.0			 182.942458 
g1	 83 	 182.942458 			 0.0 			 0.0			 182.942458 
g1	 84 	 186.287169 			 0.0 			 0.0			 186.287169 
g1	 85 	 280.677994 			 0.0 			 0.0			 280.677994 
g1	 86 	 -26.439096 			 0.0 			 0.0			 -26.439096 
g1	 87 	 167.879012 			 0.0 			 0.0			 167.879012 
g1	 88 	 285.905158 			 0.0 			 0.0			 285.905158 
g1	 89 	 125.127001 			 0.0 			 0.0			 125.127001 
g1	 90 	 130.389031 			 0.0 			 0.0			 130.389031 
g1	 91 	 142.065032 			 0.0 			 0.0			 142.065032 
g1	 92 	 160.184561 			 0.0 			 0.0			 160.184561 
g1	 93 	 199.299654 			 0.0 			 0.0			 199.299654 
g1	 94 	 75.490484 			 0.0 			 0.0			 75.490484 
g1	 95 	 185.222977 			 0.0 			 0.0			 185.222977 
g1	 96 	 140.120633 			 0.0 			 0.0			 140.120633 
----------------------------------------------------------------------------------------------------
g2	 1 	 0.0 			 0.0 			 0.0			 0.0 
g2	 2 	 0.0 			 0.0 			 0.0			 0.0 
g2	 3 	 0.0 			 0.0 			 0.0			 0.0 
g2	 4 	 0.0 			 0.0 			 0.0			 0.0 
g2	 5 	 0.0 			 0.0 			 0.0			 0.0 
g2	 6 	 0.0 			 0.0 			 0.0			 0.0 
g2	 7 	 0.0 			 0.0 			 0.0			 0.0 
g2	 8 	 0.0 			 0.0 			 0.0			 0.0 
g2	 9 	 0.0 			 0.0 			 0.0			 0.0 
g2	 10 	 0.0 			 0.0 			 0.0			 0.0 
g2	 11 	 0.0 			 0.0 			 0.0			 0.0 
g2	 12 	 0.0 			 0.0 			 0.0			 0.0 
g2	 13 	 0.0 			 0.0 			 0.0			 0.0 
g2	 14 	 0.0 			 0.0 			 0.0			 0.0 
g2	 15 	 0.0 			 0.0 			 0.0			 0.0 
g2	 16 	 0.0 			 0.0 			 0.0			 0.0 
g2	 17 	 0.0 			 0.0 			 0.0			 0.0 
g2	 18 	 0.0 			 0.0 			 0.0			 0.0 
g2	 19 	 0.0 			 0.0 			 0.0			 0.0 
g2	 20 	 0.0 			 0.0 			 0.0			 0.0 
g2	 21 	 0.0 			 0.0 			 0.0			 0.0 
g2	 22 	 0.0 			 0.0 			 0.0			 0.0 
g2	 23 	 0.0 			 0.0 			 0.0			 0.0 
g2	 24 	 0.0 			 0.0 			 0.0			 0.0 
g2	 25 	 0.0 			 0.0 			 0.0			 0.0 
g2	 26 	 0.0 			 0.0 			 0.0			 0.0 
g2	 27 	 0.0 			 0.0 			 0.0			 0.0 
g2	 28 	 0.0 			 0.0 			 0.0			 0.0 
g2	 29 	 0.0 			 0.0 			 0.0			 0.0 
g2	 30 	 0.0 			 0.0 			 0.0			 0.0 
g2	 31 	 0.0 			 0.0 			 0.0			 0.0 
g2	 32 	 0.0 			 0.0 			 0.0			 0.0 
g2	 33 	 0.0 			 0.0 			 0.0			 0.0 
g2	 34 	 0.0 			 0.0 			 0.0			 0.0 
g2	 35 	 0.0 			 0.0 			 0.0			 0.0 
g2	 36 	 0.0 			 0.0 			 0.0			 0.0 
g2	 37 	 0.0 			 0.0 			 0.0			 0.0 
g2	 38 	 0.0 			 0.0 			 0.0			 0.0 
g2	 39 	 0.0 			 0.0 			 0.0			 0.0 
g2	 40 	 0.0 			 0.0 			 0.0			 0.0 
g2	 41 	 0.0 			 0.0 			 0.0			 0.0 
g2	 42 	 0.0 			 0.0 			 0.0			 0.0 
g2	 43 	 0.0 			 0.0 			 0.0			 0.0 
g2	 44 	 0.0 			 0.0 			 0.0			 0.0 
g2	 45 	 0.0 			 0.0 			 0.0			 0.0 
g2	 46 	 0.0 			 0.0 			 0.0			 0.0 
g2	 47 	 0.0 			 0.0 			 0.0			 0.0 
g2	 48 	 0.0 			 0.0 			 0.0			 0.0 
g2	 49 	 0.0 			 0.0 			 0.0			 0.0 
g2	 50 	 0.0 			 0.0 			 0.0			 0.0 
g2	 51 	 0.0 			 0.0 			 0.0			 0.0 
g2	 52 	 0.0 			 0.0 			 0.0			 0.0 
g2	 53 	 0.0 			 0.0 			 0.0			 0.0 
g2	 54 	 0.0 			 0.0 			 0.0			 0.0 
g2	 55 	 0.0 			 0.0 			 0.0			 0.0 
g2	 56 	 0.0 			 0.0 			 0.0			 0.0 
g2	 57 	 0.0 			 0.0 			 0.0			 0.0 
g2	 58 	 0.0 			 0.0 			 0.0			 0.0 
g2	 59 	 0.0 			 0.0 			 0.0			 0.0 
g2	 60 	 0.0 			 0.0 			 0.0			 0.0 
g2	 61 	 0.0 			 0.0 			 0.0			 0.0 
g2	 62 	 0.0 			 0.0 			 0.0			 0.0 
g2	 63 	 0.0 			 0.0 			 0.0			 0.0 
g2	 64 	 0.0 			 0.0 			 0.0			 0.0 
g2	 65 	 0.0 			 0.0 			 0.0			 0.0 
g2	 66 	 0.0 			 0.0 			 0.0			 0.0 
g2	 67 	 0.0 			 0.0 			 0.0			 0.0 
g2	 68 	 0.0 			 0.0 			 0.0			 0.0 
g2	 69 	 0.0 			 0.0 			 0.0			 0.0 
g2	 70 	 0.0 			 0.0 			 0.0			 0.0 
g2	 71 	 0.0 			 0.0 			 0.0			 0.0 
g2	 72 	 0.0 			 0.0 			 0.0			 0.0 
g2	 73 	 0.0 			 0.0 			 0.0			 0.0 
g2	 74 	 0.0 			 0.0 			 0.0			 0.0 
g2	 75 	 0.0 			 0.0 			 0.0			 0.0 
g2	 76 	 0.0 			 0.0 			 0.0			 0.0 
g2	 77 	 0.0 			 0.0 			 0.0			 0.0 
g2	 78 	 0.0 			 0.0 			 0.0			 0.0 
g2	 79 	 0.0 			 0.0 			 0.0			 0.0 
g2	 80 	 0.0 			 0.0 			 0.0			 0.0 
g2	 81 	 0.0 			 0.0 			 0.0			 0.0 
g2	 82 	 0.0 			 0.0 			 0.0			 0.0 
g2	 83 	 0.0 			 0.0 			 0.0			 0.0 
g2	 84 	 0.0 			 0.0 			 0.0			 0.0 
g2	 85 	 0.0 			 0.0 			 0.0			 0.0 
g2	 86 	 0.0 			 0.0 			 0.0			 0.0 
g2	 87 	 0.0 			 0.0 			 0.0			 0.0 
g2	 88 	 0.0 			 0.0 			 0.0			 0.0 
g2	 89 	 0.0 			 0.0 			 0.0			 0.0 
g2	 90 	 0.0 			 0.0 			 0.0			 0.0 
g2	 91 	 0.0 			 0.0 			 0.0			 0.0 
g2	 92 	 0.0 			 0.0 			 0.0			 0.0 
g2	 93 	 0.0 			 0.0 			 0.0			 0.0 
g2	 94 	 0.0 			 0.0 			 0.0			 0.0 
g2	 95 	 0.0 			 0.0 			 0.0			 0.0 
g2	 96 	 0.0 			 0.0 			 0.0			 0.0 
----------------------------------------------------------------------------------------------------
g3	 1 	 0.0 			 0.0 			 0.0			 0.0 
g3	 2 	 0.0 			 0.0 			 0.0			 0.0 
g3	 3 	 0.0 			 0.0 			 0.0			 0.0 
g3	 4 	 0.0 			 0.0 			 0.0			 0.0 
g3	 5 	 0.0 			 0.0 			 0.0			 0.0 
g3	 6 	 0.0 			 0.0 			 0.0			 0.0 
g3	 7 	 0.0 			 0.0 			 0.0			 0.0 
g3	 8 	 0.0 			 0.0 			 0.0			 0.0 
g3	 9 	 0.0 			 0.0 			 0.0			 0.0 
g3	 10 	 0.0 			 0.0 			 0.0			 0.0 
g3	 11 	 0.0 			 0.0 			 0.0			 0.0 
g3	 12 	 0.0 			 0.0 			 0.0			 0.0 
g3	 13 	 0.0 			 0.0 			 0.0			 0.0 
g3	 14 	 0.0 			 0.0 			 0.0			 0.0 
g3	 15 	 0.0 			 0.0 			 0.0			 0.0 
g3	 16 	 0.0 			 0.0 			 0.0			 0.0 
g3	 17 	 0.0 			 0.0 			 0.0			 0.0 
g3	 18 	 0.0 			 0.0 			 0.0			 0.0 
g3	 19 	 0.0 			 0.0 			 0.0			 0.0 
g3	 20 	 0.0 			 0.0 			 0.0			 0.0 
g3	 21 	 0.0 			 0.0 			 0.0			 0.0 
g3	 22 	 0.0 			 0.0 			 0.0			 0.0 
g3	 23 	 0.0 			 0.0 			 0.0			 0.0 
g3	 24 	 0.0 			 0.0 			 0.0			 0.0 
g3	 25 	 0.0 			 0.0 			 0.0			 0.0 
g3	 26 	 0.0 			 0.0 			 0.0			 0.0 
g3	 27 	 0.0 			 0.0 			 0.0			 0.0 
g3	 28 	 0.0 			 0.0 			 0.0			 0.0 
g3	 29 	 15.233052 			 0.0 			 0.0			 15.233052 
g3	 30 	 15.233052 			 0.0 			 0.0			 15.233052 
g3	 31 	 15.233052 			 0.0 			 0.0			 15.233052 
g3	 32 	 15.233052 			 0.0 			 0.0			 15.233052 
g3	 33 	 15.233052 			 0.0 			 0.0			 15.233052 
g3	 34 	 15.56631 			 0.0 			 0.0			 15.56631 
g3	 35 	 15.56631 			 0.0 			 0.0			 15.56631 
g3	 36 	 15.56631 			 0.0 			 0.0			 15.56631 
g3	 37 	 15.56631 			 0.0 			 0.0			 15.56631 
g3	 38 	 15.56631 			 0.0 			 0.0			 15.56631 
g3	 39 	 15.56631 			 0.0 			 0.0			 15.56631 
g3	 40 	 15.56631 			 0.0 			 0.0			 15.56631 
g3	 41 	 15.56631 			 0.0 			 0.0			 15.56631 
g3	 42 	 15.56631 			 0.0 			 0.0			 15.56631 
g3	 43 	 15.56631 			 0.0 			 0.0			 15.56631 
g3	 44 	 15.56631 			 0.0 			 0.0			 15.56631 
g3	 45 	 -10.398195 			 0.0 			 0.0			 -10.398195 
g3	 46 	 -10.398195 			 0.0 			 0.0			 -10.398195 
g3	 47 	 -10.398195 			 0.0 			 0.0			 -10.398195 
g3	 48 	 -10.398195 			 0.0 			 0.0			 -10.398195 
g3	 49 	 15.56631 			 0.0 			 0.0			 15.56631 
g3	 50 	 15.56631 			 0.0 			 0.0			 15.56631 
g3	 51 	 15.56631 			 0.0 			 0.0			 15.56631 
g3	 52 	 17.525007 			 0.0 			 0.0			 17.525007 
g3	 53 	 17.525007 			 0.0 			 0.0			 17.525007 
g3	 54 	 17.525007 			 0.0 			 0.0			 17.525007 
g3	 55 	 15.56631 			 0.0 			 0.0			 15.56631 
g3	 56 	 17.845414 			 0.0 			 0.0			 17.845414 
g3	 57 	 17.845414 			 0.0 			 0.0			 17.845414 
g3	 58 	 17.525007 			 0.0 			 0.0			 17.525007 
g3	 59 	 17.845414 			 0.0 			 0.0			 17.845414 
g3	 60 	 17.525007 			 0.0 			 0.0			 17.525007 
g3	 61 	 17.525007 			 0.0 			 0.0			 17.525007 
g3	 62 	 17.845414 			 0.0 			 0.0			 17.845414 
g3	 63 	 17.525007 			 0.0 			 0.0			 17.525007 
g3	 64 	 17.845414 			 0.0 			 0.0			 17.845414 
g3	 65 	 17.525007 			 0.0 			 0.0			 17.525007 
g3	 66 	 60.778368 			 0.0 			 0.0			 60.778368 
g3	 67 	 16.805541 			 0.0 			 0.0			 16.805541 
g3	 68 	 17.845414 			 0.0 			 0.0			 17.845414 
g3	 69 	 17.845414 			 0.0 			 0.0			 17.845414 
g3	 70 	 17.845414 			 0.0 			 0.0			 17.845414 
g3	 71 	 17.525007 			 0.0 			 0.0			 17.525007 
g3	 72 	 17.525007 			 0.0 			 0.0			 17.525007 
g3	 73 	 17.525007 			 0.0 			 0.0			 17.525007 
g3	 74 	 17.845414 			 0.0 			 0.0			 17.845414 
g3	 75 	 15.56631 			 0.0 			 0.0			 15.56631 
g3	 76 	 17.845414 			 0.0 			 0.0			 17.845414 
g3	 77 	 15.56631 			 0.0 			 0.0			 15.56631 
g3	 78 	 17.525007 			 0.0 			 0.0			 17.525007 
g3	 79 	 15.56631 			 0.0 			 0.0			 15.56631 
g3	 80 	 17.525007 			 0.0 			 0.0			 17.525007 
g3	 81 	 0.0 			 0.0 			 0.0			 0.0 
g3	 82 	 0.0 			 0.0 			 0.0			 0.0 
g3	 83 	 0.0 			 0.0 			 0.0			 0.0 
g3	 84 	 0.0 			 0.0 			 0.0			 0.0 
g3	 85 	 0.0 			 0.0 			 0.0			 0.0 
g3	 86 	 0.0 			 0.0 			 0.0			 0.0 
g3	 87 	 0.0 			 0.0 			 0.0			 0.0 
g3	 88 	 0.0 			 0.0 			 0.0			 0.0 
g3	 89 	 0.0 			 0.0 			 0.0			 0.0 
g3	 90 	 0.0 			 0.0 			 0.0			 0.0 
g3	 91 	 0.0 			 0.0 			 0.0			 0.0 
g3	 92 	 0.0 			 0.0 			 0.0			 0.0 
g3	 93 	 0.0 			 0.0 			 0.0			 0.0 
g3	 94 	 0.0 			 0.0 			 0.0			 0.0 
g3	 95 	 0.0 			 0.0 			 0.0			 0.0 
g3	 96 	 0.0 			 0.0 			 0.0			 0.0 
----------------------------------------------------------------------------------------------------
g4	 1 	 0.0 			 0.0 			 0.0			 0.0 
g4	 2 	 0.0 			 0.0 			 0.0			 0.0 
g4	 3 	 0.0 			 0.0 			 0.0			 0.0 
g4	 4 	 0.0 			 0.0 			 0.0			 0.0 
g4	 5 	 0.0 			 0.0 			 0.0			 0.0 
g4	 6 	 0.0 			 0.0 			 0.0			 0.0 
g4	 7 	 0.0 			 0.0 			 0.0			 0.0 
g4	 8 	 0.0 			 0.0 			 0.0			 0.0 
g4	 9 	 0.0 			 0.0 			 0.0			 0.0 
g4	 10 	 0.0 			 0.0 			 0.0			 0.0 
g4	 11 	 0.0 			 0.0 			 0.0			 0.0 
g4	 12 	 0.0 			 0.0 			 0.0			 0.0 
g4	 13 	 0.0 			 0.0 			 0.0			 0.0 
g4	 14 	 0.0 			 0.0 			 0.0			 0.0 
g4	 15 	 0.0 			 0.0 			 0.0			 0.0 
g4	 16 	 0.0 			 0.0 			 0.0			 0.0 
g4	 17 	 0.0 			 0.0 			 0.0			 0.0 
g4	 18 	 0.0 			 0.0 			 0.0			 0.0 
g4	 19 	 0.0 			 0.0 			 0.0			 0.0 
g4	 20 	 0.0 			 0.0 			 0.0			 0.0 
g4	 21 	 0.0 			 0.0 			 0.0			 0.0 
g4	 22 	 0.0 			 0.0 			 0.0			 0.0 
g4	 23 	 0.0 			 0.0 			 0.0			 0.0 
g4	 24 	 0.0 			 0.0 			 0.0			 0.0 
g4	 25 	 0.0 			 0.0 			 0.0			 0.0 
g4	 26 	 0.0 			 0.0 			 0.0			 0.0 
g4	 27 	 0.0 			 0.0 			 0.0			 0.0 
g4	 28 	 0.0 			 0.0 			 0.0			 0.0 
g4	 29 	 0.0 			 0.0 			 0.0			 0.0 
g4	 30 	 0.0 			 0.0 			 0.0			 0.0 
g4	 31 	 0.0 			 0.0 			 0.0			 0.0 
g4	 32 	 0.0 			 0.0 			 0.0			 0.0 
g4	 33 	 0.0 			 0.0 			 0.0			 0.0 
g4	 34 	 0.0 			 0.0 			 0.0			 0.0 
g4	 35 	 0.0 			 0.0 			 0.0			 0.0 
g4	 36 	 0.0 			 0.0 			 0.0			 0.0 
g4	 37 	 0.0 			 0.0 			 0.0			 0.0 
g4	 38 	 0.0 			 0.0 			 0.0			 0.0 
g4	 39 	 0.0 			 0.0 			 0.0			 0.0 
g4	 40 	 0.0 			 0.0 			 0.0			 0.0 
g4	 41 	 8.645509 			 0.0 			 0.0			 8.645509 
g4	 42 	 8.645509 			 0.0 			 0.0			 8.645509 
g4	 43 	 8.645509 			 0.0 			 0.0			 8.645509 
g4	 44 	 8.645509 			 0.0 			 0.0			 8.645509 
g4	 45 	 -26.425184 			 0.0 			 0.0			 -26.425184 
g4	 46 	 -26.425184 			 0.0 			 0.0			 -26.425184 
g4	 47 	 -26.425184 			 0.0 			 0.0			 -26.425184 
g4	 48 	 -26.425184 			 0.0 			 0.0			 -26.425184 
g4	 49 	 8.645509 			 0.0 			 0.0			 8.645509 
g4	 50 	 8.645509 			 0.0 			 0.0			 8.645509 
g4	 51 	 8.645509 			 0.0 			 0.0			 8.645509 
g4	 52 	 66.066126 			 0.0 			 0.0			 66.066126 
g4	 53 	 10.589936 			 0.0 			 0.0			 10.589936 
g4	 54 	 -10.925197 			 0.0 			 0.0			 -10.925197 
g4	 55 	 -70.952091 			 0.0 			 0.0			 -70.952091 
g4	 56 	 85.315172 			 0.0 			 0.0			 85.315172 
g4	 57 	 59.575984 			 0.0 			 0.0			 59.575984 
g4	 58 	 -36.209046 			 0.0 			 0.0			 -36.209046 
g4	 59 	 59.575984 			 0.0 			 0.0			 59.575984 
g4	 60 	 26.131196 			 0.0 			 0.0			 26.131196 
g4	 61 	 -20.415158 			 0.0 			 0.0			 -20.415158 
g4	 62 	 16.162876 			 0.0 			 0.0			 16.162876 
g4	 63 	 -92.107546 			 0.0 			 0.0			 -92.107546 
g4	 64 	 16.162876 			 0.0 			 0.0			 16.162876 
g4	 65 	 -82.027553 			 0.0 			 0.0			 -82.027553 
g4	 66 	 10.666818 			 0.0 			 0.0			 10.666818 
g4	 67 	 -147.610554 			 0.0 			 0.0			 -147.610554 
g4	 68 	 9.91132 			 0.0 			 0.0			 9.91132 
g4	 69 	 9.91132 			 0.0 			 0.0			 9.91132 
g4	 70 	 9.91132 			 0.0 			 0.0			 9.91132 
g4	 71 	 -64.510946 			 0.0 			 0.0			 -64.510946 
g4	 72 	 -11.517048 			 0.0 			 0.0			 -11.517048 
g4	 73 	 -23.940468 			 0.0 			 0.0			 -23.940468 
g4	 74 	 71.574136 			 0.0 			 0.0			 71.574136 
g4	 75 	 -82.938208 			 0.0 			 0.0			 -82.938208 
g4	 76 	 71.574136 			 0.0 			 0.0			 71.574136 
g4	 77 	 8.645509 			 0.0 			 0.0			 8.645509 
g4	 78 	 46.008376 			 0.0 			 0.0			 46.008376 
g4	 79 	 8.645509 			 0.0 			 0.0			 8.645509 
g4	 80 	 66.773981 			 0.0 			 0.0			 66.773981 
g4	 81 	 -83.638868 			 0.0 			 0.0			 -83.638868 
g4	 82 	 49.076035 			 0.0 			 0.0			 49.076035 
g4	 83 	 66.115572 			 0.0 			 0.0			 66.115572 
g4	 84 	 29.118173 			 0.0 			 0.0			 29.118173 
g4	 85 	 26.201128 			 0.0 			 0.0			 26.201128 
g4	 86 	 8.645509 			 0.0 			 0.0			 8.645509 
g4	 87 	 8.645509 			 0.0 			 0.0			 8.645509 
g4	 88 	 30.466369 			 0.0 			 0.0			 30.466369 
g4	 89 	 8.645509 			 0.0 			 0.0			 8.645509 
g4	 90 	 8.645509 			 0.0 			 0.0			 8.645509 
g4	 91 	 8.645509 			 0.0 			 0.0			 8.645509 
g4	 92 	 8.645509 			 0.0 			 0.0			 8.645509 
g4	 93 	 0.0 			 0.0 			 0.0			 0.0 
g4	 94 	 0.0 			 0.0 			 0.0			 0.0 
g4	 95 	 0.0 			 0.0 			 0.0			 0.0 
g4	 96 	 0.0 			 0.0 			 0.0			 0.0 
----------------------------------------------------------------------------------------------------
g5	 1 	 0.0 			 0.0 			 0.0			 0.0 
g5	 2 	 0.0 			 0.0 			 0.0			 0.0 
g5	 3 	 0.0 			 0.0 			 0.0			 0.0 
g5	 4 	 0.0 			 0.0 			 0.0			 0.0 
g5	 5 	 21.893178 			 0.0 			 0.0			 21.893178 
g5	 6 	 21.893178 			 0.0 			 0.0			 21.893178 
g5	 7 	 21.893178 			 0.0 			 0.0			 21.893178 
g5	 8 	 21.893178 			 0.0 			 0.0			 21.893178 
g5	 9 	 21.893178 			 0.0 			 0.0			 21.893178 
g5	 10 	 21.893178 			 0.0 			 0.0			 21.893178 
g5	 11 	 21.893178 			 0.0 			 0.0			 21.893178 
g5	 12 	 21.893178 			 0.0 			 0.0			 21.893178 
g5	 13 	 21.893178 			 0.0 			 0.0			 21.893178 
g5	 14 	 21.893178 			 0.0 			 0.0			 21.893178 
g5	 15 	 21.893178 			 0.0 			 0.0			 21.893178 
g5	 16 	 21.893178 			 0.0 			 0.0			 21.893178 
g5	 17 	 21.893178 			 0.0 			 0.0			 21.893178 
g5	 18 	 21.893178 			 0.0 			 0.0			 21.893178 
g5	 19 	 21.893178 			 0.0 			 0.0			 21.893178 
g5	 20 	 21.893178 			 0.0 			 0.0			 21.893178 
g5	 21 	 21.893178 			 0.0 			 0.0			 21.893178 
g5	 22 	 21.893178 			 0.0 			 0.0			 21.893178 
g5	 23 	 21.893178 			 0.0 			 0.0			 21.893178 
g5	 24 	 21.893178 			 0.0 			 0.0			 21.893178 
g5	 25 	 21.893178 			 0.0 			 0.0			 21.893178 
g5	 26 	 21.893178 			 0.0 			 0.0			 21.893178 
g5	 27 	 21.893178 			 0.0 			 0.0			 21.893178 
g5	 28 	 21.893178 			 0.0 			 0.0			 21.893178 
g5	 29 	 21.893178 			 0.0 			 0.0			 21.893178 
g5	 30 	 21.893178 			 0.0 			 0.0			 21.893178 
g5	 31 	 21.893178 			 0.0 			 0.0			 21.893178 
g5	 32 	 21.893178 			 0.0 			 0.0			 21.893178 
g5	 33 	 21.893178 			 0.0 			 0.0			 21.893178 
g5	 34 	 22.372141 			 0.0 			 0.0			 22.372141 
g5	 35 	 22.372141 			 0.0 			 0.0			 22.372141 
g5	 36 	 22.372141 			 0.0 			 0.0			 22.372141 
g5	 37 	 22.372141 			 0.0 			 0.0			 22.372141 
g5	 38 	 22.372141 			 0.0 			 0.0			 22.372141 
g5	 39 	 22.372141 			 0.0 			 0.0			 22.372141 
g5	 40 	 22.372141 			 0.0 			 0.0			 22.372141 
g5	 41 	 22.372141 			 0.0 			 0.0			 22.372141 
g5	 42 	 22.372141 			 0.0 			 0.0			 22.372141 
g5	 43 	 22.372141 			 0.0 			 0.0			 22.372141 
g5	 44 	 22.372141 			 0.0 			 0.0			 22.372141 
g5	 45 	 -1.99201 			 0.0 			 0.0			 -1.99201 
g5	 46 	 -1.99201 			 0.0 			 0.0			 -1.99201 
g5	 47 	 -1.99201 			 0.0 			 0.0			 -1.99201 
g5	 48 	 -1.99201 			 0.0 			 0.0			 -1.99201 
g5	 49 	 22.372141 			 0.0 			 0.0			 22.372141 
g5	 50 	 22.372141 			 0.0 			 0.0			 22.372141 
g5	 51 	 22.372141 			 0.0 			 0.0			 22.372141 
g5	 52 	 25.18721 			 0.0 			 0.0			 25.18721 
g5	 53 	 25.18721 			 0.0 			 0.0			 25.18721 
g5	 54 	 25.18721 			 0.0 			 0.0			 25.18721 
g5	 55 	 22.372141 			 0.0 			 0.0			 22.372141 
g5	 56 	 149.674809 			 0.0 			 0.0			 149.674809 
g5	 57 	 153.429431 			 0.0 			 0.0			 153.429431 
g5	 58 	 25.18721 			 0.0 			 0.0			 25.18721 
g5	 59 	 37.146253 			 0.0 			 0.0			 37.146253 
g5	 60 	 25.18721 			 0.0 			 0.0			 25.18721 
g5	 61 	 25.18721 			 0.0 			 0.0			 25.18721 
g5	 62 	 84.08914 			 0.0 			 0.0			 84.08914 
g5	 63 	 25.18721 			 0.0 			 0.0			 25.18721 
g5	 64 	 57.437315 			 0.0 			 0.0			 57.437315 
g5	 65 	 -22.850797 			 0.0 			 0.0			 -22.850797 
g5	 66 	 152.448427 			 0.0 			 0.0			 152.448427 
g5	 67 	 -21.912688 			 0.0 			 0.0			 -21.912688 
g5	 68 	 98.697777 			 0.0 			 0.0			 98.697777 
g5	 69 	 44.035123 			 0.0 			 0.0			 44.035123 
g5	 70 	 85.053935 			 0.0 			 0.0			 85.053935 
g5	 71 	 -10.036144 			 0.0 			 0.0			 -10.036144 
g5	 72 	 -10.036144 			 0.0 			 0.0			 -10.036144 
g5	 73 	 25.18721 			 0.0 			 0.0			 25.18721 
g5	 74 	 127.340145 			 0.0 			 0.0			 127.340145 
g5	 75 	 22.372141 			 0.0 			 0.0			 22.372141 
g5	 76 	 73.526761 			 0.0 			 0.0			 73.526761 
g5	 77 	 22.372141 			 0.0 			 0.0			 22.372141 
g5	 78 	 25.18721 			 0.0 			 0.0			 25.18721 
g5	 79 	 22.372141 			 0.0 			 0.0			 22.372141 
g5	 80 	 25.18721 			 0.0 			 0.0			 25.18721 
g5	 81 	 24.619421 			 0.0 			 0.0			 24.619421 
g5	 82 	 24.619421 			 0.0 			 0.0			 24.619421 
g5	 83 	 24.619421 			 0.0 			 0.0			 24.619421 
g5	 84 	 116.405711 			 0.0 			 0.0			 116.405711 
g5	 85 	 24.726716 			 0.0 			 0.0			 24.726716 
g5	 86 	 22.372141 			 0.0 			 0.0			 22.372141 
g5	 87 	 22.372141 			 0.0 			 0.0			 22.372141 
g5	 88 	 25.18721 			 0.0 			 0.0			 25.18721 
g5	 89 	 22.372141 			 0.0 			 0.0			 22.372141 
g5	 90 	 22.372141 			 0.0 			 0.0			 22.372141 
g5	 91 	 22.372141 			 0.0 			 0.0			 22.372141 
g5	 92 	 22.372141 			 0.0 			 0.0			 22.372141 
g5	 93 	 22.372141 			 0.0 			 0.0			 22.372141 
g5	 94 	 22.372141 			 0.0 			 0.0			 22.372141 
g5	 95 	 22.372141 			 0.0 			 0.0			 22.372141 
g5	 96 	 22.372141 			 0.0 			 0.0			 22.372141 
----------------------------------------------------------------------------------------------------------------
unit 	 generation payment 	 up-FRP payment 	 dw-FRP payment 	pre-up total payment
----------------------------------------------------------------------------------------------------------------
 g1 	 16370.724580			 0.000000			 0.000000			 16370.724580
 g2 	 0.000000			 0.000000			 0.000000			 0.000000
 g3 	 798.629200			 0.000000			 0.000000			 798.629200
 g4 	 134.078050			 0.000000			 0.000000			 134.078050
 g5 	 2743.447413			 0.000000			 0.000000			 2743.447413
----------------------------------------------------------------------------------------------------
generation payment 	 up-FRP payment 	 dw-FRP payment 	 pre-up total payment
----------------------------------------------------------------------------------------------------
20046.879243000003 			 0.0 			 0.0 			 20046.879243000003
 
****************************************************************************************************
 
Generation costs
----------------------------------------------------------------------------------------------------
unit	 time 	 generation cost 	 start-up cost  	total cost
----------------------------------------------------------------------------------------------------
g1	 1 	 2379.154203 			 0.0 			2379.154203
g1	 2 	 2423.462042 			 0.0 			2423.462042
g1	 3 	 2457.741248 			 0.0 			2457.741248
g1	 4 	 2336.959942 			 0.0 			2336.959942
g1	 5 	 1994.378832 			 0.0 			1994.378832
g1	 6 	 2055.200768 			 0.0 			2055.200768
g1	 7 	 2044.282636 			 0.0 			2044.282636
g1	 8 	 1996.324792 			 0.0 			1996.324792
g1	 9 	 1902.861348 			 0.0 			1902.861348
g1	 10 	 1944.68567 			 0.0 			1944.68567
g1	 11 	 1979.262353 			 0.0 			1979.262353
g1	 12 	 1893.723118 			 0.0 			1893.723118
g1	 13 	 1896.167786 			 0.0 			1896.167786
g1	 14 	 1987.282137 			 0.0 			1987.282137
g1	 15 	 1867.069488 			 0.0 			1867.069488
g1	 16 	 1975.555443 			 0.0 			1975.555443
g1	 17 	 1872.41502 			 0.0 			1872.41502
g1	 18 	 1907.497124 			 0.0 			1907.497124
g1	 19 	 1861.659615 			 0.0 			1861.659615
g1	 20 	 1877.792782 			 0.0 			1877.792782
g1	 21 	 1972.169477 			 0.0 			1972.169477
g1	 22 	 2064.752412 			 0.0 			2064.752412
g1	 23 	 1949.87672 			 0.0 			1949.87672
g1	 24 	 1974.41229 			 0.0 			1974.41229
g1	 25 	 2193.614234 			 0.0 			2193.614234
g1	 26 	 2234.970742 			 0.0 			2234.970742
g1	 27 	 2291.282737 			 0.0 			2291.282737
g1	 28 	 2306.15655 			 0.0 			2306.15655
g1	 29 	 2170.5045 			 0.0 			2170.5045
g1	 30 	 2214.310689 			 0.0 			2214.310689
g1	 31 	 2206.697786 			 0.0 			2206.697786
g1	 32 	 2267.667977 			 0.0 			2267.667977
g1	 33 	 2307.384763 			 0.0 			2307.384763
g1	 34 	 2503.459425 			 0.0 			2503.459425
g1	 35 	 2512.401906 			 0.0 			2512.401906
g1	 36 	 2423.022463 			 0.0 			2423.022463
g1	 37 	 2657.270707 			 0.0 			2657.270707
g1	 38 	 2662.188143 			 0.0 			2662.188143
g1	 39 	 2660.392028 			 0.0 			2660.392028
g1	 40 	 2554.53265 			 0.0 			2554.53265
g1	 41 	 2752.007866 			 0.0 			2752.007866
g1	 42 	 2704.437809 			 0.0 			2704.437809
g1	 43 	 2666.892228 			 0.0 			2666.892228
g1	 44 	 2608.977439 			 0.0 			2608.977439
g1	 45 	 2895.239988 			 0.0 			2895.239988
g1	 46 	 2780.880241 			 0.0 			2780.880241
g1	 47 	 2878.363044 			 0.0 			2878.363044
g1	 48 	 2892.794592 			 0.0 			2892.794592
g1	 49 	 2905.811951 			 0.0 			2905.811951
g1	 50 	 3048.417963 			 0.0 			3048.417963
g1	 51 	 2940.61298 			 0.0 			2940.61298
g1	 52 	 3058.233409 			 0.0 			3058.233409
g1	 53 	 3058.233409 			 0.0 			3058.233409
g1	 54 	 3058.233409 			 0.0 			3058.233409
g1	 55 	 3031.601754 			 0.0 			3031.601754
g1	 56 	 3058.233409 			 0.0 			3058.233409
g1	 57 	 3058.233409 			 0.0 			3058.233409
g1	 58 	 3058.233409 			 0.0 			3058.233409
g1	 59 	 3058.233409 			 0.0 			3058.233409
g1	 60 	 3058.233409 			 0.0 			3058.233409
g1	 61 	 3058.233409 			 0.0 			3058.233409
g1	 62 	 3058.233409 			 0.0 			3058.233409
g1	 63 	 3058.233409 			 0.0 			3058.233409
g1	 64 	 3058.233409 			 0.0 			3058.233409
g1	 65 	 3058.233409 			 0.0 			3058.233409
g1	 66 	 3058.233409 			 0.0 			3058.233409
g1	 67 	 3058.233409 			 0.0 			3058.233409
g1	 68 	 3058.233409 			 0.0 			3058.233409
g1	 69 	 3058.233409 			 0.0 			3058.233409
g1	 70 	 3058.233409 			 0.0 			3058.233409
g1	 71 	 3058.233409 			 0.0 			3058.233409
g1	 72 	 3058.233409 			 0.0 			3058.233409
g1	 73 	 3058.233409 			 0.0 			3058.233409
g1	 74 	 3058.233409 			 0.0 			3058.233409
g1	 75 	 3039.367927 			 0.0 			3039.367927
g1	 76 	 3058.233409 			 0.0 			3058.233409
g1	 77 	 3013.30209 			 0.0 			3013.30209
g1	 78 	 3058.233409 			 0.0 			3058.233409
g1	 79 	 2997.241612 			 0.0 			2997.241612
g1	 80 	 3058.233409 			 0.0 			3058.233409
g1	 81 	 3058.233409 			 0.0 			3058.233409
g1	 82 	 3058.233409 			 0.0 			3058.233409
g1	 83 	 3058.233409 			 0.0 			3058.233409
g1	 84 	 3058.233409 			 0.0 			3058.233409
g1	 85 	 3058.233409 			 0.0 			3058.233409
g1	 86 	 2777.843571 			 0.0 			2777.843571
g1	 87 	 2972.161689 			 0.0 			2972.161689
g1	 88 	 3058.233409 			 0.0 			3058.233409
g1	 89 	 2589.806814 			 0.0 			2589.806814
g1	 90 	 2595.068847 			 0.0 			2595.068847
g1	 91 	 2606.744848 			 0.0 			2606.744848
g1	 92 	 2624.864373 			 0.0 			2624.864373
g1	 93 	 2621.4872 			 0.0 			2621.4872
g1	 94 	 2497.678026 			 0.0 			2497.678026
g1	 95 	 2607.41052 			 0.0 			2607.41052
g1	 96 	 2562.308171 			 0.0 			2562.308171
----------------------------------------------------------------------------------------------------
g2	 1 	 0.0 			 0.0 			0.0
g2	 2 	 0.0 			 0.0 			0.0
g2	 3 	 0.0 			 0.0 			0.0
g2	 4 	 0.0 			 0.0 			0.0
g2	 5 	 0.0 			 0.0 			0.0
g2	 6 	 0.0 			 0.0 			0.0
g2	 7 	 0.0 			 0.0 			0.0
g2	 8 	 0.0 			 0.0 			0.0
g2	 9 	 0.0 			 0.0 			0.0
g2	 10 	 0.0 			 0.0 			0.0
g2	 11 	 0.0 			 0.0 			0.0
g2	 12 	 0.0 			 0.0 			0.0
g2	 13 	 0.0 			 0.0 			0.0
g2	 14 	 0.0 			 0.0 			0.0
g2	 15 	 0.0 			 0.0 			0.0
g2	 16 	 0.0 			 0.0 			0.0
g2	 17 	 0.0 			 0.0 			0.0
g2	 18 	 0.0 			 0.0 			0.0
g2	 19 	 0.0 			 0.0 			0.0
g2	 20 	 0.0 			 0.0 			0.0
g2	 21 	 0.0 			 0.0 			0.0
g2	 22 	 0.0 			 0.0 			0.0
g2	 23 	 0.0 			 0.0 			0.0
g2	 24 	 0.0 			 0.0 			0.0
g2	 25 	 0.0 			 0.0 			0.0
g2	 26 	 0.0 			 0.0 			0.0
g2	 27 	 0.0 			 0.0 			0.0
g2	 28 	 0.0 			 0.0 			0.0
g2	 29 	 0.0 			 0.0 			0.0
g2	 30 	 0.0 			 0.0 			0.0
g2	 31 	 0.0 			 0.0 			0.0
g2	 32 	 0.0 			 0.0 			0.0
g2	 33 	 0.0 			 0.0 			0.0
g2	 34 	 0.0 			 0.0 			0.0
g2	 35 	 0.0 			 0.0 			0.0
g2	 36 	 0.0 			 0.0 			0.0
g2	 37 	 0.0 			 0.0 			0.0
g2	 38 	 0.0 			 0.0 			0.0
g2	 39 	 0.0 			 0.0 			0.0
g2	 40 	 0.0 			 0.0 			0.0
g2	 41 	 0.0 			 0.0 			0.0
g2	 42 	 0.0 			 0.0 			0.0
g2	 43 	 0.0 			 0.0 			0.0
g2	 44 	 0.0 			 0.0 			0.0
g2	 45 	 0.0 			 0.0 			0.0
g2	 46 	 0.0 			 0.0 			0.0
g2	 47 	 0.0 			 0.0 			0.0
g2	 48 	 0.0 			 0.0 			0.0
g2	 49 	 0.0 			 0.0 			0.0
g2	 50 	 0.0 			 0.0 			0.0
g2	 51 	 0.0 			 0.0 			0.0
g2	 52 	 0.0 			 0.0 			0.0
g2	 53 	 0.0 			 0.0 			0.0
g2	 54 	 0.0 			 0.0 			0.0
g2	 55 	 0.0 			 0.0 			0.0
g2	 56 	 0.0 			 0.0 			0.0
g2	 57 	 0.0 			 0.0 			0.0
g2	 58 	 0.0 			 0.0 			0.0
g2	 59 	 0.0 			 0.0 			0.0
g2	 60 	 0.0 			 0.0 			0.0
g2	 61 	 0.0 			 0.0 			0.0
g2	 62 	 0.0 			 0.0 			0.0
g2	 63 	 0.0 			 0.0 			0.0
g2	 64 	 0.0 			 0.0 			0.0
g2	 65 	 0.0 			 0.0 			0.0
g2	 66 	 0.0 			 0.0 			0.0
g2	 67 	 0.0 			 0.0 			0.0
g2	 68 	 0.0 			 0.0 			0.0
g2	 69 	 0.0 			 0.0 			0.0
g2	 70 	 0.0 			 0.0 			0.0
g2	 71 	 0.0 			 0.0 			0.0
g2	 72 	 0.0 			 0.0 			0.0
g2	 73 	 0.0 			 0.0 			0.0
g2	 74 	 0.0 			 0.0 			0.0
g2	 75 	 0.0 			 0.0 			0.0
g2	 76 	 0.0 			 0.0 			0.0
g2	 77 	 0.0 			 0.0 			0.0
g2	 78 	 0.0 			 0.0 			0.0
g2	 79 	 0.0 			 0.0 			0.0
g2	 80 	 0.0 			 0.0 			0.0
g2	 81 	 0.0 			 0.0 			0.0
g2	 82 	 0.0 			 0.0 			0.0
g2	 83 	 0.0 			 0.0 			0.0
g2	 84 	 0.0 			 0.0 			0.0
g2	 85 	 0.0 			 0.0 			0.0
g2	 86 	 0.0 			 0.0 			0.0
g2	 87 	 0.0 			 0.0 			0.0
g2	 88 	 0.0 			 0.0 			0.0
g2	 89 	 0.0 			 0.0 			0.0
g2	 90 	 0.0 			 0.0 			0.0
g2	 91 	 0.0 			 0.0 			0.0
g2	 92 	 0.0 			 0.0 			0.0
g2	 93 	 0.0 			 0.0 			0.0
g2	 94 	 0.0 			 0.0 			0.0
g2	 95 	 0.0 			 0.0 			0.0
g2	 96 	 0.0 			 0.0 			0.0
----------------------------------------------------------------------------------------------------
g3	 1 	 0.0 			 0.0 			0.0
g3	 2 	 0.0 			 0.0 			0.0
g3	 3 	 0.0 			 0.0 			0.0
g3	 4 	 0.0 			 0.0 			0.0
g3	 5 	 0.0 			 0.0 			0.0
g3	 6 	 0.0 			 0.0 			0.0
g3	 7 	 0.0 			 0.0 			0.0
g3	 8 	 0.0 			 0.0 			0.0
g3	 9 	 0.0 			 0.0 			0.0
g3	 10 	 0.0 			 0.0 			0.0
g3	 11 	 0.0 			 0.0 			0.0
g3	 12 	 0.0 			 0.0 			0.0
g3	 13 	 0.0 			 0.0 			0.0
g3	 14 	 0.0 			 0.0 			0.0
g3	 15 	 0.0 			 0.0 			0.0
g3	 16 	 0.0 			 0.0 			0.0
g3	 17 	 0.0 			 0.0 			0.0
g3	 18 	 0.0 			 0.0 			0.0
g3	 19 	 0.0 			 0.0 			0.0
g3	 20 	 0.0 			 0.0 			0.0
g3	 21 	 0.0 			 0.0 			0.0
g3	 22 	 0.0 			 0.0 			0.0
g3	 23 	 0.0 			 0.0 			0.0
g3	 24 	 0.0 			 0.0 			0.0
g3	 25 	 0.0 			 0.0 			0.0
g3	 26 	 0.0 			 0.0 			0.0
g3	 27 	 0.0 			 0.0 			0.0
g3	 28 	 0.0 			 0.0 			0.0
g3	 29 	 350.954412 			 4595.43 			4946.384412
g3	 30 	 350.954412 			 0.0 			350.954412
g3	 31 	 350.954412 			 0.0 			350.954412
g3	 32 	 350.954412 			 0.0 			350.954412
g3	 33 	 350.954412 			 0.0 			350.954412
g3	 34 	 350.954412 			 0.0 			350.954412
g3	 35 	 350.954412 			 0.0 			350.954412
g3	 36 	 350.954412 			 0.0 			350.954412
g3	 37 	 350.954412 			 0.0 			350.954412
g3	 38 	 350.954412 			 0.0 			350.954412
g3	 39 	 350.954412 			 0.0 			350.954412
g3	 40 	 350.954412 			 0.0 			350.954412
g3	 41 	 350.954412 			 0.0 			350.954412
g3	 42 	 350.954412 			 0.0 			350.954412
g3	 43 	 350.954412 			 0.0 			350.954412
g3	 44 	 350.954412 			 0.0 			350.954412
g3	 45 	 350.954412 			 0.0 			350.954412
g3	 46 	 350.954412 			 0.0 			350.954412
g3	 47 	 350.954412 			 0.0 			350.954412
g3	 48 	 350.954412 			 0.0 			350.954412
g3	 49 	 350.954412 			 0.0 			350.954412
g3	 50 	 350.954412 			 0.0 			350.954412
g3	 51 	 350.954412 			 0.0 			350.954412
g3	 52 	 350.954412 			 0.0 			350.954412
g3	 53 	 350.954412 			 0.0 			350.954412
g3	 54 	 350.954412 			 0.0 			350.954412
g3	 55 	 350.954412 			 0.0 			350.954412
g3	 56 	 350.954412 			 0.0 			350.954412
g3	 57 	 350.954412 			 0.0 			350.954412
g3	 58 	 350.954412 			 0.0 			350.954412
g3	 59 	 350.954412 			 0.0 			350.954412
g3	 60 	 350.954412 			 0.0 			350.954412
g3	 61 	 350.954412 			 0.0 			350.954412
g3	 62 	 350.954412 			 0.0 			350.954412
g3	 63 	 350.954412 			 0.0 			350.954412
g3	 64 	 350.954412 			 0.0 			350.954412
g3	 65 	 350.954412 			 0.0 			350.954412
g3	 66 	 392.52709 			 0.0 			392.52709
g3	 67 	 350.954412 			 0.0 			350.954412
g3	 68 	 350.954412 			 0.0 			350.954412
g3	 69 	 350.954412 			 0.0 			350.954412
g3	 70 	 350.954412 			 0.0 			350.954412
g3	 71 	 350.954412 			 0.0 			350.954412
g3	 72 	 350.954412 			 0.0 			350.954412
g3	 73 	 350.954412 			 0.0 			350.954412
g3	 74 	 350.954412 			 0.0 			350.954412
g3	 75 	 350.954412 			 0.0 			350.954412
g3	 76 	 350.954412 			 0.0 			350.954412
g3	 77 	 350.954412 			 0.0 			350.954412
g3	 78 	 350.954412 			 0.0 			350.954412
g3	 79 	 350.954412 			 0.0 			350.954412
g3	 80 	 350.954412 			 0.0 			350.954412
g3	 81 	 0.0 			 0.0 			0.0
g3	 82 	 0.0 			 0.0 			0.0
g3	 83 	 0.0 			 0.0 			0.0
g3	 84 	 0.0 			 0.0 			0.0
g3	 85 	 0.0 			 0.0 			0.0
g3	 86 	 0.0 			 0.0 			0.0
g3	 87 	 0.0 			 0.0 			0.0
g3	 88 	 0.0 			 0.0 			0.0
g3	 89 	 0.0 			 0.0 			0.0
g3	 90 	 0.0 			 0.0 			0.0
g3	 91 	 0.0 			 0.0 			0.0
g3	 92 	 0.0 			 0.0 			0.0
g3	 93 	 0.0 			 0.0 			0.0
g3	 94 	 0.0 			 0.0 			0.0
g3	 95 	 0.0 			 0.0 			0.0
g3	 96 	 0.0 			 0.0 			0.0
----------------------------------------------------------------------------------------------------
g4	 1 	 0.0 			 0.0 			0.0
g4	 2 	 0.0 			 0.0 			0.0
g4	 3 	 0.0 			 0.0 			0.0
g4	 4 	 0.0 			 0.0 			0.0
g4	 5 	 0.0 			 0.0 			0.0
g4	 6 	 0.0 			 0.0 			0.0
g4	 7 	 0.0 			 0.0 			0.0
g4	 8 	 0.0 			 0.0 			0.0
g4	 9 	 0.0 			 0.0 			0.0
g4	 10 	 0.0 			 0.0 			0.0
g4	 11 	 0.0 			 0.0 			0.0
g4	 12 	 0.0 			 0.0 			0.0
g4	 13 	 0.0 			 0.0 			0.0
g4	 14 	 0.0 			 0.0 			0.0
g4	 15 	 0.0 			 0.0 			0.0
g4	 16 	 0.0 			 0.0 			0.0
g4	 17 	 0.0 			 0.0 			0.0
g4	 18 	 0.0 			 0.0 			0.0
g4	 19 	 0.0 			 0.0 			0.0
g4	 20 	 0.0 			 0.0 			0.0
g4	 21 	 0.0 			 0.0 			0.0
g4	 22 	 0.0 			 0.0 			0.0
g4	 23 	 0.0 			 0.0 			0.0
g4	 24 	 0.0 			 0.0 			0.0
g4	 25 	 0.0 			 0.0 			0.0
g4	 26 	 0.0 			 0.0 			0.0
g4	 27 	 0.0 			 0.0 			0.0
g4	 28 	 0.0 			 0.0 			0.0
g4	 29 	 0.0 			 0.0 			0.0
g4	 30 	 0.0 			 0.0 			0.0
g4	 31 	 0.0 			 0.0 			0.0
g4	 32 	 0.0 			 0.0 			0.0
g4	 33 	 0.0 			 0.0 			0.0
g4	 34 	 0.0 			 0.0 			0.0
g4	 35 	 0.0 			 0.0 			0.0
g4	 36 	 0.0 			 0.0 			0.0
g4	 37 	 0.0 			 0.0 			0.0
g4	 38 	 0.0 			 0.0 			0.0
g4	 39 	 0.0 			 0.0 			0.0
g4	 40 	 0.0 			 0.0 			0.0
g4	 41 	 398.628661 			 4827.67 			5226.298661
g4	 42 	 398.628661 			 0.0 			398.628661
g4	 43 	 398.628661 			 0.0 			398.628661
g4	 44 	 398.628661 			 0.0 			398.628661
g4	 45 	 398.628661 			 0.0 			398.628661
g4	 46 	 398.628661 			 0.0 			398.628661
g4	 47 	 398.628661 			 0.0 			398.628661
g4	 48 	 398.628661 			 0.0 			398.628661
g4	 49 	 398.628661 			 0.0 			398.628661
g4	 50 	 398.628661 			 0.0 			398.628661
g4	 51 	 398.628661 			 0.0 			398.628661
g4	 52 	 454.961418 			 0.0 			454.961418
g4	 53 	 489.098534 			 0.0 			489.098534
g4	 54 	 467.583402 			 0.0 			467.583402
g4	 55 	 398.628661 			 0.0 			398.628661
g4	 56 	 562.291976 			 0.0 			562.291976
g4	 57 	 630.007619 			 0.0 			630.007619
g4	 58 	 535.292244 			 0.0 			535.292244
g4	 59 	 630.007619 			 0.0 			630.007619
g4	 60 	 597.632494 			 0.0 			597.632494
g4	 61 	 593.719786 			 0.0 			593.719786
g4	 62 	 630.007619 			 0.0 			630.007619
g4	 63 	 522.027391 			 0.0 			522.027391
g4	 64 	 630.007619 			 0.0 			630.007619
g4	 65 	 538.246698 			 0.0 			538.246698
g4	 66 	 630.007619 			 0.0 			630.007619
g4	 67 	 466.344303 			 0.0 			466.344303
g4	 68 	 630.007619 			 0.0 			630.007619
g4	 69 	 630.007619 			 0.0 			630.007619
g4	 70 	 630.007619 			 0.0 			630.007619
g4	 71 	 555.7633 			 0.0 			555.7633
g4	 72 	 608.757201 			 0.0 			608.757201
g4	 73 	 468.062455 			 0.0 			468.062455
g4	 74 	 562.291976 			 0.0 			562.291976
g4	 75 	 398.628661 			 0.0 			398.628661
g4	 76 	 562.291976 			 0.0 			562.291976
g4	 77 	 398.628661 			 0.0 			398.628661
g4	 78 	 434.903676 			 0.0 			434.903676
g4	 79 	 398.628661 			 0.0 			398.628661
g4	 80 	 455.669279 			 0.0 			455.669279
g4	 81 	 467.013453 			 0.0 			467.013453
g4	 82 	 599.728357 			 0.0 			599.728357
g4	 83 	 616.76789 			 0.0 			616.76789
g4	 84 	 579.247686 			 0.0 			579.247686
g4	 85 	 415.584371 			 0.0 			415.584371
g4	 86 	 398.628661 			 0.0 			398.628661
g4	 87 	 398.628661 			 0.0 			398.628661
g4	 88 	 419.361666 			 0.0 			419.361666
g4	 89 	 398.628661 			 0.0 			398.628661
g4	 90 	 398.628661 			 0.0 			398.628661
g4	 91 	 398.628661 			 0.0 			398.628661
g4	 92 	 398.628661 			 0.0 			398.628661
g4	 93 	 0.0 			 0.0 			0.0
g4	 94 	 0.0 			 0.0 			0.0
g4	 95 	 0.0 			 0.0 			0.0
g4	 96 	 0.0 			 0.0 			0.0
----------------------------------------------------------------------------------------------------
g5	 1 	 0.0 			 0.0 			0.0
g5	 2 	 0.0 			 0.0 			0.0
g5	 3 	 0.0 			 0.0 			0.0
g5	 4 	 0.0 			 0.0 			0.0
g5	 5 	 348.846531 			 6821.79 			7170.636531
g5	 6 	 348.846531 			 0.0 			348.846531
g5	 7 	 348.846531 			 0.0 			348.846531
g5	 8 	 348.846531 			 0.0 			348.846531
g5	 9 	 348.846531 			 0.0 			348.846531
g5	 10 	 348.846531 			 0.0 			348.846531
g5	 11 	 348.846531 			 0.0 			348.846531
g5	 12 	 348.846531 			 0.0 			348.846531
g5	 13 	 348.846531 			 0.0 			348.846531
g5	 14 	 348.846531 			 0.0 			348.846531
g5	 15 	 348.846531 			 0.0 			348.846531
g5	 16 	 348.846531 			 0.0 			348.846531
g5	 17 	 348.846531 			 0.0 			348.846531
g5	 18 	 348.846531 			 0.0 			348.846531
g5	 19 	 348.846531 			 0.0 			348.846531
g5	 20 	 348.846531 			 0.0 			348.846531
g5	 21 	 348.846531 			 0.0 			348.846531
g5	 22 	 348.846531 			 0.0 			348.846531
g5	 23 	 348.846531 			 0.0 			348.846531
g5	 24 	 348.846531 			 0.0 			348.846531
g5	 25 	 348.846531 			 0.0 			348.846531
g5	 26 	 348.846531 			 0.0 			348.846531
g5	 27 	 348.846531 			 0.0 			348.846531
g5	 28 	 348.846531 			 0.0 			348.846531
g5	 29 	 348.846531 			 0.0 			348.846531
g5	 30 	 348.846531 			 0.0 			348.846531
g5	 31 	 348.846531 			 0.0 			348.846531
g5	 32 	 348.846531 			 0.0 			348.846531
g5	 33 	 348.846531 			 0.0 			348.846531
g5	 34 	 348.846531 			 0.0 			348.846531
g5	 35 	 348.846531 			 0.0 			348.846531
g5	 36 	 348.846531 			 0.0 			348.846531
g5	 37 	 348.846531 			 0.0 			348.846531
g5	 38 	 348.846531 			 0.0 			348.846531
g5	 39 	 348.846531 			 0.0 			348.846531
g5	 40 	 348.846531 			 0.0 			348.846531
g5	 41 	 348.846531 			 0.0 			348.846531
g5	 42 	 348.846531 			 0.0 			348.846531
g5	 43 	 348.846531 			 0.0 			348.846531
g5	 44 	 348.846531 			 0.0 			348.846531
g5	 45 	 348.846531 			 0.0 			348.846531
g5	 46 	 348.846531 			 0.0 			348.846531
g5	 47 	 348.846531 			 0.0 			348.846531
g5	 48 	 348.846531 			 0.0 			348.846531
g5	 49 	 348.846531 			 0.0 			348.846531
g5	 50 	 348.846531 			 0.0 			348.846531
g5	 51 	 348.846531 			 0.0 			348.846531
g5	 52 	 348.846531 			 0.0 			348.846531
g5	 53 	 348.846531 			 0.0 			348.846531
g5	 54 	 348.846531 			 0.0 			348.846531
g5	 55 	 348.846531 			 0.0 			348.846531
g5	 56 	 472.873643 			 0.0 			472.873643
g5	 57 	 476.628262 			 0.0 			476.628262
g5	 58 	 348.846531 			 0.0 			348.846531
g5	 59 	 360.345077 			 0.0 			360.345077
g5	 60 	 348.846531 			 0.0 			348.846531
g5	 61 	 348.846531 			 0.0 			348.846531
g5	 62 	 407.287967 			 0.0 			407.287967
g5	 63 	 348.846531 			 0.0 			348.846531
g5	 64 	 380.636136 			 0.0 			380.636136
g5	 65 	 360.093031 			 0.0 			360.093031
g5	 66 	 525.012582 			 0.0 			525.012582
g5	 67 	 360.093031 			 0.0 			360.093031
g5	 68 	 482.059394 			 0.0 			482.059394
g5	 69 	 403.101288 			 0.0 			403.101288
g5	 70 	 444.120099 			 0.0 			444.120099
g5	 71 	 348.846531 			 0.0 			348.846531
g5	 72 	 348.846531 			 0.0 			348.846531
g5	 73 	 348.846531 			 0.0 			348.846531
g5	 74 	 450.538975 			 0.0 			450.538975
g5	 75 	 348.846531 			 0.0 			348.846531
g5	 76 	 396.725594 			 0.0 			396.725594
g5	 77 	 348.846531 			 0.0 			348.846531
g5	 78 	 348.846531 			 0.0 			348.846531
g5	 79 	 348.846531 			 0.0 			348.846531
g5	 80 	 348.846531 			 0.0 			348.846531
g5	 81 	 348.846531 			 0.0 			348.846531
g5	 82 	 348.846531 			 0.0 			348.846531
g5	 83 	 348.846531 			 0.0 			348.846531
g5	 84 	 440.182707 			 0.0 			440.182707
g5	 85 	 348.846531 			 0.0 			348.846531
g5	 86 	 348.846531 			 0.0 			348.846531
g5	 87 	 348.846531 			 0.0 			348.846531
g5	 88 	 348.846531 			 0.0 			348.846531
g5	 89 	 348.846531 			 0.0 			348.846531
g5	 90 	 348.846531 			 0.0 			348.846531
g5	 91 	 348.846531 			 0.0 			348.846531
g5	 92 	 348.846531 			 0.0 			348.846531
g5	 93 	 348.846531 			 0.0 			348.846531
g5	 94 	 348.846531 			 0.0 			348.846531
g5	 95 	 348.846531 			 0.0 			348.846531
g5	 96 	 348.846531 			 0.0 			348.846531
----------------------------------------------------------------------------------------------------
 
unit 	 generation 	 generation cost 	 start-up cost 	 total cost
----------------------------------------------------------------------------------------------------
g1 	 6739.049602			251197.103768			 0.000000		 251197.103768
g2 	 0.000000			0.000000			 0.000000		 0.000000
g3 	 285.499792			18291.202102			 4595.430000		 22886.632102
g4 	 397.094163			25383.904365			 4827.670000		 30211.574365
g5 	 556.198987			33169.727204			 6821.790000		 39991.517204
----------------------------------------------------------------------------------------------------
 
generation cost 	 start-up cost 		 total cost
----------------------------------------------------------------------------------------------------
328041.9374389996 			 16244.890000000001 			 344286.82743899943
----------------------------------------------------------------------------------------------------
uplift payment for generator g1: 0.0
uplift payment for generator g2: 0.0
uplift payment for generator g3: 9644.005087
uplift payment for generator g4: 12231.411901
uplift payment for generator g5: 14791.241269
 
****************************************************************************************************
 
rtm Systemwide prices
----------------------------------------------------------------------------------------------------
time	 energy 	 up-FRP 	 dw-FRP
----------------------------------------------------------------------------------------------------
1 	 9.614507 		 0.0 		 0.0
2 	 9.614507 		 0.0 		 0.0
3 	 9.614507 		 0.0 		 0.0
4 	 9.614507 		 0.0 		 0.0
5 	 9.408671 		 0.0 		 0.0
6 	 9.408671 		 0.0 		 0.0
7 	 9.408671 		 0.0 		 0.0
8 	 9.408671 		 0.0 		 0.0
9 	 9.408671 		 0.0 		 0.0
10 	 9.408671 		 0.0 		 0.0
11 	 9.408671 		 0.0 		 0.0
12 	 9.408671 		 0.0 		 0.0
13 	 9.408671 		 0.0 		 0.0
14 	 9.408671 		 0.0 		 0.0
15 	 9.408671 		 0.0 		 0.0
16 	 9.408671 		 0.0 		 0.0
17 	 9.408671 		 0.0 		 0.0
18 	 9.408671 		 0.0 		 0.0
19 	 9.408671 		 0.0 		 0.0
20 	 9.408671 		 0.0 		 0.0
21 	 9.408671 		 0.0 		 0.0
22 	 9.408671 		 0.0 		 0.0
23 	 9.408671 		 0.0 		 0.0
24 	 9.408671 		 0.0 		 0.0
25 	 9.408671 		 0.0 		 0.0
26 	 9.408671 		 0.0 		 0.0
27 	 9.408671 		 0.0 		 0.0
28 	 9.408671 		 0.0 		 0.0
29 	 9.408671 		 0.0 		 0.0
30 	 9.408671 		 0.0 		 0.0
31 	 9.408671 		 0.0 		 0.0
32 	 9.408671 		 0.0 		 0.0
33 	 9.408671 		 0.0 		 0.0
34 	 9.614507 		 0.0 		 0.0
35 	 9.614507 		 0.0 		 0.0
36 	 9.614507 		 0.0 		 0.0
37 	 9.614507 		 0.0 		 0.0
38 	 9.614507 		 0.0 		 0.0
39 	 9.614507 		 0.0 		 0.0
40 	 9.614507 		 0.0 		 0.0
41 	 9.614507 		 0.0 		 0.0
42 	 9.614507 		 0.0 		 0.0
43 	 9.614507 		 0.0 		 0.0
44 	 9.614507 		 0.0 		 0.0
45 	 9.614507 		 0.0 		 0.0
46 	 9.614507 		 0.0 		 0.0
47 	 9.614507 		 0.0 		 0.0
48 	 9.614507 		 0.0 		 0.0
49 	 9.614507 		 0.0 		 0.0
50 	 9.614507 		 0.0 		 0.0
51 	 9.614507 		 0.0 		 0.0
52 	 10.824293 		 0.0 		 0.0
53 	 10.824293 		 0.0 		 0.0
54 	 10.824293 		 0.0 		 0.0
55 	 9.614507 		 0.0 		 0.0
56 	 11.022192 		 0.0 		 0.0
57 	 11.022192 		 0.0 		 0.0
58 	 10.824293 		 0.0 		 0.0
59 	 11.022192 		 0.0 		 0.0
60 	 10.824293 		 0.0 		 0.0
61 	 10.824293 		 0.0 		 0.0
62 	 11.022192 		 0.0 		 0.0
63 	 10.824293 		 0.0 		 0.0
64 	 11.022192 		 0.0 		 0.0
65 	 10.824293 		 0.0 		 0.0
66 	 11.862367 		 0.0 		 0.0
67 	 10.379916 		 0.0 		 0.0
68 	 11.022192 		 0.0 		 0.0
69 	 11.022192 		 0.0 		 0.0
70 	 11.022192 		 0.0 		 0.0
71 	 10.824293 		 0.0 		 0.0
72 	 10.824293 		 0.0 		 0.0
73 	 10.824293 		 0.0 		 0.0
74 	 11.022192 		 0.0 		 0.0
75 	 9.614507 		 0.0 		 0.0
76 	 11.022192 		 0.0 		 0.0
77 	 9.614507 		 0.0 		 0.0
78 	 10.824293 		 0.0 		 0.0
79 	 9.614507 		 0.0 		 0.0
80 	 10.824293 		 0.0 		 0.0
81 	 10.824293 		 0.0 		 0.0
82 	 10.824293 		 0.0 		 0.0
83 	 10.824293 		 0.0 		 0.0
84 	 11.022192 		 0.0 		 0.0
85 	 10.626394 		 0.0 		 0.0
86 	 9.614507 		 0.0 		 0.0
87 	 9.614507 		 0.0 		 0.0
88 	 10.824293 		 0.0 		 0.0
89 	 9.614507 		 0.0 		 0.0
90 	 9.614507 		 0.0 		 0.0
91 	 9.614507 		 0.0 		 0.0
92 	 9.614507 		 0.0 		 0.0
93 	 9.614507 		 0.0 		 0.0
94 	 9.614507 		 0.0 		 0.0
95 	 9.614507 		 0.0 		 0.0
96 	 9.614507 		 0.0 		 0.0
 
****************************************************************************************************
 
rtm Post-uplift payments
----------------------------------------------------------------------------------------------------------------------------------------------------
unit 	 generation payment 	 up-FRP payment 	 dw-FRP payment 	pre-up t. payment 	 uplift payments 	 post-up t. payment 	 profit
----------------------------------------------------------------------------------------------------------------------------------------------------
 g1 	 16370.724580			 0.000000			 0.000000			 16370.724580			 0.000000			 16370.724580		 37709.276758
 g2 	 0.000000			 0.000000			 0.000000			 0.000000			 0.000000			 0.000000		 0.000000
 g3 	 798.629200			 0.000000			 0.000000			 798.629200			 9644.005087			 10442.634287		 0.000000
 g4 	 134.078050			 0.000000			 0.000000			 134.078050			 12231.411901			 12365.489951		 0.000000
 g5 	 2743.447413			 0.000000			 0.000000			 2743.447413			 14791.241269			 17534.688682		 0.000000
****************************************************************************************************
 
Total generator payments
----------------------------------------------------------------------------------------------------------------------------------------------------
unit 	 generation payment 	 up-FRP payment 	 dw-FRP payment 	pre-up t. payment 	 uplift payments 	 post-up t. payment 	 profit
----------------------------------------------------------------------------------------------------------------------------------------------------
 g1 	 288628.278011			 278.102515			 0.000000			 288906.380526			 0.000000			 288906.380526		 37709.276758
 g2 	 0.000000			 0.000000			 0.000000			 0.000000			 0.000000			 0.000000		 0.000000
 g3 	 12722.022639			 520.604376			 0.000000			 13242.627015			 9644.005087			 22886.632102		 0.000000
 g4 	 17397.426476			 582.735988			 0.000000			 17980.162464			 12231.411901			 30211.574365		 0.000000
 g5 	 24614.761230			 585.514705			 0.000000			 25200.275935			 14791.241269			 39991.517204		 -0.000000
 
****************************************************************************************************
 
rtm LMP
----------------------------------------------------------------------------------------------------
bus name 	 time 		 LMP
----------------------------------------------------------------------------------------------------
b1 		 1 		 9.614507
b1 		 2 		 9.614507
b1 		 3 		 9.614507
b1 		 4 		 9.614507
b1 		 5 		 9.408671
b1 		 6 		 9.408671
b1 		 7 		 9.408671
b1 		 8 		 9.408671
b1 		 9 		 9.408671
b1 		 10 		 9.408671
b1 		 11 		 9.408671
b1 		 12 		 9.408671
b1 		 13 		 9.408671
b1 		 14 		 9.408671
b1 		 15 		 9.408671
b1 		 16 		 9.408671
b1 		 17 		 9.408671
b1 		 18 		 9.408671
b1 		 19 		 9.408671
b1 		 20 		 9.408671
b1 		 21 		 9.408671
b1 		 22 		 9.408671
b1 		 23 		 9.408671
b1 		 24 		 9.408671
b1 		 25 		 9.408671
b1 		 26 		 9.408671
b1 		 27 		 9.408671
b1 		 28 		 9.408671
b1 		 29 		 9.408671
b1 		 30 		 9.408671
b1 		 31 		 9.408671
b1 		 32 		 9.408671
b1 		 33 		 9.408671
b1 		 34 		 9.614507
b1 		 35 		 9.614507
b1 		 36 		 9.614507
b1 		 37 		 9.614507
b1 		 38 		 9.614507
b1 		 39 		 9.614507
b1 		 40 		 9.614507
b1 		 41 		 9.614507
b1 		 42 		 9.614507
b1 		 43 		 9.614507
b1 		 44 		 9.614507
b1 		 45 		 9.614507
b1 		 46 		 9.614507
b1 		 47 		 9.614507
b1 		 48 		 9.614507
b1 		 49 		 9.614507
b1 		 50 		 9.614507
b1 		 51 		 9.614507
b1 		 52 		 10.824293
b1 		 53 		 10.824293
b1 		 54 		 10.824293
b1 		 55 		 9.614507
b1 		 56 		 11.022192
b1 		 57 		 11.022192
b1 		 58 		 10.824293
b1 		 59 		 11.022192
b1 		 60 		 10.824293
b1 		 61 		 10.824293
b1 		 62 		 11.022192
b1 		 63 		 10.824293
b1 		 64 		 11.022192
b1 		 65 		 10.824293
b1 		 66 		 11.862367
b1 		 67 		 10.379916
b1 		 68 		 11.022192
b1 		 69 		 11.022192
b1 		 70 		 11.022192
b1 		 71 		 10.824293
b1 		 72 		 10.824293
b1 		 73 		 10.824293
b1 		 74 		 11.022192
b1 		 75 		 9.614507
b1 		 76 		 11.022192
b1 		 77 		 9.614507
b1 		 78 		 10.824293
b1 		 79 		 9.614507
b1 		 80 		 10.824293
b1 		 81 		 10.824293
b1 		 82 		 10.824293
b1 		 83 		 10.824293
b1 		 84 		 11.022192
b1 		 85 		 10.626394
b1 		 86 		 9.614507
b1 		 87 		 9.614507
b1 		 88 		 10.824293
b1 		 89 		 9.614507
b1 		 90 		 9.614507
b1 		 91 		 9.614507
b1 		 92 		 9.614507
b1 		 93 		 9.614507
b1 		 94 		 9.614507
b1 		 95 		 9.614507
b1 		 96 		 9.614507
----------------------------------------------------------------------------------------------------
b2 		 1 		 9.614507
b2 		 2 		 9.614507
b2 		 3 		 9.614507
b2 		 4 		 9.614507
b2 		 5 		 9.408671
b2 		 6 		 9.408671
b2 		 7 		 9.408671
b2 		 8 		 9.408671
b2 		 9 		 9.408671
b2 		 10 		 9.408671
b2 		 11 		 9.408671
b2 		 12 		 9.408671
b2 		 13 		 9.408671
b2 		 14 		 9.408671
b2 		 15 		 9.408671
b2 		 16 		 9.408671
b2 		 17 		 9.408671
b2 		 18 		 9.408671
b2 		 19 		 9.408671
b2 		 20 		 9.408671
b2 		 21 		 9.408671
b2 		 22 		 9.408671
b2 		 23 		 9.408671
b2 		 24 		 9.408671
b2 		 25 		 9.408671
b2 		 26 		 9.408671
b2 		 27 		 9.408671
b2 		 28 		 9.408671
b2 		 29 		 9.408671
b2 		 30 		 9.408671
b2 		 31 		 9.408671
b2 		 32 		 9.408671
b2 		 33 		 9.408671
b2 		 34 		 9.614507
b2 		 35 		 9.614507
b2 		 36 		 9.614507
b2 		 37 		 9.614507
b2 		 38 		 9.614507
b2 		 39 		 9.614507
b2 		 40 		 9.614507
b2 		 41 		 9.614507
b2 		 42 		 9.614507
b2 		 43 		 9.614507
b2 		 44 		 9.614507
b2 		 45 		 9.614507
b2 		 46 		 9.614507
b2 		 47 		 9.614507
b2 		 48 		 9.614507
b2 		 49 		 9.614507
b2 		 50 		 9.614507
b2 		 51 		 9.614507
b2 		 52 		 10.824293
b2 		 53 		 10.824293
b2 		 54 		 10.824293
b2 		 55 		 9.614507
b2 		 56 		 11.022192
b2 		 57 		 11.022192
b2 		 58 		 10.824293
b2 		 59 		 11.022192
b2 		 60 		 10.824293
b2 		 61 		 10.824293
b2 		 62 		 11.022192
b2 		 63 		 10.824293
b2 		 64 		 11.022192
b2 		 65 		 10.824293
b2 		 66 		 11.862367
b2 		 67 		 10.379916
b2 		 68 		 11.022192
b2 		 69 		 11.022192
b2 		 70 		 11.022192
b2 		 71 		 10.824293
b2 		 72 		 10.824293
b2 		 73 		 10.824293
b2 		 74 		 11.022192
b2 		 75 		 9.614507
b2 		 76 		 11.022192
b2 		 77 		 9.614507
b2 		 78 		 10.824293
b2 		 79 		 9.614507
b2 		 80 		 10.824293
b2 		 81 		 10.824293
b2 		 82 		 10.824293
b2 		 83 		 10.824293
b2 		 84 		 11.022192
b2 		 85 		 10.626394
b2 		 86 		 9.614507
b2 		 87 		 9.614507
b2 		 88 		 10.824293
b2 		 89 		 9.614507
b2 		 90 		 9.614507
b2 		 91 		 9.614507
b2 		 92 		 9.614507
b2 		 93 		 9.614507
b2 		 94 		 9.614507
b2 		 95 		 9.614507
b2 		 96 		 9.614507
----------------------------------------------------------------------------------------------------
b3 		 1 		 9.614507
b3 		 2 		 9.614507
b3 		 3 		 9.614507
b3 		 4 		 9.614507
b3 		 5 		 9.408671
b3 		 6 		 9.408671
b3 		 7 		 9.408671
b3 		 8 		 9.408671
b3 		 9 		 9.408671
b3 		 10 		 9.408671
b3 		 11 		 9.408671
b3 		 12 		 9.408671
b3 		 13 		 9.408671
b3 		 14 		 9.408671
b3 		 15 		 9.408671
b3 		 16 		 9.408671
b3 		 17 		 9.408671
b3 		 18 		 9.408671
b3 		 19 		 9.408671
b3 		 20 		 9.408671
b3 		 21 		 9.408671
b3 		 22 		 9.408671
b3 		 23 		 9.408671
b3 		 24 		 9.408671
b3 		 25 		 9.408671
b3 		 26 		 9.408671
b3 		 27 		 9.408671
b3 		 28 		 9.408671
b3 		 29 		 9.408671
b3 		 30 		 9.408671
b3 		 31 		 9.408671
b3 		 32 		 9.408671
b3 		 33 		 9.408671
b3 		 34 		 9.614507
b3 		 35 		 9.614507
b3 		 36 		 9.614507
b3 		 37 		 9.614507
b3 		 38 		 9.614507
b3 		 39 		 9.614507
b3 		 40 		 9.614507
b3 		 41 		 9.614507
b3 		 42 		 9.614507
b3 		 43 		 9.614507
b3 		 44 		 9.614507
b3 		 45 		 9.614507
b3 		 46 		 9.614507
b3 		 47 		 9.614507
b3 		 48 		 9.614507
b3 		 49 		 9.614507
b3 		 50 		 9.614507
b3 		 51 		 9.614507
b3 		 52 		 10.824293
b3 		 53 		 10.824293
b3 		 54 		 10.824293
b3 		 55 		 9.614507
b3 		 56 		 11.022192
b3 		 57 		 11.022192
b3 		 58 		 10.824293
b3 		 59 		 11.022192
b3 		 60 		 10.824293
b3 		 61 		 10.824293
b3 		 62 		 11.022192
b3 		 63 		 10.824293
b3 		 64 		 11.022192
b3 		 65 		 10.824293
b3 		 66 		 11.862367
b3 		 67 		 10.379916
b3 		 68 		 11.022192
b3 		 69 		 11.022192
b3 		 70 		 11.022192
b3 		 71 		 10.824293
b3 		 72 		 10.824293
b3 		 73 		 10.824293
b3 		 74 		 11.022192
b3 		 75 		 9.614507
b3 		 76 		 11.022192
b3 		 77 		 9.614507
b3 		 78 		 10.824293
b3 		 79 		 9.614507
b3 		 80 		 10.824293
b3 		 81 		 10.824293
b3 		 82 		 10.824293
b3 		 83 		 10.824293
b3 		 84 		 11.022192
b3 		 85 		 10.626394
b3 		 86 		 9.614507
b3 		 87 		 9.614507
b3 		 88 		 10.824293
b3 		 89 		 9.614507
b3 		 90 		 9.614507
b3 		 91 		 9.614507
b3 		 92 		 9.614507
b3 		 93 		 9.614507
b3 		 94 		 9.614507
b3 		 95 		 9.614507
b3 		 96 		 9.614507
----------------------------------------------------------------------------------------------------
b4 		 1 		 9.614507
b4 		 2 		 9.614507
b4 		 3 		 9.614507
b4 		 4 		 9.614507
b4 		 5 		 9.408671
b4 		 6 		 9.408671
b4 		 7 		 9.408671
b4 		 8 		 9.408671
b4 		 9 		 9.408671
b4 		 10 		 9.408671
b4 		 11 		 9.408671
b4 		 12 		 9.408671
b4 		 13 		 9.408671
b4 		 14 		 9.408671
b4 		 15 		 9.408671
b4 		 16 		 9.408671
b4 		 17 		 9.408671
b4 		 18 		 9.408671
b4 		 19 		 9.408671
b4 		 20 		 9.408671
b4 		 21 		 9.408671
b4 		 22 		 9.408671
b4 		 23 		 9.408671
b4 		 24 		 9.408671
b4 		 25 		 9.408671
b4 		 26 		 9.408671
b4 		 27 		 9.408671
b4 		 28 		 9.408671
b4 		 29 		 9.408671
b4 		 30 		 9.408671
b4 		 31 		 9.408671
b4 		 32 		 9.408671
b4 		 33 		 9.408671
b4 		 34 		 9.614507
b4 		 35 		 9.614507
b4 		 36 		 9.614507
b4 		 37 		 9.614507
b4 		 38 		 9.614507
b4 		 39 		 9.614507
b4 		 40 		 9.614507
b4 		 41 		 9.614507
b4 		 42 		 9.614507
b4 		 43 		 9.614507
b4 		 44 		 9.614507
b4 		 45 		 9.614507
b4 		 46 		 9.614507
b4 		 47 		 9.614507
b4 		 48 		 9.614507
b4 		 49 		 9.614507
b4 		 50 		 9.614507
b4 		 51 		 9.614507
b4 		 52 		 10.824293
b4 		 53 		 10.824293
b4 		 54 		 10.824293
b4 		 55 		 9.614507
b4 		 56 		 11.022192
b4 		 57 		 11.022192
b4 		 58 		 10.824293
b4 		 59 		 11.022192
b4 		 60 		 10.824293
b4 		 61 		 10.824293
b4 		 62 		 11.022192
b4 		 63 		 10.824293
b4 		 64 		 11.022192
b4 		 65 		 10.824293
b4 		 66 		 11.862367
b4 		 67 		 10.379916
b4 		 68 		 11.022192
b4 		 69 		 11.022192
b4 		 70 		 11.022192
b4 		 71 		 10.824293
b4 		 72 		 10.824293
b4 		 73 		 10.824293
b4 		 74 		 11.022192
b4 		 75 		 9.614507
b4 		 76 		 11.022192
b4 		 77 		 9.614507
b4 		 78 		 10.824293
b4 		 79 		 9.614507
b4 		 80 		 10.824293
b4 		 81 		 10.824293
b4 		 82 		 10.824293
b4 		 83 		 10.824293
b4 		 84 		 11.022192
b4 		 85 		 10.626394
b4 		 86 		 9.614507
b4 		 87 		 9.614507
b4 		 88 		 10.824293
b4 		 89 		 9.614507
b4 		 90 		 9.614507
b4 		 91 		 9.614507
b4 		 92 		 9.614507
b4 		 93 		 9.614507
b4 		 94 		 9.614507
b4 		 95 		 9.614507
b4 		 96 		 9.614507
----------------------------------------------------------------------------------------------------
b5 		 1 		 9.614507
b5 		 2 		 9.614507
b5 		 3 		 9.614507
b5 		 4 		 9.614507
b5 		 5 		 9.408671
b5 		 6 		 9.408671
b5 		 7 		 9.408671
b5 		 8 		 9.408671
b5 		 9 		 9.408671
b5 		 10 		 9.408671
b5 		 11 		 9.408671
b5 		 12 		 9.408671
b5 		 13 		 9.408671
b5 		 14 		 9.408671
b5 		 15 		 9.408671
b5 		 16 		 9.408671
b5 		 17 		 9.408671
b5 		 18 		 9.408671
b5 		 19 		 9.408671
b5 		 20 		 9.408671
b5 		 21 		 9.408671
b5 		 22 		 9.408671
b5 		 23 		 9.408671
b5 		 24 		 9.408671
b5 		 25 		 9.408671
b5 		 26 		 9.408671
b5 		 27 		 9.408671
b5 		 28 		 9.408671
b5 		 29 		 9.408671
b5 		 30 		 9.408671
b5 		 31 		 9.408671
b5 		 32 		 9.408671
b5 		 33 		 9.408671
b5 		 34 		 9.614507
b5 		 35 		 9.614507
b5 		 36 		 9.614507
b5 		 37 		 9.614507
b5 		 38 		 9.614507
b5 		 39 		 9.614507
b5 		 40 		 9.614507
b5 		 41 		 9.614507
b5 		 42 		 9.614507
b5 		 43 		 9.614507
b5 		 44 		 9.614507
b5 		 45 		 9.614507
b5 		 46 		 9.614507
b5 		 47 		 9.614507
b5 		 48 		 9.614507
b5 		 49 		 9.614507
b5 		 50 		 9.614507
b5 		 51 		 9.614507
b5 		 52 		 10.824293
b5 		 53 		 10.824293
b5 		 54 		 10.824293
b5 		 55 		 9.614507
b5 		 56 		 11.022192
b5 		 57 		 11.022192
b5 		 58 		 10.824293
b5 		 59 		 11.022192
b5 		 60 		 10.824293
b5 		 61 		 10.824293
b5 		 62 		 11.022192
b5 		 63 		 10.824293
b5 		 64 		 11.022192
b5 		 65 		 10.824293
b5 		 66 		 11.862367
b5 		 67 		 10.379916
b5 		 68 		 11.022192
b5 		 69 		 11.022192
b5 		 70 		 11.022192
b5 		 71 		 10.824293
b5 		 72 		 10.824293
b5 		 73 		 10.824293
b5 		 74 		 11.022192
b5 		 75 		 9.614507
b5 		 76 		 11.022192
b5 		 77 		 9.614507
b5 		 78 		 10.824293
b5 		 79 		 9.614507
b5 		 80 		 10.824293
b5 		 81 		 10.824293
b5 		 82 		 10.824293
b5 		 83 		 10.824293
b5 		 84 		 11.022192
b5 		 85 		 10.626394
b5 		 86 		 9.614507
b5 		 87 		 9.614507
b5 		 88 		 10.824293
b5 		 89 		 9.614507
b5 		 90 		 9.614507
b5 		 91 		 9.614507
b5 		 92 		 9.614507
b5 		 93 		 9.614507
b5 		 94 		 9.614507
b5 		 95 		 9.614507
b5 		 96 		 9.614507
----------------------------------------------------------------------------------------------------
b6 		 1 		 9.614507
b6 		 2 		 9.614507
b6 		 3 		 9.614507
b6 		 4 		 9.614507
b6 		 5 		 9.408671
b6 		 6 		 9.408671
b6 		 7 		 9.408671
b6 		 8 		 9.408671
b6 		 9 		 9.408671
b6 		 10 		 9.408671
b6 		 11 		 9.408671
b6 		 12 		 9.408671
b6 		 13 		 9.408671
b6 		 14 		 9.408671
b6 		 15 		 9.408671
b6 		 16 		 9.408671
b6 		 17 		 9.408671
b6 		 18 		 9.408671
b6 		 19 		 9.408671
b6 		 20 		 9.408671
b6 		 21 		 9.408671
b6 		 22 		 9.408671
b6 		 23 		 9.408671
b6 		 24 		 9.408671
b6 		 25 		 9.408671
b6 		 26 		 9.408671
b6 		 27 		 9.408671
b6 		 28 		 9.408671
b6 		 29 		 9.408671
b6 		 30 		 9.408671
b6 		 31 		 9.408671
b6 		 32 		 9.408671
b6 		 33 		 9.408671
b6 		 34 		 9.614507
b6 		 35 		 9.614507
b6 		 36 		 9.614507
b6 		 37 		 9.614507
b6 		 38 		 9.614507
b6 		 39 		 9.614507
b6 		 40 		 9.614507
b6 		 41 		 9.614507
b6 		 42 		 9.614507
b6 		 43 		 9.614507
b6 		 44 		 9.614507
b6 		 45 		 9.614507
b6 		 46 		 9.614507
b6 		 47 		 9.614507
b6 		 48 		 9.614507
b6 		 49 		 9.614507
b6 		 50 		 9.614507
b6 		 51 		 9.614507
b6 		 52 		 10.824293
b6 		 53 		 10.824293
b6 		 54 		 10.824293
b6 		 55 		 9.614507
b6 		 56 		 11.022192
b6 		 57 		 11.022192
b6 		 58 		 10.824293
b6 		 59 		 11.022192
b6 		 60 		 10.824293
b6 		 61 		 10.824293
b6 		 62 		 11.022192
b6 		 63 		 10.824293
b6 		 64 		 11.022192
b6 		 65 		 10.824293
b6 		 66 		 11.862367
b6 		 67 		 10.379916
b6 		 68 		 11.022192
b6 		 69 		 11.022192
b6 		 70 		 11.022192
b6 		 71 		 10.824293
b6 		 72 		 10.824293
b6 		 73 		 10.824293
b6 		 74 		 11.022192
b6 		 75 		 9.614507
b6 		 76 		 11.022192
b6 		 77 		 9.614507
b6 		 78 		 10.824293
b6 		 79 		 9.614507
b6 		 80 		 10.824293
b6 		 81 		 10.824293
b6 		 82 		 10.824293
b6 		 83 		 10.824293
b6 		 84 		 11.022192
b6 		 85 		 10.626394
b6 		 86 		 9.614507
b6 		 87 		 9.614507
b6 		 88 		 10.824293
b6 		 89 		 9.614507
b6 		 90 		 9.614507
b6 		 91 		 9.614507
b6 		 92 		 9.614507
b6 		 93 		 9.614507
b6 		 94 		 9.614507
b6 		 95 		 9.614507
b6 		 96 		 9.614507
----------------------------------------------------------------------------------------------------
b7 		 1 		 9.614507
b7 		 2 		 9.614507
b7 		 3 		 9.614507
b7 		 4 		 9.614507
b7 		 5 		 9.408671
b7 		 6 		 9.408671
b7 		 7 		 9.408671
b7 		 8 		 9.408671
b7 		 9 		 9.408671
b7 		 10 		 9.408671
b7 		 11 		 9.408671
b7 		 12 		 9.408671
b7 		 13 		 9.408671
b7 		 14 		 9.408671
b7 		 15 		 9.408671
b7 		 16 		 9.408671
b7 		 17 		 9.408671
b7 		 18 		 9.408671
b7 		 19 		 9.408671
b7 		 20 		 9.408671
b7 		 21 		 9.408671
b7 		 22 		 9.408671
b7 		 23 		 9.408671
b7 		 24 		 9.408671
b7 		 25 		 9.408671
b7 		 26 		 9.408671
b7 		 27 		 9.408671
b7 		 28 		 9.408671
b7 		 29 		 9.408671
b7 		 30 		 9.408671
b7 		 31 		 9.408671
b7 		 32 		 9.408671
b7 		 33 		 9.408671
b7 		 34 		 9.614507
b7 		 35 		 9.614507
b7 		 36 		 9.614507
b7 		 37 		 9.614507
b7 		 38 		 9.614507
b7 		 39 		 9.614507
b7 		 40 		 9.614507
b7 		 41 		 9.614507
b7 		 42 		 9.614507
b7 		 43 		 9.614507
b7 		 44 		 9.614507
b7 		 45 		 9.614507
b7 		 46 		 9.614507
b7 		 47 		 9.614507
b7 		 48 		 9.614507
b7 		 49 		 9.614507
b7 		 50 		 9.614507
b7 		 51 		 9.614507
b7 		 52 		 10.824293
b7 		 53 		 10.824293
b7 		 54 		 10.824293
b7 		 55 		 9.614507
b7 		 56 		 11.022192
b7 		 57 		 11.022192
b7 		 58 		 10.824293
b7 		 59 		 11.022192
b7 		 60 		 10.824293
b7 		 61 		 10.824293
b7 		 62 		 11.022192
b7 		 63 		 10.824293
b7 		 64 		 11.022192
b7 		 65 		 10.824293
b7 		 66 		 11.862367
b7 		 67 		 10.379916
b7 		 68 		 11.022192
b7 		 69 		 11.022192
b7 		 70 		 11.022192
b7 		 71 		 10.824293
b7 		 72 		 10.824293
b7 		 73 		 10.824293
b7 		 74 		 11.022192
b7 		 75 		 9.614507
b7 		 76 		 11.022192
b7 		 77 		 9.614507
b7 		 78 		 10.824293
b7 		 79 		 9.614507
b7 		 80 		 10.824293
b7 		 81 		 10.824293
b7 		 82 		 10.824293
b7 		 83 		 10.824293
b7 		 84 		 11.022192
b7 		 85 		 10.626394
b7 		 86 		 9.614507
b7 		 87 		 9.614507
b7 		 88 		 10.824293
b7 		 89 		 9.614507
b7 		 90 		 9.614507
b7 		 91 		 9.614507
b7 		 92 		 9.614507
b7 		 93 		 9.614507
b7 		 94 		 9.614507
b7 		 95 		 9.614507
b7 		 96 		 9.614507
----------------------------------------------------------------------------------------------------
b8 		 1 		 9.614507
b8 		 2 		 9.614507
b8 		 3 		 9.614507
b8 		 4 		 9.614507
b8 		 5 		 9.408671
b8 		 6 		 9.408671
b8 		 7 		 9.408671
b8 		 8 		 9.408671
b8 		 9 		 9.408671
b8 		 10 		 9.408671
b8 		 11 		 9.408671
b8 		 12 		 9.408671
b8 		 13 		 9.408671
b8 		 14 		 9.408671
b8 		 15 		 9.408671
b8 		 16 		 9.408671
b8 		 17 		 9.408671
b8 		 18 		 9.408671
b8 		 19 		 9.408671
b8 		 20 		 9.408671
b8 		 21 		 9.408671
b8 		 22 		 9.408671
b8 		 23 		 9.408671
b8 		 24 		 9.408671
b8 		 25 		 9.408671
b8 		 26 		 9.408671
b8 		 27 		 9.408671
b8 		 28 		 9.408671
b8 		 29 		 9.408671
b8 		 30 		 9.408671
b8 		 31 		 9.408671
b8 		 32 		 9.408671
b8 		 33 		 9.408671
b8 		 34 		 9.614507
b8 		 35 		 9.614507
b8 		 36 		 9.614507
b8 		 37 		 9.614507
b8 		 38 		 9.614507
b8 		 39 		 9.614507
b8 		 40 		 9.614507
b8 		 41 		 9.614507
b8 		 42 		 9.614507
b8 		 43 		 9.614507
b8 		 44 		 9.614507
b8 		 45 		 9.614507
b8 		 46 		 9.614507
b8 		 47 		 9.614507
b8 		 48 		 9.614507
b8 		 49 		 9.614507
b8 		 50 		 9.614507
b8 		 51 		 9.614507
b8 		 52 		 10.824293
b8 		 53 		 10.824293
b8 		 54 		 10.824293
b8 		 55 		 9.614507
b8 		 56 		 11.022192
b8 		 57 		 11.022192
b8 		 58 		 10.824293
b8 		 59 		 11.022192
b8 		 60 		 10.824293
b8 		 61 		 10.824293
b8 		 62 		 11.022192
b8 		 63 		 10.824293
b8 		 64 		 11.022192
b8 		 65 		 10.824293
b8 		 66 		 11.862367
b8 		 67 		 10.379916
b8 		 68 		 11.022192
b8 		 69 		 11.022192
b8 		 70 		 11.022192
b8 		 71 		 10.824293
b8 		 72 		 10.824293
b8 		 73 		 10.824293
b8 		 74 		 11.022192
b8 		 75 		 9.614507
b8 		 76 		 11.022192
b8 		 77 		 9.614507
b8 		 78 		 10.824293
b8 		 79 		 9.614507
b8 		 80 		 10.824293
b8 		 81 		 10.824293
b8 		 82 		 10.824293
b8 		 83 		 10.824293
b8 		 84 		 11.022192
b8 		 85 		 10.626394
b8 		 86 		 9.614507
b8 		 87 		 9.614507
b8 		 88 		 10.824293
b8 		 89 		 9.614507
b8 		 90 		 9.614507
b8 		 91 		 9.614507
b8 		 92 		 9.614507
b8 		 93 		 9.614507
b8 		 94 		 9.614507
b8 		 95 		 9.614507
b8 		 96 		 9.614507
----------------------------------------------------------------------------------------------------
b9 		 1 		 9.614507
b9 		 2 		 9.614507
b9 		 3 		 9.614507
b9 		 4 		 9.614507
b9 		 5 		 9.408671
b9 		 6 		 9.408671
b9 		 7 		 9.408671
b9 		 8 		 9.408671
b9 		 9 		 9.408671
b9 		 10 		 9.408671
b9 		 11 		 9.408671
b9 		 12 		 9.408671
b9 		 13 		 9.408671
b9 		 14 		 9.408671
b9 		 15 		 9.408671
b9 		 16 		 9.408671
b9 		 17 		 9.408671
b9 		 18 		 9.408671
b9 		 19 		 9.408671
b9 		 20 		 9.408671
b9 		 21 		 9.408671
b9 		 22 		 9.408671
b9 		 23 		 9.408671
b9 		 24 		 9.408671
b9 		 25 		 9.408671
b9 		 26 		 9.408671
b9 		 27 		 9.408671
b9 		 28 		 9.408671
b9 		 29 		 9.408671
b9 		 30 		 9.408671
b9 		 31 		 9.408671
b9 		 32 		 9.408671
b9 		 33 		 9.408671
b9 		 34 		 9.614507
b9 		 35 		 9.614507
b9 		 36 		 9.614507
b9 		 37 		 9.614507
b9 		 38 		 9.614507
b9 		 39 		 9.614507
b9 		 40 		 9.614507
b9 		 41 		 9.614507
b9 		 42 		 9.614507
b9 		 43 		 9.614507
b9 		 44 		 9.614507
b9 		 45 		 9.614507
b9 		 46 		 9.614507
b9 		 47 		 9.614507
b9 		 48 		 9.614507
b9 		 49 		 9.614507
b9 		 50 		 9.614507
b9 		 51 		 9.614507
b9 		 52 		 10.824293
b9 		 53 		 10.824293
b9 		 54 		 10.824293
b9 		 55 		 9.614507
b9 		 56 		 11.022192
b9 		 57 		 11.022192
b9 		 58 		 10.824293
b9 		 59 		 11.022192
b9 		 60 		 10.824293
b9 		 61 		 10.824293
b9 		 62 		 11.022192
b9 		 63 		 10.824293
b9 		 64 		 11.022192
b9 		 65 		 10.824293
b9 		 66 		 11.862367
b9 		 67 		 10.379916
b9 		 68 		 11.022192
b9 		 69 		 11.022192
b9 		 70 		 11.022192
b9 		 71 		 10.824293
b9 		 72 		 10.824293
b9 		 73 		 10.824293
b9 		 74 		 11.022192
b9 		 75 		 9.614507
b9 		 76 		 11.022192
b9 		 77 		 9.614507
b9 		 78 		 10.824293
b9 		 79 		 9.614507
b9 		 80 		 10.824293
b9 		 81 		 10.824293
b9 		 82 		 10.824293
b9 		 83 		 10.824293
b9 		 84 		 11.022192
b9 		 85 		 10.626394
b9 		 86 		 9.614507
b9 		 87 		 9.614507
b9 		 88 		 10.824293
b9 		 89 		 9.614507
b9 		 90 		 9.614507
b9 		 91 		 9.614507
b9 		 92 		 9.614507
b9 		 93 		 9.614507
b9 		 94 		 9.614507
b9 		 95 		 9.614507
b9 		 96 		 9.614507
----------------------------------------------------------------------------------------------------
b10 		 1 		 9.614507
b10 		 2 		 9.614507
b10 		 3 		 9.614507
b10 		 4 		 9.614507
b10 		 5 		 9.408671
b10 		 6 		 9.408671
b10 		 7 		 9.408671
b10 		 8 		 9.408671
b10 		 9 		 9.408671
b10 		 10 		 9.408671
b10 		 11 		 9.408671
b10 		 12 		 9.408671
b10 		 13 		 9.408671
b10 		 14 		 9.408671
b10 		 15 		 9.408671
b10 		 16 		 9.408671
b10 		 17 		 9.408671
b10 		 18 		 9.408671
b10 		 19 		 9.408671
b10 		 20 		 9.408671
b10 		 21 		 9.408671
b10 		 22 		 9.408671
b10 		 23 		 9.408671
b10 		 24 		 9.408671
b10 		 25 		 9.408671
b10 		 26 		 9.408671
b10 		 27 		 9.408671
b10 		 28 		 9.408671
b10 		 29 		 9.408671
b10 		 30 		 9.408671
b10 		 31 		 9.408671
b10 		 32 		 9.408671
b10 		 33 		 9.408671
b10 		 34 		 9.614507
b10 		 35 		 9.614507
b10 		 36 		 9.614507
b10 		 37 		 9.614507
b10 		 38 		 9.614507
b10 		 39 		 9.614507
b10 		 40 		 9.614507
b10 		 41 		 9.614507
b10 		 42 		 9.614507
b10 		 43 		 9.614507
b10 		 44 		 9.614507
b10 		 45 		 9.614507
b10 		 46 		 9.614507
b10 		 47 		 9.614507
b10 		 48 		 9.614507
b10 		 49 		 9.614507
b10 		 50 		 9.614507
b10 		 51 		 9.614507
b10 		 52 		 10.824293
b10 		 53 		 10.824293
b10 		 54 		 10.824293
b10 		 55 		 9.614507
b10 		 56 		 11.022192
b10 		 57 		 11.022192
b10 		 58 		 10.824293
b10 		 59 		 11.022192
b10 		 60 		 10.824293
b10 		 61 		 10.824293
b10 		 62 		 11.022192
b10 		 63 		 10.824293
b10 		 64 		 11.022192
b10 		 65 		 10.824293
b10 		 66 		 11.862367
b10 		 67 		 10.379916
b10 		 68 		 11.022192
b10 		 69 		 11.022192
b10 		 70 		 11.022192
b10 		 71 		 10.824293
b10 		 72 		 10.824293
b10 		 73 		 10.824293
b10 		 74 		 11.022192
b10 		 75 		 9.614507
b10 		 76 		 11.022192
b10 		 77 		 9.614507
b10 		 78 		 10.824293
b10 		 79 		 9.614507
b10 		 80 		 10.824293
b10 		 81 		 10.824293
b10 		 82 		 10.824293
b10 		 83 		 10.824293
b10 		 84 		 11.022192
b10 		 85 		 10.626394
b10 		 86 		 9.614507
b10 		 87 		 9.614507
b10 		 88 		 10.824293
b10 		 89 		 9.614507
b10 		 90 		 9.614507
b10 		 91 		 9.614507
b10 		 92 		 9.614507
b10 		 93 		 9.614507
b10 		 94 		 9.614507
b10 		 95 		 9.614507
b10 		 96 		 9.614507
----------------------------------------------------------------------------------------------------
b11 		 1 		 9.614507
b11 		 2 		 9.614507
b11 		 3 		 9.614507
b11 		 4 		 9.614507
b11 		 5 		 9.408671
b11 		 6 		 9.408671
b11 		 7 		 9.408671
b11 		 8 		 9.408671
b11 		 9 		 9.408671
b11 		 10 		 9.408671
b11 		 11 		 9.408671
b11 		 12 		 9.408671
b11 		 13 		 9.408671
b11 		 14 		 9.408671
b11 		 15 		 9.408671
b11 		 16 		 9.408671
b11 		 17 		 9.408671
b11 		 18 		 9.408671
b11 		 19 		 9.408671
b11 		 20 		 9.408671
b11 		 21 		 9.408671
b11 		 22 		 9.408671
b11 		 23 		 9.408671
b11 		 24 		 9.408671
b11 		 25 		 9.408671
b11 		 26 		 9.408671
b11 		 27 		 9.408671
b11 		 28 		 9.408671
b11 		 29 		 9.408671
b11 		 30 		 9.408671
b11 		 31 		 9.408671
b11 		 32 		 9.408671
b11 		 33 		 9.408671
b11 		 34 		 9.614507
b11 		 35 		 9.614507
b11 		 36 		 9.614507
b11 		 37 		 9.614507
b11 		 38 		 9.614507
b11 		 39 		 9.614507
b11 		 40 		 9.614507
b11 		 41 		 9.614507
b11 		 42 		 9.614507
b11 		 43 		 9.614507
b11 		 44 		 9.614507
b11 		 45 		 9.614507
b11 		 46 		 9.614507
b11 		 47 		 9.614507
b11 		 48 		 9.614507
b11 		 49 		 9.614507
b11 		 50 		 9.614507
b11 		 51 		 9.614507
b11 		 52 		 10.824293
b11 		 53 		 10.824293
b11 		 54 		 10.824293
b11 		 55 		 9.614507
b11 		 56 		 11.022192
b11 		 57 		 11.022192
b11 		 58 		 10.824293
b11 		 59 		 11.022192
b11 		 60 		 10.824293
b11 		 61 		 10.824293
b11 		 62 		 11.022192
b11 		 63 		 10.824293
b11 		 64 		 11.022192
b11 		 65 		 10.824293
b11 		 66 		 11.862367
b11 		 67 		 10.379916
b11 		 68 		 11.022192
b11 		 69 		 11.022192
b11 		 70 		 11.022192
b11 		 71 		 10.824293
b11 		 72 		 10.824293
b11 		 73 		 10.824293
b11 		 74 		 11.022192
b11 		 75 		 9.614507
b11 		 76 		 11.022192
b11 		 77 		 9.614507
b11 		 78 		 10.824293
b11 		 79 		 9.614507
b11 		 80 		 10.824293
b11 		 81 		 10.824293
b11 		 82 		 10.824293
b11 		 83 		 10.824293
b11 		 84 		 11.022192
b11 		 85 		 10.626394
b11 		 86 		 9.614507
b11 		 87 		 9.614507
b11 		 88 		 10.824293
b11 		 89 		 9.614507
b11 		 90 		 9.614507
b11 		 91 		 9.614507
b11 		 92 		 9.614507
b11 		 93 		 9.614507
b11 		 94 		 9.614507
b11 		 95 		 9.614507
b11 		 96 		 9.614507
----------------------------------------------------------------------------------------------------
b12 		 1 		 9.614507
b12 		 2 		 9.614507
b12 		 3 		 9.614507
b12 		 4 		 9.614507
b12 		 5 		 9.408671
b12 		 6 		 9.408671
b12 		 7 		 9.408671
b12 		 8 		 9.408671
b12 		 9 		 9.408671
b12 		 10 		 9.408671
b12 		 11 		 9.408671
b12 		 12 		 9.408671
b12 		 13 		 9.408671
b12 		 14 		 9.408671
b12 		 15 		 9.408671
b12 		 16 		 9.408671
b12 		 17 		 9.408671
b12 		 18 		 9.408671
b12 		 19 		 9.408671
b12 		 20 		 9.408671
b12 		 21 		 9.408671
b12 		 22 		 9.408671
b12 		 23 		 9.408671
b12 		 24 		 9.408671
b12 		 25 		 9.408671
b12 		 26 		 9.408671
b12 		 27 		 9.408671
b12 		 28 		 9.408671
b12 		 29 		 9.408671
b12 		 30 		 9.408671
b12 		 31 		 9.408671
b12 		 32 		 9.408671
b12 		 33 		 9.408671
b12 		 34 		 9.614507
b12 		 35 		 9.614507
b12 		 36 		 9.614507
b12 		 37 		 9.614507
b12 		 38 		 9.614507
b12 		 39 		 9.614507
b12 		 40 		 9.614507
b12 		 41 		 9.614507
b12 		 42 		 9.614507
b12 		 43 		 9.614507
b12 		 44 		 9.614507
b12 		 45 		 9.614507
b12 		 46 		 9.614507
b12 		 47 		 9.614507
b12 		 48 		 9.614507
b12 		 49 		 9.614507
b12 		 50 		 9.614507
b12 		 51 		 9.614507
b12 		 52 		 10.824293
b12 		 53 		 10.824293
b12 		 54 		 10.824293
b12 		 55 		 9.614507
b12 		 56 		 11.022192
b12 		 57 		 11.022192
b12 		 58 		 10.824293
b12 		 59 		 11.022192
b12 		 60 		 10.824293
b12 		 61 		 10.824293
b12 		 62 		 11.022192
b12 		 63 		 10.824293
b12 		 64 		 11.022192
b12 		 65 		 10.824293
b12 		 66 		 11.862367
b12 		 67 		 10.379916
b12 		 68 		 11.022192
b12 		 69 		 11.022192
b12 		 70 		 11.022192
b12 		 71 		 10.824293
b12 		 72 		 10.824293
b12 		 73 		 10.824293
b12 		 74 		 11.022192
b12 		 75 		 9.614507
b12 		 76 		 11.022192
b12 		 77 		 9.614507
b12 		 78 		 10.824293
b12 		 79 		 9.614507
b12 		 80 		 10.824293
b12 		 81 		 10.824293
b12 		 82 		 10.824293
b12 		 83 		 10.824293
b12 		 84 		 11.022192
b12 		 85 		 10.626394
b12 		 86 		 9.614507
b12 		 87 		 9.614507
b12 		 88 		 10.824293
b12 		 89 		 9.614507
b12 		 90 		 9.614507
b12 		 91 		 9.614507
b12 		 92 		 9.614507
b12 		 93 		 9.614507
b12 		 94 		 9.614507
b12 		 95 		 9.614507
b12 		 96 		 9.614507
----------------------------------------------------------------------------------------------------
b13 		 1 		 9.614507
b13 		 2 		 9.614507
b13 		 3 		 9.614507
b13 		 4 		 9.614507
b13 		 5 		 9.408671
b13 		 6 		 9.408671
b13 		 7 		 9.408671
b13 		 8 		 9.408671
b13 		 9 		 9.408671
b13 		 10 		 9.408671
b13 		 11 		 9.408671
b13 		 12 		 9.408671
b13 		 13 		 9.408671
b13 		 14 		 9.408671
b13 		 15 		 9.408671
b13 		 16 		 9.408671
b13 		 17 		 9.408671
b13 		 18 		 9.408671
b13 		 19 		 9.408671
b13 		 20 		 9.408671
b13 		 21 		 9.408671
b13 		 22 		 9.408671
b13 		 23 		 9.408671
b13 		 24 		 9.408671
b13 		 25 		 9.408671
b13 		 26 		 9.408671
b13 		 27 		 9.408671
b13 		 28 		 9.408671
b13 		 29 		 9.408671
b13 		 30 		 9.408671
b13 		 31 		 9.408671
b13 		 32 		 9.408671
b13 		 33 		 9.408671
b13 		 34 		 9.614507
b13 		 35 		 9.614507
b13 		 36 		 9.614507
b13 		 37 		 9.614507
b13 		 38 		 9.614507
b13 		 39 		 9.614507
b13 		 40 		 9.614507
b13 		 41 		 9.614507
b13 		 42 		 9.614507
b13 		 43 		 9.614507
b13 		 44 		 9.614507
b13 		 45 		 9.614507
b13 		 46 		 9.614507
b13 		 47 		 9.614507
b13 		 48 		 9.614507
b13 		 49 		 9.614507
b13 		 50 		 9.614507
b13 		 51 		 9.614507
b13 		 52 		 10.824293
b13 		 53 		 10.824293
b13 		 54 		 10.824293
b13 		 55 		 9.614507
b13 		 56 		 11.022192
b13 		 57 		 11.022192
b13 		 58 		 10.824293
b13 		 59 		 11.022192
b13 		 60 		 10.824293
b13 		 61 		 10.824293
b13 		 62 		 11.022192
b13 		 63 		 10.824293
b13 		 64 		 11.022192
b13 		 65 		 10.824293
b13 		 66 		 11.862367
b13 		 67 		 10.379916
b13 		 68 		 11.022192
b13 		 69 		 11.022192
b13 		 70 		 11.022192
b13 		 71 		 10.824293
b13 		 72 		 10.824293
b13 		 73 		 10.824293
b13 		 74 		 11.022192
b13 		 75 		 9.614507
b13 		 76 		 11.022192
b13 		 77 		 9.614507
b13 		 78 		 10.824293
b13 		 79 		 9.614507
b13 		 80 		 10.824293
b13 		 81 		 10.824293
b13 		 82 		 10.824293
b13 		 83 		 10.824293
b13 		 84 		 11.022192
b13 		 85 		 10.626394
b13 		 86 		 9.614507
b13 		 87 		 9.614507
b13 		 88 		 10.824293
b13 		 89 		 9.614507
b13 		 90 		 9.614507
b13 		 91 		 9.614507
b13 		 92 		 9.614507
b13 		 93 		 9.614507
b13 		 94 		 9.614507
b13 		 95 		 9.614507
b13 		 96 		 9.614507
----------------------------------------------------------------------------------------------------
b14 		 1 		 9.614507
b14 		 2 		 9.614507
b14 		 3 		 9.614507
b14 		 4 		 9.614507
b14 		 5 		 9.408671
b14 		 6 		 9.408671
b14 		 7 		 9.408671
b14 		 8 		 9.408671
b14 		 9 		 9.408671
b14 		 10 		 9.408671
b14 		 11 		 9.408671
b14 		 12 		 9.408671
b14 		 13 		 9.408671
b14 		 14 		 9.408671
b14 		 15 		 9.408671
b14 		 16 		 9.408671
b14 		 17 		 9.408671
b14 		 18 		 9.408671
b14 		 19 		 9.408671
b14 		 20 		 9.408671
b14 		 21 		 9.408671
b14 		 22 		 9.408671
b14 		 23 		 9.408671
b14 		 24 		 9.408671
b14 		 25 		 9.408671
b14 		 26 		 9.408671
b14 		 27 		 9.408671
b14 		 28 		 9.408671
b14 		 29 		 9.408671
b14 		 30 		 9.408671
b14 		 31 		 9.408671
b14 		 32 		 9.408671
b14 		 33 		 9.408671
b14 		 34 		 9.614507
b14 		 35 		 9.614507
b14 		 36 		 9.614507
b14 		 37 		 9.614507
b14 		 38 		 9.614507
b14 		 39 		 9.614507
b14 		 40 		 9.614507
b14 		 41 		 9.614507
b14 		 42 		 9.614507
b14 		 43 		 9.614507
b14 		 44 		 9.614507
b14 		 45 		 9.614507
b14 		 46 		 9.614507
b14 		 47 		 9.614507
b14 		 48 		 9.614507
b14 		 49 		 9.614507
b14 		 50 		 9.614507
b14 		 51 		 9.614507
b14 		 52 		 10.824293
b14 		 53 		 10.824293
b14 		 54 		 10.824293
b14 		 55 		 9.614507
b14 		 56 		 11.022192
b14 		 57 		 11.022192
b14 		 58 		 10.824293
b14 		 59 		 11.022192
b14 		 60 		 10.824293
b14 		 61 		 10.824293
b14 		 62 		 11.022192
b14 		 63 		 10.824293
b14 		 64 		 11.022192
b14 		 65 		 10.824293
b14 		 66 		 11.862367
b14 		 67 		 10.379916
b14 		 68 		 11.022192
b14 		 69 		 11.022192
b14 		 70 		 11.022192
b14 		 71 		 10.824293
b14 		 72 		 10.824293
b14 		 73 		 10.824293
b14 		 74 		 11.022192
b14 		 75 		 9.614507
b14 		 76 		 11.022192
b14 		 77 		 9.614507
b14 		 78 		 10.824293
b14 		 79 		 9.614507
b14 		 80 		 10.824293
b14 		 81 		 10.824293
b14 		 82 		 10.824293
b14 		 83 		 10.824293
b14 		 84 		 11.022192
b14 		 85 		 10.626394
b14 		 86 		 9.614507
b14 		 87 		 9.614507
b14 		 88 		 10.824293
b14 		 89 		 9.614507
b14 		 90 		 9.614507
b14 		 91 		 9.614507
b14 		 92 		 9.614507
b14 		 93 		 9.614507
b14 		 94 		 9.614507
b14 		 95 		 9.614507
b14 		 96 		 9.614507
----------------------------------------------------------------------------------------------------
Total overall payments
----------------------------------------------------------------------------------------------------------------------------------------------------
total generation payment 	 total up-FRP payment 	 total dw-FRP payment 	 total pre-up t. payment 	 uplift payment 	 total post-up t. payment 	 profit
----------------------------------------------------------------------------------------------------------------------------------------------------
343362.488356 			 1966.9575840000002 			 0.0 			 345329.44594			 36666.658256999996 			 381996.104197 			 37709.27675800002
