****************************************************************************************************
 
Generation payment
----------------------------------------------------------------------------------------------------------------
unit	 time 	 generation payment 	 up-FRP payment 	 dw-FRP payment 	pre-up total payment
----------------------------------------------------------------------------------------------------------------
g1	 1 	 159.555003 			 0.0 			 0.0			 159.555003 
g1	 2 	 74.887743 			 0.0 			 0.0			 74.887743 
g1	 3 	 139.49644 			 0.0 			 0.0			 139.49644 
g1	 4 	 177.020861 			 0.0 			 0.0			 177.020861 
g1	 5 	 220.21146 			 0.0 			 0.0			 220.21146 
g1	 6 	 98.187075 			 0.0 			 0.0			 98.187075 
g1	 7 	 149.292614 			 0.0 			 0.0			 149.292614 
g1	 8 	 217.436476 			 0.0 			 0.0			 217.436476 
g1	 9 	 215.935934 			 0.0 			 0.0			 215.935934 
g1	 10 	 223.307373 			 0.0 			 0.0			 223.307373 
g1	 11 	 103.28076 			 0.0 			 0.0			 103.28076 
g1	 12 	 145.121675 			 0.0 			 0.0			 145.121675 
g1	 13 	 156.136754 			 0.0 			 0.0			 156.136754 
g1	 14 	 142.831247 			 0.0 			 0.0			 142.831247 
g1	 15 	 133.857689 			 0.0 			 0.0			 133.857689 
g1	 16 	 145.723585 			 0.0 			 0.0			 145.723585 
g1	 17 	 106.289182 			 0.0 			 0.0			 106.289182 
g1	 18 	 175.883964 			 0.0 			 0.0			 175.883964 
g1	 19 	 191.34036 			 0.0 			 0.0			 191.34036 
g1	 20 	 192.728534 			 0.0 			 0.0			 192.728534 
g1	 21 	 170.010846 			 0.0 			 0.0			 170.010846 
g1	 22 	 172.909592 			 0.0 			 0.0			 172.909592 
g1	 23 	 162.41915 			 0.0 			 0.0			 162.41915 
g1	 24 	 97.213663 			 0.0 			 0.0			 97.213663 
g1	 25 	 190.687718 			 0.0 			 0.0			 190.687718 
g1	 26 	 149.79515 			 0.0 			 0.0			 149.79515 
g1	 27 	 121.171536 			 0.0 			 0.0			 121.171536 
g1	 28 	 127.562771 			 0.0 			 0.0			 127.562771 
g1	 29 	 117.168175 			 0.0 			 0.0			 117.168175 
g1	 30 	 225.448824 			 0.0 			 0.0			 225.448824 
g1	 31 	 148.320689 			 0.0 			 0.0			 148.320689 
g1	 32 	 214.143554 			 0.0 			 0.0			 214.143554 
g1	 33 	 196.867453 			 0.0 			 0.0			 196.867453 
g1	 34 	 99.545077 			 0.0 			 0.0			 99.545077 
g1	 35 	 197.679821 			 0.0 			 0.0			 197.679821 
g1	 36 	 128.557611 			 0.0 			 0.0			 128.557611 
g1	 37 	 187.062156 			 0.0 			 0.0			 187.062156 
g1	 38 	 110.678147 			 0.0 			 0.0			 110.678147 
g1	 39 	 168.606629 			 0.0 			 0.0			 168.606629 
g1	 40 	 151.143002 			 0.0 			 0.0			 151.143002 
g1	 41 	 157.033128 			 0.0 			 0.0			 157.033128 
g1	 42 	 213.441046 			 0.0 			 0.0			 213.441046 
g1	 43 	 192.359009 			 0.0 			 0.0			 192.359009 
g1	 44 	 180.626137 			 0.0 			 0.0			 180.626137 
g1	 45 	 203.136073 			 0.0 			 0.0			 203.136073 
g1	 46 	 251.592515 			 0.0 			 0.0			 251.592515 
g1	 47 	 411.798074 			 0.0 			 0.0			 411.798074 
g1	 48 	 226.733967 			 0.0 			 0.0			 226.733967 
g1	 49 	 131.788057 			 0.0 			 0.0			 131.788057 
g1	 50 	 138.453391 			 0.0 			 0.0			 138.453391 
g1	 51 	 56.522148 			 0.0 			 0.0			 56.522148 
g1	 52 	 236.484651 			 0.0 			 0.0			 236.484651 
g1	 53 	 182.942458 			 0.0 			 0.0			 182.942458 
g1	 54 	 182.942458 			 0.0 			 0.0			 182.942458 
g1	 55 	 182.942458 			 0.0 			 0.0			 182.942458 
g1	 56 	 182.942458 			 0.0 			 0.0			 182.942458 
g1	 57 	 182.942458 			 0.0 			 0.0			 182.942458 
g1	 58 	 182.942458 			 0.0 			 0.0			 182.942458 
g1	 59 	 182.942458 			 0.0 			 0.0			 182.942458 
g1	 60 	 179.597748 			 0.0 			 0.0			 179.597748 
g1	 61 	 186.287169 			 0.0 			 0.0			 186.287169 
g1	 62 	 182.942458 			 0.0 			 0.0			 182.942458 
g1	 63 	 186.287169 			 0.0 			 0.0			 186.287169 
g1	 64 	 186.287169 			 0.0 			 0.0			 186.287169 
g1	 65 	 186.287169 			 0.0 			 0.0			 186.287169 
g1	 66 	 186.287169 			 0.0 			 0.0			 186.287169 
g1	 67 	 186.287169 			 0.0 			 0.0			 186.287169 
g1	 68 	 186.287169 			 0.0 			 0.0			 186.287169 
g1	 69 	 182.942458 			 0.0 			 0.0			 182.942458 
g1	 70 	 182.942458 			 0.0 			 0.0			 182.942458 
g1	 71 	 186.287169 			 0.0 			 0.0			 186.287169 
g1	 72 	 186.287169 			 0.0 			 0.0			 186.287169 
g1	 73 	 179.597748 			 0.0 			 0.0			 179.597748 
g1	 74 	 182.942458 			 0.0 			 0.0			 182.942458 
g1	 75 	 182.942458 			 0.0 			 0.0			 182.942458 
g1	 76 	 182.942458 			 0.0 			 0.0			 182.942458 
g1	 77 	 66.805863 			 0.0 			 0.0			 66.805863 
g1	 78 	 125.108176 			 0.0 			 0.0			 125.108176 
g1	 79 	 112.023323 			 0.0 			 0.0			 112.023323 
g1	 80 	 129.061835 			 0.0 			 0.0			 129.061835 
g1	 81 	 186.287169 			 0.0 			 0.0			 186.287169 
g1	 82 	 179.597748 			 0.0 			 0.0			 179.597748 
g1	 83 	 186.287169 			 0.0 			 0.0			 186.287169 
g1	 84 	 186.287169 			 0.0 			 0.0			 186.287169 
g1	 85 	 212.366634 			 0.0 			 0.0			 212.366634 
g1	 86 	 129.72038 			 0.0 			 0.0			 129.72038 
g1	 87 	 285.905158 			 0.0 			 0.0			 285.905158 
g1	 88 	 59.631586 			 0.0 			 0.0			 59.631586 
g1	 89 	 197.716058 			 0.0 			 0.0			 197.716058 
g1	 90 	 101.099204 			 0.0 			 0.0			 101.099204 
g1	 91 	 183.826595 			 0.0 			 0.0			 183.826595 
g1	 92 	 192.964588 			 0.0 			 0.0			 192.964588 
g1	 93 	 185.077914 			 0.0 			 0.0			 185.077914 
g1	 94 	 189.583358 			 0.0 			 0.0			 189.583358 
g1	 95 	 199.85718 			 0.0 			 0.0			 199.85718 
g1	 96 	 94.740044 			 0.0 			 0.0			 94.740044 
----------------------------------------------------------------------------------------------------
g2	 1 	 0.0 			 0.0 			 0.0			 0.0 
g2	 2 	 0.0 			 0.0 			 0.0			 0.0 
g2	 3 	 0.0 			 0.0 			 0.0			 0.0 
g2	 4 	 0.0 			 0.0 			 0.0			 0.0 
g2	 5 	 0.0 			 0.0 			 0.0			 0.0 
g2	 6 	 0.0 			 0.0 			 0.0			 0.0 
g2	 7 	 0.0 			 0.0 			 0.0			 0.0 
g2	 8 	 0.0 			 0.0 			 0.0			 0.0 
g2	 9 	 0.0 			 0.0 			 0.0			 0.0 
g2	 10 	 0.0 			 0.0 			 0.0			 0.0 
g2	 11 	 0.0 			 0.0 			 0.0			 0.0 
g2	 12 	 0.0 			 0.0 			 0.0			 0.0 
g2	 13 	 0.0 			 0.0 			 0.0			 0.0 
g2	 14 	 0.0 			 0.0 			 0.0			 0.0 
g2	 15 	 0.0 			 0.0 			 0.0			 0.0 
g2	 16 	 0.0 			 0.0 			 0.0			 0.0 
g2	 17 	 0.0 			 0.0 			 0.0			 0.0 
g2	 18 	 0.0 			 0.0 			 0.0			 0.0 
g2	 19 	 0.0 			 0.0 			 0.0			 0.0 
g2	 20 	 0.0 			 0.0 			 0.0			 0.0 
g2	 21 	 0.0 			 0.0 			 0.0			 0.0 
g2	 22 	 0.0 			 0.0 			 0.0			 0.0 
g2	 23 	 0.0 			 0.0 			 0.0			 0.0 
g2	 24 	 0.0 			 0.0 			 0.0			 0.0 
g2	 25 	 0.0 			 0.0 			 0.0			 0.0 
g2	 26 	 0.0 			 0.0 			 0.0			 0.0 
g2	 27 	 0.0 			 0.0 			 0.0			 0.0 
g2	 28 	 0.0 			 0.0 			 0.0			 0.0 
g2	 29 	 0.0 			 0.0 			 0.0			 0.0 
g2	 30 	 0.0 			 0.0 			 0.0			 0.0 
g2	 31 	 0.0 			 0.0 			 0.0			 0.0 
g2	 32 	 0.0 			 0.0 			 0.0			 0.0 
g2	 33 	 0.0 			 0.0 			 0.0			 0.0 
g2	 34 	 0.0 			 0.0 			 0.0			 0.0 
g2	 35 	 0.0 			 0.0 			 0.0			 0.0 
g2	 36 	 0.0 			 0.0 			 0.0			 0.0 
g2	 37 	 0.0 			 0.0 			 0.0			 0.0 
g2	 38 	 0.0 			 0.0 			 0.0			 0.0 
g2	 39 	 0.0 			 0.0 			 0.0			 0.0 
g2	 40 	 0.0 			 0.0 			 0.0			 0.0 
g2	 41 	 0.0 			 0.0 			 0.0			 0.0 
g2	 42 	 0.0 			 0.0 			 0.0			 0.0 
g2	 43 	 0.0 			 0.0 			 0.0			 0.0 
g2	 44 	 0.0 			 0.0 			 0.0			 0.0 
g2	 45 	 0.0 			 0.0 			 0.0			 0.0 
g2	 46 	 0.0 			 0.0 			 0.0			 0.0 
g2	 47 	 0.0 			 0.0 			 0.0			 0.0 
g2	 48 	 0.0 			 0.0 			 0.0			 0.0 
g2	 49 	 0.0 			 0.0 			 0.0			 0.0 
g2	 50 	 0.0 			 0.0 			 0.0			 0.0 
g2	 51 	 0.0 			 0.0 			 0.0			 0.0 
g2	 52 	 0.0 			 0.0 			 0.0			 0.0 
g2	 53 	 0.0 			 0.0 			 0.0			 0.0 
g2	 54 	 0.0 			 0.0 			 0.0			 0.0 
g2	 55 	 0.0 			 0.0 			 0.0			 0.0 
g2	 56 	 0.0 			 0.0 			 0.0			 0.0 
g2	 57 	 0.0 			 0.0 			 0.0			 0.0 
g2	 58 	 0.0 			 0.0 			 0.0			 0.0 
g2	 59 	 0.0 			 0.0 			 0.0			 0.0 
g2	 60 	 0.0 			 0.0 			 0.0			 0.0 
g2	 61 	 0.0 			 0.0 			 0.0			 0.0 
g2	 62 	 0.0 			 0.0 			 0.0			 0.0 
g2	 63 	 0.0 			 0.0 			 0.0			 0.0 
g2	 64 	 0.0 			 0.0 			 0.0			 0.0 
g2	 65 	 0.0 			 0.0 			 0.0			 0.0 
g2	 66 	 0.0 			 0.0 			 0.0			 0.0 
g2	 67 	 0.0 			 0.0 			 0.0			 0.0 
g2	 68 	 0.0 			 0.0 			 0.0			 0.0 
g2	 69 	 0.0 			 0.0 			 0.0			 0.0 
g2	 70 	 0.0 			 0.0 			 0.0			 0.0 
g2	 71 	 0.0 			 0.0 			 0.0			 0.0 
g2	 72 	 0.0 			 0.0 			 0.0			 0.0 
g2	 73 	 0.0 			 0.0 			 0.0			 0.0 
g2	 74 	 0.0 			 0.0 			 0.0			 0.0 
g2	 75 	 0.0 			 0.0 			 0.0			 0.0 
g2	 76 	 0.0 			 0.0 			 0.0			 0.0 
g2	 77 	 0.0 			 0.0 			 0.0			 0.0 
g2	 78 	 0.0 			 0.0 			 0.0			 0.0 
g2	 79 	 0.0 			 0.0 			 0.0			 0.0 
g2	 80 	 0.0 			 0.0 			 0.0			 0.0 
g2	 81 	 0.0 			 0.0 			 0.0			 0.0 
g2	 82 	 0.0 			 0.0 			 0.0			 0.0 
g2	 83 	 0.0 			 0.0 			 0.0			 0.0 
g2	 84 	 0.0 			 0.0 			 0.0			 0.0 
g2	 85 	 0.0 			 0.0 			 0.0			 0.0 
g2	 86 	 0.0 			 0.0 			 0.0			 0.0 
g2	 87 	 0.0 			 0.0 			 0.0			 0.0 
g2	 88 	 0.0 			 0.0 			 0.0			 0.0 
g2	 89 	 0.0 			 0.0 			 0.0			 0.0 
g2	 90 	 0.0 			 0.0 			 0.0			 0.0 
g2	 91 	 0.0 			 0.0 			 0.0			 0.0 
g2	 92 	 0.0 			 0.0 			 0.0			 0.0 
g2	 93 	 0.0 			 0.0 			 0.0			 0.0 
g2	 94 	 0.0 			 0.0 			 0.0			 0.0 
g2	 95 	 0.0 			 0.0 			 0.0			 0.0 
g2	 96 	 0.0 			 0.0 			 0.0			 0.0 
----------------------------------------------------------------------------------------------------
g3	 1 	 0.0 			 0.0 			 0.0			 0.0 
g3	 2 	 0.0 			 0.0 			 0.0			 0.0 
g3	 3 	 0.0 			 0.0 			 0.0			 0.0 
g3	 4 	 0.0 			 0.0 			 0.0			 0.0 
g3	 5 	 0.0 			 0.0 			 0.0			 0.0 
g3	 6 	 0.0 			 0.0 			 0.0			 0.0 
g3	 7 	 0.0 			 0.0 			 0.0			 0.0 
g3	 8 	 0.0 			 0.0 			 0.0			 0.0 
g3	 9 	 0.0 			 0.0 			 0.0			 0.0 
g3	 10 	 0.0 			 0.0 			 0.0			 0.0 
g3	 11 	 0.0 			 0.0 			 0.0			 0.0 
g3	 12 	 0.0 			 0.0 			 0.0			 0.0 
g3	 13 	 0.0 			 0.0 			 0.0			 0.0 
g3	 14 	 0.0 			 0.0 			 0.0			 0.0 
g3	 15 	 0.0 			 0.0 			 0.0			 0.0 
g3	 16 	 0.0 			 0.0 			 0.0			 0.0 
g3	 17 	 0.0 			 0.0 			 0.0			 0.0 
g3	 18 	 0.0 			 0.0 			 0.0			 0.0 
g3	 19 	 0.0 			 0.0 			 0.0			 0.0 
g3	 20 	 0.0 			 0.0 			 0.0			 0.0 
g3	 21 	 0.0 			 0.0 			 0.0			 0.0 
g3	 22 	 0.0 			 0.0 			 0.0			 0.0 
g3	 23 	 0.0 			 0.0 			 0.0			 0.0 
g3	 24 	 0.0 			 0.0 			 0.0			 0.0 
g3	 25 	 0.0 			 0.0 			 0.0			 0.0 
g3	 26 	 0.0 			 0.0 			 0.0			 0.0 
g3	 27 	 0.0 			 0.0 			 0.0			 0.0 
g3	 28 	 0.0 			 0.0 			 0.0			 0.0 
g3	 29 	 15.233052 			 0.0 			 0.0			 15.233052 
g3	 30 	 15.233052 			 0.0 			 0.0			 15.233052 
g3	 31 	 15.233052 			 0.0 			 0.0			 15.233052 
g3	 32 	 15.233052 			 0.0 			 0.0			 15.233052 
g3	 33 	 15.56631 			 0.0 			 0.0			 15.56631 
g3	 34 	 15.56631 			 0.0 			 0.0			 15.56631 
g3	 35 	 15.56631 			 0.0 			 0.0			 15.56631 
g3	 36 	 15.56631 			 0.0 			 0.0			 15.56631 
g3	 37 	 15.56631 			 0.0 			 0.0			 15.56631 
g3	 38 	 15.56631 			 0.0 			 0.0			 15.56631 
g3	 39 	 15.56631 			 0.0 			 0.0			 15.56631 
g3	 40 	 15.56631 			 0.0 			 0.0			 15.56631 
g3	 41 	 15.56631 			 0.0 			 0.0			 15.56631 
g3	 42 	 15.56631 			 0.0 			 0.0			 15.56631 
g3	 43 	 15.56631 			 0.0 			 0.0			 15.56631 
g3	 44 	 15.56631 			 0.0 			 0.0			 15.56631 
g3	 45 	 -10.398195 			 0.0 			 0.0			 -10.398195 
g3	 46 	 -10.398195 			 0.0 			 0.0			 -10.398195 
g3	 47 	 -10.398195 			 0.0 			 0.0			 -10.398195 
g3	 48 	 -10.398195 			 0.0 			 0.0			 -10.398195 
g3	 49 	 15.56631 			 0.0 			 0.0			 15.56631 
g3	 50 	 15.56631 			 0.0 			 0.0			 15.56631 
g3	 51 	 15.56631 			 0.0 			 0.0			 15.56631 
g3	 52 	 17.525007 			 0.0 			 0.0			 17.525007 
g3	 53 	 17.525007 			 0.0 			 0.0			 17.525007 
g3	 54 	 17.525007 			 0.0 			 0.0			 17.525007 
g3	 55 	 17.525007 			 0.0 			 0.0			 17.525007 
g3	 56 	 17.525007 			 0.0 			 0.0			 17.525007 
g3	 57 	 17.525007 			 0.0 			 0.0			 17.525007 
g3	 58 	 17.525007 			 0.0 			 0.0			 17.525007 
g3	 59 	 17.525007 			 0.0 			 0.0			 17.525007 
g3	 60 	 17.204599 			 0.0 			 0.0			 17.204599 
g3	 61 	 17.845414 			 0.0 			 0.0			 17.845414 
g3	 62 	 17.525007 			 0.0 			 0.0			 17.525007 
g3	 63 	 17.845414 			 0.0 			 0.0			 17.845414 
g3	 64 	 17.845414 			 0.0 			 0.0			 17.845414 
g3	 65 	 17.845414 			 0.0 			 0.0			 17.845414 
g3	 66 	 17.845414 			 0.0 			 0.0			 17.845414 
g3	 67 	 17.845414 			 0.0 			 0.0			 17.845414 
g3	 68 	 17.845414 			 0.0 			 0.0			 17.845414 
g3	 69 	 17.525007 			 0.0 			 0.0			 17.525007 
g3	 70 	 17.525007 			 0.0 			 0.0			 17.525007 
g3	 71 	 17.845414 			 0.0 			 0.0			 17.845414 
g3	 72 	 17.845414 			 0.0 			 0.0			 17.845414 
g3	 73 	 17.204599 			 0.0 			 0.0			 17.204599 
g3	 74 	 17.525007 			 0.0 			 0.0			 17.525007 
g3	 75 	 17.525007 			 0.0 			 0.0			 17.525007 
g3	 76 	 17.525007 			 0.0 			 0.0			 17.525007 
g3	 77 	 15.56631 			 0.0 			 0.0			 15.56631 
g3	 78 	 15.56631 			 0.0 			 0.0			 15.56631 
g3	 79 	 15.56631 			 0.0 			 0.0			 15.56631 
g3	 80 	 15.56631 			 0.0 			 0.0			 15.56631 
g3	 81 	 0.0 			 0.0 			 0.0			 0.0 
g3	 82 	 0.0 			 0.0 			 0.0			 0.0 
g3	 83 	 0.0 			 0.0 			 0.0			 0.0 
g3	 84 	 0.0 			 0.0 			 0.0			 0.0 
g3	 85 	 0.0 			 0.0 			 0.0			 0.0 
g3	 86 	 0.0 			 0.0 			 0.0			 0.0 
g3	 87 	 0.0 			 0.0 			 0.0			 0.0 
g3	 88 	 0.0 			 0.0 			 0.0			 0.0 
g3	 89 	 0.0 			 0.0 			 0.0			 0.0 
g3	 90 	 0.0 			 0.0 			 0.0			 0.0 
g3	 91 	 0.0 			 0.0 			 0.0			 0.0 
g3	 92 	 0.0 			 0.0 			 0.0			 0.0 
g3	 93 	 0.0 			 0.0 			 0.0			 0.0 
g3	 94 	 0.0 			 0.0 			 0.0			 0.0 
g3	 95 	 0.0 			 0.0 			 0.0			 0.0 
g3	 96 	 0.0 			 0.0 			 0.0			 0.0 
----------------------------------------------------------------------------------------------------
g4	 1 	 0.0 			 0.0 			 0.0			 0.0 
g4	 2 	 0.0 			 0.0 			 0.0			 0.0 
g4	 3 	 0.0 			 0.0 			 0.0			 0.0 
g4	 4 	 0.0 			 0.0 			 0.0			 0.0 
g4	 5 	 0.0 			 0.0 			 0.0			 0.0 
g4	 6 	 0.0 			 0.0 			 0.0			 0.0 
g4	 7 	 0.0 			 0.0 			 0.0			 0.0 
g4	 8 	 0.0 			 0.0 			 0.0			 0.0 
g4	 9 	 0.0 			 0.0 			 0.0			 0.0 
g4	 10 	 0.0 			 0.0 			 0.0			 0.0 
g4	 11 	 0.0 			 0.0 			 0.0			 0.0 
g4	 12 	 0.0 			 0.0 			 0.0			 0.0 
g4	 13 	 0.0 			 0.0 			 0.0			 0.0 
g4	 14 	 0.0 			 0.0 			 0.0			 0.0 
g4	 15 	 0.0 			 0.0 			 0.0			 0.0 
g4	 16 	 0.0 			 0.0 			 0.0			 0.0 
g4	 17 	 0.0 			 0.0 			 0.0			 0.0 
g4	 18 	 0.0 			 0.0 			 0.0			 0.0 
g4	 19 	 0.0 			 0.0 			 0.0			 0.0 
g4	 20 	 0.0 			 0.0 			 0.0			 0.0 
g4	 21 	 0.0 			 0.0 			 0.0			 0.0 
g4	 22 	 0.0 			 0.0 			 0.0			 0.0 
g4	 23 	 0.0 			 0.0 			 0.0			 0.0 
g4	 24 	 0.0 			 0.0 			 0.0			 0.0 
g4	 25 	 0.0 			 0.0 			 0.0			 0.0 
g4	 26 	 0.0 			 0.0 			 0.0			 0.0 
g4	 27 	 0.0 			 0.0 			 0.0			 0.0 
g4	 28 	 0.0 			 0.0 			 0.0			 0.0 
g4	 29 	 0.0 			 0.0 			 0.0			 0.0 
g4	 30 	 0.0 			 0.0 			 0.0			 0.0 
g4	 31 	 0.0 			 0.0 			 0.0			 0.0 
g4	 32 	 0.0 			 0.0 			 0.0			 0.0 
g4	 33 	 0.0 			 0.0 			 0.0			 0.0 
g4	 34 	 0.0 			 0.0 			 0.0			 0.0 
g4	 35 	 0.0 			 0.0 			 0.0			 0.0 
g4	 36 	 0.0 			 0.0 			 0.0			 0.0 
g4	 37 	 0.0 			 0.0 			 0.0			 0.0 
g4	 38 	 0.0 			 0.0 			 0.0			 0.0 
g4	 39 	 0.0 			 0.0 			 0.0			 0.0 
g4	 40 	 0.0 			 0.0 			 0.0			 0.0 
g4	 41 	 8.645509 			 0.0 			 0.0			 8.645509 
g4	 42 	 8.645509 			 0.0 			 0.0			 8.645509 
g4	 43 	 8.645509 			 0.0 			 0.0			 8.645509 
g4	 44 	 8.645509 			 0.0 			 0.0			 8.645509 
g4	 45 	 -26.425184 			 0.0 			 0.0			 -26.425184 
g4	 46 	 -26.425184 			 0.0 			 0.0			 -26.425184 
g4	 47 	 -26.425184 			 0.0 			 0.0			 -26.425184 
g4	 48 	 -26.425184 			 0.0 			 0.0			 -26.425184 
g4	 49 	 8.645509 			 0.0 			 0.0			 8.645509 
g4	 50 	 8.645509 			 0.0 			 0.0			 8.645509 
g4	 51 	 8.645509 			 0.0 			 0.0			 8.645509 
g4	 52 	 74.367937 			 0.0 			 0.0			 74.367937 
g4	 53 	 -30.145061 			 0.0 			 0.0			 -30.145061 
g4	 54 	 28.658138 			 0.0 			 0.0			 28.658138 
g4	 55 	 -45.198362 			 0.0 			 0.0			 -45.198362 
g4	 56 	 62.566286 			 0.0 			 0.0			 62.566286 
g4	 57 	 -91.691688 			 0.0 			 0.0			 -91.691688 
g4	 58 	 6.966796 			 0.0 			 0.0			 6.966796 
g4	 59 	 -10.858011 			 0.0 			 0.0			 -10.858011 
g4	 60 	 -110.120078 			 0.0 			 0.0			 -110.120078 
g4	 61 	 9.020749 			 0.0 			 0.0			 9.020749 
g4	 62 	 -12.162457 			 0.0 			 0.0			 -12.162457 
g4	 63 	 16.162876 			 0.0 			 0.0			 16.162876 
g4	 64 	 16.162876 			 0.0 			 0.0			 16.162876 
g4	 65 	 9.91132 			 0.0 			 0.0			 9.91132 
g4	 66 	 9.91132 			 0.0 			 0.0			 9.91132 
g4	 67 	 9.91132 			 0.0 			 0.0			 9.91132 
g4	 68 	 9.91132 			 0.0 			 0.0			 9.91132 
g4	 69 	 -1.670372 			 0.0 			 0.0			 -1.670372 
g4	 70 	 -1.117457 			 0.0 			 0.0			 -1.117457 
g4	 71 	 9.91132 			 0.0 			 0.0			 9.91132 
g4	 72 	 -44.763767 			 0.0 			 0.0			 -44.763767 
g4	 73 	 -77.901255 			 0.0 			 0.0			 -77.901255 
g4	 74 	 40.58836 			 0.0 			 0.0			 40.58836 
g4	 75 	 4.987239 			 0.0 			 0.0			 4.987239 
g4	 76 	 31.409944 			 0.0 			 0.0			 31.409944 
g4	 77 	 8.645509 			 0.0 			 0.0			 8.645509 
g4	 78 	 8.645509 			 0.0 			 0.0			 8.645509 
g4	 79 	 8.645509 			 0.0 			 0.0			 8.645509 
g4	 80 	 8.645509 			 0.0 			 0.0			 8.645509 
g4	 81 	 11.852461 			 0.0 			 0.0			 11.852461 
g4	 82 	 -127.937544 			 0.0 			 0.0			 -127.937544 
g4	 83 	 33.952749 			 0.0 			 0.0			 33.952749 
g4	 84 	 11.852461 			 0.0 			 0.0			 11.852461 
g4	 85 	 8.645509 			 0.0 			 0.0			 8.645509 
g4	 86 	 8.645509 			 0.0 			 0.0			 8.645509 
g4	 87 	 28.003983 			 0.0 			 0.0			 28.003983 
g4	 88 	 8.645509 			 0.0 			 0.0			 8.645509 
g4	 89 	 8.645509 			 0.0 			 0.0			 8.645509 
g4	 90 	 8.645509 			 0.0 			 0.0			 8.645509 
g4	 91 	 8.645509 			 0.0 			 0.0			 8.645509 
g4	 92 	 8.645509 			 0.0 			 0.0			 8.645509 
g4	 93 	 0.0 			 0.0 			 0.0			 0.0 
g4	 94 	 0.0 			 0.0 			 0.0			 0.0 
g4	 95 	 0.0 			 0.0 			 0.0			 0.0 
g4	 96 	 0.0 			 0.0 			 0.0			 0.0 
----------------------------------------------------------------------------------------------------
g5	 1 	 0.0 			 0.0 			 0.0			 0.0 
g5	 2 	 0.0 			 0.0 			 0.0			 0.0 
g5	 3 	 0.0 			 0.0 			 0.0			 0.0 
g5	 4 	 0.0 			 0.0 			 0.0			 0.0 
g5	 5 	 21.893178 			 0.0 			 0.0			 21.893178 
g5	 6 	 21.893178 			 0.0 			 0.0			 21.893178 
g5	 7 	 21.893178 			 0.0 			 0.0			 21.893178 
g5	 8 	 21.893178 			 0.0 			 0.0			 21.893178 
g5	 9 	 21.893178 			 0.0 			 0.0			 21.893178 
g5	 10 	 21.893178 			 0.0 			 0.0			 21.893178 
g5	 11 	 21.893178 			 0.0 			 0.0			 21.893178 
g5	 12 	 21.893178 			 0.0 			 0.0			 21.893178 
g5	 13 	 21.893178 			 0.0 			 0.0			 21.893178 
g5	 14 	 21.893178 			 0.0 			 0.0			 21.893178 
g5	 15 	 21.893178 			 0.0 			 0.0			 21.893178 
g5	 16 	 21.893178 			 0.0 			 0.0			 21.893178 
g5	 17 	 21.893178 			 0.0 			 0.0			 21.893178 
g5	 18 	 21.893178 			 0.0 			 0.0			 21.893178 
g5	 19 	 21.893178 			 0.0 			 0.0			 21.893178 
g5	 20 	 21.893178 			 0.0 			 0.0			 21.893178 
g5	 21 	 21.893178 			 0.0 			 0.0			 21.893178 
g5	 22 	 21.893178 			 0.0 			 0.0			 21.893178 
g5	 23 	 21.893178 			 0.0 			 0.0			 21.893178 
g5	 24 	 21.893178 			 0.0 			 0.0			 21.893178 
g5	 25 	 21.893178 			 0.0 			 0.0			 21.893178 
g5	 26 	 21.893178 			 0.0 			 0.0			 21.893178 
g5	 27 	 21.893178 			 0.0 			 0.0			 21.893178 
g5	 28 	 21.893178 			 0.0 			 0.0			 21.893178 
g5	 29 	 21.893178 			 0.0 			 0.0			 21.893178 
g5	 30 	 21.893178 			 0.0 			 0.0			 21.893178 
g5	 31 	 21.893178 			 0.0 			 0.0			 21.893178 
g5	 32 	 21.893178 			 0.0 			 0.0			 21.893178 
g5	 33 	 22.372141 			 0.0 			 0.0			 22.372141 
g5	 34 	 22.372141 			 0.0 			 0.0			 22.372141 
g5	 35 	 22.372141 			 0.0 			 0.0			 22.372141 
g5	 36 	 22.372141 			 0.0 			 0.0			 22.372141 
g5	 37 	 22.372141 			 0.0 			 0.0			 22.372141 
g5	 38 	 22.372141 			 0.0 			 0.0			 22.372141 
g5	 39 	 22.372141 			 0.0 			 0.0			 22.372141 
g5	 40 	 22.372141 			 0.0 			 0.0			 22.372141 
g5	 41 	 22.372141 			 0.0 			 0.0			 22.372141 
g5	 42 	 22.372141 			 0.0 			 0.0			 22.372141 
g5	 43 	 22.372141 			 0.0 			 0.0			 22.372141 
g5	 44 	 22.372141 			 0.0 			 0.0			 22.372141 
g5	 45 	 -1.99201 			 0.0 			 0.0			 -1.99201 
g5	 46 	 -1.99201 			 0.0 			 0.0			 -1.99201 
g5	 47 	 -1.99201 			 0.0 			 0.0			 -1.99201 
g5	 48 	 -1.99201 			 0.0 			 0.0			 -1.99201 
g5	 49 	 22.372141 			 0.0 			 0.0			 22.372141 
g5	 50 	 22.372141 			 0.0 			 0.0			 22.372141 
g5	 51 	 22.372141 			 0.0 			 0.0			 22.372141 
g5	 52 	 25.18721 			 0.0 			 0.0			 25.18721 
g5	 53 	 25.18721 			 0.0 			 0.0			 25.18721 
g5	 54 	 25.18721 			 0.0 			 0.0			 25.18721 
g5	 55 	 25.18721 			 0.0 			 0.0			 25.18721 
g5	 56 	 25.18721 			 0.0 			 0.0			 25.18721 
g5	 57 	 25.18721 			 0.0 			 0.0			 25.18721 
g5	 58 	 25.18721 			 0.0 			 0.0			 25.18721 
g5	 59 	 25.18721 			 0.0 			 0.0			 25.18721 
g5	 60 	 24.726716 			 0.0 			 0.0			 24.726716 
g5	 61 	 98.485457 			 0.0 			 0.0			 98.485457 
g5	 62 	 25.18721 			 0.0 			 0.0			 25.18721 
g5	 63 	 70.17327 			 0.0 			 0.0			 70.17327 
g5	 64 	 136.665029 			 0.0 			 0.0			 136.665029 
g5	 65 	 -33.580772 			 0.0 			 0.0			 -33.580772 
g5	 66 	 40.392597 			 0.0 			 0.0			 40.392597 
g5	 67 	 -21.955766 			 0.0 			 0.0			 -21.955766 
g5	 68 	 -1.71049 			 0.0 			 0.0			 -1.71049 
g5	 69 	 -10.036144 			 0.0 			 0.0			 -10.036144 
g5	 70 	 -10.036144 			 0.0 			 0.0			 -10.036144 
g5	 71 	 106.190167 			 0.0 			 0.0			 106.190167 
g5	 72 	 136.485235 			 0.0 			 0.0			 136.485235 
g5	 73 	 24.726716 			 0.0 			 0.0			 24.726716 
g5	 74 	 25.18721 			 0.0 			 0.0			 25.18721 
g5	 75 	 25.18721 			 0.0 			 0.0			 25.18721 
g5	 76 	 25.18721 			 0.0 			 0.0			 25.18721 
g5	 77 	 22.372141 			 0.0 			 0.0			 22.372141 
g5	 78 	 22.372141 			 0.0 			 0.0			 22.372141 
g5	 79 	 22.372141 			 0.0 			 0.0			 22.372141 
g5	 80 	 22.372141 			 0.0 			 0.0			 22.372141 
g5	 81 	 73.71038 			 0.0 			 0.0			 73.71038 
g5	 82 	 24.169308 			 0.0 			 0.0			 24.169308 
g5	 83 	 136.605521 			 0.0 			 0.0			 136.605521 
g5	 84 	 51.014066 			 0.0 			 0.0			 51.014066 
g5	 85 	 22.372141 			 0.0 			 0.0			 22.372141 
g5	 86 	 22.372141 			 0.0 			 0.0			 22.372141 
g5	 87 	 25.18721 			 0.0 			 0.0			 25.18721 
g5	 88 	 22.372141 			 0.0 			 0.0			 22.372141 
g5	 89 	 22.372141 			 0.0 			 0.0			 22.372141 
g5	 90 	 22.372141 			 0.0 			 0.0			 22.372141 
g5	 91 	 22.372141 			 0.0 			 0.0			 22.372141 
g5	 92 	 22.372141 			 0.0 			 0.0			 22.372141 
g5	 93 	 22.372141 			 0.0 			 0.0			 22.372141 
g5	 94 	 22.372141 			 0.0 			 0.0			 22.372141 
g5	 95 	 22.372141 			 0.0 			 0.0			 22.372141 
g5	 96 	 22.372141 			 0.0 			 0.0			 22.372141 
----------------------------------------------------------------------------------------------------------------
unit 	 generation payment 	 up-FRP payment 	 dw-FRP payment 	pre-up total payment
----------------------------------------------------------------------------------------------------------------
 g1 	 16323.463611			 0.000000			 0.000000			 16323.463611
 g2 	 0.000000			 0.000000			 0.000000			 0.000000
 g3 	 755.467340			 0.000000			 0.000000			 755.467340
 g4 	 -77.538171			 0.000000			 0.000000			 -77.538171
 g5 	 2449.664050			 0.000000			 0.000000			 2449.664050
----------------------------------------------------------------------------------------------------
generation payment 	 up-FRP payment 	 dw-FRP payment 	 pre-up total payment
----------------------------------------------------------------------------------------------------
19451.056829999998 			 0.0 			 0.0 			 19451.056829999998
 
****************************************************************************************************
 
Generation costs
----------------------------------------------------------------------------------------------------
unit	 time 	 generation cost 	 start-up cost  	total cost
----------------------------------------------------------------------------------------------------
g1	 1 	 2390.268435 			 0.0 			2390.268435
g1	 2 	 2307.36469 			 0.0 			2307.36469
g1	 3 	 2370.209874 			 0.0 			2370.209874
g1	 4 	 2407.734301 			 0.0 			2407.734301
g1	 5 	 2113.006061 			 0.0 			2113.006061
g1	 6 	 1990.981681 			 0.0 			1990.981681
g1	 7 	 2042.087219 			 0.0 			2042.087219
g1	 8 	 2110.231087 			 0.0 			2110.231087
g1	 9 	 1995.601625 			 0.0 			1995.601625
g1	 10 	 2002.973056 			 0.0 			2002.973056
g1	 11 	 1882.946448 			 0.0 			1882.946448
g1	 12 	 1924.787361 			 0.0 			1924.787361
g1	 13 	 1878.94048 			 0.0 			1878.94048
g1	 14 	 1865.634972 			 0.0 			1865.634972
g1	 15 	 1856.661412 			 0.0 			1856.661412
g1	 16 	 1868.527313 			 0.0 			1868.527313
g1	 17 	 1843.967072 			 0.0 			1843.967072
g1	 18 	 1913.561855 			 0.0 			1913.561855
g1	 19 	 1929.018256 			 0.0 			1929.018256
g1	 20 	 1930.406424 			 0.0 			1930.406424
g1	 21 	 2035.267213 			 0.0 			2035.267213
g1	 22 	 2038.165959 			 0.0 			2038.165959
g1	 23 	 2027.675513 			 0.0 			2027.675513
g1	 24 	 1962.47003 			 0.0 			1962.47003
g1	 25 	 2262.992895 			 0.0 			2262.992895
g1	 26 	 2222.100333 			 0.0 			2222.100333
g1	 27 	 2193.476717 			 0.0 			2193.476717
g1	 28 	 2199.86795 			 0.0 			2199.86795
g1	 29 	 2173.783765 			 0.0 			2173.783765
g1	 30 	 2282.06442 			 0.0 			2282.06442
g1	 31 	 2204.936279 			 0.0 			2204.936279
g1	 32 	 2270.759151 			 0.0 			2270.759151
g1	 33 	 2468.223114 			 0.0 			2468.223114
g1	 34 	 2370.900739 			 0.0 			2370.900739
g1	 35 	 2469.035478 			 0.0 			2469.035478
g1	 36 	 2399.913271 			 0.0 			2399.913271
g1	 37 	 2661.224017 			 0.0 			2661.224017
g1	 38 	 2584.84001 			 0.0 			2584.84001
g1	 39 	 2642.768494 			 0.0 			2642.768494
g1	 40 	 2625.304863 			 0.0 			2625.304863
g1	 41 	 2657.271841 			 0.0 			2657.271841
g1	 42 	 2713.679767 			 0.0 			2713.679767
g1	 43 	 2692.597726 			 0.0 			2692.597726
g1	 44 	 2680.864857 			 0.0 			2680.864857
g1	 45 	 2801.499942 			 0.0 			2801.499942
g1	 46 	 2849.956384 			 0.0 			2849.956384
g1	 47 	 3010.161952 			 0.0 			3010.161952
g1	 48 	 2825.09784 			 0.0 			2825.09784
g1	 49 	 2979.96771 			 0.0 			2979.96771
g1	 50 	 2986.633051 			 0.0 			2986.633051
g1	 51 	 2904.701804 			 0.0 			2904.701804
g1	 52 	 3058.233409 			 0.0 			3058.233409
g1	 53 	 3058.233409 			 0.0 			3058.233409
g1	 54 	 3058.233409 			 0.0 			3058.233409
g1	 55 	 3058.233409 			 0.0 			3058.233409
g1	 56 	 3058.233409 			 0.0 			3058.233409
g1	 57 	 3058.233409 			 0.0 			3058.233409
g1	 58 	 3058.233409 			 0.0 			3058.233409
g1	 59 	 3058.233409 			 0.0 			3058.233409
g1	 60 	 3058.233409 			 0.0 			3058.233409
g1	 61 	 3058.233409 			 0.0 			3058.233409
g1	 62 	 3058.233409 			 0.0 			3058.233409
g1	 63 	 3058.233409 			 0.0 			3058.233409
g1	 64 	 3058.233409 			 0.0 			3058.233409
g1	 65 	 3058.233409 			 0.0 			3058.233409
g1	 66 	 3058.233409 			 0.0 			3058.233409
g1	 67 	 3058.233409 			 0.0 			3058.233409
g1	 68 	 3058.233409 			 0.0 			3058.233409
g1	 69 	 3058.233409 			 0.0 			3058.233409
g1	 70 	 3058.233409 			 0.0 			3058.233409
g1	 71 	 3058.233409 			 0.0 			3058.233409
g1	 72 	 3058.233409 			 0.0 			3058.233409
g1	 73 	 3058.233409 			 0.0 			3058.233409
g1	 74 	 3058.233409 			 0.0 			3058.233409
g1	 75 	 3058.233409 			 0.0 			3058.233409
g1	 76 	 3058.233409 			 0.0 			3058.233409
g1	 77 	 2939.305034 			 0.0 			2939.305034
g1	 78 	 2997.607344 			 0.0 			2997.607344
g1	 79 	 2984.522495 			 0.0 			2984.522495
g1	 80 	 3001.561006 			 0.0 			3001.561006
g1	 81 	 3058.233409 			 0.0 			3058.233409
g1	 82 	 3058.233409 			 0.0 			3058.233409
g1	 83 	 3058.233409 			 0.0 			3058.233409
g1	 84 	 3058.233409 			 0.0 			3058.233409
g1	 85 	 3016.649305 			 0.0 			3016.649305
g1	 86 	 2934.00305 			 0.0 			2934.00305
g1	 87 	 3058.233409 			 0.0 			3058.233409
g1	 88 	 2863.914259 			 0.0 			2863.914259
g1	 89 	 2662.395877 			 0.0 			2662.395877
g1	 90 	 2565.779017 			 0.0 			2565.779017
g1	 91 	 2648.506409 			 0.0 			2648.506409
g1	 92 	 2657.644407 			 0.0 			2657.644407
g1	 93 	 2607.265455 			 0.0 			2607.265455
g1	 94 	 2611.770904 			 0.0 			2611.770904
g1	 95 	 2622.044722 			 0.0 			2622.044722
g1	 96 	 2516.927587 			 0.0 			2516.927587
----------------------------------------------------------------------------------------------------
g2	 1 	 0.0 			 0.0 			0.0
g2	 2 	 0.0 			 0.0 			0.0
g2	 3 	 0.0 			 0.0 			0.0
g2	 4 	 0.0 			 0.0 			0.0
g2	 5 	 0.0 			 0.0 			0.0
g2	 6 	 0.0 			 0.0 			0.0
g2	 7 	 0.0 			 0.0 			0.0
g2	 8 	 0.0 			 0.0 			0.0
g2	 9 	 0.0 			 0.0 			0.0
g2	 10 	 0.0 			 0.0 			0.0
g2	 11 	 0.0 			 0.0 			0.0
g2	 12 	 0.0 			 0.0 			0.0
g2	 13 	 0.0 			 0.0 			0.0
g2	 14 	 0.0 			 0.0 			0.0
g2	 15 	 0.0 			 0.0 			0.0
g2	 16 	 0.0 			 0.0 			0.0
g2	 17 	 0.0 			 0.0 			0.0
g2	 18 	 0.0 			 0.0 			0.0
g2	 19 	 0.0 			 0.0 			0.0
g2	 20 	 0.0 			 0.0 			0.0
g2	 21 	 0.0 			 0.0 			0.0
g2	 22 	 0.0 			 0.0 			0.0
g2	 23 	 0.0 			 0.0 			0.0
g2	 24 	 0.0 			 0.0 			0.0
g2	 25 	 0.0 			 0.0 			0.0
g2	 26 	 0.0 			 0.0 			0.0
g2	 27 	 0.0 			 0.0 			0.0
g2	 28 	 0.0 			 0.0 			0.0
g2	 29 	 0.0 			 0.0 			0.0
g2	 30 	 0.0 			 0.0 			0.0
g2	 31 	 0.0 			 0.0 			0.0
g2	 32 	 0.0 			 0.0 			0.0
g2	 33 	 0.0 			 0.0 			0.0
g2	 34 	 0.0 			 0.0 			0.0
g2	 35 	 0.0 			 0.0 			0.0
g2	 36 	 0.0 			 0.0 			0.0
g2	 37 	 0.0 			 0.0 			0.0
g2	 38 	 0.0 			 0.0 			0.0
g2	 39 	 0.0 			 0.0 			0.0
g2	 40 	 0.0 			 0.0 			0.0
g2	 41 	 0.0 			 0.0 			0.0
g2	 42 	 0.0 			 0.0 			0.0
g2	 43 	 0.0 			 0.0 			0.0
g2	 44 	 0.0 			 0.0 			0.0
g2	 45 	 0.0 			 0.0 			0.0
g2	 46 	 0.0 			 0.0 			0.0
g2	 47 	 0.0 			 0.0 			0.0
g2	 48 	 0.0 			 0.0 			0.0
g2	 49 	 0.0 			 0.0 			0.0
g2	 50 	 0.0 			 0.0 			0.0
g2	 51 	 0.0 			 0.0 			0.0
g2	 52 	 0.0 			 0.0 			0.0
g2	 53 	 0.0 			 0.0 			0.0
g2	 54 	 0.0 			 0.0 			0.0
g2	 55 	 0.0 			 0.0 			0.0
g2	 56 	 0.0 			 0.0 			0.0
g2	 57 	 0.0 			 0.0 			0.0
g2	 58 	 0.0 			 0.0 			0.0
g2	 59 	 0.0 			 0.0 			0.0
g2	 60 	 0.0 			 0.0 			0.0
g2	 61 	 0.0 			 0.0 			0.0
g2	 62 	 0.0 			 0.0 			0.0
g2	 63 	 0.0 			 0.0 			0.0
g2	 64 	 0.0 			 0.0 			0.0
g2	 65 	 0.0 			 0.0 			0.0
g2	 66 	 0.0 			 0.0 			0.0
g2	 67 	 0.0 			 0.0 			0.0
g2	 68 	 0.0 			 0.0 			0.0
g2	 69 	 0.0 			 0.0 			0.0
g2	 70 	 0.0 			 0.0 			0.0
g2	 71 	 0.0 			 0.0 			0.0
g2	 72 	 0.0 			 0.0 			0.0
g2	 73 	 0.0 			 0.0 			0.0
g2	 74 	 0.0 			 0.0 			0.0
g2	 75 	 0.0 			 0.0 			0.0
g2	 76 	 0.0 			 0.0 			0.0
g2	 77 	 0.0 			 0.0 			0.0
g2	 78 	 0.0 			 0.0 			0.0
g2	 79 	 0.0 			 0.0 			0.0
g2	 80 	 0.0 			 0.0 			0.0
g2	 81 	 0.0 			 0.0 			0.0
g2	 82 	 0.0 			 0.0 			0.0
g2	 83 	 0.0 			 0.0 			0.0
g2	 84 	 0.0 			 0.0 			0.0
g2	 85 	 0.0 			 0.0 			0.0
g2	 86 	 0.0 			 0.0 			0.0
g2	 87 	 0.0 			 0.0 			0.0
g2	 88 	 0.0 			 0.0 			0.0
g2	 89 	 0.0 			 0.0 			0.0
g2	 90 	 0.0 			 0.0 			0.0
g2	 91 	 0.0 			 0.0 			0.0
g2	 92 	 0.0 			 0.0 			0.0
g2	 93 	 0.0 			 0.0 			0.0
g2	 94 	 0.0 			 0.0 			0.0
g2	 95 	 0.0 			 0.0 			0.0
g2	 96 	 0.0 			 0.0 			0.0
----------------------------------------------------------------------------------------------------
g3	 1 	 0.0 			 0.0 			0.0
g3	 2 	 0.0 			 0.0 			0.0
g3	 3 	 0.0 			 0.0 			0.0
g3	 4 	 0.0 			 0.0 			0.0
g3	 5 	 0.0 			 0.0 			0.0
g3	 6 	 0.0 			 0.0 			0.0
g3	 7 	 0.0 			 0.0 			0.0
g3	 8 	 0.0 			 0.0 			0.0
g3	 9 	 0.0 			 0.0 			0.0
g3	 10 	 0.0 			 0.0 			0.0
g3	 11 	 0.0 			 0.0 			0.0
g3	 12 	 0.0 			 0.0 			0.0
g3	 13 	 0.0 			 0.0 			0.0
g3	 14 	 0.0 			 0.0 			0.0
g3	 15 	 0.0 			 0.0 			0.0
g3	 16 	 0.0 			 0.0 			0.0
g3	 17 	 0.0 			 0.0 			0.0
g3	 18 	 0.0 			 0.0 			0.0
g3	 19 	 0.0 			 0.0 			0.0
g3	 20 	 0.0 			 0.0 			0.0
g3	 21 	 0.0 			 0.0 			0.0
g3	 22 	 0.0 			 0.0 			0.0
g3	 23 	 0.0 			 0.0 			0.0
g3	 24 	 0.0 			 0.0 			0.0
g3	 25 	 0.0 			 0.0 			0.0
g3	 26 	 0.0 			 0.0 			0.0
g3	 27 	 0.0 			 0.0 			0.0
g3	 28 	 0.0 			 0.0 			0.0
g3	 29 	 350.954412 			 4595.43 			4946.384412
g3	 30 	 350.954412 			 0.0 			350.954412
g3	 31 	 350.954412 			 0.0 			350.954412
g3	 32 	 350.954412 			 0.0 			350.954412
g3	 33 	 350.954412 			 0.0 			350.954412
g3	 34 	 350.954412 			 0.0 			350.954412
g3	 35 	 350.954412 			 0.0 			350.954412
g3	 36 	 350.954412 			 0.0 			350.954412
g3	 37 	 350.954412 			 0.0 			350.954412
g3	 38 	 350.954412 			 0.0 			350.954412
g3	 39 	 350.954412 			 0.0 			350.954412
g3	 40 	 350.954412 			 0.0 			350.954412
g3	 41 	 350.954412 			 0.0 			350.954412
g3	 42 	 350.954412 			 0.0 			350.954412
g3	 43 	 350.954412 			 0.0 			350.954412
g3	 44 	 350.954412 			 0.0 			350.954412
g3	 45 	 350.954412 			 0.0 			350.954412
g3	 46 	 350.954412 			 0.0 			350.954412
g3	 47 	 350.954412 			 0.0 			350.954412
g3	 48 	 350.954412 			 0.0 			350.954412
g3	 49 	 350.954412 			 0.0 			350.954412
g3	 50 	 350.954412 			 0.0 			350.954412
g3	 51 	 350.954412 			 0.0 			350.954412
g3	 52 	 350.954412 			 0.0 			350.954412
g3	 53 	 350.954412 			 0.0 			350.954412
g3	 54 	 350.954412 			 0.0 			350.954412
g3	 55 	 350.954412 			 0.0 			350.954412
g3	 56 	 350.954412 			 0.0 			350.954412
g3	 57 	 350.954412 			 0.0 			350.954412
g3	 58 	 350.954412 			 0.0 			350.954412
g3	 59 	 350.954412 			 0.0 			350.954412
g3	 60 	 350.954412 			 0.0 			350.954412
g3	 61 	 350.954412 			 0.0 			350.954412
g3	 62 	 350.954412 			 0.0 			350.954412
g3	 63 	 350.954412 			 0.0 			350.954412
g3	 64 	 350.954412 			 0.0 			350.954412
g3	 65 	 350.954412 			 0.0 			350.954412
g3	 66 	 350.954412 			 0.0 			350.954412
g3	 67 	 350.954412 			 0.0 			350.954412
g3	 68 	 350.954412 			 0.0 			350.954412
g3	 69 	 350.954412 			 0.0 			350.954412
g3	 70 	 350.954412 			 0.0 			350.954412
g3	 71 	 350.954412 			 0.0 			350.954412
g3	 72 	 350.954412 			 0.0 			350.954412
g3	 73 	 350.954412 			 0.0 			350.954412
g3	 74 	 350.954412 			 0.0 			350.954412
g3	 75 	 350.954412 			 0.0 			350.954412
g3	 76 	 350.954412 			 0.0 			350.954412
g3	 77 	 350.954412 			 0.0 			350.954412
g3	 78 	 350.954412 			 0.0 			350.954412
g3	 79 	 350.954412 			 0.0 			350.954412
g3	 80 	 350.954412 			 0.0 			350.954412
g3	 81 	 0.0 			 0.0 			0.0
g3	 82 	 0.0 			 0.0 			0.0
g3	 83 	 0.0 			 0.0 			0.0
g3	 84 	 0.0 			 0.0 			0.0
g3	 85 	 0.0 			 0.0 			0.0
g3	 86 	 0.0 			 0.0 			0.0
g3	 87 	 0.0 			 0.0 			0.0
g3	 88 	 0.0 			 0.0 			0.0
g3	 89 	 0.0 			 0.0 			0.0
g3	 90 	 0.0 			 0.0 			0.0
g3	 91 	 0.0 			 0.0 			0.0
g3	 92 	 0.0 			 0.0 			0.0
g3	 93 	 0.0 			 0.0 			0.0
g3	 94 	 0.0 			 0.0 			0.0
g3	 95 	 0.0 			 0.0 			0.0
g3	 96 	 0.0 			 0.0 			0.0
----------------------------------------------------------------------------------------------------
g4	 1 	 0.0 			 0.0 			0.0
g4	 2 	 0.0 			 0.0 			0.0
g4	 3 	 0.0 			 0.0 			0.0
g4	 4 	 0.0 			 0.0 			0.0
g4	 5 	 0.0 			 0.0 			0.0
g4	 6 	 0.0 			 0.0 			0.0
g4	 7 	 0.0 			 0.0 			0.0
g4	 8 	 0.0 			 0.0 			0.0
g4	 9 	 0.0 			 0.0 			0.0
g4	 10 	 0.0 			 0.0 			0.0
g4	 11 	 0.0 			 0.0 			0.0
g4	 12 	 0.0 			 0.0 			0.0
g4	 13 	 0.0 			 0.0 			0.0
g4	 14 	 0.0 			 0.0 			0.0
g4	 15 	 0.0 			 0.0 			0.0
g4	 16 	 0.0 			 0.0 			0.0
g4	 17 	 0.0 			 0.0 			0.0
g4	 18 	 0.0 			 0.0 			0.0
g4	 19 	 0.0 			 0.0 			0.0
g4	 20 	 0.0 			 0.0 			0.0
g4	 21 	 0.0 			 0.0 			0.0
g4	 22 	 0.0 			 0.0 			0.0
g4	 23 	 0.0 			 0.0 			0.0
g4	 24 	 0.0 			 0.0 			0.0
g4	 25 	 0.0 			 0.0 			0.0
g4	 26 	 0.0 			 0.0 			0.0
g4	 27 	 0.0 			 0.0 			0.0
g4	 28 	 0.0 			 0.0 			0.0
g4	 29 	 0.0 			 0.0 			0.0
g4	 30 	 0.0 			 0.0 			0.0
g4	 31 	 0.0 			 0.0 			0.0
g4	 32 	 0.0 			 0.0 			0.0
g4	 33 	 0.0 			 0.0 			0.0
g4	 34 	 0.0 			 0.0 			0.0
g4	 35 	 0.0 			 0.0 			0.0
g4	 36 	 0.0 			 0.0 			0.0
g4	 37 	 0.0 			 0.0 			0.0
g4	 38 	 0.0 			 0.0 			0.0
g4	 39 	 0.0 			 0.0 			0.0
g4	 40 	 0.0 			 0.0 			0.0
g4	 41 	 398.628661 			 4827.67 			5226.298661
g4	 42 	 398.628661 			 0.0 			398.628661
g4	 43 	 398.628661 			 0.0 			398.628661
g4	 44 	 398.628661 			 0.0 			398.628661
g4	 45 	 398.628661 			 0.0 			398.628661
g4	 46 	 398.628661 			 0.0 			398.628661
g4	 47 	 398.628661 			 0.0 			398.628661
g4	 48 	 398.628661 			 0.0 			398.628661
g4	 49 	 398.628661 			 0.0 			398.628661
g4	 50 	 398.628661 			 0.0 			398.628661
g4	 51 	 398.628661 			 0.0 			398.628661
g4	 52 	 463.263234 			 0.0 			463.263234
g4	 53 	 448.363542 			 0.0 			448.363542
g4	 54 	 507.166737 			 0.0 			507.166737
g4	 55 	 433.310242 			 0.0 			433.310242
g4	 56 	 541.074889 			 0.0 			541.074889
g4	 57 	 479.809605 			 0.0 			479.809605
g4	 58 	 578.468095 			 0.0 			578.468095
g4	 59 	 560.643289 			 0.0 			560.643289
g4	 60 	 459.330407 			 0.0 			459.330407
g4	 61 	 622.993723 			 0.0 			622.993723
g4	 62 	 601.972478 			 0.0 			601.972478
g4	 63 	 630.007619 			 0.0 			630.007619
g4	 64 	 630.007619 			 0.0 			630.007619
g4	 65 	 630.007619 			 0.0 			630.007619
g4	 66 	 630.007619 			 0.0 			630.007619
g4	 67 	 630.007619 			 0.0 			630.007619
g4	 68 	 630.007619 			 0.0 			630.007619
g4	 69 	 618.603882 			 0.0 			618.603882
g4	 70 	 619.156798 			 0.0 			619.156798
g4	 71 	 630.007619 			 0.0 			630.007619
g4	 72 	 576.314197 			 0.0 			576.314197
g4	 73 	 412.650881 			 0.0 			412.650881
g4	 74 	 532.591285 			 0.0 			532.591285
g4	 75 	 496.990158 			 0.0 			496.990158
g4	 76 	 523.412871 			 0.0 			523.412871
g4	 77 	 398.628661 			 0.0 			398.628661
g4	 78 	 398.628661 			 0.0 			398.628661
g4	 79 	 398.628661 			 0.0 			398.628661
g4	 80 	 398.628661 			 0.0 			398.628661
g4	 81 	 562.291976 			 0.0 			562.291976
g4	 82 	 420.33215 			 0.0 			420.33215
g4	 83 	 583.995465 			 0.0 			583.995465
g4	 84 	 562.291976 			 0.0 			562.291976
g4	 85 	 398.628661 			 0.0 			398.628661
g4	 86 	 398.628661 			 0.0 			398.628661
g4	 87 	 416.899283 			 0.0 			416.899283
g4	 88 	 398.628661 			 0.0 			398.628661
g4	 89 	 398.628661 			 0.0 			398.628661
g4	 90 	 398.628661 			 0.0 			398.628661
g4	 91 	 398.628661 			 0.0 			398.628661
g4	 92 	 398.628661 			 0.0 			398.628661
g4	 93 	 0.0 			 0.0 			0.0
g4	 94 	 0.0 			 0.0 			0.0
g4	 95 	 0.0 			 0.0 			0.0
g4	 96 	 0.0 			 0.0 			0.0
----------------------------------------------------------------------------------------------------
g5	 1 	 0.0 			 0.0 			0.0
g5	 2 	 0.0 			 0.0 			0.0
g5	 3 	 0.0 			 0.0 			0.0
g5	 4 	 0.0 			 0.0 			0.0
g5	 5 	 348.846531 			 6821.79 			7170.636531
g5	 6 	 348.846531 			 0.0 			348.846531
g5	 7 	 348.846531 			 0.0 			348.846531
g5	 8 	 348.846531 			 0.0 			348.846531
g5	 9 	 348.846531 			 0.0 			348.846531
g5	 10 	 348.846531 			 0.0 			348.846531
g5	 11 	 348.846531 			 0.0 			348.846531
g5	 12 	 348.846531 			 0.0 			348.846531
g5	 13 	 348.846531 			 0.0 			348.846531
g5	 14 	 348.846531 			 0.0 			348.846531
g5	 15 	 348.846531 			 0.0 			348.846531
g5	 16 	 348.846531 			 0.0 			348.846531
g5	 17 	 348.846531 			 0.0 			348.846531
g5	 18 	 348.846531 			 0.0 			348.846531
g5	 19 	 348.846531 			 0.0 			348.846531
g5	 20 	 348.846531 			 0.0 			348.846531
g5	 21 	 348.846531 			 0.0 			348.846531
g5	 22 	 348.846531 			 0.0 			348.846531
g5	 23 	 348.846531 			 0.0 			348.846531
g5	 24 	 348.846531 			 0.0 			348.846531
g5	 25 	 348.846531 			 0.0 			348.846531
g5	 26 	 348.846531 			 0.0 			348.846531
g5	 27 	 348.846531 			 0.0 			348.846531
g5	 28 	 348.846531 			 0.0 			348.846531
g5	 29 	 348.846531 			 0.0 			348.846531
g5	 30 	 348.846531 			 0.0 			348.846531
g5	 31 	 348.846531 			 0.0 			348.846531
g5	 32 	 348.846531 			 0.0 			348.846531
g5	 33 	 348.846531 			 0.0 			348.846531
g5	 34 	 348.846531 			 0.0 			348.846531
g5	 35 	 348.846531 			 0.0 			348.846531
g5	 36 	 348.846531 			 0.0 			348.846531
g5	 37 	 348.846531 			 0.0 			348.846531
g5	 38 	 348.846531 			 0.0 			348.846531
g5	 39 	 348.846531 			 0.0 			348.846531
g5	 40 	 348.846531 			 0.0 			348.846531
g5	 41 	 348.846531 			 0.0 			348.846531
g5	 42 	 348.846531 			 0.0 			348.846531
g5	 43 	 348.846531 			 0.0 			348.846531
g5	 44 	 348.846531 			 0.0 			348.846531
g5	 45 	 348.846531 			 0.0 			348.846531
g5	 46 	 348.846531 			 0.0 			348.846531
g5	 47 	 348.846531 			 0.0 			348.846531
g5	 48 	 348.846531 			 0.0 			348.846531
g5	 49 	 348.846531 			 0.0 			348.846531
g5	 50 	 348.846531 			 0.0 			348.846531
g5	 51 	 348.846531 			 0.0 			348.846531
g5	 52 	 348.846531 			 0.0 			348.846531
g5	 53 	 348.846531 			 0.0 			348.846531
g5	 54 	 348.846531 			 0.0 			348.846531
g5	 55 	 348.846531 			 0.0 			348.846531
g5	 56 	 348.846531 			 0.0 			348.846531
g5	 57 	 348.846531 			 0.0 			348.846531
g5	 58 	 348.846531 			 0.0 			348.846531
g5	 59 	 348.846531 			 0.0 			348.846531
g5	 60 	 348.846531 			 0.0 			348.846531
g5	 61 	 421.684289 			 0.0 			421.684289
g5	 62 	 348.846531 			 0.0 			348.846531
g5	 63 	 393.372097 			 0.0 			393.372097
g5	 64 	 459.863857 			 0.0 			459.863857
g5	 65 	 349.780839 			 0.0 			349.780839
g5	 66 	 423.754212 			 0.0 			423.754212
g5	 67 	 361.405847 			 0.0 			361.405847
g5	 68 	 381.65112 			 0.0 			381.65112
g5	 69 	 348.846531 			 0.0 			348.846531
g5	 70 	 348.846531 			 0.0 			348.846531
g5	 71 	 465.256333 			 0.0 			465.256333
g5	 72 	 495.5514 			 0.0 			495.5514
g5	 73 	 348.846531 			 0.0 			348.846531
g5	 74 	 348.846531 			 0.0 			348.846531
g5	 75 	 348.846531 			 0.0 			348.846531
g5	 76 	 348.846531 			 0.0 			348.846531
g5	 77 	 348.846531 			 0.0 			348.846531
g5	 78 	 348.846531 			 0.0 			348.846531
g5	 79 	 348.846531 			 0.0 			348.846531
g5	 80 	 348.846531 			 0.0 			348.846531
g5	 81 	 397.487375 			 0.0 			397.487375
g5	 82 	 348.846531 			 0.0 			348.846531
g5	 83 	 460.382513 			 0.0 			460.382513
g5	 84 	 374.791068 			 0.0 			374.791068
g5	 85 	 348.846531 			 0.0 			348.846531
g5	 86 	 348.846531 			 0.0 			348.846531
g5	 87 	 348.846531 			 0.0 			348.846531
g5	 88 	 348.846531 			 0.0 			348.846531
g5	 89 	 348.846531 			 0.0 			348.846531
g5	 90 	 348.846531 			 0.0 			348.846531
g5	 91 	 348.846531 			 0.0 			348.846531
g5	 92 	 348.846531 			 0.0 			348.846531
g5	 93 	 348.846531 			 0.0 			348.846531
g5	 94 	 348.846531 			 0.0 			348.846531
g5	 95 	 348.846531 			 0.0 			348.846531
g5	 96 	 348.846531 			 0.0 			348.846531
----------------------------------------------------------------------------------------------------
 
unit 	 generation 	 generation cost 	 start-up cost 	 total cost
----------------------------------------------------------------------------------------------------
g1 	 6739.193652			251200.011848			 0.000000		 251200.011848
g2 	 0.000000			0.000000			 0.000000		 0.000000
g3 	 284.623646			18249.629424			 4595.430000		 22845.059424
g4 	 392.888500			25201.811038			 4827.670000		 30029.481038
g5 	 549.915668			32892.703430			 6821.790000		 39714.493430
----------------------------------------------------------------------------------------------------
 
generation cost 	 start-up cost 		 total cost
----------------------------------------------------------------------------------------------------
327544.1557399996 			 16244.890000000001 			 343789.04573999956
----------------------------------------------------------------------------------------------------
uplift payment for generator g1: 0.0
uplift payment for generator g2: 0.0
uplift payment for generator g3: 9645.594269
uplift payment for generator g4: 12260.934795
uplift payment for generator g5: 14808.000858
 
****************************************************************************************************
 
rtm Systemwide prices
----------------------------------------------------------------------------------------------------
time	 energy 	 up-FRP 	 dw-FRP
----------------------------------------------------------------------------------------------------
1 	 9.614507 		 0.0 		 0.0
2 	 9.408671 		 0.0 		 0.0
3 	 9.614507 		 0.0 		 0.0
4 	 9.614507 		 0.0 		 0.0
5 	 9.408671 		 0.0 		 0.0
6 	 9.408671 		 0.0 		 0.0
7 	 9.408671 		 0.0 		 0.0
8 	 9.408671 		 0.0 		 0.0
9 	 9.408671 		 0.0 		 0.0
10 	 9.408671 		 0.0 		 0.0
11 	 9.408671 		 0.0 		 0.0
12 	 9.408671 		 0.0 		 0.0
13 	 9.408671 		 0.0 		 0.0
14 	 9.408671 		 0.0 		 0.0
15 	 9.408671 		 0.0 		 0.0
16 	 9.408671 		 0.0 		 0.0
17 	 9.408671 		 0.0 		 0.0
18 	 9.408671 		 0.0 		 0.0
19 	 9.408671 		 0.0 		 0.0
20 	 9.408671 		 0.0 		 0.0
21 	 9.408671 		 0.0 		 0.0
22 	 9.408671 		 0.0 		 0.0
23 	 9.408671 		 0.0 		 0.0
24 	 9.408671 		 0.0 		 0.0
25 	 9.408671 		 0.0 		 0.0
26 	 9.408671 		 0.0 		 0.0
27 	 9.408671 		 0.0 		 0.0
28 	 9.408671 		 0.0 		 0.0
29 	 9.408671 		 0.0 		 0.0
30 	 9.408671 		 0.0 		 0.0
31 	 9.408671 		 0.0 		 0.0
32 	 9.408671 		 0.0 		 0.0
33 	 9.614507 		 0.0 		 0.0
34 	 9.614507 		 0.0 		 0.0
35 	 9.614507 		 0.0 		 0.0
36 	 9.614507 		 0.0 		 0.0
37 	 9.614507 		 0.0 		 0.0
38 	 9.614507 		 0.0 		 0.0
39 	 9.614507 		 0.0 		 0.0
40 	 9.614507 		 0.0 		 0.0
41 	 9.614507 		 0.0 		 0.0
42 	 9.614507 		 0.0 		 0.0
43 	 9.614507 		 0.0 		 0.0
44 	 9.614507 		 0.0 		 0.0
45 	 9.614507 		 0.0 		 0.0
46 	 9.614507 		 0.0 		 0.0
47 	 9.614507 		 0.0 		 0.0
48 	 9.614507 		 0.0 		 0.0
49 	 9.614507 		 0.0 		 0.0
50 	 9.614507 		 0.0 		 0.0
51 	 9.614507 		 0.0 		 0.0
52 	 10.824293 		 0.0 		 0.0
53 	 10.824293 		 0.0 		 0.0
54 	 10.824293 		 0.0 		 0.0
55 	 10.824293 		 0.0 		 0.0
56 	 10.824293 		 0.0 		 0.0
57 	 10.824293 		 0.0 		 0.0
58 	 10.824293 		 0.0 		 0.0
59 	 10.824293 		 0.0 		 0.0
60 	 10.626394 		 0.0 		 0.0
61 	 11.022192 		 0.0 		 0.0
62 	 10.824293 		 0.0 		 0.0
63 	 11.022192 		 0.0 		 0.0
64 	 11.022192 		 0.0 		 0.0
65 	 11.022192 		 0.0 		 0.0
66 	 11.022192 		 0.0 		 0.0
67 	 11.022192 		 0.0 		 0.0
68 	 11.022192 		 0.0 		 0.0
69 	 10.824293 		 0.0 		 0.0
70 	 10.824293 		 0.0 		 0.0
71 	 11.022192 		 0.0 		 0.0
72 	 11.022192 		 0.0 		 0.0
73 	 10.626394 		 0.0 		 0.0
74 	 10.824293 		 0.0 		 0.0
75 	 10.824293 		 0.0 		 0.0
76 	 10.824293 		 0.0 		 0.0
77 	 9.614507 		 0.0 		 0.0
78 	 9.614507 		 0.0 		 0.0
79 	 9.614507 		 0.0 		 0.0
80 	 9.614507 		 0.0 		 0.0
81 	 11.022192 		 0.0 		 0.0
82 	 10.626394 		 0.0 		 0.0
83 	 11.022192 		 0.0 		 0.0
84 	 11.022192 		 0.0 		 0.0
85 	 9.614507 		 0.0 		 0.0
86 	 9.614507 		 0.0 		 0.0
87 	 10.824293 		 0.0 		 0.0
88 	 9.614507 		 0.0 		 0.0
89 	 9.614507 		 0.0 		 0.0
90 	 9.614507 		 0.0 		 0.0
91 	 9.614507 		 0.0 		 0.0
92 	 9.614507 		 0.0 		 0.0
93 	 9.614507 		 0.0 		 0.0
94 	 9.614507 		 0.0 		 0.0
95 	 9.614507 		 0.0 		 0.0
96 	 9.614507 		 0.0 		 0.0
 
****************************************************************************************************
 
rtm Post-uplift payments
----------------------------------------------------------------------------------------------------------------------------------------------------
unit 	 generation payment 	 up-FRP payment 	 dw-FRP payment 	pre-up t. payment 	 uplift payments 	 post-up t. payment 	 profit
----------------------------------------------------------------------------------------------------------------------------------------------------
 g1 	 16323.463611			 0.000000			 0.000000			 16323.463611			 0.000000			 16323.463611		 37659.107709
 g2 	 0.000000			 0.000000			 0.000000			 0.000000			 0.000000			 0.000000		 0.000000
 g3 	 755.467340			 0.000000			 0.000000			 755.467340			 9645.594269			 10401.061609		 0.000000
 g4 	 -77.538171			 0.000000			 0.000000			 -77.538171			 12260.934795			 12183.396624		 0.000000
 g5 	 2449.664050			 0.000000			 0.000000			 2449.664050			 14808.000858			 17257.664908		 0.000000
****************************************************************************************************
 
Total generator payments
----------------------------------------------------------------------------------------------------------------------------------------------------
unit 	 generation payment 	 up-FRP payment 	 dw-FRP payment 	pre-up t. payment 	 uplift payments 	 post-up t. payment 	 profit
----------------------------------------------------------------------------------------------------------------------------------------------------
 g1 	 288581.017042			 278.102515			 0.000000			 288859.119557			 0.000000			 288859.119557		 37659.107709
 g2 	 0.000000			 0.000000			 0.000000			 0.000000			 0.000000			 0.000000		 0.000000
 g3 	 12678.860779			 520.604376			 0.000000			 13199.465155			 9645.594269			 22845.059424		 0.000000
 g4 	 17185.810255			 582.735988			 0.000000			 17768.546243			 12260.934795			 30029.481038		 0.000000
 g5 	 24320.977867			 585.514705			 0.000000			 24906.492572			 14808.000858			 39714.493430		 -0.000000
 
****************************************************************************************************
 
rtm LMP
----------------------------------------------------------------------------------------------------
bus name 	 time 		 LMP
----------------------------------------------------------------------------------------------------
b1 		 1 		 9.614507
b1 		 2 		 9.408671
b1 		 3 		 9.614507
b1 		 4 		 9.614507
b1 		 5 		 9.408671
b1 		 6 		 9.408671
b1 		 7 		 9.408671
b1 		 8 		 9.408671
b1 		 9 		 9.408671
b1 		 10 		 9.408671
b1 		 11 		 9.408671
b1 		 12 		 9.408671
b1 		 13 		 9.408671
b1 		 14 		 9.408671
b1 		 15 		 9.408671
b1 		 16 		 9.408671
b1 		 17 		 9.408671
b1 		 18 		 9.408671
b1 		 19 		 9.408671
b1 		 20 		 9.408671
b1 		 21 		 9.408671
b1 		 22 		 9.408671
b1 		 23 		 9.408671
b1 		 24 		 9.408671
b1 		 25 		 9.408671
b1 		 26 		 9.408671
b1 		 27 		 9.408671
b1 		 28 		 9.408671
b1 		 29 		 9.408671
b1 		 30 		 9.408671
b1 		 31 		 9.408671
b1 		 32 		 9.408671
b1 		 33 		 9.614507
b1 		 34 		 9.614507
b1 		 35 		 9.614507
b1 		 36 		 9.614507
b1 		 37 		 9.614507
b1 		 38 		 9.614507
b1 		 39 		 9.614507
b1 		 40 		 9.614507
b1 		 41 		 9.614507
b1 		 42 		 9.614507
b1 		 43 		 9.614507
b1 		 44 		 9.614507
b1 		 45 		 9.614507
b1 		 46 		 9.614507
b1 		 47 		 9.614507
b1 		 48 		 9.614507
b1 		 49 		 9.614507
b1 		 50 		 9.614507
b1 		 51 		 9.614507
b1 		 52 		 10.824293
b1 		 53 		 10.824293
b1 		 54 		 10.824293
b1 		 55 		 10.824293
b1 		 56 		 10.824293
b1 		 57 		 10.824293
b1 		 58 		 10.824293
b1 		 59 		 10.824293
b1 		 60 		 10.626394
b1 		 61 		 11.022192
b1 		 62 		 10.824293
b1 		 63 		 11.022192
b1 		 64 		 11.022192
b1 		 65 		 11.022192
b1 		 66 		 11.022192
b1 		 67 		 11.022192
b1 		 68 		 11.022192
b1 		 69 		 10.824293
b1 		 70 		 10.824293
b1 		 71 		 11.022192
b1 		 72 		 11.022192
b1 		 73 		 10.626394
b1 		 74 		 10.824293
b1 		 75 		 10.824293
b1 		 76 		 10.824293
b1 		 77 		 9.614507
b1 		 78 		 9.614507
b1 		 79 		 9.614507
b1 		 80 		 9.614507
b1 		 81 		 11.022192
b1 		 82 		 10.626394
b1 		 83 		 11.022192
b1 		 84 		 11.022192
b1 		 85 		 9.614507
b1 		 86 		 9.614507
b1 		 87 		 10.824293
b1 		 88 		 9.614507
b1 		 89 		 9.614507
b1 		 90 		 9.614507
b1 		 91 		 9.614507
b1 		 92 		 9.614507
b1 		 93 		 9.614507
b1 		 94 		 9.614507
b1 		 95 		 9.614507
b1 		 96 		 9.614507
----------------------------------------------------------------------------------------------------
b2 		 1 		 9.614507
b2 		 2 		 9.408671
b2 		 3 		 9.614507
b2 		 4 		 9.614507
b2 		 5 		 9.408671
b2 		 6 		 9.408671
b2 		 7 		 9.408671
b2 		 8 		 9.408671
b2 		 9 		 9.408671
b2 		 10 		 9.408671
b2 		 11 		 9.408671
b2 		 12 		 9.408671
b2 		 13 		 9.408671
b2 		 14 		 9.408671
b2 		 15 		 9.408671
b2 		 16 		 9.408671
b2 		 17 		 9.408671
b2 		 18 		 9.408671
b2 		 19 		 9.408671
b2 		 20 		 9.408671
b2 		 21 		 9.408671
b2 		 22 		 9.408671
b2 		 23 		 9.408671
b2 		 24 		 9.408671
b2 		 25 		 9.408671
b2 		 26 		 9.408671
b2 		 27 		 9.408671
b2 		 28 		 9.408671
b2 		 29 		 9.408671
b2 		 30 		 9.408671
b2 		 31 		 9.408671
b2 		 32 		 9.408671
b2 		 33 		 9.614507
b2 		 34 		 9.614507
b2 		 35 		 9.614507
b2 		 36 		 9.614507
b2 		 37 		 9.614507
b2 		 38 		 9.614507
b2 		 39 		 9.614507
b2 		 40 		 9.614507
b2 		 41 		 9.614507
b2 		 42 		 9.614507
b2 		 43 		 9.614507
b2 		 44 		 9.614507
b2 		 45 		 9.614507
b2 		 46 		 9.614507
b2 		 47 		 9.614507
b2 		 48 		 9.614507
b2 		 49 		 9.614507
b2 		 50 		 9.614507
b2 		 51 		 9.614507
b2 		 52 		 10.824293
b2 		 53 		 10.824293
b2 		 54 		 10.824293
b2 		 55 		 10.824293
b2 		 56 		 10.824293
b2 		 57 		 10.824293
b2 		 58 		 10.824293
b2 		 59 		 10.824293
b2 		 60 		 10.626394
b2 		 61 		 11.022192
b2 		 62 		 10.824293
b2 		 63 		 11.022192
b2 		 64 		 11.022192
b2 		 65 		 11.022192
b2 		 66 		 11.022192
b2 		 67 		 11.022192
b2 		 68 		 11.022192
b2 		 69 		 10.824293
b2 		 70 		 10.824293
b2 		 71 		 11.022192
b2 		 72 		 11.022192
b2 		 73 		 10.626394
b2 		 74 		 10.824293
b2 		 75 		 10.824293
b2 		 76 		 10.824293
b2 		 77 		 9.614507
b2 		 78 		 9.614507
b2 		 79 		 9.614507
b2 		 80 		 9.614507
b2 		 81 		 11.022192
b2 		 82 		 10.626394
b2 		 83 		 11.022192
b2 		 84 		 11.022192
b2 		 85 		 9.614507
b2 		 86 		 9.614507
b2 		 87 		 10.824293
b2 		 88 		 9.614507
b2 		 89 		 9.614507
b2 		 90 		 9.614507
b2 		 91 		 9.614507
b2 		 92 		 9.614507
b2 		 93 		 9.614507
b2 		 94 		 9.614507
b2 		 95 		 9.614507
b2 		 96 		 9.614507
----------------------------------------------------------------------------------------------------
b3 		 1 		 9.614507
b3 		 2 		 9.408671
b3 		 3 		 9.614507
b3 		 4 		 9.614507
b3 		 5 		 9.408671
b3 		 6 		 9.408671
b3 		 7 		 9.408671
b3 		 8 		 9.408671
b3 		 9 		 9.408671
b3 		 10 		 9.408671
b3 		 11 		 9.408671
b3 		 12 		 9.408671
b3 		 13 		 9.408671
b3 		 14 		 9.408671
b3 		 15 		 9.408671
b3 		 16 		 9.408671
b3 		 17 		 9.408671
b3 		 18 		 9.408671
b3 		 19 		 9.408671
b3 		 20 		 9.408671
b3 		 21 		 9.408671
b3 		 22 		 9.408671
b3 		 23 		 9.408671
b3 		 24 		 9.408671
b3 		 25 		 9.408671
b3 		 26 		 9.408671
b3 		 27 		 9.408671
b3 		 28 		 9.408671
b3 		 29 		 9.408671
b3 		 30 		 9.408671
b3 		 31 		 9.408671
b3 		 32 		 9.408671
b3 		 33 		 9.614507
b3 		 34 		 9.614507
b3 		 35 		 9.614507
b3 		 36 		 9.614507
b3 		 37 		 9.614507
b3 		 38 		 9.614507
b3 		 39 		 9.614507
b3 		 40 		 9.614507
b3 		 41 		 9.614507
b3 		 42 		 9.614507
b3 		 43 		 9.614507
b3 		 44 		 9.614507
b3 		 45 		 9.614507
b3 		 46 		 9.614507
b3 		 47 		 9.614507
b3 		 48 		 9.614507
b3 		 49 		 9.614507
b3 		 50 		 9.614507
b3 		 51 		 9.614507
b3 		 52 		 10.824293
b3 		 53 		 10.824293
b3 		 54 		 10.824293
b3 		 55 		 10.824293
b3 		 56 		 10.824293
b3 		 57 		 10.824293
b3 		 58 		 10.824293
b3 		 59 		 10.824293
b3 		 60 		 10.626394
b3 		 61 		 11.022192
b3 		 62 		 10.824293
b3 		 63 		 11.022192
b3 		 64 		 11.022192
b3 		 65 		 11.022192
b3 		 66 		 11.022192
b3 		 67 		 11.022192
b3 		 68 		 11.022192
b3 		 69 		 10.824293
b3 		 70 		 10.824293
b3 		 71 		 11.022192
b3 		 72 		 11.022192
b3 		 73 		 10.626394
b3 		 74 		 10.824293
b3 		 75 		 10.824293
b3 		 76 		 10.824293
b3 		 77 		 9.614507
b3 		 78 		 9.614507
b3 		 79 		 9.614507
b3 		 80 		 9.614507
b3 		 81 		 11.022192
b3 		 82 		 10.626394
b3 		 83 		 11.022192
b3 		 84 		 11.022192
b3 		 85 		 9.614507
b3 		 86 		 9.614507
b3 		 87 		 10.824293
b3 		 88 		 9.614507
b3 		 89 		 9.614507
b3 		 90 		 9.614507
b3 		 91 		 9.614507
b3 		 92 		 9.614507
b3 		 93 		 9.614507
b3 		 94 		 9.614507
b3 		 95 		 9.614507
b3 		 96 		 9.614507
----------------------------------------------------------------------------------------------------
b4 		 1 		 9.614507
b4 		 2 		 9.408671
b4 		 3 		 9.614507
b4 		 4 		 9.614507
b4 		 5 		 9.408671
b4 		 6 		 9.408671
b4 		 7 		 9.408671
b4 		 8 		 9.408671
b4 		 9 		 9.408671
b4 		 10 		 9.408671
b4 		 11 		 9.408671
b4 		 12 		 9.408671
b4 		 13 		 9.408671
b4 		 14 		 9.408671
b4 		 15 		 9.408671
b4 		 16 		 9.408671
b4 		 17 		 9.408671
b4 		 18 		 9.408671
b4 		 19 		 9.408671
b4 		 20 		 9.408671
b4 		 21 		 9.408671
b4 		 22 		 9.408671
b4 		 23 		 9.408671
b4 		 24 		 9.408671
b4 		 25 		 9.408671
b4 		 26 		 9.408671
b4 		 27 		 9.408671
b4 		 28 		 9.408671
b4 		 29 		 9.408671
b4 		 30 		 9.408671
b4 		 31 		 9.408671
b4 		 32 		 9.408671
b4 		 33 		 9.614507
b4 		 34 		 9.614507
b4 		 35 		 9.614507
b4 		 36 		 9.614507
b4 		 37 		 9.614507
b4 		 38 		 9.614507
b4 		 39 		 9.614507
b4 		 40 		 9.614507
b4 		 41 		 9.614507
b4 		 42 		 9.614507
b4 		 43 		 9.614507
b4 		 44 		 9.614507
b4 		 45 		 9.614507
b4 		 46 		 9.614507
b4 		 47 		 9.614507
b4 		 48 		 9.614507
b4 		 49 		 9.614507
b4 		 50 		 9.614507
b4 		 51 		 9.614507
b4 		 52 		 10.824293
b4 		 53 		 10.824293
b4 		 54 		 10.824293
b4 		 55 		 10.824293
b4 		 56 		 10.824293
b4 		 57 		 10.824293
b4 		 58 		 10.824293
b4 		 59 		 10.824293
b4 		 60 		 10.626394
b4 		 61 		 11.022192
b4 		 62 		 10.824293
b4 		 63 		 11.022192
b4 		 64 		 11.022192
b4 		 65 		 11.022192
b4 		 66 		 11.022192
b4 		 67 		 11.022192
b4 		 68 		 11.022192
b4 		 69 		 10.824293
b4 		 70 		 10.824293
b4 		 71 		 11.022192
b4 		 72 		 11.022192
b4 		 73 		 10.626394
b4 		 74 		 10.824293
b4 		 75 		 10.824293
b4 		 76 		 10.824293
b4 		 77 		 9.614507
b4 		 78 		 9.614507
b4 		 79 		 9.614507
b4 		 80 		 9.614507
b4 		 81 		 11.022192
b4 		 82 		 10.626394
b4 		 83 		 11.022192
b4 		 84 		 11.022192
b4 		 85 		 9.614507
b4 		 86 		 9.614507
b4 		 87 		 10.824293
b4 		 88 		 9.614507
b4 		 89 		 9.614507
b4 		 90 		 9.614507
b4 		 91 		 9.614507
b4 		 92 		 9.614507
b4 		 93 		 9.614507
b4 		 94 		 9.614507
b4 		 95 		 9.614507
b4 		 96 		 9.614507
----------------------------------------------------------------------------------------------------
b5 		 1 		 9.614507
b5 		 2 		 9.408671
b5 		 3 		 9.614507
b5 		 4 		 9.614507
b5 		 5 		 9.408671
b5 		 6 		 9.408671
b5 		 7 		 9.408671
b5 		 8 		 9.408671
b5 		 9 		 9.408671
b5 		 10 		 9.408671
b5 		 11 		 9.408671
b5 		 12 		 9.408671
b5 		 13 		 9.408671
b5 		 14 		 9.408671
b5 		 15 		 9.408671
b5 		 16 		 9.408671
b5 		 17 		 9.408671
b5 		 18 		 9.408671
b5 		 19 		 9.408671
b5 		 20 		 9.408671
b5 		 21 		 9.408671
b5 		 22 		 9.408671
b5 		 23 		 9.408671
b5 		 24 		 9.408671
b5 		 25 		 9.408671
b5 		 26 		 9.408671
b5 		 27 		 9.408671
b5 		 28 		 9.408671
b5 		 29 		 9.408671
b5 		 30 		 9.408671
b5 		 31 		 9.408671
b5 		 32 		 9.408671
b5 		 33 		 9.614507
b5 		 34 		 9.614507
b5 		 35 		 9.614507
b5 		 36 		 9.614507
b5 		 37 		 9.614507
b5 		 38 		 9.614507
b5 		 39 		 9.614507
b5 		 40 		 9.614507
b5 		 41 		 9.614507
b5 		 42 		 9.614507
b5 		 43 		 9.614507
b5 		 44 		 9.614507
b5 		 45 		 9.614507
b5 		 46 		 9.614507
b5 		 47 		 9.614507
b5 		 48 		 9.614507
b5 		 49 		 9.614507
b5 		 50 		 9.614507
b5 		 51 		 9.614507
b5 		 52 		 10.824293
b5 		 53 		 10.824293
b5 		 54 		 10.824293
b5 		 55 		 10.824293
b5 		 56 		 10.824293
b5 		 57 		 10.824293
b5 		 58 		 10.824293
b5 		 59 		 10.824293
b5 		 60 		 10.626394
b5 		 61 		 11.022192
b5 		 62 		 10.824293
b5 		 63 		 11.022192
b5 		 64 		 11.022192
b5 		 65 		 11.022192
b5 		 66 		 11.022192
b5 		 67 		 11.022192
b5 		 68 		 11.022192
b5 		 69 		 10.824293
b5 		 70 		 10.824293
b5 		 71 		 11.022192
b5 		 72 		 11.022192
b5 		 73 		 10.626394
b5 		 74 		 10.824293
b5 		 75 		 10.824293
b5 		 76 		 10.824293
b5 		 77 		 9.614507
b5 		 78 		 9.614507
b5 		 79 		 9.614507
b5 		 80 		 9.614507
b5 		 81 		 11.022192
b5 		 82 		 10.626394
b5 		 83 		 11.022192
b5 		 84 		 11.022192
b5 		 85 		 9.614507
b5 		 86 		 9.614507
b5 		 87 		 10.824293
b5 		 88 		 9.614507
b5 		 89 		 9.614507
b5 		 90 		 9.614507
b5 		 91 		 9.614507
b5 		 92 		 9.614507
b5 		 93 		 9.614507
b5 		 94 		 9.614507
b5 		 95 		 9.614507
b5 		 96 		 9.614507
----------------------------------------------------------------------------------------------------
b6 		 1 		 9.614507
b6 		 2 		 9.408671
b6 		 3 		 9.614507
b6 		 4 		 9.614507
b6 		 5 		 9.408671
b6 		 6 		 9.408671
b6 		 7 		 9.408671
b6 		 8 		 9.408671
b6 		 9 		 9.408671
b6 		 10 		 9.408671
b6 		 11 		 9.408671
b6 		 12 		 9.408671
b6 		 13 		 9.408671
b6 		 14 		 9.408671
b6 		 15 		 9.408671
b6 		 16 		 9.408671
b6 		 17 		 9.408671
b6 		 18 		 9.408671
b6 		 19 		 9.408671
b6 		 20 		 9.408671
b6 		 21 		 9.408671
b6 		 22 		 9.408671
b6 		 23 		 9.408671
b6 		 24 		 9.408671
b6 		 25 		 9.408671
b6 		 26 		 9.408671
b6 		 27 		 9.408671
b6 		 28 		 9.408671
b6 		 29 		 9.408671
b6 		 30 		 9.408671
b6 		 31 		 9.408671
b6 		 32 		 9.408671
b6 		 33 		 9.614507
b6 		 34 		 9.614507
b6 		 35 		 9.614507
b6 		 36 		 9.614507
b6 		 37 		 9.614507
b6 		 38 		 9.614507
b6 		 39 		 9.614507
b6 		 40 		 9.614507
b6 		 41 		 9.614507
b6 		 42 		 9.614507
b6 		 43 		 9.614507
b6 		 44 		 9.614507
b6 		 45 		 9.614507
b6 		 46 		 9.614507
b6 		 47 		 9.614507
b6 		 48 		 9.614507
b6 		 49 		 9.614507
b6 		 50 		 9.614507
b6 		 51 		 9.614507
b6 		 52 		 10.824293
b6 		 53 		 10.824293
b6 		 54 		 10.824293
b6 		 55 		 10.824293
b6 		 56 		 10.824293
b6 		 57 		 10.824293
b6 		 58 		 10.824293
b6 		 59 		 10.824293
b6 		 60 		 10.626394
b6 		 61 		 11.022192
b6 		 62 		 10.824293
b6 		 63 		 11.022192
b6 		 64 		 11.022192
b6 		 65 		 11.022192
b6 		 66 		 11.022192
b6 		 67 		 11.022192
b6 		 68 		 11.022192
b6 		 69 		 10.824293
b6 		 70 		 10.824293
b6 		 71 		 11.022192
b6 		 72 		 11.022192
b6 		 73 		 10.626394
b6 		 74 		 10.824293
b6 		 75 		 10.824293
b6 		 76 		 10.824293
b6 		 77 		 9.614507
b6 		 78 		 9.614507
b6 		 79 		 9.614507
b6 		 80 		 9.614507
b6 		 81 		 11.022192
b6 		 82 		 10.626394
b6 		 83 		 11.022192
b6 		 84 		 11.022192
b6 		 85 		 9.614507
b6 		 86 		 9.614507
b6 		 87 		 10.824293
b6 		 88 		 9.614507
b6 		 89 		 9.614507
b6 		 90 		 9.614507
b6 		 91 		 9.614507
b6 		 92 		 9.614507
b6 		 93 		 9.614507
b6 		 94 		 9.614507
b6 		 95 		 9.614507
b6 		 96 		 9.614507
----------------------------------------------------------------------------------------------------
b7 		 1 		 9.614507
b7 		 2 		 9.408671
b7 		 3 		 9.614507
b7 		 4 		 9.614507
b7 		 5 		 9.408671
b7 		 6 		 9.408671
b7 		 7 		 9.408671
b7 		 8 		 9.408671
b7 		 9 		 9.408671
b7 		 10 		 9.408671
b7 		 11 		 9.408671
b7 		 12 		 9.408671
b7 		 13 		 9.408671
b7 		 14 		 9.408671
b7 		 15 		 9.408671
b7 		 16 		 9.408671
b7 		 17 		 9.408671
b7 		 18 		 9.408671
b7 		 19 		 9.408671
b7 		 20 		 9.408671
b7 		 21 		 9.408671
b7 		 22 		 9.408671
b7 		 23 		 9.408671
b7 		 24 		 9.408671
b7 		 25 		 9.408671
b7 		 26 		 9.408671
b7 		 27 		 9.408671
b7 		 28 		 9.408671
b7 		 29 		 9.408671
b7 		 30 		 9.408671
b7 		 31 		 9.408671
b7 		 32 		 9.408671
b7 		 33 		 9.614507
b7 		 34 		 9.614507
b7 		 35 		 9.614507
b7 		 36 		 9.614507
b7 		 37 		 9.614507
b7 		 38 		 9.614507
b7 		 39 		 9.614507
b7 		 40 		 9.614507
b7 		 41 		 9.614507
b7 		 42 		 9.614507
b7 		 43 		 9.614507
b7 		 44 		 9.614507
b7 		 45 		 9.614507
b7 		 46 		 9.614507
b7 		 47 		 9.614507
b7 		 48 		 9.614507
b7 		 49 		 9.614507
b7 		 50 		 9.614507
b7 		 51 		 9.614507
b7 		 52 		 10.824293
b7 		 53 		 10.824293
b7 		 54 		 10.824293
b7 		 55 		 10.824293
b7 		 56 		 10.824293
b7 		 57 		 10.824293
b7 		 58 		 10.824293
b7 		 59 		 10.824293
b7 		 60 		 10.626394
b7 		 61 		 11.022192
b7 		 62 		 10.824293
b7 		 63 		 11.022192
b7 		 64 		 11.022192
b7 		 65 		 11.022192
b7 		 66 		 11.022192
b7 		 67 		 11.022192
b7 		 68 		 11.022192
b7 		 69 		 10.824293
b7 		 70 		 10.824293
b7 		 71 		 11.022192
b7 		 72 		 11.022192
b7 		 73 		 10.626394
b7 		 74 		 10.824293
b7 		 75 		 10.824293
b7 		 76 		 10.824293
b7 		 77 		 9.614507
b7 		 78 		 9.614507
b7 		 79 		 9.614507
b7 		 80 		 9.614507
b7 		 81 		 11.022192
b7 		 82 		 10.626394
b7 		 83 		 11.022192
b7 		 84 		 11.022192
b7 		 85 		 9.614507
b7 		 86 		 9.614507
b7 		 87 		 10.824293
b7 		 88 		 9.614507
b7 		 89 		 9.614507
b7 		 90 		 9.614507
b7 		 91 		 9.614507
b7 		 92 		 9.614507
b7 		 93 		 9.614507
b7 		 94 		 9.614507
b7 		 95 		 9.614507
b7 		 96 		 9.614507
----------------------------------------------------------------------------------------------------
b8 		 1 		 9.614507
b8 		 2 		 9.408671
b8 		 3 		 9.614507
b8 		 4 		 9.614507
b8 		 5 		 9.408671
b8 		 6 		 9.408671
b8 		 7 		 9.408671
b8 		 8 		 9.408671
b8 		 9 		 9.408671
b8 		 10 		 9.408671
b8 		 11 		 9.408671
b8 		 12 		 9.408671
b8 		 13 		 9.408671
b8 		 14 		 9.408671
b8 		 15 		 9.408671
b8 		 16 		 9.408671
b8 		 17 		 9.408671
b8 		 18 		 9.408671
b8 		 19 		 9.408671
b8 		 20 		 9.408671
b8 		 21 		 9.408671
b8 		 22 		 9.408671
b8 		 23 		 9.408671
b8 		 24 		 9.408671
b8 		 25 		 9.408671
b8 		 26 		 9.408671
b8 		 27 		 9.408671
b8 		 28 		 9.408671
b8 		 29 		 9.408671
b8 		 30 		 9.408671
b8 		 31 		 9.408671
b8 		 32 		 9.408671
b8 		 33 		 9.614507
b8 		 34 		 9.614507
b8 		 35 		 9.614507
b8 		 36 		 9.614507
b8 		 37 		 9.614507
b8 		 38 		 9.614507
b8 		 39 		 9.614507
b8 		 40 		 9.614507
b8 		 41 		 9.614507
b8 		 42 		 9.614507
b8 		 43 		 9.614507
b8 		 44 		 9.614507
b8 		 45 		 9.614507
b8 		 46 		 9.614507
b8 		 47 		 9.614507
b8 		 48 		 9.614507
b8 		 49 		 9.614507
b8 		 50 		 9.614507
b8 		 51 		 9.614507
b8 		 52 		 10.824293
b8 		 53 		 10.824293
b8 		 54 		 10.824293
b8 		 55 		 10.824293
b8 		 56 		 10.824293
b8 		 57 		 10.824293
b8 		 58 		 10.824293
b8 		 59 		 10.824293
b8 		 60 		 10.626394
b8 		 61 		 11.022192
b8 		 62 		 10.824293
b8 		 63 		 11.022192
b8 		 64 		 11.022192
b8 		 65 		 11.022192
b8 		 66 		 11.022192
b8 		 67 		 11.022192
b8 		 68 		 11.022192
b8 		 69 		 10.824293
b8 		 70 		 10.824293
b8 		 71 		 11.022192
b8 		 72 		 11.022192
b8 		 73 		 10.626394
b8 		 74 		 10.824293
b8 		 75 		 10.824293
b8 		 76 		 10.824293
b8 		 77 		 9.614507
b8 		 78 		 9.614507
b8 		 79 		 9.614507
b8 		 80 		 9.614507
b8 		 81 		 11.022192
b8 		 82 		 10.626394
b8 		 83 		 11.022192
b8 		 84 		 11.022192
b8 		 85 		 9.614507
b8 		 86 		 9.614507
b8 		 87 		 10.824293
b8 		 88 		 9.614507
b8 		 89 		 9.614507
b8 		 90 		 9.614507
b8 		 91 		 9.614507
b8 		 92 		 9.614507
b8 		 93 		 9.614507
b8 		 94 		 9.614507
b8 		 95 		 9.614507
b8 		 96 		 9.614507
----------------------------------------------------------------------------------------------------
b9 		 1 		 9.614507
b9 		 2 		 9.408671
b9 		 3 		 9.614507
b9 		 4 		 9.614507
b9 		 5 		 9.408671
b9 		 6 		 9.408671
b9 		 7 		 9.408671
b9 		 8 		 9.408671
b9 		 9 		 9.408671
b9 		 10 		 9.408671
b9 		 11 		 9.408671
b9 		 12 		 9.408671
b9 		 13 		 9.408671
b9 		 14 		 9.408671
b9 		 15 		 9.408671
b9 		 16 		 9.408671
b9 		 17 		 9.408671
b9 		 18 		 9.408671
b9 		 19 		 9.408671
b9 		 20 		 9.408671
b9 		 21 		 9.408671
b9 		 22 		 9.408671
b9 		 23 		 9.408671
b9 		 24 		 9.408671
b9 		 25 		 9.408671
b9 		 26 		 9.408671
b9 		 27 		 9.408671
b9 		 28 		 9.408671
b9 		 29 		 9.408671
b9 		 30 		 9.408671
b9 		 31 		 9.408671
b9 		 32 		 9.408671
b9 		 33 		 9.614507
b9 		 34 		 9.614507
b9 		 35 		 9.614507
b9 		 36 		 9.614507
b9 		 37 		 9.614507
b9 		 38 		 9.614507
b9 		 39 		 9.614507
b9 		 40 		 9.614507
b9 		 41 		 9.614507
b9 		 42 		 9.614507
b9 		 43 		 9.614507
b9 		 44 		 9.614507
b9 		 45 		 9.614507
b9 		 46 		 9.614507
b9 		 47 		 9.614507
b9 		 48 		 9.614507
b9 		 49 		 9.614507
b9 		 50 		 9.614507
b9 		 51 		 9.614507
b9 		 52 		 10.824293
b9 		 53 		 10.824293
b9 		 54 		 10.824293
b9 		 55 		 10.824293
b9 		 56 		 10.824293
b9 		 57 		 10.824293
b9 		 58 		 10.824293
b9 		 59 		 10.824293
b9 		 60 		 10.626394
b9 		 61 		 11.022192
b9 		 62 		 10.824293
b9 		 63 		 11.022192
b9 		 64 		 11.022192
b9 		 65 		 11.022192
b9 		 66 		 11.022192
b9 		 67 		 11.022192
b9 		 68 		 11.022192
b9 		 69 		 10.824293
b9 		 70 		 10.824293
b9 		 71 		 11.022192
b9 		 72 		 11.022192
b9 		 73 		 10.626394
b9 		 74 		 10.824293
b9 		 75 		 10.824293
b9 		 76 		 10.824293
b9 		 77 		 9.614507
b9 		 78 		 9.614507
b9 		 79 		 9.614507
b9 		 80 		 9.614507
b9 		 81 		 11.022192
b9 		 82 		 10.626394
b9 		 83 		 11.022192
b9 		 84 		 11.022192
b9 		 85 		 9.614507
b9 		 86 		 9.614507
b9 		 87 		 10.824293
b9 		 88 		 9.614507
b9 		 89 		 9.614507
b9 		 90 		 9.614507
b9 		 91 		 9.614507
b9 		 92 		 9.614507
b9 		 93 		 9.614507
b9 		 94 		 9.614507
b9 		 95 		 9.614507
b9 		 96 		 9.614507
----------------------------------------------------------------------------------------------------
b10 		 1 		 9.614507
b10 		 2 		 9.408671
b10 		 3 		 9.614507
b10 		 4 		 9.614507
b10 		 5 		 9.408671
b10 		 6 		 9.408671
b10 		 7 		 9.408671
b10 		 8 		 9.408671
b10 		 9 		 9.408671
b10 		 10 		 9.408671
b10 		 11 		 9.408671
b10 		 12 		 9.408671
b10 		 13 		 9.408671
b10 		 14 		 9.408671
b10 		 15 		 9.408671
b10 		 16 		 9.408671
b10 		 17 		 9.408671
b10 		 18 		 9.408671
b10 		 19 		 9.408671
b10 		 20 		 9.408671
b10 		 21 		 9.408671
b10 		 22 		 9.408671
b10 		 23 		 9.408671
b10 		 24 		 9.408671
b10 		 25 		 9.408671
b10 		 26 		 9.408671
b10 		 27 		 9.408671
b10 		 28 		 9.408671
b10 		 29 		 9.408671
b10 		 30 		 9.408671
b10 		 31 		 9.408671
b10 		 32 		 9.408671
b10 		 33 		 9.614507
b10 		 34 		 9.614507
b10 		 35 		 9.614507
b10 		 36 		 9.614507
b10 		 37 		 9.614507
b10 		 38 		 9.614507
b10 		 39 		 9.614507
b10 		 40 		 9.614507
b10 		 41 		 9.614507
b10 		 42 		 9.614507
b10 		 43 		 9.614507
b10 		 44 		 9.614507
b10 		 45 		 9.614507
b10 		 46 		 9.614507
b10 		 47 		 9.614507
b10 		 48 		 9.614507
b10 		 49 		 9.614507
b10 		 50 		 9.614507
b10 		 51 		 9.614507
b10 		 52 		 10.824293
b10 		 53 		 10.824293
b10 		 54 		 10.824293
b10 		 55 		 10.824293
b10 		 56 		 10.824293
b10 		 57 		 10.824293
b10 		 58 		 10.824293
b10 		 59 		 10.824293
b10 		 60 		 10.626394
b10 		 61 		 11.022192
b10 		 62 		 10.824293
b10 		 63 		 11.022192
b10 		 64 		 11.022192
b10 		 65 		 11.022192
b10 		 66 		 11.022192
b10 		 67 		 11.022192
b10 		 68 		 11.022192
b10 		 69 		 10.824293
b10 		 70 		 10.824293
b10 		 71 		 11.022192
b10 		 72 		 11.022192
b10 		 73 		 10.626394
b10 		 74 		 10.824293
b10 		 75 		 10.824293
b10 		 76 		 10.824293
b10 		 77 		 9.614507
b10 		 78 		 9.614507
b10 		 79 		 9.614507
b10 		 80 		 9.614507
b10 		 81 		 11.022192
b10 		 82 		 10.626394
b10 		 83 		 11.022192
b10 		 84 		 11.022192
b10 		 85 		 9.614507
b10 		 86 		 9.614507
b10 		 87 		 10.824293
b10 		 88 		 9.614507
b10 		 89 		 9.614507
b10 		 90 		 9.614507
b10 		 91 		 9.614507
b10 		 92 		 9.614507
b10 		 93 		 9.614507
b10 		 94 		 9.614507
b10 		 95 		 9.614507
b10 		 96 		 9.614507
----------------------------------------------------------------------------------------------------
b11 		 1 		 9.614507
b11 		 2 		 9.408671
b11 		 3 		 9.614507
b11 		 4 		 9.614507
b11 		 5 		 9.408671
b11 		 6 		 9.408671
b11 		 7 		 9.408671
b11 		 8 		 9.408671
b11 		 9 		 9.408671
b11 		 10 		 9.408671
b11 		 11 		 9.408671
b11 		 12 		 9.408671
b11 		 13 		 9.408671
b11 		 14 		 9.408671
b11 		 15 		 9.408671
b11 		 16 		 9.408671
b11 		 17 		 9.408671
b11 		 18 		 9.408671
b11 		 19 		 9.408671
b11 		 20 		 9.408671
b11 		 21 		 9.408671
b11 		 22 		 9.408671
b11 		 23 		 9.408671
b11 		 24 		 9.408671
b11 		 25 		 9.408671
b11 		 26 		 9.408671
b11 		 27 		 9.408671
b11 		 28 		 9.408671
b11 		 29 		 9.408671
b11 		 30 		 9.408671
b11 		 31 		 9.408671
b11 		 32 		 9.408671
b11 		 33 		 9.614507
b11 		 34 		 9.614507
b11 		 35 		 9.614507
b11 		 36 		 9.614507
b11 		 37 		 9.614507
b11 		 38 		 9.614507
b11 		 39 		 9.614507
b11 		 40 		 9.614507
b11 		 41 		 9.614507
b11 		 42 		 9.614507
b11 		 43 		 9.614507
b11 		 44 		 9.614507
b11 		 45 		 9.614507
b11 		 46 		 9.614507
b11 		 47 		 9.614507
b11 		 48 		 9.614507
b11 		 49 		 9.614507
b11 		 50 		 9.614507
b11 		 51 		 9.614507
b11 		 52 		 10.824293
b11 		 53 		 10.824293
b11 		 54 		 10.824293
b11 		 55 		 10.824293
b11 		 56 		 10.824293
b11 		 57 		 10.824293
b11 		 58 		 10.824293
b11 		 59 		 10.824293
b11 		 60 		 10.626394
b11 		 61 		 11.022192
b11 		 62 		 10.824293
b11 		 63 		 11.022192
b11 		 64 		 11.022192
b11 		 65 		 11.022192
b11 		 66 		 11.022192
b11 		 67 		 11.022192
b11 		 68 		 11.022192
b11 		 69 		 10.824293
b11 		 70 		 10.824293
b11 		 71 		 11.022192
b11 		 72 		 11.022192
b11 		 73 		 10.626394
b11 		 74 		 10.824293
b11 		 75 		 10.824293
b11 		 76 		 10.824293
b11 		 77 		 9.614507
b11 		 78 		 9.614507
b11 		 79 		 9.614507
b11 		 80 		 9.614507
b11 		 81 		 11.022192
b11 		 82 		 10.626394
b11 		 83 		 11.022192
b11 		 84 		 11.022192
b11 		 85 		 9.614507
b11 		 86 		 9.614507
b11 		 87 		 10.824293
b11 		 88 		 9.614507
b11 		 89 		 9.614507
b11 		 90 		 9.614507
b11 		 91 		 9.614507
b11 		 92 		 9.614507
b11 		 93 		 9.614507
b11 		 94 		 9.614507
b11 		 95 		 9.614507
b11 		 96 		 9.614507
----------------------------------------------------------------------------------------------------
b12 		 1 		 9.614507
b12 		 2 		 9.408671
b12 		 3 		 9.614507
b12 		 4 		 9.614507
b12 		 5 		 9.408671
b12 		 6 		 9.408671
b12 		 7 		 9.408671
b12 		 8 		 9.408671
b12 		 9 		 9.408671
b12 		 10 		 9.408671
b12 		 11 		 9.408671
b12 		 12 		 9.408671
b12 		 13 		 9.408671
b12 		 14 		 9.408671
b12 		 15 		 9.408671
b12 		 16 		 9.408671
b12 		 17 		 9.408671
b12 		 18 		 9.408671
b12 		 19 		 9.408671
b12 		 20 		 9.408671
b12 		 21 		 9.408671
b12 		 22 		 9.408671
b12 		 23 		 9.408671
b12 		 24 		 9.408671
b12 		 25 		 9.408671
b12 		 26 		 9.408671
b12 		 27 		 9.408671
b12 		 28 		 9.408671
b12 		 29 		 9.408671
b12 		 30 		 9.408671
b12 		 31 		 9.408671
b12 		 32 		 9.408671
b12 		 33 		 9.614507
b12 		 34 		 9.614507
b12 		 35 		 9.614507
b12 		 36 		 9.614507
b12 		 37 		 9.614507
b12 		 38 		 9.614507
b12 		 39 		 9.614507
b12 		 40 		 9.614507
b12 		 41 		 9.614507
b12 		 42 		 9.614507
b12 		 43 		 9.614507
b12 		 44 		 9.614507
b12 		 45 		 9.614507
b12 		 46 		 9.614507
b12 		 47 		 9.614507
b12 		 48 		 9.614507
b12 		 49 		 9.614507
b12 		 50 		 9.614507
b12 		 51 		 9.614507
b12 		 52 		 10.824293
b12 		 53 		 10.824293
b12 		 54 		 10.824293
b12 		 55 		 10.824293
b12 		 56 		 10.824293
b12 		 57 		 10.824293
b12 		 58 		 10.824293
b12 		 59 		 10.824293
b12 		 60 		 10.626394
b12 		 61 		 11.022192
b12 		 62 		 10.824293
b12 		 63 		 11.022192
b12 		 64 		 11.022192
b12 		 65 		 11.022192
b12 		 66 		 11.022192
b12 		 67 		 11.022192
b12 		 68 		 11.022192
b12 		 69 		 10.824293
b12 		 70 		 10.824293
b12 		 71 		 11.022192
b12 		 72 		 11.022192
b12 		 73 		 10.626394
b12 		 74 		 10.824293
b12 		 75 		 10.824293
b12 		 76 		 10.824293
b12 		 77 		 9.614507
b12 		 78 		 9.614507
b12 		 79 		 9.614507
b12 		 80 		 9.614507
b12 		 81 		 11.022192
b12 		 82 		 10.626394
b12 		 83 		 11.022192
b12 		 84 		 11.022192
b12 		 85 		 9.614507
b12 		 86 		 9.614507
b12 		 87 		 10.824293
b12 		 88 		 9.614507
b12 		 89 		 9.614507
b12 		 90 		 9.614507
b12 		 91 		 9.614507
b12 		 92 		 9.614507
b12 		 93 		 9.614507
b12 		 94 		 9.614507
b12 		 95 		 9.614507
b12 		 96 		 9.614507
----------------------------------------------------------------------------------------------------
b13 		 1 		 9.614507
b13 		 2 		 9.408671
b13 		 3 		 9.614507
b13 		 4 		 9.614507
b13 		 5 		 9.408671
b13 		 6 		 9.408671
b13 		 7 		 9.408671
b13 		 8 		 9.408671
b13 		 9 		 9.408671
b13 		 10 		 9.408671
b13 		 11 		 9.408671
b13 		 12 		 9.408671
b13 		 13 		 9.408671
b13 		 14 		 9.408671
b13 		 15 		 9.408671
b13 		 16 		 9.408671
b13 		 17 		 9.408671
b13 		 18 		 9.408671
b13 		 19 		 9.408671
b13 		 20 		 9.408671
b13 		 21 		 9.408671
b13 		 22 		 9.408671
b13 		 23 		 9.408671
b13 		 24 		 9.408671
b13 		 25 		 9.408671
b13 		 26 		 9.408671
b13 		 27 		 9.408671
b13 		 28 		 9.408671
b13 		 29 		 9.408671
b13 		 30 		 9.408671
b13 		 31 		 9.408671
b13 		 32 		 9.408671
b13 		 33 		 9.614507
b13 		 34 		 9.614507
b13 		 35 		 9.614507
b13 		 36 		 9.614507
b13 		 37 		 9.614507
b13 		 38 		 9.614507
b13 		 39 		 9.614507
b13 		 40 		 9.614507
b13 		 41 		 9.614507
b13 		 42 		 9.614507
b13 		 43 		 9.614507
b13 		 44 		 9.614507
b13 		 45 		 9.614507
b13 		 46 		 9.614507
b13 		 47 		 9.614507
b13 		 48 		 9.614507
b13 		 49 		 9.614507
b13 		 50 		 9.614507
b13 		 51 		 9.614507
b13 		 52 		 10.824293
b13 		 53 		 10.824293
b13 		 54 		 10.824293
b13 		 55 		 10.824293
b13 		 56 		 10.824293
b13 		 57 		 10.824293
b13 		 58 		 10.824293
b13 		 59 		 10.824293
b13 		 60 		 10.626394
b13 		 61 		 11.022192
b13 		 62 		 10.824293
b13 		 63 		 11.022192
b13 		 64 		 11.022192
b13 		 65 		 11.022192
b13 		 66 		 11.022192
b13 		 67 		 11.022192
b13 		 68 		 11.022192
b13 		 69 		 10.824293
b13 		 70 		 10.824293
b13 		 71 		 11.022192
b13 		 72 		 11.022192
b13 		 73 		 10.626394
b13 		 74 		 10.824293
b13 		 75 		 10.824293
b13 		 76 		 10.824293
b13 		 77 		 9.614507
b13 		 78 		 9.614507
b13 		 79 		 9.614507
b13 		 80 		 9.614507
b13 		 81 		 11.022192
b13 		 82 		 10.626394
b13 		 83 		 11.022192
b13 		 84 		 11.022192
b13 		 85 		 9.614507
b13 		 86 		 9.614507
b13 		 87 		 10.824293
b13 		 88 		 9.614507
b13 		 89 		 9.614507
b13 		 90 		 9.614507
b13 		 91 		 9.614507
b13 		 92 		 9.614507
b13 		 93 		 9.614507
b13 		 94 		 9.614507
b13 		 95 		 9.614507
b13 		 96 		 9.614507
----------------------------------------------------------------------------------------------------
b14 		 1 		 9.614507
b14 		 2 		 9.408671
b14 		 3 		 9.614507
b14 		 4 		 9.614507
b14 		 5 		 9.408671
b14 		 6 		 9.408671
b14 		 7 		 9.408671
b14 		 8 		 9.408671
b14 		 9 		 9.408671
b14 		 10 		 9.408671
b14 		 11 		 9.408671
b14 		 12 		 9.408671
b14 		 13 		 9.408671
b14 		 14 		 9.408671
b14 		 15 		 9.408671
b14 		 16 		 9.408671
b14 		 17 		 9.408671
b14 		 18 		 9.408671
b14 		 19 		 9.408671
b14 		 20 		 9.408671
b14 		 21 		 9.408671
b14 		 22 		 9.408671
b14 		 23 		 9.408671
b14 		 24 		 9.408671
b14 		 25 		 9.408671
b14 		 26 		 9.408671
b14 		 27 		 9.408671
b14 		 28 		 9.408671
b14 		 29 		 9.408671
b14 		 30 		 9.408671
b14 		 31 		 9.408671
b14 		 32 		 9.408671
b14 		 33 		 9.614507
b14 		 34 		 9.614507
b14 		 35 		 9.614507
b14 		 36 		 9.614507
b14 		 37 		 9.614507
b14 		 38 		 9.614507
b14 		 39 		 9.614507
b14 		 40 		 9.614507
b14 		 41 		 9.614507
b14 		 42 		 9.614507
b14 		 43 		 9.614507
b14 		 44 		 9.614507
b14 		 45 		 9.614507
b14 		 46 		 9.614507
b14 		 47 		 9.614507
b14 		 48 		 9.614507
b14 		 49 		 9.614507
b14 		 50 		 9.614507
b14 		 51 		 9.614507
b14 		 52 		 10.824293
b14 		 53 		 10.824293
b14 		 54 		 10.824293
b14 		 55 		 10.824293
b14 		 56 		 10.824293
b14 		 57 		 10.824293
b14 		 58 		 10.824293
b14 		 59 		 10.824293
b14 		 60 		 10.626394
b14 		 61 		 11.022192
b14 		 62 		 10.824293
b14 		 63 		 11.022192
b14 		 64 		 11.022192
b14 		 65 		 11.022192
b14 		 66 		 11.022192
b14 		 67 		 11.022192
b14 		 68 		 11.022192
b14 		 69 		 10.824293
b14 		 70 		 10.824293
b14 		 71 		 11.022192
b14 		 72 		 11.022192
b14 		 73 		 10.626394
b14 		 74 		 10.824293
b14 		 75 		 10.824293
b14 		 76 		 10.824293
b14 		 77 		 9.614507
b14 		 78 		 9.614507
b14 		 79 		 9.614507
b14 		 80 		 9.614507
b14 		 81 		 11.022192
b14 		 82 		 10.626394
b14 		 83 		 11.022192
b14 		 84 		 11.022192
b14 		 85 		 9.614507
b14 		 86 		 9.614507
b14 		 87 		 10.824293
b14 		 88 		 9.614507
b14 		 89 		 9.614507
b14 		 90 		 9.614507
b14 		 91 		 9.614507
b14 		 92 		 9.614507
b14 		 93 		 9.614507
b14 		 94 		 9.614507
b14 		 95 		 9.614507
b14 		 96 		 9.614507
----------------------------------------------------------------------------------------------------
Total overall payments
----------------------------------------------------------------------------------------------------------------------------------------------------
total generation payment 	 total up-FRP payment 	 total dw-FRP payment 	 total pre-up t. payment 	 uplift payment 	 total post-up t. payment 	 profit
----------------------------------------------------------------------------------------------------------------------------------------------------
342766.66594299994 			 1966.9575840000002 			 0.0 			 344733.62352699996			 36714.529922 			 381448.153449 			 37659.107709
