****************************************************************************************************
 
Generation payment
----------------------------------------------------------------------------------------------------------------
unit	 time 	 generation payment 	 up-FRP payment 	 dw-FRP payment 	pre-up total payment
----------------------------------------------------------------------------------------------------------------
g1	 1 	 9912.237773 			 0.0 			 0.0			 9912.237773 
g1	 2 	 9211.472783 			 0.0 			 0.0			 9211.472783 
g1	 3 	 8758.957106 			 0.0 			 0.0			 8758.957106 
g1	 4 	 8531.509259 			 0.0 			 0.0			 8531.509259 
g1	 5 	 8591.005931 			 0.0 			 0.0			 8591.005931 
g1	 6 	 9101.319826 			 0.0 			 0.0			 9101.319826 
g1	 7 	 9435.235639 			 0.0 			 0.0			 9435.235639 
g1	 8 	 9632.484917 			 0.0 			 0.0			 9632.484917 
g1	 9 	 11018.410808 			 129.076635 			 0.0			 11147.487443 
g1	 10 	 11325.113534 			 0.0 			 0.0			 11325.113534 
g1	 11 	 11444.072794 			 0.0 			 0.0			 11444.072794 
g1	 12 	 12178.170805 			 0.0 			 0.0			 12178.170805 
g1	 13 	 13319.480201 			 0.0 			 0.0			 13319.480201 
g1	 14 	 13319.480201 			 0.0 			 0.0			 13319.480201 
g1	 15 	 13319.480201 			 0.0 			 0.0			 13319.480201 
g1	 16 	 15029.897021 			 0.0 			 0.0			 15029.897021 
g1	 17 	 15029.897021 			 0.0 			 0.0			 15029.897021 
g1	 18 	 15029.897021 			 0.0 			 0.0			 15029.897021 
g1	 19 	 13319.480201 			 0.0 			 0.0			 13319.480201 
g1	 20 	 13319.480201 			 0.0 			 0.0			 13319.480201 
g1	 21 	 13319.480201 			 0.0 			 0.0			 13319.480201 
g1	 22 	 14558.05073 			 180.717721 			 0.0			 14738.768451 
g1	 23 	 10790.045673 			 141.886593 			 0.0			 10931.932266 
g1	 24 	 11567.345968 			 0.0 			 0.0			 11567.345968 
----------------------------------------------------------------------------------------------------
g2	 1 	 0.0 			 0.0 			 0.0			 0.0 
g2	 2 	 0.0 			 0.0 			 0.0			 0.0 
g2	 3 	 0.0 			 0.0 			 0.0			 0.0 
g2	 4 	 0.0 			 0.0 			 0.0			 0.0 
g2	 5 	 0.0 			 0.0 			 0.0			 0.0 
g2	 6 	 0.0 			 0.0 			 0.0			 0.0 
g2	 7 	 545.943129 			 0.0 			 0.0			 545.943129 
g2	 8 	 1292.134703 			 0.0 			 0.0			 1292.134703 
g2	 9 	 1489.217978 			 204.184247 			 0.0			 1693.402225 
g2	 10 	 1292.134703 			 0.0 			 0.0			 1292.134703 
g2	 11 	 1292.134703 			 0.0 			 0.0			 1292.134703 
g2	 12 	 1292.134703 			 0.0 			 0.0			 1292.134703 
g2	 13 	 1648.084556 			 0.0 			 0.0			 1648.084556 
g2	 14 	 2186.933273 			 0.0 			 0.0			 2186.933273 
g2	 15 	 2536.965189 			 0.0 			 0.0			 2536.965189 
g2	 16 	 3043.832734 			 0.0 			 0.0			 3043.832734 
g2	 17 	 3320.858973 			 0.0 			 0.0			 3320.858973 
g2	 18 	 3219.518249 			 0.0 			 0.0			 3219.518249 
g2	 19 	 2237.726976 			 0.0 			 0.0			 2237.726976 
g2	 20 	 1751.143617 			 0.0 			 0.0			 1751.143617 
g2	 21 	 1568.581759 			 0.0 			 0.0			 1568.581759 
g2	 22 	 1594.234211 			 501.195741 			 0.0			 2095.429952 
g2	 23 	 2552.357596 			 0.0 			 0.0			 2552.357596 
g2	 24 	 0.0 			 0.0 			 0.0			 0.0 
----------------------------------------------------------------------------------------------------
g3	 1 	 0.0 			 0.0 			 0.0			 0.0 
g3	 2 	 0.0 			 0.0 			 0.0			 0.0 
g3	 3 	 0.0 			 0.0 			 0.0			 0.0 
g3	 4 	 0.0 			 0.0 			 0.0			 0.0 
g3	 5 	 0.0 			 0.0 			 0.0			 0.0 
g3	 6 	 0.0 			 0.0 			 0.0			 0.0 
g3	 7 	 0.0 			 0.0 			 0.0			 0.0 
g3	 8 	 0.0 			 0.0 			 0.0			 0.0 
g3	 9 	 0.0 			 0.0 			 0.0			 0.0 
g3	 10 	 0.0 			 0.0 			 0.0			 0.0 
g3	 11 	 842.004971 			 0.0 			 0.0			 842.004971 
g3	 12 	 842.004971 			 0.0 			 0.0			 842.004971 
g3	 13 	 892.043429 			 0.0 			 0.0			 892.043429 
g3	 14 	 892.043429 			 0.0 			 0.0			 892.043429 
g3	 15 	 892.043429 			 0.0 			 0.0			 892.043429 
g3	 16 	 1006.594903 			 0.0 			 0.0			 1006.594903 
g3	 17 	 1006.594903 			 0.0 			 0.0			 1006.594903 
g3	 18 	 1006.594903 			 0.0 			 0.0			 1006.594903 
g3	 19 	 892.043429 			 0.0 			 0.0			 892.043429 
g3	 20 	 892.043429 			 0.0 			 0.0			 892.043429 
g3	 21 	 892.043429 			 0.0 			 0.0			 892.043429 
g3	 22 	 1062.148487 			 0.0 			 0.0			 1062.148487 
g3	 23 	 0.0 			 0.0 			 0.0			 0.0 
g3	 24 	 0.0 			 0.0 			 0.0			 0.0 
----------------------------------------------------------------------------------------------------
g4	 1 	 0.0 			 0.0 			 0.0			 0.0 
g4	 2 	 0.0 			 0.0 			 0.0			 0.0 
g4	 3 	 0.0 			 0.0 			 0.0			 0.0 
g4	 4 	 0.0 			 0.0 			 0.0			 0.0 
g4	 5 	 0.0 			 0.0 			 0.0			 0.0 
g4	 6 	 0.0 			 0.0 			 0.0			 0.0 
g4	 7 	 0.0 			 0.0 			 0.0			 0.0 
g4	 8 	 0.0 			 0.0 			 0.0			 0.0 
g4	 9 	 0.0 			 0.0 			 0.0			 0.0 
g4	 10 	 0.0 			 0.0 			 0.0			 0.0 
g4	 11 	 0.0 			 0.0 			 0.0			 0.0 
g4	 12 	 0.0 			 0.0 			 0.0			 0.0 
g4	 13 	 0.0 			 0.0 			 0.0			 0.0 
g4	 14 	 0.0 			 0.0 			 0.0			 0.0 
g4	 15 	 0.0 			 0.0 			 0.0			 0.0 
g4	 16 	 0.0 			 0.0 			 0.0			 0.0 
g4	 17 	 0.0 			 0.0 			 0.0			 0.0 
g4	 18 	 0.0 			 0.0 			 0.0			 0.0 
g4	 19 	 0.0 			 0.0 			 0.0			 0.0 
g4	 20 	 0.0 			 0.0 			 0.0			 0.0 
g4	 21 	 0.0 			 0.0 			 0.0			 0.0 
g4	 22 	 0.0 			 0.0 			 0.0			 0.0 
g4	 23 	 0.0 			 0.0 			 0.0			 0.0 
g4	 24 	 0.0 			 0.0 			 0.0			 0.0 
----------------------------------------------------------------------------------------------------
g5	 1 	 0.0 			 0.0 			 0.0			 0.0 
g5	 2 	 0.0 			 0.0 			 0.0			 0.0 
g5	 3 	 0.0 			 0.0 			 0.0			 0.0 
g5	 4 	 0.0 			 0.0 			 0.0			 0.0 
g5	 5 	 0.0 			 0.0 			 0.0			 0.0 
g5	 6 	 0.0 			 0.0 			 0.0			 0.0 
g5	 7 	 0.0 			 0.0 			 0.0			 0.0 
g5	 8 	 0.0 			 0.0 			 0.0			 0.0 
g5	 9 	 0.0 			 0.0 			 0.0			 0.0 
g5	 10 	 0.0 			 0.0 			 0.0			 0.0 
g5	 11 	 0.0 			 0.0 			 0.0			 0.0 
g5	 12 	 0.0 			 0.0 			 0.0			 0.0 
g5	 13 	 0.0 			 0.0 			 0.0			 0.0 
g5	 14 	 0.0 			 0.0 			 0.0			 0.0 
g5	 15 	 0.0 			 0.0 			 0.0			 0.0 
g5	 16 	 0.0 			 0.0 			 0.0			 0.0 
g5	 17 	 0.0 			 0.0 			 0.0			 0.0 
g5	 18 	 0.0 			 0.0 			 0.0			 0.0 
g5	 19 	 0.0 			 0.0 			 0.0			 0.0 
g5	 20 	 0.0 			 0.0 			 0.0			 0.0 
g5	 21 	 0.0 			 0.0 			 0.0			 0.0 
g5	 22 	 0.0 			 0.0 			 0.0			 0.0 
g5	 23 	 0.0 			 0.0 			 0.0			 0.0 
g5	 24 	 0.0 			 0.0 			 0.0			 0.0 
----------------------------------------------------------------------------------------------------------------
unit 	 generation payment 	 up-FRP payment 	 dw-FRP payment 	pre-up total payment
----------------------------------------------------------------------------------------------------------------
 g1 	 281062.005815			 451.680949			 0.000000			 281513.686764
 g2 	 32863.937052			 705.379988			 0.000000			 33569.317040
 g3 	 11118.203712			 0.000000			 0.000000			 11118.203712
 g4 	 0.000000			 0.000000			 0.000000			 0.000000
 g5 	 0.000000			 0.000000			 0.000000			 0.000000
----------------------------------------------------------------------------------------------------
generation payment 	 up-FRP payment 	 dw-FRP payment 	 pre-up total payment
----------------------------------------------------------------------------------------------------
325044.146579 			 1157.060937 			 0.0 			 326201.20751599997
 
****************************************************************************************************
 
Generation costs
----------------------------------------------------------------------------------------------------
unit	 time 	 generation cost 	 start-up cost  	total cost
----------------------------------------------------------------------------------------------------
g1	 1 	 9572.836703 			 0.0 			9572.836703
g1	 2 	 9077.420684 			 0.0 			9077.420684
g1	 3 	 8624.905003 			 0.0 			8624.905003
g1	 4 	 8397.457155 			 0.0 			8397.457155
g1	 5 	 8456.953827 			 0.0 			8456.953827
g1	 6 	 8967.267726 			 0.0 			8967.267726
g1	 7 	 9252.345705 			 0.0 			9252.345705
g1	 8 	 9293.08385 			 0.0 			9293.08385
g1	 9 	 10060.940871 			 0.0 			10060.940871
g1	 10 	 10985.712471 			 0.0 			10985.712471
g1	 11 	 11104.671754 			 0.0 			11104.671754
g1	 12 	 11838.769766 			 0.0 			11838.769766
g1	 13 	 12232.933635 			 0.0 			12232.933635
g1	 14 	 12232.933635 			 0.0 			12232.933635
g1	 15 	 12232.933635 			 0.0 			12232.933635
g1	 16 	 12232.933635 			 0.0 			12232.933635
g1	 17 	 12232.933635 			 0.0 			12232.933635
g1	 18 	 12232.933635 			 0.0 			12232.933635
g1	 19 	 12232.933635 			 0.0 			12232.933635
g1	 20 	 12232.933635 			 0.0 			12232.933635
g1	 21 	 12232.933635 			 0.0 			12232.933635
g1	 22 	 11459.97098 			 0.0 			11459.97098
g1	 23 	 9845.385695 			 0.0 			9845.385695
g1	 24 	 11227.944903 			 0.0 			11227.944903
----------------------------------------------------------------------------------------------------
g2	 1 	 0.0 			 0.0 			0.0
g2	 2 	 0.0 			 0.0 			0.0
g2	 3 	 0.0 			 0.0 			0.0
g2	 4 	 0.0 			 0.0 			0.0
g2	 5 	 0.0 			 0.0 			0.0
g2	 6 	 0.0 			 0.0 			0.0
g2	 7 	 1413.979138 			 10598.13 			12012.109138
g2	 8 	 2139.086578 			 0.0 			2139.086578
g2	 9 	 2259.381186 			 0.0 			2259.381186
g2	 10 	 2139.086578 			 0.0 			2139.086578
g2	 11 	 2139.086578 			 0.0 			2139.086578
g2	 12 	 2139.086578 			 0.0 			2139.086578
g2	 13 	 2418.247788 			 0.0 			2418.247788
g2	 14 	 2957.096504 			 0.0 			2957.096504
g2	 15 	 3307.12842 			 0.0 			3307.12842
g2	 16 	 3474.226085 			 0.0 			3474.226085
g2	 17 	 3751.252326 			 0.0 			3751.252326
g2	 18 	 3649.911601 			 0.0 			3649.911601
g2	 19 	 3007.890207 			 0.0 			3007.890207
g2	 20 	 2521.306849 			 0.0 			2521.306849
g2	 21 	 2338.744991 			 0.0 			2338.744991
g2	 22 	 2139.086578 			 0.0 			2139.086578
g2	 23 	 3322.520802 			 0.0 			3322.520802
g2	 24 	 0.0 			 0.0 			0.0
----------------------------------------------------------------------------------------------------
g3	 1 	 0.0 			 0.0 			0.0
g3	 2 	 0.0 			 0.0 			0.0
g3	 3 	 0.0 			 0.0 			0.0
g3	 4 	 0.0 			 0.0 			0.0
g3	 5 	 0.0 			 0.0 			0.0
g3	 6 	 0.0 			 0.0 			0.0
g3	 7 	 0.0 			 0.0 			0.0
g3	 8 	 0.0 			 0.0 			0.0
g3	 9 	 0.0 			 0.0 			0.0
g3	 10 	 0.0 			 0.0 			0.0
g3	 11 	 1403.817649 			 4595.43 			5999.247649
g3	 12 	 1403.817649 			 0.0 			1403.817649
g3	 13 	 1403.817649 			 0.0 			1403.817649
g3	 14 	 1403.817649 			 0.0 			1403.817649
g3	 15 	 1403.817649 			 0.0 			1403.817649
g3	 16 	 1403.817649 			 0.0 			1403.817649
g3	 17 	 1403.817649 			 0.0 			1403.817649
g3	 18 	 1403.817649 			 0.0 			1403.817649
g3	 19 	 1403.817649 			 0.0 			1403.817649
g3	 20 	 1403.817649 			 0.0 			1403.817649
g3	 21 	 1403.817649 			 0.0 			1403.817649
g3	 22 	 1427.101444 			 0.0 			1427.101444
g3	 23 	 0.0 			 0.0 			0.0
g3	 24 	 0.0 			 0.0 			0.0
----------------------------------------------------------------------------------------------------
g4	 1 	 0.0 			 0.0 			0.0
g4	 2 	 0.0 			 0.0 			0.0
g4	 3 	 0.0 			 0.0 			0.0
g4	 4 	 0.0 			 0.0 			0.0
g4	 5 	 0.0 			 0.0 			0.0
g4	 6 	 0.0 			 0.0 			0.0
g4	 7 	 0.0 			 0.0 			0.0
g4	 8 	 0.0 			 0.0 			0.0
g4	 9 	 0.0 			 0.0 			0.0
g4	 10 	 0.0 			 0.0 			0.0
g4	 11 	 0.0 			 0.0 			0.0
g4	 12 	 0.0 			 0.0 			0.0
g4	 13 	 0.0 			 0.0 			0.0
g4	 14 	 0.0 			 0.0 			0.0
g4	 15 	 0.0 			 0.0 			0.0
g4	 16 	 0.0 			 0.0 			0.0
g4	 17 	 0.0 			 0.0 			0.0
g4	 18 	 0.0 			 0.0 			0.0
g4	 19 	 0.0 			 0.0 			0.0
g4	 20 	 0.0 			 0.0 			0.0
g4	 21 	 0.0 			 0.0 			0.0
g4	 22 	 0.0 			 0.0 			0.0
g4	 23 	 0.0 			 0.0 			0.0
g4	 24 	 0.0 			 0.0 			0.0
----------------------------------------------------------------------------------------------------
g5	 1 	 0.0 			 0.0 			0.0
g5	 2 	 0.0 			 0.0 			0.0
g5	 3 	 0.0 			 0.0 			0.0
g5	 4 	 0.0 			 0.0 			0.0
g5	 5 	 0.0 			 0.0 			0.0
g5	 6 	 0.0 			 0.0 			0.0
g5	 7 	 0.0 			 0.0 			0.0
g5	 8 	 0.0 			 0.0 			0.0
g5	 9 	 0.0 			 0.0 			0.0
g5	 10 	 0.0 			 0.0 			0.0
g5	 11 	 0.0 			 0.0 			0.0
g5	 12 	 0.0 			 0.0 			0.0
g5	 13 	 0.0 			 0.0 			0.0
g5	 14 	 0.0 			 0.0 			0.0
g5	 15 	 0.0 			 0.0 			0.0
g5	 16 	 0.0 			 0.0 			0.0
g5	 17 	 0.0 			 0.0 			0.0
g5	 18 	 0.0 			 0.0 			0.0
g5	 19 	 0.0 			 0.0 			0.0
g5	 20 	 0.0 			 0.0 			0.0
g5	 21 	 0.0 			 0.0 			0.0
g5	 22 	 0.0 			 0.0 			0.0
g5	 23 	 0.0 			 0.0 			0.0
g5	 24 	 0.0 			 0.0 			0.0
----------------------------------------------------------------------------------------------------
 
unit 	 generation 	 generation cost 	 start-up cost 	 total cost
----------------------------------------------------------------------------------------------------
g1 	 6925.674781			258262.069808			 0.000000		 258262.069808
g2 	 782.876395			45117.118787			 10598.130000		 55715.248787
g3 	 263.220226			16869.095583			 4595.430000		 21464.525583
g4 	 0.000000			0.000000			 0.000000		 0.000000
g5 	 0.000000			0.000000			 0.000000		 0.000000
----------------------------------------------------------------------------------------------------
 
generation cost 	 start-up cost 		 total cost
----------------------------------------------------------------------------------------------------
320248.28417799994 			 15193.56 			 335441.8441779999
----------------------------------------------------------------------------------------------------
uplift payment for generator g1: 0.0
uplift payment for generator g2: 22145.931747
uplift payment for generator g3: 10346.321871
uplift payment for generator g4: 0.0
uplift payment for generator g5: 0.0
 
****************************************************************************************************
 
dam Systemwide prices
----------------------------------------------------------------------------------------------------
time	 energy 	 up-FRP 	 dw-FRP
----------------------------------------------------------------------------------------------------
1 	 38.458029 		 0.0 		 0.0
2 	 37.634684 		 0.0 		 0.0
3 	 37.634684 		 0.0 		 0.0
4 	 37.634684 		 0.0 		 0.0
5 	 37.634684 		 0.0 		 0.0
6 	 37.634684 		 0.0 		 0.0
7 	 37.830499 		 0.0 		 0.0
8 	 38.458029 		 0.0 		 0.0
9 	 40.743503 		 2.285474 		 0.0
10 	 38.458029 		 0.0 		 0.0
11 	 38.458029 		 0.0 		 0.0
12 	 38.458029 		 0.0 		 0.0
13 	 40.743503 		 0.0 		 0.0
14 	 40.743503 		 0.0 		 0.0
15 	 40.743503 		 0.0 		 0.0
16 	 45.975567 		 0.0 		 0.0
17 	 45.975567 		 0.0 		 0.0
18 	 45.975567 		 0.0 		 0.0
19 	 40.743503 		 0.0 		 0.0
20 	 40.743503 		 0.0 		 0.0
21 	 40.743503 		 0.0 		 0.0
22 	 47.449469 		 8.99144 		 0.0
23 	 40.743503 		 2.285474 		 0.0
24 	 38.458029 		 0.0 		 0.0
 
****************************************************************************************************
 
dam Post-uplift payments
----------------------------------------------------------------------------------------------------------------------------------------------------
unit 	 generation payment 	 up-FRP payment 	 dw-FRP payment 	pre-up t. payment 	 uplift payments 	 post-up t. payment 	 profit
----------------------------------------------------------------------------------------------------------------------------------------------------
 g1 	 281062.005815			 451.680949			 0.000000			 281513.686764			 0.000000			 281513.686764		 23251.616956
 g2 	 32863.937052			 705.379988			 0.000000			 33569.317040			 22145.931747			 55715.248787		 0.000000
 g3 	 11118.203712			 0.000000			 0.000000			 11118.203712			 10346.321871			 21464.525583		 0.000000
 g4 	 0.000000			 0.000000			 0.000000			 0.000000			 0.000000			 0.000000		 0.000000
 g5 	 0.000000			 0.000000			 0.000000			 0.000000			 0.000000			 0.000000		 0.000000
