****************************************************************************************************
 
Generation payment
----------------------------------------------------------------------------------------------------------------
unit	 time 	 generation payment 	 up-FRP payment 	 dw-FRP payment 	pre-up total payment
----------------------------------------------------------------------------------------------------------------
g1	 1 	 179.51621 			 0.0 			 0.0			 179.51621 
g1	 2 	 335.972236 			 0.0 			 0.0			 335.972236 
g1	 3 	 -86.438288 			 0.0 			 0.0			 -86.438288 
g1	 4 	 183.055112 			 0.0 			 0.0			 183.055112 
g1	 5 	 -25.393569 			 0.0 			 0.0			 -25.393569 
g1	 6 	 91.445931 			 0.0 			 0.0			 91.445931 
g1	 7 	 -75.612625 			 0.0 			 0.0			 -75.612625 
g1	 8 	 226.142121 			 0.0 			 0.0			 226.142121 
g1	 9 	 146.57428 			 0.0 			 0.0			 146.57428 
g1	 10 	 203.077893 			 0.0 			 0.0			 203.077893 
g1	 11 	 209.496329 			 0.0 			 0.0			 209.496329 
g1	 12 	 202.138353 			 0.0 			 0.0			 202.138353 
g1	 13 	 142.084932 			 0.0 			 0.0			 142.084932 
g1	 14 	 -115.692904 			 0.0 			 0.0			 -115.692904 
g1	 15 	 37.82345 			 0.0 			 0.0			 37.82345 
g1	 16 	 81.824624 			 0.0 			 0.0			 81.824624 
g1	 17 	 5.479469 			 0.0 			 0.0			 5.479469 
g1	 18 	 143.024868 			 0.0 			 0.0			 143.024868 
g1	 19 	 344.4684 			 0.0 			 0.0			 344.4684 
g1	 20 	 89.821298 			 0.0 			 0.0			 89.821298 
g1	 21 	 -45434.982626 			 0.0 			 0.0			 -45434.982626 
g1	 22 	 97245.4375 			 0.0 			 0.0			 97245.4375 
g1	 23 	 162.369839 			 0.0 			 0.0			 162.369839 
g1	 24 	 159.735091 			 0.0 			 0.0			 159.735091 
g1	 25 	 249.882993 			 0.0 			 0.0			 249.882993 
g1	 26 	 -288.173306 			 0.0 			 0.0			 -288.173306 
g1	 27 	 167.915902 			 0.0 			 0.0			 167.915902 
g1	 28 	 263.381833 			 0.0 			 0.0			 263.381833 
g1	 29 	 9.651829 			 0.0 			 0.0			 9.651829 
g1	 30 	 159.844266 			 0.0 			 0.0			 159.844266 
g1	 31 	 159.844266 			 0.0 			 0.0			 159.844266 
g1	 32 	 159.844266 			 0.0 			 0.0			 159.844266 
g1	 33 	 151.746052 			 0.0 			 0.0			 151.746052 
g1	 34 	 151.746052 			 0.0 			 0.0			 151.746052 
g1	 35 	 151.746052 			 0.0 			 0.0			 151.746052 
g1	 36 	 151.746052 			 0.0 			 0.0			 151.746052 
g1	 37 	 -47.750915 			 0.0 			 0.0			 -47.750915 
g1	 38 	 254.260012 			 0.0 			 0.0			 254.260012 
g1	 39 	 17.945506 			 0.0 			 0.0			 17.945506 
g1	 40 	 274.498857 			 0.0 			 0.0			 274.498857 
g1	 41 	 268.96368 			 0.0 			 0.0			 268.96368 
g1	 42 	 483.483554 			 0.0 			 0.0			 483.483554 
g1	 43 	 175.288836 			 0.0 			 0.0			 175.288836 
g1	 44 	 343.501241 			 0.0 			 0.0			 343.501241 
g1	 45 	 332.965184 			 0.0 			 0.0			 332.965184 
g1	 46 	 30.957136 			 0.0 			 0.0			 30.957136 
g1	 47 	 330.36519 			 0.0 			 0.0			 330.36519 
g1	 48 	 386.558869 			 0.0 			 0.0			 386.558869 
g1	 49 	 72.248434 			 0.0 			 0.0			 72.248434 
g1	 50 	 136.587292 			 0.0 			 0.0			 136.587292 
g1	 51 	 -59562.500876 			 0.0 			 0.0			 -59562.500876 
g1	 52 	 82927.605 			 0.0 			 0.0			 82927.605 
g1	 53 	 214.560245 			 0.0 			 0.0			 214.560245 
g1	 54 	 123.294736 			 0.0 			 0.0			 123.294736 
g1	 55 	 -127.601997 			 0.0 			 0.0			 -127.601997 
g1	 56 	 -163.796654 			 0.0 			 0.0			 -163.796654 
g1	 57 	 186.287169 			 0.0 			 0.0			 186.287169 
g1	 58 	 186.287169 			 0.0 			 0.0			 186.287169 
g1	 59 	 -85.153487 			 0.0 			 0.0			 -85.153487 
g1	 60 	 -0.589379 			 0.0 			 0.0			 -0.589379 
g1	 61 	 200.487051 			 0.0 			 0.0			 200.487051 
g1	 62 	 96.043522 			 0.0 			 0.0			 96.043522 
g1	 63 	 132.159494 			 0.0 			 0.0			 132.159494 
g1	 64 	 200.487051 			 0.0 			 0.0			 200.487051 
g1	 65 	 -186.385016 			 0.0 			 0.0			 -186.385016 
g1	 66 	 172.152509 			 0.0 			 0.0			 172.152509 
g1	 67 	 127.209927 			 0.0 			 0.0			 127.209927 
g1	 68 	 172.152509 			 0.0 			 0.0			 172.152509 
g1	 69 	 172.152509 			 0.0 			 0.0			 172.152509 
g1	 70 	 172.152509 			 0.0 			 0.0			 172.152509 
g1	 71 	 186.287169 			 0.0 			 0.0			 186.287169 
g1	 72 	 196.853889 			 0.0 			 0.0			 196.853889 
g1	 73 	 -141.64776 			 0.0 			 0.0			 -141.64776 
g1	 74 	 -134.328402 			 0.0 			 0.0			 -134.328402 
g1	 75 	 138.236584 			 0.0 			 0.0			 138.236584 
g1	 76 	 76.337042 			 0.0 			 0.0			 76.337042 
g1	 77 	 209.24789 			 0.0 			 0.0			 209.24789 
g1	 78 	 351.442633 			 0.0 			 0.0			 351.442633 
g1	 79 	 180.555067 			 0.0 			 0.0			 180.555067 
g1	 80 	 315.992 			 0.0 			 0.0			 315.992 
g1	 81 	 361.632466 			 0.0 			 0.0			 361.632466 
g1	 82 	 106.647246 			 0.0 			 0.0			 106.647246 
g1	 83 	 302.407617 			 0.0 			 0.0			 302.407617 
g1	 84 	 -18.723185 			 0.0 			 0.0			 -18.723185 
g1	 85 	 375.618877 			 0.0 			 0.0			 375.618877 
g1	 86 	 811.065812 			 0.0 			 0.0			 811.065812 
g1	 87 	 596.495167 			 0.0 			 0.0			 596.495167 
g1	 88 	 230.801548 			 0.0 			 0.0			 230.801548 
g1	 89 	 385.067312 			 0.0 			 0.0			 385.067312 
g1	 90 	 272.812011 			 0.0 			 0.0			 272.812011 
g1	 91 	 187.128909 			 0.0 			 0.0			 187.128909 
g1	 92 	 668.154761 			 0.0 			 0.0			 668.154761 
g1	 93 	 71.090155 			 0.0 			 0.0			 71.090155 
g1	 94 	 443.216735 			 0.0 			 0.0			 443.216735 
g1	 95 	 331.000498 			 0.0 			 0.0			 331.000498 
g1	 96 	 43.921039 			 0.0 			 0.0			 43.921039 
----------------------------------------------------------------------------------------------------
g2	 1 	 0.0 			 0.0 			 0.0			 0.0 
g2	 2 	 0.0 			 0.0 			 0.0			 0.0 
g2	 3 	 0.0 			 0.0 			 0.0			 0.0 
g2	 4 	 0.0 			 0.0 			 0.0			 0.0 
g2	 5 	 0.0 			 0.0 			 0.0			 0.0 
g2	 6 	 0.0 			 0.0 			 0.0			 0.0 
g2	 7 	 0.0 			 0.0 			 0.0			 0.0 
g2	 8 	 0.0 			 0.0 			 0.0			 0.0 
g2	 9 	 0.0 			 0.0 			 0.0			 0.0 
g2	 10 	 0.0 			 0.0 			 0.0			 0.0 
g2	 11 	 0.0 			 0.0 			 0.0			 0.0 
g2	 12 	 0.0 			 0.0 			 0.0			 0.0 
g2	 13 	 0.0 			 0.0 			 0.0			 0.0 
g2	 14 	 0.0 			 0.0 			 0.0			 0.0 
g2	 15 	 0.0 			 0.0 			 0.0			 0.0 
g2	 16 	 0.0 			 0.0 			 0.0			 0.0 
g2	 17 	 0.0 			 0.0 			 0.0			 0.0 
g2	 18 	 0.0 			 0.0 			 0.0			 0.0 
g2	 19 	 0.0 			 0.0 			 0.0			 0.0 
g2	 20 	 0.0 			 0.0 			 0.0			 0.0 
g2	 21 	 0.0 			 0.0 			 0.0			 0.0 
g2	 22 	 0.0 			 0.0 			 0.0			 0.0 
g2	 23 	 0.0 			 0.0 			 0.0			 0.0 
g2	 24 	 0.0 			 0.0 			 0.0			 0.0 
g2	 25 	 90.149401 			 0.0 			 0.0			 90.149401 
g2	 26 	 21.126793 			 0.0 			 0.0			 21.126793 
g2	 27 	 21.23729 			 0.0 			 0.0			 21.23729 
g2	 28 	 181.310105 			 0.0 			 0.0			 181.310105 
g2	 29 	 -66.066117 			 0.0 			 0.0			 -66.066117 
g2	 30 	 -10.319328 			 0.0 			 0.0			 -10.319328 
g2	 31 	 114.905197 			 0.0 			 0.0			 114.905197 
g2	 32 	 44.636708 			 0.0 			 0.0			 44.636708 
g2	 33 	 -63.513967 			 0.0 			 0.0			 -63.513967 
g2	 34 	 7.082409 			 0.0 			 0.0			 7.082409 
g2	 35 	 -59.806673 			 0.0 			 0.0			 -59.806673 
g2	 36 	 -104.908611 			 0.0 			 0.0			 -104.908611 
g2	 37 	 12.357654 			 0.0 			 0.0			 12.357654 
g2	 38 	 21.701904 			 0.0 			 0.0			 21.701904 
g2	 39 	 21.701904 			 0.0 			 0.0			 21.701904 
g2	 40 	 21.701904 			 0.0 			 0.0			 21.701904 
g2	 41 	 21.701904 			 0.0 			 0.0			 21.701904 
g2	 42 	 42.061251 			 0.0 			 0.0			 42.061251 
g2	 43 	 21.701904 			 0.0 			 0.0			 21.701904 
g2	 44 	 21.701904 			 0.0 			 0.0			 21.701904 
g2	 45 	 21.701904 			 0.0 			 0.0			 21.701904 
g2	 46 	 21.701904 			 0.0 			 0.0			 21.701904 
g2	 47 	 21.701904 			 0.0 			 0.0			 21.701904 
g2	 48 	 21.701904 			 0.0 			 0.0			 21.701904 
g2	 49 	 21.701904 			 0.0 			 0.0			 21.701904 
g2	 50 	 62.701373 			 0.0 			 0.0			 62.701373 
g2	 51 	 71499.254248 			 0.0 			 0.0			 71499.254248 
g2	 52 	 127978.845 			 0.0 			 0.0			 127978.845 
g2	 53 	 316.296579 			 0.0 			 0.0			 316.296579 
g2	 54 	 67.956528 			 0.0 			 0.0			 67.956528 
g2	 55 	 21.701904 			 0.0 			 0.0			 21.701904 
g2	 56 	 108.293653 			 0.0 			 0.0			 108.293653 
g2	 57 	 309.19464 			 0.0 			 0.0			 309.19464 
g2	 58 	 309.19464 			 0.0 			 0.0			 309.19464 
g2	 59 	 54.966233 			 0.0 			 0.0			 54.966233 
g2	 60 	 54.966233 			 0.0 			 0.0			 54.966233 
g2	 61 	 286.040933 			 0.0 			 0.0			 286.040933 
g2	 62 	 17.097574 			 0.0 			 0.0			 17.097574 
g2	 63 	 17.097574 			 0.0 			 0.0			 17.097574 
g2	 64 	 286.040933 			 0.0 			 0.0			 286.040933 
g2	 65 	 -40.834734 			 0.0 			 0.0			 -40.834734 
g2	 66 	 40.501528 			 0.0 			 0.0			 40.501528 
g2	 67 	 -127.426484 			 0.0 			 0.0			 -127.426484 
g2	 68 	 -49.752636 			 0.0 			 0.0			 -49.752636 
g2	 69 	 18.040113 			 0.0 			 0.0			 18.040113 
g2	 70 	 90.72681 			 0.0 			 0.0			 90.72681 
g2	 71 	 223.662651 			 0.0 			 0.0			 223.662651 
g2	 72 	 168.133145 			 0.0 			 0.0			 168.133145 
g2	 73 	 47.170716 			 0.0 			 0.0			 47.170716 
g2	 74 	 21.701904 			 0.0 			 0.0			 21.701904 
g2	 75 	 21.701904 			 0.0 			 0.0			 21.701904 
g2	 76 	 21.701904 			 0.0 			 0.0			 21.701904 
g2	 77 	 23.175423 			 0.0 			 0.0			 23.175423 
g2	 78 	 280.331785 			 0.0 			 0.0			 280.331785 
g2	 79 	 23.175423 			 0.0 			 0.0			 23.175423 
g2	 80 	 136.298724 			 0.0 			 0.0			 136.298724 
g2	 81 	 145.111901 			 0.0 			 0.0			 145.111901 
g2	 82 	 21.701904 			 0.0 			 0.0			 21.701904 
g2	 83 	 21.701904 			 0.0 			 0.0			 21.701904 
g2	 84 	 21.701904 			 0.0 			 0.0			 21.701904 
g2	 85 	 21.701904 			 0.0 			 0.0			 21.701904 
g2	 86 	 266.193222 			 0.0 			 0.0			 266.193222 
g2	 87 	 21.701904 			 0.0 			 0.0			 21.701904 
g2	 88 	 21.701904 			 0.0 			 0.0			 21.701904 
g2	 89 	 -139.055711 			 0.0 			 0.0			 -139.055711 
g2	 90 	 -139.055711 			 0.0 			 0.0			 -139.055711 
g2	 91 	 -139.055711 			 0.0 			 0.0			 -139.055711 
g2	 92 	 -139.055711 			 0.0 			 0.0			 -139.055711 
g2	 93 	 0.0 			 0.0 			 0.0			 0.0 
g2	 94 	 0.0 			 0.0 			 0.0			 0.0 
g2	 95 	 0.0 			 0.0 			 0.0			 0.0 
g2	 96 	 0.0 			 0.0 			 0.0			 0.0 
----------------------------------------------------------------------------------------------------
g3	 1 	 0.0 			 0.0 			 0.0			 0.0 
g3	 2 	 0.0 			 0.0 			 0.0			 0.0 
g3	 3 	 0.0 			 0.0 			 0.0			 0.0 
g3	 4 	 0.0 			 0.0 			 0.0			 0.0 
g3	 5 	 0.0 			 0.0 			 0.0			 0.0 
g3	 6 	 0.0 			 0.0 			 0.0			 0.0 
g3	 7 	 0.0 			 0.0 			 0.0			 0.0 
g3	 8 	 0.0 			 0.0 			 0.0			 0.0 
g3	 9 	 0.0 			 0.0 			 0.0			 0.0 
g3	 10 	 0.0 			 0.0 			 0.0			 0.0 
g3	 11 	 0.0 			 0.0 			 0.0			 0.0 
g3	 12 	 0.0 			 0.0 			 0.0			 0.0 
g3	 13 	 0.0 			 0.0 			 0.0			 0.0 
g3	 14 	 0.0 			 0.0 			 0.0			 0.0 
g3	 15 	 0.0 			 0.0 			 0.0			 0.0 
g3	 16 	 0.0 			 0.0 			 0.0			 0.0 
g3	 17 	 0.0 			 0.0 			 0.0			 0.0 
g3	 18 	 0.0 			 0.0 			 0.0			 0.0 
g3	 19 	 0.0 			 0.0 			 0.0			 0.0 
g3	 20 	 0.0 			 0.0 			 0.0			 0.0 
g3	 21 	 0.0 			 0.0 			 0.0			 0.0 
g3	 22 	 0.0 			 0.0 			 0.0			 0.0 
g3	 23 	 0.0 			 0.0 			 0.0			 0.0 
g3	 24 	 0.0 			 0.0 			 0.0			 0.0 
g3	 25 	 0.0 			 0.0 			 0.0			 0.0 
g3	 26 	 0.0 			 0.0 			 0.0			 0.0 
g3	 27 	 0.0 			 0.0 			 0.0			 0.0 
g3	 28 	 0.0 			 0.0 			 0.0			 0.0 
g3	 29 	 0.0 			 0.0 			 0.0			 0.0 
g3	 30 	 0.0 			 0.0 			 0.0			 0.0 
g3	 31 	 0.0 			 0.0 			 0.0			 0.0 
g3	 32 	 0.0 			 0.0 			 0.0			 0.0 
g3	 33 	 0.0 			 0.0 			 0.0			 0.0 
g3	 34 	 0.0 			 0.0 			 0.0			 0.0 
g3	 35 	 0.0 			 0.0 			 0.0			 0.0 
g3	 36 	 0.0 			 0.0 			 0.0			 0.0 
g3	 37 	 0.0 			 0.0 			 0.0			 0.0 
g3	 38 	 0.0 			 0.0 			 0.0			 0.0 
g3	 39 	 0.0 			 0.0 			 0.0			 0.0 
g3	 40 	 0.0 			 0.0 			 0.0			 0.0 
g3	 41 	 0.0 			 0.0 			 0.0			 0.0 
g3	 42 	 0.0 			 0.0 			 0.0			 0.0 
g3	 43 	 0.0 			 0.0 			 0.0			 0.0 
g3	 44 	 0.0 			 0.0 			 0.0			 0.0 
g3	 45 	 15.56631 			 0.0 			 0.0			 15.56631 
g3	 46 	 15.56631 			 0.0 			 0.0			 15.56631 
g3	 47 	 15.56631 			 0.0 			 0.0			 15.56631 
g3	 48 	 15.56631 			 0.0 			 0.0			 15.56631 
g3	 49 	 15.56631 			 0.0 			 0.0			 15.56631 
g3	 50 	 15.56631 			 0.0 			 0.0			 15.56631 
g3	 51 	 4011.584432 			 0.0 			 0.0			 4011.584432 
g3	 52 	 40235.11 			 0.0 			 0.0			 40235.11 
g3	 53 	 17.416451 			 0.0 			 0.0			 17.416451 
g3	 54 	 15.56631 			 0.0 			 0.0			 15.56631 
g3	 55 	 15.56631 			 0.0 			 0.0			 15.56631 
g3	 56 	 15.56631 			 0.0 			 0.0			 15.56631 
g3	 57 	 17.845414 			 0.0 			 0.0			 17.845414 
g3	 58 	 17.845414 			 0.0 			 0.0			 17.845414 
g3	 59 	 15.56631 			 0.0 			 0.0			 15.56631 
g3	 60 	 15.56631 			 0.0 			 0.0			 15.56631 
g3	 61 	 141.216722 			 0.0 			 0.0			 141.216722 
g3	 62 	 15.56631 			 0.0 			 0.0			 15.56631 
g3	 63 	 15.56631 			 0.0 			 0.0			 15.56631 
g3	 64 	 56.260395 			 0.0 			 0.0			 56.260395 
g3	 65 	 15.56631 			 0.0 			 0.0			 15.56631 
g3	 66 	 16.491381 			 0.0 			 0.0			 16.491381 
g3	 67 	 15.56631 			 0.0 			 0.0			 15.56631 
g3	 68 	 16.491381 			 0.0 			 0.0			 16.491381 
g3	 69 	 16.491381 			 0.0 			 0.0			 16.491381 
g3	 70 	 16.491381 			 0.0 			 0.0			 16.491381 
g3	 71 	 17.845414 			 0.0 			 0.0			 17.845414 
g3	 72 	 18.857655 			 0.0 			 0.0			 18.857655 
g3	 73 	 -112.159873 			 0.0 			 0.0			 -112.159873 
g3	 74 	 15.56631 			 0.0 			 0.0			 15.56631 
g3	 75 	 15.56631 			 0.0 			 0.0			 15.56631 
g3	 76 	 15.56631 			 0.0 			 0.0			 15.56631 
g3	 77 	 0.0 			 0.0 			 0.0			 0.0 
g3	 78 	 0.0 			 0.0 			 0.0			 0.0 
g3	 79 	 0.0 			 0.0 			 0.0			 0.0 
g3	 80 	 0.0 			 0.0 			 0.0			 0.0 
g3	 81 	 0.0 			 0.0 			 0.0			 0.0 
g3	 82 	 0.0 			 0.0 			 0.0			 0.0 
g3	 83 	 0.0 			 0.0 			 0.0			 0.0 
g3	 84 	 0.0 			 0.0 			 0.0			 0.0 
g3	 85 	 0.0 			 0.0 			 0.0			 0.0 
g3	 86 	 0.0 			 0.0 			 0.0			 0.0 
g3	 87 	 0.0 			 0.0 			 0.0			 0.0 
g3	 88 	 0.0 			 0.0 			 0.0			 0.0 
g3	 89 	 0.0 			 0.0 			 0.0			 0.0 
g3	 90 	 0.0 			 0.0 			 0.0			 0.0 
g3	 91 	 0.0 			 0.0 			 0.0			 0.0 
g3	 92 	 0.0 			 0.0 			 0.0			 0.0 
g3	 93 	 0.0 			 0.0 			 0.0			 0.0 
g3	 94 	 0.0 			 0.0 			 0.0			 0.0 
g3	 95 	 0.0 			 0.0 			 0.0			 0.0 
g3	 96 	 0.0 			 0.0 			 0.0			 0.0 
----------------------------------------------------------------------------------------------------
g4	 1 	 0.0 			 0.0 			 0.0			 0.0 
g4	 2 	 0.0 			 0.0 			 0.0			 0.0 
g4	 3 	 0.0 			 0.0 			 0.0			 0.0 
g4	 4 	 0.0 			 0.0 			 0.0			 0.0 
g4	 5 	 0.0 			 0.0 			 0.0			 0.0 
g4	 6 	 0.0 			 0.0 			 0.0			 0.0 
g4	 7 	 0.0 			 0.0 			 0.0			 0.0 
g4	 8 	 0.0 			 0.0 			 0.0			 0.0 
g4	 9 	 0.0 			 0.0 			 0.0			 0.0 
g4	 10 	 0.0 			 0.0 			 0.0			 0.0 
g4	 11 	 0.0 			 0.0 			 0.0			 0.0 
g4	 12 	 0.0 			 0.0 			 0.0			 0.0 
g4	 13 	 0.0 			 0.0 			 0.0			 0.0 
g4	 14 	 0.0 			 0.0 			 0.0			 0.0 
g4	 15 	 0.0 			 0.0 			 0.0			 0.0 
g4	 16 	 0.0 			 0.0 			 0.0			 0.0 
g4	 17 	 0.0 			 0.0 			 0.0			 0.0 
g4	 18 	 0.0 			 0.0 			 0.0			 0.0 
g4	 19 	 0.0 			 0.0 			 0.0			 0.0 
g4	 20 	 0.0 			 0.0 			 0.0			 0.0 
g4	 21 	 0.0 			 0.0 			 0.0			 0.0 
g4	 22 	 0.0 			 0.0 			 0.0			 0.0 
g4	 23 	 0.0 			 0.0 			 0.0			 0.0 
g4	 24 	 0.0 			 0.0 			 0.0			 0.0 
g4	 25 	 0.0 			 0.0 			 0.0			 0.0 
g4	 26 	 0.0 			 0.0 			 0.0			 0.0 
g4	 27 	 0.0 			 0.0 			 0.0			 0.0 
g4	 28 	 0.0 			 0.0 			 0.0			 0.0 
g4	 29 	 0.0 			 0.0 			 0.0			 0.0 
g4	 30 	 0.0 			 0.0 			 0.0			 0.0 
g4	 31 	 0.0 			 0.0 			 0.0			 0.0 
g4	 32 	 0.0 			 0.0 			 0.0			 0.0 
g4	 33 	 0.0 			 0.0 			 0.0			 0.0 
g4	 34 	 0.0 			 0.0 			 0.0			 0.0 
g4	 35 	 0.0 			 0.0 			 0.0			 0.0 
g4	 36 	 0.0 			 0.0 			 0.0			 0.0 
g4	 37 	 0.0 			 0.0 			 0.0			 0.0 
g4	 38 	 0.0 			 0.0 			 0.0			 0.0 
g4	 39 	 0.0 			 0.0 			 0.0			 0.0 
g4	 40 	 0.0 			 0.0 			 0.0			 0.0 
g4	 41 	 0.0 			 0.0 			 0.0			 0.0 
g4	 42 	 0.0 			 0.0 			 0.0			 0.0 
g4	 43 	 0.0 			 0.0 			 0.0			 0.0 
g4	 44 	 0.0 			 0.0 			 0.0			 0.0 
g4	 45 	 0.0 			 0.0 			 0.0			 0.0 
g4	 46 	 0.0 			 0.0 			 0.0			 0.0 
g4	 47 	 0.0 			 0.0 			 0.0			 0.0 
g4	 48 	 0.0 			 0.0 			 0.0			 0.0 
g4	 49 	 0.0 			 0.0 			 0.0			 0.0 
g4	 50 	 0.0 			 0.0 			 0.0			 0.0 
g4	 51 	 0.0 			 0.0 			 0.0			 0.0 
g4	 52 	 0.0 			 0.0 			 0.0			 0.0 
g4	 53 	 0.0 			 0.0 			 0.0			 0.0 
g4	 54 	 0.0 			 0.0 			 0.0			 0.0 
g4	 55 	 0.0 			 0.0 			 0.0			 0.0 
g4	 56 	 0.0 			 0.0 			 0.0			 0.0 
g4	 57 	 0.0 			 0.0 			 0.0			 0.0 
g4	 58 	 0.0 			 0.0 			 0.0			 0.0 
g4	 59 	 0.0 			 0.0 			 0.0			 0.0 
g4	 60 	 0.0 			 0.0 			 0.0			 0.0 
g4	 61 	 0.0 			 0.0 			 0.0			 0.0 
g4	 62 	 0.0 			 0.0 			 0.0			 0.0 
g4	 63 	 0.0 			 0.0 			 0.0			 0.0 
g4	 64 	 0.0 			 0.0 			 0.0			 0.0 
g4	 65 	 0.0 			 0.0 			 0.0			 0.0 
g4	 66 	 0.0 			 0.0 			 0.0			 0.0 
g4	 67 	 0.0 			 0.0 			 0.0			 0.0 
g4	 68 	 0.0 			 0.0 			 0.0			 0.0 
g4	 69 	 0.0 			 0.0 			 0.0			 0.0 
g4	 70 	 0.0 			 0.0 			 0.0			 0.0 
g4	 71 	 0.0 			 0.0 			 0.0			 0.0 
g4	 72 	 0.0 			 0.0 			 0.0			 0.0 
g4	 73 	 5.607795 			 0.0 			 0.0			 5.607795 
g4	 74 	 8.645509 			 0.0 			 0.0			 8.645509 
g4	 75 	 8.645509 			 0.0 			 0.0			 8.645509 
g4	 76 	 8.645509 			 0.0 			 0.0			 8.645509 
g4	 77 	 8.645509 			 0.0 			 0.0			 8.645509 
g4	 78 	 181.475487 			 0.0 			 0.0			 181.475487 
g4	 79 	 8.645509 			 0.0 			 0.0			 8.645509 
g4	 80 	 9.159292 			 0.0 			 0.0			 9.159292 
g4	 81 	 9.159292 			 0.0 			 0.0			 9.159292 
g4	 82 	 8.645509 			 0.0 			 0.0			 8.645509 
g4	 83 	 8.645509 			 0.0 			 0.0			 8.645509 
g4	 84 	 8.645509 			 0.0 			 0.0			 8.645509 
g4	 85 	 -134.786466 			 0.0 			 0.0			 -134.786466 
g4	 86 	 -73.1923 			 0.0 			 0.0			 -73.1923 
g4	 87 	 -134.786466 			 0.0 			 0.0			 -134.786466 
g4	 88 	 -134.786466 			 0.0 			 0.0			 -134.786466 
g4	 89 	 0.0 			 0.0 			 0.0			 0.0 
g4	 90 	 0.0 			 0.0 			 0.0			 0.0 
g4	 91 	 0.0 			 0.0 			 0.0			 0.0 
g4	 92 	 0.0 			 0.0 			 0.0			 0.0 
g4	 93 	 0.0 			 0.0 			 0.0			 0.0 
g4	 94 	 0.0 			 0.0 			 0.0			 0.0 
g4	 95 	 0.0 			 0.0 			 0.0			 0.0 
g4	 96 	 0.0 			 0.0 			 0.0			 0.0 
----------------------------------------------------------------------------------------------------
g5	 1 	 0.0 			 0.0 			 0.0			 0.0 
g5	 2 	 0.0 			 0.0 			 0.0			 0.0 
g5	 3 	 0.0 			 0.0 			 0.0			 0.0 
g5	 4 	 0.0 			 0.0 			 0.0			 0.0 
g5	 5 	 -36.709006 			 0.0 			 0.0			 -36.709006 
g5	 6 	 21.893178 			 0.0 			 0.0			 21.893178 
g5	 7 	 21.893178 			 0.0 			 0.0			 21.893178 
g5	 8 	 21.893178 			 0.0 			 0.0			 21.893178 
g5	 9 	 21.893178 			 0.0 			 0.0			 21.893178 
g5	 10 	 21.893178 			 0.0 			 0.0			 21.893178 
g5	 11 	 21.893178 			 0.0 			 0.0			 21.893178 
g5	 12 	 21.893178 			 0.0 			 0.0			 21.893178 
g5	 13 	 21.893178 			 0.0 			 0.0			 21.893178 
g5	 14 	 21.893178 			 0.0 			 0.0			 21.893178 
g5	 15 	 21.893178 			 0.0 			 0.0			 21.893178 
g5	 16 	 21.893178 			 0.0 			 0.0			 21.893178 
g5	 17 	 21.893178 			 0.0 			 0.0			 21.893178 
g5	 18 	 21.893178 			 0.0 			 0.0			 21.893178 
g5	 19 	 21.893178 			 0.0 			 0.0			 21.893178 
g5	 20 	 21.893178 			 0.0 			 0.0			 21.893178 
g5	 21 	 -31351.194376 			 0.0 			 0.0			 -31351.194376 
g5	 22 	 5817.2875 			 0.0 			 0.0			 5817.2875 
g5	 23 	 21.893178 			 0.0 			 0.0			 21.893178 
g5	 24 	 21.893178 			 0.0 			 0.0			 21.893178 
g5	 25 	 22.007089 			 0.0 			 0.0			 22.007089 
g5	 26 	 21.779268 			 0.0 			 0.0			 21.779268 
g5	 27 	 21.893178 			 0.0 			 0.0			 21.893178 
g5	 28 	 22.007089 			 0.0 			 0.0			 22.007089 
g5	 29 	 21.893178 			 0.0 			 0.0			 21.893178 
g5	 30 	 22.007089 			 0.0 			 0.0			 22.007089 
g5	 31 	 22.007089 			 0.0 			 0.0			 22.007089 
g5	 32 	 22.007089 			 0.0 			 0.0			 22.007089 
g5	 33 	 22.007089 			 0.0 			 0.0			 22.007089 
g5	 34 	 22.007089 			 0.0 			 0.0			 22.007089 
g5	 35 	 22.007089 			 0.0 			 0.0			 22.007089 
g5	 36 	 22.007089 			 0.0 			 0.0			 22.007089 
g5	 37 	 22.007089 			 0.0 			 0.0			 22.007089 
g5	 38 	 22.372141 			 0.0 			 0.0			 22.372141 
g5	 39 	 22.372141 			 0.0 			 0.0			 22.372141 
g5	 40 	 22.372141 			 0.0 			 0.0			 22.372141 
g5	 41 	 22.372141 			 0.0 			 0.0			 22.372141 
g5	 42 	 23.701668 			 0.0 			 0.0			 23.701668 
g5	 43 	 22.372141 			 0.0 			 0.0			 22.372141 
g5	 44 	 22.372141 			 0.0 			 0.0			 22.372141 
g5	 45 	 22.372141 			 0.0 			 0.0			 22.372141 
g5	 46 	 22.372141 			 0.0 			 0.0			 22.372141 
g5	 47 	 22.372141 			 0.0 			 0.0			 22.372141 
g5	 48 	 22.372141 			 0.0 			 0.0			 22.372141 
g5	 49 	 22.372141 			 0.0 			 0.0			 22.372141 
g5	 50 	 22.372141 			 0.0 			 0.0			 22.372141 
g5	 51 	 5765.510998 			 0.0 			 0.0			 5765.510998 
g5	 52 	 43223.5375 			 0.0 			 0.0			 43223.5375 
g5	 53 	 25.031192 			 0.0 			 0.0			 25.031192 
g5	 54 	 22.372141 			 0.0 			 0.0			 22.372141 
g5	 55 	 22.372141 			 0.0 			 0.0			 22.372141 
g5	 56 	 22.372141 			 0.0 			 0.0			 22.372141 
g5	 57 	 174.141915 			 0.0 			 0.0			 174.141915 
g5	 58 	 127.662081 			 0.0 			 0.0			 127.662081 
g5	 59 	 22.372141 			 0.0 			 0.0			 22.372141 
g5	 60 	 22.372141 			 0.0 			 0.0			 22.372141 
g5	 61 	 205.093386 			 0.0 			 0.0			 205.093386 
g5	 62 	 22.372141 			 0.0 			 0.0			 22.372141 
g5	 63 	 22.372141 			 0.0 			 0.0			 22.372141 
g5	 64 	 205.093386 			 0.0 			 0.0			 205.093386 
g5	 65 	 22.372141 			 0.0 			 0.0			 22.372141 
g5	 66 	 23.701668 			 0.0 			 0.0			 23.701668 
g5	 67 	 22.372141 			 0.0 			 0.0			 22.372141 
g5	 68 	 23.701668 			 0.0 			 0.0			 23.701668 
g5	 69 	 23.701668 			 0.0 			 0.0			 23.701668 
g5	 70 	 23.701668 			 0.0 			 0.0			 23.701668 
g5	 71 	 34.417268 			 0.0 			 0.0			 34.417268 
g5	 72 	 201.37675 			 0.0 			 0.0			 201.37675 
g5	 73 	 20.300823 			 0.0 			 0.0			 20.300823 
g5	 74 	 22.372141 			 0.0 			 0.0			 22.372141 
g5	 75 	 22.372141 			 0.0 			 0.0			 22.372141 
g5	 76 	 22.372141 			 0.0 			 0.0			 22.372141 
g5	 77 	 22.372141 			 0.0 			 0.0			 22.372141 
g5	 78 	 195.865092 			 0.0 			 0.0			 195.865092 
g5	 79 	 22.372141 			 0.0 			 0.0			 22.372141 
g5	 80 	 23.701668 			 0.0 			 0.0			 23.701668 
g5	 81 	 23.701668 			 0.0 			 0.0			 23.701668 
g5	 82 	 22.372141 			 0.0 			 0.0			 22.372141 
g5	 83 	 22.372141 			 0.0 			 0.0			 22.372141 
g5	 84 	 22.372141 			 0.0 			 0.0			 22.372141 
g5	 85 	 22.372141 			 0.0 			 0.0			 22.372141 
g5	 86 	 25.18721 			 0.0 			 0.0			 25.18721 
g5	 87 	 22.372141 			 0.0 			 0.0			 22.372141 
g5	 88 	 22.372141 			 0.0 			 0.0			 22.372141 
g5	 89 	 22.372141 			 0.0 			 0.0			 22.372141 
g5	 90 	 22.372141 			 0.0 			 0.0			 22.372141 
g5	 91 	 22.372141 			 0.0 			 0.0			 22.372141 
g5	 92 	 22.372141 			 0.0 			 0.0			 22.372141 
g5	 93 	 22.372141 			 0.0 			 0.0			 22.372141 
g5	 94 	 22.372141 			 0.0 			 0.0			 22.372141 
g5	 95 	 22.372141 			 0.0 			 0.0			 22.372141 
g5	 96 	 22.372141 			 0.0 			 0.0			 22.372141 
----------------------------------------------------------------------------------------------------------------
unit 	 generation payment 	 up-FRP payment 	 dw-FRP payment 	pre-up total payment
----------------------------------------------------------------------------------------------------------------
 g1 	 90504.734128			 0.000000			 0.000000			 90504.734128
 g2 	 202742.222980			 0.000000			 0.000000			 202742.222980
 g3 	 44767.981128			 0.000000			 0.000000			 44767.981128
 g4 	 -202.985760			 0.000000			 0.000000			 -202.985760
 g5 	 26351.219575			 0.000000			 0.000000			 26351.219575
----------------------------------------------------------------------------------------------------
generation payment 	 up-FRP payment 	 dw-FRP payment 	 pre-up total payment
----------------------------------------------------------------------------------------------------
364163.172051 			 0.0 			 0.0 			 364163.172051
 
****************************************************************************************************
 
Generation costs
----------------------------------------------------------------------------------------------------
unit	 time 	 generation cost 	 start-up cost  	total cost
----------------------------------------------------------------------------------------------------
g1	 1 	 2410.229648 			 0.0 			2410.229648
g1	 2 	 2566.685673 			 0.0 			2566.685673
g1	 3 	 2146.038659 			 0.0 			2146.038659
g1	 4 	 2406.562504 			 0.0 			2406.562504
g1	 5 	 1866.29121 			 0.0 			1866.29121
g1	 6 	 1984.240536 			 0.0 			1984.240536
g1	 7 	 1817.181979 			 0.0 			1817.181979
g1	 8 	 2118.936723 			 0.0 			2118.936723
g1	 9 	 1926.23997 			 0.0 			1926.23997
g1	 10 	 1982.743582 			 0.0 			1982.743582
g1	 11 	 1989.162016 			 0.0 			1989.162016
g1	 12 	 1981.804036 			 0.0 			1981.804036
g1	 13 	 1864.888652 			 0.0 			1864.888652
g1	 14 	 1607.110821 			 0.0 			1607.110821
g1	 15 	 1760.62717 			 0.0 			1760.62717
g1	 16 	 1804.628347 			 0.0 			1804.628347
g1	 17 	 1743.157363 			 0.0 			1743.157363
g1	 18 	 1880.702758 			 0.0 			1880.702758
g1	 19 	 2082.146293 			 0.0 			2082.146293
g1	 20 	 1827.499187 			 0.0 			1827.499187
g1	 21 	 1692.966431 			 0.0 			1692.966431
g1	 22 	 2231.236503 			 0.0 			2231.236503
g1	 23 	 2027.626203 			 0.0 			2027.626203
g1	 24 	 2024.991456 			 0.0 			2024.991456
g1	 25 	 2299.657452 			 0.0 			2299.657452
g1	 26 	 1761.38738 			 0.0 			1761.38738
g1	 27 	 2218.983792 			 0.0 			2218.983792
g1	 28 	 2313.086426 			 0.0 			2313.086426
g1	 29 	 2163.721364 			 0.0 			2163.721364
g1	 30 	 2313.086426 			 0.0 			2313.086426
g1	 31 	 2313.086426 			 0.0 			2313.086426
g1	 32 	 2313.086426 			 0.0 			2313.086426
g1	 33 	 2313.086426 			 0.0 			2313.086426
g1	 34 	 2313.086426 			 0.0 			2313.086426
g1	 35 	 2313.086426 			 0.0 			2313.086426
g1	 36 	 2313.086426 			 0.0 			2313.086426
g1	 37 	 2313.086426 			 0.0 			2313.086426
g1	 38 	 2615.889449 			 0.0 			2615.889449
g1	 39 	 2379.574936 			 0.0 			2379.574936
g1	 40 	 2636.12829 			 0.0 			2636.12829
g1	 41 	 2870.83417 			 0.0 			2870.83417
g1	 42 	 3058.233409 			 0.0 			3058.233409
g1	 43 	 2777.159323 			 0.0 			2777.159323
g1	 44 	 2945.371738 			 0.0 			2945.371738
g1	 45 	 2907.858937 			 0.0 			2907.858937
g1	 46 	 2605.850882 			 0.0 			2605.850882
g1	 47 	 2905.258949 			 0.0 			2905.258949
g1	 48 	 2961.452627 			 0.0 			2961.452627
g1	 49 	 2811.55862 			 0.0 			2811.55862
g1	 50 	 2875.897477 			 0.0 			2875.897477
g1	 51 	 2508.187447 			 0.0 			2508.187447
g1	 52 	 3058.233409 			 0.0 			3058.233409
g1	 53 	 3058.233409 			 0.0 			3058.233409
g1	 54 	 2989.76053 			 0.0 			2989.76053
g1	 55 	 2738.863793 			 0.0 			2738.863793
g1	 56 	 2702.669134 			 0.0 			2702.669134
g1	 57 	 3058.233409 			 0.0 			3058.233409
g1	 58 	 3058.233409 			 0.0 			3058.233409
g1	 59 	 2810.584168 			 0.0 			2810.584168
g1	 60 	 2895.148278 			 0.0 			2895.148278
g1	 61 	 3058.233409 			 0.0 			3058.233409
g1	 62 	 2991.781182 			 0.0 			2991.781182
g1	 63 	 3027.897163 			 0.0 			3027.897163
g1	 64 	 3058.233409 			 0.0 			3058.233409
g1	 65 	 2709.352641 			 0.0 			2709.352641
g1	 66 	 3058.233409 			 0.0 			3058.233409
g1	 67 	 3022.947594 			 0.0 			3022.947594
g1	 68 	 3058.233409 			 0.0 			3058.233409
g1	 69 	 3058.233409 			 0.0 			3058.233409
g1	 70 	 3058.233409 			 0.0 			3058.233409
g1	 71 	 3058.233409 			 0.0 			3058.233409
g1	 72 	 3058.233409 			 0.0 			3058.233409
g1	 73 	 2508.187447 			 0.0 			2508.187447
g1	 74 	 2529.9593 			 0.0 			2529.9593
g1	 75 	 2802.524288 			 0.0 			2802.524288
g1	 76 	 2740.62475 			 0.0 			2740.62475
g1	 77 	 2969.214624 			 0.0 			2969.214624
g1	 78 	 3058.233409 			 0.0 			3058.233409
g1	 79 	 2940.521802 			 0.0 			2940.521802
g1	 80 	 3058.233409 			 0.0 			3058.233409
g1	 81 	 3058.233409 			 0.0 			3058.233409
g1	 82 	 2823.533685 			 0.0 			2823.533685
g1	 83 	 3019.294056 			 0.0 			3019.294056
g1	 84 	 2698.163247 			 0.0 			2698.163247
g1	 85 	 2713.435903 			 0.0 			2713.435903
g1	 86 	 3058.233409 			 0.0 			3058.233409
g1	 87 	 2934.312193 			 0.0 			2934.312193
g1	 88 	 2568.618564 			 0.0 			2568.618564
g1	 89 	 2580.120049 			 0.0 			2580.120049
g1	 90 	 2467.864746 			 0.0 			2467.864746
g1	 91 	 2382.181637 			 0.0 			2382.181637
g1	 92 	 2863.207506 			 0.0 			2863.207506
g1	 93 	 2493.27769 			 0.0 			2493.27769
g1	 94 	 2865.404283 			 0.0 			2865.404283
g1	 95 	 2753.18804 			 0.0 			2753.18804
g1	 96 	 2466.10858 			 0.0 			2466.10858
----------------------------------------------------------------------------------------------------
g2	 1 	 0.0 			 0.0 			0.0
g2	 2 	 0.0 			 0.0 			0.0
g2	 3 	 0.0 			 0.0 			0.0
g2	 4 	 0.0 			 0.0 			0.0
g2	 5 	 0.0 			 0.0 			0.0
g2	 6 	 0.0 			 0.0 			0.0
g2	 7 	 0.0 			 0.0 			0.0
g2	 8 	 0.0 			 0.0 			0.0
g2	 9 	 0.0 			 0.0 			0.0
g2	 10 	 0.0 			 0.0 			0.0
g2	 11 	 0.0 			 0.0 			0.0
g2	 12 	 0.0 			 0.0 			0.0
g2	 13 	 0.0 			 0.0 			0.0
g2	 14 	 0.0 			 0.0 			0.0
g2	 15 	 0.0 			 0.0 			0.0
g2	 16 	 0.0 			 0.0 			0.0
g2	 17 	 0.0 			 0.0 			0.0
g2	 18 	 0.0 			 0.0 			0.0
g2	 19 	 0.0 			 0.0 			0.0
g2	 20 	 0.0 			 0.0 			0.0
g2	 21 	 0.0 			 0.0 			0.0
g2	 22 	 0.0 			 0.0 			0.0
g2	 23 	 0.0 			 0.0 			0.0
g2	 24 	 0.0 			 0.0 			0.0
g2	 25 	 307.158395 			 10598.13 			10905.288395
g2	 26 	 238.356787 			 0.0 			238.356787
g2	 27 	 238.356787 			 0.0 			238.356787
g2	 28 	 398.319098 			 0.0 			398.319098
g2	 29 	 238.356787 			 0.0 			238.356787
g2	 30 	 294.447319 			 0.0 			294.447319
g2	 31 	 419.671837 			 0.0 			419.671837
g2	 32 	 349.403356 			 0.0 			349.403356
g2	 33 	 449.90989 			 0.0 			449.90989
g2	 34 	 520.506263 			 0.0 			520.506263
g2	 35 	 453.617187 			 0.0 			453.617187
g2	 36 	 408.515246 			 0.0 			408.515246
g2	 37 	 525.781513 			 0.0 			525.781513
g2	 38 	 534.771644 			 0.0 			534.771644
g2	 39 	 534.771644 			 0.0 			534.771644
g2	 40 	 534.771644 			 0.0 			534.771644
g2	 41 	 534.771644 			 0.0 			534.771644
g2	 42 	 553.841295 			 0.0 			553.841295
g2	 43 	 534.771644 			 0.0 			534.771644
g2	 44 	 534.771644 			 0.0 			534.771644
g2	 45 	 534.771644 			 0.0 			534.771644
g2	 46 	 534.771644 			 0.0 			534.771644
g2	 47 	 534.771644 			 0.0 			534.771644
g2	 48 	 534.771644 			 0.0 			534.771644
g2	 49 	 534.771644 			 0.0 			534.771644
g2	 50 	 578.207616 			 0.0 			578.207616
g2	 51 	 805.70915 			 0.0 			805.70915
g2	 52 	 1056.222572 			 0.0 			1056.222572
g2	 53 	 811.27661 			 0.0 			811.27661
g2	 54 	 583.775076 			 0.0 			583.775076
g2	 55 	 534.771644 			 0.0 			534.771644
g2	 56 	 626.50935 			 0.0 			626.50935
g2	 57 	 854.010884 			 0.0 			854.010884
g2	 58 	 854.010884 			 0.0 			854.010884
g2	 59 	 626.50935 			 0.0 			626.50935
g2	 60 	 626.50935 			 0.0 			626.50935
g2	 61 	 854.010884 			 0.0 			854.010884
g2	 62 	 626.50935 			 0.0 			626.50935
g2	 63 	 626.50935 			 0.0 			626.50935
g2	 64 	 854.010884 			 0.0 			854.010884
g2	 65 	 626.50935 			 0.0 			626.50935
g2	 66 	 710.27233 			 0.0 			710.27233
g2	 67 	 534.771644 			 0.0 			534.771644
g2	 68 	 620.01816 			 0.0 			620.01816
g2	 69 	 665.358903 			 0.0 			665.358903
g2	 70 	 738.045593 			 0.0 			738.045593
g2	 71 	 854.010884 			 0.0 			854.010884
g2	 72 	 794.354454 			 0.0 			794.354454
g2	 73 	 566.852919 			 0.0 			566.852919
g2	 74 	 534.771644 			 0.0 			534.771644
g2	 75 	 534.771644 			 0.0 			534.771644
g2	 76 	 534.771644 			 0.0 			534.771644
g2	 77 	 536.332734 			 0.0 			536.332734
g2	 78 	 763.834268 			 0.0 			763.834268
g2	 79 	 536.332734 			 0.0 			536.332734
g2	 80 	 648.078767 			 0.0 			648.078767
g2	 81 	 656.891941 			 0.0 			656.891941
g2	 82 	 534.771644 			 0.0 			534.771644
g2	 83 	 534.771644 			 0.0 			534.771644
g2	 84 	 534.771644 			 0.0 			534.771644
g2	 85 	 534.771644 			 0.0 			534.771644
g2	 86 	 762.273179 			 0.0 			762.273179
g2	 87 	 534.771644 			 0.0 			534.771644
g2	 88 	 534.771644 			 0.0 			534.771644
g2	 89 	 534.771644 			 0.0 			534.771644
g2	 90 	 534.771644 			 0.0 			534.771644
g2	 91 	 534.771644 			 0.0 			534.771644
g2	 92 	 534.771644 			 0.0 			534.771644
g2	 93 	 0.0 			 0.0 			0.0
g2	 94 	 0.0 			 0.0 			0.0
g2	 95 	 0.0 			 0.0 			0.0
g2	 96 	 0.0 			 0.0 			0.0
----------------------------------------------------------------------------------------------------
g3	 1 	 0.0 			 0.0 			0.0
g3	 2 	 0.0 			 0.0 			0.0
g3	 3 	 0.0 			 0.0 			0.0
g3	 4 	 0.0 			 0.0 			0.0
g3	 5 	 0.0 			 0.0 			0.0
g3	 6 	 0.0 			 0.0 			0.0
g3	 7 	 0.0 			 0.0 			0.0
g3	 8 	 0.0 			 0.0 			0.0
g3	 9 	 0.0 			 0.0 			0.0
g3	 10 	 0.0 			 0.0 			0.0
g3	 11 	 0.0 			 0.0 			0.0
g3	 12 	 0.0 			 0.0 			0.0
g3	 13 	 0.0 			 0.0 			0.0
g3	 14 	 0.0 			 0.0 			0.0
g3	 15 	 0.0 			 0.0 			0.0
g3	 16 	 0.0 			 0.0 			0.0
g3	 17 	 0.0 			 0.0 			0.0
g3	 18 	 0.0 			 0.0 			0.0
g3	 19 	 0.0 			 0.0 			0.0
g3	 20 	 0.0 			 0.0 			0.0
g3	 21 	 0.0 			 0.0 			0.0
g3	 22 	 0.0 			 0.0 			0.0
g3	 23 	 0.0 			 0.0 			0.0
g3	 24 	 0.0 			 0.0 			0.0
g3	 25 	 0.0 			 0.0 			0.0
g3	 26 	 0.0 			 0.0 			0.0
g3	 27 	 0.0 			 0.0 			0.0
g3	 28 	 0.0 			 0.0 			0.0
g3	 29 	 0.0 			 0.0 			0.0
g3	 30 	 0.0 			 0.0 			0.0
g3	 31 	 0.0 			 0.0 			0.0
g3	 32 	 0.0 			 0.0 			0.0
g3	 33 	 0.0 			 0.0 			0.0
g3	 34 	 0.0 			 0.0 			0.0
g3	 35 	 0.0 			 0.0 			0.0
g3	 36 	 0.0 			 0.0 			0.0
g3	 37 	 0.0 			 0.0 			0.0
g3	 38 	 0.0 			 0.0 			0.0
g3	 39 	 0.0 			 0.0 			0.0
g3	 40 	 0.0 			 0.0 			0.0
g3	 41 	 0.0 			 0.0 			0.0
g3	 42 	 0.0 			 0.0 			0.0
g3	 43 	 0.0 			 0.0 			0.0
g3	 44 	 0.0 			 0.0 			0.0
g3	 45 	 350.954412 			 4595.43 			4946.384412
g3	 46 	 350.954412 			 0.0 			350.954412
g3	 47 	 350.954412 			 0.0 			350.954412
g3	 48 	 350.954412 			 0.0 			350.954412
g3	 49 	 350.954412 			 0.0 			350.954412
g3	 50 	 350.954412 			 0.0 			350.954412
g3	 51 	 350.954412 			 0.0 			350.954412
g3	 52 	 522.662177 			 0.0 			522.662177
g3	 53 	 350.954412 			 0.0 			350.954412
g3	 54 	 350.954412 			 0.0 			350.954412
g3	 55 	 350.954412 			 0.0 			350.954412
g3	 56 	 350.954412 			 0.0 			350.954412
g3	 57 	 350.954412 			 0.0 			350.954412
g3	 58 	 350.954412 			 0.0 			350.954412
g3	 59 	 350.954412 			 0.0 			350.954412
g3	 60 	 350.954412 			 0.0 			350.954412
g3	 61 	 472.965443 			 0.0 			472.965443
g3	 62 	 350.954412 			 0.0 			350.954412
g3	 63 	 350.954412 			 0.0 			350.954412
g3	 64 	 388.009115 			 0.0 			388.009115
g3	 65 	 350.954412 			 0.0 			350.954412
g3	 66 	 350.954412 			 0.0 			350.954412
g3	 67 	 350.954412 			 0.0 			350.954412
g3	 68 	 350.954412 			 0.0 			350.954412
g3	 69 	 350.954412 			 0.0 			350.954412
g3	 70 	 350.954412 			 0.0 			350.954412
g3	 71 	 350.954412 			 0.0 			350.954412
g3	 72 	 350.954412 			 0.0 			350.954412
g3	 73 	 222.796187 			 0.0 			222.796187
g3	 74 	 350.954412 			 0.0 			350.954412
g3	 75 	 350.954412 			 0.0 			350.954412
g3	 76 	 350.954412 			 0.0 			350.954412
g3	 77 	 0.0 			 0.0 			0.0
g3	 78 	 0.0 			 0.0 			0.0
g3	 79 	 0.0 			 0.0 			0.0
g3	 80 	 0.0 			 0.0 			0.0
g3	 81 	 0.0 			 0.0 			0.0
g3	 82 	 0.0 			 0.0 			0.0
g3	 83 	 0.0 			 0.0 			0.0
g3	 84 	 0.0 			 0.0 			0.0
g3	 85 	 0.0 			 0.0 			0.0
g3	 86 	 0.0 			 0.0 			0.0
g3	 87 	 0.0 			 0.0 			0.0
g3	 88 	 0.0 			 0.0 			0.0
g3	 89 	 0.0 			 0.0 			0.0
g3	 90 	 0.0 			 0.0 			0.0
g3	 91 	 0.0 			 0.0 			0.0
g3	 92 	 0.0 			 0.0 			0.0
g3	 93 	 0.0 			 0.0 			0.0
g3	 94 	 0.0 			 0.0 			0.0
g3	 95 	 0.0 			 0.0 			0.0
g3	 96 	 0.0 			 0.0 			0.0
----------------------------------------------------------------------------------------------------
g4	 1 	 0.0 			 0.0 			0.0
g4	 2 	 0.0 			 0.0 			0.0
g4	 3 	 0.0 			 0.0 			0.0
g4	 4 	 0.0 			 0.0 			0.0
g4	 5 	 0.0 			 0.0 			0.0
g4	 6 	 0.0 			 0.0 			0.0
g4	 7 	 0.0 			 0.0 			0.0
g4	 8 	 0.0 			 0.0 			0.0
g4	 9 	 0.0 			 0.0 			0.0
g4	 10 	 0.0 			 0.0 			0.0
g4	 11 	 0.0 			 0.0 			0.0
g4	 12 	 0.0 			 0.0 			0.0
g4	 13 	 0.0 			 0.0 			0.0
g4	 14 	 0.0 			 0.0 			0.0
g4	 15 	 0.0 			 0.0 			0.0
g4	 16 	 0.0 			 0.0 			0.0
g4	 17 	 0.0 			 0.0 			0.0
g4	 18 	 0.0 			 0.0 			0.0
g4	 19 	 0.0 			 0.0 			0.0
g4	 20 	 0.0 			 0.0 			0.0
g4	 21 	 0.0 			 0.0 			0.0
g4	 22 	 0.0 			 0.0 			0.0
g4	 23 	 0.0 			 0.0 			0.0
g4	 24 	 0.0 			 0.0 			0.0
g4	 25 	 0.0 			 0.0 			0.0
g4	 26 	 0.0 			 0.0 			0.0
g4	 27 	 0.0 			 0.0 			0.0
g4	 28 	 0.0 			 0.0 			0.0
g4	 29 	 0.0 			 0.0 			0.0
g4	 30 	 0.0 			 0.0 			0.0
g4	 31 	 0.0 			 0.0 			0.0
g4	 32 	 0.0 			 0.0 			0.0
g4	 33 	 0.0 			 0.0 			0.0
g4	 34 	 0.0 			 0.0 			0.0
g4	 35 	 0.0 			 0.0 			0.0
g4	 36 	 0.0 			 0.0 			0.0
g4	 37 	 0.0 			 0.0 			0.0
g4	 38 	 0.0 			 0.0 			0.0
g4	 39 	 0.0 			 0.0 			0.0
g4	 40 	 0.0 			 0.0 			0.0
g4	 41 	 0.0 			 0.0 			0.0
g4	 42 	 0.0 			 0.0 			0.0
g4	 43 	 0.0 			 0.0 			0.0
g4	 44 	 0.0 			 0.0 			0.0
g4	 45 	 0.0 			 0.0 			0.0
g4	 46 	 0.0 			 0.0 			0.0
g4	 47 	 0.0 			 0.0 			0.0
g4	 48 	 0.0 			 0.0 			0.0
g4	 49 	 0.0 			 0.0 			0.0
g4	 50 	 0.0 			 0.0 			0.0
g4	 51 	 0.0 			 0.0 			0.0
g4	 52 	 0.0 			 0.0 			0.0
g4	 53 	 0.0 			 0.0 			0.0
g4	 54 	 0.0 			 0.0 			0.0
g4	 55 	 0.0 			 0.0 			0.0
g4	 56 	 0.0 			 0.0 			0.0
g4	 57 	 0.0 			 0.0 			0.0
g4	 58 	 0.0 			 0.0 			0.0
g4	 59 	 0.0 			 0.0 			0.0
g4	 60 	 0.0 			 0.0 			0.0
g4	 61 	 0.0 			 0.0 			0.0
g4	 62 	 0.0 			 0.0 			0.0
g4	 63 	 0.0 			 0.0 			0.0
g4	 64 	 0.0 			 0.0 			0.0
g4	 65 	 0.0 			 0.0 			0.0
g4	 66 	 0.0 			 0.0 			0.0
g4	 67 	 0.0 			 0.0 			0.0
g4	 68 	 0.0 			 0.0 			0.0
g4	 69 	 0.0 			 0.0 			0.0
g4	 70 	 0.0 			 0.0 			0.0
g4	 71 	 0.0 			 0.0 			0.0
g4	 72 	 0.0 			 0.0 			0.0
g4	 73 	 396.391388 			 4827.67 			5224.061388
g4	 74 	 398.628661 			 0.0 			398.628661
g4	 75 	 398.628661 			 0.0 			398.628661
g4	 76 	 398.628661 			 0.0 			398.628661
g4	 77 	 398.628661 			 0.0 			398.628661
g4	 78 	 562.291976 			 0.0 			562.291976
g4	 79 	 398.628661 			 0.0 			398.628661
g4	 80 	 398.628661 			 0.0 			398.628661
g4	 81 	 398.628661 			 0.0 			398.628661
g4	 82 	 398.628661 			 0.0 			398.628661
g4	 83 	 398.628661 			 0.0 			398.628661
g4	 84 	 398.628661 			 0.0 			398.628661
g4	 85 	 398.628661 			 0.0 			398.628661
g4	 86 	 477.182903 			 0.0 			477.182903
g4	 87 	 398.628661 			 0.0 			398.628661
g4	 88 	 398.628661 			 0.0 			398.628661
g4	 89 	 0.0 			 0.0 			0.0
g4	 90 	 0.0 			 0.0 			0.0
g4	 91 	 0.0 			 0.0 			0.0
g4	 92 	 0.0 			 0.0 			0.0
g4	 93 	 0.0 			 0.0 			0.0
g4	 94 	 0.0 			 0.0 			0.0
g4	 95 	 0.0 			 0.0 			0.0
g4	 96 	 0.0 			 0.0 			0.0
----------------------------------------------------------------------------------------------------
g5	 1 	 0.0 			 0.0 			0.0
g5	 2 	 0.0 			 0.0 			0.0
g5	 3 	 0.0 			 0.0 			0.0
g5	 4 	 0.0 			 0.0 			0.0
g5	 5 	 291.161126 			 6821.79 			7112.951126
g5	 6 	 348.846531 			 0.0 			348.846531
g5	 7 	 348.846531 			 0.0 			348.846531
g5	 8 	 348.846531 			 0.0 			348.846531
g5	 9 	 348.846531 			 0.0 			348.846531
g5	 10 	 348.846531 			 0.0 			348.846531
g5	 11 	 348.846531 			 0.0 			348.846531
g5	 12 	 348.846531 			 0.0 			348.846531
g5	 13 	 348.846531 			 0.0 			348.846531
g5	 14 	 348.846531 			 0.0 			348.846531
g5	 15 	 348.846531 			 0.0 			348.846531
g5	 16 	 348.846531 			 0.0 			348.846531
g5	 17 	 348.846531 			 0.0 			348.846531
g5	 18 	 348.846531 			 0.0 			348.846531
g5	 19 	 348.846531 			 0.0 			348.846531
g5	 20 	 348.846531 			 0.0 			348.846531
g5	 21 	 213.96434 			 0.0 			213.96434
g5	 22 	 348.846531 			 0.0 			348.846531
g5	 23 	 348.846531 			 0.0 			348.846531
g5	 24 	 348.846531 			 0.0 			348.846531
g5	 25 	 348.846531 			 0.0 			348.846531
g5	 26 	 348.846531 			 0.0 			348.846531
g5	 27 	 348.846531 			 0.0 			348.846531
g5	 28 	 348.846531 			 0.0 			348.846531
g5	 29 	 348.846531 			 0.0 			348.846531
g5	 30 	 348.846531 			 0.0 			348.846531
g5	 31 	 348.846531 			 0.0 			348.846531
g5	 32 	 348.846531 			 0.0 			348.846531
g5	 33 	 348.846531 			 0.0 			348.846531
g5	 34 	 348.846531 			 0.0 			348.846531
g5	 35 	 348.846531 			 0.0 			348.846531
g5	 36 	 348.846531 			 0.0 			348.846531
g5	 37 	 348.846531 			 0.0 			348.846531
g5	 38 	 348.846531 			 0.0 			348.846531
g5	 39 	 348.846531 			 0.0 			348.846531
g5	 40 	 348.846531 			 0.0 			348.846531
g5	 41 	 348.846531 			 0.0 			348.846531
g5	 42 	 348.846531 			 0.0 			348.846531
g5	 43 	 348.846531 			 0.0 			348.846531
g5	 44 	 348.846531 			 0.0 			348.846531
g5	 45 	 348.846531 			 0.0 			348.846531
g5	 46 	 348.846531 			 0.0 			348.846531
g5	 47 	 348.846531 			 0.0 			348.846531
g5	 48 	 348.846531 			 0.0 			348.846531
g5	 49 	 348.846531 			 0.0 			348.846531
g5	 50 	 348.846531 			 0.0 			348.846531
g5	 51 	 348.846531 			 0.0 			348.846531
g5	 52 	 513.766082 			 0.0 			513.766082
g5	 53 	 348.846531 			 0.0 			348.846531
g5	 54 	 348.846531 			 0.0 			348.846531
g5	 55 	 348.846531 			 0.0 			348.846531
g5	 56 	 348.846531 			 0.0 			348.846531
g5	 57 	 497.340745 			 0.0 			497.340745
g5	 58 	 450.860914 			 0.0 			450.860914
g5	 59 	 348.846531 			 0.0 			348.846531
g5	 60 	 348.846531 			 0.0 			348.846531
g5	 61 	 513.766082 			 0.0 			513.766082
g5	 62 	 348.846531 			 0.0 			348.846531
g5	 63 	 348.846531 			 0.0 			348.846531
g5	 64 	 513.766082 			 0.0 			513.766082
g5	 65 	 348.846531 			 0.0 			348.846531
g5	 66 	 348.846531 			 0.0 			348.846531
g5	 67 	 348.846531 			 0.0 			348.846531
g5	 68 	 348.846531 			 0.0 			348.846531
g5	 69 	 348.846531 			 0.0 			348.846531
g5	 70 	 348.846531 			 0.0 			348.846531
g5	 71 	 357.616092 			 0.0 			357.616092
g5	 72 	 513.766082 			 0.0 			513.766082
g5	 73 	 348.846531 			 0.0 			348.846531
g5	 74 	 348.846531 			 0.0 			348.846531
g5	 75 	 348.846531 			 0.0 			348.846531
g5	 76 	 348.846531 			 0.0 			348.846531
g5	 77 	 348.846531 			 0.0 			348.846531
g5	 78 	 513.766082 			 0.0 			513.766082
g5	 79 	 348.846531 			 0.0 			348.846531
g5	 80 	 348.846531 			 0.0 			348.846531
g5	 81 	 348.846531 			 0.0 			348.846531
g5	 82 	 348.846531 			 0.0 			348.846531
g5	 83 	 348.846531 			 0.0 			348.846531
g5	 84 	 348.846531 			 0.0 			348.846531
g5	 85 	 348.846531 			 0.0 			348.846531
g5	 86 	 348.846531 			 0.0 			348.846531
g5	 87 	 348.846531 			 0.0 			348.846531
g5	 88 	 348.846531 			 0.0 			348.846531
g5	 89 	 348.846531 			 0.0 			348.846531
g5	 90 	 348.846531 			 0.0 			348.846531
g5	 91 	 348.846531 			 0.0 			348.846531
g5	 92 	 348.846531 			 0.0 			348.846531
g5	 93 	 348.846531 			 0.0 			348.846531
g5	 94 	 348.846531 			 0.0 			348.846531
g5	 95 	 348.846531 			 0.0 			348.846531
g5	 96 	 348.846531 			 0.0 			348.846531
----------------------------------------------------------------------------------------------------
 
unit 	 generation 	 generation cost 	 start-up cost 	 total cost
----------------------------------------------------------------------------------------------------
g1 	 6572.182519			244804.963213			 0.000000		 244804.963213
g2 	 635.316521			39163.252030			 10598.130000		 49761.382030
g3 	 178.505331			11433.156458			 4595.430000		 16028.586458
g4 	 94.630634			6618.038860			 4827.670000		 11445.708860
g5 	 551.040722			32985.189169			 6821.790000		 39806.979169
----------------------------------------------------------------------------------------------------
 
generation cost 	 start-up cost 		 total cost
----------------------------------------------------------------------------------------------------
335004.59972999914 			 26843.019999999997 			 361847.61972999934
----------------------------------------------------------------------------------------------------
uplift payment for generator g1: 0.0
uplift payment for generator g2: 0.0
uplift payment for generator g3: 0.0
uplift payment for generator g4: 7468.355198
uplift payment for generator g5: 0.0
 
****************************************************************************************************
 
rtm Systemwide prices
----------------------------------------------------------------------------------------------------
time	 energy 	 up-FRP 	 dw-FRP
----------------------------------------------------------------------------------------------------
1 	 9.614507 		 0.0 		 0.0
2 	 9.614507 		 0.0 		 0.0
3 	 9.408671 		 0.0 		 0.0
4 	 10.008496 		 0.0 		 0.0
5 	 9.014683 		 0.0 		 0.0
6 	 9.408671 		 0.0 		 0.0
7 	 9.408671 		 0.0 		 0.0
8 	 9.408671 		 0.0 		 0.0
9 	 9.408671 		 0.0 		 0.0
10 	 9.408671 		 0.0 		 0.0
11 	 9.408671 		 0.0 		 0.0
12 	 9.408671 		 0.0 		 0.0
13 	 9.408671 		 0.0 		 0.0
14 	 9.408671 		 0.0 		 0.0
15 	 9.408671 		 0.0 		 0.0
16 	 9.408671 		 0.0 		 0.0
17 	 9.408671 		 0.0 		 0.0
18 	 9.408671 		 0.0 		 0.0
19 	 9.408671 		 0.0 		 0.0
20 	 9.408671 		 0.0 		 0.0
21 	 2481.182658 		 0.0 		 0.0
22 	 2500.0 		 0.0 		 0.0
23 	 9.408671 		 0.0 		 0.0
24 	 9.408671 		 0.0 		 0.0
25 	 9.457625 		 0.0 		 0.0
26 	 9.359718 		 0.0 		 0.0
27 	 9.408671 		 0.0 		 0.0
28 	 9.457625 		 0.0 		 0.0
29 	 9.408671 		 0.0 		 0.0
30 	 9.457625 		 0.0 		 0.0
31 	 9.457625 		 0.0 		 0.0
32 	 9.457625 		 0.0 		 0.0
33 	 9.457625 		 0.0 		 0.0
34 	 9.457625 		 0.0 		 0.0
35 	 9.457625 		 0.0 		 0.0
36 	 9.457625 		 0.0 		 0.0
37 	 9.457625 		 0.0 		 0.0
38 	 9.614507 		 0.0 		 0.0
39 	 9.614507 		 0.0 		 0.0
40 	 9.614507 		 0.0 		 0.0
41 	 9.614507 		 0.0 		 0.0
42 	 10.185876 		 0.0 		 0.0
43 	 9.614507 		 0.0 		 0.0
44 	 9.614507 		 0.0 		 0.0
45 	 9.614507 		 0.0 		 0.0
46 	 9.614507 		 0.0 		 0.0
47 	 9.614507 		 0.0 		 0.0
48 	 9.614507 		 0.0 		 0.0
49 	 9.614507 		 0.0 		 0.0
50 	 9.614507 		 0.0 		 0.0
51 	 2477.748864 		 0.0 		 0.0
52 	 2500.0 		 0.0 		 0.0
53 	 10.757244 		 0.0 		 0.0
54 	 9.614507 		 0.0 		 0.0
55 	 9.614507 		 0.0 		 0.0
56 	 9.614507 		 0.0 		 0.0
57 	 11.022192 		 0.0 		 0.0
58 	 11.022192 		 0.0 		 0.0
59 	 9.614507 		 0.0 		 0.0
60 	 9.614507 		 0.0 		 0.0
61 	 11.862367 		 0.0 		 0.0
62 	 9.614507 		 0.0 		 0.0
63 	 9.614507 		 0.0 		 0.0
64 	 11.862367 		 0.0 		 0.0
65 	 9.614507 		 0.0 		 0.0
66 	 10.185876 		 0.0 		 0.0
67 	 9.614507 		 0.0 		 0.0
68 	 10.185876 		 0.0 		 0.0
69 	 10.185876 		 0.0 		 0.0
70 	 10.185876 		 0.0 		 0.0
71 	 11.022192 		 0.0 		 0.0
72 	 11.647401 		 0.0 		 0.0
73 	 8.724351 		 0.0 		 0.0
74 	 9.614507 		 0.0 		 0.0
75 	 9.614507 		 0.0 		 0.0
76 	 9.614507 		 0.0 		 0.0
77 	 9.614507 		 0.0 		 0.0
78 	 11.328613 		 0.0 		 0.0
79 	 9.614507 		 0.0 		 0.0
80 	 10.185876 		 0.0 		 0.0
81 	 10.185876 		 0.0 		 0.0
82 	 9.614507 		 0.0 		 0.0
83 	 9.614507 		 0.0 		 0.0
84 	 9.614507 		 0.0 		 0.0
85 	 9.614507 		 0.0 		 0.0
86 	 10.824293 		 0.0 		 0.0
87 	 9.614507 		 0.0 		 0.0
88 	 9.614507 		 0.0 		 0.0
89 	 9.614507 		 0.0 		 0.0
90 	 9.614507 		 0.0 		 0.0
91 	 9.614507 		 0.0 		 0.0
92 	 9.614507 		 0.0 		 0.0
93 	 9.614507 		 0.0 		 0.0
94 	 9.614507 		 0.0 		 0.0
95 	 9.614507 		 0.0 		 0.0
96 	 9.614507 		 0.0 		 0.0
 
****************************************************************************************************
 
rtm Post-uplift payments
----------------------------------------------------------------------------------------------------------------------------------------------------
unit 	 generation payment 	 up-FRP payment 	 dw-FRP payment 	pre-up t. payment 	 uplift payments 	 post-up t. payment 	 profit
----------------------------------------------------------------------------------------------------------------------------------------------------
 g1 	 90504.734128			 0.000000			 0.000000			 90504.734128			 0.000000			 90504.734128		 102941.432872
 g2 	 202742.222980			 0.000000			 0.000000			 202742.222980			 0.000000			 202742.222980		 176168.315959
 g3 	 44767.981128			 0.000000			 0.000000			 44767.981128			 0.000000			 44767.981128		 35675.588270
 g4 	 -202.985760			 0.000000			 0.000000			 -202.985760			 7468.355198			 7265.369438		 -0.000000
 g5 	 26351.219575			 0.000000			 0.000000			 26351.219575			 0.000000			 26351.219575		 7669.895889
****************************************************************************************************
 
Total generator payments
----------------------------------------------------------------------------------------------------------------------------------------------------
unit 	 generation payment 	 up-FRP payment 	 dw-FRP payment 	pre-up t. payment 	 uplift payments 	 post-up t. payment 	 profit
----------------------------------------------------------------------------------------------------------------------------------------------------
 g1 	 347299.024688			 447.371397			 0.000000			 347746.396085			 0.000000			 347746.396085		 102941.432872
 g2 	 225659.957173			 269.740816			 0.000000			 225929.697989			 0.000000			 225929.697989		 176168.315959
 g3 	 51704.174728			 0.000000			 0.000000			 51704.174728			 0.000000			 51704.174728		 35675.588270
 g4 	 3977.353662			 0.000000			 0.000000			 3977.353662			 7468.355198			 11445.708860		 -0.000000
 g5 	 47050.466671			 426.408387			 0.000000			 47476.875058			 0.000000			 47476.875058		 7669.895889
 
****************************************************************************************************
 
rtm LMP
----------------------------------------------------------------------------------------------------
bus name 	 time 		 LMP
----------------------------------------------------------------------------------------------------
b1 		 1 		 9.614507
b1 		 2 		 9.614507
b1 		 3 		 9.408671
b1 		 4 		 10.008496
b1 		 5 		 9.014683
b1 		 6 		 9.408671
b1 		 7 		 9.408671
b1 		 8 		 9.408671
b1 		 9 		 9.408671
b1 		 10 		 9.408671
b1 		 11 		 9.408671
b1 		 12 		 9.408671
b1 		 13 		 9.408671
b1 		 14 		 9.408671
b1 		 15 		 9.408671
b1 		 16 		 9.408671
b1 		 17 		 9.408671
b1 		 18 		 9.408671
b1 		 19 		 9.408671
b1 		 20 		 9.408671
b1 		 21 		 2481.182658
b1 		 22 		 2500.0
b1 		 23 		 9.408671
b1 		 24 		 9.408671
b1 		 25 		 9.457625
b1 		 26 		 9.359718
b1 		 27 		 9.408671
b1 		 28 		 9.457625
b1 		 29 		 9.408671
b1 		 30 		 9.457625
b1 		 31 		 9.457625
b1 		 32 		 9.457625
b1 		 33 		 9.457625
b1 		 34 		 9.457625
b1 		 35 		 9.457625
b1 		 36 		 9.457625
b1 		 37 		 9.457625
b1 		 38 		 9.614507
b1 		 39 		 9.614507
b1 		 40 		 9.614507
b1 		 41 		 9.614507
b1 		 42 		 10.185876
b1 		 43 		 9.614507
b1 		 44 		 9.614507
b1 		 45 		 9.614507
b1 		 46 		 9.614507
b1 		 47 		 9.614507
b1 		 48 		 9.614507
b1 		 49 		 9.614507
b1 		 50 		 9.614507
b1 		 51 		 2477.748864
b1 		 52 		 2500.0
b1 		 53 		 10.757244
b1 		 54 		 9.614507
b1 		 55 		 9.614507
b1 		 56 		 9.614507
b1 		 57 		 11.022192
b1 		 58 		 11.022192
b1 		 59 		 9.614507
b1 		 60 		 9.614507
b1 		 61 		 11.862367
b1 		 62 		 9.614507
b1 		 63 		 9.614507
b1 		 64 		 11.862367
b1 		 65 		 9.614507
b1 		 66 		 10.185876
b1 		 67 		 9.614507
b1 		 68 		 10.185876
b1 		 69 		 10.185876
b1 		 70 		 10.185876
b1 		 71 		 11.022192
b1 		 72 		 11.647401
b1 		 73 		 8.724351
b1 		 74 		 9.614507
b1 		 75 		 9.614507
b1 		 76 		 9.614507
b1 		 77 		 9.614507
b1 		 78 		 11.328613
b1 		 79 		 9.614507
b1 		 80 		 10.185876
b1 		 81 		 10.185876
b1 		 82 		 9.614507
b1 		 83 		 9.614507
b1 		 84 		 9.614507
b1 		 85 		 9.614507
b1 		 86 		 10.824293
b1 		 87 		 9.614507
b1 		 88 		 9.614507
b1 		 89 		 9.614507
b1 		 90 		 9.614507
b1 		 91 		 9.614507
b1 		 92 		 9.614507
b1 		 93 		 9.614507
b1 		 94 		 9.614507
b1 		 95 		 9.614507
b1 		 96 		 9.614507
----------------------------------------------------------------------------------------------------
b2 		 1 		 9.614507
b2 		 2 		 9.614507
b2 		 3 		 9.408671
b2 		 4 		 10.008496
b2 		 5 		 9.014683
b2 		 6 		 9.408671
b2 		 7 		 9.408671
b2 		 8 		 9.408671
b2 		 9 		 9.408671
b2 		 10 		 9.408671
b2 		 11 		 9.408671
b2 		 12 		 9.408671
b2 		 13 		 9.408671
b2 		 14 		 9.408671
b2 		 15 		 9.408671
b2 		 16 		 9.408671
b2 		 17 		 9.408671
b2 		 18 		 9.408671
b2 		 19 		 9.408671
b2 		 20 		 9.408671
b2 		 21 		 2481.182658
b2 		 22 		 2500.0
b2 		 23 		 9.408671
b2 		 24 		 9.408671
b2 		 25 		 9.457625
b2 		 26 		 9.359718
b2 		 27 		 9.408671
b2 		 28 		 9.457625
b2 		 29 		 9.408671
b2 		 30 		 9.457625
b2 		 31 		 9.457625
b2 		 32 		 9.457625
b2 		 33 		 9.457625
b2 		 34 		 9.457625
b2 		 35 		 9.457625
b2 		 36 		 9.457625
b2 		 37 		 9.457625
b2 		 38 		 9.614507
b2 		 39 		 9.614507
b2 		 40 		 9.614507
b2 		 41 		 9.614507
b2 		 42 		 10.185876
b2 		 43 		 9.614507
b2 		 44 		 9.614507
b2 		 45 		 9.614507
b2 		 46 		 9.614507
b2 		 47 		 9.614507
b2 		 48 		 9.614507
b2 		 49 		 9.614507
b2 		 50 		 9.614507
b2 		 51 		 2477.748864
b2 		 52 		 2500.0
b2 		 53 		 10.757244
b2 		 54 		 9.614507
b2 		 55 		 9.614507
b2 		 56 		 9.614507
b2 		 57 		 11.022192
b2 		 58 		 11.022192
b2 		 59 		 9.614507
b2 		 60 		 9.614507
b2 		 61 		 11.862367
b2 		 62 		 9.614507
b2 		 63 		 9.614507
b2 		 64 		 11.862367
b2 		 65 		 9.614507
b2 		 66 		 10.185876
b2 		 67 		 9.614507
b2 		 68 		 10.185876
b2 		 69 		 10.185876
b2 		 70 		 10.185876
b2 		 71 		 11.022192
b2 		 72 		 11.647401
b2 		 73 		 8.724351
b2 		 74 		 9.614507
b2 		 75 		 9.614507
b2 		 76 		 9.614507
b2 		 77 		 9.614507
b2 		 78 		 11.328613
b2 		 79 		 9.614507
b2 		 80 		 10.185876
b2 		 81 		 10.185876
b2 		 82 		 9.614507
b2 		 83 		 9.614507
b2 		 84 		 9.614507
b2 		 85 		 9.614507
b2 		 86 		 10.824293
b2 		 87 		 9.614507
b2 		 88 		 9.614507
b2 		 89 		 9.614507
b2 		 90 		 9.614507
b2 		 91 		 9.614507
b2 		 92 		 9.614507
b2 		 93 		 9.614507
b2 		 94 		 9.614507
b2 		 95 		 9.614507
b2 		 96 		 9.614507
----------------------------------------------------------------------------------------------------
b3 		 1 		 9.614507
b3 		 2 		 9.614507
b3 		 3 		 9.408671
b3 		 4 		 10.008496
b3 		 5 		 9.014683
b3 		 6 		 9.408671
b3 		 7 		 9.408671
b3 		 8 		 9.408671
b3 		 9 		 9.408671
b3 		 10 		 9.408671
b3 		 11 		 9.408671
b3 		 12 		 9.408671
b3 		 13 		 9.408671
b3 		 14 		 9.408671
b3 		 15 		 9.408671
b3 		 16 		 9.408671
b3 		 17 		 9.408671
b3 		 18 		 9.408671
b3 		 19 		 9.408671
b3 		 20 		 9.408671
b3 		 21 		 2481.182658
b3 		 22 		 2500.0
b3 		 23 		 9.408671
b3 		 24 		 9.408671
b3 		 25 		 9.457625
b3 		 26 		 9.359718
b3 		 27 		 9.408671
b3 		 28 		 9.457625
b3 		 29 		 9.408671
b3 		 30 		 9.457625
b3 		 31 		 9.457625
b3 		 32 		 9.457625
b3 		 33 		 9.457625
b3 		 34 		 9.457625
b3 		 35 		 9.457625
b3 		 36 		 9.457625
b3 		 37 		 9.457625
b3 		 38 		 9.614507
b3 		 39 		 9.614507
b3 		 40 		 9.614507
b3 		 41 		 9.614507
b3 		 42 		 10.185876
b3 		 43 		 9.614507
b3 		 44 		 9.614507
b3 		 45 		 9.614507
b3 		 46 		 9.614507
b3 		 47 		 9.614507
b3 		 48 		 9.614507
b3 		 49 		 9.614507
b3 		 50 		 9.614507
b3 		 51 		 2477.748864
b3 		 52 		 2500.0
b3 		 53 		 10.757244
b3 		 54 		 9.614507
b3 		 55 		 9.614507
b3 		 56 		 9.614507
b3 		 57 		 11.022192
b3 		 58 		 11.022192
b3 		 59 		 9.614507
b3 		 60 		 9.614507
b3 		 61 		 11.862367
b3 		 62 		 9.614507
b3 		 63 		 9.614507
b3 		 64 		 11.862367
b3 		 65 		 9.614507
b3 		 66 		 10.185876
b3 		 67 		 9.614507
b3 		 68 		 10.185876
b3 		 69 		 10.185876
b3 		 70 		 10.185876
b3 		 71 		 11.022192
b3 		 72 		 11.647401
b3 		 73 		 8.724351
b3 		 74 		 9.614507
b3 		 75 		 9.614507
b3 		 76 		 9.614507
b3 		 77 		 9.614507
b3 		 78 		 11.328613
b3 		 79 		 9.614507
b3 		 80 		 10.185876
b3 		 81 		 10.185876
b3 		 82 		 9.614507
b3 		 83 		 9.614507
b3 		 84 		 9.614507
b3 		 85 		 9.614507
b3 		 86 		 10.824293
b3 		 87 		 9.614507
b3 		 88 		 9.614507
b3 		 89 		 9.614507
b3 		 90 		 9.614507
b3 		 91 		 9.614507
b3 		 92 		 9.614507
b3 		 93 		 9.614507
b3 		 94 		 9.614507
b3 		 95 		 9.614507
b3 		 96 		 9.614507
----------------------------------------------------------------------------------------------------
b4 		 1 		 9.614507
b4 		 2 		 9.614507
b4 		 3 		 9.408671
b4 		 4 		 10.008496
b4 		 5 		 9.014683
b4 		 6 		 9.408671
b4 		 7 		 9.408671
b4 		 8 		 9.408671
b4 		 9 		 9.408671
b4 		 10 		 9.408671
b4 		 11 		 9.408671
b4 		 12 		 9.408671
b4 		 13 		 9.408671
b4 		 14 		 9.408671
b4 		 15 		 9.408671
b4 		 16 		 9.408671
b4 		 17 		 9.408671
b4 		 18 		 9.408671
b4 		 19 		 9.408671
b4 		 20 		 9.408671
b4 		 21 		 2481.182658
b4 		 22 		 2500.0
b4 		 23 		 9.408671
b4 		 24 		 9.408671
b4 		 25 		 9.457625
b4 		 26 		 9.359718
b4 		 27 		 9.408671
b4 		 28 		 9.457625
b4 		 29 		 9.408671
b4 		 30 		 9.457625
b4 		 31 		 9.457625
b4 		 32 		 9.457625
b4 		 33 		 9.457625
b4 		 34 		 9.457625
b4 		 35 		 9.457625
b4 		 36 		 9.457625
b4 		 37 		 9.457625
b4 		 38 		 9.614507
b4 		 39 		 9.614507
b4 		 40 		 9.614507
b4 		 41 		 9.614507
b4 		 42 		 10.185876
b4 		 43 		 9.614507
b4 		 44 		 9.614507
b4 		 45 		 9.614507
b4 		 46 		 9.614507
b4 		 47 		 9.614507
b4 		 48 		 9.614507
b4 		 49 		 9.614507
b4 		 50 		 9.614507
b4 		 51 		 2477.748864
b4 		 52 		 2500.0
b4 		 53 		 10.757244
b4 		 54 		 9.614507
b4 		 55 		 9.614507
b4 		 56 		 9.614507
b4 		 57 		 11.022192
b4 		 58 		 11.022192
b4 		 59 		 9.614507
b4 		 60 		 9.614507
b4 		 61 		 11.862367
b4 		 62 		 9.614507
b4 		 63 		 9.614507
b4 		 64 		 11.862367
b4 		 65 		 9.614507
b4 		 66 		 10.185876
b4 		 67 		 9.614507
b4 		 68 		 10.185876
b4 		 69 		 10.185876
b4 		 70 		 10.185876
b4 		 71 		 11.022192
b4 		 72 		 11.647401
b4 		 73 		 8.724351
b4 		 74 		 9.614507
b4 		 75 		 9.614507
b4 		 76 		 9.614507
b4 		 77 		 9.614507
b4 		 78 		 11.328613
b4 		 79 		 9.614507
b4 		 80 		 10.185876
b4 		 81 		 10.185876
b4 		 82 		 9.614507
b4 		 83 		 9.614507
b4 		 84 		 9.614507
b4 		 85 		 9.614507
b4 		 86 		 10.824293
b4 		 87 		 9.614507
b4 		 88 		 9.614507
b4 		 89 		 9.614507
b4 		 90 		 9.614507
b4 		 91 		 9.614507
b4 		 92 		 9.614507
b4 		 93 		 9.614507
b4 		 94 		 9.614507
b4 		 95 		 9.614507
b4 		 96 		 9.614507
----------------------------------------------------------------------------------------------------
b5 		 1 		 9.614507
b5 		 2 		 9.614507
b5 		 3 		 9.408671
b5 		 4 		 10.008496
b5 		 5 		 9.014683
b5 		 6 		 9.408671
b5 		 7 		 9.408671
b5 		 8 		 9.408671
b5 		 9 		 9.408671
b5 		 10 		 9.408671
b5 		 11 		 9.408671
b5 		 12 		 9.408671
b5 		 13 		 9.408671
b5 		 14 		 9.408671
b5 		 15 		 9.408671
b5 		 16 		 9.408671
b5 		 17 		 9.408671
b5 		 18 		 9.408671
b5 		 19 		 9.408671
b5 		 20 		 9.408671
b5 		 21 		 2481.182658
b5 		 22 		 2500.0
b5 		 23 		 9.408671
b5 		 24 		 9.408671
b5 		 25 		 9.457625
b5 		 26 		 9.359718
b5 		 27 		 9.408671
b5 		 28 		 9.457625
b5 		 29 		 9.408671
b5 		 30 		 9.457625
b5 		 31 		 9.457625
b5 		 32 		 9.457625
b5 		 33 		 9.457625
b5 		 34 		 9.457625
b5 		 35 		 9.457625
b5 		 36 		 9.457625
b5 		 37 		 9.457625
b5 		 38 		 9.614507
b5 		 39 		 9.614507
b5 		 40 		 9.614507
b5 		 41 		 9.614507
b5 		 42 		 10.185876
b5 		 43 		 9.614507
b5 		 44 		 9.614507
b5 		 45 		 9.614507
b5 		 46 		 9.614507
b5 		 47 		 9.614507
b5 		 48 		 9.614507
b5 		 49 		 9.614507
b5 		 50 		 9.614507
b5 		 51 		 2477.748864
b5 		 52 		 2500.0
b5 		 53 		 10.757244
b5 		 54 		 9.614507
b5 		 55 		 9.614507
b5 		 56 		 9.614507
b5 		 57 		 11.022192
b5 		 58 		 11.022192
b5 		 59 		 9.614507
b5 		 60 		 9.614507
b5 		 61 		 11.862367
b5 		 62 		 9.614507
b5 		 63 		 9.614507
b5 		 64 		 11.862367
b5 		 65 		 9.614507
b5 		 66 		 10.185876
b5 		 67 		 9.614507
b5 		 68 		 10.185876
b5 		 69 		 10.185876
b5 		 70 		 10.185876
b5 		 71 		 11.022192
b5 		 72 		 11.647401
b5 		 73 		 8.724351
b5 		 74 		 9.614507
b5 		 75 		 9.614507
b5 		 76 		 9.614507
b5 		 77 		 9.614507
b5 		 78 		 11.328613
b5 		 79 		 9.614507
b5 		 80 		 10.185876
b5 		 81 		 10.185876
b5 		 82 		 9.614507
b5 		 83 		 9.614507
b5 		 84 		 9.614507
b5 		 85 		 9.614507
b5 		 86 		 10.824293
b5 		 87 		 9.614507
b5 		 88 		 9.614507
b5 		 89 		 9.614507
b5 		 90 		 9.614507
b5 		 91 		 9.614507
b5 		 92 		 9.614507
b5 		 93 		 9.614507
b5 		 94 		 9.614507
b5 		 95 		 9.614507
b5 		 96 		 9.614507
----------------------------------------------------------------------------------------------------
b6 		 1 		 9.614507
b6 		 2 		 9.614507
b6 		 3 		 9.408671
b6 		 4 		 10.008496
b6 		 5 		 9.014683
b6 		 6 		 9.408671
b6 		 7 		 9.408671
b6 		 8 		 9.408671
b6 		 9 		 9.408671
b6 		 10 		 9.408671
b6 		 11 		 9.408671
b6 		 12 		 9.408671
b6 		 13 		 9.408671
b6 		 14 		 9.408671
b6 		 15 		 9.408671
b6 		 16 		 9.408671
b6 		 17 		 9.408671
b6 		 18 		 9.408671
b6 		 19 		 9.408671
b6 		 20 		 9.408671
b6 		 21 		 2481.182658
b6 		 22 		 2500.0
b6 		 23 		 9.408671
b6 		 24 		 9.408671
b6 		 25 		 9.457625
b6 		 26 		 9.359718
b6 		 27 		 9.408671
b6 		 28 		 9.457625
b6 		 29 		 9.408671
b6 		 30 		 9.457625
b6 		 31 		 9.457625
b6 		 32 		 9.457625
b6 		 33 		 9.457625
b6 		 34 		 9.457625
b6 		 35 		 9.457625
b6 		 36 		 9.457625
b6 		 37 		 9.457625
b6 		 38 		 9.614507
b6 		 39 		 9.614507
b6 		 40 		 9.614507
b6 		 41 		 9.614507
b6 		 42 		 10.185876
b6 		 43 		 9.614507
b6 		 44 		 9.614507
b6 		 45 		 9.614507
b6 		 46 		 9.614507
b6 		 47 		 9.614507
b6 		 48 		 9.614507
b6 		 49 		 9.614507
b6 		 50 		 9.614507
b6 		 51 		 2477.748864
b6 		 52 		 2500.0
b6 		 53 		 10.757244
b6 		 54 		 9.614507
b6 		 55 		 9.614507
b6 		 56 		 9.614507
b6 		 57 		 11.022192
b6 		 58 		 11.022192
b6 		 59 		 9.614507
b6 		 60 		 9.614507
b6 		 61 		 11.862367
b6 		 62 		 9.614507
b6 		 63 		 9.614507
b6 		 64 		 11.862367
b6 		 65 		 9.614507
b6 		 66 		 10.185876
b6 		 67 		 9.614507
b6 		 68 		 10.185876
b6 		 69 		 10.185876
b6 		 70 		 10.185876
b6 		 71 		 11.022192
b6 		 72 		 11.647401
b6 		 73 		 8.724351
b6 		 74 		 9.614507
b6 		 75 		 9.614507
b6 		 76 		 9.614507
b6 		 77 		 9.614507
b6 		 78 		 11.328613
b6 		 79 		 9.614507
b6 		 80 		 10.185876
b6 		 81 		 10.185876
b6 		 82 		 9.614507
b6 		 83 		 9.614507
b6 		 84 		 9.614507
b6 		 85 		 9.614507
b6 		 86 		 10.824293
b6 		 87 		 9.614507
b6 		 88 		 9.614507
b6 		 89 		 9.614507
b6 		 90 		 9.614507
b6 		 91 		 9.614507
b6 		 92 		 9.614507
b6 		 93 		 9.614507
b6 		 94 		 9.614507
b6 		 95 		 9.614507
b6 		 96 		 9.614507
----------------------------------------------------------------------------------------------------
b7 		 1 		 9.614507
b7 		 2 		 9.614507
b7 		 3 		 9.408671
b7 		 4 		 10.008496
b7 		 5 		 9.014683
b7 		 6 		 9.408671
b7 		 7 		 9.408671
b7 		 8 		 9.408671
b7 		 9 		 9.408671
b7 		 10 		 9.408671
b7 		 11 		 9.408671
b7 		 12 		 9.408671
b7 		 13 		 9.408671
b7 		 14 		 9.408671
b7 		 15 		 9.408671
b7 		 16 		 9.408671
b7 		 17 		 9.408671
b7 		 18 		 9.408671
b7 		 19 		 9.408671
b7 		 20 		 9.408671
b7 		 21 		 2481.182658
b7 		 22 		 2500.0
b7 		 23 		 9.408671
b7 		 24 		 9.408671
b7 		 25 		 9.457625
b7 		 26 		 9.359718
b7 		 27 		 9.408671
b7 		 28 		 9.457625
b7 		 29 		 9.408671
b7 		 30 		 9.457625
b7 		 31 		 9.457625
b7 		 32 		 9.457625
b7 		 33 		 9.457625
b7 		 34 		 9.457625
b7 		 35 		 9.457625
b7 		 36 		 9.457625
b7 		 37 		 9.457625
b7 		 38 		 9.614507
b7 		 39 		 9.614507
b7 		 40 		 9.614507
b7 		 41 		 9.614507
b7 		 42 		 10.185876
b7 		 43 		 9.614507
b7 		 44 		 9.614507
b7 		 45 		 9.614507
b7 		 46 		 9.614507
b7 		 47 		 9.614507
b7 		 48 		 9.614507
b7 		 49 		 9.614507
b7 		 50 		 9.614507
b7 		 51 		 2477.748864
b7 		 52 		 2500.0
b7 		 53 		 10.757244
b7 		 54 		 9.614507
b7 		 55 		 9.614507
b7 		 56 		 9.614507
b7 		 57 		 11.022192
b7 		 58 		 11.022192
b7 		 59 		 9.614507
b7 		 60 		 9.614507
b7 		 61 		 11.862367
b7 		 62 		 9.614507
b7 		 63 		 9.614507
b7 		 64 		 11.862367
b7 		 65 		 9.614507
b7 		 66 		 10.185876
b7 		 67 		 9.614507
b7 		 68 		 10.185876
b7 		 69 		 10.185876
b7 		 70 		 10.185876
b7 		 71 		 11.022192
b7 		 72 		 11.647401
b7 		 73 		 8.724351
b7 		 74 		 9.614507
b7 		 75 		 9.614507
b7 		 76 		 9.614507
b7 		 77 		 9.614507
b7 		 78 		 11.328613
b7 		 79 		 9.614507
b7 		 80 		 10.185876
b7 		 81 		 10.185876
b7 		 82 		 9.614507
b7 		 83 		 9.614507
b7 		 84 		 9.614507
b7 		 85 		 9.614507
b7 		 86 		 10.824293
b7 		 87 		 9.614507
b7 		 88 		 9.614507
b7 		 89 		 9.614507
b7 		 90 		 9.614507
b7 		 91 		 9.614507
b7 		 92 		 9.614507
b7 		 93 		 9.614507
b7 		 94 		 9.614507
b7 		 95 		 9.614507
b7 		 96 		 9.614507
----------------------------------------------------------------------------------------------------
b8 		 1 		 9.614507
b8 		 2 		 9.614507
b8 		 3 		 9.408671
b8 		 4 		 10.008496
b8 		 5 		 9.014683
b8 		 6 		 9.408671
b8 		 7 		 9.408671
b8 		 8 		 9.408671
b8 		 9 		 9.408671
b8 		 10 		 9.408671
b8 		 11 		 9.408671
b8 		 12 		 9.408671
b8 		 13 		 9.408671
b8 		 14 		 9.408671
b8 		 15 		 9.408671
b8 		 16 		 9.408671
b8 		 17 		 9.408671
b8 		 18 		 9.408671
b8 		 19 		 9.408671
b8 		 20 		 9.408671
b8 		 21 		 2481.182658
b8 		 22 		 2500.0
b8 		 23 		 9.408671
b8 		 24 		 9.408671
b8 		 25 		 9.457625
b8 		 26 		 9.359718
b8 		 27 		 9.408671
b8 		 28 		 9.457625
b8 		 29 		 9.408671
b8 		 30 		 9.457625
b8 		 31 		 9.457625
b8 		 32 		 9.457625
b8 		 33 		 9.457625
b8 		 34 		 9.457625
b8 		 35 		 9.457625
b8 		 36 		 9.457625
b8 		 37 		 9.457625
b8 		 38 		 9.614507
b8 		 39 		 9.614507
b8 		 40 		 9.614507
b8 		 41 		 9.614507
b8 		 42 		 10.185876
b8 		 43 		 9.614507
b8 		 44 		 9.614507
b8 		 45 		 9.614507
b8 		 46 		 9.614507
b8 		 47 		 9.614507
b8 		 48 		 9.614507
b8 		 49 		 9.614507
b8 		 50 		 9.614507
b8 		 51 		 2477.748864
b8 		 52 		 2500.0
b8 		 53 		 10.757244
b8 		 54 		 9.614507
b8 		 55 		 9.614507
b8 		 56 		 9.614507
b8 		 57 		 11.022192
b8 		 58 		 11.022192
b8 		 59 		 9.614507
b8 		 60 		 9.614507
b8 		 61 		 11.862367
b8 		 62 		 9.614507
b8 		 63 		 9.614507
b8 		 64 		 11.862367
b8 		 65 		 9.614507
b8 		 66 		 10.185876
b8 		 67 		 9.614507
b8 		 68 		 10.185876
b8 		 69 		 10.185876
b8 		 70 		 10.185876
b8 		 71 		 11.022192
b8 		 72 		 11.647401
b8 		 73 		 8.724351
b8 		 74 		 9.614507
b8 		 75 		 9.614507
b8 		 76 		 9.614507
b8 		 77 		 9.614507
b8 		 78 		 11.328613
b8 		 79 		 9.614507
b8 		 80 		 10.185876
b8 		 81 		 10.185876
b8 		 82 		 9.614507
b8 		 83 		 9.614507
b8 		 84 		 9.614507
b8 		 85 		 9.614507
b8 		 86 		 10.824293
b8 		 87 		 9.614507
b8 		 88 		 9.614507
b8 		 89 		 9.614507
b8 		 90 		 9.614507
b8 		 91 		 9.614507
b8 		 92 		 9.614507
b8 		 93 		 9.614507
b8 		 94 		 9.614507
b8 		 95 		 9.614507
b8 		 96 		 9.614507
----------------------------------------------------------------------------------------------------
b9 		 1 		 9.614507
b9 		 2 		 9.614507
b9 		 3 		 9.408671
b9 		 4 		 10.008496
b9 		 5 		 9.014683
b9 		 6 		 9.408671
b9 		 7 		 9.408671
b9 		 8 		 9.408671
b9 		 9 		 9.408671
b9 		 10 		 9.408671
b9 		 11 		 9.408671
b9 		 12 		 9.408671
b9 		 13 		 9.408671
b9 		 14 		 9.408671
b9 		 15 		 9.408671
b9 		 16 		 9.408671
b9 		 17 		 9.408671
b9 		 18 		 9.408671
b9 		 19 		 9.408671
b9 		 20 		 9.408671
b9 		 21 		 2481.182658
b9 		 22 		 2500.0
b9 		 23 		 9.408671
b9 		 24 		 9.408671
b9 		 25 		 9.457625
b9 		 26 		 9.359718
b9 		 27 		 9.408671
b9 		 28 		 9.457625
b9 		 29 		 9.408671
b9 		 30 		 9.457625
b9 		 31 		 9.457625
b9 		 32 		 9.457625
b9 		 33 		 9.457625
b9 		 34 		 9.457625
b9 		 35 		 9.457625
b9 		 36 		 9.457625
b9 		 37 		 9.457625
b9 		 38 		 9.614507
b9 		 39 		 9.614507
b9 		 40 		 9.614507
b9 		 41 		 9.614507
b9 		 42 		 10.185876
b9 		 43 		 9.614507
b9 		 44 		 9.614507
b9 		 45 		 9.614507
b9 		 46 		 9.614507
b9 		 47 		 9.614507
b9 		 48 		 9.614507
b9 		 49 		 9.614507
b9 		 50 		 9.614507
b9 		 51 		 2477.748864
b9 		 52 		 2500.0
b9 		 53 		 10.757244
b9 		 54 		 9.614507
b9 		 55 		 9.614507
b9 		 56 		 9.614507
b9 		 57 		 11.022192
b9 		 58 		 11.022192
b9 		 59 		 9.614507
b9 		 60 		 9.614507
b9 		 61 		 11.862367
b9 		 62 		 9.614507
b9 		 63 		 9.614507
b9 		 64 		 11.862367
b9 		 65 		 9.614507
b9 		 66 		 10.185876
b9 		 67 		 9.614507
b9 		 68 		 10.185876
b9 		 69 		 10.185876
b9 		 70 		 10.185876
b9 		 71 		 11.022192
b9 		 72 		 11.647401
b9 		 73 		 8.724351
b9 		 74 		 9.614507
b9 		 75 		 9.614507
b9 		 76 		 9.614507
b9 		 77 		 9.614507
b9 		 78 		 11.328613
b9 		 79 		 9.614507
b9 		 80 		 10.185876
b9 		 81 		 10.185876
b9 		 82 		 9.614507
b9 		 83 		 9.614507
b9 		 84 		 9.614507
b9 		 85 		 9.614507
b9 		 86 		 10.824293
b9 		 87 		 9.614507
b9 		 88 		 9.614507
b9 		 89 		 9.614507
b9 		 90 		 9.614507
b9 		 91 		 9.614507
b9 		 92 		 9.614507
b9 		 93 		 9.614507
b9 		 94 		 9.614507
b9 		 95 		 9.614507
b9 		 96 		 9.614507
----------------------------------------------------------------------------------------------------
b10 		 1 		 9.614507
b10 		 2 		 9.614507
b10 		 3 		 9.408671
b10 		 4 		 10.008496
b10 		 5 		 9.014683
b10 		 6 		 9.408671
b10 		 7 		 9.408671
b10 		 8 		 9.408671
b10 		 9 		 9.408671
b10 		 10 		 9.408671
b10 		 11 		 9.408671
b10 		 12 		 9.408671
b10 		 13 		 9.408671
b10 		 14 		 9.408671
b10 		 15 		 9.408671
b10 		 16 		 9.408671
b10 		 17 		 9.408671
b10 		 18 		 9.408671
b10 		 19 		 9.408671
b10 		 20 		 9.408671
b10 		 21 		 2481.182658
b10 		 22 		 2500.0
b10 		 23 		 9.408671
b10 		 24 		 9.408671
b10 		 25 		 9.457625
b10 		 26 		 9.359718
b10 		 27 		 9.408671
b10 		 28 		 9.457625
b10 		 29 		 9.408671
b10 		 30 		 9.457625
b10 		 31 		 9.457625
b10 		 32 		 9.457625
b10 		 33 		 9.457625
b10 		 34 		 9.457625
b10 		 35 		 9.457625
b10 		 36 		 9.457625
b10 		 37 		 9.457625
b10 		 38 		 9.614507
b10 		 39 		 9.614507
b10 		 40 		 9.614507
b10 		 41 		 9.614507
b10 		 42 		 10.185876
b10 		 43 		 9.614507
b10 		 44 		 9.614507
b10 		 45 		 9.614507
b10 		 46 		 9.614507
b10 		 47 		 9.614507
b10 		 48 		 9.614507
b10 		 49 		 9.614507
b10 		 50 		 9.614507
b10 		 51 		 2477.748864
b10 		 52 		 2500.0
b10 		 53 		 10.757244
b10 		 54 		 9.614507
b10 		 55 		 9.614507
b10 		 56 		 9.614507
b10 		 57 		 11.022192
b10 		 58 		 11.022192
b10 		 59 		 9.614507
b10 		 60 		 9.614507
b10 		 61 		 11.862367
b10 		 62 		 9.614507
b10 		 63 		 9.614507
b10 		 64 		 11.862367
b10 		 65 		 9.614507
b10 		 66 		 10.185876
b10 		 67 		 9.614507
b10 		 68 		 10.185876
b10 		 69 		 10.185876
b10 		 70 		 10.185876
b10 		 71 		 11.022192
b10 		 72 		 11.647401
b10 		 73 		 8.724351
b10 		 74 		 9.614507
b10 		 75 		 9.614507
b10 		 76 		 9.614507
b10 		 77 		 9.614507
b10 		 78 		 11.328613
b10 		 79 		 9.614507
b10 		 80 		 10.185876
b10 		 81 		 10.185876
b10 		 82 		 9.614507
b10 		 83 		 9.614507
b10 		 84 		 9.614507
b10 		 85 		 9.614507
b10 		 86 		 10.824293
b10 		 87 		 9.614507
b10 		 88 		 9.614507
b10 		 89 		 9.614507
b10 		 90 		 9.614507
b10 		 91 		 9.614507
b10 		 92 		 9.614507
b10 		 93 		 9.614507
b10 		 94 		 9.614507
b10 		 95 		 9.614507
b10 		 96 		 9.614507
----------------------------------------------------------------------------------------------------
b11 		 1 		 9.614507
b11 		 2 		 9.614507
b11 		 3 		 9.408671
b11 		 4 		 10.008496
b11 		 5 		 9.014683
b11 		 6 		 9.408671
b11 		 7 		 9.408671
b11 		 8 		 9.408671
b11 		 9 		 9.408671
b11 		 10 		 9.408671
b11 		 11 		 9.408671
b11 		 12 		 9.408671
b11 		 13 		 9.408671
b11 		 14 		 9.408671
b11 		 15 		 9.408671
b11 		 16 		 9.408671
b11 		 17 		 9.408671
b11 		 18 		 9.408671
b11 		 19 		 9.408671
b11 		 20 		 9.408671
b11 		 21 		 2481.182658
b11 		 22 		 2500.0
b11 		 23 		 9.408671
b11 		 24 		 9.408671
b11 		 25 		 9.457625
b11 		 26 		 9.359718
b11 		 27 		 9.408671
b11 		 28 		 9.457625
b11 		 29 		 9.408671
b11 		 30 		 9.457625
b11 		 31 		 9.457625
b11 		 32 		 9.457625
b11 		 33 		 9.457625
b11 		 34 		 9.457625
b11 		 35 		 9.457625
b11 		 36 		 9.457625
b11 		 37 		 9.457625
b11 		 38 		 9.614507
b11 		 39 		 9.614507
b11 		 40 		 9.614507
b11 		 41 		 9.614507
b11 		 42 		 10.185876
b11 		 43 		 9.614507
b11 		 44 		 9.614507
b11 		 45 		 9.614507
b11 		 46 		 9.614507
b11 		 47 		 9.614507
b11 		 48 		 9.614507
b11 		 49 		 9.614507
b11 		 50 		 9.614507
b11 		 51 		 2477.748864
b11 		 52 		 2500.0
b11 		 53 		 10.757244
b11 		 54 		 9.614507
b11 		 55 		 9.614507
b11 		 56 		 9.614507
b11 		 57 		 11.022192
b11 		 58 		 11.022192
b11 		 59 		 9.614507
b11 		 60 		 9.614507
b11 		 61 		 11.862367
b11 		 62 		 9.614507
b11 		 63 		 9.614507
b11 		 64 		 11.862367
b11 		 65 		 9.614507
b11 		 66 		 10.185876
b11 		 67 		 9.614507
b11 		 68 		 10.185876
b11 		 69 		 10.185876
b11 		 70 		 10.185876
b11 		 71 		 11.022192
b11 		 72 		 11.647401
b11 		 73 		 8.724351
b11 		 74 		 9.614507
b11 		 75 		 9.614507
b11 		 76 		 9.614507
b11 		 77 		 9.614507
b11 		 78 		 11.328613
b11 		 79 		 9.614507
b11 		 80 		 10.185876
b11 		 81 		 10.185876
b11 		 82 		 9.614507
b11 		 83 		 9.614507
b11 		 84 		 9.614507
b11 		 85 		 9.614507
b11 		 86 		 10.824293
b11 		 87 		 9.614507
b11 		 88 		 9.614507
b11 		 89 		 9.614507
b11 		 90 		 9.614507
b11 		 91 		 9.614507
b11 		 92 		 9.614507
b11 		 93 		 9.614507
b11 		 94 		 9.614507
b11 		 95 		 9.614507
b11 		 96 		 9.614507
----------------------------------------------------------------------------------------------------
b12 		 1 		 9.614507
b12 		 2 		 9.614507
b12 		 3 		 9.408671
b12 		 4 		 10.008496
b12 		 5 		 9.014683
b12 		 6 		 9.408671
b12 		 7 		 9.408671
b12 		 8 		 9.408671
b12 		 9 		 9.408671
b12 		 10 		 9.408671
b12 		 11 		 9.408671
b12 		 12 		 9.408671
b12 		 13 		 9.408671
b12 		 14 		 9.408671
b12 		 15 		 9.408671
b12 		 16 		 9.408671
b12 		 17 		 9.408671
b12 		 18 		 9.408671
b12 		 19 		 9.408671
b12 		 20 		 9.408671
b12 		 21 		 2481.182658
b12 		 22 		 2500.0
b12 		 23 		 9.408671
b12 		 24 		 9.408671
b12 		 25 		 9.457625
b12 		 26 		 9.359718
b12 		 27 		 9.408671
b12 		 28 		 9.457625
b12 		 29 		 9.408671
b12 		 30 		 9.457625
b12 		 31 		 9.457625
b12 		 32 		 9.457625
b12 		 33 		 9.457625
b12 		 34 		 9.457625
b12 		 35 		 9.457625
b12 		 36 		 9.457625
b12 		 37 		 9.457625
b12 		 38 		 9.614507
b12 		 39 		 9.614507
b12 		 40 		 9.614507
b12 		 41 		 9.614507
b12 		 42 		 10.185876
b12 		 43 		 9.614507
b12 		 44 		 9.614507
b12 		 45 		 9.614507
b12 		 46 		 9.614507
b12 		 47 		 9.614507
b12 		 48 		 9.614507
b12 		 49 		 9.614507
b12 		 50 		 9.614507
b12 		 51 		 2477.748864
b12 		 52 		 2500.0
b12 		 53 		 10.757244
b12 		 54 		 9.614507
b12 		 55 		 9.614507
b12 		 56 		 9.614507
b12 		 57 		 11.022192
b12 		 58 		 11.022192
b12 		 59 		 9.614507
b12 		 60 		 9.614507
b12 		 61 		 11.862367
b12 		 62 		 9.614507
b12 		 63 		 9.614507
b12 		 64 		 11.862367
b12 		 65 		 9.614507
b12 		 66 		 10.185876
b12 		 67 		 9.614507
b12 		 68 		 10.185876
b12 		 69 		 10.185876
b12 		 70 		 10.185876
b12 		 71 		 11.022192
b12 		 72 		 11.647401
b12 		 73 		 8.724351
b12 		 74 		 9.614507
b12 		 75 		 9.614507
b12 		 76 		 9.614507
b12 		 77 		 9.614507
b12 		 78 		 11.328613
b12 		 79 		 9.614507
b12 		 80 		 10.185876
b12 		 81 		 10.185876
b12 		 82 		 9.614507
b12 		 83 		 9.614507
b12 		 84 		 9.614507
b12 		 85 		 9.614507
b12 		 86 		 10.824293
b12 		 87 		 9.614507
b12 		 88 		 9.614507
b12 		 89 		 9.614507
b12 		 90 		 9.614507
b12 		 91 		 9.614507
b12 		 92 		 9.614507
b12 		 93 		 9.614507
b12 		 94 		 9.614507
b12 		 95 		 9.614507
b12 		 96 		 9.614507
----------------------------------------------------------------------------------------------------
b13 		 1 		 9.614507
b13 		 2 		 9.614507
b13 		 3 		 9.408671
b13 		 4 		 10.008496
b13 		 5 		 9.014683
b13 		 6 		 9.408671
b13 		 7 		 9.408671
b13 		 8 		 9.408671
b13 		 9 		 9.408671
b13 		 10 		 9.408671
b13 		 11 		 9.408671
b13 		 12 		 9.408671
b13 		 13 		 9.408671
b13 		 14 		 9.408671
b13 		 15 		 9.408671
b13 		 16 		 9.408671
b13 		 17 		 9.408671
b13 		 18 		 9.408671
b13 		 19 		 9.408671
b13 		 20 		 9.408671
b13 		 21 		 2481.182658
b13 		 22 		 2500.0
b13 		 23 		 9.408671
b13 		 24 		 9.408671
b13 		 25 		 9.457625
b13 		 26 		 9.359718
b13 		 27 		 9.408671
b13 		 28 		 9.457625
b13 		 29 		 9.408671
b13 		 30 		 9.457625
b13 		 31 		 9.457625
b13 		 32 		 9.457625
b13 		 33 		 9.457625
b13 		 34 		 9.457625
b13 		 35 		 9.457625
b13 		 36 		 9.457625
b13 		 37 		 9.457625
b13 		 38 		 9.614507
b13 		 39 		 9.614507
b13 		 40 		 9.614507
b13 		 41 		 9.614507
b13 		 42 		 10.185876
b13 		 43 		 9.614507
b13 		 44 		 9.614507
b13 		 45 		 9.614507
b13 		 46 		 9.614507
b13 		 47 		 9.614507
b13 		 48 		 9.614507
b13 		 49 		 9.614507
b13 		 50 		 9.614507
b13 		 51 		 2477.748864
b13 		 52 		 2500.0
b13 		 53 		 10.757244
b13 		 54 		 9.614507
b13 		 55 		 9.614507
b13 		 56 		 9.614507
b13 		 57 		 11.022192
b13 		 58 		 11.022192
b13 		 59 		 9.614507
b13 		 60 		 9.614507
b13 		 61 		 11.862367
b13 		 62 		 9.614507
b13 		 63 		 9.614507
b13 		 64 		 11.862367
b13 		 65 		 9.614507
b13 		 66 		 10.185876
b13 		 67 		 9.614507
b13 		 68 		 10.185876
b13 		 69 		 10.185876
b13 		 70 		 10.185876
b13 		 71 		 11.022192
b13 		 72 		 11.647401
b13 		 73 		 8.724351
b13 		 74 		 9.614507
b13 		 75 		 9.614507
b13 		 76 		 9.614507
b13 		 77 		 9.614507
b13 		 78 		 11.328613
b13 		 79 		 9.614507
b13 		 80 		 10.185876
b13 		 81 		 10.185876
b13 		 82 		 9.614507
b13 		 83 		 9.614507
b13 		 84 		 9.614507
b13 		 85 		 9.614507
b13 		 86 		 10.824293
b13 		 87 		 9.614507
b13 		 88 		 9.614507
b13 		 89 		 9.614507
b13 		 90 		 9.614507
b13 		 91 		 9.614507
b13 		 92 		 9.614507
b13 		 93 		 9.614507
b13 		 94 		 9.614507
b13 		 95 		 9.614507
b13 		 96 		 9.614507
----------------------------------------------------------------------------------------------------
b14 		 1 		 9.614507
b14 		 2 		 9.614507
b14 		 3 		 9.408671
b14 		 4 		 10.008496
b14 		 5 		 9.014683
b14 		 6 		 9.408671
b14 		 7 		 9.408671
b14 		 8 		 9.408671
b14 		 9 		 9.408671
b14 		 10 		 9.408671
b14 		 11 		 9.408671
b14 		 12 		 9.408671
b14 		 13 		 9.408671
b14 		 14 		 9.408671
b14 		 15 		 9.408671
b14 		 16 		 9.408671
b14 		 17 		 9.408671
b14 		 18 		 9.408671
b14 		 19 		 9.408671
b14 		 20 		 9.408671
b14 		 21 		 2481.182658
b14 		 22 		 2500.0
b14 		 23 		 9.408671
b14 		 24 		 9.408671
b14 		 25 		 9.457625
b14 		 26 		 9.359718
b14 		 27 		 9.408671
b14 		 28 		 9.457625
b14 		 29 		 9.408671
b14 		 30 		 9.457625
b14 		 31 		 9.457625
b14 		 32 		 9.457625
b14 		 33 		 9.457625
b14 		 34 		 9.457625
b14 		 35 		 9.457625
b14 		 36 		 9.457625
b14 		 37 		 9.457625
b14 		 38 		 9.614507
b14 		 39 		 9.614507
b14 		 40 		 9.614507
b14 		 41 		 9.614507
b14 		 42 		 10.185876
b14 		 43 		 9.614507
b14 		 44 		 9.614507
b14 		 45 		 9.614507
b14 		 46 		 9.614507
b14 		 47 		 9.614507
b14 		 48 		 9.614507
b14 		 49 		 9.614507
b14 		 50 		 9.614507
b14 		 51 		 2477.748864
b14 		 52 		 2500.0
b14 		 53 		 10.757244
b14 		 54 		 9.614507
b14 		 55 		 9.614507
b14 		 56 		 9.614507
b14 		 57 		 11.022192
b14 		 58 		 11.022192
b14 		 59 		 9.614507
b14 		 60 		 9.614507
b14 		 61 		 11.862367
b14 		 62 		 9.614507
b14 		 63 		 9.614507
b14 		 64 		 11.862367
b14 		 65 		 9.614507
b14 		 66 		 10.185876
b14 		 67 		 9.614507
b14 		 68 		 10.185876
b14 		 69 		 10.185876
b14 		 70 		 10.185876
b14 		 71 		 11.022192
b14 		 72 		 11.647401
b14 		 73 		 8.724351
b14 		 74 		 9.614507
b14 		 75 		 9.614507
b14 		 76 		 9.614507
b14 		 77 		 9.614507
b14 		 78 		 11.328613
b14 		 79 		 9.614507
b14 		 80 		 10.185876
b14 		 81 		 10.185876
b14 		 82 		 9.614507
b14 		 83 		 9.614507
b14 		 84 		 9.614507
b14 		 85 		 9.614507
b14 		 86 		 10.824293
b14 		 87 		 9.614507
b14 		 88 		 9.614507
b14 		 89 		 9.614507
b14 		 90 		 9.614507
b14 		 91 		 9.614507
b14 		 92 		 9.614507
b14 		 93 		 9.614507
b14 		 94 		 9.614507
b14 		 95 		 9.614507
b14 		 96 		 9.614507
----------------------------------------------------------------------------------------------------
Total overall payments
----------------------------------------------------------------------------------------------------------------------------------------------------
total generation payment 	 total up-FRP payment 	 total dw-FRP payment 	 total pre-up t. payment 	 uplift payment 	 total post-up t. payment 	 profit
----------------------------------------------------------------------------------------------------------------------------------------------------
675690.976922 			 1143.5206 			 0.0 			 676834.497522			 7468.355198 			 684302.85272 			 322455.23299
