****************************************************************************************************
 
Generation payment
----------------------------------------------------------------------------------------------------------------
unit	 time 	 generation payment 	 up-FRP payment 	 dw-FRP payment 	pre-up total payment
----------------------------------------------------------------------------------------------------------------
g1	 1 	 194.65578 			 0.0 			 0.0			 194.65578 
g1	 2 	 155.152376 			 0.0 			 0.0			 155.152376 
g1	 3 	 144.464111 			 0.0 			 0.0			 144.464111 
g1	 4 	 146.503896 			 0.0 			 0.0			 146.503896 
g1	 5 	 188.25552 			 0.0 			 0.0			 188.25552 
g1	 6 	 161.732599 			 0.0 			 0.0			 161.732599 
g1	 7 	 169.96766 			 0.0 			 0.0			 169.96766 
g1	 8 	 160.445417 			 0.0 			 0.0			 160.445417 
g1	 9 	 155.373109 			 0.0 			 0.0			 155.373109 
g1	 10 	 186.959485 			 0.0 			 0.0			 186.959485 
g1	 11 	 167.276545 			 0.0 			 0.0			 167.276545 
g1	 12 	 147.569284 			 0.0 			 0.0			 147.569284 
g1	 13 	 180.319824 			 0.0 			 0.0			 180.319824 
g1	 14 	 183.796977 			 0.0 			 0.0			 183.796977 
g1	 15 	 150.869695 			 0.0 			 0.0			 150.869695 
g1	 16 	 186.499777 			 0.0 			 0.0			 186.499777 
g1	 17 	 153.289032 			 0.0 			 0.0			 153.289032 
g1	 18 	 207.656313 			 0.0 			 0.0			 207.656313 
g1	 19 	 138.429927 			 0.0 			 0.0			 138.429927 
g1	 20 	 170.695336 			 0.0 			 0.0			 170.695336 
g1	 21 	 169.894038 			 0.0 			 0.0			 169.894038 
g1	 22 	 168.767791 			 0.0 			 0.0			 168.767791 
g1	 23 	 184.209086 			 0.0 			 0.0			 184.209086 
g1	 24 	 141.399981 			 0.0 			 0.0			 141.399981 
g1	 25 	 154.219465 			 0.0 			 0.0			 154.219465 
g1	 26 	 187.353153 			 0.0 			 0.0			 187.353153 
g1	 27 	 187.770879 			 0.0 			 0.0			 187.770879 
g1	 28 	 167.547524 			 0.0 			 0.0			 167.547524 
g1	 29 	 201.660746 			 0.0 			 0.0			 201.660746 
g1	 30 	 163.368665 			 0.0 			 0.0			 163.368665 
g1	 31 	 171.574685 			 0.0 			 0.0			 171.574685 
g1	 32 	 141.146328 			 0.0 			 0.0			 141.146328 
g1	 33 	 183.439054 			 0.0 			 0.0			 183.439054 
g1	 34 	 174.201887 			 0.0 			 0.0			 174.201887 
g1	 35 	 190.700602 			 0.0 			 0.0			 190.700602 
g1	 36 	 140.136921 			 0.0 			 0.0			 140.136921 
g1	 37 	 165.122255 			 0.0 			 0.0			 165.122255 
g1	 38 	 161.910846 			 0.0 			 0.0			 161.910846 
g1	 39 	 116.830961 			 0.0 			 0.0			 116.830961 
g1	 40 	 193.493511 			 0.0 			 0.0			 193.493511 
g1	 41 	 191.844902 			 0.0 			 0.0			 191.844902 
g1	 42 	 180.662307 			 0.0 			 0.0			 180.662307 
g1	 43 	 185.736911 			 0.0 			 0.0			 185.736911 
g1	 44 	 204.090976 			 0.0 			 0.0			 204.090976 
g1	 45 	 143.546474 			 0.0 			 0.0			 143.546474 
g1	 46 	 189.183433 			 0.0 			 0.0			 189.183433 
g1	 47 	 172.116751 			 0.0 			 0.0			 172.116751 
g1	 48 	 157.728266 			 0.0 			 0.0			 157.728266 
g1	 49 	 172.152509 			 0.0 			 0.0			 172.152509 
g1	 50 	 172.152509 			 0.0 			 0.0			 172.152509 
g1	 51 	 172.152509 			 0.0 			 0.0			 172.152509 
g1	 52 	 172.152509 			 0.0 			 0.0			 172.152509 
g1	 53 	 172.152509 			 0.0 			 0.0			 172.152509 
g1	 54 	 172.152509 			 0.0 			 0.0			 172.152509 
g1	 55 	 172.152509 			 0.0 			 0.0			 172.152509 
g1	 56 	 172.152509 			 0.0 			 0.0			 172.152509 
g1	 57 	 194.259418 			 0.0 			 0.0			 194.259418 
g1	 58 	 172.152509 			 0.0 			 0.0			 172.152509 
g1	 59 	 194.259418 			 0.0 			 0.0			 194.259418 
g1	 60 	 172.152509 			 0.0 			 0.0			 172.152509 
g1	 61 	 172.152509 			 0.0 			 0.0			 172.152509 
g1	 62 	 194.259418 			 0.0 			 0.0			 194.259418 
g1	 63 	 172.152509 			 0.0 			 0.0			 172.152509 
g1	 64 	 194.259418 			 0.0 			 0.0			 194.259418 
g1	 65 	 194.259418 			 0.0 			 0.0			 194.259418 
g1	 66 	 194.259418 			 0.0 			 0.0			 194.259418 
g1	 67 	 194.259418 			 0.0 			 0.0			 194.259418 
g1	 68 	 194.259418 			 0.0 			 0.0			 194.259418 
g1	 69 	 194.259418 			 0.0 			 0.0			 194.259418 
g1	 70 	 194.259418 			 0.0 			 0.0			 194.259418 
g1	 71 	 194.259418 			 0.0 			 0.0			 194.259418 
g1	 72 	 194.259418 			 0.0 			 0.0			 194.259418 
g1	 73 	 172.152509 			 0.0 			 0.0			 172.152509 
g1	 74 	 172.152509 			 0.0 			 0.0			 172.152509 
g1	 75 	 172.152509 			 0.0 			 0.0			 172.152509 
g1	 76 	 172.152509 			 0.0 			 0.0			 172.152509 
g1	 77 	 172.152509 			 0.0 			 0.0			 172.152509 
g1	 78 	 172.152509 			 0.0 			 0.0			 172.152509 
g1	 79 	 172.152509 			 0.0 			 0.0			 172.152509 
g1	 80 	 172.152509 			 0.0 			 0.0			 172.152509 
g1	 81 	 172.152509 			 0.0 			 0.0			 172.152509 
g1	 82 	 172.152509 			 0.0 			 0.0			 172.152509 
g1	 83 	 172.152509 			 0.0 			 0.0			 172.152509 
g1	 84 	 172.152509 			 0.0 			 0.0			 172.152509 
g1	 85 	 133.137328 			 0.0 			 0.0			 133.137328 
g1	 86 	 179.190605 			 0.0 			 0.0			 179.190605 
g1	 87 	 264.978457 			 0.0 			 0.0			 264.978457 
g1	 88 	 129.818785 			 0.0 			 0.0			 129.818785 
g1	 89 	 589.382038 			 0.0 			 0.0			 589.382038 
g1	 90 	 589.635803 			 0.0 			 0.0			 589.635803 
g1	 91 	 551.883807 			 0.0 			 0.0			 551.883807 
g1	 92 	 603.199469 			 0.0 			 0.0			 603.199469 
g1	 93 	 154.807734 			 0.0 			 0.0			 154.807734 
g1	 94 	 106.466157 			 0.0 			 0.0			 106.466157 
g1	 95 	 135.21658 			 0.0 			 0.0			 135.21658 
g1	 96 	 154.918109 			 0.0 			 0.0			 154.918109 
----------------------------------------------------------------------------------------------------
g2	 1 	 0.0 			 0.0 			 0.0			 0.0 
g2	 2 	 0.0 			 0.0 			 0.0			 0.0 
g2	 3 	 0.0 			 0.0 			 0.0			 0.0 
g2	 4 	 0.0 			 0.0 			 0.0			 0.0 
g2	 5 	 0.0 			 0.0 			 0.0			 0.0 
g2	 6 	 0.0 			 0.0 			 0.0			 0.0 
g2	 7 	 0.0 			 0.0 			 0.0			 0.0 
g2	 8 	 0.0 			 0.0 			 0.0			 0.0 
g2	 9 	 0.0 			 0.0 			 0.0			 0.0 
g2	 10 	 0.0 			 0.0 			 0.0			 0.0 
g2	 11 	 0.0 			 0.0 			 0.0			 0.0 
g2	 12 	 0.0 			 0.0 			 0.0			 0.0 
g2	 13 	 0.0 			 0.0 			 0.0			 0.0 
g2	 14 	 0.0 			 0.0 			 0.0			 0.0 
g2	 15 	 0.0 			 0.0 			 0.0			 0.0 
g2	 16 	 0.0 			 0.0 			 0.0			 0.0 
g2	 17 	 0.0 			 0.0 			 0.0			 0.0 
g2	 18 	 0.0 			 0.0 			 0.0			 0.0 
g2	 19 	 0.0 			 0.0 			 0.0			 0.0 
g2	 20 	 0.0 			 0.0 			 0.0			 0.0 
g2	 21 	 0.0 			 0.0 			 0.0			 0.0 
g2	 22 	 0.0 			 0.0 			 0.0			 0.0 
g2	 23 	 0.0 			 0.0 			 0.0			 0.0 
g2	 24 	 0.0 			 0.0 			 0.0			 0.0 
g2	 25 	 0.0 			 0.0 			 0.0			 0.0 
g2	 26 	 0.0 			 0.0 			 0.0			 0.0 
g2	 27 	 0.0 			 0.0 			 0.0			 0.0 
g2	 28 	 0.0 			 0.0 			 0.0			 0.0 
g2	 29 	 0.0 			 0.0 			 0.0			 0.0 
g2	 30 	 0.0 			 0.0 			 0.0			 0.0 
g2	 31 	 0.0 			 0.0 			 0.0			 0.0 
g2	 32 	 0.0 			 0.0 			 0.0			 0.0 
g2	 33 	 21.701904 			 0.0 			 0.0			 21.701904 
g2	 34 	 21.701904 			 0.0 			 0.0			 21.701904 
g2	 35 	 21.701904 			 0.0 			 0.0			 21.701904 
g2	 36 	 -20.39708 			 0.0 			 0.0			 -20.39708 
g2	 37 	 21.701904 			 0.0 			 0.0			 21.701904 
g2	 38 	 21.701904 			 0.0 			 0.0			 21.701904 
g2	 39 	 21.701904 			 0.0 			 0.0			 21.701904 
g2	 40 	 21.701904 			 0.0 			 0.0			 21.701904 
g2	 41 	 21.701904 			 0.0 			 0.0			 21.701904 
g2	 42 	 21.701904 			 0.0 			 0.0			 21.701904 
g2	 43 	 21.701904 			 0.0 			 0.0			 21.701904 
g2	 44 	 21.701904 			 0.0 			 0.0			 21.701904 
g2	 45 	 21.701904 			 0.0 			 0.0			 21.701904 
g2	 46 	 21.701904 			 0.0 			 0.0			 21.701904 
g2	 47 	 21.701904 			 0.0 			 0.0			 21.701904 
g2	 48 	 21.701904 			 0.0 			 0.0			 21.701904 
g2	 49 	 19.595914 			 0.0 			 0.0			 19.595914 
g2	 50 	 -10.301669 			 0.0 			 0.0			 -10.301669 
g2	 51 	 65.834719 			 0.0 			 0.0			 65.834719 
g2	 52 	 -27.194028 			 0.0 			 0.0			 -27.194028 
g2	 53 	 50.176634 			 0.0 			 0.0			 50.176634 
g2	 54 	 19.51732 			 0.0 			 0.0			 19.51732 
g2	 55 	 27.665012 			 0.0 			 0.0			 27.665012 
g2	 56 	 12.642037 			 0.0 			 0.0			 12.642037 
g2	 57 	 162.418257 			 0.0 			 0.0			 162.418257 
g2	 58 	 6.523096 			 0.0 			 0.0			 6.523096 
g2	 59 	 69.318237 			 0.0 			 0.0			 69.318237 
g2	 60 	 -4.643354 			 0.0 			 0.0			 -4.643354 
g2	 61 	 -16.235003 			 0.0 			 0.0			 -16.235003 
g2	 62 	 141.325977 			 0.0 			 0.0			 141.325977 
g2	 63 	 -7.921046 			 0.0 			 0.0			 -7.921046 
g2	 64 	 108.187442 			 0.0 			 0.0			 108.187442 
g2	 65 	 -21.788971 			 0.0 			 0.0			 -21.788971 
g2	 66 	 45.853089 			 0.0 			 0.0			 45.853089 
g2	 67 	 87.828771 			 0.0 			 0.0			 87.828771 
g2	 68 	 -22.329333 			 0.0 			 0.0			 -22.329333 
g2	 69 	 89.398906 			 0.0 			 0.0			 89.398906 
g2	 70 	 97.266107 			 0.0 			 0.0			 97.266107 
g2	 71 	 93.756148 			 0.0 			 0.0			 93.756148 
g2	 72 	 -11.230831 			 0.0 			 0.0			 -11.230831 
g2	 73 	 30.414557 			 0.0 			 0.0			 30.414557 
g2	 74 	 -0.714183 			 0.0 			 0.0			 -0.714183 
g2	 75 	 52.356309 			 0.0 			 0.0			 52.356309 
g2	 76 	 77.423394 			 0.0 			 0.0			 77.423394 
g2	 77 	 26.799243 			 0.0 			 0.0			 26.799243 
g2	 78 	 7.547306 			 0.0 			 0.0			 7.547306 
g2	 79 	 16.673189 			 0.0 			 0.0			 16.673189 
g2	 80 	 92.130637 			 0.0 			 0.0			 92.130637 
g2	 81 	 -10.374559 			 0.0 			 0.0			 -10.374559 
g2	 82 	 101.951003 			 0.0 			 0.0			 101.951003 
g2	 83 	 2.760607 			 0.0 			 0.0			 2.760607 
g2	 84 	 121.0533 			 0.0 			 0.0			 121.0533 
g2	 85 	 21.701904 			 0.0 			 0.0			 21.701904 
g2	 86 	 21.701904 			 0.0 			 0.0			 21.701904 
g2	 87 	 21.701904 			 0.0 			 0.0			 21.701904 
g2	 88 	 21.701904 			 0.0 			 0.0			 21.701904 
g2	 89 	 -394.990772 			 0.0 			 0.0			 -394.990772 
g2	 90 	 -394.990772 			 0.0 			 0.0			 -394.990772 
g2	 91 	 -394.990772 			 0.0 			 0.0			 -394.990772 
g2	 92 	 -394.990772 			 0.0 			 0.0			 -394.990772 
g2	 93 	 0.0 			 0.0 			 0.0			 0.0 
g2	 94 	 0.0 			 0.0 			 0.0			 0.0 
g2	 95 	 0.0 			 0.0 			 0.0			 0.0 
g2	 96 	 0.0 			 0.0 			 0.0			 0.0 
----------------------------------------------------------------------------------------------------
g3	 1 	 0.0 			 0.0 			 0.0			 0.0 
g3	 2 	 0.0 			 0.0 			 0.0			 0.0 
g3	 3 	 0.0 			 0.0 			 0.0			 0.0 
g3	 4 	 0.0 			 0.0 			 0.0			 0.0 
g3	 5 	 15.233052 			 0.0 			 0.0			 15.233052 
g3	 6 	 15.233052 			 0.0 			 0.0			 15.233052 
g3	 7 	 15.233052 			 0.0 			 0.0			 15.233052 
g3	 8 	 15.233052 			 0.0 			 0.0			 15.233052 
g3	 9 	 15.233052 			 0.0 			 0.0			 15.233052 
g3	 10 	 15.233052 			 0.0 			 0.0			 15.233052 
g3	 11 	 15.233052 			 0.0 			 0.0			 15.233052 
g3	 12 	 15.233052 			 0.0 			 0.0			 15.233052 
g3	 13 	 15.233052 			 0.0 			 0.0			 15.233052 
g3	 14 	 15.233052 			 0.0 			 0.0			 15.233052 
g3	 15 	 15.233052 			 0.0 			 0.0			 15.233052 
g3	 16 	 15.233052 			 0.0 			 0.0			 15.233052 
g3	 17 	 15.233052 			 0.0 			 0.0			 15.233052 
g3	 18 	 15.233052 			 0.0 			 0.0			 15.233052 
g3	 19 	 15.233052 			 0.0 			 0.0			 15.233052 
g3	 20 	 15.233052 			 0.0 			 0.0			 15.233052 
g3	 21 	 15.233052 			 0.0 			 0.0			 15.233052 
g3	 22 	 15.233052 			 0.0 			 0.0			 15.233052 
g3	 23 	 15.233052 			 0.0 			 0.0			 15.233052 
g3	 24 	 15.233052 			 0.0 			 0.0			 15.233052 
g3	 25 	 15.233052 			 0.0 			 0.0			 15.233052 
g3	 26 	 15.233052 			 0.0 			 0.0			 15.233052 
g3	 27 	 15.233052 			 0.0 			 0.0			 15.233052 
g3	 28 	 15.233052 			 0.0 			 0.0			 15.233052 
g3	 29 	 15.56631 			 0.0 			 0.0			 15.56631 
g3	 30 	 15.56631 			 0.0 			 0.0			 15.56631 
g3	 31 	 15.56631 			 0.0 			 0.0			 15.56631 
g3	 32 	 15.56631 			 0.0 			 0.0			 15.56631 
g3	 33 	 15.56631 			 0.0 			 0.0			 15.56631 
g3	 34 	 15.56631 			 0.0 			 0.0			 15.56631 
g3	 35 	 15.56631 			 0.0 			 0.0			 15.56631 
g3	 36 	 15.312311 			 0.0 			 0.0			 15.312311 
g3	 37 	 15.56631 			 0.0 			 0.0			 15.56631 
g3	 38 	 15.56631 			 0.0 			 0.0			 15.56631 
g3	 39 	 15.56631 			 0.0 			 0.0			 15.56631 
g3	 40 	 15.56631 			 0.0 			 0.0			 15.56631 
g3	 41 	 15.56631 			 0.0 			 0.0			 15.56631 
g3	 42 	 15.56631 			 0.0 			 0.0			 15.56631 
g3	 43 	 15.56631 			 0.0 			 0.0			 15.56631 
g3	 44 	 15.56631 			 0.0 			 0.0			 15.56631 
g3	 45 	 15.56631 			 0.0 			 0.0			 15.56631 
g3	 46 	 15.56631 			 0.0 			 0.0			 15.56631 
g3	 47 	 15.56631 			 0.0 			 0.0			 15.56631 
g3	 48 	 15.56631 			 0.0 			 0.0			 15.56631 
g3	 49 	 16.491381 			 0.0 			 0.0			 16.491381 
g3	 50 	 16.491381 			 0.0 			 0.0			 16.491381 
g3	 51 	 16.491381 			 0.0 			 0.0			 16.491381 
g3	 52 	 16.491381 			 0.0 			 0.0			 16.491381 
g3	 53 	 16.491381 			 0.0 			 0.0			 16.491381 
g3	 54 	 16.491381 			 0.0 			 0.0			 16.491381 
g3	 55 	 16.491381 			 0.0 			 0.0			 16.491381 
g3	 56 	 16.491381 			 0.0 			 0.0			 16.491381 
g3	 57 	 18.609117 			 0.0 			 0.0			 18.609117 
g3	 58 	 16.491381 			 0.0 			 0.0			 16.491381 
g3	 59 	 18.609117 			 0.0 			 0.0			 18.609117 
g3	 60 	 16.491381 			 0.0 			 0.0			 16.491381 
g3	 61 	 16.491381 			 0.0 			 0.0			 16.491381 
g3	 62 	 18.609117 			 0.0 			 0.0			 18.609117 
g3	 63 	 16.491381 			 0.0 			 0.0			 16.491381 
g3	 64 	 18.609117 			 0.0 			 0.0			 18.609117 
g3	 65 	 18.609117 			 0.0 			 0.0			 18.609117 
g3	 66 	 18.609117 			 0.0 			 0.0			 18.609117 
g3	 67 	 18.609117 			 0.0 			 0.0			 18.609117 
g3	 68 	 18.609117 			 0.0 			 0.0			 18.609117 
g3	 69 	 18.609117 			 0.0 			 0.0			 18.609117 
g3	 70 	 18.609117 			 0.0 			 0.0			 18.609117 
g3	 71 	 18.609117 			 0.0 			 0.0			 18.609117 
g3	 72 	 18.609117 			 0.0 			 0.0			 18.609117 
g3	 73 	 16.491381 			 0.0 			 0.0			 16.491381 
g3	 74 	 16.491381 			 0.0 			 0.0			 16.491381 
g3	 75 	 16.491381 			 0.0 			 0.0			 16.491381 
g3	 76 	 16.491381 			 0.0 			 0.0			 16.491381 
g3	 77 	 16.491381 			 0.0 			 0.0			 16.491381 
g3	 78 	 16.491381 			 0.0 			 0.0			 16.491381 
g3	 79 	 16.491381 			 0.0 			 0.0			 16.491381 
g3	 80 	 16.491381 			 0.0 			 0.0			 16.491381 
g3	 81 	 16.491381 			 0.0 			 0.0			 16.491381 
g3	 82 	 16.491381 			 0.0 			 0.0			 16.491381 
g3	 83 	 16.491381 			 0.0 			 0.0			 16.491381 
g3	 84 	 16.491381 			 0.0 			 0.0			 16.491381 
g3	 85 	 15.56631 			 0.0 			 0.0			 15.56631 
g3	 86 	 15.56631 			 0.0 			 0.0			 15.56631 
g3	 87 	 15.56631 			 0.0 			 0.0			 15.56631 
g3	 88 	 15.56631 			 0.0 			 0.0			 15.56631 
g3	 89 	 0.0 			 0.0 			 0.0			 0.0 
g3	 90 	 0.0 			 0.0 			 0.0			 0.0 
g3	 91 	 0.0 			 0.0 			 0.0			 0.0 
g3	 92 	 0.0 			 0.0 			 0.0			 0.0 
g3	 93 	 0.0 			 0.0 			 0.0			 0.0 
g3	 94 	 0.0 			 0.0 			 0.0			 0.0 
g3	 95 	 0.0 			 0.0 			 0.0			 0.0 
g3	 96 	 0.0 			 0.0 			 0.0			 0.0 
----------------------------------------------------------------------------------------------------
g4	 1 	 0.0 			 0.0 			 0.0			 0.0 
g4	 2 	 0.0 			 0.0 			 0.0			 0.0 
g4	 3 	 0.0 			 0.0 			 0.0			 0.0 
g4	 4 	 0.0 			 0.0 			 0.0			 0.0 
g4	 5 	 0.0 			 0.0 			 0.0			 0.0 
g4	 6 	 0.0 			 0.0 			 0.0			 0.0 
g4	 7 	 0.0 			 0.0 			 0.0			 0.0 
g4	 8 	 0.0 			 0.0 			 0.0			 0.0 
g4	 9 	 0.0 			 0.0 			 0.0			 0.0 
g4	 10 	 0.0 			 0.0 			 0.0			 0.0 
g4	 11 	 0.0 			 0.0 			 0.0			 0.0 
g4	 12 	 0.0 			 0.0 			 0.0			 0.0 
g4	 13 	 0.0 			 0.0 			 0.0			 0.0 
g4	 14 	 0.0 			 0.0 			 0.0			 0.0 
g4	 15 	 0.0 			 0.0 			 0.0			 0.0 
g4	 16 	 0.0 			 0.0 			 0.0			 0.0 
g4	 17 	 0.0 			 0.0 			 0.0			 0.0 
g4	 18 	 0.0 			 0.0 			 0.0			 0.0 
g4	 19 	 0.0 			 0.0 			 0.0			 0.0 
g4	 20 	 0.0 			 0.0 			 0.0			 0.0 
g4	 21 	 0.0 			 0.0 			 0.0			 0.0 
g4	 22 	 0.0 			 0.0 			 0.0			 0.0 
g4	 23 	 0.0 			 0.0 			 0.0			 0.0 
g4	 24 	 0.0 			 0.0 			 0.0			 0.0 
g4	 25 	 0.0 			 0.0 			 0.0			 0.0 
g4	 26 	 0.0 			 0.0 			 0.0			 0.0 
g4	 27 	 0.0 			 0.0 			 0.0			 0.0 
g4	 28 	 0.0 			 0.0 			 0.0			 0.0 
g4	 29 	 0.0 			 0.0 			 0.0			 0.0 
g4	 30 	 0.0 			 0.0 			 0.0			 0.0 
g4	 31 	 0.0 			 0.0 			 0.0			 0.0 
g4	 32 	 0.0 			 0.0 			 0.0			 0.0 
g4	 33 	 0.0 			 0.0 			 0.0			 0.0 
g4	 34 	 0.0 			 0.0 			 0.0			 0.0 
g4	 35 	 0.0 			 0.0 			 0.0			 0.0 
g4	 36 	 0.0 			 0.0 			 0.0			 0.0 
g4	 37 	 0.0 			 0.0 			 0.0			 0.0 
g4	 38 	 0.0 			 0.0 			 0.0			 0.0 
g4	 39 	 0.0 			 0.0 			 0.0			 0.0 
g4	 40 	 0.0 			 0.0 			 0.0			 0.0 
g4	 41 	 0.0 			 0.0 			 0.0			 0.0 
g4	 42 	 0.0 			 0.0 			 0.0			 0.0 
g4	 43 	 0.0 			 0.0 			 0.0			 0.0 
g4	 44 	 0.0 			 0.0 			 0.0			 0.0 
g4	 45 	 0.0 			 0.0 			 0.0			 0.0 
g4	 46 	 0.0 			 0.0 			 0.0			 0.0 
g4	 47 	 0.0 			 0.0 			 0.0			 0.0 
g4	 48 	 0.0 			 0.0 			 0.0			 0.0 
g4	 49 	 0.0 			 0.0 			 0.0			 0.0 
g4	 50 	 0.0 			 0.0 			 0.0			 0.0 
g4	 51 	 0.0 			 0.0 			 0.0			 0.0 
g4	 52 	 0.0 			 0.0 			 0.0			 0.0 
g4	 53 	 0.0 			 0.0 			 0.0			 0.0 
g4	 54 	 0.0 			 0.0 			 0.0			 0.0 
g4	 55 	 0.0 			 0.0 			 0.0			 0.0 
g4	 56 	 0.0 			 0.0 			 0.0			 0.0 
g4	 57 	 0.0 			 0.0 			 0.0			 0.0 
g4	 58 	 0.0 			 0.0 			 0.0			 0.0 
g4	 59 	 0.0 			 0.0 			 0.0			 0.0 
g4	 60 	 0.0 			 0.0 			 0.0			 0.0 
g4	 61 	 0.0 			 0.0 			 0.0			 0.0 
g4	 62 	 0.0 			 0.0 			 0.0			 0.0 
g4	 63 	 0.0 			 0.0 			 0.0			 0.0 
g4	 64 	 0.0 			 0.0 			 0.0			 0.0 
g4	 65 	 0.0 			 0.0 			 0.0			 0.0 
g4	 66 	 0.0 			 0.0 			 0.0			 0.0 
g4	 67 	 0.0 			 0.0 			 0.0			 0.0 
g4	 68 	 0.0 			 0.0 			 0.0			 0.0 
g4	 69 	 0.0 			 0.0 			 0.0			 0.0 
g4	 70 	 0.0 			 0.0 			 0.0			 0.0 
g4	 71 	 0.0 			 0.0 			 0.0			 0.0 
g4	 72 	 0.0 			 0.0 			 0.0			 0.0 
g4	 73 	 0.0 			 0.0 			 0.0			 0.0 
g4	 74 	 0.0 			 0.0 			 0.0			 0.0 
g4	 75 	 0.0 			 0.0 			 0.0			 0.0 
g4	 76 	 0.0 			 0.0 			 0.0			 0.0 
g4	 77 	 0.0 			 0.0 			 0.0			 0.0 
g4	 78 	 0.0 			 0.0 			 0.0			 0.0 
g4	 79 	 0.0 			 0.0 			 0.0			 0.0 
g4	 80 	 0.0 			 0.0 			 0.0			 0.0 
g4	 81 	 0.0 			 0.0 			 0.0			 0.0 
g4	 82 	 0.0 			 0.0 			 0.0			 0.0 
g4	 83 	 0.0 			 0.0 			 0.0			 0.0 
g4	 84 	 0.0 			 0.0 			 0.0			 0.0 
g4	 85 	 0.0 			 0.0 			 0.0			 0.0 
g4	 86 	 0.0 			 0.0 			 0.0			 0.0 
g4	 87 	 0.0 			 0.0 			 0.0			 0.0 
g4	 88 	 0.0 			 0.0 			 0.0			 0.0 
g4	 89 	 0.0 			 0.0 			 0.0			 0.0 
g4	 90 	 0.0 			 0.0 			 0.0			 0.0 
g4	 91 	 0.0 			 0.0 			 0.0			 0.0 
g4	 92 	 0.0 			 0.0 			 0.0			 0.0 
g4	 93 	 0.0 			 0.0 			 0.0			 0.0 
g4	 94 	 0.0 			 0.0 			 0.0			 0.0 
g4	 95 	 0.0 			 0.0 			 0.0			 0.0 
g4	 96 	 0.0 			 0.0 			 0.0			 0.0 
----------------------------------------------------------------------------------------------------
g5	 1 	 0.0 			 0.0 			 0.0			 0.0 
g5	 2 	 0.0 			 0.0 			 0.0			 0.0 
g5	 3 	 0.0 			 0.0 			 0.0			 0.0 
g5	 4 	 0.0 			 0.0 			 0.0			 0.0 
g5	 5 	 0.0 			 0.0 			 0.0			 0.0 
g5	 6 	 0.0 			 0.0 			 0.0			 0.0 
g5	 7 	 0.0 			 0.0 			 0.0			 0.0 
g5	 8 	 0.0 			 0.0 			 0.0			 0.0 
g5	 9 	 0.0 			 0.0 			 0.0			 0.0 
g5	 10 	 0.0 			 0.0 			 0.0			 0.0 
g5	 11 	 0.0 			 0.0 			 0.0			 0.0 
g5	 12 	 0.0 			 0.0 			 0.0			 0.0 
g5	 13 	 0.0 			 0.0 			 0.0			 0.0 
g5	 14 	 0.0 			 0.0 			 0.0			 0.0 
g5	 15 	 0.0 			 0.0 			 0.0			 0.0 
g5	 16 	 0.0 			 0.0 			 0.0			 0.0 
g5	 17 	 0.0 			 0.0 			 0.0			 0.0 
g5	 18 	 0.0 			 0.0 			 0.0			 0.0 
g5	 19 	 0.0 			 0.0 			 0.0			 0.0 
g5	 20 	 0.0 			 0.0 			 0.0			 0.0 
g5	 21 	 0.0 			 0.0 			 0.0			 0.0 
g5	 22 	 0.0 			 0.0 			 0.0			 0.0 
g5	 23 	 0.0 			 0.0 			 0.0			 0.0 
g5	 24 	 0.0 			 0.0 			 0.0			 0.0 
g5	 25 	 0.0 			 0.0 			 0.0			 0.0 
g5	 26 	 0.0 			 0.0 			 0.0			 0.0 
g5	 27 	 0.0 			 0.0 			 0.0			 0.0 
g5	 28 	 0.0 			 0.0 			 0.0			 0.0 
g5	 29 	 0.0 			 0.0 			 0.0			 0.0 
g5	 30 	 0.0 			 0.0 			 0.0			 0.0 
g5	 31 	 0.0 			 0.0 			 0.0			 0.0 
g5	 32 	 0.0 			 0.0 			 0.0			 0.0 
g5	 33 	 0.0 			 0.0 			 0.0			 0.0 
g5	 34 	 0.0 			 0.0 			 0.0			 0.0 
g5	 35 	 0.0 			 0.0 			 0.0			 0.0 
g5	 36 	 0.0 			 0.0 			 0.0			 0.0 
g5	 37 	 0.0 			 0.0 			 0.0			 0.0 
g5	 38 	 0.0 			 0.0 			 0.0			 0.0 
g5	 39 	 0.0 			 0.0 			 0.0			 0.0 
g5	 40 	 0.0 			 0.0 			 0.0			 0.0 
g5	 41 	 0.0 			 0.0 			 0.0			 0.0 
g5	 42 	 0.0 			 0.0 			 0.0			 0.0 
g5	 43 	 0.0 			 0.0 			 0.0			 0.0 
g5	 44 	 0.0 			 0.0 			 0.0			 0.0 
g5	 45 	 0.0 			 0.0 			 0.0			 0.0 
g5	 46 	 0.0 			 0.0 			 0.0			 0.0 
g5	 47 	 0.0 			 0.0 			 0.0			 0.0 
g5	 48 	 0.0 			 0.0 			 0.0			 0.0 
g5	 49 	 0.0 			 0.0 			 0.0			 0.0 
g5	 50 	 0.0 			 0.0 			 0.0			 0.0 
g5	 51 	 0.0 			 0.0 			 0.0			 0.0 
g5	 52 	 0.0 			 0.0 			 0.0			 0.0 
g5	 53 	 0.0 			 0.0 			 0.0			 0.0 
g5	 54 	 0.0 			 0.0 			 0.0			 0.0 
g5	 55 	 0.0 			 0.0 			 0.0			 0.0 
g5	 56 	 0.0 			 0.0 			 0.0			 0.0 
g5	 57 	 0.0 			 0.0 			 0.0			 0.0 
g5	 58 	 0.0 			 0.0 			 0.0			 0.0 
g5	 59 	 0.0 			 0.0 			 0.0			 0.0 
g5	 60 	 0.0 			 0.0 			 0.0			 0.0 
g5	 61 	 0.0 			 0.0 			 0.0			 0.0 
g5	 62 	 0.0 			 0.0 			 0.0			 0.0 
g5	 63 	 0.0 			 0.0 			 0.0			 0.0 
g5	 64 	 0.0 			 0.0 			 0.0			 0.0 
g5	 65 	 0.0 			 0.0 			 0.0			 0.0 
g5	 66 	 0.0 			 0.0 			 0.0			 0.0 
g5	 67 	 0.0 			 0.0 			 0.0			 0.0 
g5	 68 	 0.0 			 0.0 			 0.0			 0.0 
g5	 69 	 0.0 			 0.0 			 0.0			 0.0 
g5	 70 	 0.0 			 0.0 			 0.0			 0.0 
g5	 71 	 0.0 			 0.0 			 0.0			 0.0 
g5	 72 	 0.0 			 0.0 			 0.0			 0.0 
g5	 73 	 0.0 			 0.0 			 0.0			 0.0 
g5	 74 	 0.0 			 0.0 			 0.0			 0.0 
g5	 75 	 0.0 			 0.0 			 0.0			 0.0 
g5	 76 	 0.0 			 0.0 			 0.0			 0.0 
g5	 77 	 0.0 			 0.0 			 0.0			 0.0 
g5	 78 	 0.0 			 0.0 			 0.0			 0.0 
g5	 79 	 0.0 			 0.0 			 0.0			 0.0 
g5	 80 	 0.0 			 0.0 			 0.0			 0.0 
g5	 81 	 0.0 			 0.0 			 0.0			 0.0 
g5	 82 	 0.0 			 0.0 			 0.0			 0.0 
g5	 83 	 0.0 			 0.0 			 0.0			 0.0 
g5	 84 	 0.0 			 0.0 			 0.0			 0.0 
g5	 85 	 0.0 			 0.0 			 0.0			 0.0 
g5	 86 	 0.0 			 0.0 			 0.0			 0.0 
g5	 87 	 0.0 			 0.0 			 0.0			 0.0 
g5	 88 	 0.0 			 0.0 			 0.0			 0.0 
g5	 89 	 0.0 			 0.0 			 0.0			 0.0 
g5	 90 	 0.0 			 0.0 			 0.0			 0.0 
g5	 91 	 0.0 			 0.0 			 0.0			 0.0 
g5	 92 	 0.0 			 0.0 			 0.0			 0.0 
g5	 93 	 0.0 			 0.0 			 0.0			 0.0 
g5	 94 	 0.0 			 0.0 			 0.0			 0.0 
g5	 95 	 0.0 			 0.0 			 0.0			 0.0 
g5	 96 	 0.0 			 0.0 			 0.0			 0.0 
----------------------------------------------------------------------------------------------------------------
unit 	 generation payment 	 up-FRP payment 	 dw-FRP payment 	pre-up total payment
----------------------------------------------------------------------------------------------------------------
 g1 	 18194.979165			 0.000000			 0.000000			 18194.979165
 g2 	 305.660242			 0.000000			 0.000000			 305.660242
 g3 	 1358.033237			 0.000000			 0.000000			 1358.033237
 g4 	 0.000000			 0.000000			 0.000000			 0.000000
 g5 	 0.000000			 0.000000			 0.000000			 0.000000
----------------------------------------------------------------------------------------------------
generation payment 	 up-FRP payment 	 dw-FRP payment 	 pre-up total payment
----------------------------------------------------------------------------------------------------
19858.672644000002 			 0.0 			 0.0 			 19858.672644000002
 
****************************************************************************************************
 
Generation costs
----------------------------------------------------------------------------------------------------
unit	 time 	 generation cost 	 start-up cost  	total cost
----------------------------------------------------------------------------------------------------
g1	 1 	 2425.369218 			 0.0 			2425.369218
g1	 2 	 2385.865816 			 0.0 			2385.865816
g1	 3 	 2375.177544 			 0.0 			2375.177544
g1	 4 	 2377.217328 			 0.0 			2377.217328
g1	 5 	 2092.599167 			 0.0 			2092.599167
g1	 6 	 2066.076244 			 0.0 			2066.076244
g1	 7 	 2074.311311 			 0.0 			2074.311311
g1	 8 	 2064.789062 			 0.0 			2064.789062
g1	 9 	 1946.58784 			 0.0 			1946.58784
g1	 10 	 1978.174212 			 0.0 			1978.174212
g1	 11 	 1958.491275 			 0.0 			1958.491275
g1	 12 	 1938.784013 			 0.0 			1938.784013
g1	 13 	 1914.672588 			 0.0 			1914.672588
g1	 14 	 1918.149737 			 0.0 			1918.149737
g1	 15 	 1885.222458 			 0.0 			1885.222458
g1	 16 	 1920.85254 			 0.0 			1920.85254
g1	 17 	 1902.51596 			 0.0 			1902.51596
g1	 18 	 1956.883247 			 0.0 			1956.883247
g1	 19 	 1887.65686 			 0.0 			1887.65686
g1	 20 	 1919.922273 			 0.0 			1919.922273
g1	 21 	 2046.69944 			 0.0 			2046.69944
g1	 22 	 2045.5732 			 0.0 			2045.5732
g1	 23 	 2061.01449 			 0.0 			2061.01449
g1	 24 	 2018.20539 			 0.0 			2018.20539
g1	 25 	 2238.07369 			 0.0 			2238.07369
g1	 26 	 2271.207371 			 0.0 			2271.207371
g1	 27 	 2271.625099 			 0.0 			2271.625099
g1	 28 	 2251.401748 			 0.0 			2251.401748
g1	 29 	 2474.968404 			 0.0 			2474.968404
g1	 30 	 2436.676318 			 0.0 			2436.676318
g1	 31 	 2444.882335 			 0.0 			2444.882335
g1	 32 	 2414.453981 			 0.0 			2414.453981
g1	 33 	 2354.063986 			 0.0 			2354.063986
g1	 34 	 2344.826816 			 0.0 			2344.826816
g1	 35 	 2361.325531 			 0.0 			2361.325531
g1	 36 	 2313.086426 			 0.0 			2313.086426
g1	 37 	 2538.553387 			 0.0 			2538.553387
g1	 38 	 2535.341981 			 0.0 			2535.341981
g1	 39 	 2490.262094 			 0.0 			2490.262094
g1	 40 	 2566.924649 			 0.0 			2566.924649
g1	 41 	 2805.517098 			 0.0 			2805.517098
g1	 42 	 2794.334497 			 0.0 			2794.334497
g1	 43 	 2799.409104 			 0.0 			2799.409104
g1	 44 	 2817.763173 			 0.0 			2817.763173
g1	 45 	 2940.743167 			 0.0 			2940.743167
g1	 46 	 2986.380133 			 0.0 			2986.380133
g1	 47 	 2969.313443 			 0.0 			2969.313443
g1	 48 	 2954.924962 			 0.0 			2954.924962
g1	 49 	 3058.233409 			 0.0 			3058.233409
g1	 50 	 3058.233409 			 0.0 			3058.233409
g1	 51 	 3058.233409 			 0.0 			3058.233409
g1	 52 	 3058.233409 			 0.0 			3058.233409
g1	 53 	 3058.233409 			 0.0 			3058.233409
g1	 54 	 3058.233409 			 0.0 			3058.233409
g1	 55 	 3058.233409 			 0.0 			3058.233409
g1	 56 	 3058.233409 			 0.0 			3058.233409
g1	 57 	 3058.233409 			 0.0 			3058.233409
g1	 58 	 3058.233409 			 0.0 			3058.233409
g1	 59 	 3058.233409 			 0.0 			3058.233409
g1	 60 	 3058.233409 			 0.0 			3058.233409
g1	 61 	 3058.233409 			 0.0 			3058.233409
g1	 62 	 3058.233409 			 0.0 			3058.233409
g1	 63 	 3058.233409 			 0.0 			3058.233409
g1	 64 	 3058.233409 			 0.0 			3058.233409
g1	 65 	 3058.233409 			 0.0 			3058.233409
g1	 66 	 3058.233409 			 0.0 			3058.233409
g1	 67 	 3058.233409 			 0.0 			3058.233409
g1	 68 	 3058.233409 			 0.0 			3058.233409
g1	 69 	 3058.233409 			 0.0 			3058.233409
g1	 70 	 3058.233409 			 0.0 			3058.233409
g1	 71 	 3058.233409 			 0.0 			3058.233409
g1	 72 	 3058.233409 			 0.0 			3058.233409
g1	 73 	 3058.233409 			 0.0 			3058.233409
g1	 74 	 3058.233409 			 0.0 			3058.233409
g1	 75 	 3058.233409 			 0.0 			3058.233409
g1	 76 	 3058.233409 			 0.0 			3058.233409
g1	 77 	 3058.233409 			 0.0 			3058.233409
g1	 78 	 3058.233409 			 0.0 			3058.233409
g1	 79 	 3058.233409 			 0.0 			3058.233409
g1	 80 	 3058.233409 			 0.0 			3058.233409
g1	 81 	 3058.233409 			 0.0 			3058.233409
g1	 82 	 3058.233409 			 0.0 			3058.233409
g1	 83 	 3058.233409 			 0.0 			3058.233409
g1	 84 	 3058.233409 			 0.0 			3058.233409
g1	 85 	 2840.352236 			 0.0 			2840.352236
g1	 86 	 2886.405511 			 0.0 			2886.405511
g1	 87 	 2972.193362 			 0.0 			2972.193362
g1	 88 	 2837.033687 			 0.0 			2837.033687
g1	 89 	 2750.802657 			 0.0 			2750.802657
g1	 90 	 2751.056421 			 0.0 			2751.056421
g1	 91 	 2713.304423 			 0.0 			2713.304423
g1	 92 	 2764.620085 			 0.0 			2764.620085
g1	 93 	 2799.298216 			 0.0 			2799.298216
g1	 94 	 2750.95664 			 0.0 			2750.95664
g1	 95 	 2779.707064 			 0.0 			2779.707064
g1	 96 	 2799.408593 			 0.0 			2799.408593
----------------------------------------------------------------------------------------------------
g2	 1 	 0.0 			 0.0 			0.0
g2	 2 	 0.0 			 0.0 			0.0
g2	 3 	 0.0 			 0.0 			0.0
g2	 4 	 0.0 			 0.0 			0.0
g2	 5 	 0.0 			 0.0 			0.0
g2	 6 	 0.0 			 0.0 			0.0
g2	 7 	 0.0 			 0.0 			0.0
g2	 8 	 0.0 			 0.0 			0.0
g2	 9 	 0.0 			 0.0 			0.0
g2	 10 	 0.0 			 0.0 			0.0
g2	 11 	 0.0 			 0.0 			0.0
g2	 12 	 0.0 			 0.0 			0.0
g2	 13 	 0.0 			 0.0 			0.0
g2	 14 	 0.0 			 0.0 			0.0
g2	 15 	 0.0 			 0.0 			0.0
g2	 16 	 0.0 			 0.0 			0.0
g2	 17 	 0.0 			 0.0 			0.0
g2	 18 	 0.0 			 0.0 			0.0
g2	 19 	 0.0 			 0.0 			0.0
g2	 20 	 0.0 			 0.0 			0.0
g2	 21 	 0.0 			 0.0 			0.0
g2	 22 	 0.0 			 0.0 			0.0
g2	 23 	 0.0 			 0.0 			0.0
g2	 24 	 0.0 			 0.0 			0.0
g2	 25 	 0.0 			 0.0 			0.0
g2	 26 	 0.0 			 0.0 			0.0
g2	 27 	 0.0 			 0.0 			0.0
g2	 28 	 0.0 			 0.0 			0.0
g2	 29 	 0.0 			 0.0 			0.0
g2	 30 	 0.0 			 0.0 			0.0
g2	 31 	 0.0 			 0.0 			0.0
g2	 32 	 0.0 			 0.0 			0.0
g2	 33 	 534.771644 			 10598.13 			11132.901644
g2	 34 	 534.771644 			 0.0 			534.771644
g2	 35 	 534.771644 			 0.0 			534.771644
g2	 36 	 493.026772 			 0.0 			493.026772
g2	 37 	 534.771644 			 0.0 			534.771644
g2	 38 	 534.771644 			 0.0 			534.771644
g2	 39 	 534.771644 			 0.0 			534.771644
g2	 40 	 534.771644 			 0.0 			534.771644
g2	 41 	 534.771644 			 0.0 			534.771644
g2	 42 	 534.771644 			 0.0 			534.771644
g2	 43 	 534.771644 			 0.0 			534.771644
g2	 44 	 534.771644 			 0.0 			534.771644
g2	 45 	 534.771644 			 0.0 			534.771644
g2	 46 	 534.771644 			 0.0 			534.771644
g2	 47 	 534.771644 			 0.0 			534.771644
g2	 48 	 534.771644 			 0.0 			534.771644
g2	 49 	 601.166259 			 0.0 			601.166259
g2	 50 	 571.268673 			 0.0 			571.268673
g2	 51 	 647.405061 			 0.0 			647.405061
g2	 52 	 554.376319 			 0.0 			554.376319
g2	 53 	 766.459157 			 0.0 			766.459157
g2	 54 	 735.799842 			 0.0 			735.799842
g2	 55 	 743.94753 			 0.0 			743.94753
g2	 56 	 728.924564 			 0.0 			728.924564
g2	 57 	 959.759721 			 0.0 			959.759721
g2	 58 	 810.313595 			 0.0 			810.313595
g2	 59 	 866.659699 			 0.0 			866.659699
g2	 60 	 799.147152 			 0.0 			799.147152
g2	 61 	 827.674604 			 0.0 			827.674604
g2	 62 	 983.938436 			 0.0 			983.938436
g2	 63 	 835.98856 			 0.0 			835.98856
g2	 64 	 950.799897 			 0.0 			950.799897
g2	 65 	 890.080048 			 0.0 			890.080048
g2	 66 	 957.722107 			 0.0 			957.722107
g2	 67 	 999.697788 			 0.0 			999.697788
g2	 68 	 889.539685 			 0.0 			889.539685
g2	 69 	 975.932741 			 0.0 			975.932741
g2	 70 	 983.799943 			 0.0 			983.799943
g2	 71 	 980.289986 			 0.0 			980.289986
g2	 72 	 875.303003 			 0.0 			875.303003
g2	 73 	 759.395507 			 0.0 			759.395507
g2	 74 	 728.266766 			 0.0 			728.266766
g2	 75 	 781.337254 			 0.0 			781.337254
g2	 76 	 806.404338 			 0.0 			806.404338
g2	 77 	 634.134357 			 0.0 			634.134357
g2	 78 	 614.882415 			 0.0 			614.882415
g2	 79 	 624.0083 			 0.0 			624.0083
g2	 80 	 699.465744 			 0.0 			699.465744
g2	 81 	 551.320088 			 0.0 			551.320088
g2	 82 	 663.645642 			 0.0 			663.645642
g2	 83 	 564.455254 			 0.0 			564.455254
g2	 84 	 682.747941 			 0.0 			682.747941
g2	 85 	 534.771644 			 0.0 			534.771644
g2	 86 	 534.771644 			 0.0 			534.771644
g2	 87 	 534.771644 			 0.0 			534.771644
g2	 88 	 534.771644 			 0.0 			534.771644
g2	 89 	 534.771644 			 0.0 			534.771644
g2	 90 	 534.771644 			 0.0 			534.771644
g2	 91 	 534.771644 			 0.0 			534.771644
g2	 92 	 534.771644 			 0.0 			534.771644
g2	 93 	 0.0 			 0.0 			0.0
g2	 94 	 0.0 			 0.0 			0.0
g2	 95 	 0.0 			 0.0 			0.0
g2	 96 	 0.0 			 0.0 			0.0
----------------------------------------------------------------------------------------------------
g3	 1 	 0.0 			 0.0 			0.0
g3	 2 	 0.0 			 0.0 			0.0
g3	 3 	 0.0 			 0.0 			0.0
g3	 4 	 0.0 			 0.0 			0.0
g3	 5 	 350.954412 			 4595.43 			4946.384412
g3	 6 	 350.954412 			 0.0 			350.954412
g3	 7 	 350.954412 			 0.0 			350.954412
g3	 8 	 350.954412 			 0.0 			350.954412
g3	 9 	 350.954412 			 0.0 			350.954412
g3	 10 	 350.954412 			 0.0 			350.954412
g3	 11 	 350.954412 			 0.0 			350.954412
g3	 12 	 350.954412 			 0.0 			350.954412
g3	 13 	 350.954412 			 0.0 			350.954412
g3	 14 	 350.954412 			 0.0 			350.954412
g3	 15 	 350.954412 			 0.0 			350.954412
g3	 16 	 350.954412 			 0.0 			350.954412
g3	 17 	 350.954412 			 0.0 			350.954412
g3	 18 	 350.954412 			 0.0 			350.954412
g3	 19 	 350.954412 			 0.0 			350.954412
g3	 20 	 350.954412 			 0.0 			350.954412
g3	 21 	 350.954412 			 0.0 			350.954412
g3	 22 	 350.954412 			 0.0 			350.954412
g3	 23 	 350.954412 			 0.0 			350.954412
g3	 24 	 350.954412 			 0.0 			350.954412
g3	 25 	 350.954412 			 0.0 			350.954412
g3	 26 	 350.954412 			 0.0 			350.954412
g3	 27 	 350.954412 			 0.0 			350.954412
g3	 28 	 350.954412 			 0.0 			350.954412
g3	 29 	 350.954412 			 0.0 			350.954412
g3	 30 	 350.954412 			 0.0 			350.954412
g3	 31 	 350.954412 			 0.0 			350.954412
g3	 32 	 350.954412 			 0.0 			350.954412
g3	 33 	 350.954412 			 0.0 			350.954412
g3	 34 	 350.954412 			 0.0 			350.954412
g3	 35 	 350.954412 			 0.0 			350.954412
g3	 36 	 350.954412 			 0.0 			350.954412
g3	 37 	 350.954412 			 0.0 			350.954412
g3	 38 	 350.954412 			 0.0 			350.954412
g3	 39 	 350.954412 			 0.0 			350.954412
g3	 40 	 350.954412 			 0.0 			350.954412
g3	 41 	 350.954412 			 0.0 			350.954412
g3	 42 	 350.954412 			 0.0 			350.954412
g3	 43 	 350.954412 			 0.0 			350.954412
g3	 44 	 350.954412 			 0.0 			350.954412
g3	 45 	 350.954412 			 0.0 			350.954412
g3	 46 	 350.954412 			 0.0 			350.954412
g3	 47 	 350.954412 			 0.0 			350.954412
g3	 48 	 350.954412 			 0.0 			350.954412
g3	 49 	 350.954412 			 0.0 			350.954412
g3	 50 	 350.954412 			 0.0 			350.954412
g3	 51 	 350.954412 			 0.0 			350.954412
g3	 52 	 350.954412 			 0.0 			350.954412
g3	 53 	 350.954412 			 0.0 			350.954412
g3	 54 	 350.954412 			 0.0 			350.954412
g3	 55 	 350.954412 			 0.0 			350.954412
g3	 56 	 350.954412 			 0.0 			350.954412
g3	 57 	 350.954412 			 0.0 			350.954412
g3	 58 	 350.954412 			 0.0 			350.954412
g3	 59 	 350.954412 			 0.0 			350.954412
g3	 60 	 350.954412 			 0.0 			350.954412
g3	 61 	 350.954412 			 0.0 			350.954412
g3	 62 	 350.954412 			 0.0 			350.954412
g3	 63 	 350.954412 			 0.0 			350.954412
g3	 64 	 350.954412 			 0.0 			350.954412
g3	 65 	 350.954412 			 0.0 			350.954412
g3	 66 	 350.954412 			 0.0 			350.954412
g3	 67 	 350.954412 			 0.0 			350.954412
g3	 68 	 350.954412 			 0.0 			350.954412
g3	 69 	 350.954412 			 0.0 			350.954412
g3	 70 	 350.954412 			 0.0 			350.954412
g3	 71 	 350.954412 			 0.0 			350.954412
g3	 72 	 350.954412 			 0.0 			350.954412
g3	 73 	 350.954412 			 0.0 			350.954412
g3	 74 	 350.954412 			 0.0 			350.954412
g3	 75 	 350.954412 			 0.0 			350.954412
g3	 76 	 350.954412 			 0.0 			350.954412
g3	 77 	 350.954412 			 0.0 			350.954412
g3	 78 	 350.954412 			 0.0 			350.954412
g3	 79 	 350.954412 			 0.0 			350.954412
g3	 80 	 350.954412 			 0.0 			350.954412
g3	 81 	 350.954412 			 0.0 			350.954412
g3	 82 	 350.954412 			 0.0 			350.954412
g3	 83 	 350.954412 			 0.0 			350.954412
g3	 84 	 350.954412 			 0.0 			350.954412
g3	 85 	 350.954412 			 0.0 			350.954412
g3	 86 	 350.954412 			 0.0 			350.954412
g3	 87 	 350.954412 			 0.0 			350.954412
g3	 88 	 350.954412 			 0.0 			350.954412
g3	 89 	 0.0 			 0.0 			0.0
g3	 90 	 0.0 			 0.0 			0.0
g3	 91 	 0.0 			 0.0 			0.0
g3	 92 	 0.0 			 0.0 			0.0
g3	 93 	 0.0 			 0.0 			0.0
g3	 94 	 0.0 			 0.0 			0.0
g3	 95 	 0.0 			 0.0 			0.0
g3	 96 	 0.0 			 0.0 			0.0
----------------------------------------------------------------------------------------------------
g4	 1 	 0.0 			 0.0 			0.0
g4	 2 	 0.0 			 0.0 			0.0
g4	 3 	 0.0 			 0.0 			0.0
g4	 4 	 0.0 			 0.0 			0.0
g4	 5 	 0.0 			 0.0 			0.0
g4	 6 	 0.0 			 0.0 			0.0
g4	 7 	 0.0 			 0.0 			0.0
g4	 8 	 0.0 			 0.0 			0.0
g4	 9 	 0.0 			 0.0 			0.0
g4	 10 	 0.0 			 0.0 			0.0
g4	 11 	 0.0 			 0.0 			0.0
g4	 12 	 0.0 			 0.0 			0.0
g4	 13 	 0.0 			 0.0 			0.0
g4	 14 	 0.0 			 0.0 			0.0
g4	 15 	 0.0 			 0.0 			0.0
g4	 16 	 0.0 			 0.0 			0.0
g4	 17 	 0.0 			 0.0 			0.0
g4	 18 	 0.0 			 0.0 			0.0
g4	 19 	 0.0 			 0.0 			0.0
g4	 20 	 0.0 			 0.0 			0.0
g4	 21 	 0.0 			 0.0 			0.0
g4	 22 	 0.0 			 0.0 			0.0
g4	 23 	 0.0 			 0.0 			0.0
g4	 24 	 0.0 			 0.0 			0.0
g4	 25 	 0.0 			 0.0 			0.0
g4	 26 	 0.0 			 0.0 			0.0
g4	 27 	 0.0 			 0.0 			0.0
g4	 28 	 0.0 			 0.0 			0.0
g4	 29 	 0.0 			 0.0 			0.0
g4	 30 	 0.0 			 0.0 			0.0
g4	 31 	 0.0 			 0.0 			0.0
g4	 32 	 0.0 			 0.0 			0.0
g4	 33 	 0.0 			 0.0 			0.0
g4	 34 	 0.0 			 0.0 			0.0
g4	 35 	 0.0 			 0.0 			0.0
g4	 36 	 0.0 			 0.0 			0.0
g4	 37 	 0.0 			 0.0 			0.0
g4	 38 	 0.0 			 0.0 			0.0
g4	 39 	 0.0 			 0.0 			0.0
g4	 40 	 0.0 			 0.0 			0.0
g4	 41 	 0.0 			 0.0 			0.0
g4	 42 	 0.0 			 0.0 			0.0
g4	 43 	 0.0 			 0.0 			0.0
g4	 44 	 0.0 			 0.0 			0.0
g4	 45 	 0.0 			 0.0 			0.0
g4	 46 	 0.0 			 0.0 			0.0
g4	 47 	 0.0 			 0.0 			0.0
g4	 48 	 0.0 			 0.0 			0.0
g4	 49 	 0.0 			 0.0 			0.0
g4	 50 	 0.0 			 0.0 			0.0
g4	 51 	 0.0 			 0.0 			0.0
g4	 52 	 0.0 			 0.0 			0.0
g4	 53 	 0.0 			 0.0 			0.0
g4	 54 	 0.0 			 0.0 			0.0
g4	 55 	 0.0 			 0.0 			0.0
g4	 56 	 0.0 			 0.0 			0.0
g4	 57 	 0.0 			 0.0 			0.0
g4	 58 	 0.0 			 0.0 			0.0
g4	 59 	 0.0 			 0.0 			0.0
g4	 60 	 0.0 			 0.0 			0.0
g4	 61 	 0.0 			 0.0 			0.0
g4	 62 	 0.0 			 0.0 			0.0
g4	 63 	 0.0 			 0.0 			0.0
g4	 64 	 0.0 			 0.0 			0.0
g4	 65 	 0.0 			 0.0 			0.0
g4	 66 	 0.0 			 0.0 			0.0
g4	 67 	 0.0 			 0.0 			0.0
g4	 68 	 0.0 			 0.0 			0.0
g4	 69 	 0.0 			 0.0 			0.0
g4	 70 	 0.0 			 0.0 			0.0
g4	 71 	 0.0 			 0.0 			0.0
g4	 72 	 0.0 			 0.0 			0.0
g4	 73 	 0.0 			 0.0 			0.0
g4	 74 	 0.0 			 0.0 			0.0
g4	 75 	 0.0 			 0.0 			0.0
g4	 76 	 0.0 			 0.0 			0.0
g4	 77 	 0.0 			 0.0 			0.0
g4	 78 	 0.0 			 0.0 			0.0
g4	 79 	 0.0 			 0.0 			0.0
g4	 80 	 0.0 			 0.0 			0.0
g4	 81 	 0.0 			 0.0 			0.0
g4	 82 	 0.0 			 0.0 			0.0
g4	 83 	 0.0 			 0.0 			0.0
g4	 84 	 0.0 			 0.0 			0.0
g4	 85 	 0.0 			 0.0 			0.0
g4	 86 	 0.0 			 0.0 			0.0
g4	 87 	 0.0 			 0.0 			0.0
g4	 88 	 0.0 			 0.0 			0.0
g4	 89 	 0.0 			 0.0 			0.0
g4	 90 	 0.0 			 0.0 			0.0
g4	 91 	 0.0 			 0.0 			0.0
g4	 92 	 0.0 			 0.0 			0.0
g4	 93 	 0.0 			 0.0 			0.0
g4	 94 	 0.0 			 0.0 			0.0
g4	 95 	 0.0 			 0.0 			0.0
g4	 96 	 0.0 			 0.0 			0.0
----------------------------------------------------------------------------------------------------
g5	 1 	 0.0 			 0.0 			0.0
g5	 2 	 0.0 			 0.0 			0.0
g5	 3 	 0.0 			 0.0 			0.0
g5	 4 	 0.0 			 0.0 			0.0
g5	 5 	 0.0 			 0.0 			0.0
g5	 6 	 0.0 			 0.0 			0.0
g5	 7 	 0.0 			 0.0 			0.0
g5	 8 	 0.0 			 0.0 			0.0
g5	 9 	 0.0 			 0.0 			0.0
g5	 10 	 0.0 			 0.0 			0.0
g5	 11 	 0.0 			 0.0 			0.0
g5	 12 	 0.0 			 0.0 			0.0
g5	 13 	 0.0 			 0.0 			0.0
g5	 14 	 0.0 			 0.0 			0.0
g5	 15 	 0.0 			 0.0 			0.0
g5	 16 	 0.0 			 0.0 			0.0
g5	 17 	 0.0 			 0.0 			0.0
g5	 18 	 0.0 			 0.0 			0.0
g5	 19 	 0.0 			 0.0 			0.0
g5	 20 	 0.0 			 0.0 			0.0
g5	 21 	 0.0 			 0.0 			0.0
g5	 22 	 0.0 			 0.0 			0.0
g5	 23 	 0.0 			 0.0 			0.0
g5	 24 	 0.0 			 0.0 			0.0
g5	 25 	 0.0 			 0.0 			0.0
g5	 26 	 0.0 			 0.0 			0.0
g5	 27 	 0.0 			 0.0 			0.0
g5	 28 	 0.0 			 0.0 			0.0
g5	 29 	 0.0 			 0.0 			0.0
g5	 30 	 0.0 			 0.0 			0.0
g5	 31 	 0.0 			 0.0 			0.0
g5	 32 	 0.0 			 0.0 			0.0
g5	 33 	 0.0 			 0.0 			0.0
g5	 34 	 0.0 			 0.0 			0.0
g5	 35 	 0.0 			 0.0 			0.0
g5	 36 	 0.0 			 0.0 			0.0
g5	 37 	 0.0 			 0.0 			0.0
g5	 38 	 0.0 			 0.0 			0.0
g5	 39 	 0.0 			 0.0 			0.0
g5	 40 	 0.0 			 0.0 			0.0
g5	 41 	 0.0 			 0.0 			0.0
g5	 42 	 0.0 			 0.0 			0.0
g5	 43 	 0.0 			 0.0 			0.0
g5	 44 	 0.0 			 0.0 			0.0
g5	 45 	 0.0 			 0.0 			0.0
g5	 46 	 0.0 			 0.0 			0.0
g5	 47 	 0.0 			 0.0 			0.0
g5	 48 	 0.0 			 0.0 			0.0
g5	 49 	 0.0 			 0.0 			0.0
g5	 50 	 0.0 			 0.0 			0.0
g5	 51 	 0.0 			 0.0 			0.0
g5	 52 	 0.0 			 0.0 			0.0
g5	 53 	 0.0 			 0.0 			0.0
g5	 54 	 0.0 			 0.0 			0.0
g5	 55 	 0.0 			 0.0 			0.0
g5	 56 	 0.0 			 0.0 			0.0
g5	 57 	 0.0 			 0.0 			0.0
g5	 58 	 0.0 			 0.0 			0.0
g5	 59 	 0.0 			 0.0 			0.0
g5	 60 	 0.0 			 0.0 			0.0
g5	 61 	 0.0 			 0.0 			0.0
g5	 62 	 0.0 			 0.0 			0.0
g5	 63 	 0.0 			 0.0 			0.0
g5	 64 	 0.0 			 0.0 			0.0
g5	 65 	 0.0 			 0.0 			0.0
g5	 66 	 0.0 			 0.0 			0.0
g5	 67 	 0.0 			 0.0 			0.0
g5	 68 	 0.0 			 0.0 			0.0
g5	 69 	 0.0 			 0.0 			0.0
g5	 70 	 0.0 			 0.0 			0.0
g5	 71 	 0.0 			 0.0 			0.0
g5	 72 	 0.0 			 0.0 			0.0
g5	 73 	 0.0 			 0.0 			0.0
g5	 74 	 0.0 			 0.0 			0.0
g5	 75 	 0.0 			 0.0 			0.0
g5	 76 	 0.0 			 0.0 			0.0
g5	 77 	 0.0 			 0.0 			0.0
g5	 78 	 0.0 			 0.0 			0.0
g5	 79 	 0.0 			 0.0 			0.0
g5	 80 	 0.0 			 0.0 			0.0
g5	 81 	 0.0 			 0.0 			0.0
g5	 82 	 0.0 			 0.0 			0.0
g5	 83 	 0.0 			 0.0 			0.0
g5	 84 	 0.0 			 0.0 			0.0
g5	 85 	 0.0 			 0.0 			0.0
g5	 86 	 0.0 			 0.0 			0.0
g5	 87 	 0.0 			 0.0 			0.0
g5	 88 	 0.0 			 0.0 			0.0
g5	 89 	 0.0 			 0.0 			0.0
g5	 90 	 0.0 			 0.0 			0.0
g5	 91 	 0.0 			 0.0 			0.0
g5	 92 	 0.0 			 0.0 			0.0
g5	 93 	 0.0 			 0.0 			0.0
g5	 94 	 0.0 			 0.0 			0.0
g5	 95 	 0.0 			 0.0 			0.0
g5	 96 	 0.0 			 0.0 			0.0
----------------------------------------------------------------------------------------------------
 
unit 	 generation 	 generation cost 	 start-up cost 	 total cost
----------------------------------------------------------------------------------------------------
g1 	 6819.731240			254278.412225			 0.000000		 254278.412225
g2 	 715.744228			40838.832560			 10598.130000		 51436.962560
g3 	 459.776658			29480.170608			 4595.430000		 34075.600608
g4 	 0.000000			0.000000			 0.000000		 0.000000
g5 	 0.000000			0.000000			 0.000000		 0.000000
----------------------------------------------------------------------------------------------------
 
generation cost 	 start-up cost 		 total cost
----------------------------------------------------------------------------------------------------
324597.41539300024 			 15193.56 			 339790.9753930002
----------------------------------------------------------------------------------------------------
uplift payment for generator g1: 0.0
uplift payment for generator g2: 19619.689465
uplift payment for generator g3: 14349.620956
uplift payment for generator g4: 0.0
uplift payment for generator g5: 0.0
 
****************************************************************************************************
 
rtm Systemwide prices
----------------------------------------------------------------------------------------------------
time	 energy 	 up-FRP 	 dw-FRP
----------------------------------------------------------------------------------------------------
1 	 9.614507 		 0.0 		 0.0
2 	 9.614507 		 0.0 		 0.0
3 	 9.614507 		 0.0 		 0.0
4 	 9.614507 		 0.0 		 0.0
5 	 9.408671 		 0.0 		 0.0
6 	 9.408671 		 0.0 		 0.0
7 	 9.408671 		 0.0 		 0.0
8 	 9.408671 		 0.0 		 0.0
9 	 9.408671 		 0.0 		 0.0
10 	 9.408671 		 0.0 		 0.0
11 	 9.408671 		 0.0 		 0.0
12 	 9.408671 		 0.0 		 0.0
13 	 9.408671 		 0.0 		 0.0
14 	 9.408671 		 0.0 		 0.0
15 	 9.408671 		 0.0 		 0.0
16 	 9.408671 		 0.0 		 0.0
17 	 9.408671 		 0.0 		 0.0
18 	 9.408671 		 0.0 		 0.0
19 	 9.408671 		 0.0 		 0.0
20 	 9.408671 		 0.0 		 0.0
21 	 9.408671 		 0.0 		 0.0
22 	 9.408671 		 0.0 		 0.0
23 	 9.408671 		 0.0 		 0.0
24 	 9.408671 		 0.0 		 0.0
25 	 9.408671 		 0.0 		 0.0
26 	 9.408671 		 0.0 		 0.0
27 	 9.408671 		 0.0 		 0.0
28 	 9.408671 		 0.0 		 0.0
29 	 9.614507 		 0.0 		 0.0
30 	 9.614507 		 0.0 		 0.0
31 	 9.614507 		 0.0 		 0.0
32 	 9.614507 		 0.0 		 0.0
33 	 9.614507 		 0.0 		 0.0
34 	 9.614507 		 0.0 		 0.0
35 	 9.614507 		 0.0 		 0.0
36 	 9.457625 		 0.0 		 0.0
37 	 9.614507 		 0.0 		 0.0
38 	 9.614507 		 0.0 		 0.0
39 	 9.614507 		 0.0 		 0.0
40 	 9.614507 		 0.0 		 0.0
41 	 9.614507 		 0.0 		 0.0
42 	 9.614507 		 0.0 		 0.0
43 	 9.614507 		 0.0 		 0.0
44 	 9.614507 		 0.0 		 0.0
45 	 9.614507 		 0.0 		 0.0
46 	 9.614507 		 0.0 		 0.0
47 	 9.614507 		 0.0 		 0.0
48 	 9.614507 		 0.0 		 0.0
49 	 10.185876 		 0.0 		 0.0
50 	 10.185876 		 0.0 		 0.0
51 	 10.185876 		 0.0 		 0.0
52 	 10.185876 		 0.0 		 0.0
53 	 10.185876 		 0.0 		 0.0
54 	 10.185876 		 0.0 		 0.0
55 	 10.185876 		 0.0 		 0.0
56 	 10.185876 		 0.0 		 0.0
57 	 11.493892 		 0.0 		 0.0
58 	 10.185876 		 0.0 		 0.0
59 	 11.493892 		 0.0 		 0.0
60 	 10.185876 		 0.0 		 0.0
61 	 10.185876 		 0.0 		 0.0
62 	 11.493892 		 0.0 		 0.0
63 	 10.185876 		 0.0 		 0.0
64 	 11.493892 		 0.0 		 0.0
65 	 11.493892 		 0.0 		 0.0
66 	 11.493892 		 0.0 		 0.0
67 	 11.493892 		 0.0 		 0.0
68 	 11.493892 		 0.0 		 0.0
69 	 11.493892 		 0.0 		 0.0
70 	 11.493892 		 0.0 		 0.0
71 	 11.493892 		 0.0 		 0.0
72 	 11.493892 		 0.0 		 0.0
73 	 10.185876 		 0.0 		 0.0
74 	 10.185876 		 0.0 		 0.0
75 	 10.185876 		 0.0 		 0.0
76 	 10.185876 		 0.0 		 0.0
77 	 10.185876 		 0.0 		 0.0
78 	 10.185876 		 0.0 		 0.0
79 	 10.185876 		 0.0 		 0.0
80 	 10.185876 		 0.0 		 0.0
81 	 10.185876 		 0.0 		 0.0
82 	 10.185876 		 0.0 		 0.0
83 	 10.185876 		 0.0 		 0.0
84 	 10.185876 		 0.0 		 0.0
85 	 9.614507 		 0.0 		 0.0
86 	 9.614507 		 0.0 		 0.0
87 	 9.614507 		 0.0 		 0.0
88 	 9.614507 		 0.0 		 0.0
89 	 9.614507 		 0.0 		 0.0
90 	 9.614507 		 0.0 		 0.0
91 	 9.614507 		 0.0 		 0.0
92 	 9.614507 		 0.0 		 0.0
93 	 9.614507 		 0.0 		 0.0
94 	 9.614507 		 0.0 		 0.0
95 	 9.614507 		 0.0 		 0.0
96 	 9.614507 		 0.0 		 0.0
 
****************************************************************************************************
 
rtm Post-uplift payments
----------------------------------------------------------------------------------------------------------------------------------------------------
unit 	 generation payment 	 up-FRP payment 	 dw-FRP payment 	pre-up t. payment 	 uplift payments 	 post-up t. payment 	 profit
----------------------------------------------------------------------------------------------------------------------------------------------------
 g1 	 18194.979165			 0.000000			 0.000000			 18194.979165			 0.000000			 18194.979165		 37353.354624
 g2 	 305.660242			 0.000000			 0.000000			 305.660242			 19619.689465			 19925.349707		 0.000000
 g3 	 1358.033237			 0.000000			 0.000000			 1358.033237			 14349.620956			 15707.654193		 0.000000
 g4 	 0.000000			 0.000000			 0.000000			 0.000000			 0.000000			 0.000000		 0.000000
 g5 	 0.000000			 0.000000			 0.000000			 0.000000			 0.000000			 0.000000		 0.000000
****************************************************************************************************
 
Total generator payments
----------------------------------------------------------------------------------------------------------------------------------------------------
unit 	 generation payment 	 up-FRP payment 	 dw-FRP payment 	pre-up t. payment 	 uplift payments 	 post-up t. payment 	 profit
----------------------------------------------------------------------------------------------------------------------------------------------------
 g1 	 291057.607795			 574.159054			 0.000000			 291631.766849			 0.000000			 291631.766849		 37353.354624
 g2 	 31817.273095			 0.000000			 0.000000			 31817.273095			 19619.689465			 51436.962560		 0.000000
 g3 	 19725.979652			 0.000000			 0.000000			 19725.979652			 14349.620956			 34075.600608		 0.000000
 g4 	 0.000000			 0.000000			 0.000000			 0.000000			 0.000000			 0.000000		 0.000000
 g5 	 0.000000			 0.000000			 0.000000			 0.000000			 0.000000			 0.000000		 0.000000
 
****************************************************************************************************
 
rtm LMP
----------------------------------------------------------------------------------------------------
bus name 	 time 		 LMP
----------------------------------------------------------------------------------------------------
b1 		 1 		 9.614507
b1 		 2 		 9.614507
b1 		 3 		 9.614507
b1 		 4 		 9.614507
b1 		 5 		 9.408671
b1 		 6 		 9.408671
b1 		 7 		 9.408671
b1 		 8 		 9.408671
b1 		 9 		 9.408671
b1 		 10 		 9.408671
b1 		 11 		 9.408671
b1 		 12 		 9.408671
b1 		 13 		 9.408671
b1 		 14 		 9.408671
b1 		 15 		 9.408671
b1 		 16 		 9.408671
b1 		 17 		 9.408671
b1 		 18 		 9.408671
b1 		 19 		 9.408671
b1 		 20 		 9.408671
b1 		 21 		 9.408671
b1 		 22 		 9.408671
b1 		 23 		 9.408671
b1 		 24 		 9.408671
b1 		 25 		 9.408671
b1 		 26 		 9.408671
b1 		 27 		 9.408671
b1 		 28 		 9.408671
b1 		 29 		 9.614507
b1 		 30 		 9.614507
b1 		 31 		 9.614507
b1 		 32 		 9.614507
b1 		 33 		 9.614507
b1 		 34 		 9.614507
b1 		 35 		 9.614507
b1 		 36 		 9.457625
b1 		 37 		 9.614507
b1 		 38 		 9.614507
b1 		 39 		 9.614507
b1 		 40 		 9.614507
b1 		 41 		 9.614507
b1 		 42 		 9.614507
b1 		 43 		 9.614507
b1 		 44 		 9.614507
b1 		 45 		 9.614507
b1 		 46 		 9.614507
b1 		 47 		 9.614507
b1 		 48 		 9.614507
b1 		 49 		 10.185876
b1 		 50 		 10.185876
b1 		 51 		 10.185876
b1 		 52 		 10.185876
b1 		 53 		 10.185876
b1 		 54 		 10.185876
b1 		 55 		 10.185876
b1 		 56 		 10.185876
b1 		 57 		 11.493892
b1 		 58 		 10.185876
b1 		 59 		 11.493892
b1 		 60 		 10.185876
b1 		 61 		 10.185876
b1 		 62 		 11.493892
b1 		 63 		 10.185876
b1 		 64 		 11.493892
b1 		 65 		 11.493892
b1 		 66 		 11.493892
b1 		 67 		 11.493892
b1 		 68 		 11.493892
b1 		 69 		 11.493892
b1 		 70 		 11.493892
b1 		 71 		 11.493892
b1 		 72 		 11.493892
b1 		 73 		 10.185876
b1 		 74 		 10.185876
b1 		 75 		 10.185876
b1 		 76 		 10.185876
b1 		 77 		 10.185876
b1 		 78 		 10.185876
b1 		 79 		 10.185876
b1 		 80 		 10.185876
b1 		 81 		 10.185876
b1 		 82 		 10.185876
b1 		 83 		 10.185876
b1 		 84 		 10.185876
b1 		 85 		 9.614507
b1 		 86 		 9.614507
b1 		 87 		 9.614507
b1 		 88 		 9.614507
b1 		 89 		 9.614507
b1 		 90 		 9.614507
b1 		 91 		 9.614507
b1 		 92 		 9.614507
b1 		 93 		 9.614507
b1 		 94 		 9.614507
b1 		 95 		 9.614507
b1 		 96 		 9.614507
----------------------------------------------------------------------------------------------------
b2 		 1 		 9.614507
b2 		 2 		 9.614507
b2 		 3 		 9.614507
b2 		 4 		 9.614507
b2 		 5 		 9.408671
b2 		 6 		 9.408671
b2 		 7 		 9.408671
b2 		 8 		 9.408671
b2 		 9 		 9.408671
b2 		 10 		 9.408671
b2 		 11 		 9.408671
b2 		 12 		 9.408671
b2 		 13 		 9.408671
b2 		 14 		 9.408671
b2 		 15 		 9.408671
b2 		 16 		 9.408671
b2 		 17 		 9.408671
b2 		 18 		 9.408671
b2 		 19 		 9.408671
b2 		 20 		 9.408671
b2 		 21 		 9.408671
b2 		 22 		 9.408671
b2 		 23 		 9.408671
b2 		 24 		 9.408671
b2 		 25 		 9.408671
b2 		 26 		 9.408671
b2 		 27 		 9.408671
b2 		 28 		 9.408671
b2 		 29 		 9.614507
b2 		 30 		 9.614507
b2 		 31 		 9.614507
b2 		 32 		 9.614507
b2 		 33 		 9.614507
b2 		 34 		 9.614507
b2 		 35 		 9.614507
b2 		 36 		 9.457625
b2 		 37 		 9.614507
b2 		 38 		 9.614507
b2 		 39 		 9.614507
b2 		 40 		 9.614507
b2 		 41 		 9.614507
b2 		 42 		 9.614507
b2 		 43 		 9.614507
b2 		 44 		 9.614507
b2 		 45 		 9.614507
b2 		 46 		 9.614507
b2 		 47 		 9.614507
b2 		 48 		 9.614507
b2 		 49 		 10.185876
b2 		 50 		 10.185876
b2 		 51 		 10.185876
b2 		 52 		 10.185876
b2 		 53 		 10.185876
b2 		 54 		 10.185876
b2 		 55 		 10.185876
b2 		 56 		 10.185876
b2 		 57 		 11.493892
b2 		 58 		 10.185876
b2 		 59 		 11.493892
b2 		 60 		 10.185876
b2 		 61 		 10.185876
b2 		 62 		 11.493892
b2 		 63 		 10.185876
b2 		 64 		 11.493892
b2 		 65 		 11.493892
b2 		 66 		 11.493892
b2 		 67 		 11.493892
b2 		 68 		 11.493892
b2 		 69 		 11.493892
b2 		 70 		 11.493892
b2 		 71 		 11.493892
b2 		 72 		 11.493892
b2 		 73 		 10.185876
b2 		 74 		 10.185876
b2 		 75 		 10.185876
b2 		 76 		 10.185876
b2 		 77 		 10.185876
b2 		 78 		 10.185876
b2 		 79 		 10.185876
b2 		 80 		 10.185876
b2 		 81 		 10.185876
b2 		 82 		 10.185876
b2 		 83 		 10.185876
b2 		 84 		 10.185876
b2 		 85 		 9.614507
b2 		 86 		 9.614507
b2 		 87 		 9.614507
b2 		 88 		 9.614507
b2 		 89 		 9.614507
b2 		 90 		 9.614507
b2 		 91 		 9.614507
b2 		 92 		 9.614507
b2 		 93 		 9.614507
b2 		 94 		 9.614507
b2 		 95 		 9.614507
b2 		 96 		 9.614507
----------------------------------------------------------------------------------------------------
b3 		 1 		 9.614507
b3 		 2 		 9.614507
b3 		 3 		 9.614507
b3 		 4 		 9.614507
b3 		 5 		 9.408671
b3 		 6 		 9.408671
b3 		 7 		 9.408671
b3 		 8 		 9.408671
b3 		 9 		 9.408671
b3 		 10 		 9.408671
b3 		 11 		 9.408671
b3 		 12 		 9.408671
b3 		 13 		 9.408671
b3 		 14 		 9.408671
b3 		 15 		 9.408671
b3 		 16 		 9.408671
b3 		 17 		 9.408671
b3 		 18 		 9.408671
b3 		 19 		 9.408671
b3 		 20 		 9.408671
b3 		 21 		 9.408671
b3 		 22 		 9.408671
b3 		 23 		 9.408671
b3 		 24 		 9.408671
b3 		 25 		 9.408671
b3 		 26 		 9.408671
b3 		 27 		 9.408671
b3 		 28 		 9.408671
b3 		 29 		 9.614507
b3 		 30 		 9.614507
b3 		 31 		 9.614507
b3 		 32 		 9.614507
b3 		 33 		 9.614507
b3 		 34 		 9.614507
b3 		 35 		 9.614507
b3 		 36 		 9.457625
b3 		 37 		 9.614507
b3 		 38 		 9.614507
b3 		 39 		 9.614507
b3 		 40 		 9.614507
b3 		 41 		 9.614507
b3 		 42 		 9.614507
b3 		 43 		 9.614507
b3 		 44 		 9.614507
b3 		 45 		 9.614507
b3 		 46 		 9.614507
b3 		 47 		 9.614507
b3 		 48 		 9.614507
b3 		 49 		 10.185876
b3 		 50 		 10.185876
b3 		 51 		 10.185876
b3 		 52 		 10.185876
b3 		 53 		 10.185876
b3 		 54 		 10.185876
b3 		 55 		 10.185876
b3 		 56 		 10.185876
b3 		 57 		 11.493892
b3 		 58 		 10.185876
b3 		 59 		 11.493892
b3 		 60 		 10.185876
b3 		 61 		 10.185876
b3 		 62 		 11.493892
b3 		 63 		 10.185876
b3 		 64 		 11.493892
b3 		 65 		 11.493892
b3 		 66 		 11.493892
b3 		 67 		 11.493892
b3 		 68 		 11.493892
b3 		 69 		 11.493892
b3 		 70 		 11.493892
b3 		 71 		 11.493892
b3 		 72 		 11.493892
b3 		 73 		 10.185876
b3 		 74 		 10.185876
b3 		 75 		 10.185876
b3 		 76 		 10.185876
b3 		 77 		 10.185876
b3 		 78 		 10.185876
b3 		 79 		 10.185876
b3 		 80 		 10.185876
b3 		 81 		 10.185876
b3 		 82 		 10.185876
b3 		 83 		 10.185876
b3 		 84 		 10.185876
b3 		 85 		 9.614507
b3 		 86 		 9.614507
b3 		 87 		 9.614507
b3 		 88 		 9.614507
b3 		 89 		 9.614507
b3 		 90 		 9.614507
b3 		 91 		 9.614507
b3 		 92 		 9.614507
b3 		 93 		 9.614507
b3 		 94 		 9.614507
b3 		 95 		 9.614507
b3 		 96 		 9.614507
----------------------------------------------------------------------------------------------------
b4 		 1 		 9.614507
b4 		 2 		 9.614507
b4 		 3 		 9.614507
b4 		 4 		 9.614507
b4 		 5 		 9.408671
b4 		 6 		 9.408671
b4 		 7 		 9.408671
b4 		 8 		 9.408671
b4 		 9 		 9.408671
b4 		 10 		 9.408671
b4 		 11 		 9.408671
b4 		 12 		 9.408671
b4 		 13 		 9.408671
b4 		 14 		 9.408671
b4 		 15 		 9.408671
b4 		 16 		 9.408671
b4 		 17 		 9.408671
b4 		 18 		 9.408671
b4 		 19 		 9.408671
b4 		 20 		 9.408671
b4 		 21 		 9.408671
b4 		 22 		 9.408671
b4 		 23 		 9.408671
b4 		 24 		 9.408671
b4 		 25 		 9.408671
b4 		 26 		 9.408671
b4 		 27 		 9.408671
b4 		 28 		 9.408671
b4 		 29 		 9.614507
b4 		 30 		 9.614507
b4 		 31 		 9.614507
b4 		 32 		 9.614507
b4 		 33 		 9.614507
b4 		 34 		 9.614507
b4 		 35 		 9.614507
b4 		 36 		 9.457625
b4 		 37 		 9.614507
b4 		 38 		 9.614507
b4 		 39 		 9.614507
b4 		 40 		 9.614507
b4 		 41 		 9.614507
b4 		 42 		 9.614507
b4 		 43 		 9.614507
b4 		 44 		 9.614507
b4 		 45 		 9.614507
b4 		 46 		 9.614507
b4 		 47 		 9.614507
b4 		 48 		 9.614507
b4 		 49 		 10.185876
b4 		 50 		 10.185876
b4 		 51 		 10.185876
b4 		 52 		 10.185876
b4 		 53 		 10.185876
b4 		 54 		 10.185876
b4 		 55 		 10.185876
b4 		 56 		 10.185876
b4 		 57 		 11.493892
b4 		 58 		 10.185876
b4 		 59 		 11.493892
b4 		 60 		 10.185876
b4 		 61 		 10.185876
b4 		 62 		 11.493892
b4 		 63 		 10.185876
b4 		 64 		 11.493892
b4 		 65 		 11.493892
b4 		 66 		 11.493892
b4 		 67 		 11.493892
b4 		 68 		 11.493892
b4 		 69 		 11.493892
b4 		 70 		 11.493892
b4 		 71 		 11.493892
b4 		 72 		 11.493892
b4 		 73 		 10.185876
b4 		 74 		 10.185876
b4 		 75 		 10.185876
b4 		 76 		 10.185876
b4 		 77 		 10.185876
b4 		 78 		 10.185876
b4 		 79 		 10.185876
b4 		 80 		 10.185876
b4 		 81 		 10.185876
b4 		 82 		 10.185876
b4 		 83 		 10.185876
b4 		 84 		 10.185876
b4 		 85 		 9.614507
b4 		 86 		 9.614507
b4 		 87 		 9.614507
b4 		 88 		 9.614507
b4 		 89 		 9.614507
b4 		 90 		 9.614507
b4 		 91 		 9.614507
b4 		 92 		 9.614507
b4 		 93 		 9.614507
b4 		 94 		 9.614507
b4 		 95 		 9.614507
b4 		 96 		 9.614507
----------------------------------------------------------------------------------------------------
b5 		 1 		 9.614507
b5 		 2 		 9.614507
b5 		 3 		 9.614507
b5 		 4 		 9.614507
b5 		 5 		 9.408671
b5 		 6 		 9.408671
b5 		 7 		 9.408671
b5 		 8 		 9.408671
b5 		 9 		 9.408671
b5 		 10 		 9.408671
b5 		 11 		 9.408671
b5 		 12 		 9.408671
b5 		 13 		 9.408671
b5 		 14 		 9.408671
b5 		 15 		 9.408671
b5 		 16 		 9.408671
b5 		 17 		 9.408671
b5 		 18 		 9.408671
b5 		 19 		 9.408671
b5 		 20 		 9.408671
b5 		 21 		 9.408671
b5 		 22 		 9.408671
b5 		 23 		 9.408671
b5 		 24 		 9.408671
b5 		 25 		 9.408671
b5 		 26 		 9.408671
b5 		 27 		 9.408671
b5 		 28 		 9.408671
b5 		 29 		 9.614507
b5 		 30 		 9.614507
b5 		 31 		 9.614507
b5 		 32 		 9.614507
b5 		 33 		 9.614507
b5 		 34 		 9.614507
b5 		 35 		 9.614507
b5 		 36 		 9.457625
b5 		 37 		 9.614507
b5 		 38 		 9.614507
b5 		 39 		 9.614507
b5 		 40 		 9.614507
b5 		 41 		 9.614507
b5 		 42 		 9.614507
b5 		 43 		 9.614507
b5 		 44 		 9.614507
b5 		 45 		 9.614507
b5 		 46 		 9.614507
b5 		 47 		 9.614507
b5 		 48 		 9.614507
b5 		 49 		 10.185876
b5 		 50 		 10.185876
b5 		 51 		 10.185876
b5 		 52 		 10.185876
b5 		 53 		 10.185876
b5 		 54 		 10.185876
b5 		 55 		 10.185876
b5 		 56 		 10.185876
b5 		 57 		 11.493892
b5 		 58 		 10.185876
b5 		 59 		 11.493892
b5 		 60 		 10.185876
b5 		 61 		 10.185876
b5 		 62 		 11.493892
b5 		 63 		 10.185876
b5 		 64 		 11.493892
b5 		 65 		 11.493892
b5 		 66 		 11.493892
b5 		 67 		 11.493892
b5 		 68 		 11.493892
b5 		 69 		 11.493892
b5 		 70 		 11.493892
b5 		 71 		 11.493892
b5 		 72 		 11.493892
b5 		 73 		 10.185876
b5 		 74 		 10.185876
b5 		 75 		 10.185876
b5 		 76 		 10.185876
b5 		 77 		 10.185876
b5 		 78 		 10.185876
b5 		 79 		 10.185876
b5 		 80 		 10.185876
b5 		 81 		 10.185876
b5 		 82 		 10.185876
b5 		 83 		 10.185876
b5 		 84 		 10.185876
b5 		 85 		 9.614507
b5 		 86 		 9.614507
b5 		 87 		 9.614507
b5 		 88 		 9.614507
b5 		 89 		 9.614507
b5 		 90 		 9.614507
b5 		 91 		 9.614507
b5 		 92 		 9.614507
b5 		 93 		 9.614507
b5 		 94 		 9.614507
b5 		 95 		 9.614507
b5 		 96 		 9.614507
----------------------------------------------------------------------------------------------------
b6 		 1 		 9.614507
b6 		 2 		 9.614507
b6 		 3 		 9.614507
b6 		 4 		 9.614507
b6 		 5 		 9.408671
b6 		 6 		 9.408671
b6 		 7 		 9.408671
b6 		 8 		 9.408671
b6 		 9 		 9.408671
b6 		 10 		 9.408671
b6 		 11 		 9.408671
b6 		 12 		 9.408671
b6 		 13 		 9.408671
b6 		 14 		 9.408671
b6 		 15 		 9.408671
b6 		 16 		 9.408671
b6 		 17 		 9.408671
b6 		 18 		 9.408671
b6 		 19 		 9.408671
b6 		 20 		 9.408671
b6 		 21 		 9.408671
b6 		 22 		 9.408671
b6 		 23 		 9.408671
b6 		 24 		 9.408671
b6 		 25 		 9.408671
b6 		 26 		 9.408671
b6 		 27 		 9.408671
b6 		 28 		 9.408671
b6 		 29 		 9.614507
b6 		 30 		 9.614507
b6 		 31 		 9.614507
b6 		 32 		 9.614507
b6 		 33 		 9.614507
b6 		 34 		 9.614507
b6 		 35 		 9.614507
b6 		 36 		 9.457625
b6 		 37 		 9.614507
b6 		 38 		 9.614507
b6 		 39 		 9.614507
b6 		 40 		 9.614507
b6 		 41 		 9.614507
b6 		 42 		 9.614507
b6 		 43 		 9.614507
b6 		 44 		 9.614507
b6 		 45 		 9.614507
b6 		 46 		 9.614507
b6 		 47 		 9.614507
b6 		 48 		 9.614507
b6 		 49 		 10.185876
b6 		 50 		 10.185876
b6 		 51 		 10.185876
b6 		 52 		 10.185876
b6 		 53 		 10.185876
b6 		 54 		 10.185876
b6 		 55 		 10.185876
b6 		 56 		 10.185876
b6 		 57 		 11.493892
b6 		 58 		 10.185876
b6 		 59 		 11.493892
b6 		 60 		 10.185876
b6 		 61 		 10.185876
b6 		 62 		 11.493892
b6 		 63 		 10.185876
b6 		 64 		 11.493892
b6 		 65 		 11.493892
b6 		 66 		 11.493892
b6 		 67 		 11.493892
b6 		 68 		 11.493892
b6 		 69 		 11.493892
b6 		 70 		 11.493892
b6 		 71 		 11.493892
b6 		 72 		 11.493892
b6 		 73 		 10.185876
b6 		 74 		 10.185876
b6 		 75 		 10.185876
b6 		 76 		 10.185876
b6 		 77 		 10.185876
b6 		 78 		 10.185876
b6 		 79 		 10.185876
b6 		 80 		 10.185876
b6 		 81 		 10.185876
b6 		 82 		 10.185876
b6 		 83 		 10.185876
b6 		 84 		 10.185876
b6 		 85 		 9.614507
b6 		 86 		 9.614507
b6 		 87 		 9.614507
b6 		 88 		 9.614507
b6 		 89 		 9.614507
b6 		 90 		 9.614507
b6 		 91 		 9.614507
b6 		 92 		 9.614507
b6 		 93 		 9.614507
b6 		 94 		 9.614507
b6 		 95 		 9.614507
b6 		 96 		 9.614507
----------------------------------------------------------------------------------------------------
b7 		 1 		 9.614507
b7 		 2 		 9.614507
b7 		 3 		 9.614507
b7 		 4 		 9.614507
b7 		 5 		 9.408671
b7 		 6 		 9.408671
b7 		 7 		 9.408671
b7 		 8 		 9.408671
b7 		 9 		 9.408671
b7 		 10 		 9.408671
b7 		 11 		 9.408671
b7 		 12 		 9.408671
b7 		 13 		 9.408671
b7 		 14 		 9.408671
b7 		 15 		 9.408671
b7 		 16 		 9.408671
b7 		 17 		 9.408671
b7 		 18 		 9.408671
b7 		 19 		 9.408671
b7 		 20 		 9.408671
b7 		 21 		 9.408671
b7 		 22 		 9.408671
b7 		 23 		 9.408671
b7 		 24 		 9.408671
b7 		 25 		 9.408671
b7 		 26 		 9.408671
b7 		 27 		 9.408671
b7 		 28 		 9.408671
b7 		 29 		 9.614507
b7 		 30 		 9.614507
b7 		 31 		 9.614507
b7 		 32 		 9.614507
b7 		 33 		 9.614507
b7 		 34 		 9.614507
b7 		 35 		 9.614507
b7 		 36 		 9.457625
b7 		 37 		 9.614507
b7 		 38 		 9.614507
b7 		 39 		 9.614507
b7 		 40 		 9.614507
b7 		 41 		 9.614507
b7 		 42 		 9.614507
b7 		 43 		 9.614507
b7 		 44 		 9.614507
b7 		 45 		 9.614507
b7 		 46 		 9.614507
b7 		 47 		 9.614507
b7 		 48 		 9.614507
b7 		 49 		 10.185876
b7 		 50 		 10.185876
b7 		 51 		 10.185876
b7 		 52 		 10.185876
b7 		 53 		 10.185876
b7 		 54 		 10.185876
b7 		 55 		 10.185876
b7 		 56 		 10.185876
b7 		 57 		 11.493892
b7 		 58 		 10.185876
b7 		 59 		 11.493892
b7 		 60 		 10.185876
b7 		 61 		 10.185876
b7 		 62 		 11.493892
b7 		 63 		 10.185876
b7 		 64 		 11.493892
b7 		 65 		 11.493892
b7 		 66 		 11.493892
b7 		 67 		 11.493892
b7 		 68 		 11.493892
b7 		 69 		 11.493892
b7 		 70 		 11.493892
b7 		 71 		 11.493892
b7 		 72 		 11.493892
b7 		 73 		 10.185876
b7 		 74 		 10.185876
b7 		 75 		 10.185876
b7 		 76 		 10.185876
b7 		 77 		 10.185876
b7 		 78 		 10.185876
b7 		 79 		 10.185876
b7 		 80 		 10.185876
b7 		 81 		 10.185876
b7 		 82 		 10.185876
b7 		 83 		 10.185876
b7 		 84 		 10.185876
b7 		 85 		 9.614507
b7 		 86 		 9.614507
b7 		 87 		 9.614507
b7 		 88 		 9.614507
b7 		 89 		 9.614507
b7 		 90 		 9.614507
b7 		 91 		 9.614507
b7 		 92 		 9.614507
b7 		 93 		 9.614507
b7 		 94 		 9.614507
b7 		 95 		 9.614507
b7 		 96 		 9.614507
----------------------------------------------------------------------------------------------------
b8 		 1 		 9.614507
b8 		 2 		 9.614507
b8 		 3 		 9.614507
b8 		 4 		 9.614507
b8 		 5 		 9.408671
b8 		 6 		 9.408671
b8 		 7 		 9.408671
b8 		 8 		 9.408671
b8 		 9 		 9.408671
b8 		 10 		 9.408671
b8 		 11 		 9.408671
b8 		 12 		 9.408671
b8 		 13 		 9.408671
b8 		 14 		 9.408671
b8 		 15 		 9.408671
b8 		 16 		 9.408671
b8 		 17 		 9.408671
b8 		 18 		 9.408671
b8 		 19 		 9.408671
b8 		 20 		 9.408671
b8 		 21 		 9.408671
b8 		 22 		 9.408671
b8 		 23 		 9.408671
b8 		 24 		 9.408671
b8 		 25 		 9.408671
b8 		 26 		 9.408671
b8 		 27 		 9.408671
b8 		 28 		 9.408671
b8 		 29 		 9.614507
b8 		 30 		 9.614507
b8 		 31 		 9.614507
b8 		 32 		 9.614507
b8 		 33 		 9.614507
b8 		 34 		 9.614507
b8 		 35 		 9.614507
b8 		 36 		 9.457625
b8 		 37 		 9.614507
b8 		 38 		 9.614507
b8 		 39 		 9.614507
b8 		 40 		 9.614507
b8 		 41 		 9.614507
b8 		 42 		 9.614507
b8 		 43 		 9.614507
b8 		 44 		 9.614507
b8 		 45 		 9.614507
b8 		 46 		 9.614507
b8 		 47 		 9.614507
b8 		 48 		 9.614507
b8 		 49 		 10.185876
b8 		 50 		 10.185876
b8 		 51 		 10.185876
b8 		 52 		 10.185876
b8 		 53 		 10.185876
b8 		 54 		 10.185876
b8 		 55 		 10.185876
b8 		 56 		 10.185876
b8 		 57 		 11.493892
b8 		 58 		 10.185876
b8 		 59 		 11.493892
b8 		 60 		 10.185876
b8 		 61 		 10.185876
b8 		 62 		 11.493892
b8 		 63 		 10.185876
b8 		 64 		 11.493892
b8 		 65 		 11.493892
b8 		 66 		 11.493892
b8 		 67 		 11.493892
b8 		 68 		 11.493892
b8 		 69 		 11.493892
b8 		 70 		 11.493892
b8 		 71 		 11.493892
b8 		 72 		 11.493892
b8 		 73 		 10.185876
b8 		 74 		 10.185876
b8 		 75 		 10.185876
b8 		 76 		 10.185876
b8 		 77 		 10.185876
b8 		 78 		 10.185876
b8 		 79 		 10.185876
b8 		 80 		 10.185876
b8 		 81 		 10.185876
b8 		 82 		 10.185876
b8 		 83 		 10.185876
b8 		 84 		 10.185876
b8 		 85 		 9.614507
b8 		 86 		 9.614507
b8 		 87 		 9.614507
b8 		 88 		 9.614507
b8 		 89 		 9.614507
b8 		 90 		 9.614507
b8 		 91 		 9.614507
b8 		 92 		 9.614507
b8 		 93 		 9.614507
b8 		 94 		 9.614507
b8 		 95 		 9.614507
b8 		 96 		 9.614507
----------------------------------------------------------------------------------------------------
b9 		 1 		 9.614507
b9 		 2 		 9.614507
b9 		 3 		 9.614507
b9 		 4 		 9.614507
b9 		 5 		 9.408671
b9 		 6 		 9.408671
b9 		 7 		 9.408671
b9 		 8 		 9.408671
b9 		 9 		 9.408671
b9 		 10 		 9.408671
b9 		 11 		 9.408671
b9 		 12 		 9.408671
b9 		 13 		 9.408671
b9 		 14 		 9.408671
b9 		 15 		 9.408671
b9 		 16 		 9.408671
b9 		 17 		 9.408671
b9 		 18 		 9.408671
b9 		 19 		 9.408671
b9 		 20 		 9.408671
b9 		 21 		 9.408671
b9 		 22 		 9.408671
b9 		 23 		 9.408671
b9 		 24 		 9.408671
b9 		 25 		 9.408671
b9 		 26 		 9.408671
b9 		 27 		 9.408671
b9 		 28 		 9.408671
b9 		 29 		 9.614507
b9 		 30 		 9.614507
b9 		 31 		 9.614507
b9 		 32 		 9.614507
b9 		 33 		 9.614507
b9 		 34 		 9.614507
b9 		 35 		 9.614507
b9 		 36 		 9.457625
b9 		 37 		 9.614507
b9 		 38 		 9.614507
b9 		 39 		 9.614507
b9 		 40 		 9.614507
b9 		 41 		 9.614507
b9 		 42 		 9.614507
b9 		 43 		 9.614507
b9 		 44 		 9.614507
b9 		 45 		 9.614507
b9 		 46 		 9.614507
b9 		 47 		 9.614507
b9 		 48 		 9.614507
b9 		 49 		 10.185876
b9 		 50 		 10.185876
b9 		 51 		 10.185876
b9 		 52 		 10.185876
b9 		 53 		 10.185876
b9 		 54 		 10.185876
b9 		 55 		 10.185876
b9 		 56 		 10.185876
b9 		 57 		 11.493892
b9 		 58 		 10.185876
b9 		 59 		 11.493892
b9 		 60 		 10.185876
b9 		 61 		 10.185876
b9 		 62 		 11.493892
b9 		 63 		 10.185876
b9 		 64 		 11.493892
b9 		 65 		 11.493892
b9 		 66 		 11.493892
b9 		 67 		 11.493892
b9 		 68 		 11.493892
b9 		 69 		 11.493892
b9 		 70 		 11.493892
b9 		 71 		 11.493892
b9 		 72 		 11.493892
b9 		 73 		 10.185876
b9 		 74 		 10.185876
b9 		 75 		 10.185876
b9 		 76 		 10.185876
b9 		 77 		 10.185876
b9 		 78 		 10.185876
b9 		 79 		 10.185876
b9 		 80 		 10.185876
b9 		 81 		 10.185876
b9 		 82 		 10.185876
b9 		 83 		 10.185876
b9 		 84 		 10.185876
b9 		 85 		 9.614507
b9 		 86 		 9.614507
b9 		 87 		 9.614507
b9 		 88 		 9.614507
b9 		 89 		 9.614507
b9 		 90 		 9.614507
b9 		 91 		 9.614507
b9 		 92 		 9.614507
b9 		 93 		 9.614507
b9 		 94 		 9.614507
b9 		 95 		 9.614507
b9 		 96 		 9.614507
----------------------------------------------------------------------------------------------------
b10 		 1 		 9.614507
b10 		 2 		 9.614507
b10 		 3 		 9.614507
b10 		 4 		 9.614507
b10 		 5 		 9.408671
b10 		 6 		 9.408671
b10 		 7 		 9.408671
b10 		 8 		 9.408671
b10 		 9 		 9.408671
b10 		 10 		 9.408671
b10 		 11 		 9.408671
b10 		 12 		 9.408671
b10 		 13 		 9.408671
b10 		 14 		 9.408671
b10 		 15 		 9.408671
b10 		 16 		 9.408671
b10 		 17 		 9.408671
b10 		 18 		 9.408671
b10 		 19 		 9.408671
b10 		 20 		 9.408671
b10 		 21 		 9.408671
b10 		 22 		 9.408671
b10 		 23 		 9.408671
b10 		 24 		 9.408671
b10 		 25 		 9.408671
b10 		 26 		 9.408671
b10 		 27 		 9.408671
b10 		 28 		 9.408671
b10 		 29 		 9.614507
b10 		 30 		 9.614507
b10 		 31 		 9.614507
b10 		 32 		 9.614507
b10 		 33 		 9.614507
b10 		 34 		 9.614507
b10 		 35 		 9.614507
b10 		 36 		 9.457625
b10 		 37 		 9.614507
b10 		 38 		 9.614507
b10 		 39 		 9.614507
b10 		 40 		 9.614507
b10 		 41 		 9.614507
b10 		 42 		 9.614507
b10 		 43 		 9.614507
b10 		 44 		 9.614507
b10 		 45 		 9.614507
b10 		 46 		 9.614507
b10 		 47 		 9.614507
b10 		 48 		 9.614507
b10 		 49 		 10.185876
b10 		 50 		 10.185876
b10 		 51 		 10.185876
b10 		 52 		 10.185876
b10 		 53 		 10.185876
b10 		 54 		 10.185876
b10 		 55 		 10.185876
b10 		 56 		 10.185876
b10 		 57 		 11.493892
b10 		 58 		 10.185876
b10 		 59 		 11.493892
b10 		 60 		 10.185876
b10 		 61 		 10.185876
b10 		 62 		 11.493892
b10 		 63 		 10.185876
b10 		 64 		 11.493892
b10 		 65 		 11.493892
b10 		 66 		 11.493892
b10 		 67 		 11.493892
b10 		 68 		 11.493892
b10 		 69 		 11.493892
b10 		 70 		 11.493892
b10 		 71 		 11.493892
b10 		 72 		 11.493892
b10 		 73 		 10.185876
b10 		 74 		 10.185876
b10 		 75 		 10.185876
b10 		 76 		 10.185876
b10 		 77 		 10.185876
b10 		 78 		 10.185876
b10 		 79 		 10.185876
b10 		 80 		 10.185876
b10 		 81 		 10.185876
b10 		 82 		 10.185876
b10 		 83 		 10.185876
b10 		 84 		 10.185876
b10 		 85 		 9.614507
b10 		 86 		 9.614507
b10 		 87 		 9.614507
b10 		 88 		 9.614507
b10 		 89 		 9.614507
b10 		 90 		 9.614507
b10 		 91 		 9.614507
b10 		 92 		 9.614507
b10 		 93 		 9.614507
b10 		 94 		 9.614507
b10 		 95 		 9.614507
b10 		 96 		 9.614507
----------------------------------------------------------------------------------------------------
b11 		 1 		 9.614507
b11 		 2 		 9.614507
b11 		 3 		 9.614507
b11 		 4 		 9.614507
b11 		 5 		 9.408671
b11 		 6 		 9.408671
b11 		 7 		 9.408671
b11 		 8 		 9.408671
b11 		 9 		 9.408671
b11 		 10 		 9.408671
b11 		 11 		 9.408671
b11 		 12 		 9.408671
b11 		 13 		 9.408671
b11 		 14 		 9.408671
b11 		 15 		 9.408671
b11 		 16 		 9.408671
b11 		 17 		 9.408671
b11 		 18 		 9.408671
b11 		 19 		 9.408671
b11 		 20 		 9.408671
b11 		 21 		 9.408671
b11 		 22 		 9.408671
b11 		 23 		 9.408671
b11 		 24 		 9.408671
b11 		 25 		 9.408671
b11 		 26 		 9.408671
b11 		 27 		 9.408671
b11 		 28 		 9.408671
b11 		 29 		 9.614507
b11 		 30 		 9.614507
b11 		 31 		 9.614507
b11 		 32 		 9.614507
b11 		 33 		 9.614507
b11 		 34 		 9.614507
b11 		 35 		 9.614507
b11 		 36 		 9.457625
b11 		 37 		 9.614507
b11 		 38 		 9.614507
b11 		 39 		 9.614507
b11 		 40 		 9.614507
b11 		 41 		 9.614507
b11 		 42 		 9.614507
b11 		 43 		 9.614507
b11 		 44 		 9.614507
b11 		 45 		 9.614507
b11 		 46 		 9.614507
b11 		 47 		 9.614507
b11 		 48 		 9.614507
b11 		 49 		 10.185876
b11 		 50 		 10.185876
b11 		 51 		 10.185876
b11 		 52 		 10.185876
b11 		 53 		 10.185876
b11 		 54 		 10.185876
b11 		 55 		 10.185876
b11 		 56 		 10.185876
b11 		 57 		 11.493892
b11 		 58 		 10.185876
b11 		 59 		 11.493892
b11 		 60 		 10.185876
b11 		 61 		 10.185876
b11 		 62 		 11.493892
b11 		 63 		 10.185876
b11 		 64 		 11.493892
b11 		 65 		 11.493892
b11 		 66 		 11.493892
b11 		 67 		 11.493892
b11 		 68 		 11.493892
b11 		 69 		 11.493892
b11 		 70 		 11.493892
b11 		 71 		 11.493892
b11 		 72 		 11.493892
b11 		 73 		 10.185876
b11 		 74 		 10.185876
b11 		 75 		 10.185876
b11 		 76 		 10.185876
b11 		 77 		 10.185876
b11 		 78 		 10.185876
b11 		 79 		 10.185876
b11 		 80 		 10.185876
b11 		 81 		 10.185876
b11 		 82 		 10.185876
b11 		 83 		 10.185876
b11 		 84 		 10.185876
b11 		 85 		 9.614507
b11 		 86 		 9.614507
b11 		 87 		 9.614507
b11 		 88 		 9.614507
b11 		 89 		 9.614507
b11 		 90 		 9.614507
b11 		 91 		 9.614507
b11 		 92 		 9.614507
b11 		 93 		 9.614507
b11 		 94 		 9.614507
b11 		 95 		 9.614507
b11 		 96 		 9.614507
----------------------------------------------------------------------------------------------------
b12 		 1 		 9.614507
b12 		 2 		 9.614507
b12 		 3 		 9.614507
b12 		 4 		 9.614507
b12 		 5 		 9.408671
b12 		 6 		 9.408671
b12 		 7 		 9.408671
b12 		 8 		 9.408671
b12 		 9 		 9.408671
b12 		 10 		 9.408671
b12 		 11 		 9.408671
b12 		 12 		 9.408671
b12 		 13 		 9.408671
b12 		 14 		 9.408671
b12 		 15 		 9.408671
b12 		 16 		 9.408671
b12 		 17 		 9.408671
b12 		 18 		 9.408671
b12 		 19 		 9.408671
b12 		 20 		 9.408671
b12 		 21 		 9.408671
b12 		 22 		 9.408671
b12 		 23 		 9.408671
b12 		 24 		 9.408671
b12 		 25 		 9.408671
b12 		 26 		 9.408671
b12 		 27 		 9.408671
b12 		 28 		 9.408671
b12 		 29 		 9.614507
b12 		 30 		 9.614507
b12 		 31 		 9.614507
b12 		 32 		 9.614507
b12 		 33 		 9.614507
b12 		 34 		 9.614507
b12 		 35 		 9.614507
b12 		 36 		 9.457625
b12 		 37 		 9.614507
b12 		 38 		 9.614507
b12 		 39 		 9.614507
b12 		 40 		 9.614507
b12 		 41 		 9.614507
b12 		 42 		 9.614507
b12 		 43 		 9.614507
b12 		 44 		 9.614507
b12 		 45 		 9.614507
b12 		 46 		 9.614507
b12 		 47 		 9.614507
b12 		 48 		 9.614507
b12 		 49 		 10.185876
b12 		 50 		 10.185876
b12 		 51 		 10.185876
b12 		 52 		 10.185876
b12 		 53 		 10.185876
b12 		 54 		 10.185876
b12 		 55 		 10.185876
b12 		 56 		 10.185876
b12 		 57 		 11.493892
b12 		 58 		 10.185876
b12 		 59 		 11.493892
b12 		 60 		 10.185876
b12 		 61 		 10.185876
b12 		 62 		 11.493892
b12 		 63 		 10.185876
b12 		 64 		 11.493892
b12 		 65 		 11.493892
b12 		 66 		 11.493892
b12 		 67 		 11.493892
b12 		 68 		 11.493892
b12 		 69 		 11.493892
b12 		 70 		 11.493892
b12 		 71 		 11.493892
b12 		 72 		 11.493892
b12 		 73 		 10.185876
b12 		 74 		 10.185876
b12 		 75 		 10.185876
b12 		 76 		 10.185876
b12 		 77 		 10.185876
b12 		 78 		 10.185876
b12 		 79 		 10.185876
b12 		 80 		 10.185876
b12 		 81 		 10.185876
b12 		 82 		 10.185876
b12 		 83 		 10.185876
b12 		 84 		 10.185876
b12 		 85 		 9.614507
b12 		 86 		 9.614507
b12 		 87 		 9.614507
b12 		 88 		 9.614507
b12 		 89 		 9.614507
b12 		 90 		 9.614507
b12 		 91 		 9.614507
b12 		 92 		 9.614507
b12 		 93 		 9.614507
b12 		 94 		 9.614507
b12 		 95 		 9.614507
b12 		 96 		 9.614507
----------------------------------------------------------------------------------------------------
b13 		 1 		 9.614507
b13 		 2 		 9.614507
b13 		 3 		 9.614507
b13 		 4 		 9.614507
b13 		 5 		 9.408671
b13 		 6 		 9.408671
b13 		 7 		 9.408671
b13 		 8 		 9.408671
b13 		 9 		 9.408671
b13 		 10 		 9.408671
b13 		 11 		 9.408671
b13 		 12 		 9.408671
b13 		 13 		 9.408671
b13 		 14 		 9.408671
b13 		 15 		 9.408671
b13 		 16 		 9.408671
b13 		 17 		 9.408671
b13 		 18 		 9.408671
b13 		 19 		 9.408671
b13 		 20 		 9.408671
b13 		 21 		 9.408671
b13 		 22 		 9.408671
b13 		 23 		 9.408671
b13 		 24 		 9.408671
b13 		 25 		 9.408671
b13 		 26 		 9.408671
b13 		 27 		 9.408671
b13 		 28 		 9.408671
b13 		 29 		 9.614507
b13 		 30 		 9.614507
b13 		 31 		 9.614507
b13 		 32 		 9.614507
b13 		 33 		 9.614507
b13 		 34 		 9.614507
b13 		 35 		 9.614507
b13 		 36 		 9.457625
b13 		 37 		 9.614507
b13 		 38 		 9.614507
b13 		 39 		 9.614507
b13 		 40 		 9.614507
b13 		 41 		 9.614507
b13 		 42 		 9.614507
b13 		 43 		 9.614507
b13 		 44 		 9.614507
b13 		 45 		 9.614507
b13 		 46 		 9.614507
b13 		 47 		 9.614507
b13 		 48 		 9.614507
b13 		 49 		 10.185876
b13 		 50 		 10.185876
b13 		 51 		 10.185876
b13 		 52 		 10.185876
b13 		 53 		 10.185876
b13 		 54 		 10.185876
b13 		 55 		 10.185876
b13 		 56 		 10.185876
b13 		 57 		 11.493892
b13 		 58 		 10.185876
b13 		 59 		 11.493892
b13 		 60 		 10.185876
b13 		 61 		 10.185876
b13 		 62 		 11.493892
b13 		 63 		 10.185876
b13 		 64 		 11.493892
b13 		 65 		 11.493892
b13 		 66 		 11.493892
b13 		 67 		 11.493892
b13 		 68 		 11.493892
b13 		 69 		 11.493892
b13 		 70 		 11.493892
b13 		 71 		 11.493892
b13 		 72 		 11.493892
b13 		 73 		 10.185876
b13 		 74 		 10.185876
b13 		 75 		 10.185876
b13 		 76 		 10.185876
b13 		 77 		 10.185876
b13 		 78 		 10.185876
b13 		 79 		 10.185876
b13 		 80 		 10.185876
b13 		 81 		 10.185876
b13 		 82 		 10.185876
b13 		 83 		 10.185876
b13 		 84 		 10.185876
b13 		 85 		 9.614507
b13 		 86 		 9.614507
b13 		 87 		 9.614507
b13 		 88 		 9.614507
b13 		 89 		 9.614507
b13 		 90 		 9.614507
b13 		 91 		 9.614507
b13 		 92 		 9.614507
b13 		 93 		 9.614507
b13 		 94 		 9.614507
b13 		 95 		 9.614507
b13 		 96 		 9.614507
----------------------------------------------------------------------------------------------------
b14 		 1 		 9.614507
b14 		 2 		 9.614507
b14 		 3 		 9.614507
b14 		 4 		 9.614507
b14 		 5 		 9.408671
b14 		 6 		 9.408671
b14 		 7 		 9.408671
b14 		 8 		 9.408671
b14 		 9 		 9.408671
b14 		 10 		 9.408671
b14 		 11 		 9.408671
b14 		 12 		 9.408671
b14 		 13 		 9.408671
b14 		 14 		 9.408671
b14 		 15 		 9.408671
b14 		 16 		 9.408671
b14 		 17 		 9.408671
b14 		 18 		 9.408671
b14 		 19 		 9.408671
b14 		 20 		 9.408671
b14 		 21 		 9.408671
b14 		 22 		 9.408671
b14 		 23 		 9.408671
b14 		 24 		 9.408671
b14 		 25 		 9.408671
b14 		 26 		 9.408671
b14 		 27 		 9.408671
b14 		 28 		 9.408671
b14 		 29 		 9.614507
b14 		 30 		 9.614507
b14 		 31 		 9.614507
b14 		 32 		 9.614507
b14 		 33 		 9.614507
b14 		 34 		 9.614507
b14 		 35 		 9.614507
b14 		 36 		 9.457625
b14 		 37 		 9.614507
b14 		 38 		 9.614507
b14 		 39 		 9.614507
b14 		 40 		 9.614507
b14 		 41 		 9.614507
b14 		 42 		 9.614507
b14 		 43 		 9.614507
b14 		 44 		 9.614507
b14 		 45 		 9.614507
b14 		 46 		 9.614507
b14 		 47 		 9.614507
b14 		 48 		 9.614507
b14 		 49 		 10.185876
b14 		 50 		 10.185876
b14 		 51 		 10.185876
b14 		 52 		 10.185876
b14 		 53 		 10.185876
b14 		 54 		 10.185876
b14 		 55 		 10.185876
b14 		 56 		 10.185876
b14 		 57 		 11.493892
b14 		 58 		 10.185876
b14 		 59 		 11.493892
b14 		 60 		 10.185876
b14 		 61 		 10.185876
b14 		 62 		 11.493892
b14 		 63 		 10.185876
b14 		 64 		 11.493892
b14 		 65 		 11.493892
b14 		 66 		 11.493892
b14 		 67 		 11.493892
b14 		 68 		 11.493892
b14 		 69 		 11.493892
b14 		 70 		 11.493892
b14 		 71 		 11.493892
b14 		 72 		 11.493892
b14 		 73 		 10.185876
b14 		 74 		 10.185876
b14 		 75 		 10.185876
b14 		 76 		 10.185876
b14 		 77 		 10.185876
b14 		 78 		 10.185876
b14 		 79 		 10.185876
b14 		 80 		 10.185876
b14 		 81 		 10.185876
b14 		 82 		 10.185876
b14 		 83 		 10.185876
b14 		 84 		 10.185876
b14 		 85 		 9.614507
b14 		 86 		 9.614507
b14 		 87 		 9.614507
b14 		 88 		 9.614507
b14 		 89 		 9.614507
b14 		 90 		 9.614507
b14 		 91 		 9.614507
b14 		 92 		 9.614507
b14 		 93 		 9.614507
b14 		 94 		 9.614507
b14 		 95 		 9.614507
b14 		 96 		 9.614507
----------------------------------------------------------------------------------------------------
Total overall payments
----------------------------------------------------------------------------------------------------------------------------------------------------
total generation payment 	 total up-FRP payment 	 total dw-FRP payment 	 total pre-up t. payment 	 uplift payment 	 total post-up t. payment 	 profit
----------------------------------------------------------------------------------------------------------------------------------------------------
342600.86054200004 			 574.159054 			 0.0 			 343175.019596			 33969.310421 			 377144.33001700003 			 37353.35462399997
