****************************************************************************************************
 
Generation payment
----------------------------------------------------------------------------------------------------------------
unit	 time 	 generation payment 	 up-FRP payment 	 dw-FRP payment 	pre-up total payment
----------------------------------------------------------------------------------------------------------------
g1	 1 	 92.545822 			 0.0 			 0.0			 92.545822 
g1	 2 	 236.425131 			 0.0 			 0.0			 236.425131 
g1	 3 	 -13440.69328 			 0.0 			 0.0			 -13440.69328 
g1	 4 	 129479.0975 			 0.0 			 0.0			 129479.0975 
g1	 5 	 276.613339 			 0.0 			 0.0			 276.613339 
g1	 6 	 450.822464 			 0.0 			 0.0			 450.822464 
g1	 7 	 -21667.99 			 0.0 			 0.0			 -21667.99 
g1	 8 	 -163463.337788 			 0.0 			 0.0			 -163463.337788 
g1	 9 	 -69.741793 			 0.0 			 0.0			 -69.741793 
g1	 10 	 -84.328403 			 0.0 			 0.0			 -84.328403 
g1	 11 	 114.213176 			 0.0 			 0.0			 114.213176 
g1	 12 	 726.922284 			 0.0 			 0.0			 726.922284 
g1	 13 	 168.694044 			 0.0 			 0.0			 168.694044 
g1	 14 	 10.987587 			 0.0 			 0.0			 10.987587 
g1	 15 	 132.638034 			 0.0 			 0.0			 132.638034 
g1	 16 	 -1.691898 			 0.0 			 0.0			 -1.691898 
g1	 17 	 139071.045 			 0.0 			 0.0			 139071.045 
g1	 18 	 -14.25746 			 0.0 			 0.0			 -14.25746 
g1	 19 	 103252.2275 			 0.0 			 0.0			 103252.2275 
g1	 20 	 -39473.405355 			 0.0 			 0.0			 -39473.405355 
g1	 21 	 100.099105 			 0.0 			 0.0			 100.099105 
g1	 22 	 328.620312 			 0.0 			 0.0			 328.620312 
g1	 23 	 184.756859 			 0.0 			 0.0			 184.756859 
g1	 24 	 238.351528 			 0.0 			 0.0			 238.351528 
g1	 25 	 -263.691337 			 0.0 			 0.0			 -263.691337 
g1	 26 	 263.381833 			 0.0 			 0.0			 263.381833 
g1	 27 	 25.607599 			 0.0 			 0.0			 25.607599 
g1	 28 	 201.959899 			 0.0 			 0.0			 201.959899 
g1	 29 	 159.844266 			 0.0 			 0.0			 159.844266 
g1	 30 	 159.844266 			 0.0 			 0.0			 159.844266 
g1	 31 	 419.577268 			 0.0 			 0.0			 419.577268 
g1	 32 	 396.187528 			 0.0 			 0.0			 396.187528 
g1	 33 	 246.351128 			 0.0 			 0.0			 246.351128 
g1	 34 	 -172.44757 			 0.0 			 0.0			 -172.44757 
g1	 35 	 -75.011542 			 0.0 			 0.0			 -75.011542 
g1	 36 	 356.533138 			 0.0 			 0.0			 356.533138 
g1	 37 	 557.324947 			 0.0 			 0.0			 557.324947 
g1	 38 	 -1991.76 			 0.0 			 0.0			 -1991.76 
g1	 39 	 -288387.703096 			 0.0 			 0.0			 -288387.703096 
g1	 40 	 -1991.76 			 0.0 			 0.0			 -1991.76 
g1	 41 	 168.758461 			 0.0 			 0.0			 168.758461 
g1	 42 	 -57.747786 			 0.0 			 0.0			 -57.747786 
g1	 43 	 172.260372 			 0.0 			 0.0			 172.260372 
g1	 44 	 112.208671 			 0.0 			 0.0			 112.208671 
g1	 45 	 -257.535347 			 0.0 			 0.0			 -257.535347 
g1	 46 	 119.101273 			 0.0 			 0.0			 119.101273 
g1	 47 	 -257.535347 			 0.0 			 0.0			 -257.535347 
g1	 48 	 -17206.202398 			 0.0 			 0.0			 -17206.202398 
g1	 49 	 82927.605 			 0.0 			 0.0			 82927.605 
g1	 50 	 82927.605 			 0.0 			 0.0			 82927.605 
g1	 51 	 -59607.679333 			 0.0 			 0.0			 -59607.679333 
g1	 52 	 82927.605 			 0.0 			 0.0			 82927.605 
g1	 53 	 -92428.86778 			 0.0 			 0.0			 -92428.86778 
g1	 54 	 -878.681536 			 0.0 			 0.0			 -878.681536 
g1	 55 	 -405.814717 			 0.0 			 0.0			 -405.814717 
g1	 56 	 -285.861483 			 0.0 			 0.0			 -285.861483 
g1	 57 	 -99937.205547 			 0.0 			 0.0			 -99937.205547 
g1	 58 	 42252.75 			 0.0 			 0.0			 42252.75 
g1	 59 	 172.152509 			 0.0 			 0.0			 172.152509 
g1	 60 	 200.487051 			 0.0 			 0.0			 200.487051 
g1	 61 	 -197.717472 			 0.0 			 0.0			 -197.717472 
g1	 62 	 55.280367 			 0.0 			 0.0			 55.280367 
g1	 63 	 -99980.442123 			 0.0 			 0.0			 -99980.442123 
g1	 64 	 42252.75 			 0.0 			 0.0			 42252.75 
g1	 65 	 -39.486905 			 0.0 			 0.0			 -39.486905 
g1	 66 	 -6.825435 			 0.0 			 0.0			 -6.825435 
g1	 67 	 -99980.442123 			 0.0 			 0.0			 -99980.442123 
g1	 68 	 42252.75 			 0.0 			 0.0			 42252.75 
g1	 69 	 42252.75 			 0.0 			 0.0			 42252.75 
g1	 70 	 -200342.110666 			 0.0 			 0.0			 -200342.110666 
g1	 71 	 42252.75 			 0.0 			 0.0			 42252.75 
g1	 72 	 -82.620266 			 0.0 			 0.0			 -82.620266 
g1	 73 	 -239.845145 			 0.0 			 0.0			 -239.845145 
g1	 74 	 -112865.198907 			 0.0 			 0.0			 -112865.198907 
g1	 75 	 29284.9575 			 0.0 			 0.0			 29284.9575 
g1	 76 	 233.358546 			 0.0 			 0.0			 233.358546 
g1	 77 	 185.373637 			 0.0 			 0.0			 185.373637 
g1	 78 	 -244.945507 			 0.0 			 0.0			 -244.945507 
g1	 79 	 291.110831 			 0.0 			 0.0			 291.110831 
g1	 80 	 -46.830946 			 0.0 			 0.0			 -46.830946 
g1	 81 	 87805.855 			 0.0 			 0.0			 87805.855 
g1	 82 	 -54785.26609 			 0.0 			 0.0			 -54785.26609 
g1	 83 	 -358.486393 			 0.0 			 0.0			 -358.486393 
g1	 84 	 -400.814299 			 0.0 			 0.0			 -400.814299 
g1	 85 	 440.480649 			 0.0 			 0.0			 440.480649 
g1	 86 	 680.664984 			 0.0 			 0.0			 680.664984 
g1	 87 	 946.340841 			 0.0 			 0.0			 946.340841 
g1	 88 	 611.02437 			 0.0 			 0.0			 611.02437 
g1	 89 	 599.550359 			 0.0 			 0.0			 599.550359 
g1	 90 	 1009.587052 			 0.0 			 0.0			 1009.587052 
g1	 91 	 92913.825 			 0.0 			 0.0			 92913.825 
g1	 92 	 -99648.322762 			 0.0 			 0.0			 -99648.322762 
g1	 93 	 45529.8475 			 0.0 			 0.0			 45529.8475 
g1	 94 	 -293.732311 			 0.0 			 0.0			 -293.732311 
g1	 95 	 -131.977677 			 0.0 			 0.0			 -131.977677 
g1	 96 	 368.667463 			 0.0 			 0.0			 368.667463 
----------------------------------------------------------------------------------------------------
g2	 1 	 0.0 			 0.0 			 0.0			 0.0 
g2	 2 	 0.0 			 0.0 			 0.0			 0.0 
g2	 3 	 0.0 			 0.0 			 0.0			 0.0 
g2	 4 	 0.0 			 0.0 			 0.0			 0.0 
g2	 5 	 0.0 			 0.0 			 0.0			 0.0 
g2	 6 	 0.0 			 0.0 			 0.0			 0.0 
g2	 7 	 0.0 			 0.0 			 0.0			 0.0 
g2	 8 	 0.0 			 0.0 			 0.0			 0.0 
g2	 9 	 0.0 			 0.0 			 0.0			 0.0 
g2	 10 	 0.0 			 0.0 			 0.0			 0.0 
g2	 11 	 0.0 			 0.0 			 0.0			 0.0 
g2	 12 	 0.0 			 0.0 			 0.0			 0.0 
g2	 13 	 0.0 			 0.0 			 0.0			 0.0 
g2	 14 	 0.0 			 0.0 			 0.0			 0.0 
g2	 15 	 0.0 			 0.0 			 0.0			 0.0 
g2	 16 	 0.0 			 0.0 			 0.0			 0.0 
g2	 17 	 0.0 			 0.0 			 0.0			 0.0 
g2	 18 	 0.0 			 0.0 			 0.0			 0.0 
g2	 19 	 0.0 			 0.0 			 0.0			 0.0 
g2	 20 	 0.0 			 0.0 			 0.0			 0.0 
g2	 21 	 0.0 			 0.0 			 0.0			 0.0 
g2	 22 	 0.0 			 0.0 			 0.0			 0.0 
g2	 23 	 0.0 			 0.0 			 0.0			 0.0 
g2	 24 	 0.0 			 0.0 			 0.0			 0.0 
g2	 25 	 21.23729 			 0.0 			 0.0			 21.23729 
g2	 26 	 35.295932 			 0.0 			 0.0			 35.295932 
g2	 27 	 21.23729 			 0.0 			 0.0			 21.23729 
g2	 28 	 21.23729 			 0.0 			 0.0			 21.23729 
g2	 29 	 68.32351 			 0.0 			 0.0			 68.32351 
g2	 30 	 178.843027 			 0.0 			 0.0			 178.843027 
g2	 31 	 233.820301 			 0.0 			 0.0			 233.820301 
g2	 32 	 233.820301 			 0.0 			 0.0			 233.820301 
g2	 33 	 21.701904 			 0.0 			 0.0			 21.701904 
g2	 34 	 -188.905377 			 0.0 			 0.0			 -188.905377 
g2	 35 	 -188.905377 			 0.0 			 0.0			 -188.905377 
g2	 36 	 21.701904 			 0.0 			 0.0			 21.701904 
g2	 37 	 22.299638 			 0.0 			 0.0			 22.299638 
g2	 38 	 -5595.05 			 0.0 			 0.0			 -5595.05 
g2	 39 	 -122167.8928 			 0.0 			 0.0			 -122167.8928 
g2	 40 	 -5595.05 			 0.0 			 0.0			 -5595.05 
g2	 41 	 -23.333332 			 0.0 			 0.0			 -23.333332 
g2	 42 	 -23.333332 			 0.0 			 0.0			 -23.333332 
g2	 43 	 -23.333332 			 0.0 			 0.0			 -23.333332 
g2	 44 	 -23.333332 			 0.0 			 0.0			 -23.333332 
g2	 45 	 -92.098995 			 0.0 			 0.0			 -92.098995 
g2	 46 	 21.701904 			 0.0 			 0.0			 21.701904 
g2	 47 	 -32.238537 			 0.0 			 0.0			 -32.238537 
g2	 48 	 5597.782686 			 0.0 			 0.0			 5597.782686 
g2	 49 	 61480.51 			 0.0 			 0.0			 61480.51 
g2	 50 	 63050.9925 			 0.0 			 0.0			 63050.9925 
g2	 51 	 7154.711911 			 0.0 			 0.0			 7154.711911 
g2	 52 	 38144.905 			 0.0 			 0.0			 38144.905 
g2	 53 	 -17553.577204 			 0.0 			 0.0			 -17553.577204 
g2	 54 	 -248.780023 			 0.0 			 0.0			 -248.780023 
g2	 55 	 -42.432723 			 0.0 			 0.0			 -42.432723 
g2	 56 	 21.701904 			 0.0 			 0.0			 21.701904 
g2	 57 	 14174.090672 			 0.0 			 0.0			 14174.090672 
g2	 58 	 70130.025 			 0.0 			 0.0			 70130.025 
g2	 59 	 193.257124 			 0.0 			 0.0			 193.257124 
g2	 60 	 332.763238 			 0.0 			 0.0			 332.763238 
g2	 61 	 17.097574 			 0.0 			 0.0			 17.097574 
g2	 62 	 -69.494176 			 0.0 			 0.0			 -69.494176 
g2	 63 	 -70509.210802 			 0.0 			 0.0			 -70509.210802 
g2	 64 	 -15230.1175 			 0.0 			 0.0			 -15230.1175 
g2	 65 	 -127.426484 			 0.0 			 0.0			 -127.426484 
g2	 66 	 -127.426484 			 0.0 			 0.0			 -127.426484 
g2	 67 	 -82302.150114 			 0.0 			 0.0			 -82302.150114 
g2	 68 	 -27116.4525 			 0.0 			 0.0			 -27116.4525 
g2	 69 	 2563.725 			 0.0 			 0.0			 2563.725 
g2	 70 	 -105911.900614 			 0.0 			 0.0			 -105911.900614 
g2	 71 	 2563.725 			 0.0 			 0.0			 2563.725 
g2	 72 	 -92.867908 			 0.0 			 0.0			 -92.867908 
g2	 73 	 21.701904 			 0.0 			 0.0			 21.701904 
g2	 74 	 -2597.277914 			 0.0 			 0.0			 -2597.277914 
g2	 75 	 53220.09 			 0.0 			 0.0			 53220.09 
g2	 76 	 544.404409 			 0.0 			 0.0			 544.404409 
g2	 77 	 204.673971 			 0.0 			 0.0			 204.673971 
g2	 78 	 21.701904 			 0.0 			 0.0			 21.701904 
g2	 79 	 21.701904 			 0.0 			 0.0			 21.701904 
g2	 80 	 21.701904 			 0.0 			 0.0			 21.701904 
g2	 81 	 35119.6475 			 0.0 			 0.0			 35119.6475 
g2	 82 	 -20555.064046 			 0.0 			 0.0			 -20555.064046 
g2	 83 	 21.701904 			 0.0 			 0.0			 21.701904 
g2	 84 	 -42.793795 			 0.0 			 0.0			 -42.793795 
g2	 85 	 -208.128887 			 0.0 			 0.0			 -208.128887 
g2	 86 	 -178.358239 			 0.0 			 0.0			 -178.358239 
g2	 87 	 42.868038 			 0.0 			 0.0			 42.868038 
g2	 88 	 -178.358239 			 0.0 			 0.0			 -178.358239 
g2	 89 	 0.0 			 0.0 			 0.0			 0.0 
g2	 90 	 0.0 			 0.0 			 0.0			 0.0 
g2	 91 	 0.0 			 0.0 			 0.0			 0.0 
g2	 92 	 0.0 			 0.0 			 0.0			 0.0 
g2	 93 	 0.0 			 0.0 			 0.0			 0.0 
g2	 94 	 0.0 			 0.0 			 0.0			 0.0 
g2	 95 	 0.0 			 0.0 			 0.0			 0.0 
g2	 96 	 0.0 			 0.0 			 0.0			 0.0 
----------------------------------------------------------------------------------------------------
g3	 1 	 0.0 			 0.0 			 0.0			 0.0 
g3	 2 	 0.0 			 0.0 			 0.0			 0.0 
g3	 3 	 0.0 			 0.0 			 0.0			 0.0 
g3	 4 	 0.0 			 0.0 			 0.0			 0.0 
g3	 5 	 0.0 			 0.0 			 0.0			 0.0 
g3	 6 	 0.0 			 0.0 			 0.0			 0.0 
g3	 7 	 0.0 			 0.0 			 0.0			 0.0 
g3	 8 	 0.0 			 0.0 			 0.0			 0.0 
g3	 9 	 0.0 			 0.0 			 0.0			 0.0 
g3	 10 	 0.0 			 0.0 			 0.0			 0.0 
g3	 11 	 0.0 			 0.0 			 0.0			 0.0 
g3	 12 	 0.0 			 0.0 			 0.0			 0.0 
g3	 13 	 0.0 			 0.0 			 0.0			 0.0 
g3	 14 	 0.0 			 0.0 			 0.0			 0.0 
g3	 15 	 0.0 			 0.0 			 0.0			 0.0 
g3	 16 	 0.0 			 0.0 			 0.0			 0.0 
g3	 17 	 0.0 			 0.0 			 0.0			 0.0 
g3	 18 	 0.0 			 0.0 			 0.0			 0.0 
g3	 19 	 0.0 			 0.0 			 0.0			 0.0 
g3	 20 	 0.0 			 0.0 			 0.0			 0.0 
g3	 21 	 0.0 			 0.0 			 0.0			 0.0 
g3	 22 	 0.0 			 0.0 			 0.0			 0.0 
g3	 23 	 0.0 			 0.0 			 0.0			 0.0 
g3	 24 	 0.0 			 0.0 			 0.0			 0.0 
g3	 25 	 0.0 			 0.0 			 0.0			 0.0 
g3	 26 	 0.0 			 0.0 			 0.0			 0.0 
g3	 27 	 0.0 			 0.0 			 0.0			 0.0 
g3	 28 	 0.0 			 0.0 			 0.0			 0.0 
g3	 29 	 0.0 			 0.0 			 0.0			 0.0 
g3	 30 	 0.0 			 0.0 			 0.0			 0.0 
g3	 31 	 0.0 			 0.0 			 0.0			 0.0 
g3	 32 	 0.0 			 0.0 			 0.0			 0.0 
g3	 33 	 0.0 			 0.0 			 0.0			 0.0 
g3	 34 	 0.0 			 0.0 			 0.0			 0.0 
g3	 35 	 0.0 			 0.0 			 0.0			 0.0 
g3	 36 	 0.0 			 0.0 			 0.0			 0.0 
g3	 37 	 0.0 			 0.0 			 0.0			 0.0 
g3	 38 	 0.0 			 0.0 			 0.0			 0.0 
g3	 39 	 0.0 			 0.0 			 0.0			 0.0 
g3	 40 	 0.0 			 0.0 			 0.0			 0.0 
g3	 41 	 0.0 			 0.0 			 0.0			 0.0 
g3	 42 	 0.0 			 0.0 			 0.0			 0.0 
g3	 43 	 0.0 			 0.0 			 0.0			 0.0 
g3	 44 	 0.0 			 0.0 			 0.0			 0.0 
g3	 45 	 15.312311 			 0.0 			 0.0			 15.312311 
g3	 46 	 15.56631 			 0.0 			 0.0			 15.56631 
g3	 47 	 15.312311 			 0.0 			 0.0			 15.312311 
g3	 48 	 -31882.296817 			 0.0 			 0.0			 -31882.296817 
g3	 49 	 4047.61 			 0.0 			 0.0			 4047.61 
g3	 50 	 4047.61 			 0.0 			 0.0			 4047.61 
g3	 51 	 -31877.991666 			 0.0 			 0.0			 -31877.991666 
g3	 52 	 4047.61 			 0.0 			 0.0			 4047.61 
g3	 53 	 -31887.354028 			 0.0 			 0.0			 -31887.354028 
g3	 54 	 15.058311 			 0.0 			 0.0			 15.058311 
g3	 55 	 15.56631 			 0.0 			 0.0			 15.56631 
g3	 56 	 15.56631 			 0.0 			 0.0			 15.56631 
g3	 57 	 3976.201091 			 0.0 			 0.0			 3976.201091 
g3	 58 	 40196.925 			 0.0 			 0.0			 40196.925 
g3	 59 	 16.491381 			 0.0 			 0.0			 16.491381 
g3	 60 	 150.360638 			 0.0 			 0.0			 150.360638 
g3	 61 	 15.56631 			 0.0 			 0.0			 15.56631 
g3	 62 	 15.56631 			 0.0 			 0.0			 15.56631 
g3	 63 	 -31887.354028 			 0.0 			 0.0			 -31887.354028 
g3	 64 	 4047.61 			 0.0 			 0.0			 4047.61 
g3	 65 	 15.56631 			 0.0 			 0.0			 15.56631 
g3	 66 	 15.56631 			 0.0 			 0.0			 15.56631 
g3	 67 	 -31887.354028 			 0.0 			 0.0			 -31887.354028 
g3	 68 	 4047.61 			 0.0 			 0.0			 4047.61 
g3	 69 	 4047.61 			 0.0 			 0.0			 4047.61 
g3	 70 	 -63896.294855 			 0.0 			 0.0			 -63896.294855 
g3	 71 	 4047.61 			 0.0 			 0.0			 4047.61 
g3	 72 	 15.56631 			 0.0 			 0.0			 15.56631 
g3	 73 	 15.56631 			 0.0 			 0.0			 15.56631 
g3	 74 	 -31892.682629 			 0.0 			 0.0			 -31892.682629 
g3	 75 	 4047.61 			 0.0 			 0.0			 4047.61 
g3	 76 	 200.849581 			 0.0 			 0.0			 200.849581 
g3	 77 	 15.56631 			 0.0 			 0.0			 15.56631 
g3	 78 	 15.56631 			 0.0 			 0.0			 15.56631 
g3	 79 	 15.56631 			 0.0 			 0.0			 15.56631 
g3	 80 	 15.56631 			 0.0 			 0.0			 15.56631 
g3	 81 	 4047.61 			 0.0 			 0.0			 4047.61 
g3	 82 	 -31887.354028 			 0.0 			 0.0			 -31887.354028 
g3	 83 	 15.56631 			 0.0 			 0.0			 15.56631 
g3	 84 	 15.312311 			 0.0 			 0.0			 15.312311 
g3	 85 	 15.56631 			 0.0 			 0.0			 15.56631 
g3	 86 	 15.56631 			 0.0 			 0.0			 15.56631 
g3	 87 	 18.341523 			 0.0 			 0.0			 18.341523 
g3	 88 	 15.56631 			 0.0 			 0.0			 15.56631 
g3	 89 	 -188.454211 			 0.0 			 0.0			 -188.454211 
g3	 90 	 -140.904386 			 0.0 			 0.0			 -140.904386 
g3	 91 	 -63502.775 			 0.0 			 0.0			 -63502.775 
g3	 92 	 -198238.590483 			 0.0 			 0.0			 -198238.590483 
g3	 93 	 0.0 			 0.0 			 0.0			 0.0 
g3	 94 	 0.0 			 0.0 			 0.0			 0.0 
g3	 95 	 0.0 			 0.0 			 0.0			 0.0 
g3	 96 	 0.0 			 0.0 			 0.0			 0.0 
----------------------------------------------------------------------------------------------------
g4	 1 	 0.0 			 0.0 			 0.0			 0.0 
g4	 2 	 0.0 			 0.0 			 0.0			 0.0 
g4	 3 	 0.0 			 0.0 			 0.0			 0.0 
g4	 4 	 0.0 			 0.0 			 0.0			 0.0 
g4	 5 	 0.0 			 0.0 			 0.0			 0.0 
g4	 6 	 0.0 			 0.0 			 0.0			 0.0 
g4	 7 	 0.0 			 0.0 			 0.0			 0.0 
g4	 8 	 0.0 			 0.0 			 0.0			 0.0 
g4	 9 	 0.0 			 0.0 			 0.0			 0.0 
g4	 10 	 0.0 			 0.0 			 0.0			 0.0 
g4	 11 	 0.0 			 0.0 			 0.0			 0.0 
g4	 12 	 0.0 			 0.0 			 0.0			 0.0 
g4	 13 	 0.0 			 0.0 			 0.0			 0.0 
g4	 14 	 0.0 			 0.0 			 0.0			 0.0 
g4	 15 	 0.0 			 0.0 			 0.0			 0.0 
g4	 16 	 0.0 			 0.0 			 0.0			 0.0 
g4	 17 	 0.0 			 0.0 			 0.0			 0.0 
g4	 18 	 0.0 			 0.0 			 0.0			 0.0 
g4	 19 	 0.0 			 0.0 			 0.0			 0.0 
g4	 20 	 0.0 			 0.0 			 0.0			 0.0 
g4	 21 	 0.0 			 0.0 			 0.0			 0.0 
g4	 22 	 0.0 			 0.0 			 0.0			 0.0 
g4	 23 	 0.0 			 0.0 			 0.0			 0.0 
g4	 24 	 0.0 			 0.0 			 0.0			 0.0 
g4	 25 	 0.0 			 0.0 			 0.0			 0.0 
g4	 26 	 0.0 			 0.0 			 0.0			 0.0 
g4	 27 	 0.0 			 0.0 			 0.0			 0.0 
g4	 28 	 0.0 			 0.0 			 0.0			 0.0 
g4	 29 	 0.0 			 0.0 			 0.0			 0.0 
g4	 30 	 0.0 			 0.0 			 0.0			 0.0 
g4	 31 	 0.0 			 0.0 			 0.0			 0.0 
g4	 32 	 0.0 			 0.0 			 0.0			 0.0 
g4	 33 	 0.0 			 0.0 			 0.0			 0.0 
g4	 34 	 0.0 			 0.0 			 0.0			 0.0 
g4	 35 	 0.0 			 0.0 			 0.0			 0.0 
g4	 36 	 0.0 			 0.0 			 0.0			 0.0 
g4	 37 	 0.0 			 0.0 			 0.0			 0.0 
g4	 38 	 0.0 			 0.0 			 0.0			 0.0 
g4	 39 	 0.0 			 0.0 			 0.0			 0.0 
g4	 40 	 0.0 			 0.0 			 0.0			 0.0 
g4	 41 	 0.0 			 0.0 			 0.0			 0.0 
g4	 42 	 0.0 			 0.0 			 0.0			 0.0 
g4	 43 	 0.0 			 0.0 			 0.0			 0.0 
g4	 44 	 0.0 			 0.0 			 0.0			 0.0 
g4	 45 	 0.0 			 0.0 			 0.0			 0.0 
g4	 46 	 0.0 			 0.0 			 0.0			 0.0 
g4	 47 	 0.0 			 0.0 			 0.0			 0.0 
g4	 48 	 0.0 			 0.0 			 0.0			 0.0 
g4	 49 	 0.0 			 0.0 			 0.0			 0.0 
g4	 50 	 0.0 			 0.0 			 0.0			 0.0 
g4	 51 	 0.0 			 0.0 			 0.0			 0.0 
g4	 52 	 0.0 			 0.0 			 0.0			 0.0 
g4	 53 	 0.0 			 0.0 			 0.0			 0.0 
g4	 54 	 0.0 			 0.0 			 0.0			 0.0 
g4	 55 	 0.0 			 0.0 			 0.0			 0.0 
g4	 56 	 0.0 			 0.0 			 0.0			 0.0 
g4	 57 	 0.0 			 0.0 			 0.0			 0.0 
g4	 58 	 0.0 			 0.0 			 0.0			 0.0 
g4	 59 	 0.0 			 0.0 			 0.0			 0.0 
g4	 60 	 0.0 			 0.0 			 0.0			 0.0 
g4	 61 	 0.0 			 0.0 			 0.0			 0.0 
g4	 62 	 0.0 			 0.0 			 0.0			 0.0 
g4	 63 	 0.0 			 0.0 			 0.0			 0.0 
g4	 64 	 0.0 			 0.0 			 0.0			 0.0 
g4	 65 	 0.0 			 0.0 			 0.0			 0.0 
g4	 66 	 0.0 			 0.0 			 0.0			 0.0 
g4	 67 	 0.0 			 0.0 			 0.0			 0.0 
g4	 68 	 0.0 			 0.0 			 0.0			 0.0 
g4	 69 	 0.0 			 0.0 			 0.0			 0.0 
g4	 70 	 0.0 			 0.0 			 0.0			 0.0 
g4	 71 	 0.0 			 0.0 			 0.0			 0.0 
g4	 72 	 0.0 			 0.0 			 0.0			 0.0 
g4	 73 	 0.0 			 0.0 			 0.0			 0.0 
g4	 74 	 0.0 			 0.0 			 0.0			 0.0 
g4	 75 	 0.0 			 0.0 			 0.0			 0.0 
g4	 76 	 0.0 			 0.0 			 0.0			 0.0 
g4	 77 	 0.0 			 0.0 			 0.0			 0.0 
g4	 78 	 0.0 			 0.0 			 0.0			 0.0 
g4	 79 	 0.0 			 0.0 			 0.0			 0.0 
g4	 80 	 0.0 			 0.0 			 0.0			 0.0 
g4	 81 	 0.0 			 0.0 			 0.0			 0.0 
g4	 82 	 0.0 			 0.0 			 0.0			 0.0 
g4	 83 	 0.0 			 0.0 			 0.0			 0.0 
g4	 84 	 0.0 			 0.0 			 0.0			 0.0 
g4	 85 	 0.0 			 0.0 			 0.0			 0.0 
g4	 86 	 0.0 			 0.0 			 0.0			 0.0 
g4	 87 	 0.0 			 0.0 			 0.0			 0.0 
g4	 88 	 0.0 			 0.0 			 0.0			 0.0 
g4	 89 	 0.0 			 0.0 			 0.0			 0.0 
g4	 90 	 0.0 			 0.0 			 0.0			 0.0 
g4	 91 	 0.0 			 0.0 			 0.0			 0.0 
g4	 92 	 0.0 			 0.0 			 0.0			 0.0 
g4	 93 	 0.0 			 0.0 			 0.0			 0.0 
g4	 94 	 0.0 			 0.0 			 0.0			 0.0 
g4	 95 	 0.0 			 0.0 			 0.0			 0.0 
g4	 96 	 0.0 			 0.0 			 0.0			 0.0 
----------------------------------------------------------------------------------------------------
g5	 1 	 0.0 			 0.0 			 0.0			 0.0 
g5	 2 	 0.0 			 0.0 			 0.0			 0.0 
g5	 3 	 0.0 			 0.0 			 0.0			 0.0 
g5	 4 	 0.0 			 0.0 			 0.0			 0.0 
g5	 5 	 18.076594 			 0.0 			 0.0			 18.076594 
g5	 6 	 22.372141 			 0.0 			 0.0			 22.372141 
g5	 7 	 5817.2875 			 0.0 			 0.0			 5817.2875 
g5	 8 	 -31353.108882 			 0.0 			 0.0			 -31353.108882 
g5	 9 	 21.893178 			 0.0 			 0.0			 21.893178 
g5	 10 	 21.893178 			 0.0 			 0.0			 21.893178 
g5	 11 	 20.408638 			 0.0 			 0.0			 20.408638 
g5	 12 	 24.205696 			 0.0 			 0.0			 24.205696 
g5	 13 	 -45.435832 			 0.0 			 0.0			 -45.435832 
g5	 14 	 21.893178 			 0.0 			 0.0			 21.893178 
g5	 15 	 21.893178 			 0.0 			 0.0			 21.893178 
g5	 16 	 -31346.216107 			 0.0 			 0.0			 -31346.216107 
g5	 17 	 5817.2875 			 0.0 			 0.0			 5817.2875 
g5	 18 	 -37.802541 			 0.0 			 0.0			 -37.802541 
g5	 19 	 5817.2875 			 0.0 			 0.0			 5817.2875 
g5	 20 	 -31351.194376 			 0.0 			 0.0			 -31351.194376 
g5	 21 	 21.893178 			 0.0 			 0.0			 21.893178 
g5	 22 	 21.893178 			 0.0 			 0.0			 21.893178 
g5	 23 	 21.893178 			 0.0 			 0.0			 21.893178 
g5	 24 	 21.893178 			 0.0 			 0.0			 21.893178 
g5	 25 	 21.893178 			 0.0 			 0.0			 21.893178 
g5	 26 	 22.007089 			 0.0 			 0.0			 22.007089 
g5	 27 	 21.893178 			 0.0 			 0.0			 21.893178 
g5	 28 	 21.893178 			 0.0 			 0.0			 21.893178 
g5	 29 	 22.007089 			 0.0 			 0.0			 22.007089 
g5	 30 	 22.007089 			 0.0 			 0.0			 22.007089 
g5	 31 	 22.372141 			 0.0 			 0.0			 22.372141 
g5	 32 	 22.372141 			 0.0 			 0.0			 22.372141 
g5	 33 	 22.372141 			 0.0 			 0.0			 22.372141 
g5	 34 	 21.893178 			 0.0 			 0.0			 21.893178 
g5	 35 	 21.893178 			 0.0 			 0.0			 21.893178 
g5	 36 	 22.372141 			 0.0 			 0.0			 22.372141 
g5	 37 	 22.988336 			 0.0 			 0.0			 22.988336 
g5	 38 	 5817.2875 			 0.0 			 0.0			 5817.2875 
g5	 39 	 -62819.417139 			 0.0 			 0.0			 -62819.417139 
g5	 40 	 5817.2875 			 0.0 			 0.0			 5817.2875 
g5	 41 	 19.368924 			 0.0 			 0.0			 19.368924 
g5	 42 	 19.368924 			 0.0 			 0.0			 19.368924 
g5	 43 	 19.368924 			 0.0 			 0.0			 19.368924 
g5	 44 	 19.368924 			 0.0 			 0.0			 19.368924 
g5	 45 	 22.007089 			 0.0 			 0.0			 22.007089 
g5	 46 	 22.372141 			 0.0 			 0.0			 22.372141 
g5	 47 	 22.007089 			 0.0 			 0.0			 22.007089 
g5	 48 	 -27155.772296 			 0.0 			 0.0			 -27155.772296 
g5	 49 	 10031.0725 			 0.0 			 0.0			 10031.0725 
g5	 50 	 43223.5375 			 0.0 			 0.0			 43223.5375 
g5	 51 	 5769.884167 			 0.0 			 0.0			 5769.884167 
g5	 52 	 5817.2875 			 0.0 			 0.0			 5817.2875 
g5	 53 	 -31340.755386 			 0.0 			 0.0			 -31340.755386 
g5	 54 	 21.642036 			 0.0 			 0.0			 21.642036 
g5	 55 	 22.372141 			 0.0 			 0.0			 22.372141 
g5	 56 	 22.372141 			 0.0 			 0.0			 22.372141 
g5	 57 	 5769.082824 			 0.0 			 0.0			 5769.082824 
g5	 58 	 43223.5375 			 0.0 			 0.0			 43223.5375 
g5	 59 	 23.701668 			 0.0 			 0.0			 23.701668 
g5	 60 	 205.093386 			 0.0 			 0.0			 205.093386 
g5	 61 	 22.372141 			 0.0 			 0.0			 22.372141 
g5	 62 	 22.372141 			 0.0 			 0.0			 22.372141 
g5	 63 	 -31340.755386 			 0.0 			 0.0			 -31340.755386 
g5	 64 	 5817.2875 			 0.0 			 0.0			 5817.2875 
g5	 65 	 22.372141 			 0.0 			 0.0			 22.372141 
g5	 66 	 22.372141 			 0.0 			 0.0			 22.372141 
g5	 67 	 -31340.755386 			 0.0 			 0.0			 -31340.755386 
g5	 68 	 5817.2875 			 0.0 			 0.0			 5817.2875 
g5	 69 	 2341.8125 			 0.0 			 0.0			 2341.8125 
g5	 70 	 -69710.494884 			 0.0 			 0.0			 -69710.494884 
g5	 71 	 2341.8125 			 0.0 			 0.0			 2341.8125 
g5	 72 	 9.006149 			 0.0 			 0.0			 9.006149 
g5	 73 	 22.372141 			 0.0 			 0.0			 22.372141 
g5	 74 	 -31345.992647 			 0.0 			 0.0			 -31345.992647 
g5	 75 	 5817.2875 			 0.0 			 0.0			 5817.2875 
g5	 76 	 215.767508 			 0.0 			 0.0			 215.767508 
g5	 77 	 22.372141 			 0.0 			 0.0			 22.372141 
g5	 78 	 22.372141 			 0.0 			 0.0			 22.372141 
g5	 79 	 22.372141 			 0.0 			 0.0			 22.372141 
g5	 80 	 22.372141 			 0.0 			 0.0			 22.372141 
g5	 81 	 5817.2875 			 0.0 			 0.0			 5817.2875 
g5	 82 	 -31340.755386 			 0.0 			 0.0			 -31340.755386 
g5	 83 	 22.372141 			 0.0 			 0.0			 22.372141 
g5	 84 	 22.007089 			 0.0 			 0.0			 22.007089 
g5	 85 	 22.372141 			 0.0 			 0.0			 22.372141 
g5	 86 	 22.372141 			 0.0 			 0.0			 22.372141 
g5	 87 	 195.865092 			 0.0 			 0.0			 195.865092 
g5	 88 	 22.372141 			 0.0 			 0.0			 22.372141 
g5	 89 	 -1.99201 			 0.0 			 0.0			 -1.99201 
g5	 90 	 175.032926 			 0.0 			 0.0			 175.032926 
g5	 91 	 -517.97 			 0.0 			 0.0			 -517.97 
g5	 92 	 -75414.015238 			 0.0 			 0.0			 -75414.015238 
g5	 93 	 5817.2875 			 0.0 			 0.0			 5817.2875 
g5	 94 	 21.893178 			 0.0 			 0.0			 21.893178 
g5	 95 	 21.893178 			 0.0 			 0.0			 21.893178 
g5	 96 	 22.372141 			 0.0 			 0.0			 22.372141 
----------------------------------------------------------------------------------------------------------------
unit 	 generation payment 	 up-FRP payment 	 dw-FRP payment 	pre-up total payment
----------------------------------------------------------------------------------------------------------------
 g1 	 -372467.886830			 0.000000			 0.000000			 -372467.886830
 g2 	 -121478.590728			 0.000000			 0.000000			 -121478.590728
 g3 	 -467856.124431			 0.000000			 0.000000			 -467856.124431
 g4 	 0.000000			 0.000000			 0.000000			 0.000000
 g5 	 -307809.640474			 0.000000			 0.000000			 -307809.640474
----------------------------------------------------------------------------------------------------
generation payment 	 up-FRP payment 	 dw-FRP payment 	 pre-up total payment
----------------------------------------------------------------------------------------------------
-1.269612242463e6 			 0.0 			 0.0 			 -1.269612242463e6
 
****************************************************************************************************
 
Generation costs
----------------------------------------------------------------------------------------------------
unit	 time 	 generation cost 	 start-up cost  	total cost
----------------------------------------------------------------------------------------------------
g1	 1 	 2323.259254 			 0.0 			2323.259254
g1	 2 	 2467.138572 			 0.0 			2467.138572
g1	 3 	 2181.497376 			 0.0 			2181.497376
g1	 4 	 2728.664525 			 0.0 			2728.664525
g1	 5 	 2181.497376 			 0.0 			2181.497376
g1	 6 	 2334.422232 			 0.0 			2334.422232
g1	 7 	 1811.247809 			 0.0 			1811.247809
g1	 8 	 1277.984699 			 0.0 			1277.984699
g1	 9 	 1709.923893 			 0.0 			1709.923893
g1	 10 	 1695.337283 			 0.0 			1695.337283
g1	 11 	 1898.870564 			 0.0 			1898.870564
g1	 12 	 2439.854605 			 0.0 			2439.854605
g1	 13 	 1898.870564 			 0.0 			1898.870564
g1	 14 	 1733.791311 			 0.0 			1733.791311
g1	 15 	 1855.441757 			 0.0 			1855.441757
g1	 16 	 1722.79731 			 0.0 			1722.79731
g1	 17 	 2261.067382 			 0.0 			2261.067382
g1	 18 	 1722.79731 			 0.0 			1722.79731
g1	 19 	 2126.264391 			 0.0 			2126.264391
g1	 20 	 1587.994319 			 0.0 			1587.994319
g1	 21 	 1965.355467 			 0.0 			1965.355467
g1	 22 	 2193.876678 			 0.0 			2193.876678
g1	 23 	 2050.013223 			 0.0 			2050.013223
g1	 24 	 2103.607895 			 0.0 			2103.607895
g1	 25 	 1787.376552 			 0.0 			1787.376552
g1	 26 	 2313.086426 			 0.0 			2313.086426
g1	 27 	 2076.675487 			 0.0 			2076.675487
g1	 28 	 2253.027787 			 0.0 			2253.027787
g1	 29 	 2313.086426 			 0.0 			2313.086426
g1	 30 	 2313.086426 			 0.0 			2313.086426
g1	 31 	 2570.167955 			 0.0 			2570.167955
g1	 32 	 2546.778212 			 0.0 			2546.778212
g1	 33 	 2405.174355 			 0.0 			2405.174355
g1	 34 	 1989.678258 			 0.0 			1989.678258
g1	 35 	 2087.114285 			 0.0 			2087.114285
g1	 36 	 2515.356373 			 0.0 			2515.356373
g1	 37 	 2904.015472 			 0.0 			2904.015472
g1	 38 	 2353.969511 			 0.0 			2353.969511
g1	 39 	 1814.824176 			 0.0 			1814.824176
g1	 40 	 2353.969511 			 0.0 			2353.969511
g1	 41 	 2722.590499 			 0.0 			2722.590499
g1	 42 	 2496.084241 			 0.0 			2496.084241
g1	 43 	 2726.092411 			 0.0 			2726.092411
g1	 44 	 2666.040707 			 0.0 			2666.040707
g1	 45 	 2313.086426 			 0.0 			2313.086426
g1	 46 	 2693.995024 			 0.0 			2693.995024
g1	 47 	 2313.086426 			 0.0 			2313.086426
g1	 48 	 2508.187447 			 0.0 			2508.187447
g1	 49 	 3058.233409 			 0.0 			3058.233409
g1	 50 	 3058.233409 			 0.0 			3058.233409
g1	 51 	 2508.187447 			 0.0 			2508.187447
g1	 52 	 3058.233409 			 0.0 			3058.233409
g1	 53 	 2508.187447 			 0.0 			2508.187447
g1	 54 	 1965.740474 			 0.0 			1965.740474
g1	 55 	 2460.651063 			 0.0 			2460.651063
g1	 56 	 2580.604303 			 0.0 			2580.604303
g1	 57 	 2508.187447 			 0.0 			2508.187447
g1	 58 	 3058.233409 			 0.0 			3058.233409
g1	 59 	 3058.233409 			 0.0 			3058.233409
g1	 60 	 3058.233409 			 0.0 			3058.233409
g1	 61 	 2698.020179 			 0.0 			2698.020179
g1	 62 	 2951.018027 			 0.0 			2951.018027
g1	 63 	 2508.187447 			 0.0 			2508.187447
g1	 64 	 3058.233409 			 0.0 			3058.233409
g1	 65 	 2856.250758 			 0.0 			2856.250758
g1	 66 	 2888.91223 			 0.0 			2888.91223
g1	 67 	 2508.187447 			 0.0 			2508.187447
g1	 68 	 3058.233409 			 0.0 			3058.233409
g1	 69 	 3058.233409 			 0.0 			3058.233409
g1	 70 	 2508.187447 			 0.0 			2508.187447
g1	 71 	 3058.233409 			 0.0 			3058.233409
g1	 72 	 2813.117392 			 0.0 			2813.117392
g1	 73 	 2638.60676 			 0.0 			2638.60676
g1	 74 	 2441.03012 			 0.0 			2441.03012
g1	 75 	 2991.076081 			 0.0 			2991.076081
g1	 76 	 3058.233409 			 0.0 			3058.233409
g1	 77 	 2949.00334 			 0.0 			2949.00334
g1	 78 	 2518.684183 			 0.0 			2518.684183
g1	 79 	 3054.740534 			 0.0 			3054.740534
g1	 80 	 2716.798751 			 0.0 			2716.798751
g1	 81 	 3058.233409 			 0.0 			3058.233409
g1	 82 	 2508.187447 			 0.0 			2508.187447
g1	 83 	 2362.062993 			 0.0 			2362.062993
g1	 84 	 2313.086426 			 0.0 			2313.086426
g1	 85 	 2695.561828 			 0.0 			2695.561828
g1	 86 	 2935.74617 			 0.0 			2935.74617
g1	 87 	 3058.233409 			 0.0 			3058.233409
g1	 88 	 2866.105559 			 0.0 			2866.105559
g1	 89 	 2839.508473 			 0.0 			2839.508473
g1	 90 	 3058.233409 			 0.0 			3058.233409
g1	 91 	 2597.286355 			 0.0 			2597.286355
g1	 92 	 2052.93187 			 0.0 			2052.93187
g1	 93 	 2597.286355 			 0.0 			2597.286355
g1	 94 	 2126.119486 			 0.0 			2126.119486
g1	 95 	 2287.874118 			 0.0 			2287.874118
g1	 96 	 2790.855006 			 0.0 			2790.855006
----------------------------------------------------------------------------------------------------
g2	 1 	 0.0 			 0.0 			0.0
g2	 2 	 0.0 			 0.0 			0.0
g2	 3 	 0.0 			 0.0 			0.0
g2	 4 	 0.0 			 0.0 			0.0
g2	 5 	 0.0 			 0.0 			0.0
g2	 6 	 0.0 			 0.0 			0.0
g2	 7 	 0.0 			 0.0 			0.0
g2	 8 	 0.0 			 0.0 			0.0
g2	 9 	 0.0 			 0.0 			0.0
g2	 10 	 0.0 			 0.0 			0.0
g2	 11 	 0.0 			 0.0 			0.0
g2	 12 	 0.0 			 0.0 			0.0
g2	 13 	 0.0 			 0.0 			0.0
g2	 14 	 0.0 			 0.0 			0.0
g2	 15 	 0.0 			 0.0 			0.0
g2	 16 	 0.0 			 0.0 			0.0
g2	 17 	 0.0 			 0.0 			0.0
g2	 18 	 0.0 			 0.0 			0.0
g2	 19 	 0.0 			 0.0 			0.0
g2	 20 	 0.0 			 0.0 			0.0
g2	 21 	 0.0 			 0.0 			0.0
g2	 22 	 0.0 			 0.0 			0.0
g2	 23 	 0.0 			 0.0 			0.0
g2	 24 	 0.0 			 0.0 			0.0
g2	 25 	 238.356787 			 10598.13 			10836.486787
g2	 26 	 252.304931 			 0.0 			252.304931
g2	 27 	 238.356787 			 0.0 			238.356787
g2	 28 	 238.356787 			 0.0 			238.356787
g2	 29 	 373.090155 			 0.0 			373.090155
g2	 30 	 483.609666 			 0.0 			483.609666
g2	 31 	 534.771644 			 0.0 			534.771644
g2	 32 	 534.771644 			 0.0 			534.771644
g2	 33 	 534.771644 			 0.0 			534.771644
g2	 34 	 323.535598 			 0.0 			323.535598
g2	 35 	 323.535598 			 0.0 			323.535598
g2	 36 	 534.771644 			 0.0 			534.771644
g2	 37 	 534.771644 			 0.0 			534.771644
g2	 38 	 492.257501 			 0.0 			492.257501
g2	 39 	 281.021455 			 0.0 			281.021455
g2	 40 	 492.257501 			 0.0 			492.257501
g2	 41 	 534.771644 			 0.0 			534.771644
g2	 42 	 534.771644 			 0.0 			534.771644
g2	 43 	 534.771644 			 0.0 			534.771644
g2	 44 	 534.771644 			 0.0 			534.771644
g2	 45 	 421.324868 			 0.0 			421.324868
g2	 46 	 534.771644 			 0.0 			534.771644
g2	 47 	 481.185317 			 0.0 			481.185317
g2	 48 	 534.771644 			 0.0 			534.771644
g2	 49 	 762.273179 			 0.0 			762.273179
g2	 50 	 768.67187 			 0.0 			768.67187
g2	 51 	 541.170336 			 0.0 			541.170336
g2	 52 	 667.195744 			 0.0 			667.195744
g2	 53 	 446.491882 			 0.0 			446.491882
g2	 54 	 260.447475 			 0.0 			260.447475
g2	 55 	 471.683521 			 0.0 			471.683521
g2	 56 	 534.771644 			 0.0 			534.771644
g2	 57 	 626.50935 			 0.0 			626.50935
g2	 58 	 854.010884 			 0.0 			854.010884
g2	 59 	 761.533715 			 0.0 			761.533715
g2	 60 	 854.010884 			 0.0 			854.010884
g2	 61 	 626.50935 			 0.0 			626.50935
g2	 62 	 534.771644 			 0.0 			534.771644
g2	 63 	 334.279522 			 0.0 			334.279522
g2	 64 	 546.342866 			 0.0 			546.342866
g2	 65 	 534.771644 			 0.0 			534.771644
g2	 66 	 534.771644 			 0.0 			534.771644
g2	 67 	 346.299935 			 0.0 			346.299935
g2	 68 	 559.288868 			 0.0 			559.288868
g2	 69 	 643.603993 			 0.0 			643.603993
g2	 70 	 424.586851 			 0.0 			424.586851
g2	 71 	 643.603993 			 0.0 			643.603993
g2	 72 	 534.771644 			 0.0 			534.771644
g2	 73 	 534.771644 			 0.0 			534.771644
g2	 74 	 503.522062 			 0.0 			503.522062
g2	 75 	 728.617333 			 0.0 			728.617333
g2	 76 	 969.231032 			 0.0 			969.231032
g2	 77 	 728.617333 			 0.0 			728.617333
g2	 78 	 534.771644 			 0.0 			534.771644
g2	 79 	 534.771644 			 0.0 			534.771644
g2	 80 	 534.771644 			 0.0 			534.771644
g2	 81 	 654.869785 			 0.0 			654.869785
g2	 82 	 435.047182 			 0.0 			435.047182
g2	 83 	 534.771644 			 0.0 			534.771644
g2	 84 	 470.630065 			 0.0 			470.630065
g2	 85 	 534.771644 			 0.0 			534.771644
g2	 86 	 566.311491 			 0.0 			566.311491
g2	 87 	 793.813026 			 0.0 			793.813026
g2	 88 	 566.311491 			 0.0 			566.311491
g2	 89 	 0.0 			 0.0 			0.0
g2	 90 	 0.0 			 0.0 			0.0
g2	 91 	 0.0 			 0.0 			0.0
g2	 92 	 0.0 			 0.0 			0.0
g2	 93 	 0.0 			 0.0 			0.0
g2	 94 	 0.0 			 0.0 			0.0
g2	 95 	 0.0 			 0.0 			0.0
g2	 96 	 0.0 			 0.0 			0.0
----------------------------------------------------------------------------------------------------
g3	 1 	 0.0 			 0.0 			0.0
g3	 2 	 0.0 			 0.0 			0.0
g3	 3 	 0.0 			 0.0 			0.0
g3	 4 	 0.0 			 0.0 			0.0
g3	 5 	 0.0 			 0.0 			0.0
g3	 6 	 0.0 			 0.0 			0.0
g3	 7 	 0.0 			 0.0 			0.0
g3	 8 	 0.0 			 0.0 			0.0
g3	 9 	 0.0 			 0.0 			0.0
g3	 10 	 0.0 			 0.0 			0.0
g3	 11 	 0.0 			 0.0 			0.0
g3	 12 	 0.0 			 0.0 			0.0
g3	 13 	 0.0 			 0.0 			0.0
g3	 14 	 0.0 			 0.0 			0.0
g3	 15 	 0.0 			 0.0 			0.0
g3	 16 	 0.0 			 0.0 			0.0
g3	 17 	 0.0 			 0.0 			0.0
g3	 18 	 0.0 			 0.0 			0.0
g3	 19 	 0.0 			 0.0 			0.0
g3	 20 	 0.0 			 0.0 			0.0
g3	 21 	 0.0 			 0.0 			0.0
g3	 22 	 0.0 			 0.0 			0.0
g3	 23 	 0.0 			 0.0 			0.0
g3	 24 	 0.0 			 0.0 			0.0
g3	 25 	 0.0 			 0.0 			0.0
g3	 26 	 0.0 			 0.0 			0.0
g3	 27 	 0.0 			 0.0 			0.0
g3	 28 	 0.0 			 0.0 			0.0
g3	 29 	 0.0 			 0.0 			0.0
g3	 30 	 0.0 			 0.0 			0.0
g3	 31 	 0.0 			 0.0 			0.0
g3	 32 	 0.0 			 0.0 			0.0
g3	 33 	 0.0 			 0.0 			0.0
g3	 34 	 0.0 			 0.0 			0.0
g3	 35 	 0.0 			 0.0 			0.0
g3	 36 	 0.0 			 0.0 			0.0
g3	 37 	 0.0 			 0.0 			0.0
g3	 38 	 0.0 			 0.0 			0.0
g3	 39 	 0.0 			 0.0 			0.0
g3	 40 	 0.0 			 0.0 			0.0
g3	 41 	 0.0 			 0.0 			0.0
g3	 42 	 0.0 			 0.0 			0.0
g3	 43 	 0.0 			 0.0 			0.0
g3	 44 	 0.0 			 0.0 			0.0
g3	 45 	 350.954412 			 4595.43 			4946.384412
g3	 46 	 350.954412 			 0.0 			350.954412
g3	 47 	 350.954412 			 0.0 			350.954412
g3	 48 	 222.796187 			 0.0 			222.796187
g3	 49 	 350.954412 			 0.0 			350.954412
g3	 50 	 350.954412 			 0.0 			350.954412
g3	 51 	 222.796187 			 0.0 			222.796187
g3	 52 	 350.954412 			 0.0 			350.954412
g3	 53 	 222.796187 			 0.0 			222.796187
g3	 54 	 350.954412 			 0.0 			350.954412
g3	 55 	 350.954412 			 0.0 			350.954412
g3	 56 	 350.954412 			 0.0 			350.954412
g3	 57 	 350.819183 			 0.0 			350.819183
g3	 58 	 522.480996 			 0.0 			522.480996
g3	 59 	 350.954412 			 0.0 			350.954412
g3	 60 	 482.109364 			 0.0 			482.109364
g3	 61 	 350.954412 			 0.0 			350.954412
g3	 62 	 350.954412 			 0.0 			350.954412
g3	 63 	 222.796187 			 0.0 			222.796187
g3	 64 	 350.954412 			 0.0 			350.954412
g3	 65 	 350.954412 			 0.0 			350.954412
g3	 66 	 350.954412 			 0.0 			350.954412
g3	 67 	 222.796187 			 0.0 			222.796187
g3	 68 	 350.954412 			 0.0 			350.954412
g3	 69 	 350.954412 			 0.0 			350.954412
g3	 70 	 222.796187 			 0.0 			222.796187
g3	 71 	 350.954412 			 0.0 			350.954412
g3	 72 	 350.954412 			 0.0 			350.954412
g3	 73 	 350.954412 			 0.0 			350.954412
g3	 74 	 222.796187 			 0.0 			222.796187
g3	 75 	 350.954412 			 0.0 			350.954412
g3	 76 	 522.662177 			 0.0 			522.662177
g3	 77 	 350.954412 			 0.0 			350.954412
g3	 78 	 350.954412 			 0.0 			350.954412
g3	 79 	 350.954412 			 0.0 			350.954412
g3	 80 	 350.954412 			 0.0 			350.954412
g3	 81 	 350.954412 			 0.0 			350.954412
g3	 82 	 222.796187 			 0.0 			222.796187
g3	 83 	 350.954412 			 0.0 			350.954412
g3	 84 	 350.954412 			 0.0 			350.954412
g3	 85 	 350.954412 			 0.0 			350.954412
g3	 86 	 350.954412 			 0.0 			350.954412
g3	 87 	 350.954412 			 0.0 			350.954412
g3	 88 	 350.954412 			 0.0 			350.954412
g3	 89 	 350.954412 			 0.0 			350.954412
g3	 90 	 442.564603 			 0.0 			442.564603
g3	 91 	 299.601851 			 0.0 			299.601851
g3	 92 	 171.443626 			 0.0 			171.443626
g3	 93 	 0.0 			 0.0 			0.0
g3	 94 	 0.0 			 0.0 			0.0
g3	 95 	 0.0 			 0.0 			0.0
g3	 96 	 0.0 			 0.0 			0.0
----------------------------------------------------------------------------------------------------
g4	 1 	 0.0 			 0.0 			0.0
g4	 2 	 0.0 			 0.0 			0.0
g4	 3 	 0.0 			 0.0 			0.0
g4	 4 	 0.0 			 0.0 			0.0
g4	 5 	 0.0 			 0.0 			0.0
g4	 6 	 0.0 			 0.0 			0.0
g4	 7 	 0.0 			 0.0 			0.0
g4	 8 	 0.0 			 0.0 			0.0
g4	 9 	 0.0 			 0.0 			0.0
g4	 10 	 0.0 			 0.0 			0.0
g4	 11 	 0.0 			 0.0 			0.0
g4	 12 	 0.0 			 0.0 			0.0
g4	 13 	 0.0 			 0.0 			0.0
g4	 14 	 0.0 			 0.0 			0.0
g4	 15 	 0.0 			 0.0 			0.0
g4	 16 	 0.0 			 0.0 			0.0
g4	 17 	 0.0 			 0.0 			0.0
g4	 18 	 0.0 			 0.0 			0.0
g4	 19 	 0.0 			 0.0 			0.0
g4	 20 	 0.0 			 0.0 			0.0
g4	 21 	 0.0 			 0.0 			0.0
g4	 22 	 0.0 			 0.0 			0.0
g4	 23 	 0.0 			 0.0 			0.0
g4	 24 	 0.0 			 0.0 			0.0
g4	 25 	 0.0 			 0.0 			0.0
g4	 26 	 0.0 			 0.0 			0.0
g4	 27 	 0.0 			 0.0 			0.0
g4	 28 	 0.0 			 0.0 			0.0
g4	 29 	 0.0 			 0.0 			0.0
g4	 30 	 0.0 			 0.0 			0.0
g4	 31 	 0.0 			 0.0 			0.0
g4	 32 	 0.0 			 0.0 			0.0
g4	 33 	 0.0 			 0.0 			0.0
g4	 34 	 0.0 			 0.0 			0.0
g4	 35 	 0.0 			 0.0 			0.0
g4	 36 	 0.0 			 0.0 			0.0
g4	 37 	 0.0 			 0.0 			0.0
g4	 38 	 0.0 			 0.0 			0.0
g4	 39 	 0.0 			 0.0 			0.0
g4	 40 	 0.0 			 0.0 			0.0
g4	 41 	 0.0 			 0.0 			0.0
g4	 42 	 0.0 			 0.0 			0.0
g4	 43 	 0.0 			 0.0 			0.0
g4	 44 	 0.0 			 0.0 			0.0
g4	 45 	 0.0 			 0.0 			0.0
g4	 46 	 0.0 			 0.0 			0.0
g4	 47 	 0.0 			 0.0 			0.0
g4	 48 	 0.0 			 0.0 			0.0
g4	 49 	 0.0 			 0.0 			0.0
g4	 50 	 0.0 			 0.0 			0.0
g4	 51 	 0.0 			 0.0 			0.0
g4	 52 	 0.0 			 0.0 			0.0
g4	 53 	 0.0 			 0.0 			0.0
g4	 54 	 0.0 			 0.0 			0.0
g4	 55 	 0.0 			 0.0 			0.0
g4	 56 	 0.0 			 0.0 			0.0
g4	 57 	 0.0 			 0.0 			0.0
g4	 58 	 0.0 			 0.0 			0.0
g4	 59 	 0.0 			 0.0 			0.0
g4	 60 	 0.0 			 0.0 			0.0
g4	 61 	 0.0 			 0.0 			0.0
g4	 62 	 0.0 			 0.0 			0.0
g4	 63 	 0.0 			 0.0 			0.0
g4	 64 	 0.0 			 0.0 			0.0
g4	 65 	 0.0 			 0.0 			0.0
g4	 66 	 0.0 			 0.0 			0.0
g4	 67 	 0.0 			 0.0 			0.0
g4	 68 	 0.0 			 0.0 			0.0
g4	 69 	 0.0 			 0.0 			0.0
g4	 70 	 0.0 			 0.0 			0.0
g4	 71 	 0.0 			 0.0 			0.0
g4	 72 	 0.0 			 0.0 			0.0
g4	 73 	 0.0 			 0.0 			0.0
g4	 74 	 0.0 			 0.0 			0.0
g4	 75 	 0.0 			 0.0 			0.0
g4	 76 	 0.0 			 0.0 			0.0
g4	 77 	 0.0 			 0.0 			0.0
g4	 78 	 0.0 			 0.0 			0.0
g4	 79 	 0.0 			 0.0 			0.0
g4	 80 	 0.0 			 0.0 			0.0
g4	 81 	 0.0 			 0.0 			0.0
g4	 82 	 0.0 			 0.0 			0.0
g4	 83 	 0.0 			 0.0 			0.0
g4	 84 	 0.0 			 0.0 			0.0
g4	 85 	 0.0 			 0.0 			0.0
g4	 86 	 0.0 			 0.0 			0.0
g4	 87 	 0.0 			 0.0 			0.0
g4	 88 	 0.0 			 0.0 			0.0
g4	 89 	 0.0 			 0.0 			0.0
g4	 90 	 0.0 			 0.0 			0.0
g4	 91 	 0.0 			 0.0 			0.0
g4	 92 	 0.0 			 0.0 			0.0
g4	 93 	 0.0 			 0.0 			0.0
g4	 94 	 0.0 			 0.0 			0.0
g4	 95 	 0.0 			 0.0 			0.0
g4	 96 	 0.0 			 0.0 			0.0
----------------------------------------------------------------------------------------------------
g5	 1 	 0.0 			 0.0 			0.0
g5	 2 	 0.0 			 0.0 			0.0
g5	 3 	 0.0 			 0.0 			0.0
g5	 4 	 0.0 			 0.0 			0.0
g5	 5 	 345.946725 			 6821.79 			7167.736725
g5	 6 	 348.846531 			 0.0 			348.846531
g5	 7 	 348.846531 			 0.0 			348.846531
g5	 8 	 213.96434 			 0.0 			213.96434
g5	 9 	 348.846531 			 0.0 			348.846531
g5	 10 	 348.846531 			 0.0 			348.846531
g5	 11 	 348.278772 			 0.0 			348.278772
g5	 12 	 348.846531 			 0.0 			348.846531
g5	 13 	 282.4343 			 0.0 			282.4343
g5	 14 	 348.846531 			 0.0 			348.846531
g5	 15 	 348.846531 			 0.0 			348.846531
g5	 16 	 213.96434 			 0.0 			213.96434
g5	 17 	 348.846531 			 0.0 			348.846531
g5	 18 	 290.067591 			 0.0 			290.067591
g5	 19 	 348.846531 			 0.0 			348.846531
g5	 20 	 213.96434 			 0.0 			213.96434
g5	 21 	 348.846531 			 0.0 			348.846531
g5	 22 	 348.846531 			 0.0 			348.846531
g5	 23 	 348.846531 			 0.0 			348.846531
g5	 24 	 348.846531 			 0.0 			348.846531
g5	 25 	 348.846531 			 0.0 			348.846531
g5	 26 	 348.846531 			 0.0 			348.846531
g5	 27 	 348.846531 			 0.0 			348.846531
g5	 28 	 348.846531 			 0.0 			348.846531
g5	 29 	 348.846531 			 0.0 			348.846531
g5	 30 	 348.846531 			 0.0 			348.846531
g5	 31 	 348.846531 			 0.0 			348.846531
g5	 32 	 348.846531 			 0.0 			348.846531
g5	 33 	 348.846531 			 0.0 			348.846531
g5	 34 	 348.846531 			 0.0 			348.846531
g5	 35 	 348.846531 			 0.0 			348.846531
g5	 36 	 348.846531 			 0.0 			348.846531
g5	 37 	 348.846531 			 0.0 			348.846531
g5	 38 	 348.846531 			 0.0 			348.846531
g5	 39 	 213.96434 			 0.0 			213.96434
g5	 40 	 348.846531 			 0.0 			348.846531
g5	 41 	 348.846531 			 0.0 			348.846531
g5	 42 	 348.846531 			 0.0 			348.846531
g5	 43 	 348.846531 			 0.0 			348.846531
g5	 44 	 348.846531 			 0.0 			348.846531
g5	 45 	 348.846531 			 0.0 			348.846531
g5	 46 	 348.846531 			 0.0 			348.846531
g5	 47 	 348.846531 			 0.0 			348.846531
g5	 48 	 229.158715 			 0.0 			229.158715
g5	 49 	 367.424592 			 0.0 			367.424592
g5	 50 	 513.766082 			 0.0 			513.766082
g5	 51 	 348.846531 			 0.0 			348.846531
g5	 52 	 348.846531 			 0.0 			348.846531
g5	 53 	 213.96434 			 0.0 			213.96434
g5	 54 	 348.846531 			 0.0 			348.846531
g5	 55 	 348.846531 			 0.0 			348.846531
g5	 56 	 348.846531 			 0.0 			348.846531
g5	 57 	 348.846531 			 0.0 			348.846531
g5	 58 	 513.766082 			 0.0 			513.766082
g5	 59 	 348.846531 			 0.0 			348.846531
g5	 60 	 513.766082 			 0.0 			513.766082
g5	 61 	 348.846531 			 0.0 			348.846531
g5	 62 	 348.846531 			 0.0 			348.846531
g5	 63 	 213.96434 			 0.0 			213.96434
g5	 64 	 348.846531 			 0.0 			348.846531
g5	 65 	 348.846531 			 0.0 			348.846531
g5	 66 	 348.846531 			 0.0 			348.846531
g5	 67 	 213.96434 			 0.0 			213.96434
g5	 68 	 348.846531 			 0.0 			348.846531
g5	 69 	 348.846531 			 0.0 			348.846531
g5	 70 	 213.96434 			 0.0 			213.96434
g5	 71 	 348.846531 			 0.0 			348.846531
g5	 72 	 348.846531 			 0.0 			348.846531
g5	 73 	 348.846531 			 0.0 			348.846531
g5	 74 	 213.96434 			 0.0 			213.96434
g5	 75 	 348.846531 			 0.0 			348.846531
g5	 76 	 513.766082 			 0.0 			513.766082
g5	 77 	 348.846531 			 0.0 			348.846531
g5	 78 	 348.846531 			 0.0 			348.846531
g5	 79 	 348.846531 			 0.0 			348.846531
g5	 80 	 348.846531 			 0.0 			348.846531
g5	 81 	 348.846531 			 0.0 			348.846531
g5	 82 	 213.96434 			 0.0 			213.96434
g5	 83 	 348.846531 			 0.0 			348.846531
g5	 84 	 348.846531 			 0.0 			348.846531
g5	 85 	 348.846531 			 0.0 			348.846531
g5	 86 	 348.846531 			 0.0 			348.846531
g5	 87 	 513.766082 			 0.0 			513.766082
g5	 88 	 348.846531 			 0.0 			348.846531
g5	 89 	 348.846531 			 0.0 			348.846531
g5	 90 	 513.766082 			 0.0 			513.766082
g5	 91 	 348.846531 			 0.0 			348.846531
g5	 92 	 213.96434 			 0.0 			213.96434
g5	 93 	 348.846531 			 0.0 			348.846531
g5	 94 	 348.846531 			 0.0 			348.846531
g5	 95 	 348.846531 			 0.0 			348.846531
g5	 96 	 348.846531 			 0.0 			348.846531
----------------------------------------------------------------------------------------------------
 
unit 	 generation 	 generation cost 	 start-up cost 	 total cost
----------------------------------------------------------------------------------------------------
g1 	 6359.574074			236669.384877			 0.000000		 236669.384877
g2 	 524.245550			33959.654137			 10598.130000		 44557.784137
g3 	 239.185377			16155.546892			 4595.430000		 20750.976892
g4 	 0.000000			0.000000			 0.000000		 0.000000
g5 	 506.628137			31369.925566			 6821.790000		 38191.715566
----------------------------------------------------------------------------------------------------
 
generation cost 	 start-up cost 		 total cost
----------------------------------------------------------------------------------------------------
318154.5114719996 			 22015.35 			 340169.86147199967
----------------------------------------------------------------------------------------------------
uplift payment for generator g1: 339659.598962
uplift payment for generator g2: 143011.610023
uplift payment for generator g3: 475397.695392
uplift payment for generator g4: 0.0
uplift payment for generator g5: 321655.140823
 
****************************************************************************************************
 
rtm Systemwide prices
----------------------------------------------------------------------------------------------------
time	 energy 	 up-FRP 	 dw-FRP
----------------------------------------------------------------------------------------------------
1 	 9.614507 		 0.0 		 0.0
2 	 9.614507 		 0.0 		 0.0
3 	 2480.582833 		 0.0 		 0.0
4 	 2500.0 		 0.0 		 0.0
5 	 9.014683 		 0.0 		 0.0
6 	 9.614507 		 0.0 		 0.0
7 	 2500.0 		 0.0 		 0.0
8 	 2481.334175 		 0.0 		 0.0
9 	 9.408671 		 0.0 		 0.0
10 	 9.408671 		 0.0 		 0.0
11 	 9.014683 		 0.0 		 0.0
12 	 10.402484 		 0.0 		 0.0
13 	 9.014683 		 0.0 		 0.0
14 	 9.408671 		 0.0 		 0.0
15 	 9.408671 		 0.0 		 0.0
16 	 2480.78867 		 0.0 		 0.0
17 	 2500.0 		 0.0 		 0.0
18 	 9.014683 		 0.0 		 0.0
19 	 2500.0 		 0.0 		 0.0
20 	 2481.182658 		 0.0 		 0.0
21 	 9.408671 		 0.0 		 0.0
22 	 9.408671 		 0.0 		 0.0
23 	 9.408671 		 0.0 		 0.0
24 	 9.408671 		 0.0 		 0.0
25 	 9.408671 		 0.0 		 0.0
26 	 9.457625 		 0.0 		 0.0
27 	 9.408671 		 0.0 		 0.0
28 	 9.408671 		 0.0 		 0.0
29 	 9.457625 		 0.0 		 0.0
30 	 9.457625 		 0.0 		 0.0
31 	 9.614507 		 0.0 		 0.0
32 	 9.614507 		 0.0 		 0.0
33 	 9.614507 		 0.0 		 0.0
34 	 9.408671 		 0.0 		 0.0
35 	 9.408671 		 0.0 		 0.0
36 	 9.614507 		 0.0 		 0.0
37 	 9.879319 		 0.0 		 0.0
38 	 2500.0 		 0.0 		 0.0
39 	 4971.627126 		 0.0 		 0.0
40 	 2500.0 		 0.0 		 0.0
41 	 9.614507 		 0.0 		 0.0
42 	 9.614507 		 0.0 		 0.0
43 	 9.614507 		 0.0 		 0.0
44 	 9.614507 		 0.0 		 0.0
45 	 9.457625 		 0.0 		 0.0
46 	 9.614507 		 0.0 		 0.0
47 	 9.457625 		 0.0 		 0.0
48 	 2479.963125 		 0.0 		 0.0
49 	 2500.0 		 0.0 		 0.0
50 	 2500.0 		 0.0 		 0.0
51 	 2479.628249 		 0.0 		 0.0
52 	 2500.0 		 0.0 		 0.0
53 	 2480.3565 		 0.0 		 0.0
54 	 9.300742 		 0.0 		 0.0
55 	 9.614507 		 0.0 		 0.0
56 	 9.614507 		 0.0 		 0.0
57 	 2479.283869 		 0.0 		 0.0
58 	 2500.0 		 0.0 		 0.0
59 	 10.185876 		 0.0 		 0.0
60 	 11.862367 		 0.0 		 0.0
61 	 9.614507 		 0.0 		 0.0
62 	 9.614507 		 0.0 		 0.0
63 	 2480.3565 		 0.0 		 0.0
64 	 2500.0 		 0.0 		 0.0
65 	 9.614507 		 0.0 		 0.0
66 	 9.614507 		 0.0 		 0.0
67 	 2480.3565 		 0.0 		 0.0
68 	 2500.0 		 0.0 		 0.0
69 	 2500.0 		 0.0 		 0.0
70 	 4970.170624 		 0.0 		 0.0
71 	 2500.0 		 0.0 		 0.0
72 	 9.614507 		 0.0 		 0.0
73 	 9.614507 		 0.0 		 0.0
74 	 2480.770985 		 0.0 		 0.0
75 	 2500.0 		 0.0 		 0.0
76 	 12.479746 		 0.0 		 0.0
77 	 9.614507 		 0.0 		 0.0
78 	 9.614507 		 0.0 		 0.0
79 	 9.614507 		 0.0 		 0.0
80 	 9.614507 		 0.0 		 0.0
81 	 2500.0 		 0.0 		 0.0
82 	 2480.3565 		 0.0 		 0.0
83 	 9.614507 		 0.0 		 0.0
84 	 9.457625 		 0.0 		 0.0
85 	 9.614507 		 0.0 		 0.0
86 	 9.614507 		 0.0 		 0.0
87 	 11.328613 		 0.0 		 0.0
88 	 9.614507 		 0.0 		 0.0
89 	 9.614507 		 0.0 		 0.0
90 	 11.862367 		 0.0 		 0.0
91 	 2500.0 		 0.0 		 0.0
92 	 4971.362314 		 0.0 		 0.0
93 	 2500.0 		 0.0 		 0.0
94 	 9.408671 		 0.0 		 0.0
95 	 9.408671 		 0.0 		 0.0
96 	 9.614507 		 0.0 		 0.0
 
****************************************************************************************************
 
rtm Post-uplift payments
----------------------------------------------------------------------------------------------------------------------------------------------------
unit 	 generation payment 	 up-FRP payment 	 dw-FRP payment 	pre-up t. payment 	 uplift payments 	 post-up t. payment 	 profit
----------------------------------------------------------------------------------------------------------------------------------------------------
 g1 	 -372467.886830			 0.000000			 0.000000			 -372467.886830			 339659.598962			 -32808.287868		 0.000000
 g2 	 -121478.590728			 0.000000			 0.000000			 -121478.590728			 143011.610023			 21533.019295		 -0.000000
 g3 	 -467856.124431			 0.000000			 0.000000			 -467856.124431			 475397.695392			 7541.570961		 0.000000
 g4 	 0.000000			 0.000000			 0.000000			 0.000000			 0.000000			 0.000000		 0.000000
 g5 	 -307809.640474			 0.000000			 0.000000			 -307809.640474			 321655.140823			 13845.500349		 0.000000
****************************************************************************************************
 
Total generator payments
----------------------------------------------------------------------------------------------------------------------------------------------------
unit 	 generation payment 	 up-FRP payment 	 dw-FRP payment 	pre-up t. payment 	 uplift payments 	 post-up t. payment 	 profit
----------------------------------------------------------------------------------------------------------------------------------------------------
 g1 	 -105500.339907			 2510.125822			 0.000000			 -102990.214085			 339659.598962			 236669.384877		 0.000000
 g2 	 -99231.548442			 777.722556			 0.000000			 -98453.825886			 143011.610023			 44557.784137		 -0.000000
 g3 	 -455248.719736			 602.001236			 0.000000			 -454646.718500			 475397.695392			 20750.976892		 0.000000
 g4 	 0.000000			 0.000000			 0.000000			 0.000000			 0.000000			 0.000000		 0.000000
 g5 	 -286030.656474			 2567.231217			 0.000000			 -283463.425257			 321655.140823			 38191.715566		 0.000000
 
****************************************************************************************************
 
rtm LMP
----------------------------------------------------------------------------------------------------
bus name 	 time 		 LMP
----------------------------------------------------------------------------------------------------
b1 		 1 		 9.614507
b1 		 2 		 9.614507
b1 		 3 		 2480.582833
b1 		 4 		 2500.0
b1 		 5 		 9.014683
b1 		 6 		 9.614507
b1 		 7 		 2500.0
b1 		 8 		 2481.334175
b1 		 9 		 9.408671
b1 		 10 		 9.408671
b1 		 11 		 9.014683
b1 		 12 		 10.402484
b1 		 13 		 9.014683
b1 		 14 		 9.408671
b1 		 15 		 9.408671
b1 		 16 		 2480.78867
b1 		 17 		 2500.0
b1 		 18 		 9.014683
b1 		 19 		 2500.0
b1 		 20 		 2481.182658
b1 		 21 		 9.408671
b1 		 22 		 9.408671
b1 		 23 		 9.408671
b1 		 24 		 9.408671
b1 		 25 		 9.408671
b1 		 26 		 9.457625
b1 		 27 		 9.408671
b1 		 28 		 9.408671
b1 		 29 		 9.457625
b1 		 30 		 9.457625
b1 		 31 		 9.614507
b1 		 32 		 9.614507
b1 		 33 		 9.614507
b1 		 34 		 9.408671
b1 		 35 		 9.408671
b1 		 36 		 9.614507
b1 		 37 		 9.879319
b1 		 38 		 2500.0
b1 		 39 		 4971.627126
b1 		 40 		 2500.0
b1 		 41 		 9.614507
b1 		 42 		 9.614507
b1 		 43 		 9.614507
b1 		 44 		 9.614507
b1 		 45 		 9.457625
b1 		 46 		 9.614507
b1 		 47 		 9.457625
b1 		 48 		 2479.963125
b1 		 49 		 2500.0
b1 		 50 		 2500.0
b1 		 51 		 2479.628249
b1 		 52 		 2500.0
b1 		 53 		 2480.3565
b1 		 54 		 9.300742
b1 		 55 		 9.614507
b1 		 56 		 9.614507
b1 		 57 		 2479.283869
b1 		 58 		 2500.0
b1 		 59 		 10.185876
b1 		 60 		 11.862367
b1 		 61 		 9.614507
b1 		 62 		 9.614507
b1 		 63 		 2480.3565
b1 		 64 		 2500.0
b1 		 65 		 9.614507
b1 		 66 		 9.614507
b1 		 67 		 2480.3565
b1 		 68 		 2500.0
b1 		 69 		 2500.0
b1 		 70 		 4970.170624
b1 		 71 		 2500.0
b1 		 72 		 9.614507
b1 		 73 		 9.614507
b1 		 74 		 2480.770985
b1 		 75 		 2500.0
b1 		 76 		 12.479746
b1 		 77 		 9.614507
b1 		 78 		 9.614507
b1 		 79 		 9.614507
b1 		 80 		 9.614507
b1 		 81 		 2500.0
b1 		 82 		 2480.3565
b1 		 83 		 9.614507
b1 		 84 		 9.457625
b1 		 85 		 9.614507
b1 		 86 		 9.614507
b1 		 87 		 11.328613
b1 		 88 		 9.614507
b1 		 89 		 9.614507
b1 		 90 		 11.862367
b1 		 91 		 2500.0
b1 		 92 		 4971.362314
b1 		 93 		 2500.0
b1 		 94 		 9.408671
b1 		 95 		 9.408671
b1 		 96 		 9.614507
----------------------------------------------------------------------------------------------------
b2 		 1 		 9.614507
b2 		 2 		 9.614507
b2 		 3 		 2480.582833
b2 		 4 		 2500.0
b2 		 5 		 9.014683
b2 		 6 		 9.614507
b2 		 7 		 2500.0
b2 		 8 		 2481.334175
b2 		 9 		 9.408671
b2 		 10 		 9.408671
b2 		 11 		 9.014683
b2 		 12 		 10.402484
b2 		 13 		 9.014683
b2 		 14 		 9.408671
b2 		 15 		 9.408671
b2 		 16 		 2480.78867
b2 		 17 		 2500.0
b2 		 18 		 9.014683
b2 		 19 		 2500.0
b2 		 20 		 2481.182658
b2 		 21 		 9.408671
b2 		 22 		 9.408671
b2 		 23 		 9.408671
b2 		 24 		 9.408671
b2 		 25 		 9.408671
b2 		 26 		 9.457625
b2 		 27 		 9.408671
b2 		 28 		 9.408671
b2 		 29 		 9.457625
b2 		 30 		 9.457625
b2 		 31 		 9.614507
b2 		 32 		 9.614507
b2 		 33 		 9.614507
b2 		 34 		 9.408671
b2 		 35 		 9.408671
b2 		 36 		 9.614507
b2 		 37 		 9.879319
b2 		 38 		 2500.0
b2 		 39 		 4971.627126
b2 		 40 		 2500.0
b2 		 41 		 9.614507
b2 		 42 		 9.614507
b2 		 43 		 9.614507
b2 		 44 		 9.614507
b2 		 45 		 9.457625
b2 		 46 		 9.614507
b2 		 47 		 9.457625
b2 		 48 		 2479.963125
b2 		 49 		 2500.0
b2 		 50 		 2500.0
b2 		 51 		 2479.628249
b2 		 52 		 2500.0
b2 		 53 		 2480.3565
b2 		 54 		 9.300742
b2 		 55 		 9.614507
b2 		 56 		 9.614507
b2 		 57 		 2479.283869
b2 		 58 		 2500.0
b2 		 59 		 10.185876
b2 		 60 		 11.862367
b2 		 61 		 9.614507
b2 		 62 		 9.614507
b2 		 63 		 2480.3565
b2 		 64 		 2500.0
b2 		 65 		 9.614507
b2 		 66 		 9.614507
b2 		 67 		 2480.3565
b2 		 68 		 2500.0
b2 		 69 		 2500.0
b2 		 70 		 4970.170624
b2 		 71 		 2500.0
b2 		 72 		 9.614507
b2 		 73 		 9.614507
b2 		 74 		 2480.770985
b2 		 75 		 2500.0
b2 		 76 		 12.479746
b2 		 77 		 9.614507
b2 		 78 		 9.614507
b2 		 79 		 9.614507
b2 		 80 		 9.614507
b2 		 81 		 2500.0
b2 		 82 		 2480.3565
b2 		 83 		 9.614507
b2 		 84 		 9.457625
b2 		 85 		 9.614507
b2 		 86 		 9.614507
b2 		 87 		 11.328613
b2 		 88 		 9.614507
b2 		 89 		 9.614507
b2 		 90 		 11.862367
b2 		 91 		 2500.0
b2 		 92 		 4971.362314
b2 		 93 		 2500.0
b2 		 94 		 9.408671
b2 		 95 		 9.408671
b2 		 96 		 9.614507
----------------------------------------------------------------------------------------------------
b3 		 1 		 9.614507
b3 		 2 		 9.614507
b3 		 3 		 2480.582833
b3 		 4 		 2500.0
b3 		 5 		 9.014683
b3 		 6 		 9.614507
b3 		 7 		 2500.0
b3 		 8 		 2481.334175
b3 		 9 		 9.408671
b3 		 10 		 9.408671
b3 		 11 		 9.014683
b3 		 12 		 10.402484
b3 		 13 		 9.014683
b3 		 14 		 9.408671
b3 		 15 		 9.408671
b3 		 16 		 2480.78867
b3 		 17 		 2500.0
b3 		 18 		 9.014683
b3 		 19 		 2500.0
b3 		 20 		 2481.182658
b3 		 21 		 9.408671
b3 		 22 		 9.408671
b3 		 23 		 9.408671
b3 		 24 		 9.408671
b3 		 25 		 9.408671
b3 		 26 		 9.457625
b3 		 27 		 9.408671
b3 		 28 		 9.408671
b3 		 29 		 9.457625
b3 		 30 		 9.457625
b3 		 31 		 9.614507
b3 		 32 		 9.614507
b3 		 33 		 9.614507
b3 		 34 		 9.408671
b3 		 35 		 9.408671
b3 		 36 		 9.614507
b3 		 37 		 9.879319
b3 		 38 		 2500.0
b3 		 39 		 4971.627126
b3 		 40 		 2500.0
b3 		 41 		 9.614507
b3 		 42 		 9.614507
b3 		 43 		 9.614507
b3 		 44 		 9.614507
b3 		 45 		 9.457625
b3 		 46 		 9.614507
b3 		 47 		 9.457625
b3 		 48 		 2479.963125
b3 		 49 		 2500.0
b3 		 50 		 2500.0
b3 		 51 		 2479.628249
b3 		 52 		 2500.0
b3 		 53 		 2480.3565
b3 		 54 		 9.300742
b3 		 55 		 9.614507
b3 		 56 		 9.614507
b3 		 57 		 2479.283869
b3 		 58 		 2500.0
b3 		 59 		 10.185876
b3 		 60 		 11.862367
b3 		 61 		 9.614507
b3 		 62 		 9.614507
b3 		 63 		 2480.3565
b3 		 64 		 2500.0
b3 		 65 		 9.614507
b3 		 66 		 9.614507
b3 		 67 		 2480.3565
b3 		 68 		 2500.0
b3 		 69 		 2500.0
b3 		 70 		 4970.170624
b3 		 71 		 2500.0
b3 		 72 		 9.614507
b3 		 73 		 9.614507
b3 		 74 		 2480.770985
b3 		 75 		 2500.0
b3 		 76 		 12.479746
b3 		 77 		 9.614507
b3 		 78 		 9.614507
b3 		 79 		 9.614507
b3 		 80 		 9.614507
b3 		 81 		 2500.0
b3 		 82 		 2480.3565
b3 		 83 		 9.614507
b3 		 84 		 9.457625
b3 		 85 		 9.614507
b3 		 86 		 9.614507
b3 		 87 		 11.328613
b3 		 88 		 9.614507
b3 		 89 		 9.614507
b3 		 90 		 11.862367
b3 		 91 		 2500.0
b3 		 92 		 4971.362314
b3 		 93 		 2500.0
b3 		 94 		 9.408671
b3 		 95 		 9.408671
b3 		 96 		 9.614507
----------------------------------------------------------------------------------------------------
b4 		 1 		 9.614507
b4 		 2 		 9.614507
b4 		 3 		 2480.582833
b4 		 4 		 2500.0
b4 		 5 		 9.014683
b4 		 6 		 9.614507
b4 		 7 		 2500.0
b4 		 8 		 2481.334175
b4 		 9 		 9.408671
b4 		 10 		 9.408671
b4 		 11 		 9.014683
b4 		 12 		 10.402484
b4 		 13 		 9.014683
b4 		 14 		 9.408671
b4 		 15 		 9.408671
b4 		 16 		 2480.78867
b4 		 17 		 2500.0
b4 		 18 		 9.014683
b4 		 19 		 2500.0
b4 		 20 		 2481.182658
b4 		 21 		 9.408671
b4 		 22 		 9.408671
b4 		 23 		 9.408671
b4 		 24 		 9.408671
b4 		 25 		 9.408671
b4 		 26 		 9.457625
b4 		 27 		 9.408671
b4 		 28 		 9.408671
b4 		 29 		 9.457625
b4 		 30 		 9.457625
b4 		 31 		 9.614507
b4 		 32 		 9.614507
b4 		 33 		 9.614507
b4 		 34 		 9.408671
b4 		 35 		 9.408671
b4 		 36 		 9.614507
b4 		 37 		 9.879319
b4 		 38 		 2500.0
b4 		 39 		 4971.627126
b4 		 40 		 2500.0
b4 		 41 		 9.614507
b4 		 42 		 9.614507
b4 		 43 		 9.614507
b4 		 44 		 9.614507
b4 		 45 		 9.457625
b4 		 46 		 9.614507
b4 		 47 		 9.457625
b4 		 48 		 2479.963125
b4 		 49 		 2500.0
b4 		 50 		 2500.0
b4 		 51 		 2479.628249
b4 		 52 		 2500.0
b4 		 53 		 2480.3565
b4 		 54 		 9.300742
b4 		 55 		 9.614507
b4 		 56 		 9.614507
b4 		 57 		 2479.283869
b4 		 58 		 2500.0
b4 		 59 		 10.185876
b4 		 60 		 11.862367
b4 		 61 		 9.614507
b4 		 62 		 9.614507
b4 		 63 		 2480.3565
b4 		 64 		 2500.0
b4 		 65 		 9.614507
b4 		 66 		 9.614507
b4 		 67 		 2480.3565
b4 		 68 		 2500.0
b4 		 69 		 2500.0
b4 		 70 		 4970.170624
b4 		 71 		 2500.0
b4 		 72 		 9.614507
b4 		 73 		 9.614507
b4 		 74 		 2480.770985
b4 		 75 		 2500.0
b4 		 76 		 12.479746
b4 		 77 		 9.614507
b4 		 78 		 9.614507
b4 		 79 		 9.614507
b4 		 80 		 9.614507
b4 		 81 		 2500.0
b4 		 82 		 2480.3565
b4 		 83 		 9.614507
b4 		 84 		 9.457625
b4 		 85 		 9.614507
b4 		 86 		 9.614507
b4 		 87 		 11.328613
b4 		 88 		 9.614507
b4 		 89 		 9.614507
b4 		 90 		 11.862367
b4 		 91 		 2500.0
b4 		 92 		 4971.362314
b4 		 93 		 2500.0
b4 		 94 		 9.408671
b4 		 95 		 9.408671
b4 		 96 		 9.614507
----------------------------------------------------------------------------------------------------
b5 		 1 		 9.614507
b5 		 2 		 9.614507
b5 		 3 		 2480.582833
b5 		 4 		 2500.0
b5 		 5 		 9.014683
b5 		 6 		 9.614507
b5 		 7 		 2500.0
b5 		 8 		 2481.334175
b5 		 9 		 9.408671
b5 		 10 		 9.408671
b5 		 11 		 9.014683
b5 		 12 		 10.402484
b5 		 13 		 9.014683
b5 		 14 		 9.408671
b5 		 15 		 9.408671
b5 		 16 		 2480.78867
b5 		 17 		 2500.0
b5 		 18 		 9.014683
b5 		 19 		 2500.0
b5 		 20 		 2481.182658
b5 		 21 		 9.408671
b5 		 22 		 9.408671
b5 		 23 		 9.408671
b5 		 24 		 9.408671
b5 		 25 		 9.408671
b5 		 26 		 9.457625
b5 		 27 		 9.408671
b5 		 28 		 9.408671
b5 		 29 		 9.457625
b5 		 30 		 9.457625
b5 		 31 		 9.614507
b5 		 32 		 9.614507
b5 		 33 		 9.614507
b5 		 34 		 9.408671
b5 		 35 		 9.408671
b5 		 36 		 9.614507
b5 		 37 		 9.879319
b5 		 38 		 2500.0
b5 		 39 		 4971.627126
b5 		 40 		 2500.0
b5 		 41 		 9.614507
b5 		 42 		 9.614507
b5 		 43 		 9.614507
b5 		 44 		 9.614507
b5 		 45 		 9.457625
b5 		 46 		 9.614507
b5 		 47 		 9.457625
b5 		 48 		 2479.963125
b5 		 49 		 2500.0
b5 		 50 		 2500.0
b5 		 51 		 2479.628249
b5 		 52 		 2500.0
b5 		 53 		 2480.3565
b5 		 54 		 9.300742
b5 		 55 		 9.614507
b5 		 56 		 9.614507
b5 		 57 		 2479.283869
b5 		 58 		 2500.0
b5 		 59 		 10.185876
b5 		 60 		 11.862367
b5 		 61 		 9.614507
b5 		 62 		 9.614507
b5 		 63 		 2480.3565
b5 		 64 		 2500.0
b5 		 65 		 9.614507
b5 		 66 		 9.614507
b5 		 67 		 2480.3565
b5 		 68 		 2500.0
b5 		 69 		 2500.0
b5 		 70 		 4970.170624
b5 		 71 		 2500.0
b5 		 72 		 9.614507
b5 		 73 		 9.614507
b5 		 74 		 2480.770985
b5 		 75 		 2500.0
b5 		 76 		 12.479746
b5 		 77 		 9.614507
b5 		 78 		 9.614507
b5 		 79 		 9.614507
b5 		 80 		 9.614507
b5 		 81 		 2500.0
b5 		 82 		 2480.3565
b5 		 83 		 9.614507
b5 		 84 		 9.457625
b5 		 85 		 9.614507
b5 		 86 		 9.614507
b5 		 87 		 11.328613
b5 		 88 		 9.614507
b5 		 89 		 9.614507
b5 		 90 		 11.862367
b5 		 91 		 2500.0
b5 		 92 		 4971.362314
b5 		 93 		 2500.0
b5 		 94 		 9.408671
b5 		 95 		 9.408671
b5 		 96 		 9.614507
----------------------------------------------------------------------------------------------------
b6 		 1 		 9.614507
b6 		 2 		 9.614507
b6 		 3 		 2480.582833
b6 		 4 		 2500.0
b6 		 5 		 9.014683
b6 		 6 		 9.614507
b6 		 7 		 2500.0
b6 		 8 		 2481.334175
b6 		 9 		 9.408671
b6 		 10 		 9.408671
b6 		 11 		 9.014683
b6 		 12 		 10.402484
b6 		 13 		 9.014683
b6 		 14 		 9.408671
b6 		 15 		 9.408671
b6 		 16 		 2480.78867
b6 		 17 		 2500.0
b6 		 18 		 9.014683
b6 		 19 		 2500.0
b6 		 20 		 2481.182658
b6 		 21 		 9.408671
b6 		 22 		 9.408671
b6 		 23 		 9.408671
b6 		 24 		 9.408671
b6 		 25 		 9.408671
b6 		 26 		 9.457625
b6 		 27 		 9.408671
b6 		 28 		 9.408671
b6 		 29 		 9.457625
b6 		 30 		 9.457625
b6 		 31 		 9.614507
b6 		 32 		 9.614507
b6 		 33 		 9.614507
b6 		 34 		 9.408671
b6 		 35 		 9.408671
b6 		 36 		 9.614507
b6 		 37 		 9.879319
b6 		 38 		 2500.0
b6 		 39 		 4971.627126
b6 		 40 		 2500.0
b6 		 41 		 9.614507
b6 		 42 		 9.614507
b6 		 43 		 9.614507
b6 		 44 		 9.614507
b6 		 45 		 9.457625
b6 		 46 		 9.614507
b6 		 47 		 9.457625
b6 		 48 		 2479.963125
b6 		 49 		 2500.0
b6 		 50 		 2500.0
b6 		 51 		 2479.628249
b6 		 52 		 2500.0
b6 		 53 		 2480.3565
b6 		 54 		 9.300742
b6 		 55 		 9.614507
b6 		 56 		 9.614507
b6 		 57 		 2479.283869
b6 		 58 		 2500.0
b6 		 59 		 10.185876
b6 		 60 		 11.862367
b6 		 61 		 9.614507
b6 		 62 		 9.614507
b6 		 63 		 2480.3565
b6 		 64 		 2500.0
b6 		 65 		 9.614507
b6 		 66 		 9.614507
b6 		 67 		 2480.3565
b6 		 68 		 2500.0
b6 		 69 		 2500.0
b6 		 70 		 4970.170624
b6 		 71 		 2500.0
b6 		 72 		 9.614507
b6 		 73 		 9.614507
b6 		 74 		 2480.770985
b6 		 75 		 2500.0
b6 		 76 		 12.479746
b6 		 77 		 9.614507
b6 		 78 		 9.614507
b6 		 79 		 9.614507
b6 		 80 		 9.614507
b6 		 81 		 2500.0
b6 		 82 		 2480.3565
b6 		 83 		 9.614507
b6 		 84 		 9.457625
b6 		 85 		 9.614507
b6 		 86 		 9.614507
b6 		 87 		 11.328613
b6 		 88 		 9.614507
b6 		 89 		 9.614507
b6 		 90 		 11.862367
b6 		 91 		 2500.0
b6 		 92 		 4971.362314
b6 		 93 		 2500.0
b6 		 94 		 9.408671
b6 		 95 		 9.408671
b6 		 96 		 9.614507
----------------------------------------------------------------------------------------------------
b7 		 1 		 9.614507
b7 		 2 		 9.614507
b7 		 3 		 2480.582833
b7 		 4 		 2500.0
b7 		 5 		 9.014683
b7 		 6 		 9.614507
b7 		 7 		 2500.0
b7 		 8 		 2481.334175
b7 		 9 		 9.408671
b7 		 10 		 9.408671
b7 		 11 		 9.014683
b7 		 12 		 10.402484
b7 		 13 		 9.014683
b7 		 14 		 9.408671
b7 		 15 		 9.408671
b7 		 16 		 2480.78867
b7 		 17 		 2500.0
b7 		 18 		 9.014683
b7 		 19 		 2500.0
b7 		 20 		 2481.182658
b7 		 21 		 9.408671
b7 		 22 		 9.408671
b7 		 23 		 9.408671
b7 		 24 		 9.408671
b7 		 25 		 9.408671
b7 		 26 		 9.457625
b7 		 27 		 9.408671
b7 		 28 		 9.408671
b7 		 29 		 9.457625
b7 		 30 		 9.457625
b7 		 31 		 9.614507
b7 		 32 		 9.614507
b7 		 33 		 9.614507
b7 		 34 		 9.408671
b7 		 35 		 9.408671
b7 		 36 		 9.614507
b7 		 37 		 9.879319
b7 		 38 		 2500.0
b7 		 39 		 4971.627126
b7 		 40 		 2500.0
b7 		 41 		 9.614507
b7 		 42 		 9.614507
b7 		 43 		 9.614507
b7 		 44 		 9.614507
b7 		 45 		 9.457625
b7 		 46 		 9.614507
b7 		 47 		 9.457625
b7 		 48 		 2479.963125
b7 		 49 		 2500.0
b7 		 50 		 2500.0
b7 		 51 		 2479.628249
b7 		 52 		 2500.0
b7 		 53 		 2480.3565
b7 		 54 		 9.300742
b7 		 55 		 9.614507
b7 		 56 		 9.614507
b7 		 57 		 2479.283869
b7 		 58 		 2500.0
b7 		 59 		 10.185876
b7 		 60 		 11.862367
b7 		 61 		 9.614507
b7 		 62 		 9.614507
b7 		 63 		 2480.3565
b7 		 64 		 2500.0
b7 		 65 		 9.614507
b7 		 66 		 9.614507
b7 		 67 		 2480.3565
b7 		 68 		 2500.0
b7 		 69 		 2500.0
b7 		 70 		 4970.170624
b7 		 71 		 2500.0
b7 		 72 		 9.614507
b7 		 73 		 9.614507
b7 		 74 		 2480.770985
b7 		 75 		 2500.0
b7 		 76 		 12.479746
b7 		 77 		 9.614507
b7 		 78 		 9.614507
b7 		 79 		 9.614507
b7 		 80 		 9.614507
b7 		 81 		 2500.0
b7 		 82 		 2480.3565
b7 		 83 		 9.614507
b7 		 84 		 9.457625
b7 		 85 		 9.614507
b7 		 86 		 9.614507
b7 		 87 		 11.328613
b7 		 88 		 9.614507
b7 		 89 		 9.614507
b7 		 90 		 11.862367
b7 		 91 		 2500.0
b7 		 92 		 4971.362314
b7 		 93 		 2500.0
b7 		 94 		 9.408671
b7 		 95 		 9.408671
b7 		 96 		 9.614507
----------------------------------------------------------------------------------------------------
b8 		 1 		 9.614507
b8 		 2 		 9.614507
b8 		 3 		 2480.582833
b8 		 4 		 2500.0
b8 		 5 		 9.014683
b8 		 6 		 9.614507
b8 		 7 		 2500.0
b8 		 8 		 2481.334175
b8 		 9 		 9.408671
b8 		 10 		 9.408671
b8 		 11 		 9.014683
b8 		 12 		 10.402484
b8 		 13 		 9.014683
b8 		 14 		 9.408671
b8 		 15 		 9.408671
b8 		 16 		 2480.78867
b8 		 17 		 2500.0
b8 		 18 		 9.014683
b8 		 19 		 2500.0
b8 		 20 		 2481.182658
b8 		 21 		 9.408671
b8 		 22 		 9.408671
b8 		 23 		 9.408671
b8 		 24 		 9.408671
b8 		 25 		 9.408671
b8 		 26 		 9.457625
b8 		 27 		 9.408671
b8 		 28 		 9.408671
b8 		 29 		 9.457625
b8 		 30 		 9.457625
b8 		 31 		 9.614507
b8 		 32 		 9.614507
b8 		 33 		 9.614507
b8 		 34 		 9.408671
b8 		 35 		 9.408671
b8 		 36 		 9.614507
b8 		 37 		 9.879319
b8 		 38 		 2500.0
b8 		 39 		 4971.627126
b8 		 40 		 2500.0
b8 		 41 		 9.614507
b8 		 42 		 9.614507
b8 		 43 		 9.614507
b8 		 44 		 9.614507
b8 		 45 		 9.457625
b8 		 46 		 9.614507
b8 		 47 		 9.457625
b8 		 48 		 2479.963125
b8 		 49 		 2500.0
b8 		 50 		 2500.0
b8 		 51 		 2479.628249
b8 		 52 		 2500.0
b8 		 53 		 2480.3565
b8 		 54 		 9.300742
b8 		 55 		 9.614507
b8 		 56 		 9.614507
b8 		 57 		 2479.283869
b8 		 58 		 2500.0
b8 		 59 		 10.185876
b8 		 60 		 11.862367
b8 		 61 		 9.614507
b8 		 62 		 9.614507
b8 		 63 		 2480.3565
b8 		 64 		 2500.0
b8 		 65 		 9.614507
b8 		 66 		 9.614507
b8 		 67 		 2480.3565
b8 		 68 		 2500.0
b8 		 69 		 2500.0
b8 		 70 		 4970.170624
b8 		 71 		 2500.0
b8 		 72 		 9.614507
b8 		 73 		 9.614507
b8 		 74 		 2480.770985
b8 		 75 		 2500.0
b8 		 76 		 12.479746
b8 		 77 		 9.614507
b8 		 78 		 9.614507
b8 		 79 		 9.614507
b8 		 80 		 9.614507
b8 		 81 		 2500.0
b8 		 82 		 2480.3565
b8 		 83 		 9.614507
b8 		 84 		 9.457625
b8 		 85 		 9.614507
b8 		 86 		 9.614507
b8 		 87 		 11.328613
b8 		 88 		 9.614507
b8 		 89 		 9.614507
b8 		 90 		 11.862367
b8 		 91 		 2500.0
b8 		 92 		 4971.362314
b8 		 93 		 2500.0
b8 		 94 		 9.408671
b8 		 95 		 9.408671
b8 		 96 		 9.614507
----------------------------------------------------------------------------------------------------
b9 		 1 		 9.614507
b9 		 2 		 9.614507
b9 		 3 		 2480.582833
b9 		 4 		 2500.0
b9 		 5 		 9.014683
b9 		 6 		 9.614507
b9 		 7 		 2500.0
b9 		 8 		 2481.334175
b9 		 9 		 9.408671
b9 		 10 		 9.408671
b9 		 11 		 9.014683
b9 		 12 		 10.402484
b9 		 13 		 9.014683
b9 		 14 		 9.408671
b9 		 15 		 9.408671
b9 		 16 		 2480.78867
b9 		 17 		 2500.0
b9 		 18 		 9.014683
b9 		 19 		 2500.0
b9 		 20 		 2481.182658
b9 		 21 		 9.408671
b9 		 22 		 9.408671
b9 		 23 		 9.408671
b9 		 24 		 9.408671
b9 		 25 		 9.408671
b9 		 26 		 9.457625
b9 		 27 		 9.408671
b9 		 28 		 9.408671
b9 		 29 		 9.457625
b9 		 30 		 9.457625
b9 		 31 		 9.614507
b9 		 32 		 9.614507
b9 		 33 		 9.614507
b9 		 34 		 9.408671
b9 		 35 		 9.408671
b9 		 36 		 9.614507
b9 		 37 		 9.879319
b9 		 38 		 2500.0
b9 		 39 		 4971.627126
b9 		 40 		 2500.0
b9 		 41 		 9.614507
b9 		 42 		 9.614507
b9 		 43 		 9.614507
b9 		 44 		 9.614507
b9 		 45 		 9.457625
b9 		 46 		 9.614507
b9 		 47 		 9.457625
b9 		 48 		 2479.963125
b9 		 49 		 2500.0
b9 		 50 		 2500.0
b9 		 51 		 2479.628249
b9 		 52 		 2500.0
b9 		 53 		 2480.3565
b9 		 54 		 9.300742
b9 		 55 		 9.614507
b9 		 56 		 9.614507
b9 		 57 		 2479.283869
b9 		 58 		 2500.0
b9 		 59 		 10.185876
b9 		 60 		 11.862367
b9 		 61 		 9.614507
b9 		 62 		 9.614507
b9 		 63 		 2480.3565
b9 		 64 		 2500.0
b9 		 65 		 9.614507
b9 		 66 		 9.614507
b9 		 67 		 2480.3565
b9 		 68 		 2500.0
b9 		 69 		 2500.0
b9 		 70 		 4970.170624
b9 		 71 		 2500.0
b9 		 72 		 9.614507
b9 		 73 		 9.614507
b9 		 74 		 2480.770985
b9 		 75 		 2500.0
b9 		 76 		 12.479746
b9 		 77 		 9.614507
b9 		 78 		 9.614507
b9 		 79 		 9.614507
b9 		 80 		 9.614507
b9 		 81 		 2500.0
b9 		 82 		 2480.3565
b9 		 83 		 9.614507
b9 		 84 		 9.457625
b9 		 85 		 9.614507
b9 		 86 		 9.614507
b9 		 87 		 11.328613
b9 		 88 		 9.614507
b9 		 89 		 9.614507
b9 		 90 		 11.862367
b9 		 91 		 2500.0
b9 		 92 		 4971.362314
b9 		 93 		 2500.0
b9 		 94 		 9.408671
b9 		 95 		 9.408671
b9 		 96 		 9.614507
----------------------------------------------------------------------------------------------------
b10 		 1 		 9.614507
b10 		 2 		 9.614507
b10 		 3 		 2480.582833
b10 		 4 		 2500.0
b10 		 5 		 9.014683
b10 		 6 		 9.614507
b10 		 7 		 2500.0
b10 		 8 		 2481.334175
b10 		 9 		 9.408671
b10 		 10 		 9.408671
b10 		 11 		 9.014683
b10 		 12 		 10.402484
b10 		 13 		 9.014683
b10 		 14 		 9.408671
b10 		 15 		 9.408671
b10 		 16 		 2480.78867
b10 		 17 		 2500.0
b10 		 18 		 9.014683
b10 		 19 		 2500.0
b10 		 20 		 2481.182658
b10 		 21 		 9.408671
b10 		 22 		 9.408671
b10 		 23 		 9.408671
b10 		 24 		 9.408671
b10 		 25 		 9.408671
b10 		 26 		 9.457625
b10 		 27 		 9.408671
b10 		 28 		 9.408671
b10 		 29 		 9.457625
b10 		 30 		 9.457625
b10 		 31 		 9.614507
b10 		 32 		 9.614507
b10 		 33 		 9.614507
b10 		 34 		 9.408671
b10 		 35 		 9.408671
b10 		 36 		 9.614507
b10 		 37 		 9.879319
b10 		 38 		 2500.0
b10 		 39 		 4971.627126
b10 		 40 		 2500.0
b10 		 41 		 9.614507
b10 		 42 		 9.614507
b10 		 43 		 9.614507
b10 		 44 		 9.614507
b10 		 45 		 9.457625
b10 		 46 		 9.614507
b10 		 47 		 9.457625
b10 		 48 		 2479.963125
b10 		 49 		 2500.0
b10 		 50 		 2500.0
b10 		 51 		 2479.628249
b10 		 52 		 2500.0
b10 		 53 		 2480.3565
b10 		 54 		 9.300742
b10 		 55 		 9.614507
b10 		 56 		 9.614507
b10 		 57 		 2479.283869
b10 		 58 		 2500.0
b10 		 59 		 10.185876
b10 		 60 		 11.862367
b10 		 61 		 9.614507
b10 		 62 		 9.614507
b10 		 63 		 2480.3565
b10 		 64 		 2500.0
b10 		 65 		 9.614507
b10 		 66 		 9.614507
b10 		 67 		 2480.3565
b10 		 68 		 2500.0
b10 		 69 		 2500.0
b10 		 70 		 4970.170624
b10 		 71 		 2500.0
b10 		 72 		 9.614507
b10 		 73 		 9.614507
b10 		 74 		 2480.770985
b10 		 75 		 2500.0
b10 		 76 		 12.479746
b10 		 77 		 9.614507
b10 		 78 		 9.614507
b10 		 79 		 9.614507
b10 		 80 		 9.614507
b10 		 81 		 2500.0
b10 		 82 		 2480.3565
b10 		 83 		 9.614507
b10 		 84 		 9.457625
b10 		 85 		 9.614507
b10 		 86 		 9.614507
b10 		 87 		 11.328613
b10 		 88 		 9.614507
b10 		 89 		 9.614507
b10 		 90 		 11.862367
b10 		 91 		 2500.0
b10 		 92 		 4971.362314
b10 		 93 		 2500.0
b10 		 94 		 9.408671
b10 		 95 		 9.408671
b10 		 96 		 9.614507
----------------------------------------------------------------------------------------------------
b11 		 1 		 9.614507
b11 		 2 		 9.614507
b11 		 3 		 2480.582833
b11 		 4 		 2500.0
b11 		 5 		 9.014683
b11 		 6 		 9.614507
b11 		 7 		 2500.0
b11 		 8 		 2481.334175
b11 		 9 		 9.408671
b11 		 10 		 9.408671
b11 		 11 		 9.014683
b11 		 12 		 10.402484
b11 		 13 		 9.014683
b11 		 14 		 9.408671
b11 		 15 		 9.408671
b11 		 16 		 2480.78867
b11 		 17 		 2500.0
b11 		 18 		 9.014683
b11 		 19 		 2500.0
b11 		 20 		 2481.182658
b11 		 21 		 9.408671
b11 		 22 		 9.408671
b11 		 23 		 9.408671
b11 		 24 		 9.408671
b11 		 25 		 9.408671
b11 		 26 		 9.457625
b11 		 27 		 9.408671
b11 		 28 		 9.408671
b11 		 29 		 9.457625
b11 		 30 		 9.457625
b11 		 31 		 9.614507
b11 		 32 		 9.614507
b11 		 33 		 9.614507
b11 		 34 		 9.408671
b11 		 35 		 9.408671
b11 		 36 		 9.614507
b11 		 37 		 9.879319
b11 		 38 		 2500.0
b11 		 39 		 4971.627126
b11 		 40 		 2500.0
b11 		 41 		 9.614507
b11 		 42 		 9.614507
b11 		 43 		 9.614507
b11 		 44 		 9.614507
b11 		 45 		 9.457625
b11 		 46 		 9.614507
b11 		 47 		 9.457625
b11 		 48 		 2479.963125
b11 		 49 		 2500.0
b11 		 50 		 2500.0
b11 		 51 		 2479.628249
b11 		 52 		 2500.0
b11 		 53 		 2480.3565
b11 		 54 		 9.300742
b11 		 55 		 9.614507
b11 		 56 		 9.614507
b11 		 57 		 2479.283869
b11 		 58 		 2500.0
b11 		 59 		 10.185876
b11 		 60 		 11.862367
b11 		 61 		 9.614507
b11 		 62 		 9.614507
b11 		 63 		 2480.3565
b11 		 64 		 2500.0
b11 		 65 		 9.614507
b11 		 66 		 9.614507
b11 		 67 		 2480.3565
b11 		 68 		 2500.0
b11 		 69 		 2500.0
b11 		 70 		 4970.170624
b11 		 71 		 2500.0
b11 		 72 		 9.614507
b11 		 73 		 9.614507
b11 		 74 		 2480.770985
b11 		 75 		 2500.0
b11 		 76 		 12.479746
b11 		 77 		 9.614507
b11 		 78 		 9.614507
b11 		 79 		 9.614507
b11 		 80 		 9.614507
b11 		 81 		 2500.0
b11 		 82 		 2480.3565
b11 		 83 		 9.614507
b11 		 84 		 9.457625
b11 		 85 		 9.614507
b11 		 86 		 9.614507
b11 		 87 		 11.328613
b11 		 88 		 9.614507
b11 		 89 		 9.614507
b11 		 90 		 11.862367
b11 		 91 		 2500.0
b11 		 92 		 4971.362314
b11 		 93 		 2500.0
b11 		 94 		 9.408671
b11 		 95 		 9.408671
b11 		 96 		 9.614507
----------------------------------------------------------------------------------------------------
b12 		 1 		 9.614507
b12 		 2 		 9.614507
b12 		 3 		 2480.582833
b12 		 4 		 2500.0
b12 		 5 		 9.014683
b12 		 6 		 9.614507
b12 		 7 		 2500.0
b12 		 8 		 2481.334175
b12 		 9 		 9.408671
b12 		 10 		 9.408671
b12 		 11 		 9.014683
b12 		 12 		 10.402484
b12 		 13 		 9.014683
b12 		 14 		 9.408671
b12 		 15 		 9.408671
b12 		 16 		 2480.78867
b12 		 17 		 2500.0
b12 		 18 		 9.014683
b12 		 19 		 2500.0
b12 		 20 		 2481.182658
b12 		 21 		 9.408671
b12 		 22 		 9.408671
b12 		 23 		 9.408671
b12 		 24 		 9.408671
b12 		 25 		 9.408671
b12 		 26 		 9.457625
b12 		 27 		 9.408671
b12 		 28 		 9.408671
b12 		 29 		 9.457625
b12 		 30 		 9.457625
b12 		 31 		 9.614507
b12 		 32 		 9.614507
b12 		 33 		 9.614507
b12 		 34 		 9.408671
b12 		 35 		 9.408671
b12 		 36 		 9.614507
b12 		 37 		 9.879319
b12 		 38 		 2500.0
b12 		 39 		 4971.627126
b12 		 40 		 2500.0
b12 		 41 		 9.614507
b12 		 42 		 9.614507
b12 		 43 		 9.614507
b12 		 44 		 9.614507
b12 		 45 		 9.457625
b12 		 46 		 9.614507
b12 		 47 		 9.457625
b12 		 48 		 2479.963125
b12 		 49 		 2500.0
b12 		 50 		 2500.0
b12 		 51 		 2479.628249
b12 		 52 		 2500.0
b12 		 53 		 2480.3565
b12 		 54 		 9.300742
b12 		 55 		 9.614507
b12 		 56 		 9.614507
b12 		 57 		 2479.283869
b12 		 58 		 2500.0
b12 		 59 		 10.185876
b12 		 60 		 11.862367
b12 		 61 		 9.614507
b12 		 62 		 9.614507
b12 		 63 		 2480.3565
b12 		 64 		 2500.0
b12 		 65 		 9.614507
b12 		 66 		 9.614507
b12 		 67 		 2480.3565
b12 		 68 		 2500.0
b12 		 69 		 2500.0
b12 		 70 		 4970.170624
b12 		 71 		 2500.0
b12 		 72 		 9.614507
b12 		 73 		 9.614507
b12 		 74 		 2480.770985
b12 		 75 		 2500.0
b12 		 76 		 12.479746
b12 		 77 		 9.614507
b12 		 78 		 9.614507
b12 		 79 		 9.614507
b12 		 80 		 9.614507
b12 		 81 		 2500.0
b12 		 82 		 2480.3565
b12 		 83 		 9.614507
b12 		 84 		 9.457625
b12 		 85 		 9.614507
b12 		 86 		 9.614507
b12 		 87 		 11.328613
b12 		 88 		 9.614507
b12 		 89 		 9.614507
b12 		 90 		 11.862367
b12 		 91 		 2500.0
b12 		 92 		 4971.362314
b12 		 93 		 2500.0
b12 		 94 		 9.408671
b12 		 95 		 9.408671
b12 		 96 		 9.614507
----------------------------------------------------------------------------------------------------
b13 		 1 		 9.614507
b13 		 2 		 9.614507
b13 		 3 		 2480.582833
b13 		 4 		 2500.0
b13 		 5 		 9.014683
b13 		 6 		 9.614507
b13 		 7 		 2500.0
b13 		 8 		 2481.334175
b13 		 9 		 9.408671
b13 		 10 		 9.408671
b13 		 11 		 9.014683
b13 		 12 		 10.402484
b13 		 13 		 9.014683
b13 		 14 		 9.408671
b13 		 15 		 9.408671
b13 		 16 		 2480.78867
b13 		 17 		 2500.0
b13 		 18 		 9.014683
b13 		 19 		 2500.0
b13 		 20 		 2481.182658
b13 		 21 		 9.408671
b13 		 22 		 9.408671
b13 		 23 		 9.408671
b13 		 24 		 9.408671
b13 		 25 		 9.408671
b13 		 26 		 9.457625
b13 		 27 		 9.408671
b13 		 28 		 9.408671
b13 		 29 		 9.457625
b13 		 30 		 9.457625
b13 		 31 		 9.614507
b13 		 32 		 9.614507
b13 		 33 		 9.614507
b13 		 34 		 9.408671
b13 		 35 		 9.408671
b13 		 36 		 9.614507
b13 		 37 		 9.879319
b13 		 38 		 2500.0
b13 		 39 		 4971.627126
b13 		 40 		 2500.0
b13 		 41 		 9.614507
b13 		 42 		 9.614507
b13 		 43 		 9.614507
b13 		 44 		 9.614507
b13 		 45 		 9.457625
b13 		 46 		 9.614507
b13 		 47 		 9.457625
b13 		 48 		 2479.963125
b13 		 49 		 2500.0
b13 		 50 		 2500.0
b13 		 51 		 2479.628249
b13 		 52 		 2500.0
b13 		 53 		 2480.3565
b13 		 54 		 9.300742
b13 		 55 		 9.614507
b13 		 56 		 9.614507
b13 		 57 		 2479.283869
b13 		 58 		 2500.0
b13 		 59 		 10.185876
b13 		 60 		 11.862367
b13 		 61 		 9.614507
b13 		 62 		 9.614507
b13 		 63 		 2480.3565
b13 		 64 		 2500.0
b13 		 65 		 9.614507
b13 		 66 		 9.614507
b13 		 67 		 2480.3565
b13 		 68 		 2500.0
b13 		 69 		 2500.0
b13 		 70 		 4970.170624
b13 		 71 		 2500.0
b13 		 72 		 9.614507
b13 		 73 		 9.614507
b13 		 74 		 2480.770985
b13 		 75 		 2500.0
b13 		 76 		 12.479746
b13 		 77 		 9.614507
b13 		 78 		 9.614507
b13 		 79 		 9.614507
b13 		 80 		 9.614507
b13 		 81 		 2500.0
b13 		 82 		 2480.3565
b13 		 83 		 9.614507
b13 		 84 		 9.457625
b13 		 85 		 9.614507
b13 		 86 		 9.614507
b13 		 87 		 11.328613
b13 		 88 		 9.614507
b13 		 89 		 9.614507
b13 		 90 		 11.862367
b13 		 91 		 2500.0
b13 		 92 		 4971.362314
b13 		 93 		 2500.0
b13 		 94 		 9.408671
b13 		 95 		 9.408671
b13 		 96 		 9.614507
----------------------------------------------------------------------------------------------------
b14 		 1 		 9.614507
b14 		 2 		 9.614507
b14 		 3 		 2480.582833
b14 		 4 		 2500.0
b14 		 5 		 9.014683
b14 		 6 		 9.614507
b14 		 7 		 2500.0
b14 		 8 		 2481.334175
b14 		 9 		 9.408671
b14 		 10 		 9.408671
b14 		 11 		 9.014683
b14 		 12 		 10.402484
b14 		 13 		 9.014683
b14 		 14 		 9.408671
b14 		 15 		 9.408671
b14 		 16 		 2480.78867
b14 		 17 		 2500.0
b14 		 18 		 9.014683
b14 		 19 		 2500.0
b14 		 20 		 2481.182658
b14 		 21 		 9.408671
b14 		 22 		 9.408671
b14 		 23 		 9.408671
b14 		 24 		 9.408671
b14 		 25 		 9.408671
b14 		 26 		 9.457625
b14 		 27 		 9.408671
b14 		 28 		 9.408671
b14 		 29 		 9.457625
b14 		 30 		 9.457625
b14 		 31 		 9.614507
b14 		 32 		 9.614507
b14 		 33 		 9.614507
b14 		 34 		 9.408671
b14 		 35 		 9.408671
b14 		 36 		 9.614507
b14 		 37 		 9.879319
b14 		 38 		 2500.0
b14 		 39 		 4971.627126
b14 		 40 		 2500.0
b14 		 41 		 9.614507
b14 		 42 		 9.614507
b14 		 43 		 9.614507
b14 		 44 		 9.614507
b14 		 45 		 9.457625
b14 		 46 		 9.614507
b14 		 47 		 9.457625
b14 		 48 		 2479.963125
b14 		 49 		 2500.0
b14 		 50 		 2500.0
b14 		 51 		 2479.628249
b14 		 52 		 2500.0
b14 		 53 		 2480.3565
b14 		 54 		 9.300742
b14 		 55 		 9.614507
b14 		 56 		 9.614507
b14 		 57 		 2479.283869
b14 		 58 		 2500.0
b14 		 59 		 10.185876
b14 		 60 		 11.862367
b14 		 61 		 9.614507
b14 		 62 		 9.614507
b14 		 63 		 2480.3565
b14 		 64 		 2500.0
b14 		 65 		 9.614507
b14 		 66 		 9.614507
b14 		 67 		 2480.3565
b14 		 68 		 2500.0
b14 		 69 		 2500.0
b14 		 70 		 4970.170624
b14 		 71 		 2500.0
b14 		 72 		 9.614507
b14 		 73 		 9.614507
b14 		 74 		 2480.770985
b14 		 75 		 2500.0
b14 		 76 		 12.479746
b14 		 77 		 9.614507
b14 		 78 		 9.614507
b14 		 79 		 9.614507
b14 		 80 		 9.614507
b14 		 81 		 2500.0
b14 		 82 		 2480.3565
b14 		 83 		 9.614507
b14 		 84 		 9.457625
b14 		 85 		 9.614507
b14 		 86 		 9.614507
b14 		 87 		 11.328613
b14 		 88 		 9.614507
b14 		 89 		 9.614507
b14 		 90 		 11.862367
b14 		 91 		 2500.0
b14 		 92 		 4971.362314
b14 		 93 		 2500.0
b14 		 94 		 9.408671
b14 		 95 		 9.408671
b14 		 96 		 9.614507
----------------------------------------------------------------------------------------------------
Total overall payments
----------------------------------------------------------------------------------------------------------------------------------------------------
total generation payment 	 total up-FRP payment 	 total dw-FRP payment 	 total pre-up t. payment 	 uplift payment 	 total post-up t. payment 	 profit
----------------------------------------------------------------------------------------------------------------------------------------------------
-946011.2645589998 			 6457.080831 			 0.0 			 -939554.1837279999			 1.2797240452e6 			 340169.86147199996 			 3.637978807091713e-12
