****************************************************************************************************
 
Generation payment
----------------------------------------------------------------------------------------------------------------
unit	 time 	 generation payment 	 up-FRP payment 	 dw-FRP payment 	pre-up total payment
----------------------------------------------------------------------------------------------------------------
g1	 1 	 448.663661 			 0.0 			 0.0			 448.663661 
g1	 2 	 333.019506 			 0.0 			 0.0			 333.019506 
g1	 3 	 116.782225 			 0.0 			 0.0			 116.782225 
g1	 4 	 84662.5 			 0.0 			 0.0			 84662.5 
g1	 5 	 31652.590088 			 0.0 			 0.0			 31652.590088 
g1	 6 	 639.804869 			 0.0 			 0.0			 639.804869 
g1	 7 	 26.099616 			 0.0 			 0.0			 26.099616 
g1	 8 	 504.452569 			 0.0 			 0.0			 504.452569 
g1	 9 	 84.151605 			 0.0 			 0.0			 84.151605 
g1	 10 	 174.164793 			 0.0 			 0.0			 174.164793 
g1	 11 	 149.325149 			 0.0 			 0.0			 149.325149 
g1	 12 	 -17.614453 			 0.0 			 0.0			 -17.614453 
g1	 13 	 274.459843 			 0.0 			 0.0			 274.459843 
g1	 14 	 60.557471 			 0.0 			 0.0			 60.557471 
g1	 15 	 -49.093476 			 0.0 			 0.0			 -49.093476 
g1	 16 	 415.876882 			 0.0 			 0.0			 415.876882 
g1	 17 	 260.665932 			 0.0 			 0.0			 260.665932 
g1	 18 	 160.132372 			 0.0 			 0.0			 160.132372 
g1	 19 	 15.064364 			 0.0 			 0.0			 15.064364 
g1	 20 	 575.974502 			 0.0 			 0.0			 575.974502 
g1	 21 	 -108.290719 			 0.0 			 0.0			 -108.290719 
g1	 22 	 199.653005 			 0.0 			 0.0			 199.653005 
g1	 23 	 48959.51 			 0.0 			 0.0			 48959.51 
g1	 24 	 -93392.409278 			 0.0 			 0.0			 -93392.409278 
g1	 25 	 -1.68232 			 0.0 			 0.0			 -1.68232 
g1	 26 	 338.785854 			 0.0 			 0.0			 338.785854 
g1	 27 	 -9.242072 			 0.0 			 0.0			 -9.242072 
g1	 28 	 -235.868373 			 0.0 			 0.0			 -235.868373 
g1	 29 	 160.671625 			 0.0 			 0.0			 160.671625 
g1	 30 	 -24.175392 			 0.0 			 0.0			 -24.175392 
g1	 31 	 299.286575 			 0.0 			 0.0			 299.286575 
g1	 32 	 159.844266 			 0.0 			 0.0			 159.844266 
g1	 33 	 325.626075 			 0.0 			 0.0			 325.626075 
g1	 34 	 37.269769 			 0.0 			 0.0			 37.269769 
g1	 35 	 151.746052 			 0.0 			 0.0			 151.746052 
g1	 36 	 -127.697004 			 0.0 			 0.0			 -127.697004 
g1	 37 	 35.184317 			 0.0 			 0.0			 35.184317 
g1	 38 	 365.338902 			 0.0 			 0.0			 365.338902 
g1	 39 	 64.097001 			 0.0 			 0.0			 64.097001 
g1	 40 	 625.244697 			 0.0 			 0.0			 625.244697 
g1	 41 	 453.874561 			 0.0 			 0.0			 453.874561 
g1	 42 	 -11773.550537 			 0.0 			 0.0			 -11773.550537 
g1	 43 	 131156.325 			 0.0 			 0.0			 131156.325 
g1	 44 	 131156.325 			 0.0 			 0.0			 131156.325 
g1	 45 	 -17203.878999 			 0.0 			 0.0			 -17203.878999 
g1	 46 	 118.366522 			 0.0 			 0.0			 118.366522 
g1	 47 	 20.21177 			 0.0 			 0.0			 20.21177 
g1	 48 	 112.574378 			 0.0 			 0.0			 112.574378 
g1	 49 	 93.673603 			 0.0 			 0.0			 93.673603 
g1	 50 	 7.711892 			 0.0 			 0.0			 7.711892 
g1	 51 	 82927.605 			 0.0 			 0.0			 82927.605 
g1	 52 	 -59615.729403 			 0.0 			 0.0			 -59615.729403 
g1	 53 	 -452.955481 			 0.0 			 0.0			 -452.955481 
g1	 54 	 -88.089911 			 0.0 			 0.0			 -88.089911 
g1	 55 	 -34.859924 			 0.0 			 0.0			 -34.859924 
g1	 56 	 185.943085 			 0.0 			 0.0			 185.943085 
g1	 57 	 200.487051 			 0.0 			 0.0			 200.487051 
g1	 58 	 210.921435 			 0.0 			 0.0			 210.921435 
g1	 59 	 6.989727 			 0.0 			 0.0			 6.989727 
g1	 60 	 -113991.466453 			 0.0 			 0.0			 -113991.466453 
g1	 61 	 28149.96 			 0.0 			 0.0			 28149.96 
g1	 62 	 9.819543 			 0.0 			 0.0			 9.819543 
g1	 63 	 -531.566494 			 0.0 			 0.0			 -531.566494 
g1	 64 	 -99964.585609 			 0.0 			 0.0			 -99964.585609 
g1	 65 	 42252.75 			 0.0 			 0.0			 42252.75 
g1	 66 	 172.152509 			 0.0 			 0.0			 172.152509 
g1	 67 	 172.152509 			 0.0 			 0.0			 172.152509 
g1	 68 	 42252.75 			 0.0 			 0.0			 42252.75 
g1	 69 	 -200342.110666 			 0.0 			 0.0			 -200342.110666 
g1	 70 	 42252.75 			 0.0 			 0.0			 42252.75 
g1	 71 	 172.152509 			 0.0 			 0.0			 172.152509 
g1	 72 	 -84.024869 			 0.0 			 0.0			 -84.024869 
g1	 73 	 13.494461 			 0.0 			 0.0			 13.494461 
g1	 74 	 -13.649418 			 0.0 			 0.0			 -13.649418 
g1	 75 	 -62.790509 			 0.0 			 0.0			 -62.790509 
g1	 76 	 -334.222425 			 0.0 			 0.0			 -334.222425 
g1	 77 	 387.206304 			 0.0 			 0.0			 387.206304 
g1	 78 	 101.615734 			 0.0 			 0.0			 101.615734 
g1	 79 	 -171.326448 			 0.0 			 0.0			 -171.326448 
g1	 80 	 -490.624558 			 0.0 			 0.0			 -490.624558 
g1	 81 	 -169.178557 			 0.0 			 0.0			 -169.178557 
g1	 82 	 387.125197 			 0.0 			 0.0			 387.125197 
g1	 83 	 -91.690477 			 0.0 			 0.0			 -91.690477 
g1	 84 	 390.30117 			 0.0 			 0.0			 390.30117 
g1	 85 	 612.715263 			 0.0 			 0.0			 612.715263 
g1	 86 	 300.200348 			 0.0 			 0.0			 300.200348 
g1	 87 	 850.881786 			 0.0 			 0.0			 850.881786 
g1	 88 	 850.881786 			 0.0 			 0.0			 850.881786 
g1	 89 	 211287.025 			 0.0 			 0.0			 211287.025 
g1	 90 	 67736.980399 			 0.0 			 0.0			 67736.980399 
g1	 91 	 244.071073 			 0.0 			 0.0			 244.071073 
g1	 92 	 210712.0925 			 0.0 			 0.0			 210712.0925 
g1	 93 	 20142.080121 			 0.0 			 0.0			 20142.080121 
g1	 94 	 -86158.432708 			 0.0 			 0.0			 -86158.432708 
g1	 95 	 56205.9375 			 0.0 			 0.0			 56205.9375 
g1	 96 	 349.545641 			 0.0 			 0.0			 349.545641 
----------------------------------------------------------------------------------------------------
g2	 1 	 0.0 			 0.0 			 0.0			 0.0 
g2	 2 	 0.0 			 0.0 			 0.0			 0.0 
g2	 3 	 0.0 			 0.0 			 0.0			 0.0 
g2	 4 	 0.0 			 0.0 			 0.0			 0.0 
g2	 5 	 0.0 			 0.0 			 0.0			 0.0 
g2	 6 	 0.0 			 0.0 			 0.0			 0.0 
g2	 7 	 0.0 			 0.0 			 0.0			 0.0 
g2	 8 	 0.0 			 0.0 			 0.0			 0.0 
g2	 9 	 0.0 			 0.0 			 0.0			 0.0 
g2	 10 	 0.0 			 0.0 			 0.0			 0.0 
g2	 11 	 0.0 			 0.0 			 0.0			 0.0 
g2	 12 	 0.0 			 0.0 			 0.0			 0.0 
g2	 13 	 0.0 			 0.0 			 0.0			 0.0 
g2	 14 	 0.0 			 0.0 			 0.0			 0.0 
g2	 15 	 0.0 			 0.0 			 0.0			 0.0 
g2	 16 	 0.0 			 0.0 			 0.0			 0.0 
g2	 17 	 0.0 			 0.0 			 0.0			 0.0 
g2	 18 	 0.0 			 0.0 			 0.0			 0.0 
g2	 19 	 0.0 			 0.0 			 0.0			 0.0 
g2	 20 	 0.0 			 0.0 			 0.0			 0.0 
g2	 21 	 0.0 			 0.0 			 0.0			 0.0 
g2	 22 	 0.0 			 0.0 			 0.0			 0.0 
g2	 23 	 0.0 			 0.0 			 0.0			 0.0 
g2	 24 	 0.0 			 0.0 			 0.0			 0.0 
g2	 25 	 403.541621 			 0.0 			 0.0			 403.541621 
g2	 26 	 323.033667 			 0.0 			 0.0			 323.033667 
g2	 27 	 105.975206 			 0.0 			 0.0			 105.975206 
g2	 28 	 45.489033 			 0.0 			 0.0			 45.489033 
g2	 29 	 170.079924 			 0.0 			 0.0			 170.079924 
g2	 30 	 18.671799 			 0.0 			 0.0			 18.671799 
g2	 31 	 233.820301 			 0.0 			 0.0			 233.820301 
g2	 32 	 145.531683 			 0.0 			 0.0			 145.531683 
g2	 33 	 21.701904 			 0.0 			 0.0			 21.701904 
g2	 34 	 -188.905377 			 0.0 			 0.0			 -188.905377 
g2	 35 	 -122.860081 			 0.0 			 0.0			 -122.860081 
g2	 36 	 -188.905377 			 0.0 			 0.0			 -188.905377 
g2	 37 	 21.701904 			 0.0 			 0.0			 21.701904 
g2	 38 	 21.701904 			 0.0 			 0.0			 21.701904 
g2	 39 	 -9.126949 			 0.0 			 0.0			 -9.126949 
g2	 40 	 22.056021 			 0.0 			 0.0			 22.056021 
g2	 41 	 -23.333332 			 0.0 			 0.0			 -23.333332 
g2	 42 	 -6018.592749 			 0.0 			 0.0			 -6018.592749 
g2	 43 	 49770.28 			 0.0 			 0.0			 49770.28 
g2	 44 	 67553.2175 			 0.0 			 0.0			 67553.2175 
g2	 45 	 23235.056472 			 0.0 			 0.0			 23235.056472 
g2	 46 	 21.701904 			 0.0 			 0.0			 21.701904 
g2	 47 	 21.701904 			 0.0 			 0.0			 21.701904 
g2	 48 	 21.701904 			 0.0 			 0.0			 21.701904 
g2	 49 	 21.701904 			 0.0 			 0.0			 21.701904 
g2	 50 	 21.701904 			 0.0 			 0.0			 21.701904 
g2	 51 	 61480.51 			 0.0 			 0.0			 61480.51 
g2	 52 	 5597.782686 			 0.0 			 0.0			 5597.782686 
g2	 53 	 21.701904 			 0.0 			 0.0			 21.701904 
g2	 54 	 21.701904 			 0.0 			 0.0			 21.701904 
g2	 55 	 21.701904 			 0.0 			 0.0			 21.701904 
g2	 56 	 108.293653 			 0.0 			 0.0			 108.293653 
g2	 57 	 332.763238 			 0.0 			 0.0			 332.763238 
g2	 58 	 436.671704 			 0.0 			 0.0			 436.671704 
g2	 59 	 121.67574 			 0.0 			 0.0			 121.67574 
g2	 60 	 -24012.791442 			 0.0 			 0.0			 -24012.791442 
g2	 61 	 21791.83 			 0.0 			 0.0			 21791.83 
g2	 62 	 -70.628135 			 0.0 			 0.0			 -70.628135 
g2	 63 	 -127.284784 			 0.0 			 0.0			 -127.284784 
g2	 64 	 -17925.307386 			 0.0 			 0.0			 -17925.307386 
g2	 65 	 22703.59 			 0.0 			 0.0			 22703.59 
g2	 66 	 22.611331 			 0.0 			 0.0			 22.611331 
g2	 67 	 118.547615 			 0.0 			 0.0			 118.547615 
g2	 68 	 14105.5075 			 0.0 			 0.0			 14105.5075 
g2	 69 	 -65101.168587 			 0.0 			 0.0			 -65101.168587 
g2	 70 	 23091.5575 			 0.0 			 0.0			 23091.5575 
g2	 71 	 94.142012 			 0.0 			 0.0			 94.142012 
g2	 72 	 -92.867908 			 0.0 			 0.0			 -92.867908 
g2	 73 	 21.701904 			 0.0 			 0.0			 21.701904 
g2	 74 	 21.701904 			 0.0 			 0.0			 21.701904 
g2	 75 	 21.701904 			 0.0 			 0.0			 21.701904 
g2	 76 	 149.767416 			 0.0 			 0.0			 149.767416 
g2	 77 	 479.082823 			 0.0 			 0.0			 479.082823 
g2	 78 	 149.767416 			 0.0 			 0.0			 149.767416 
g2	 79 	 21.701904 			 0.0 			 0.0			 21.701904 
g2	 80 	 -113.480051 			 0.0 			 0.0			 -113.480051 
g2	 81 	 98.77733 			 0.0 			 0.0			 98.77733 
g2	 82 	 359.420234 			 0.0 			 0.0			 359.420234 
g2	 83 	 98.77733 			 0.0 			 0.0			 98.77733 
g2	 84 	 362.368916 			 0.0 			 0.0			 362.368916 
g2	 85 	 -131.05346 			 0.0 			 0.0			 -131.05346 
g2	 86 	 -208.128887 			 0.0 			 0.0			 -208.128887 
g2	 87 	 -12.492539 			 0.0 			 0.0			 -12.492539 
g2	 88 	 -202.712306 			 0.0 			 0.0			 -202.712306 
g2	 89 	 0.0 			 0.0 			 0.0			 0.0 
g2	 90 	 0.0 			 0.0 			 0.0			 0.0 
g2	 91 	 0.0 			 0.0 			 0.0			 0.0 
g2	 92 	 0.0 			 0.0 			 0.0			 0.0 
g2	 93 	 0.0 			 0.0 			 0.0			 0.0 
g2	 94 	 0.0 			 0.0 			 0.0			 0.0 
g2	 95 	 0.0 			 0.0 			 0.0			 0.0 
g2	 96 	 0.0 			 0.0 			 0.0			 0.0 
----------------------------------------------------------------------------------------------------
g3	 1 	 0.0 			 0.0 			 0.0			 0.0 
g3	 2 	 0.0 			 0.0 			 0.0			 0.0 
g3	 3 	 0.0 			 0.0 			 0.0			 0.0 
g3	 4 	 0.0 			 0.0 			 0.0			 0.0 
g3	 5 	 0.0 			 0.0 			 0.0			 0.0 
g3	 6 	 0.0 			 0.0 			 0.0			 0.0 
g3	 7 	 0.0 			 0.0 			 0.0			 0.0 
g3	 8 	 0.0 			 0.0 			 0.0			 0.0 
g3	 9 	 0.0 			 0.0 			 0.0			 0.0 
g3	 10 	 0.0 			 0.0 			 0.0			 0.0 
g3	 11 	 0.0 			 0.0 			 0.0			 0.0 
g3	 12 	 0.0 			 0.0 			 0.0			 0.0 
g3	 13 	 0.0 			 0.0 			 0.0			 0.0 
g3	 14 	 0.0 			 0.0 			 0.0			 0.0 
g3	 15 	 0.0 			 0.0 			 0.0			 0.0 
g3	 16 	 0.0 			 0.0 			 0.0			 0.0 
g3	 17 	 0.0 			 0.0 			 0.0			 0.0 
g3	 18 	 0.0 			 0.0 			 0.0			 0.0 
g3	 19 	 0.0 			 0.0 			 0.0			 0.0 
g3	 20 	 0.0 			 0.0 			 0.0			 0.0 
g3	 21 	 0.0 			 0.0 			 0.0			 0.0 
g3	 22 	 0.0 			 0.0 			 0.0			 0.0 
g3	 23 	 0.0 			 0.0 			 0.0			 0.0 
g3	 24 	 0.0 			 0.0 			 0.0			 0.0 
g3	 25 	 0.0 			 0.0 			 0.0			 0.0 
g3	 26 	 0.0 			 0.0 			 0.0			 0.0 
g3	 27 	 0.0 			 0.0 			 0.0			 0.0 
g3	 28 	 0.0 			 0.0 			 0.0			 0.0 
g3	 29 	 0.0 			 0.0 			 0.0			 0.0 
g3	 30 	 0.0 			 0.0 			 0.0			 0.0 
g3	 31 	 0.0 			 0.0 			 0.0			 0.0 
g3	 32 	 0.0 			 0.0 			 0.0			 0.0 
g3	 33 	 0.0 			 0.0 			 0.0			 0.0 
g3	 34 	 0.0 			 0.0 			 0.0			 0.0 
g3	 35 	 0.0 			 0.0 			 0.0			 0.0 
g3	 36 	 0.0 			 0.0 			 0.0			 0.0 
g3	 37 	 0.0 			 0.0 			 0.0			 0.0 
g3	 38 	 0.0 			 0.0 			 0.0			 0.0 
g3	 39 	 0.0 			 0.0 			 0.0			 0.0 
g3	 40 	 0.0 			 0.0 			 0.0			 0.0 
g3	 41 	 0.0 			 0.0 			 0.0			 0.0 
g3	 42 	 0.0 			 0.0 			 0.0			 0.0 
g3	 43 	 0.0 			 0.0 			 0.0			 0.0 
g3	 44 	 0.0 			 0.0 			 0.0			 0.0 
g3	 45 	 -46260.041319 			 0.0 			 0.0			 -46260.041319 
g3	 46 	 -40.198629 			 0.0 			 0.0			 -40.198629 
g3	 47 	 15.56631 			 0.0 			 0.0			 15.56631 
g3	 48 	 15.56631 			 0.0 			 0.0			 15.56631 
g3	 49 	 15.56631 			 0.0 			 0.0			 15.56631 
g3	 50 	 15.56631 			 0.0 			 0.0			 15.56631 
g3	 51 	 4047.61 			 0.0 			 0.0			 4047.61 
g3	 52 	 -31882.296817 			 0.0 			 0.0			 -31882.296817 
g3	 53 	 15.56631 			 0.0 			 0.0			 15.56631 
g3	 54 	 15.56631 			 0.0 			 0.0			 15.56631 
g3	 55 	 15.56631 			 0.0 			 0.0			 15.56631 
g3	 56 	 15.56631 			 0.0 			 0.0			 15.56631 
g3	 57 	 170.110423 			 0.0 			 0.0			 170.110423 
g3	 58 	 200.849581 			 0.0 			 0.0			 200.849581 
g3	 59 	 15.56631 			 0.0 			 0.0			 15.56631 
g3	 60 	 -31892.682629 			 0.0 			 0.0			 -31892.682629 
g3	 61 	 4047.61 			 0.0 			 0.0			 4047.61 
g3	 62 	 15.82031 			 0.0 			 0.0			 15.82031 
g3	 63 	 15.312311 			 0.0 			 0.0			 15.312311 
g3	 64 	 -31882.296817 			 0.0 			 0.0			 -31882.296817 
g3	 65 	 4047.61 			 0.0 			 0.0			 4047.61 
g3	 66 	 16.491381 			 0.0 			 0.0			 16.491381 
g3	 67 	 16.491381 			 0.0 			 0.0			 16.491381 
g3	 68 	 4047.61 			 0.0 			 0.0			 4047.61 
g3	 69 	 -63896.294855 			 0.0 			 0.0			 -63896.294855 
g3	 70 	 4047.61 			 0.0 			 0.0			 4047.61 
g3	 71 	 16.491381 			 0.0 			 0.0			 16.491381 
g3	 72 	 15.56631 			 0.0 			 0.0			 15.56631 
g3	 73 	 15.56631 			 0.0 			 0.0			 15.56631 
g3	 74 	 15.56631 			 0.0 			 0.0			 15.56631 
g3	 75 	 15.56631 			 0.0 			 0.0			 15.56631 
g3	 76 	 15.56631 			 0.0 			 0.0			 15.56631 
g3	 77 	 203.374463 			 0.0 			 0.0			 203.374463 
g3	 78 	 15.56631 			 0.0 			 0.0			 15.56631 
g3	 79 	 15.56631 			 0.0 			 0.0			 15.56631 
g3	 80 	 15.233052 			 0.0 			 0.0			 15.233052 
g3	 81 	 15.56631 			 0.0 			 0.0			 15.56631 
g3	 82 	 17.845414 			 0.0 			 0.0			 17.845414 
g3	 83 	 15.56631 			 0.0 			 0.0			 15.56631 
g3	 84 	 17.991817 			 0.0 			 0.0			 17.991817 
g3	 85 	 15.56631 			 0.0 			 0.0			 15.56631 
g3	 86 	 15.56631 			 0.0 			 0.0			 15.56631 
g3	 87 	 16.491381 			 0.0 			 0.0			 16.491381 
g3	 88 	 88.361629 			 0.0 			 0.0			 88.361629 
g3	 89 	 4824.615 			 0.0 			 0.0			 4824.615 
g3	 90 	 -31121.654046 			 0.0 			 0.0			 -31121.654046 
g3	 91 	 17.39695 			 0.0 			 0.0			 17.39695 
g3	 92 	 41012.115 			 0.0 			 0.0			 41012.115 
g3	 93 	 0.0 			 0.0 			 0.0			 0.0 
g3	 94 	 0.0 			 0.0 			 0.0			 0.0 
g3	 95 	 0.0 			 0.0 			 0.0			 0.0 
g3	 96 	 0.0 			 0.0 			 0.0			 0.0 
----------------------------------------------------------------------------------------------------
g4	 1 	 0.0 			 0.0 			 0.0			 0.0 
g4	 2 	 0.0 			 0.0 			 0.0			 0.0 
g4	 3 	 0.0 			 0.0 			 0.0			 0.0 
g4	 4 	 0.0 			 0.0 			 0.0			 0.0 
g4	 5 	 0.0 			 0.0 			 0.0			 0.0 
g4	 6 	 0.0 			 0.0 			 0.0			 0.0 
g4	 7 	 0.0 			 0.0 			 0.0			 0.0 
g4	 8 	 0.0 			 0.0 			 0.0			 0.0 
g4	 9 	 0.0 			 0.0 			 0.0			 0.0 
g4	 10 	 0.0 			 0.0 			 0.0			 0.0 
g4	 11 	 0.0 			 0.0 			 0.0			 0.0 
g4	 12 	 0.0 			 0.0 			 0.0			 0.0 
g4	 13 	 0.0 			 0.0 			 0.0			 0.0 
g4	 14 	 0.0 			 0.0 			 0.0			 0.0 
g4	 15 	 0.0 			 0.0 			 0.0			 0.0 
g4	 16 	 0.0 			 0.0 			 0.0			 0.0 
g4	 17 	 0.0 			 0.0 			 0.0			 0.0 
g4	 18 	 0.0 			 0.0 			 0.0			 0.0 
g4	 19 	 0.0 			 0.0 			 0.0			 0.0 
g4	 20 	 0.0 			 0.0 			 0.0			 0.0 
g4	 21 	 0.0 			 0.0 			 0.0			 0.0 
g4	 22 	 0.0 			 0.0 			 0.0			 0.0 
g4	 23 	 0.0 			 0.0 			 0.0			 0.0 
g4	 24 	 0.0 			 0.0 			 0.0			 0.0 
g4	 25 	 0.0 			 0.0 			 0.0			 0.0 
g4	 26 	 0.0 			 0.0 			 0.0			 0.0 
g4	 27 	 0.0 			 0.0 			 0.0			 0.0 
g4	 28 	 0.0 			 0.0 			 0.0			 0.0 
g4	 29 	 0.0 			 0.0 			 0.0			 0.0 
g4	 30 	 0.0 			 0.0 			 0.0			 0.0 
g4	 31 	 0.0 			 0.0 			 0.0			 0.0 
g4	 32 	 0.0 			 0.0 			 0.0			 0.0 
g4	 33 	 0.0 			 0.0 			 0.0			 0.0 
g4	 34 	 0.0 			 0.0 			 0.0			 0.0 
g4	 35 	 0.0 			 0.0 			 0.0			 0.0 
g4	 36 	 0.0 			 0.0 			 0.0			 0.0 
g4	 37 	 0.0 			 0.0 			 0.0			 0.0 
g4	 38 	 0.0 			 0.0 			 0.0			 0.0 
g4	 39 	 0.0 			 0.0 			 0.0			 0.0 
g4	 40 	 0.0 			 0.0 			 0.0			 0.0 
g4	 41 	 0.0 			 0.0 			 0.0			 0.0 
g4	 42 	 0.0 			 0.0 			 0.0			 0.0 
g4	 43 	 0.0 			 0.0 			 0.0			 0.0 
g4	 44 	 0.0 			 0.0 			 0.0			 0.0 
g4	 45 	 0.0 			 0.0 			 0.0			 0.0 
g4	 46 	 0.0 			 0.0 			 0.0			 0.0 
g4	 47 	 0.0 			 0.0 			 0.0			 0.0 
g4	 48 	 0.0 			 0.0 			 0.0			 0.0 
g4	 49 	 0.0 			 0.0 			 0.0			 0.0 
g4	 50 	 0.0 			 0.0 			 0.0			 0.0 
g4	 51 	 0.0 			 0.0 			 0.0			 0.0 
g4	 52 	 0.0 			 0.0 			 0.0			 0.0 
g4	 53 	 0.0 			 0.0 			 0.0			 0.0 
g4	 54 	 0.0 			 0.0 			 0.0			 0.0 
g4	 55 	 0.0 			 0.0 			 0.0			 0.0 
g4	 56 	 0.0 			 0.0 			 0.0			 0.0 
g4	 57 	 0.0 			 0.0 			 0.0			 0.0 
g4	 58 	 0.0 			 0.0 			 0.0			 0.0 
g4	 59 	 0.0 			 0.0 			 0.0			 0.0 
g4	 60 	 0.0 			 0.0 			 0.0			 0.0 
g4	 61 	 0.0 			 0.0 			 0.0			 0.0 
g4	 62 	 0.0 			 0.0 			 0.0			 0.0 
g4	 63 	 0.0 			 0.0 			 0.0			 0.0 
g4	 64 	 0.0 			 0.0 			 0.0			 0.0 
g4	 65 	 0.0 			 0.0 			 0.0			 0.0 
g4	 66 	 0.0 			 0.0 			 0.0			 0.0 
g4	 67 	 0.0 			 0.0 			 0.0			 0.0 
g4	 68 	 0.0 			 0.0 			 0.0			 0.0 
g4	 69 	 0.0 			 0.0 			 0.0			 0.0 
g4	 70 	 0.0 			 0.0 			 0.0			 0.0 
g4	 71 	 0.0 			 0.0 			 0.0			 0.0 
g4	 72 	 0.0 			 0.0 			 0.0			 0.0 
g4	 73 	 0.0 			 0.0 			 0.0			 0.0 
g4	 74 	 0.0 			 0.0 			 0.0			 0.0 
g4	 75 	 0.0 			 0.0 			 0.0			 0.0 
g4	 76 	 0.0 			 0.0 			 0.0			 0.0 
g4	 77 	 0.0 			 0.0 			 0.0			 0.0 
g4	 78 	 0.0 			 0.0 			 0.0			 0.0 
g4	 79 	 0.0 			 0.0 			 0.0			 0.0 
g4	 80 	 0.0 			 0.0 			 0.0			 0.0 
g4	 81 	 0.0 			 0.0 			 0.0			 0.0 
g4	 82 	 0.0 			 0.0 			 0.0			 0.0 
g4	 83 	 0.0 			 0.0 			 0.0			 0.0 
g4	 84 	 0.0 			 0.0 			 0.0			 0.0 
g4	 85 	 0.0 			 0.0 			 0.0			 0.0 
g4	 86 	 0.0 			 0.0 			 0.0			 0.0 
g4	 87 	 0.0 			 0.0 			 0.0			 0.0 
g4	 88 	 0.0 			 0.0 			 0.0			 0.0 
g4	 89 	 0.0 			 0.0 			 0.0			 0.0 
g4	 90 	 0.0 			 0.0 			 0.0			 0.0 
g4	 91 	 0.0 			 0.0 			 0.0			 0.0 
g4	 92 	 0.0 			 0.0 			 0.0			 0.0 
g4	 93 	 0.0 			 0.0 			 0.0			 0.0 
g4	 94 	 0.0 			 0.0 			 0.0			 0.0 
g4	 95 	 0.0 			 0.0 			 0.0			 0.0 
g4	 96 	 0.0 			 0.0 			 0.0			 0.0 
----------------------------------------------------------------------------------------------------
g5	 1 	 0.0 			 0.0 			 0.0			 0.0 
g5	 2 	 0.0 			 0.0 			 0.0			 0.0 
g5	 3 	 0.0 			 0.0 			 0.0			 0.0 
g5	 4 	 0.0 			 0.0 			 0.0			 0.0 
g5	 5 	 -45818.14902 			 0.0 			 0.0			 -45818.14902 
g5	 6 	 -37.185196 			 0.0 			 0.0			 -37.185196 
g5	 7 	 -115.938719 			 0.0 			 0.0			 -115.938719 
g5	 8 	 11.389749 			 0.0 			 0.0			 11.389749 
g5	 9 	 21.893178 			 0.0 			 0.0			 21.893178 
g5	 10 	 21.893178 			 0.0 			 0.0			 21.893178 
g5	 11 	 21.893178 			 0.0 			 0.0			 21.893178 
g5	 12 	 21.893178 			 0.0 			 0.0			 21.893178 
g5	 13 	 21.893178 			 0.0 			 0.0			 21.893178 
g5	 14 	 21.893178 			 0.0 			 0.0			 21.893178 
g5	 15 	 21.893178 			 0.0 			 0.0			 21.893178 
g5	 16 	 21.893178 			 0.0 			 0.0			 21.893178 
g5	 17 	 21.893178 			 0.0 			 0.0			 21.893178 
g5	 18 	 21.893178 			 0.0 			 0.0			 21.893178 
g5	 19 	 21.893178 			 0.0 			 0.0			 21.893178 
g5	 20 	 22.809954 			 0.0 			 0.0			 22.809954 
g5	 21 	 15.580086 			 0.0 			 0.0			 15.580086 
g5	 22 	 21.893178 			 0.0 			 0.0			 21.893178 
g5	 23 	 5817.2875 			 0.0 			 0.0			 5817.2875 
g5	 24 	 -31362.929321 			 0.0 			 0.0			 -31362.929321 
g5	 25 	 23.701668 			 0.0 			 0.0			 23.701668 
g5	 26 	 22.372141 			 0.0 			 0.0			 22.372141 
g5	 27 	 21.893178 			 0.0 			 0.0			 21.893178 
g5	 28 	 21.893178 			 0.0 			 0.0			 21.893178 
g5	 29 	 22.120999 			 0.0 			 0.0			 22.120999 
g5	 30 	 21.893178 			 0.0 			 0.0			 21.893178 
g5	 31 	 22.372141 			 0.0 			 0.0			 22.372141 
g5	 32 	 22.007089 			 0.0 			 0.0			 22.007089 
g5	 33 	 22.372141 			 0.0 			 0.0			 22.372141 
g5	 34 	 21.893178 			 0.0 			 0.0			 21.893178 
g5	 35 	 22.007089 			 0.0 			 0.0			 22.007089 
g5	 36 	 21.893178 			 0.0 			 0.0			 21.893178 
g5	 37 	 22.372141 			 0.0 			 0.0			 22.372141 
g5	 38 	 22.372141 			 0.0 			 0.0			 22.372141 
g5	 39 	 22.007089 			 0.0 			 0.0			 22.007089 
g5	 40 	 22.737194 			 0.0 			 0.0			 22.737194 
g5	 41 	 19.368924 			 0.0 			 0.0			 19.368924 
g5	 42 	 -9424.551785 			 0.0 			 0.0			 -9424.551785 
g5	 43 	 27905.5525 			 0.0 			 0.0			 27905.5525 
g5	 44 	 42442.63 			 0.0 			 0.0			 42442.63 
g5	 45 	 5769.884167 			 0.0 			 0.0			 5769.884167 
g5	 46 	 22.372141 			 0.0 			 0.0			 22.372141 
g5	 47 	 22.372141 			 0.0 			 0.0			 22.372141 
g5	 48 	 22.372141 			 0.0 			 0.0			 22.372141 
g5	 49 	 22.372141 			 0.0 			 0.0			 22.372141 
g5	 50 	 22.372141 			 0.0 			 0.0			 22.372141 
g5	 51 	 24373.96 			 0.0 			 0.0			 24373.96 
g5	 52 	 -12927.839454 			 0.0 			 0.0			 -12927.839454 
g5	 53 	 22.372141 			 0.0 			 0.0			 22.372141 
g5	 54 	 22.372141 			 0.0 			 0.0			 22.372141 
g5	 55 	 22.372141 			 0.0 			 0.0			 22.372141 
g5	 56 	 22.372141 			 0.0 			 0.0			 22.372141 
g5	 57 	 205.093386 			 0.0 			 0.0			 205.093386 
g5	 58 	 215.767508 			 0.0 			 0.0			 215.767508 
g5	 59 	 22.372141 			 0.0 			 0.0			 22.372141 
g5	 60 	 -31345.992647 			 0.0 			 0.0			 -31345.992647 
g5	 61 	 5817.2875 			 0.0 			 0.0			 5817.2875 
g5	 62 	 22.737194 			 0.0 			 0.0			 22.737194 
g5	 63 	 22.007089 			 0.0 			 0.0			 22.007089 
g5	 64 	 -29874.622829 			 0.0 			 0.0			 -29874.622829 
g5	 65 	 7290.255 			 0.0 			 0.0			 7290.255 
g5	 66 	 23.701668 			 0.0 			 0.0			 23.701668 
g5	 67 	 23.701668 			 0.0 			 0.0			 23.701668 
g5	 68 	 5817.2875 			 0.0 			 0.0			 5817.2875 
g5	 69 	 -69710.494884 			 0.0 			 0.0			 -69710.494884 
g5	 70 	 2341.8125 			 0.0 			 0.0			 2341.8125 
g5	 71 	 9.541365 			 0.0 			 0.0			 9.541365 
g5	 72 	 9.006149 			 0.0 			 0.0			 9.006149 
g5	 73 	 22.372141 			 0.0 			 0.0			 22.372141 
g5	 74 	 22.372141 			 0.0 			 0.0			 22.372141 
g5	 75 	 22.372141 			 0.0 			 0.0			 22.372141 
g5	 76 	 22.372141 			 0.0 			 0.0			 22.372141 
g5	 77 	 218.479923 			 0.0 			 0.0			 218.479923 
g5	 78 	 22.372141 			 0.0 			 0.0			 22.372141 
g5	 79 	 22.372141 			 0.0 			 0.0			 22.372141 
g5	 80 	 21.893178 			 0.0 			 0.0			 21.893178 
g5	 81 	 22.372141 			 0.0 			 0.0			 22.372141 
g5	 82 	 95.436719 			 0.0 			 0.0			 95.436719 
g5	 83 	 22.372141 			 0.0 			 0.0			 22.372141 
g5	 84 	 192.130664 			 0.0 			 0.0			 192.130664 
g5	 85 	 22.372141 			 0.0 			 0.0			 22.372141 
g5	 86 	 22.372141 			 0.0 			 0.0			 22.372141 
g5	 87 	 23.701668 			 0.0 			 0.0			 23.701668 
g5	 88 	 23.701668 			 0.0 			 0.0			 23.701668 
g5	 89 	 -517.97 			 0.0 			 0.0			 -517.97 
g5	 90 	 -37632.521842 			 0.0 			 0.0			 -37632.521842 
g5	 91 	 -80.378844 			 0.0 			 0.0			 -80.378844 
g5	 92 	 -517.97 			 0.0 			 0.0			 -517.97 
g5	 93 	 -31338.413519 			 0.0 			 0.0			 -31338.413519 
g5	 94 	 -31348.593517 			 0.0 			 0.0			 -31348.593517 
g5	 95 	 5817.2875 			 0.0 			 0.0			 5817.2875 
g5	 96 	 22.372141 			 0.0 			 0.0			 22.372141 
----------------------------------------------------------------------------------------------------------------
unit 	 generation payment 	 up-FRP payment 	 dw-FRP payment 	pre-up total payment
----------------------------------------------------------------------------------------------------------------
 g1 	 559393.387429			 0.000000			 0.000000			 559393.387429
 g2 	 179506.086881			 0.000000			 0.000000			 179506.086881
 g3 	 -169761.097438			 0.000000			 0.000000			 -169761.097438
 g4 	 0.000000			 0.000000			 0.000000			 0.000000
 g5 	 -196395.818030			 0.000000			 0.000000			 -196395.818030
----------------------------------------------------------------------------------------------------
generation payment 	 up-FRP payment 	 dw-FRP payment 	 pre-up total payment
----------------------------------------------------------------------------------------------------
372742.55884199997 			 0.0 			 0.0 			 372742.55884199997
 
****************************************************************************************************
 
Generation costs
----------------------------------------------------------------------------------------------------
unit	 time 	 generation cost 	 start-up cost  	total cost
----------------------------------------------------------------------------------------------------
g1	 1 	 2679.377101 			 0.0 			2679.377101
g1	 2 	 2563.732942 			 0.0 			2563.732942
g1	 3 	 2347.495658 			 0.0 			2347.495658
g1	 4 	 2556.308721 			 0.0 			2556.308721
g1	 5 	 2012.831523 			 0.0 			2012.831523
g1	 6 	 2463.46618 			 0.0 			2463.46618
g1	 7 	 1921.976641 			 0.0 			1921.976641
g1	 8 	 2388.052347 			 0.0 			2388.052347
g1	 9 	 1863.817287 			 0.0 			1863.817287
g1	 10 	 1953.830484 			 0.0 			1953.830484
g1	 11 	 1928.990839 			 0.0 			1928.990839
g1	 12 	 1762.051228 			 0.0 			1762.051228
g1	 13 	 1997.26357 			 0.0 			1997.26357
g1	 14 	 1783.36119 			 0.0 			1783.36119
g1	 15 	 1673.710242 			 0.0 			1673.710242
g1	 16 	 2138.680605 			 0.0 			2138.680605
g1	 17 	 1998.343822 			 0.0 			1998.343822
g1	 18 	 1897.810265 			 0.0 			1897.810265
g1	 19 	 1752.742251 			 0.0 			1752.742251
g1	 20 	 2290.50286 			 0.0 			2290.50286
g1	 21 	 1752.232788 			 0.0 			1752.232788
g1	 22 	 2064.909369 			 0.0 			2064.909369
g1	 23 	 2049.513939 			 0.0 			2049.513939
g1	 24 	 1512.413796 			 0.0 			1512.413796
g1	 25 	 2049.513939 			 0.0 			2049.513939
g1	 26 	 2384.121498 			 0.0 			2384.121498
g1	 27 	 2041.825814 			 0.0 			2041.825814
g1	 28 	 1815.199515 			 0.0 			1815.199515
g1	 29 	 2313.086426 			 0.0 			2313.086426
g1	 30 	 2129.89414 			 0.0 			2129.89414
g1	 31 	 2449.87726 			 0.0 			2449.87726
g1	 32 	 2313.086426 			 0.0 			2313.086426
g1	 33 	 2484.449309 			 0.0 			2484.449309
g1	 34 	 2199.3956 			 0.0 			2199.3956
g1	 35 	 2313.086426 			 0.0 			2313.086426
g1	 36 	 2034.428828 			 0.0 			2034.428828
g1	 37 	 2396.813742 			 0.0 			2396.813742
g1	 38 	 2726.968336 			 0.0 			2726.968336
g1	 39 	 2426.789662 			 0.0 			2426.789662
g1	 40 	 2976.835623 			 0.0 			2976.835623
g1	 41 	 3007.706606 			 0.0 			3007.706606
g1	 42 	 2508.187447 			 0.0 			2508.187447
g1	 43 	 3058.233409 			 0.0 			3058.233409
g1	 44 	 3058.233409 			 0.0 			3058.233409
g1	 45 	 2508.187447 			 0.0 			2508.187447
g1	 46 	 2693.260273 			 0.0 			2693.260273
g1	 47 	 2595.105516 			 0.0 			2595.105516
g1	 48 	 2687.468127 			 0.0 			2687.468127
g1	 49 	 2832.983794 			 0.0 			2832.983794
g1	 50 	 2747.022076 			 0.0 			2747.022076
g1	 51 	 3058.233409 			 0.0 			3058.233409
g1	 52 	 2508.187447 			 0.0 			2508.187447
g1	 53 	 2413.510295 			 0.0 			2413.510295
g1	 54 	 2778.375878 			 0.0 			2778.375878
g1	 55 	 2831.605865 			 0.0 			2831.605865
g1	 56 	 3052.408881 			 0.0 			3052.408881
g1	 57 	 3058.233409 			 0.0 			3058.233409
g1	 58 	 3058.233409 			 0.0 			3058.233409
g1	 59 	 2902.72739 			 0.0 			2902.72739
g1	 60 	 2453.950894 			 0.0 			2453.950894
g1	 61 	 3003.996856 			 0.0 			3003.996856
g1	 62 	 2905.399547 			 0.0 			2905.399547
g1	 63 	 2355.353586 			 0.0 			2355.353586
g1	 64 	 2508.187447 			 0.0 			2508.187447
g1	 65 	 3058.233409 			 0.0 			3058.233409
g1	 66 	 3058.233409 			 0.0 			3058.233409
g1	 67 	 3058.233409 			 0.0 			3058.233409
g1	 68 	 3058.233409 			 0.0 			3058.233409
g1	 69 	 2508.187447 			 0.0 			2508.187447
g1	 70 	 3058.233409 			 0.0 			3058.233409
g1	 71 	 3058.233409 			 0.0 			3058.233409
g1	 72 	 2811.712787 			 0.0 			2811.712787
g1	 73 	 2891.946374 			 0.0 			2891.946374
g1	 74 	 2864.802489 			 0.0 			2864.802489
g1	 75 	 2815.661397 			 0.0 			2815.661397
g1	 76 	 2544.229474 			 0.0 			2544.229474
g1	 77 	 3058.233409 			 0.0 			3058.233409
g1	 78 	 2865.245431 			 0.0 			2865.245431
g1	 79 	 2592.303244 			 0.0 			2592.303244
g1	 80 	 2263.359489 			 0.0 			2263.359489
g1	 81 	 2551.370835 			 0.0 			2551.370835
g1	 82 	 3058.233409 			 0.0 			3058.233409
g1	 83 	 2628.858913 			 0.0 			2628.858913
g1	 84 	 3058.233409 			 0.0 			3058.233409
g1	 85 	 2867.796453 			 0.0 			2867.796453
g1	 86 	 2555.281526 			 0.0 			2555.281526
g1	 87 	 3058.233409 			 0.0 			3058.233409
g1	 88 	 3058.233409 			 0.0 			3058.233409
g1	 89 	 3052.526349 			 0.0 			3052.526349
g1	 90 	 2502.480388 			 0.0 			2502.480388
g1	 91 	 2500.269311 			 0.0 			2500.269311
g1	 92 	 3050.315273 			 0.0 			3050.315273
g1	 93 	 2500.269311 			 0.0 			2500.269311
g1	 94 	 2093.110998 			 0.0 			2093.110998
g1	 95 	 2638.344494 			 0.0 			2638.344494
g1	 96 	 2771.733191 			 0.0 			2771.733191
----------------------------------------------------------------------------------------------------
g2	 1 	 0.0 			 0.0 			0.0
g2	 2 	 0.0 			 0.0 			0.0
g2	 3 	 0.0 			 0.0 			0.0
g2	 4 	 0.0 			 0.0 			0.0
g2	 5 	 0.0 			 0.0 			0.0
g2	 6 	 0.0 			 0.0 			0.0
g2	 7 	 0.0 			 0.0 			0.0
g2	 8 	 0.0 			 0.0 			0.0
g2	 9 	 0.0 			 0.0 			0.0
g2	 10 	 0.0 			 0.0 			0.0
g2	 11 	 0.0 			 0.0 			0.0
g2	 12 	 0.0 			 0.0 			0.0
g2	 13 	 0.0 			 0.0 			0.0
g2	 14 	 0.0 			 0.0 			0.0
g2	 15 	 0.0 			 0.0 			0.0
g2	 16 	 0.0 			 0.0 			0.0
g2	 17 	 0.0 			 0.0 			0.0
g2	 18 	 0.0 			 0.0 			0.0
g2	 19 	 0.0 			 0.0 			0.0
g2	 20 	 0.0 			 0.0 			0.0
g2	 21 	 0.0 			 0.0 			0.0
g2	 22 	 0.0 			 0.0 			0.0
g2	 23 	 0.0 			 0.0 			0.0
g2	 24 	 0.0 			 0.0 			0.0
g2	 25 	 596.082411 			 10598.13 			11194.212411
g2	 26 	 534.771644 			 0.0 			534.771644
g2	 27 	 323.535598 			 0.0 			323.535598
g2	 28 	 262.734709 			 0.0 			262.734709
g2	 29 	 473.970755 			 0.0 			473.970755
g2	 30 	 323.535598 			 0.0 			323.535598
g2	 31 	 534.771644 			 0.0 			534.771644
g2	 32 	 450.298321 			 0.0 			450.298321
g2	 33 	 534.771644 			 0.0 			534.771644
g2	 34 	 323.535598 			 0.0 			323.535598
g2	 35 	 390.563781 			 0.0 			390.563781
g2	 36 	 323.535598 			 0.0 			323.535598
g2	 37 	 534.771644 			 0.0 			534.771644
g2	 38 	 534.771644 			 0.0 			534.771644
g2	 39 	 504.296909 			 0.0 			504.296909
g2	 40 	 534.771644 			 0.0 			534.771644
g2	 41 	 534.771644 			 0.0 			534.771644
g2	 42 	 534.771644 			 0.0 			534.771644
g2	 43 	 762.273179 			 0.0 			762.273179
g2	 44 	 834.727094 			 0.0 			834.727094
g2	 45 	 607.22556 			 0.0 			607.22556
g2	 46 	 534.771644 			 0.0 			534.771644
g2	 47 	 534.771644 			 0.0 			534.771644
g2	 48 	 534.771644 			 0.0 			534.771644
g2	 49 	 534.771644 			 0.0 			534.771644
g2	 50 	 534.771644 			 0.0 			534.771644
g2	 51 	 762.273179 			 0.0 			762.273179
g2	 52 	 534.771644 			 0.0 			534.771644
g2	 53 	 534.771644 			 0.0 			534.771644
g2	 54 	 534.771644 			 0.0 			534.771644
g2	 55 	 534.771644 			 0.0 			534.771644
g2	 56 	 626.50935 			 0.0 			626.50935
g2	 57 	 854.010884 			 0.0 			854.010884
g2	 58 	 933.760353 			 0.0 			933.760353
g2	 59 	 697.183251 			 0.0 			697.183251
g2	 60 	 474.335397 			 0.0 			474.335397
g2	 61 	 697.183251 			 0.0 			697.183251
g2	 62 	 534.771644 			 0.0 			534.771644
g2	 63 	 475.847086 			 0.0 			475.847086
g2	 64 	 534.771644 			 0.0 			534.771644
g2	 65 	 762.273179 			 0.0 			762.273179
g2	 66 	 692.382129 			 0.0 			692.382129
g2	 67 	 788.318411 			 0.0 			788.318411
g2	 68 	 727.241578 			 0.0 			727.241578
g2	 69 	 502.244669 			 0.0 			502.244669
g2	 70 	 727.241578 			 0.0 			727.241578
g2	 71 	 727.30049 			 0.0 			727.30049
g2	 72 	 534.771644 			 0.0 			534.771644
g2	 73 	 534.771644 			 0.0 			534.771644
g2	 74 	 534.771644 			 0.0 			534.771644
g2	 75 	 534.771644 			 0.0 			534.771644
g2	 76 	 670.447808 			 0.0 			670.447808
g2	 77 	 903.591686 			 0.0 			903.591686
g2	 78 	 670.447808 			 0.0 			670.447808
g2	 79 	 534.771644 			 0.0 			534.771644
g2	 80 	 399.353367 			 0.0 			399.353367
g2	 81 	 616.427494 			 0.0 			616.427494
g2	 82 	 843.929028 			 0.0 			843.929028
g2	 83 	 616.427494 			 0.0 			616.427494
g2	 84 	 843.929028 			 0.0 			843.929028
g2	 85 	 616.427494 			 0.0 			616.427494
g2	 86 	 534.771644 			 0.0 			534.771644
g2	 87 	 742.776628 			 0.0 			742.776628
g2	 88 	 552.556863 			 0.0 			552.556863
g2	 89 	 0.0 			 0.0 			0.0
g2	 90 	 0.0 			 0.0 			0.0
g2	 91 	 0.0 			 0.0 			0.0
g2	 92 	 0.0 			 0.0 			0.0
g2	 93 	 0.0 			 0.0 			0.0
g2	 94 	 0.0 			 0.0 			0.0
g2	 95 	 0.0 			 0.0 			0.0
g2	 96 	 0.0 			 0.0 			0.0
----------------------------------------------------------------------------------------------------
g3	 1 	 0.0 			 0.0 			0.0
g3	 2 	 0.0 			 0.0 			0.0
g3	 3 	 0.0 			 0.0 			0.0
g3	 4 	 0.0 			 0.0 			0.0
g3	 5 	 0.0 			 0.0 			0.0
g3	 6 	 0.0 			 0.0 			0.0
g3	 7 	 0.0 			 0.0 			0.0
g3	 8 	 0.0 			 0.0 			0.0
g3	 9 	 0.0 			 0.0 			0.0
g3	 10 	 0.0 			 0.0 			0.0
g3	 11 	 0.0 			 0.0 			0.0
g3	 12 	 0.0 			 0.0 			0.0
g3	 13 	 0.0 			 0.0 			0.0
g3	 14 	 0.0 			 0.0 			0.0
g3	 15 	 0.0 			 0.0 			0.0
g3	 16 	 0.0 			 0.0 			0.0
g3	 17 	 0.0 			 0.0 			0.0
g3	 18 	 0.0 			 0.0 			0.0
g3	 19 	 0.0 			 0.0 			0.0
g3	 20 	 0.0 			 0.0 			0.0
g3	 21 	 0.0 			 0.0 			0.0
g3	 22 	 0.0 			 0.0 			0.0
g3	 23 	 0.0 			 0.0 			0.0
g3	 24 	 0.0 			 0.0 			0.0
g3	 25 	 0.0 			 0.0 			0.0
g3	 26 	 0.0 			 0.0 			0.0
g3	 27 	 0.0 			 0.0 			0.0
g3	 28 	 0.0 			 0.0 			0.0
g3	 29 	 0.0 			 0.0 			0.0
g3	 30 	 0.0 			 0.0 			0.0
g3	 31 	 0.0 			 0.0 			0.0
g3	 32 	 0.0 			 0.0 			0.0
g3	 33 	 0.0 			 0.0 			0.0
g3	 34 	 0.0 			 0.0 			0.0
g3	 35 	 0.0 			 0.0 			0.0
g3	 36 	 0.0 			 0.0 			0.0
g3	 37 	 0.0 			 0.0 			0.0
g3	 38 	 0.0 			 0.0 			0.0
g3	 39 	 0.0 			 0.0 			0.0
g3	 40 	 0.0 			 0.0 			0.0
g3	 41 	 0.0 			 0.0 			0.0
g3	 42 	 0.0 			 0.0 			0.0
g3	 43 	 0.0 			 0.0 			0.0
g3	 44 	 0.0 			 0.0 			0.0
g3	 45 	 171.443626 			 4595.43 			4766.873626
g3	 46 	 299.601851 			 0.0 			299.601851
g3	 47 	 350.954412 			 0.0 			350.954412
g3	 48 	 350.954412 			 0.0 			350.954412
g3	 49 	 350.954412 			 0.0 			350.954412
g3	 50 	 350.954412 			 0.0 			350.954412
g3	 51 	 350.954412 			 0.0 			350.954412
g3	 52 	 222.796187 			 0.0 			222.796187
g3	 53 	 350.954412 			 0.0 			350.954412
g3	 54 	 350.954412 			 0.0 			350.954412
g3	 55 	 350.954412 			 0.0 			350.954412
g3	 56 	 350.954412 			 0.0 			350.954412
g3	 57 	 501.859144 			 0.0 			501.859144
g3	 58 	 522.662177 			 0.0 			522.662177
g3	 59 	 350.954412 			 0.0 			350.954412
g3	 60 	 222.796187 			 0.0 			222.796187
g3	 61 	 350.954412 			 0.0 			350.954412
g3	 62 	 350.954412 			 0.0 			350.954412
g3	 63 	 350.954412 			 0.0 			350.954412
g3	 64 	 222.796187 			 0.0 			222.796187
g3	 65 	 350.954412 			 0.0 			350.954412
g3	 66 	 350.954412 			 0.0 			350.954412
g3	 67 	 350.954412 			 0.0 			350.954412
g3	 68 	 350.954412 			 0.0 			350.954412
g3	 69 	 222.796187 			 0.0 			222.796187
g3	 70 	 350.954412 			 0.0 			350.954412
g3	 71 	 350.954412 			 0.0 			350.954412
g3	 72 	 350.954412 			 0.0 			350.954412
g3	 73 	 350.954412 			 0.0 			350.954412
g3	 74 	 350.954412 			 0.0 			350.954412
g3	 75 	 350.954412 			 0.0 			350.954412
g3	 76 	 350.954412 			 0.0 			350.954412
g3	 77 	 522.662177 			 0.0 			522.662177
g3	 78 	 350.954412 			 0.0 			350.954412
g3	 79 	 350.954412 			 0.0 			350.954412
g3	 80 	 350.954412 			 0.0 			350.954412
g3	 81 	 350.954412 			 0.0 			350.954412
g3	 82 	 350.954412 			 0.0 			350.954412
g3	 83 	 350.954412 			 0.0 			350.954412
g3	 84 	 350.954412 			 0.0 			350.954412
g3	 85 	 350.954412 			 0.0 			350.954412
g3	 86 	 350.954412 			 0.0 			350.954412
g3	 87 	 350.954412 			 0.0 			350.954412
g3	 88 	 434.653775 			 0.0 			434.653775
g3	 89 	 613.469788 			 0.0 			613.469788
g3	 90 	 434.653775 			 0.0 			434.653775
g3	 91 	 613.469788 			 0.0 			613.469788
g3	 92 	 867.111494 			 0.0 			867.111494
g3	 93 	 0.0 			 0.0 			0.0
g3	 94 	 0.0 			 0.0 			0.0
g3	 95 	 0.0 			 0.0 			0.0
g3	 96 	 0.0 			 0.0 			0.0
----------------------------------------------------------------------------------------------------
g4	 1 	 0.0 			 0.0 			0.0
g4	 2 	 0.0 			 0.0 			0.0
g4	 3 	 0.0 			 0.0 			0.0
g4	 4 	 0.0 			 0.0 			0.0
g4	 5 	 0.0 			 0.0 			0.0
g4	 6 	 0.0 			 0.0 			0.0
g4	 7 	 0.0 			 0.0 			0.0
g4	 8 	 0.0 			 0.0 			0.0
g4	 9 	 0.0 			 0.0 			0.0
g4	 10 	 0.0 			 0.0 			0.0
g4	 11 	 0.0 			 0.0 			0.0
g4	 12 	 0.0 			 0.0 			0.0
g4	 13 	 0.0 			 0.0 			0.0
g4	 14 	 0.0 			 0.0 			0.0
g4	 15 	 0.0 			 0.0 			0.0
g4	 16 	 0.0 			 0.0 			0.0
g4	 17 	 0.0 			 0.0 			0.0
g4	 18 	 0.0 			 0.0 			0.0
g4	 19 	 0.0 			 0.0 			0.0
g4	 20 	 0.0 			 0.0 			0.0
g4	 21 	 0.0 			 0.0 			0.0
g4	 22 	 0.0 			 0.0 			0.0
g4	 23 	 0.0 			 0.0 			0.0
g4	 24 	 0.0 			 0.0 			0.0
g4	 25 	 0.0 			 0.0 			0.0
g4	 26 	 0.0 			 0.0 			0.0
g4	 27 	 0.0 			 0.0 			0.0
g4	 28 	 0.0 			 0.0 			0.0
g4	 29 	 0.0 			 0.0 			0.0
g4	 30 	 0.0 			 0.0 			0.0
g4	 31 	 0.0 			 0.0 			0.0
g4	 32 	 0.0 			 0.0 			0.0
g4	 33 	 0.0 			 0.0 			0.0
g4	 34 	 0.0 			 0.0 			0.0
g4	 35 	 0.0 			 0.0 			0.0
g4	 36 	 0.0 			 0.0 			0.0
g4	 37 	 0.0 			 0.0 			0.0
g4	 38 	 0.0 			 0.0 			0.0
g4	 39 	 0.0 			 0.0 			0.0
g4	 40 	 0.0 			 0.0 			0.0
g4	 41 	 0.0 			 0.0 			0.0
g4	 42 	 0.0 			 0.0 			0.0
g4	 43 	 0.0 			 0.0 			0.0
g4	 44 	 0.0 			 0.0 			0.0
g4	 45 	 0.0 			 0.0 			0.0
g4	 46 	 0.0 			 0.0 			0.0
g4	 47 	 0.0 			 0.0 			0.0
g4	 48 	 0.0 			 0.0 			0.0
g4	 49 	 0.0 			 0.0 			0.0
g4	 50 	 0.0 			 0.0 			0.0
g4	 51 	 0.0 			 0.0 			0.0
g4	 52 	 0.0 			 0.0 			0.0
g4	 53 	 0.0 			 0.0 			0.0
g4	 54 	 0.0 			 0.0 			0.0
g4	 55 	 0.0 			 0.0 			0.0
g4	 56 	 0.0 			 0.0 			0.0
g4	 57 	 0.0 			 0.0 			0.0
g4	 58 	 0.0 			 0.0 			0.0
g4	 59 	 0.0 			 0.0 			0.0
g4	 60 	 0.0 			 0.0 			0.0
g4	 61 	 0.0 			 0.0 			0.0
g4	 62 	 0.0 			 0.0 			0.0
g4	 63 	 0.0 			 0.0 			0.0
g4	 64 	 0.0 			 0.0 			0.0
g4	 65 	 0.0 			 0.0 			0.0
g4	 66 	 0.0 			 0.0 			0.0
g4	 67 	 0.0 			 0.0 			0.0
g4	 68 	 0.0 			 0.0 			0.0
g4	 69 	 0.0 			 0.0 			0.0
g4	 70 	 0.0 			 0.0 			0.0
g4	 71 	 0.0 			 0.0 			0.0
g4	 72 	 0.0 			 0.0 			0.0
g4	 73 	 0.0 			 0.0 			0.0
g4	 74 	 0.0 			 0.0 			0.0
g4	 75 	 0.0 			 0.0 			0.0
g4	 76 	 0.0 			 0.0 			0.0
g4	 77 	 0.0 			 0.0 			0.0
g4	 78 	 0.0 			 0.0 			0.0
g4	 79 	 0.0 			 0.0 			0.0
g4	 80 	 0.0 			 0.0 			0.0
g4	 81 	 0.0 			 0.0 			0.0
g4	 82 	 0.0 			 0.0 			0.0
g4	 83 	 0.0 			 0.0 			0.0
g4	 84 	 0.0 			 0.0 			0.0
g4	 85 	 0.0 			 0.0 			0.0
g4	 86 	 0.0 			 0.0 			0.0
g4	 87 	 0.0 			 0.0 			0.0
g4	 88 	 0.0 			 0.0 			0.0
g4	 89 	 0.0 			 0.0 			0.0
g4	 90 	 0.0 			 0.0 			0.0
g4	 91 	 0.0 			 0.0 			0.0
g4	 92 	 0.0 			 0.0 			0.0
g4	 93 	 0.0 			 0.0 			0.0
g4	 94 	 0.0 			 0.0 			0.0
g4	 95 	 0.0 			 0.0 			0.0
g4	 96 	 0.0 			 0.0 			0.0
----------------------------------------------------------------------------------------------------
g5	 1 	 0.0 			 0.0 			0.0
g5	 2 	 0.0 			 0.0 			0.0
g5	 3 	 0.0 			 0.0 			0.0
g5	 4 	 0.0 			 0.0 			0.0
g5	 5 	 161.388898 			 6821.79 			6983.178898
g5	 6 	 296.271089 			 0.0 			296.271089
g5	 7 	 203.667107 			 0.0 			203.667107
g5	 8 	 338.549298 			 0.0 			338.549298
g5	 9 	 348.846531 			 0.0 			348.846531
g5	 10 	 348.846531 			 0.0 			348.846531
g5	 11 	 348.846531 			 0.0 			348.846531
g5	 12 	 348.846531 			 0.0 			348.846531
g5	 13 	 348.846531 			 0.0 			348.846531
g5	 14 	 348.846531 			 0.0 			348.846531
g5	 15 	 348.846531 			 0.0 			348.846531
g5	 16 	 348.846531 			 0.0 			348.846531
g5	 17 	 348.846531 			 0.0 			348.846531
g5	 18 	 348.846531 			 0.0 			348.846531
g5	 19 	 348.846531 			 0.0 			348.846531
g5	 20 	 348.846531 			 0.0 			348.846531
g5	 21 	 343.450212 			 0.0 			343.450212
g5	 22 	 348.846531 			 0.0 			348.846531
g5	 23 	 348.846531 			 0.0 			348.846531
g5	 24 	 213.96434 			 0.0 			213.96434
g5	 25 	 348.846531 			 0.0 			348.846531
g5	 26 	 348.846531 			 0.0 			348.846531
g5	 27 	 348.846531 			 0.0 			348.846531
g5	 28 	 348.846531 			 0.0 			348.846531
g5	 29 	 348.846531 			 0.0 			348.846531
g5	 30 	 348.846531 			 0.0 			348.846531
g5	 31 	 348.846531 			 0.0 			348.846531
g5	 32 	 348.846531 			 0.0 			348.846531
g5	 33 	 348.846531 			 0.0 			348.846531
g5	 34 	 348.846531 			 0.0 			348.846531
g5	 35 	 348.846531 			 0.0 			348.846531
g5	 36 	 348.846531 			 0.0 			348.846531
g5	 37 	 348.846531 			 0.0 			348.846531
g5	 38 	 348.846531 			 0.0 			348.846531
g5	 39 	 348.846531 			 0.0 			348.846531
g5	 40 	 348.846531 			 0.0 			348.846531
g5	 41 	 348.846531 			 0.0 			348.846531
g5	 42 	 296.427672 			 0.0 			296.427672
g5	 43 	 449.673894 			 0.0 			449.673894
g5	 44 	 513.766082 			 0.0 			513.766082
g5	 45 	 348.846531 			 0.0 			348.846531
g5	 46 	 348.846531 			 0.0 			348.846531
g5	 47 	 348.846531 			 0.0 			348.846531
g5	 48 	 348.846531 			 0.0 			348.846531
g5	 49 	 348.846531 			 0.0 			348.846531
g5	 50 	 348.846531 			 0.0 			348.846531
g5	 51 	 430.66062 			 0.0 			430.66062
g5	 52 	 280.87735 			 0.0 			280.87735
g5	 53 	 348.846531 			 0.0 			348.846531
g5	 54 	 348.846531 			 0.0 			348.846531
g5	 55 	 348.846531 			 0.0 			348.846531
g5	 56 	 348.846531 			 0.0 			348.846531
g5	 57 	 513.766082 			 0.0 			513.766082
g5	 58 	 513.766082 			 0.0 			513.766082
g5	 59 	 348.846531 			 0.0 			348.846531
g5	 60 	 213.96434 			 0.0 			213.96434
g5	 61 	 348.846531 			 0.0 			348.846531
g5	 62 	 348.846531 			 0.0 			348.846531
g5	 63 	 348.846531 			 0.0 			348.846531
g5	 64 	 219.27567 			 0.0 			219.27567
g5	 65 	 355.340658 			 0.0 			355.340658
g5	 66 	 348.846531 			 0.0 			348.846531
g5	 67 	 348.846531 			 0.0 			348.846531
g5	 68 	 348.846531 			 0.0 			348.846531
g5	 69 	 213.96434 			 0.0 			213.96434
g5	 70 	 348.846531 			 0.0 			348.846531
g5	 71 	 348.846531 			 0.0 			348.846531
g5	 72 	 348.846531 			 0.0 			348.846531
g5	 73 	 348.846531 			 0.0 			348.846531
g5	 74 	 348.846531 			 0.0 			348.846531
g5	 75 	 348.846531 			 0.0 			348.846531
g5	 76 	 348.846531 			 0.0 			348.846531
g5	 77 	 513.766082 			 0.0 			513.766082
g5	 78 	 348.846531 			 0.0 			348.846531
g5	 79 	 348.846531 			 0.0 			348.846531
g5	 80 	 348.846531 			 0.0 			348.846531
g5	 81 	 348.846531 			 0.0 			348.846531
g5	 82 	 418.635543 			 0.0 			418.635543
g5	 83 	 348.846531 			 0.0 			348.846531
g5	 84 	 513.766082 			 0.0 			513.766082
g5	 85 	 348.846531 			 0.0 			348.846531
g5	 86 	 348.846531 			 0.0 			348.846531
g5	 87 	 348.846531 			 0.0 			348.846531
g5	 88 	 348.846531 			 0.0 			348.846531
g5	 89 	 348.846531 			 0.0 			348.846531
g5	 90 	 213.96434 			 0.0 			213.96434
g5	 91 	 270.335425 			 0.0 			270.335425
g5	 92 	 348.846531 			 0.0 			348.846531
g5	 93 	 213.96434 			 0.0 			213.96434
g5	 94 	 213.96434 			 0.0 			213.96434
g5	 95 	 348.846531 			 0.0 			348.846531
g5	 96 	 348.846531 			 0.0 			348.846531
----------------------------------------------------------------------------------------------------
 
unit 	 generation 	 generation cost 	 start-up cost 	 total cost
----------------------------------------------------------------------------------------------------
g1 	 6512.242724			242503.953282			 0.000000		 242503.953282
g2 	 613.592965			37470.025694			 10598.130000		 48068.155694
g3 	 275.448394			17805.222351			 4595.430000		 22400.652351
g4 	 0.000000			0.000000			 0.000000		 0.000000
g5 	 513.701894			31638.733994			 6821.790000		 38460.523994
----------------------------------------------------------------------------------------------------
 
generation cost 	 start-up cost 		 total cost
----------------------------------------------------------------------------------------------------
329417.93532099953 			 22015.35 			 351433.2853209999
----------------------------------------------------------------------------------------------------
uplift payment for generator g1: 0.0
uplift payment for generator g2: 0.0
uplift payment for generator g3: 178952.343858
uplift payment for generator g4: 0.0
uplift payment for generator g5: 210510.126807
 
****************************************************************************************************
 
rtm Systemwide prices
----------------------------------------------------------------------------------------------------
time	 energy 	 up-FRP 	 dw-FRP
----------------------------------------------------------------------------------------------------
1 	 9.614507 		 0.0 		 0.0
2 	 9.614507 		 0.0 		 0.0
3 	 9.614507 		 0.0 		 0.0
4 	 2500.0 		 0.0 		 0.0
5 	 2480.976822 		 0.0 		 0.0
6 	 10.60832 		 0.0 		 0.0
7 	 8.414858 		 0.0 		 0.0
8 	 9.614507 		 0.0 		 0.0
9 	 9.408671 		 0.0 		 0.0
10 	 9.408671 		 0.0 		 0.0
11 	 9.408671 		 0.0 		 0.0
12 	 9.408671 		 0.0 		 0.0
13 	 9.408671 		 0.0 		 0.0
14 	 9.408671 		 0.0 		 0.0
15 	 9.408671 		 0.0 		 0.0
16 	 9.408671 		 0.0 		 0.0
17 	 9.408671 		 0.0 		 0.0
18 	 9.408671 		 0.0 		 0.0
19 	 9.408671 		 0.0 		 0.0
20 	 9.802659 		 0.0 		 0.0
21 	 9.014683 		 0.0 		 0.0
22 	 9.408671 		 0.0 		 0.0
23 	 2500.0 		 0.0 		 0.0
24 	 2482.11138 		 0.0 		 0.0
25 	 10.185876 		 0.0 		 0.0
26 	 9.614507 		 0.0 		 0.0
27 	 9.408671 		 0.0 		 0.0
28 	 9.408671 		 0.0 		 0.0
29 	 9.506578 		 0.0 		 0.0
30 	 9.408671 		 0.0 		 0.0
31 	 9.614507 		 0.0 		 0.0
32 	 9.457625 		 0.0 		 0.0
33 	 9.614507 		 0.0 		 0.0
34 	 9.408671 		 0.0 		 0.0
35 	 9.457625 		 0.0 		 0.0
36 	 9.408671 		 0.0 		 0.0
37 	 9.614507 		 0.0 		 0.0
38 	 9.614507 		 0.0 		 0.0
39 	 9.457625 		 0.0 		 0.0
40 	 9.77139 		 0.0 		 0.0
41 	 9.614507 		 0.0 		 0.0
42 	 2479.963125 		 0.0 		 0.0
43 	 2500.0 		 0.0 		 0.0
44 	 2500.0 		 0.0 		 0.0
45 	 2479.628249 		 0.0 		 0.0
46 	 9.614507 		 0.0 		 0.0
47 	 9.614507 		 0.0 		 0.0
48 	 9.614507 		 0.0 		 0.0
49 	 9.614507 		 0.0 		 0.0
50 	 9.614507 		 0.0 		 0.0
51 	 2500.0 		 0.0 		 0.0
52 	 2479.963125 		 0.0 		 0.0
53 	 9.614507 		 0.0 		 0.0
54 	 9.614507 		 0.0 		 0.0
55 	 9.614507 		 0.0 		 0.0
56 	 9.614507 		 0.0 		 0.0
57 	 11.862367 		 0.0 		 0.0
58 	 12.479746 		 0.0 		 0.0
59 	 9.614507 		 0.0 		 0.0
60 	 2480.770985 		 0.0 		 0.0
61 	 2500.0 		 0.0 		 0.0
62 	 9.77139 		 0.0 		 0.0
63 	 9.457625 		 0.0 		 0.0
64 	 2479.963125 		 0.0 		 0.0
65 	 2500.0 		 0.0 		 0.0
66 	 10.185876 		 0.0 		 0.0
67 	 10.185876 		 0.0 		 0.0
68 	 2500.0 		 0.0 		 0.0
69 	 4970.170624 		 0.0 		 0.0
70 	 2500.0 		 0.0 		 0.0
71 	 10.185876 		 0.0 		 0.0
72 	 9.614507 		 0.0 		 0.0
73 	 9.614507 		 0.0 		 0.0
74 	 9.614507 		 0.0 		 0.0
75 	 9.614507 		 0.0 		 0.0
76 	 9.614507 		 0.0 		 0.0
77 	 12.636629 		 0.0 		 0.0
78 	 9.614507 		 0.0 		 0.0
79 	 9.614507 		 0.0 		 0.0
80 	 9.408671 		 0.0 		 0.0
81 	 9.614507 		 0.0 		 0.0
82 	 11.022192 		 0.0 		 0.0
83 	 9.614507 		 0.0 		 0.0
84 	 11.112618 		 0.0 		 0.0
85 	 9.614507 		 0.0 		 0.0
86 	 9.614507 		 0.0 		 0.0
87 	 10.185876 		 0.0 		 0.0
88 	 10.185876 		 0.0 		 0.0
89 	 2500.0 		 0.0 		 0.0
90 	 2480.770985 		 0.0 		 0.0
91 	 9.014683 		 0.0 		 0.0
92 	 2500.0 		 0.0 		 0.0
93 	 2480.171161 		 0.0 		 0.0
94 	 2480.976822 		 0.0 		 0.0
95 	 2500.0 		 0.0 		 0.0
96 	 9.614507 		 0.0 		 0.0
 
****************************************************************************************************
 
rtm Post-uplift payments
----------------------------------------------------------------------------------------------------------------------------------------------------
unit 	 generation payment 	 up-FRP payment 	 dw-FRP payment 	pre-up t. payment 	 uplift payments 	 post-up t. payment 	 profit
----------------------------------------------------------------------------------------------------------------------------------------------------
 g1 	 559393.387429			 0.000000			 0.000000			 559393.387429			 0.000000			 559393.387429		 586367.106892
 g2 	 179506.086881			 0.000000			 0.000000			 179506.086881			 0.000000			 179506.086881		 154462.696029
 g3 	 -169761.097438			 0.000000			 0.000000			 -169761.097438			 178952.343858			 9191.246420		 -0.000000
 g4 	 0.000000			 0.000000			 0.000000			 0.000000			 0.000000			 0.000000		 0.000000
 g5 	 -196395.818030			 0.000000			 0.000000			 -196395.818030			 210510.126807			 14114.308777		 0.000000
****************************************************************************************************
 
Total generator payments
----------------------------------------------------------------------------------------------------------------------------------------------------
unit 	 generation payment 	 up-FRP payment 	 dw-FRP payment 	pre-up t. payment 	 uplift payments 	 post-up t. payment 	 profit
----------------------------------------------------------------------------------------------------------------------------------------------------
 g1 	 826360.934352			 2510.125822			 0.000000			 828871.060174			 0.000000			 828871.060174		 586367.106892
 g2 	 201753.129167			 777.722556			 0.000000			 202530.851723			 0.000000			 202530.851723		 154462.696029
 g3 	 -157153.692743			 602.001236			 0.000000			 -156551.691507			 178952.343858			 22400.652351		 -0.000000
 g4 	 0.000000			 0.000000			 0.000000			 0.000000			 0.000000			 0.000000		 0.000000
 g5 	 -174616.834030			 2567.231217			 0.000000			 -172049.602813			 210510.126807			 38460.523994		 -0.000000
 
****************************************************************************************************
 
rtm LMP
----------------------------------------------------------------------------------------------------
bus name 	 time 		 LMP
----------------------------------------------------------------------------------------------------
b1 		 1 		 9.614507
b1 		 2 		 9.614507
b1 		 3 		 9.614507
b1 		 4 		 2500.0
b1 		 5 		 2480.976822
b1 		 6 		 10.60832
b1 		 7 		 8.414858
b1 		 8 		 9.614507
b1 		 9 		 9.408671
b1 		 10 		 9.408671
b1 		 11 		 9.408671
b1 		 12 		 9.408671
b1 		 13 		 9.408671
b1 		 14 		 9.408671
b1 		 15 		 9.408671
b1 		 16 		 9.408671
b1 		 17 		 9.408671
b1 		 18 		 9.408671
b1 		 19 		 9.408671
b1 		 20 		 9.802659
b1 		 21 		 9.014683
b1 		 22 		 9.408671
b1 		 23 		 2500.0
b1 		 24 		 2482.11138
b1 		 25 		 10.185876
b1 		 26 		 9.614507
b1 		 27 		 9.408671
b1 		 28 		 9.408671
b1 		 29 		 9.506578
b1 		 30 		 9.408671
b1 		 31 		 9.614507
b1 		 32 		 9.457625
b1 		 33 		 9.614507
b1 		 34 		 9.408671
b1 		 35 		 9.457625
b1 		 36 		 9.408671
b1 		 37 		 9.614507
b1 		 38 		 9.614507
b1 		 39 		 9.457625
b1 		 40 		 9.77139
b1 		 41 		 9.614507
b1 		 42 		 2479.963125
b1 		 43 		 2500.0
b1 		 44 		 2500.0
b1 		 45 		 2479.628249
b1 		 46 		 9.614507
b1 		 47 		 9.614507
b1 		 48 		 9.614507
b1 		 49 		 9.614507
b1 		 50 		 9.614507
b1 		 51 		 2500.0
b1 		 52 		 2479.963125
b1 		 53 		 9.614507
b1 		 54 		 9.614507
b1 		 55 		 9.614507
b1 		 56 		 9.614507
b1 		 57 		 11.862367
b1 		 58 		 12.479746
b1 		 59 		 9.614507
b1 		 60 		 2480.770985
b1 		 61 		 2500.0
b1 		 62 		 9.77139
b1 		 63 		 9.457625
b1 		 64 		 2479.963125
b1 		 65 		 2500.0
b1 		 66 		 10.185876
b1 		 67 		 10.185876
b1 		 68 		 2500.0
b1 		 69 		 4970.170624
b1 		 70 		 2500.0
b1 		 71 		 10.185876
b1 		 72 		 9.614507
b1 		 73 		 9.614507
b1 		 74 		 9.614507
b1 		 75 		 9.614507
b1 		 76 		 9.614507
b1 		 77 		 12.636629
b1 		 78 		 9.614507
b1 		 79 		 9.614507
b1 		 80 		 9.408671
b1 		 81 		 9.614507
b1 		 82 		 11.022192
b1 		 83 		 9.614507
b1 		 84 		 11.112618
b1 		 85 		 9.614507
b1 		 86 		 9.614507
b1 		 87 		 10.185876
b1 		 88 		 10.185876
b1 		 89 		 2500.0
b1 		 90 		 2480.770985
b1 		 91 		 9.014683
b1 		 92 		 2500.0
b1 		 93 		 2480.171161
b1 		 94 		 2480.976822
b1 		 95 		 2500.0
b1 		 96 		 9.614507
----------------------------------------------------------------------------------------------------
b2 		 1 		 9.614507
b2 		 2 		 9.614507
b2 		 3 		 9.614507
b2 		 4 		 2500.0
b2 		 5 		 2480.976822
b2 		 6 		 10.60832
b2 		 7 		 8.414858
b2 		 8 		 9.614507
b2 		 9 		 9.408671
b2 		 10 		 9.408671
b2 		 11 		 9.408671
b2 		 12 		 9.408671
b2 		 13 		 9.408671
b2 		 14 		 9.408671
b2 		 15 		 9.408671
b2 		 16 		 9.408671
b2 		 17 		 9.408671
b2 		 18 		 9.408671
b2 		 19 		 9.408671
b2 		 20 		 9.802659
b2 		 21 		 9.014683
b2 		 22 		 9.408671
b2 		 23 		 2500.0
b2 		 24 		 2482.11138
b2 		 25 		 10.185876
b2 		 26 		 9.614507
b2 		 27 		 9.408671
b2 		 28 		 9.408671
b2 		 29 		 9.506578
b2 		 30 		 9.408671
b2 		 31 		 9.614507
b2 		 32 		 9.457625
b2 		 33 		 9.614507
b2 		 34 		 9.408671
b2 		 35 		 9.457625
b2 		 36 		 9.408671
b2 		 37 		 9.614507
b2 		 38 		 9.614507
b2 		 39 		 9.457625
b2 		 40 		 9.77139
b2 		 41 		 9.614507
b2 		 42 		 2479.963125
b2 		 43 		 2500.0
b2 		 44 		 2500.0
b2 		 45 		 2479.628249
b2 		 46 		 9.614507
b2 		 47 		 9.614507
b2 		 48 		 9.614507
b2 		 49 		 9.614507
b2 		 50 		 9.614507
b2 		 51 		 2500.0
b2 		 52 		 2479.963125
b2 		 53 		 9.614507
b2 		 54 		 9.614507
b2 		 55 		 9.614507
b2 		 56 		 9.614507
b2 		 57 		 11.862367
b2 		 58 		 12.479746
b2 		 59 		 9.614507
b2 		 60 		 2480.770985
b2 		 61 		 2500.0
b2 		 62 		 9.77139
b2 		 63 		 9.457625
b2 		 64 		 2479.963125
b2 		 65 		 2500.0
b2 		 66 		 10.185876
b2 		 67 		 10.185876
b2 		 68 		 2500.0
b2 		 69 		 4970.170624
b2 		 70 		 2500.0
b2 		 71 		 10.185876
b2 		 72 		 9.614507
b2 		 73 		 9.614507
b2 		 74 		 9.614507
b2 		 75 		 9.614507
b2 		 76 		 9.614507
b2 		 77 		 12.636629
b2 		 78 		 9.614507
b2 		 79 		 9.614507
b2 		 80 		 9.408671
b2 		 81 		 9.614507
b2 		 82 		 11.022192
b2 		 83 		 9.614507
b2 		 84 		 11.112618
b2 		 85 		 9.614507
b2 		 86 		 9.614507
b2 		 87 		 10.185876
b2 		 88 		 10.185876
b2 		 89 		 2500.0
b2 		 90 		 2480.770985
b2 		 91 		 9.014683
b2 		 92 		 2500.0
b2 		 93 		 2480.171161
b2 		 94 		 2480.976822
b2 		 95 		 2500.0
b2 		 96 		 9.614507
----------------------------------------------------------------------------------------------------
b3 		 1 		 9.614507
b3 		 2 		 9.614507
b3 		 3 		 9.614507
b3 		 4 		 2500.0
b3 		 5 		 2480.976822
b3 		 6 		 10.60832
b3 		 7 		 8.414858
b3 		 8 		 9.614507
b3 		 9 		 9.408671
b3 		 10 		 9.408671
b3 		 11 		 9.408671
b3 		 12 		 9.408671
b3 		 13 		 9.408671
b3 		 14 		 9.408671
b3 		 15 		 9.408671
b3 		 16 		 9.408671
b3 		 17 		 9.408671
b3 		 18 		 9.408671
b3 		 19 		 9.408671
b3 		 20 		 9.802659
b3 		 21 		 9.014683
b3 		 22 		 9.408671
b3 		 23 		 2500.0
b3 		 24 		 2482.11138
b3 		 25 		 10.185876
b3 		 26 		 9.614507
b3 		 27 		 9.408671
b3 		 28 		 9.408671
b3 		 29 		 9.506578
b3 		 30 		 9.408671
b3 		 31 		 9.614507
b3 		 32 		 9.457625
b3 		 33 		 9.614507
b3 		 34 		 9.408671
b3 		 35 		 9.457625
b3 		 36 		 9.408671
b3 		 37 		 9.614507
b3 		 38 		 9.614507
b3 		 39 		 9.457625
b3 		 40 		 9.77139
b3 		 41 		 9.614507
b3 		 42 		 2479.963125
b3 		 43 		 2500.0
b3 		 44 		 2500.0
b3 		 45 		 2479.628249
b3 		 46 		 9.614507
b3 		 47 		 9.614507
b3 		 48 		 9.614507
b3 		 49 		 9.614507
b3 		 50 		 9.614507
b3 		 51 		 2500.0
b3 		 52 		 2479.963125
b3 		 53 		 9.614507
b3 		 54 		 9.614507
b3 		 55 		 9.614507
b3 		 56 		 9.614507
b3 		 57 		 11.862367
b3 		 58 		 12.479746
b3 		 59 		 9.614507
b3 		 60 		 2480.770985
b3 		 61 		 2500.0
b3 		 62 		 9.77139
b3 		 63 		 9.457625
b3 		 64 		 2479.963125
b3 		 65 		 2500.0
b3 		 66 		 10.185876
b3 		 67 		 10.185876
b3 		 68 		 2500.0
b3 		 69 		 4970.170624
b3 		 70 		 2500.0
b3 		 71 		 10.185876
b3 		 72 		 9.614507
b3 		 73 		 9.614507
b3 		 74 		 9.614507
b3 		 75 		 9.614507
b3 		 76 		 9.614507
b3 		 77 		 12.636629
b3 		 78 		 9.614507
b3 		 79 		 9.614507
b3 		 80 		 9.408671
b3 		 81 		 9.614507
b3 		 82 		 11.022192
b3 		 83 		 9.614507
b3 		 84 		 11.112618
b3 		 85 		 9.614507
b3 		 86 		 9.614507
b3 		 87 		 10.185876
b3 		 88 		 10.185876
b3 		 89 		 2500.0
b3 		 90 		 2480.770985
b3 		 91 		 9.014683
b3 		 92 		 2500.0
b3 		 93 		 2480.171161
b3 		 94 		 2480.976822
b3 		 95 		 2500.0
b3 		 96 		 9.614507
----------------------------------------------------------------------------------------------------
b4 		 1 		 9.614507
b4 		 2 		 9.614507
b4 		 3 		 9.614507
b4 		 4 		 2500.0
b4 		 5 		 2480.976822
b4 		 6 		 10.60832
b4 		 7 		 8.414858
b4 		 8 		 9.614507
b4 		 9 		 9.408671
b4 		 10 		 9.408671
b4 		 11 		 9.408671
b4 		 12 		 9.408671
b4 		 13 		 9.408671
b4 		 14 		 9.408671
b4 		 15 		 9.408671
b4 		 16 		 9.408671
b4 		 17 		 9.408671
b4 		 18 		 9.408671
b4 		 19 		 9.408671
b4 		 20 		 9.802659
b4 		 21 		 9.014683
b4 		 22 		 9.408671
b4 		 23 		 2500.0
b4 		 24 		 2482.11138
b4 		 25 		 10.185876
b4 		 26 		 9.614507
b4 		 27 		 9.408671
b4 		 28 		 9.408671
b4 		 29 		 9.506578
b4 		 30 		 9.408671
b4 		 31 		 9.614507
b4 		 32 		 9.457625
b4 		 33 		 9.614507
b4 		 34 		 9.408671
b4 		 35 		 9.457625
b4 		 36 		 9.408671
b4 		 37 		 9.614507
b4 		 38 		 9.614507
b4 		 39 		 9.457625
b4 		 40 		 9.77139
b4 		 41 		 9.614507
b4 		 42 		 2479.963125
b4 		 43 		 2500.0
b4 		 44 		 2500.0
b4 		 45 		 2479.628249
b4 		 46 		 9.614507
b4 		 47 		 9.614507
b4 		 48 		 9.614507
b4 		 49 		 9.614507
b4 		 50 		 9.614507
b4 		 51 		 2500.0
b4 		 52 		 2479.963125
b4 		 53 		 9.614507
b4 		 54 		 9.614507
b4 		 55 		 9.614507
b4 		 56 		 9.614507
b4 		 57 		 11.862367
b4 		 58 		 12.479746
b4 		 59 		 9.614507
b4 		 60 		 2480.770985
b4 		 61 		 2500.0
b4 		 62 		 9.77139
b4 		 63 		 9.457625
b4 		 64 		 2479.963125
b4 		 65 		 2500.0
b4 		 66 		 10.185876
b4 		 67 		 10.185876
b4 		 68 		 2500.0
b4 		 69 		 4970.170624
b4 		 70 		 2500.0
b4 		 71 		 10.185876
b4 		 72 		 9.614507
b4 		 73 		 9.614507
b4 		 74 		 9.614507
b4 		 75 		 9.614507
b4 		 76 		 9.614507
b4 		 77 		 12.636629
b4 		 78 		 9.614507
b4 		 79 		 9.614507
b4 		 80 		 9.408671
b4 		 81 		 9.614507
b4 		 82 		 11.022192
b4 		 83 		 9.614507
b4 		 84 		 11.112618
b4 		 85 		 9.614507
b4 		 86 		 9.614507
b4 		 87 		 10.185876
b4 		 88 		 10.185876
b4 		 89 		 2500.0
b4 		 90 		 2480.770985
b4 		 91 		 9.014683
b4 		 92 		 2500.0
b4 		 93 		 2480.171161
b4 		 94 		 2480.976822
b4 		 95 		 2500.0
b4 		 96 		 9.614507
----------------------------------------------------------------------------------------------------
b5 		 1 		 9.614507
b5 		 2 		 9.614507
b5 		 3 		 9.614507
b5 		 4 		 2500.0
b5 		 5 		 2480.976822
b5 		 6 		 10.60832
b5 		 7 		 8.414858
b5 		 8 		 9.614507
b5 		 9 		 9.408671
b5 		 10 		 9.408671
b5 		 11 		 9.408671
b5 		 12 		 9.408671
b5 		 13 		 9.408671
b5 		 14 		 9.408671
b5 		 15 		 9.408671
b5 		 16 		 9.408671
b5 		 17 		 9.408671
b5 		 18 		 9.408671
b5 		 19 		 9.408671
b5 		 20 		 9.802659
b5 		 21 		 9.014683
b5 		 22 		 9.408671
b5 		 23 		 2500.0
b5 		 24 		 2482.11138
b5 		 25 		 10.185876
b5 		 26 		 9.614507
b5 		 27 		 9.408671
b5 		 28 		 9.408671
b5 		 29 		 9.506578
b5 		 30 		 9.408671
b5 		 31 		 9.614507
b5 		 32 		 9.457625
b5 		 33 		 9.614507
b5 		 34 		 9.408671
b5 		 35 		 9.457625
b5 		 36 		 9.408671
b5 		 37 		 9.614507
b5 		 38 		 9.614507
b5 		 39 		 9.457625
b5 		 40 		 9.77139
b5 		 41 		 9.614507
b5 		 42 		 2479.963125
b5 		 43 		 2500.0
b5 		 44 		 2500.0
b5 		 45 		 2479.628249
b5 		 46 		 9.614507
b5 		 47 		 9.614507
b5 		 48 		 9.614507
b5 		 49 		 9.614507
b5 		 50 		 9.614507
b5 		 51 		 2500.0
b5 		 52 		 2479.963125
b5 		 53 		 9.614507
b5 		 54 		 9.614507
b5 		 55 		 9.614507
b5 		 56 		 9.614507
b5 		 57 		 11.862367
b5 		 58 		 12.479746
b5 		 59 		 9.614507
b5 		 60 		 2480.770985
b5 		 61 		 2500.0
b5 		 62 		 9.77139
b5 		 63 		 9.457625
b5 		 64 		 2479.963125
b5 		 65 		 2500.0
b5 		 66 		 10.185876
b5 		 67 		 10.185876
b5 		 68 		 2500.0
b5 		 69 		 4970.170624
b5 		 70 		 2500.0
b5 		 71 		 10.185876
b5 		 72 		 9.614507
b5 		 73 		 9.614507
b5 		 74 		 9.614507
b5 		 75 		 9.614507
b5 		 76 		 9.614507
b5 		 77 		 12.636629
b5 		 78 		 9.614507
b5 		 79 		 9.614507
b5 		 80 		 9.408671
b5 		 81 		 9.614507
b5 		 82 		 11.022192
b5 		 83 		 9.614507
b5 		 84 		 11.112618
b5 		 85 		 9.614507
b5 		 86 		 9.614507
b5 		 87 		 10.185876
b5 		 88 		 10.185876
b5 		 89 		 2500.0
b5 		 90 		 2480.770985
b5 		 91 		 9.014683
b5 		 92 		 2500.0
b5 		 93 		 2480.171161
b5 		 94 		 2480.976822
b5 		 95 		 2500.0
b5 		 96 		 9.614507
----------------------------------------------------------------------------------------------------
b6 		 1 		 9.614507
b6 		 2 		 9.614507
b6 		 3 		 9.614507
b6 		 4 		 2500.0
b6 		 5 		 2480.976822
b6 		 6 		 10.60832
b6 		 7 		 8.414858
b6 		 8 		 9.614507
b6 		 9 		 9.408671
b6 		 10 		 9.408671
b6 		 11 		 9.408671
b6 		 12 		 9.408671
b6 		 13 		 9.408671
b6 		 14 		 9.408671
b6 		 15 		 9.408671
b6 		 16 		 9.408671
b6 		 17 		 9.408671
b6 		 18 		 9.408671
b6 		 19 		 9.408671
b6 		 20 		 9.802659
b6 		 21 		 9.014683
b6 		 22 		 9.408671
b6 		 23 		 2500.0
b6 		 24 		 2482.11138
b6 		 25 		 10.185876
b6 		 26 		 9.614507
b6 		 27 		 9.408671
b6 		 28 		 9.408671
b6 		 29 		 9.506578
b6 		 30 		 9.408671
b6 		 31 		 9.614507
b6 		 32 		 9.457625
b6 		 33 		 9.614507
b6 		 34 		 9.408671
b6 		 35 		 9.457625
b6 		 36 		 9.408671
b6 		 37 		 9.614507
b6 		 38 		 9.614507
b6 		 39 		 9.457625
b6 		 40 		 9.77139
b6 		 41 		 9.614507
b6 		 42 		 2479.963125
b6 		 43 		 2500.0
b6 		 44 		 2500.0
b6 		 45 		 2479.628249
b6 		 46 		 9.614507
b6 		 47 		 9.614507
b6 		 48 		 9.614507
b6 		 49 		 9.614507
b6 		 50 		 9.614507
b6 		 51 		 2500.0
b6 		 52 		 2479.963125
b6 		 53 		 9.614507
b6 		 54 		 9.614507
b6 		 55 		 9.614507
b6 		 56 		 9.614507
b6 		 57 		 11.862367
b6 		 58 		 12.479746
b6 		 59 		 9.614507
b6 		 60 		 2480.770985
b6 		 61 		 2500.0
b6 		 62 		 9.77139
b6 		 63 		 9.457625
b6 		 64 		 2479.963125
b6 		 65 		 2500.0
b6 		 66 		 10.185876
b6 		 67 		 10.185876
b6 		 68 		 2500.0
b6 		 69 		 4970.170624
b6 		 70 		 2500.0
b6 		 71 		 10.185876
b6 		 72 		 9.614507
b6 		 73 		 9.614507
b6 		 74 		 9.614507
b6 		 75 		 9.614507
b6 		 76 		 9.614507
b6 		 77 		 12.636629
b6 		 78 		 9.614507
b6 		 79 		 9.614507
b6 		 80 		 9.408671
b6 		 81 		 9.614507
b6 		 82 		 11.022192
b6 		 83 		 9.614507
b6 		 84 		 11.112618
b6 		 85 		 9.614507
b6 		 86 		 9.614507
b6 		 87 		 10.185876
b6 		 88 		 10.185876
b6 		 89 		 2500.0
b6 		 90 		 2480.770985
b6 		 91 		 9.014683
b6 		 92 		 2500.0
b6 		 93 		 2480.171161
b6 		 94 		 2480.976822
b6 		 95 		 2500.0
b6 		 96 		 9.614507
----------------------------------------------------------------------------------------------------
b7 		 1 		 9.614507
b7 		 2 		 9.614507
b7 		 3 		 9.614507
b7 		 4 		 2500.0
b7 		 5 		 2480.976822
b7 		 6 		 10.60832
b7 		 7 		 8.414858
b7 		 8 		 9.614507
b7 		 9 		 9.408671
b7 		 10 		 9.408671
b7 		 11 		 9.408671
b7 		 12 		 9.408671
b7 		 13 		 9.408671
b7 		 14 		 9.408671
b7 		 15 		 9.408671
b7 		 16 		 9.408671
b7 		 17 		 9.408671
b7 		 18 		 9.408671
b7 		 19 		 9.408671
b7 		 20 		 9.802659
b7 		 21 		 9.014683
b7 		 22 		 9.408671
b7 		 23 		 2500.0
b7 		 24 		 2482.11138
b7 		 25 		 10.185876
b7 		 26 		 9.614507
b7 		 27 		 9.408671
b7 		 28 		 9.408671
b7 		 29 		 9.506578
b7 		 30 		 9.408671
b7 		 31 		 9.614507
b7 		 32 		 9.457625
b7 		 33 		 9.614507
b7 		 34 		 9.408671
b7 		 35 		 9.457625
b7 		 36 		 9.408671
b7 		 37 		 9.614507
b7 		 38 		 9.614507
b7 		 39 		 9.457625
b7 		 40 		 9.77139
b7 		 41 		 9.614507
b7 		 42 		 2479.963125
b7 		 43 		 2500.0
b7 		 44 		 2500.0
b7 		 45 		 2479.628249
b7 		 46 		 9.614507
b7 		 47 		 9.614507
b7 		 48 		 9.614507
b7 		 49 		 9.614507
b7 		 50 		 9.614507
b7 		 51 		 2500.0
b7 		 52 		 2479.963125
b7 		 53 		 9.614507
b7 		 54 		 9.614507
b7 		 55 		 9.614507
b7 		 56 		 9.614507
b7 		 57 		 11.862367
b7 		 58 		 12.479746
b7 		 59 		 9.614507
b7 		 60 		 2480.770985
b7 		 61 		 2500.0
b7 		 62 		 9.77139
b7 		 63 		 9.457625
b7 		 64 		 2479.963125
b7 		 65 		 2500.0
b7 		 66 		 10.185876
b7 		 67 		 10.185876
b7 		 68 		 2500.0
b7 		 69 		 4970.170624
b7 		 70 		 2500.0
b7 		 71 		 10.185876
b7 		 72 		 9.614507
b7 		 73 		 9.614507
b7 		 74 		 9.614507
b7 		 75 		 9.614507
b7 		 76 		 9.614507
b7 		 77 		 12.636629
b7 		 78 		 9.614507
b7 		 79 		 9.614507
b7 		 80 		 9.408671
b7 		 81 		 9.614507
b7 		 82 		 11.022192
b7 		 83 		 9.614507
b7 		 84 		 11.112618
b7 		 85 		 9.614507
b7 		 86 		 9.614507
b7 		 87 		 10.185876
b7 		 88 		 10.185876
b7 		 89 		 2500.0
b7 		 90 		 2480.770985
b7 		 91 		 9.014683
b7 		 92 		 2500.0
b7 		 93 		 2480.171161
b7 		 94 		 2480.976822
b7 		 95 		 2500.0
b7 		 96 		 9.614507
----------------------------------------------------------------------------------------------------
b8 		 1 		 9.614507
b8 		 2 		 9.614507
b8 		 3 		 9.614507
b8 		 4 		 2500.0
b8 		 5 		 2480.976822
b8 		 6 		 10.60832
b8 		 7 		 8.414858
b8 		 8 		 9.614507
b8 		 9 		 9.408671
b8 		 10 		 9.408671
b8 		 11 		 9.408671
b8 		 12 		 9.408671
b8 		 13 		 9.408671
b8 		 14 		 9.408671
b8 		 15 		 9.408671
b8 		 16 		 9.408671
b8 		 17 		 9.408671
b8 		 18 		 9.408671
b8 		 19 		 9.408671
b8 		 20 		 9.802659
b8 		 21 		 9.014683
b8 		 22 		 9.408671
b8 		 23 		 2500.0
b8 		 24 		 2482.11138
b8 		 25 		 10.185876
b8 		 26 		 9.614507
b8 		 27 		 9.408671
b8 		 28 		 9.408671
b8 		 29 		 9.506578
b8 		 30 		 9.408671
b8 		 31 		 9.614507
b8 		 32 		 9.457625
b8 		 33 		 9.614507
b8 		 34 		 9.408671
b8 		 35 		 9.457625
b8 		 36 		 9.408671
b8 		 37 		 9.614507
b8 		 38 		 9.614507
b8 		 39 		 9.457625
b8 		 40 		 9.77139
b8 		 41 		 9.614507
b8 		 42 		 2479.963125
b8 		 43 		 2500.0
b8 		 44 		 2500.0
b8 		 45 		 2479.628249
b8 		 46 		 9.614507
b8 		 47 		 9.614507
b8 		 48 		 9.614507
b8 		 49 		 9.614507
b8 		 50 		 9.614507
b8 		 51 		 2500.0
b8 		 52 		 2479.963125
b8 		 53 		 9.614507
b8 		 54 		 9.614507
b8 		 55 		 9.614507
b8 		 56 		 9.614507
b8 		 57 		 11.862367
b8 		 58 		 12.479746
b8 		 59 		 9.614507
b8 		 60 		 2480.770985
b8 		 61 		 2500.0
b8 		 62 		 9.77139
b8 		 63 		 9.457625
b8 		 64 		 2479.963125
b8 		 65 		 2500.0
b8 		 66 		 10.185876
b8 		 67 		 10.185876
b8 		 68 		 2500.0
b8 		 69 		 4970.170624
b8 		 70 		 2500.0
b8 		 71 		 10.185876
b8 		 72 		 9.614507
b8 		 73 		 9.614507
b8 		 74 		 9.614507
b8 		 75 		 9.614507
b8 		 76 		 9.614507
b8 		 77 		 12.636629
b8 		 78 		 9.614507
b8 		 79 		 9.614507
b8 		 80 		 9.408671
b8 		 81 		 9.614507
b8 		 82 		 11.022192
b8 		 83 		 9.614507
b8 		 84 		 11.112618
b8 		 85 		 9.614507
b8 		 86 		 9.614507
b8 		 87 		 10.185876
b8 		 88 		 10.185876
b8 		 89 		 2500.0
b8 		 90 		 2480.770985
b8 		 91 		 9.014683
b8 		 92 		 2500.0
b8 		 93 		 2480.171161
b8 		 94 		 2480.976822
b8 		 95 		 2500.0
b8 		 96 		 9.614507
----------------------------------------------------------------------------------------------------
b9 		 1 		 9.614507
b9 		 2 		 9.614507
b9 		 3 		 9.614507
b9 		 4 		 2500.0
b9 		 5 		 2480.976822
b9 		 6 		 10.60832
b9 		 7 		 8.414858
b9 		 8 		 9.614507
b9 		 9 		 9.408671
b9 		 10 		 9.408671
b9 		 11 		 9.408671
b9 		 12 		 9.408671
b9 		 13 		 9.408671
b9 		 14 		 9.408671
b9 		 15 		 9.408671
b9 		 16 		 9.408671
b9 		 17 		 9.408671
b9 		 18 		 9.408671
b9 		 19 		 9.408671
b9 		 20 		 9.802659
b9 		 21 		 9.014683
b9 		 22 		 9.408671
b9 		 23 		 2500.0
b9 		 24 		 2482.11138
b9 		 25 		 10.185876
b9 		 26 		 9.614507
b9 		 27 		 9.408671
b9 		 28 		 9.408671
b9 		 29 		 9.506578
b9 		 30 		 9.408671
b9 		 31 		 9.614507
b9 		 32 		 9.457625
b9 		 33 		 9.614507
b9 		 34 		 9.408671
b9 		 35 		 9.457625
b9 		 36 		 9.408671
b9 		 37 		 9.614507
b9 		 38 		 9.614507
b9 		 39 		 9.457625
b9 		 40 		 9.77139
b9 		 41 		 9.614507
b9 		 42 		 2479.963125
b9 		 43 		 2500.0
b9 		 44 		 2500.0
b9 		 45 		 2479.628249
b9 		 46 		 9.614507
b9 		 47 		 9.614507
b9 		 48 		 9.614507
b9 		 49 		 9.614507
b9 		 50 		 9.614507
b9 		 51 		 2500.0
b9 		 52 		 2479.963125
b9 		 53 		 9.614507
b9 		 54 		 9.614507
b9 		 55 		 9.614507
b9 		 56 		 9.614507
b9 		 57 		 11.862367
b9 		 58 		 12.479746
b9 		 59 		 9.614507
b9 		 60 		 2480.770985
b9 		 61 		 2500.0
b9 		 62 		 9.77139
b9 		 63 		 9.457625
b9 		 64 		 2479.963125
b9 		 65 		 2500.0
b9 		 66 		 10.185876
b9 		 67 		 10.185876
b9 		 68 		 2500.0
b9 		 69 		 4970.170624
b9 		 70 		 2500.0
b9 		 71 		 10.185876
b9 		 72 		 9.614507
b9 		 73 		 9.614507
b9 		 74 		 9.614507
b9 		 75 		 9.614507
b9 		 76 		 9.614507
b9 		 77 		 12.636629
b9 		 78 		 9.614507
b9 		 79 		 9.614507
b9 		 80 		 9.408671
b9 		 81 		 9.614507
b9 		 82 		 11.022192
b9 		 83 		 9.614507
b9 		 84 		 11.112618
b9 		 85 		 9.614507
b9 		 86 		 9.614507
b9 		 87 		 10.185876
b9 		 88 		 10.185876
b9 		 89 		 2500.0
b9 		 90 		 2480.770985
b9 		 91 		 9.014683
b9 		 92 		 2500.0
b9 		 93 		 2480.171161
b9 		 94 		 2480.976822
b9 		 95 		 2500.0
b9 		 96 		 9.614507
----------------------------------------------------------------------------------------------------
b10 		 1 		 9.614507
b10 		 2 		 9.614507
b10 		 3 		 9.614507
b10 		 4 		 2500.0
b10 		 5 		 2480.976822
b10 		 6 		 10.60832
b10 		 7 		 8.414858
b10 		 8 		 9.614507
b10 		 9 		 9.408671
b10 		 10 		 9.408671
b10 		 11 		 9.408671
b10 		 12 		 9.408671
b10 		 13 		 9.408671
b10 		 14 		 9.408671
b10 		 15 		 9.408671
b10 		 16 		 9.408671
b10 		 17 		 9.408671
b10 		 18 		 9.408671
b10 		 19 		 9.408671
b10 		 20 		 9.802659
b10 		 21 		 9.014683
b10 		 22 		 9.408671
b10 		 23 		 2500.0
b10 		 24 		 2482.11138
b10 		 25 		 10.185876
b10 		 26 		 9.614507
b10 		 27 		 9.408671
b10 		 28 		 9.408671
b10 		 29 		 9.506578
b10 		 30 		 9.408671
b10 		 31 		 9.614507
b10 		 32 		 9.457625
b10 		 33 		 9.614507
b10 		 34 		 9.408671
b10 		 35 		 9.457625
b10 		 36 		 9.408671
b10 		 37 		 9.614507
b10 		 38 		 9.614507
b10 		 39 		 9.457625
b10 		 40 		 9.77139
b10 		 41 		 9.614507
b10 		 42 		 2479.963125
b10 		 43 		 2500.0
b10 		 44 		 2500.0
b10 		 45 		 2479.628249
b10 		 46 		 9.614507
b10 		 47 		 9.614507
b10 		 48 		 9.614507
b10 		 49 		 9.614507
b10 		 50 		 9.614507
b10 		 51 		 2500.0
b10 		 52 		 2479.963125
b10 		 53 		 9.614507
b10 		 54 		 9.614507
b10 		 55 		 9.614507
b10 		 56 		 9.614507
b10 		 57 		 11.862367
b10 		 58 		 12.479746
b10 		 59 		 9.614507
b10 		 60 		 2480.770985
b10 		 61 		 2500.0
b10 		 62 		 9.77139
b10 		 63 		 9.457625
b10 		 64 		 2479.963125
b10 		 65 		 2500.0
b10 		 66 		 10.185876
b10 		 67 		 10.185876
b10 		 68 		 2500.0
b10 		 69 		 4970.170624
b10 		 70 		 2500.0
b10 		 71 		 10.185876
b10 		 72 		 9.614507
b10 		 73 		 9.614507
b10 		 74 		 9.614507
b10 		 75 		 9.614507
b10 		 76 		 9.614507
b10 		 77 		 12.636629
b10 		 78 		 9.614507
b10 		 79 		 9.614507
b10 		 80 		 9.408671
b10 		 81 		 9.614507
b10 		 82 		 11.022192
b10 		 83 		 9.614507
b10 		 84 		 11.112618
b10 		 85 		 9.614507
b10 		 86 		 9.614507
b10 		 87 		 10.185876
b10 		 88 		 10.185876
b10 		 89 		 2500.0
b10 		 90 		 2480.770985
b10 		 91 		 9.014683
b10 		 92 		 2500.0
b10 		 93 		 2480.171161
b10 		 94 		 2480.976822
b10 		 95 		 2500.0
b10 		 96 		 9.614507
----------------------------------------------------------------------------------------------------
b11 		 1 		 9.614507
b11 		 2 		 9.614507
b11 		 3 		 9.614507
b11 		 4 		 2500.0
b11 		 5 		 2480.976822
b11 		 6 		 10.60832
b11 		 7 		 8.414858
b11 		 8 		 9.614507
b11 		 9 		 9.408671
b11 		 10 		 9.408671
b11 		 11 		 9.408671
b11 		 12 		 9.408671
b11 		 13 		 9.408671
b11 		 14 		 9.408671
b11 		 15 		 9.408671
b11 		 16 		 9.408671
b11 		 17 		 9.408671
b11 		 18 		 9.408671
b11 		 19 		 9.408671
b11 		 20 		 9.802659
b11 		 21 		 9.014683
b11 		 22 		 9.408671
b11 		 23 		 2500.0
b11 		 24 		 2482.11138
b11 		 25 		 10.185876
b11 		 26 		 9.614507
b11 		 27 		 9.408671
b11 		 28 		 9.408671
b11 		 29 		 9.506578
b11 		 30 		 9.408671
b11 		 31 		 9.614507
b11 		 32 		 9.457625
b11 		 33 		 9.614507
b11 		 34 		 9.408671
b11 		 35 		 9.457625
b11 		 36 		 9.408671
b11 		 37 		 9.614507
b11 		 38 		 9.614507
b11 		 39 		 9.457625
b11 		 40 		 9.77139
b11 		 41 		 9.614507
b11 		 42 		 2479.963125
b11 		 43 		 2500.0
b11 		 44 		 2500.0
b11 		 45 		 2479.628249
b11 		 46 		 9.614507
b11 		 47 		 9.614507
b11 		 48 		 9.614507
b11 		 49 		 9.614507
b11 		 50 		 9.614507
b11 		 51 		 2500.0
b11 		 52 		 2479.963125
b11 		 53 		 9.614507
b11 		 54 		 9.614507
b11 		 55 		 9.614507
b11 		 56 		 9.614507
b11 		 57 		 11.862367
b11 		 58 		 12.479746
b11 		 59 		 9.614507
b11 		 60 		 2480.770985
b11 		 61 		 2500.0
b11 		 62 		 9.77139
b11 		 63 		 9.457625
b11 		 64 		 2479.963125
b11 		 65 		 2500.0
b11 		 66 		 10.185876
b11 		 67 		 10.185876
b11 		 68 		 2500.0
b11 		 69 		 4970.170624
b11 		 70 		 2500.0
b11 		 71 		 10.185876
b11 		 72 		 9.614507
b11 		 73 		 9.614507
b11 		 74 		 9.614507
b11 		 75 		 9.614507
b11 		 76 		 9.614507
b11 		 77 		 12.636629
b11 		 78 		 9.614507
b11 		 79 		 9.614507
b11 		 80 		 9.408671
b11 		 81 		 9.614507
b11 		 82 		 11.022192
b11 		 83 		 9.614507
b11 		 84 		 11.112618
b11 		 85 		 9.614507
b11 		 86 		 9.614507
b11 		 87 		 10.185876
b11 		 88 		 10.185876
b11 		 89 		 2500.0
b11 		 90 		 2480.770985
b11 		 91 		 9.014683
b11 		 92 		 2500.0
b11 		 93 		 2480.171161
b11 		 94 		 2480.976822
b11 		 95 		 2500.0
b11 		 96 		 9.614507
----------------------------------------------------------------------------------------------------
b12 		 1 		 9.614507
b12 		 2 		 9.614507
b12 		 3 		 9.614507
b12 		 4 		 2500.0
b12 		 5 		 2480.976822
b12 		 6 		 10.60832
b12 		 7 		 8.414858
b12 		 8 		 9.614507
b12 		 9 		 9.408671
b12 		 10 		 9.408671
b12 		 11 		 9.408671
b12 		 12 		 9.408671
b12 		 13 		 9.408671
b12 		 14 		 9.408671
b12 		 15 		 9.408671
b12 		 16 		 9.408671
b12 		 17 		 9.408671
b12 		 18 		 9.408671
b12 		 19 		 9.408671
b12 		 20 		 9.802659
b12 		 21 		 9.014683
b12 		 22 		 9.408671
b12 		 23 		 2500.0
b12 		 24 		 2482.11138
b12 		 25 		 10.185876
b12 		 26 		 9.614507
b12 		 27 		 9.408671
b12 		 28 		 9.408671
b12 		 29 		 9.506578
b12 		 30 		 9.408671
b12 		 31 		 9.614507
b12 		 32 		 9.457625
b12 		 33 		 9.614507
b12 		 34 		 9.408671
b12 		 35 		 9.457625
b12 		 36 		 9.408671
b12 		 37 		 9.614507
b12 		 38 		 9.614507
b12 		 39 		 9.457625
b12 		 40 		 9.77139
b12 		 41 		 9.614507
b12 		 42 		 2479.963125
b12 		 43 		 2500.0
b12 		 44 		 2500.0
b12 		 45 		 2479.628249
b12 		 46 		 9.614507
b12 		 47 		 9.614507
b12 		 48 		 9.614507
b12 		 49 		 9.614507
b12 		 50 		 9.614507
b12 		 51 		 2500.0
b12 		 52 		 2479.963125
b12 		 53 		 9.614507
b12 		 54 		 9.614507
b12 		 55 		 9.614507
b12 		 56 		 9.614507
b12 		 57 		 11.862367
b12 		 58 		 12.479746
b12 		 59 		 9.614507
b12 		 60 		 2480.770985
b12 		 61 		 2500.0
b12 		 62 		 9.77139
b12 		 63 		 9.457625
b12 		 64 		 2479.963125
b12 		 65 		 2500.0
b12 		 66 		 10.185876
b12 		 67 		 10.185876
b12 		 68 		 2500.0
b12 		 69 		 4970.170624
b12 		 70 		 2500.0
b12 		 71 		 10.185876
b12 		 72 		 9.614507
b12 		 73 		 9.614507
b12 		 74 		 9.614507
b12 		 75 		 9.614507
b12 		 76 		 9.614507
b12 		 77 		 12.636629
b12 		 78 		 9.614507
b12 		 79 		 9.614507
b12 		 80 		 9.408671
b12 		 81 		 9.614507
b12 		 82 		 11.022192
b12 		 83 		 9.614507
b12 		 84 		 11.112618
b12 		 85 		 9.614507
b12 		 86 		 9.614507
b12 		 87 		 10.185876
b12 		 88 		 10.185876
b12 		 89 		 2500.0
b12 		 90 		 2480.770985
b12 		 91 		 9.014683
b12 		 92 		 2500.0
b12 		 93 		 2480.171161
b12 		 94 		 2480.976822
b12 		 95 		 2500.0
b12 		 96 		 9.614507
----------------------------------------------------------------------------------------------------
b13 		 1 		 9.614507
b13 		 2 		 9.614507
b13 		 3 		 9.614507
b13 		 4 		 2500.0
b13 		 5 		 2480.976822
b13 		 6 		 10.60832
b13 		 7 		 8.414858
b13 		 8 		 9.614507
b13 		 9 		 9.408671
b13 		 10 		 9.408671
b13 		 11 		 9.408671
b13 		 12 		 9.408671
b13 		 13 		 9.408671
b13 		 14 		 9.408671
b13 		 15 		 9.408671
b13 		 16 		 9.408671
b13 		 17 		 9.408671
b13 		 18 		 9.408671
b13 		 19 		 9.408671
b13 		 20 		 9.802659
b13 		 21 		 9.014683
b13 		 22 		 9.408671
b13 		 23 		 2500.0
b13 		 24 		 2482.11138
b13 		 25 		 10.185876
b13 		 26 		 9.614507
b13 		 27 		 9.408671
b13 		 28 		 9.408671
b13 		 29 		 9.506578
b13 		 30 		 9.408671
b13 		 31 		 9.614507
b13 		 32 		 9.457625
b13 		 33 		 9.614507
b13 		 34 		 9.408671
b13 		 35 		 9.457625
b13 		 36 		 9.408671
b13 		 37 		 9.614507
b13 		 38 		 9.614507
b13 		 39 		 9.457625
b13 		 40 		 9.77139
b13 		 41 		 9.614507
b13 		 42 		 2479.963125
b13 		 43 		 2500.0
b13 		 44 		 2500.0
b13 		 45 		 2479.628249
b13 		 46 		 9.614507
b13 		 47 		 9.614507
b13 		 48 		 9.614507
b13 		 49 		 9.614507
b13 		 50 		 9.614507
b13 		 51 		 2500.0
b13 		 52 		 2479.963125
b13 		 53 		 9.614507
b13 		 54 		 9.614507
b13 		 55 		 9.614507
b13 		 56 		 9.614507
b13 		 57 		 11.862367
b13 		 58 		 12.479746
b13 		 59 		 9.614507
b13 		 60 		 2480.770985
b13 		 61 		 2500.0
b13 		 62 		 9.77139
b13 		 63 		 9.457625
b13 		 64 		 2479.963125
b13 		 65 		 2500.0
b13 		 66 		 10.185876
b13 		 67 		 10.185876
b13 		 68 		 2500.0
b13 		 69 		 4970.170624
b13 		 70 		 2500.0
b13 		 71 		 10.185876
b13 		 72 		 9.614507
b13 		 73 		 9.614507
b13 		 74 		 9.614507
b13 		 75 		 9.614507
b13 		 76 		 9.614507
b13 		 77 		 12.636629
b13 		 78 		 9.614507
b13 		 79 		 9.614507
b13 		 80 		 9.408671
b13 		 81 		 9.614507
b13 		 82 		 11.022192
b13 		 83 		 9.614507
b13 		 84 		 11.112618
b13 		 85 		 9.614507
b13 		 86 		 9.614507
b13 		 87 		 10.185876
b13 		 88 		 10.185876
b13 		 89 		 2500.0
b13 		 90 		 2480.770985
b13 		 91 		 9.014683
b13 		 92 		 2500.0
b13 		 93 		 2480.171161
b13 		 94 		 2480.976822
b13 		 95 		 2500.0
b13 		 96 		 9.614507
----------------------------------------------------------------------------------------------------
b14 		 1 		 9.614507
b14 		 2 		 9.614507
b14 		 3 		 9.614507
b14 		 4 		 2500.0
b14 		 5 		 2480.976822
b14 		 6 		 10.60832
b14 		 7 		 8.414858
b14 		 8 		 9.614507
b14 		 9 		 9.408671
b14 		 10 		 9.408671
b14 		 11 		 9.408671
b14 		 12 		 9.408671
b14 		 13 		 9.408671
b14 		 14 		 9.408671
b14 		 15 		 9.408671
b14 		 16 		 9.408671
b14 		 17 		 9.408671
b14 		 18 		 9.408671
b14 		 19 		 9.408671
b14 		 20 		 9.802659
b14 		 21 		 9.014683
b14 		 22 		 9.408671
b14 		 23 		 2500.0
b14 		 24 		 2482.11138
b14 		 25 		 10.185876
b14 		 26 		 9.614507
b14 		 27 		 9.408671
b14 		 28 		 9.408671
b14 		 29 		 9.506578
b14 		 30 		 9.408671
b14 		 31 		 9.614507
b14 		 32 		 9.457625
b14 		 33 		 9.614507
b14 		 34 		 9.408671
b14 		 35 		 9.457625
b14 		 36 		 9.408671
b14 		 37 		 9.614507
b14 		 38 		 9.614507
b14 		 39 		 9.457625
b14 		 40 		 9.77139
b14 		 41 		 9.614507
b14 		 42 		 2479.963125
b14 		 43 		 2500.0
b14 		 44 		 2500.0
b14 		 45 		 2479.628249
b14 		 46 		 9.614507
b14 		 47 		 9.614507
b14 		 48 		 9.614507
b14 		 49 		 9.614507
b14 		 50 		 9.614507
b14 		 51 		 2500.0
b14 		 52 		 2479.963125
b14 		 53 		 9.614507
b14 		 54 		 9.614507
b14 		 55 		 9.614507
b14 		 56 		 9.614507
b14 		 57 		 11.862367
b14 		 58 		 12.479746
b14 		 59 		 9.614507
b14 		 60 		 2480.770985
b14 		 61 		 2500.0
b14 		 62 		 9.77139
b14 		 63 		 9.457625
b14 		 64 		 2479.963125
b14 		 65 		 2500.0
b14 		 66 		 10.185876
b14 		 67 		 10.185876
b14 		 68 		 2500.0
b14 		 69 		 4970.170624
b14 		 70 		 2500.0
b14 		 71 		 10.185876
b14 		 72 		 9.614507
b14 		 73 		 9.614507
b14 		 74 		 9.614507
b14 		 75 		 9.614507
b14 		 76 		 9.614507
b14 		 77 		 12.636629
b14 		 78 		 9.614507
b14 		 79 		 9.614507
b14 		 80 		 9.408671
b14 		 81 		 9.614507
b14 		 82 		 11.022192
b14 		 83 		 9.614507
b14 		 84 		 11.112618
b14 		 85 		 9.614507
b14 		 86 		 9.614507
b14 		 87 		 10.185876
b14 		 88 		 10.185876
b14 		 89 		 2500.0
b14 		 90 		 2480.770985
b14 		 91 		 9.014683
b14 		 92 		 2500.0
b14 		 93 		 2480.171161
b14 		 94 		 2480.976822
b14 		 95 		 2500.0
b14 		 96 		 9.614507
----------------------------------------------------------------------------------------------------
Total overall payments
----------------------------------------------------------------------------------------------------------------------------------------------------
total generation payment 	 total up-FRP payment 	 total dw-FRP payment 	 total pre-up t. payment 	 uplift payment 	 total post-up t. payment 	 profit
----------------------------------------------------------------------------------------------------------------------------------------------------
696343.536746 			 6457.080831 			 0.0 			 702800.6175769999			 389462.47066500003 			 1.092263088242e6 			 740829.8029209999
