****************************************************************************************************
 
Generation payment
----------------------------------------------------------------------------------------------------------------
unit	 time 	 generation payment 	 up-FRP payment 	 dw-FRP payment 	pre-up total payment
----------------------------------------------------------------------------------------------------------------
g1	 1 	 -99739.272541 			 0.0 			 0.0			 -99739.272541 
g1	 2 	 42520.965 			 0.0 			 0.0			 42520.965 
g1	 3 	 203.201865 			 0.0 			 0.0			 203.201865 
g1	 4 	 -42.753142 			 0.0 			 0.0			 -42.753142 
g1	 5 	 -72.4184 			 0.0 			 0.0			 -72.4184 
g1	 6 	 107.323685 			 0.0 			 0.0			 107.323685 
g1	 7 	 637.650093 			 0.0 			 0.0			 637.650093 
g1	 8 	 88387.7825 			 0.0 			 0.0			 88387.7825 
g1	 9 	 -24392.474455 			 0.0 			 0.0			 -24392.474455 
g1	 10 	 232.216754 			 0.0 			 0.0			 232.216754 
g1	 11 	 476.160213 			 0.0 			 0.0			 476.160213 
g1	 12 	 442.170617 			 0.0 			 0.0			 442.170617 
g1	 13 	 132131.1375 			 0.0 			 0.0			 132131.1375 
g1	 14 	 -10811.865085 			 0.0 			 0.0			 -10811.865085 
g1	 15 	 209.406485 			 0.0 			 0.0			 209.406485 
g1	 16 	 -321.822209 			 0.0 			 0.0			 -321.822209 
g1	 17 	 36.76553 			 0.0 			 0.0			 36.76553 
g1	 18 	 523.179896 			 0.0 			 0.0			 523.179896 
g1	 19 	 35.575135 			 0.0 			 0.0			 35.575135 
g1	 20 	 431.433734 			 0.0 			 0.0			 431.433734 
g1	 21 	 858.410856 			 0.0 			 0.0			 858.410856 
g1	 22 	 412.781288 			 0.0 			 0.0			 412.781288 
g1	 23 	 -4.394564 			 0.0 			 0.0			 -4.394564 
g1	 24 	 215.323608 			 0.0 			 0.0			 215.323608 
g1	 25 	 263.381833 			 0.0 			 0.0			 263.381833 
g1	 26 	 -150.754563 			 0.0 			 0.0			 -150.754563 
g1	 27 	 101216.94 			 0.0 			 0.0			 101216.94 
g1	 28 	 -41483.342367 			 0.0 			 0.0			 -41483.342367 
g1	 29 	 176.04294 			 0.0 			 0.0			 176.04294 
g1	 30 	 36669.5075 			 0.0 			 0.0			 36669.5075 
g1	 31 	 -105554.96143 			 0.0 			 0.0			 -105554.96143 
g1	 32 	 -52.390736 			 0.0 			 0.0			 -52.390736 
g1	 33 	 -375.043058 			 0.0 			 0.0			 -375.043058 
g1	 34 	 140.686956 			 0.0 			 0.0			 140.686956 
g1	 35 	 757.471675 			 0.0 			 0.0			 757.471675 
g1	 36 	 436.530759 			 0.0 			 0.0			 436.530759 
g1	 37 	 -16.039478 			 0.0 			 0.0			 -16.039478 
g1	 38 	 428.806214 			 0.0 			 0.0			 428.806214 
g1	 39 	 665.894921 			 0.0 			 0.0			 665.894921 
g1	 40 	 103.441922 			 0.0 			 0.0			 103.441922 
g1	 41 	 28.80564 			 0.0 			 0.0			 28.80564 
g1	 42 	 -24.635876 			 0.0 			 0.0			 -24.635876 
g1	 43 	 -19265.856008 			 0.0 			 0.0			 -19265.856008 
g1	 44 	 123609.81 			 0.0 			 0.0			 123609.81 
g1	 45 	 311.957813 			 0.0 			 0.0			 311.957813 
g1	 46 	 -112.238139 			 0.0 			 0.0			 -112.238139 
g1	 47 	 -63.149279 			 0.0 			 0.0			 -63.149279 
g1	 48 	 520.68516 			 0.0 			 0.0			 520.68516 
g1	 49 	 -227.985773 			 0.0 			 0.0			 -227.985773 
g1	 50 	 273.207946 			 0.0 			 0.0			 273.207946 
g1	 51 	 -3.187228 			 0.0 			 0.0			 -3.187228 
g1	 52 	 365.617594 			 0.0 			 0.0			 365.617594 
g1	 53 	 121.938504 			 0.0 			 0.0			 121.938504 
g1	 54 	 148.683957 			 0.0 			 0.0			 148.683957 
g1	 55 	 -84.416343 			 0.0 			 0.0			 -84.416343 
g1	 56 	 214.560245 			 0.0 			 0.0			 214.560245 
g1	 57 	 -99898.3624 			 0.0 			 0.0			 -99898.3624 
g1	 58 	 42252.75 			 0.0 			 0.0			 42252.75 
g1	 59 	 172.152509 			 0.0 			 0.0			 172.152509 
g1	 60 	 166.957584 			 0.0 			 0.0			 166.957584 
g1	 61 	 -61926.3625 			 0.0 			 0.0			 -61926.3625 
g1	 62 	 -407554.991894 			 0.0 			 0.0			 -407554.991894 
g1	 63 	 -61926.3625 			 0.0 			 0.0			 -61926.3625 
g1	 64 	 276.117276 			 0.0 			 0.0			 276.117276 
g1	 65 	 -147.692249 			 0.0 			 0.0			 -147.692249 
g1	 66 	 42252.75 			 0.0 			 0.0			 42252.75 
g1	 67 	 -99746.850556 			 0.0 			 0.0			 -99746.850556 
g1	 68 	 -217.867478 			 0.0 			 0.0			 -217.867478 
g1	 69 	 172.152509 			 0.0 			 0.0			 172.152509 
g1	 70 	 172.152509 			 0.0 			 0.0			 172.152509 
g1	 71 	 -356.885447 			 0.0 			 0.0			 -356.885447 
g1	 72 	 42252.75 			 0.0 			 0.0			 42252.75 
g1	 73 	 -191300.458877 			 0.0 			 0.0			 -191300.458877 
g1	 74 	 46747.455 			 0.0 			 0.0			 46747.455 
g1	 75 	 214.92408 			 0.0 			 0.0			 214.92408 
g1	 76 	 16.915369 			 0.0 			 0.0			 16.915369 
g1	 77 	 76603.955 			 0.0 			 0.0			 76603.955 
g1	 78 	 -65829.867518 			 0.0 			 0.0			 -65829.867518 
g1	 79 	 -443.191647 			 0.0 			 0.0			 -443.191647 
g1	 80 	 -80.707595 			 0.0 			 0.0			 -80.707595 
g1	 81 	 9614.615 			 0.0 			 0.0			 9614.615 
g1	 82 	 -265292.544114 			 0.0 			 0.0			 -265292.544114 
g1	 83 	 9614.615 			 0.0 			 0.0			 9614.615 
g1	 84 	 40051.9175 			 0.0 			 0.0			 40051.9175 
g1	 85 	 17920.791903 			 0.0 			 0.0			 17920.791903 
g1	 86 	 351.992562 			 0.0 			 0.0			 351.992562 
g1	 87 	 920.743824 			 0.0 			 0.0			 920.743824 
g1	 88 	 741.461406 			 0.0 			 0.0			 741.461406 
g1	 89 	 600.446393 			 0.0 			 0.0			 600.446393 
g1	 90 	 951.776747 			 0.0 			 0.0			 951.776747 
g1	 91 	 247.005804 			 0.0 			 0.0			 247.005804 
g1	 92 	 -259.517977 			 0.0 			 0.0			 -259.517977 
g1	 93 	 -415.712851 			 0.0 			 0.0			 -415.712851 
g1	 94 	 -414.161851 			 0.0 			 0.0			 -414.161851 
g1	 95 	 -5130.9425 			 0.0 			 0.0			 -5130.9425 
g1	 96 	 -147028.583754 			 0.0 			 0.0			 -147028.583754 
----------------------------------------------------------------------------------------------------
g2	 1 	 0.0 			 0.0 			 0.0			 0.0 
g2	 2 	 0.0 			 0.0 			 0.0			 0.0 
g2	 3 	 0.0 			 0.0 			 0.0			 0.0 
g2	 4 	 0.0 			 0.0 			 0.0			 0.0 
g2	 5 	 0.0 			 0.0 			 0.0			 0.0 
g2	 6 	 0.0 			 0.0 			 0.0			 0.0 
g2	 7 	 0.0 			 0.0 			 0.0			 0.0 
g2	 8 	 0.0 			 0.0 			 0.0			 0.0 
g2	 9 	 0.0 			 0.0 			 0.0			 0.0 
g2	 10 	 0.0 			 0.0 			 0.0			 0.0 
g2	 11 	 0.0 			 0.0 			 0.0			 0.0 
g2	 12 	 0.0 			 0.0 			 0.0			 0.0 
g2	 13 	 0.0 			 0.0 			 0.0			 0.0 
g2	 14 	 0.0 			 0.0 			 0.0			 0.0 
g2	 15 	 0.0 			 0.0 			 0.0			 0.0 
g2	 16 	 0.0 			 0.0 			 0.0			 0.0 
g2	 17 	 0.0 			 0.0 			 0.0			 0.0 
g2	 18 	 0.0 			 0.0 			 0.0			 0.0 
g2	 19 	 0.0 			 0.0 			 0.0			 0.0 
g2	 20 	 0.0 			 0.0 			 0.0			 0.0 
g2	 21 	 0.0 			 0.0 			 0.0			 0.0 
g2	 22 	 0.0 			 0.0 			 0.0			 0.0 
g2	 23 	 0.0 			 0.0 			 0.0			 0.0 
g2	 24 	 0.0 			 0.0 			 0.0			 0.0 
g2	 25 	 29.323489 			 0.0 			 0.0			 29.323489 
g2	 26 	 101.537495 			 0.0 			 0.0			 101.537495 
g2	 27 	 83996.42 			 0.0 			 0.0			 83996.42 
g2	 28 	 27940.213419 			 0.0 			 0.0			 27940.213419 
g2	 29 	 233.820301 			 0.0 			 0.0			 233.820301 
g2	 30 	 38282.9175 			 0.0 			 0.0			 38282.9175 
g2	 31 	 -17422.450267 			 0.0 			 0.0			 -17422.450267 
g2	 32 	 -66.066117 			 0.0 			 0.0			 -66.066117 
g2	 33 	 -262.184483 			 0.0 			 0.0			 -262.184483 
g2	 34 	 -180.994966 			 0.0 			 0.0			 -180.994966 
g2	 35 	 23.480528 			 0.0 			 0.0			 23.480528 
g2	 36 	 21.701904 			 0.0 			 0.0			 21.701904 
g2	 37 	 21.701904 			 0.0 			 0.0			 21.701904 
g2	 38 	 21.701904 			 0.0 			 0.0			 21.701904 
g2	 39 	 22.056021 			 0.0 			 0.0			 22.056021 
g2	 40 	 -42.651969 			 0.0 			 0.0			 -42.651969 
g2	 41 	 -23.333332 			 0.0 			 0.0			 -23.333332 
g2	 42 	 -23.333332 			 0.0 			 0.0			 -23.333332 
g2	 43 	 -61428.573284 			 0.0 			 0.0			 -61428.573284 
g2	 44 	 -6067.22 			 0.0 			 0.0			 -6067.22 
g2	 45 	 21.701904 			 0.0 			 0.0			 21.701904 
g2	 46 	 21.701904 			 0.0 			 0.0			 21.701904 
g2	 47 	 -180.994966 			 0.0 			 0.0			 -180.994966 
g2	 48 	 23.409946 			 0.0 			 0.0			 23.409946 
g2	 49 	 -128.810176 			 0.0 			 0.0			 -128.810176 
g2	 50 	 21.701904 			 0.0 			 0.0			 21.701904 
g2	 51 	 21.701904 			 0.0 			 0.0			 21.701904 
g2	 52 	 271.059994 			 0.0 			 0.0			 271.059994 
g2	 53 	 21.701904 			 0.0 			 0.0			 21.701904 
g2	 54 	 21.701904 			 0.0 			 0.0			 21.701904 
g2	 55 	 58.345857 			 0.0 			 0.0			 58.345857 
g2	 56 	 305.543627 			 0.0 			 0.0			 305.543627 
g2	 57 	 32292.611756 			 0.0 			 0.0			 32292.611756 
g2	 58 	 88412.6 			 0.0 			 0.0			 88412.6 
g2	 59 	 154.342759 			 0.0 			 0.0			 154.342759 
g2	 60 	 81.705077 			 0.0 			 0.0			 81.705077 
g2	 61 	 66668.2425 			 0.0 			 0.0			 66668.2425 
g2	 62 	 21537.418039 			 0.0 			 0.0			 21537.418039 
g2	 63 	 66668.2425 			 0.0 			 0.0			 66668.2425 
g2	 64 	 800.56214 			 0.0 			 0.0			 800.56214 
g2	 65 	 232.198872 			 0.0 			 0.0			 232.198872 
g2	 66 	 116214.7175 			 0.0 			 0.0			 116214.7175 
g2	 67 	 59762.854267 			 0.0 			 0.0			 59762.854267 
g2	 68 	 17.458858 			 0.0 			 0.0			 17.458858 
g2	 69 	 145.744607 			 0.0 			 0.0			 145.744607 
g2	 70 	 -12.708551 			 0.0 			 0.0			 -12.708551 
g2	 71 	 -5.779559 			 0.0 			 0.0			 -5.779559 
g2	 72 	 54205.55 			 0.0 			 0.0			 54205.55 
g2	 73 	 55950.889872 			 0.0 			 0.0			 55950.889872 
g2	 74 	 83996.42 			 0.0 			 0.0			 83996.42 
g2	 75 	 404.341719 			 0.0 			 0.0			 404.341719 
g2	 76 	 171.383654 			 0.0 			 0.0			 171.383654 
g2	 77 	 100401.3175 			 0.0 			 0.0			 100401.3175 
g2	 78 	 44167.179274 			 0.0 			 0.0			 44167.179274 
g2	 79 	 -16.940271 			 0.0 			 0.0			 -16.940271 
g2	 80 	 21.701904 			 0.0 			 0.0			 21.701904 
g2	 81 	 5643.01 			 0.0 			 0.0			 5643.01 
g2	 82 	 -99813.998383 			 0.0 			 0.0			 -99813.998383 
g2	 83 	 5643.01 			 0.0 			 0.0			 5643.01 
g2	 84 	 5643.01 			 0.0 			 0.0			 5643.01 
g2	 85 	 -109110.212155 			 0.0 			 0.0			 -109110.212155 
g2	 86 	 -208.128887 			 0.0 			 0.0			 -208.128887 
g2	 87 	 7.57908 			 0.0 			 0.0			 7.57908 
g2	 88 	 -208.128887 			 0.0 			 0.0			 -208.128887 
g2	 89 	 0.0 			 0.0 			 0.0			 0.0 
g2	 90 	 0.0 			 0.0 			 0.0			 0.0 
g2	 91 	 0.0 			 0.0 			 0.0			 0.0 
g2	 92 	 0.0 			 0.0 			 0.0			 0.0 
g2	 93 	 0.0 			 0.0 			 0.0			 0.0 
g2	 94 	 0.0 			 0.0 			 0.0			 0.0 
g2	 95 	 0.0 			 0.0 			 0.0			 0.0 
g2	 96 	 0.0 			 0.0 			 0.0			 0.0 
----------------------------------------------------------------------------------------------------
g3	 1 	 0.0 			 0.0 			 0.0			 0.0 
g3	 2 	 0.0 			 0.0 			 0.0			 0.0 
g3	 3 	 0.0 			 0.0 			 0.0			 0.0 
g3	 4 	 0.0 			 0.0 			 0.0			 0.0 
g3	 5 	 0.0 			 0.0 			 0.0			 0.0 
g3	 6 	 0.0 			 0.0 			 0.0			 0.0 
g3	 7 	 0.0 			 0.0 			 0.0			 0.0 
g3	 8 	 0.0 			 0.0 			 0.0			 0.0 
g3	 9 	 0.0 			 0.0 			 0.0			 0.0 
g3	 10 	 0.0 			 0.0 			 0.0			 0.0 
g3	 11 	 0.0 			 0.0 			 0.0			 0.0 
g3	 12 	 0.0 			 0.0 			 0.0			 0.0 
g3	 13 	 0.0 			 0.0 			 0.0			 0.0 
g3	 14 	 0.0 			 0.0 			 0.0			 0.0 
g3	 15 	 0.0 			 0.0 			 0.0			 0.0 
g3	 16 	 0.0 			 0.0 			 0.0			 0.0 
g3	 17 	 0.0 			 0.0 			 0.0			 0.0 
g3	 18 	 0.0 			 0.0 			 0.0			 0.0 
g3	 19 	 0.0 			 0.0 			 0.0			 0.0 
g3	 20 	 0.0 			 0.0 			 0.0			 0.0 
g3	 21 	 0.0 			 0.0 			 0.0			 0.0 
g3	 22 	 0.0 			 0.0 			 0.0			 0.0 
g3	 23 	 0.0 			 0.0 			 0.0			 0.0 
g3	 24 	 0.0 			 0.0 			 0.0			 0.0 
g3	 25 	 0.0 			 0.0 			 0.0			 0.0 
g3	 26 	 0.0 			 0.0 			 0.0			 0.0 
g3	 27 	 0.0 			 0.0 			 0.0			 0.0 
g3	 28 	 0.0 			 0.0 			 0.0			 0.0 
g3	 29 	 0.0 			 0.0 			 0.0			 0.0 
g3	 30 	 0.0 			 0.0 			 0.0			 0.0 
g3	 31 	 0.0 			 0.0 			 0.0			 0.0 
g3	 32 	 0.0 			 0.0 			 0.0			 0.0 
g3	 33 	 0.0 			 0.0 			 0.0			 0.0 
g3	 34 	 0.0 			 0.0 			 0.0			 0.0 
g3	 35 	 0.0 			 0.0 			 0.0			 0.0 
g3	 36 	 0.0 			 0.0 			 0.0			 0.0 
g3	 37 	 0.0 			 0.0 			 0.0			 0.0 
g3	 38 	 0.0 			 0.0 			 0.0			 0.0 
g3	 39 	 0.0 			 0.0 			 0.0			 0.0 
g3	 40 	 0.0 			 0.0 			 0.0			 0.0 
g3	 41 	 0.0 			 0.0 			 0.0			 0.0 
g3	 42 	 0.0 			 0.0 			 0.0			 0.0 
g3	 43 	 0.0 			 0.0 			 0.0			 0.0 
g3	 44 	 0.0 			 0.0 			 0.0			 0.0 
g3	 45 	 15.56631 			 0.0 			 0.0			 15.56631 
g3	 46 	 15.56631 			 0.0 			 0.0			 15.56631 
g3	 47 	 14.595168 			 0.0 			 0.0			 14.595168 
g3	 48 	 16.791452 			 0.0 			 0.0			 16.791452 
g3	 49 	 15.312311 			 0.0 			 0.0			 15.312311 
g3	 50 	 15.56631 			 0.0 			 0.0			 15.56631 
g3	 51 	 15.56631 			 0.0 			 0.0			 15.56631 
g3	 52 	 17.845414 			 0.0 			 0.0			 17.845414 
g3	 53 	 15.56631 			 0.0 			 0.0			 15.56631 
g3	 54 	 15.56631 			 0.0 			 0.0			 15.56631 
g3	 55 	 15.56631 			 0.0 			 0.0			 15.56631 
g3	 56 	 17.416451 			 0.0 			 0.0			 17.416451 
g3	 57 	 4012.509502 			 0.0 			 0.0			 4012.509502 
g3	 58 	 40235.11 			 0.0 			 0.0			 40235.11 
g3	 59 	 16.491381 			 0.0 			 0.0			 16.491381 
g3	 60 	 15.993733 			 0.0 			 0.0			 15.993733 
g3	 61 	 17581.865 			 0.0 			 0.0			 17581.865 
g3	 62 	 -36998.141067 			 0.0 			 0.0			 -36998.141067 
g3	 63 	 17581.865 			 0.0 			 0.0			 17581.865 
g3	 64 	 351.377144 			 0.0 			 0.0			 351.377144 
g3	 65 	 67.616386 			 0.0 			 0.0			 67.616386 
g3	 66 	 53769.365 			 0.0 			 0.0			 53769.365 
g3	 67 	 17402.962231 			 0.0 			 0.0			 17402.962231 
g3	 68 	 15.56631 			 0.0 			 0.0			 15.56631 
g3	 69 	 16.491381 			 0.0 			 0.0			 16.491381 
g3	 70 	 16.491381 			 0.0 			 0.0			 16.491381 
g3	 71 	 11.185286 			 0.0 			 0.0			 11.185286 
g3	 72 	 34303.5475 			 0.0 			 0.0			 34303.5475 
g3	 73 	 -3743.354463 			 0.0 			 0.0			 -3743.354463 
g3	 74 	 34303.5475 			 0.0 			 0.0			 34303.5475 
g3	 75 	 18.609117 			 0.0 			 0.0			 18.609117 
g3	 76 	 15.56631 			 0.0 			 0.0			 15.56631 
g3	 77 	 40235.11 			 0.0 			 0.0			 40235.11 
g3	 78 	 4011.584432 			 0.0 			 0.0			 4011.584432 
g3	 79 	 15.312311 			 0.0 			 0.0			 15.312311 
g3	 80 	 15.56631 			 0.0 			 0.0			 15.56631 
g3	 81 	 4047.61 			 0.0 			 0.0			 4047.61 
g3	 82 	 -63911.615169 			 0.0 			 0.0			 -63911.615169 
g3	 83 	 4047.61 			 0.0 			 0.0			 4047.61 
g3	 84 	 4047.61 			 0.0 			 0.0			 4047.61 
g3	 85 	 -31892.682629 			 0.0 			 0.0			 -31892.682629 
g3	 86 	 15.56631 			 0.0 			 0.0			 15.56631 
g3	 87 	 17.845414 			 0.0 			 0.0			 17.845414 
g3	 88 	 15.56631 			 0.0 			 0.0			 15.56631 
g3	 89 	 -188.454211 			 0.0 			 0.0			 -188.454211 
g3	 90 	 -219.20048 			 0.0 			 0.0			 -219.20048 
g3	 91 	 -264.647547 			 0.0 			 0.0			 -264.647547 
g3	 92 	 -201.286672 			 0.0 			 0.0			 -201.286672 
g3	 93 	 0.0 			 0.0 			 0.0			 0.0 
g3	 94 	 0.0 			 0.0 			 0.0			 0.0 
g3	 95 	 0.0 			 0.0 			 0.0			 0.0 
g3	 96 	 0.0 			 0.0 			 0.0			 0.0 
----------------------------------------------------------------------------------------------------
g4	 1 	 0.0 			 0.0 			 0.0			 0.0 
g4	 2 	 0.0 			 0.0 			 0.0			 0.0 
g4	 3 	 0.0 			 0.0 			 0.0			 0.0 
g4	 4 	 0.0 			 0.0 			 0.0			 0.0 
g4	 5 	 0.0 			 0.0 			 0.0			 0.0 
g4	 6 	 0.0 			 0.0 			 0.0			 0.0 
g4	 7 	 0.0 			 0.0 			 0.0			 0.0 
g4	 8 	 0.0 			 0.0 			 0.0			 0.0 
g4	 9 	 0.0 			 0.0 			 0.0			 0.0 
g4	 10 	 0.0 			 0.0 			 0.0			 0.0 
g4	 11 	 0.0 			 0.0 			 0.0			 0.0 
g4	 12 	 0.0 			 0.0 			 0.0			 0.0 
g4	 13 	 0.0 			 0.0 			 0.0			 0.0 
g4	 14 	 0.0 			 0.0 			 0.0			 0.0 
g4	 15 	 0.0 			 0.0 			 0.0			 0.0 
g4	 16 	 0.0 			 0.0 			 0.0			 0.0 
g4	 17 	 0.0 			 0.0 			 0.0			 0.0 
g4	 18 	 0.0 			 0.0 			 0.0			 0.0 
g4	 19 	 0.0 			 0.0 			 0.0			 0.0 
g4	 20 	 0.0 			 0.0 			 0.0			 0.0 
g4	 21 	 0.0 			 0.0 			 0.0			 0.0 
g4	 22 	 0.0 			 0.0 			 0.0			 0.0 
g4	 23 	 0.0 			 0.0 			 0.0			 0.0 
g4	 24 	 0.0 			 0.0 			 0.0			 0.0 
g4	 25 	 0.0 			 0.0 			 0.0			 0.0 
g4	 26 	 0.0 			 0.0 			 0.0			 0.0 
g4	 27 	 0.0 			 0.0 			 0.0			 0.0 
g4	 28 	 0.0 			 0.0 			 0.0			 0.0 
g4	 29 	 0.0 			 0.0 			 0.0			 0.0 
g4	 30 	 0.0 			 0.0 			 0.0			 0.0 
g4	 31 	 0.0 			 0.0 			 0.0			 0.0 
g4	 32 	 0.0 			 0.0 			 0.0			 0.0 
g4	 33 	 0.0 			 0.0 			 0.0			 0.0 
g4	 34 	 0.0 			 0.0 			 0.0			 0.0 
g4	 35 	 0.0 			 0.0 			 0.0			 0.0 
g4	 36 	 0.0 			 0.0 			 0.0			 0.0 
g4	 37 	 0.0 			 0.0 			 0.0			 0.0 
g4	 38 	 0.0 			 0.0 			 0.0			 0.0 
g4	 39 	 0.0 			 0.0 			 0.0			 0.0 
g4	 40 	 0.0 			 0.0 			 0.0			 0.0 
g4	 41 	 0.0 			 0.0 			 0.0			 0.0 
g4	 42 	 0.0 			 0.0 			 0.0			 0.0 
g4	 43 	 0.0 			 0.0 			 0.0			 0.0 
g4	 44 	 0.0 			 0.0 			 0.0			 0.0 
g4	 45 	 0.0 			 0.0 			 0.0			 0.0 
g4	 46 	 0.0 			 0.0 			 0.0			 0.0 
g4	 47 	 0.0 			 0.0 			 0.0			 0.0 
g4	 48 	 0.0 			 0.0 			 0.0			 0.0 
g4	 49 	 0.0 			 0.0 			 0.0			 0.0 
g4	 50 	 0.0 			 0.0 			 0.0			 0.0 
g4	 51 	 0.0 			 0.0 			 0.0			 0.0 
g4	 52 	 0.0 			 0.0 			 0.0			 0.0 
g4	 53 	 0.0 			 0.0 			 0.0			 0.0 
g4	 54 	 0.0 			 0.0 			 0.0			 0.0 
g4	 55 	 0.0 			 0.0 			 0.0			 0.0 
g4	 56 	 0.0 			 0.0 			 0.0			 0.0 
g4	 57 	 0.0 			 0.0 			 0.0			 0.0 
g4	 58 	 0.0 			 0.0 			 0.0			 0.0 
g4	 59 	 0.0 			 0.0 			 0.0			 0.0 
g4	 60 	 0.0 			 0.0 			 0.0			 0.0 
g4	 61 	 0.0 			 0.0 			 0.0			 0.0 
g4	 62 	 0.0 			 0.0 			 0.0			 0.0 
g4	 63 	 0.0 			 0.0 			 0.0			 0.0 
g4	 64 	 0.0 			 0.0 			 0.0			 0.0 
g4	 65 	 0.0 			 0.0 			 0.0			 0.0 
g4	 66 	 0.0 			 0.0 			 0.0			 0.0 
g4	 67 	 0.0 			 0.0 			 0.0			 0.0 
g4	 68 	 0.0 			 0.0 			 0.0			 0.0 
g4	 69 	 0.0 			 0.0 			 0.0			 0.0 
g4	 70 	 0.0 			 0.0 			 0.0			 0.0 
g4	 71 	 0.0 			 0.0 			 0.0			 0.0 
g4	 72 	 0.0 			 0.0 			 0.0			 0.0 
g4	 73 	 0.0 			 0.0 			 0.0			 0.0 
g4	 74 	 0.0 			 0.0 			 0.0			 0.0 
g4	 75 	 0.0 			 0.0 			 0.0			 0.0 
g4	 76 	 0.0 			 0.0 			 0.0			 0.0 
g4	 77 	 0.0 			 0.0 			 0.0			 0.0 
g4	 78 	 0.0 			 0.0 			 0.0			 0.0 
g4	 79 	 0.0 			 0.0 			 0.0			 0.0 
g4	 80 	 0.0 			 0.0 			 0.0			 0.0 
g4	 81 	 0.0 			 0.0 			 0.0			 0.0 
g4	 82 	 0.0 			 0.0 			 0.0			 0.0 
g4	 83 	 0.0 			 0.0 			 0.0			 0.0 
g4	 84 	 0.0 			 0.0 			 0.0			 0.0 
g4	 85 	 0.0 			 0.0 			 0.0			 0.0 
g4	 86 	 0.0 			 0.0 			 0.0			 0.0 
g4	 87 	 0.0 			 0.0 			 0.0			 0.0 
g4	 88 	 0.0 			 0.0 			 0.0			 0.0 
g4	 89 	 0.0 			 0.0 			 0.0			 0.0 
g4	 90 	 0.0 			 0.0 			 0.0			 0.0 
g4	 91 	 0.0 			 0.0 			 0.0			 0.0 
g4	 92 	 0.0 			 0.0 			 0.0			 0.0 
g4	 93 	 0.0 			 0.0 			 0.0			 0.0 
g4	 94 	 0.0 			 0.0 			 0.0			 0.0 
g4	 95 	 0.0 			 0.0 			 0.0			 0.0 
g4	 96 	 0.0 			 0.0 			 0.0			 0.0 
----------------------------------------------------------------------------------------------------
g5	 1 	 0.0 			 0.0 			 0.0			 0.0 
g5	 2 	 0.0 			 0.0 			 0.0			 0.0 
g5	 3 	 0.0 			 0.0 			 0.0			 0.0 
g5	 4 	 0.0 			 0.0 			 0.0			 0.0 
g5	 5 	 21.893178 			 0.0 			 0.0			 21.893178 
g5	 6 	 21.893178 			 0.0 			 0.0			 21.893178 
g5	 7 	 22.372141 			 0.0 			 0.0			 22.372141 
g5	 8 	 5817.2875 			 0.0 			 0.0			 5817.2875 
g5	 9 	 -31351.194376 			 0.0 			 0.0			 -31351.194376 
g5	 10 	 21.893178 			 0.0 			 0.0			 21.893178 
g5	 11 	 21.893178 			 0.0 			 0.0			 21.893178 
g5	 12 	 21.893178 			 0.0 			 0.0			 21.893178 
g5	 13 	 5817.2875 			 0.0 			 0.0			 5817.2875 
g5	 14 	 -31351.194376 			 0.0 			 0.0			 -31351.194376 
g5	 15 	 21.893178 			 0.0 			 0.0			 21.893178 
g5	 16 	 21.54061 			 0.0 			 0.0			 21.54061 
g5	 17 	 21.893178 			 0.0 			 0.0			 21.893178 
g5	 18 	 21.893178 			 0.0 			 0.0			 21.893178 
g5	 19 	 21.893178 			 0.0 			 0.0			 21.893178 
g5	 20 	 21.893178 			 0.0 			 0.0			 21.893178 
g5	 21 	 22.372141 			 0.0 			 0.0			 22.372141 
g5	 22 	 21.893178 			 0.0 			 0.0			 21.893178 
g5	 23 	 21.893178 			 0.0 			 0.0			 21.893178 
g5	 24 	 21.893178 			 0.0 			 0.0			 21.893178 
g5	 25 	 22.007089 			 0.0 			 0.0			 22.007089 
g5	 26 	 -90.619181 			 0.0 			 0.0			 -90.619181 
g5	 27 	 5817.2875 			 0.0 			 0.0			 5817.2875 
g5	 28 	 -31343.615236 			 0.0 			 0.0			 -31343.615236 
g5	 29 	 22.372141 			 0.0 			 0.0			 22.372141 
g5	 30 	 5817.2875 			 0.0 			 0.0			 5817.2875 
g5	 31 	 -31351.194376 			 0.0 			 0.0			 -31351.194376 
g5	 32 	 21.893178 			 0.0 			 0.0			 21.893178 
g5	 33 	 -17.78999 			 0.0 			 0.0			 -17.78999 
g5	 34 	 -92.623587 			 0.0 			 0.0			 -92.623587 
g5	 35 	 24.205696 			 0.0 			 0.0			 24.205696 
g5	 36 	 22.372141 			 0.0 			 0.0			 22.372141 
g5	 37 	 22.372141 			 0.0 			 0.0			 22.372141 
g5	 38 	 22.372141 			 0.0 			 0.0			 22.372141 
g5	 39 	 22.737194 			 0.0 			 0.0			 22.737194 
g5	 40 	 22.007089 			 0.0 			 0.0			 22.007089 
g5	 41 	 19.368924 			 0.0 			 0.0			 19.368924 
g5	 42 	 19.368924 			 0.0 			 0.0			 19.368924 
g5	 43 	 -32120.893714 			 0.0 			 0.0			 -32120.893714 
g5	 44 	 5036.38 			 0.0 			 0.0			 5036.38 
g5	 45 	 22.372141 			 0.0 			 0.0			 22.372141 
g5	 46 	 22.372141 			 0.0 			 0.0			 22.372141 
g5	 47 	 -103.108015 			 0.0 			 0.0			 -103.108015 
g5	 48 	 24.132933 			 0.0 			 0.0			 24.132933 
g5	 49 	 22.007089 			 0.0 			 0.0			 22.007089 
g5	 50 	 22.372141 			 0.0 			 0.0			 22.372141 
g5	 51 	 22.372141 			 0.0 			 0.0			 22.372141 
g5	 52 	 187.279729 			 0.0 			 0.0			 187.279729 
g5	 53 	 22.372141 			 0.0 			 0.0			 22.372141 
g5	 54 	 22.372141 			 0.0 			 0.0			 22.372141 
g5	 55 	 22.372141 			 0.0 			 0.0			 22.372141 
g5	 56 	 25.031192 			 0.0 			 0.0			 25.031192 
g5	 57 	 5766.840523 			 0.0 			 0.0			 5766.840523 
g5	 58 	 43223.5375 			 0.0 			 0.0			 43223.5375 
g5	 59 	 23.701668 			 0.0 			 0.0			 23.701668 
g5	 60 	 22.986439 			 0.0 			 0.0			 22.986439 
g5	 61 	 20397.79 			 0.0 			 0.0			 20397.79 
g5	 62 	 -33822.086825 			 0.0 			 0.0			 -33822.086825 
g5	 63 	 20397.79 			 0.0 			 0.0			 20397.79 
g5	 64 	 377.74332 			 0.0 			 0.0			 377.74332 
g5	 65 	 78.445878 			 0.0 			 0.0			 78.445878 
g5	 66 	 57804.04 			 0.0 			 0.0			 57804.04 
g5	 67 	 20190.234026 			 0.0 			 0.0			 20190.234026 
g5	 68 	 22.372141 			 0.0 			 0.0			 22.372141 
g5	 69 	 9.541365 			 0.0 			 0.0			 9.541365 
g5	 70 	 9.541365 			 0.0 			 0.0			 9.541365 
g5	 71 	 8.293541 			 0.0 			 0.0			 8.293541 
g5	 72 	 39748.0625 			 0.0 			 0.0			 39748.0625 
g5	 73 	 11558.767604 			 0.0 			 0.0			 11558.767604 
g5	 74 	 43223.5375 			 0.0 			 0.0			 43223.5375 
g5	 75 	 198.722669 			 0.0 			 0.0			 198.722669 
g5	 76 	 22.372141 			 0.0 			 0.0			 22.372141 
g5	 77 	 43223.5375 			 0.0 			 0.0			 43223.5375 
g5	 78 	 5765.510998 			 0.0 			 0.0			 5765.510998 
g5	 79 	 22.007089 			 0.0 			 0.0			 22.007089 
g5	 80 	 22.372141 			 0.0 			 0.0			 22.372141 
g5	 81 	 5817.2875 			 0.0 			 0.0			 5817.2875 
g5	 82 	 -62816.071084 			 0.0 			 0.0			 -62816.071084 
g5	 83 	 5817.2875 			 0.0 			 0.0			 5817.2875 
g5	 84 	 5817.2875 			 0.0 			 0.0			 5817.2875 
g5	 85 	 -31345.992647 			 0.0 			 0.0			 -31345.992647 
g5	 86 	 22.372141 			 0.0 			 0.0			 22.372141 
g5	 87 	 64.658405 			 0.0 			 0.0			 64.658405 
g5	 88 	 22.372141 			 0.0 			 0.0			 22.372141 
g5	 89 	 -1.99201 			 0.0 			 0.0			 -1.99201 
g5	 90 	 65.288316 			 0.0 			 0.0			 65.288316 
g5	 91 	 -80.785125 			 0.0 			 0.0			 -80.785125 
g5	 92 	 -134.308822 			 0.0 			 0.0			 -134.308822 
g5	 93 	 21.893178 			 0.0 			 0.0			 21.893178 
g5	 94 	 21.893178 			 0.0 			 0.0			 21.893178 
g5	 95 	 5817.2875 			 0.0 			 0.0			 5817.2875 
g5	 96 	 -31348.593517 			 0.0 			 0.0			 -31348.593517 
----------------------------------------------------------------------------------------------------------------
unit 	 generation payment 	 up-FRP payment 	 dw-FRP payment 	pre-up total payment
----------------------------------------------------------------------------------------------------------------
 g1 	 -844138.210069			 0.000000			 0.000000			 -844138.210069
 g2 	 665525.027606			 0.000000			 0.000000			 665525.027606
 g3 	 138977.083977			 0.000000			 0.000000			 138977.083977
 g4 	 0.000000			 0.000000			 0.000000			 0.000000
 g5 	 47545.871180			 0.000000			 0.000000			 47545.871180
----------------------------------------------------------------------------------------------------
generation payment 	 up-FRP payment 	 dw-FRP payment 	 pre-up total payment
----------------------------------------------------------------------------------------------------
7909.772693999941 			 0.0 			 0.0 			 7909.772693999941
 
****************************************************************************************************
 
Generation costs
----------------------------------------------------------------------------------------------------
unit	 time 	 generation cost 	 start-up cost  	total cost
----------------------------------------------------------------------------------------------------
g1	 1 	 1854.233186 			 0.0 			1854.233186
g1	 2 	 2394.240682 			 0.0 			2394.240682
g1	 3 	 2433.915303 			 0.0 			2433.915303
g1	 4 	 2189.723809 			 0.0 			2189.723809
g1	 5 	 1820.376209 			 0.0 			1820.376209
g1	 6 	 2000.118291 			 0.0 			2000.118291
g1	 7 	 2521.249875 			 0.0 			2521.249875
g1	 8 	 2225.43923 			 0.0 			2225.43923
g1	 9 	 1687.169158 			 0.0 			1687.169158
g1	 10 	 2011.882445 			 0.0 			2011.882445
g1	 11 	 2255.825904 			 0.0 			2255.825904
g1	 12 	 2221.836305 			 0.0 			2221.836305
g1	 13 	 2220.075085 			 0.0 			2220.075085
g1	 14 	 1681.805013 			 0.0 			1681.805013
g1	 15 	 1932.210208 			 0.0 			1932.210208
g1	 16 	 1398.744485 			 0.0 			1398.744485
g1	 17 	 1774.443423 			 0.0 			1774.443423
g1	 18 	 2260.857789 			 0.0 			2260.857789
g1	 19 	 1773.253028 			 0.0 			1773.253028
g1	 20 	 2169.111631 			 0.0 			2169.111631
g1	 21 	 2713.869935 			 0.0 			2713.869935
g1	 22 	 2278.037659 			 0.0 			2278.037659
g1	 23 	 1860.861797 			 0.0 			1860.861797
g1	 24 	 2080.579973 			 0.0 			2080.579973
g1	 25 	 2313.086426 			 0.0 			2313.086426
g1	 26 	 1893.724572 			 0.0 			1893.724572
g1	 27 	 2434.596034 			 0.0 			2434.596034
g1	 28 	 1893.724572 			 0.0 			1893.724572
g1	 29 	 2326.633623 			 0.0 			2326.633623
g1	 30 	 2292.074064 			 0.0 			2292.074064
g1	 31 	 1753.803992 			 0.0 			1753.803992
g1	 32 	 2101.678802 			 0.0 			2101.678802
g1	 33 	 1770.691456 			 0.0 			1770.691456
g1	 34 	 2308.961528 			 0.0 			2308.961528
g1	 35 	 2858.917248 			 0.0 			2858.917248
g1	 36 	 2595.353998 			 0.0 			2595.353998
g1	 37 	 2345.589953 			 0.0 			2345.589953
g1	 38 	 2790.435649 			 0.0 			2790.435649
g1	 39 	 3016.833198 			 0.0 			3016.833198
g1	 40 	 2466.787237 			 0.0 			2466.787237
g1	 41 	 2582.63767 			 0.0 			2582.63767
g1	 42 	 2529.19616 			 0.0 			2529.19616
g1	 43 	 2479.165043 			 0.0 			2479.165043
g1	 44 	 3029.211004 			 0.0 			3029.211004
g1	 45 	 2886.851565 			 0.0 			2886.851565
g1	 46 	 2462.655601 			 0.0 			2462.655601
g1	 47 	 2507.542601 			 0.0 			2507.542601
g1	 48 	 3057.588562 			 0.0 			3057.588562
g1	 49 	 2507.542601 			 0.0 			2507.542601
g1	 50 	 3012.518143 			 0.0 			3012.518143
g1	 51 	 2736.12296 			 0.0 			2736.12296
g1	 52 	 3058.233409 			 0.0 			3058.233409
g1	 53 	 2988.404303 			 0.0 			2988.404303
g1	 54 	 3015.149752 			 0.0 			3015.149752
g1	 55 	 2782.049445 			 0.0 			2782.049445
g1	 56 	 3058.233409 			 0.0 			3058.233409
g1	 57 	 2508.187447 			 0.0 			2508.187447
g1	 58 	 3058.233409 			 0.0 			3058.233409
g1	 59 	 3058.233409 			 0.0 			3058.233409
g1	 60 	 3058.233409 			 0.0 			3058.233409
g1	 61 	 2657.581072 			 0.0 			2657.581072
g1	 62 	 2111.935742 			 0.0 			2111.935742
g1	 63 	 2657.581072 			 0.0 			2657.581072
g1	 64 	 3058.233409 			 0.0 			3058.233409
g1	 65 	 2748.045407 			 0.0 			2748.045407
g1	 66 	 3058.233409 			 0.0 			3058.233409
g1	 67 	 2508.187447 			 0.0 			2508.187447
g1	 68 	 2677.870178 			 0.0 			2677.870178
g1	 69 	 3058.233409 			 0.0 			3058.233409
g1	 70 	 3058.233409 			 0.0 			3058.233409
g1	 71 	 2508.187447 			 0.0 			2508.187447
g1	 72 	 3058.233409 			 0.0 			3058.233409
g1	 73 	 2508.187447 			 0.0 			2508.187447
g1	 74 	 3058.233409 			 0.0 			3058.233409
g1	 75 	 3058.233409 			 0.0 			3058.233409
g1	 76 	 2895.367284 			 0.0 			2895.367284
g1	 77 	 3058.233409 			 0.0 			3058.233409
g1	 78 	 2508.187447 			 0.0 			2508.187447
g1	 79 	 2313.086426 			 0.0 			2313.086426
g1	 80 	 2682.922101 			 0.0 			2682.922101
g1	 81 	 2757.525309 			 0.0 			2757.525309
g1	 82 	 2209.740282 			 0.0 			2209.740282
g1	 83 	 2757.525309 			 0.0 			2757.525309
g1	 84 	 2874.581174 			 0.0 			2874.581174
g1	 85 	 2324.535213 			 0.0 			2324.535213
g1	 86 	 2607.073743 			 0.0 			2607.073743
g1	 87 	 3058.233409 			 0.0 			3058.233409
g1	 88 	 2996.5426 			 0.0 			2996.5426
g1	 89 	 2840.404507 			 0.0 			2840.404507
g1	 90 	 3058.233409 			 0.0 			3058.233409
g1	 91 	 2508.187447 			 0.0 			2508.187447
g1	 92 	 1965.740474 			 0.0 			1965.740474
g1	 93 	 2004.138943 			 0.0 			2004.138943
g1	 94 	 2005.689945 			 0.0 			2005.689945
g1	 95 	 2402.454941 			 0.0 			2402.454941
g1	 96 	 1862.271586 			 0.0 			1862.271586
----------------------------------------------------------------------------------------------------
g2	 1 	 0.0 			 0.0 			0.0
g2	 2 	 0.0 			 0.0 			0.0
g2	 3 	 0.0 			 0.0 			0.0
g2	 4 	 0.0 			 0.0 			0.0
g2	 5 	 0.0 			 0.0 			0.0
g2	 6 	 0.0 			 0.0 			0.0
g2	 7 	 0.0 			 0.0 			0.0
g2	 8 	 0.0 			 0.0 			0.0
g2	 9 	 0.0 			 0.0 			0.0
g2	 10 	 0.0 			 0.0 			0.0
g2	 11 	 0.0 			 0.0 			0.0
g2	 12 	 0.0 			 0.0 			0.0
g2	 13 	 0.0 			 0.0 			0.0
g2	 14 	 0.0 			 0.0 			0.0
g2	 15 	 0.0 			 0.0 			0.0
g2	 16 	 0.0 			 0.0 			0.0
g2	 17 	 0.0 			 0.0 			0.0
g2	 18 	 0.0 			 0.0 			0.0
g2	 19 	 0.0 			 0.0 			0.0
g2	 20 	 0.0 			 0.0 			0.0
g2	 21 	 0.0 			 0.0 			0.0
g2	 22 	 0.0 			 0.0 			0.0
g2	 23 	 0.0 			 0.0 			0.0
g2	 24 	 0.0 			 0.0 			0.0
g2	 25 	 246.332485 			 10598.13 			10844.462485
g2	 26 	 323.535598 			 0.0 			323.535598
g2	 27 	 534.771644 			 0.0 			534.771644
g2	 28 	 323.535598 			 0.0 			323.535598
g2	 29 	 534.771644 			 0.0 			534.771644
g2	 30 	 449.592834 			 0.0 			449.592834
g2	 31 	 238.356787 			 0.0 			238.356787
g2	 32 	 238.356787 			 0.0 			238.356787
g2	 33 	 238.356787 			 0.0 			238.356787
g2	 34 	 323.535598 			 0.0 			323.535598
g2	 35 	 534.771644 			 0.0 			534.771644
g2	 36 	 534.771644 			 0.0 			534.771644
g2	 37 	 534.771644 			 0.0 			534.771644
g2	 38 	 534.771644 			 0.0 			534.771644
g2	 39 	 534.771644 			 0.0 			534.771644
g2	 40 	 470.771887 			 0.0 			470.771887
g2	 41 	 534.771644 			 0.0 			534.771644
g2	 42 	 534.771644 			 0.0 			534.771644
g2	 43 	 323.535598 			 0.0 			323.535598
g2	 44 	 534.771644 			 0.0 			534.771644
g2	 45 	 534.771644 			 0.0 			534.771644
g2	 46 	 534.771644 			 0.0 			534.771644
g2	 47 	 323.535598 			 0.0 			323.535598
g2	 48 	 534.771644 			 0.0 			534.771644
g2	 49 	 384.613681 			 0.0 			384.613681
g2	 50 	 534.771644 			 0.0 			534.771644
g2	 51 	 534.771644 			 0.0 			534.771644
g2	 52 	 762.273179 			 0.0 			762.273179
g2	 53 	 534.771644 			 0.0 			534.771644
g2	 54 	 534.771644 			 0.0 			534.771644
g2	 55 	 573.593263 			 0.0 			573.593263
g2	 56 	 801.094798 			 0.0 			801.094798
g2	 57 	 700.998968 			 0.0 			700.998968
g2	 58 	 938.066064 			 0.0 			938.066064
g2	 59 	 722.619349 			 0.0 			722.619349
g2	 60 	 652.523938 			 0.0 			652.523938
g2	 61 	 883.366128 			 0.0 			883.366128
g2	 62 	 652.523938 			 0.0 			652.523938
g2	 63 	 883.366128 			 0.0 			883.366128
g2	 64 	 1140.082202 			 0.0 			1140.082202
g2	 65 	 923.699345 			 0.0 			923.699345
g2	 66 	 1180.415419 			 0.0 			1180.415419
g2	 67 	 923.699345 			 0.0 			923.699345
g2	 68 	 688.267196 			 0.0 			688.267196
g2	 69 	 778.903082 			 0.0 			778.903082
g2	 70 	 620.449931 			 0.0 			620.449931
g2	 71 	 626.50935 			 0.0 			626.50935
g2	 72 	 854.010884 			 0.0 			854.010884
g2	 73 	 626.50935 			 0.0 			626.50935
g2	 74 	 854.010884 			 0.0 			854.010884
g2	 75 	 872.174289 			 0.0 			872.174289
g2	 76 	 693.348651 			 0.0 			693.348651
g2	 77 	 929.433334 			 0.0 			929.433334
g2	 78 	 693.348651 			 0.0 			693.348651
g2	 79 	 496.483584 			 0.0 			496.483584
g2	 80 	 534.771644 			 0.0 			534.771644
g2	 81 	 534.771644 			 0.0 			534.771644
g2	 82 	 323.535598 			 0.0 			323.535598
g2	 83 	 534.771644 			 0.0 			534.771644
g2	 84 	 534.771644 			 0.0 			534.771644
g2	 85 	 323.535598 			 0.0 			323.535598
g2	 86 	 534.771644 			 0.0 			534.771644
g2	 87 	 762.273179 			 0.0 			762.273179
g2	 88 	 534.771644 			 0.0 			534.771644
g2	 89 	 0.0 			 0.0 			0.0
g2	 90 	 0.0 			 0.0 			0.0
g2	 91 	 0.0 			 0.0 			0.0
g2	 92 	 0.0 			 0.0 			0.0
g2	 93 	 0.0 			 0.0 			0.0
g2	 94 	 0.0 			 0.0 			0.0
g2	 95 	 0.0 			 0.0 			0.0
g2	 96 	 0.0 			 0.0 			0.0
----------------------------------------------------------------------------------------------------
g3	 1 	 0.0 			 0.0 			0.0
g3	 2 	 0.0 			 0.0 			0.0
g3	 3 	 0.0 			 0.0 			0.0
g3	 4 	 0.0 			 0.0 			0.0
g3	 5 	 0.0 			 0.0 			0.0
g3	 6 	 0.0 			 0.0 			0.0
g3	 7 	 0.0 			 0.0 			0.0
g3	 8 	 0.0 			 0.0 			0.0
g3	 9 	 0.0 			 0.0 			0.0
g3	 10 	 0.0 			 0.0 			0.0
g3	 11 	 0.0 			 0.0 			0.0
g3	 12 	 0.0 			 0.0 			0.0
g3	 13 	 0.0 			 0.0 			0.0
g3	 14 	 0.0 			 0.0 			0.0
g3	 15 	 0.0 			 0.0 			0.0
g3	 16 	 0.0 			 0.0 			0.0
g3	 17 	 0.0 			 0.0 			0.0
g3	 18 	 0.0 			 0.0 			0.0
g3	 19 	 0.0 			 0.0 			0.0
g3	 20 	 0.0 			 0.0 			0.0
g3	 21 	 0.0 			 0.0 			0.0
g3	 22 	 0.0 			 0.0 			0.0
g3	 23 	 0.0 			 0.0 			0.0
g3	 24 	 0.0 			 0.0 			0.0
g3	 25 	 0.0 			 0.0 			0.0
g3	 26 	 0.0 			 0.0 			0.0
g3	 27 	 0.0 			 0.0 			0.0
g3	 28 	 0.0 			 0.0 			0.0
g3	 29 	 0.0 			 0.0 			0.0
g3	 30 	 0.0 			 0.0 			0.0
g3	 31 	 0.0 			 0.0 			0.0
g3	 32 	 0.0 			 0.0 			0.0
g3	 33 	 0.0 			 0.0 			0.0
g3	 34 	 0.0 			 0.0 			0.0
g3	 35 	 0.0 			 0.0 			0.0
g3	 36 	 0.0 			 0.0 			0.0
g3	 37 	 0.0 			 0.0 			0.0
g3	 38 	 0.0 			 0.0 			0.0
g3	 39 	 0.0 			 0.0 			0.0
g3	 40 	 0.0 			 0.0 			0.0
g3	 41 	 0.0 			 0.0 			0.0
g3	 42 	 0.0 			 0.0 			0.0
g3	 43 	 0.0 			 0.0 			0.0
g3	 44 	 0.0 			 0.0 			0.0
g3	 45 	 350.954412 			 4595.43 			4946.384412
g3	 46 	 350.954412 			 0.0 			350.954412
g3	 47 	 350.954412 			 0.0 			350.954412
g3	 48 	 350.954412 			 0.0 			350.954412
g3	 49 	 350.954412 			 0.0 			350.954412
g3	 50 	 350.954412 			 0.0 			350.954412
g3	 51 	 350.954412 			 0.0 			350.954412
g3	 52 	 350.954412 			 0.0 			350.954412
g3	 53 	 350.954412 			 0.0 			350.954412
g3	 54 	 350.954412 			 0.0 			350.954412
g3	 55 	 350.954412 			 0.0 			350.954412
g3	 56 	 350.954412 			 0.0 			350.954412
g3	 57 	 350.954412 			 0.0 			350.954412
g3	 58 	 522.662177 			 0.0 			522.662177
g3	 59 	 350.954412 			 0.0 			350.954412
g3	 60 	 350.954412 			 0.0 			350.954412
g3	 61 	 415.173731 			 0.0 			415.173731
g3	 62 	 270.727822 			 0.0 			270.727822
g3	 63 	 415.173731 			 0.0 			415.173731
g3	 64 	 586.881496 			 0.0 			586.881496
g3	 65 	 415.173731 			 0.0 			415.173731
g3	 66 	 586.881496 			 0.0 			586.881496
g3	 67 	 415.173731 			 0.0 			415.173731
g3	 68 	 350.954412 			 0.0 			350.954412
g3	 69 	 350.954412 			 0.0 			350.954412
g3	 70 	 350.954412 			 0.0 			350.954412
g3	 71 	 347.80507 			 0.0 			347.80507
g3	 72 	 494.517228 			 0.0 			494.517228
g3	 73 	 329.947752 			 0.0 			329.947752
g3	 74 	 494.517228 			 0.0 			494.517228
g3	 75 	 350.954412 			 0.0 			350.954412
g3	 76 	 350.954412 			 0.0 			350.954412
g3	 77 	 522.662177 			 0.0 			522.662177
g3	 78 	 350.954412 			 0.0 			350.954412
g3	 79 	 350.954412 			 0.0 			350.954412
g3	 80 	 350.954412 			 0.0 			350.954412
g3	 81 	 350.954412 			 0.0 			350.954412
g3	 82 	 222.796187 			 0.0 			222.796187
g3	 83 	 350.954412 			 0.0 			350.954412
g3	 84 	 350.954412 			 0.0 			350.954412
g3	 85 	 222.796187 			 0.0 			222.796187
g3	 86 	 350.954412 			 0.0 			350.954412
g3	 87 	 350.954412 			 0.0 			350.954412
g3	 88 	 350.954412 			 0.0 			350.954412
g3	 89 	 350.954412 			 0.0 			350.954412
g3	 90 	 350.954412 			 0.0 			350.954412
g3	 91 	 259.849712 			 0.0 			259.849712
g3	 92 	 323.210591 			 0.0 			323.210591
g3	 93 	 0.0 			 0.0 			0.0
g3	 94 	 0.0 			 0.0 			0.0
g3	 95 	 0.0 			 0.0 			0.0
g3	 96 	 0.0 			 0.0 			0.0
----------------------------------------------------------------------------------------------------
g4	 1 	 0.0 			 0.0 			0.0
g4	 2 	 0.0 			 0.0 			0.0
g4	 3 	 0.0 			 0.0 			0.0
g4	 4 	 0.0 			 0.0 			0.0
g4	 5 	 0.0 			 0.0 			0.0
g4	 6 	 0.0 			 0.0 			0.0
g4	 7 	 0.0 			 0.0 			0.0
g4	 8 	 0.0 			 0.0 			0.0
g4	 9 	 0.0 			 0.0 			0.0
g4	 10 	 0.0 			 0.0 			0.0
g4	 11 	 0.0 			 0.0 			0.0
g4	 12 	 0.0 			 0.0 			0.0
g4	 13 	 0.0 			 0.0 			0.0
g4	 14 	 0.0 			 0.0 			0.0
g4	 15 	 0.0 			 0.0 			0.0
g4	 16 	 0.0 			 0.0 			0.0
g4	 17 	 0.0 			 0.0 			0.0
g4	 18 	 0.0 			 0.0 			0.0
g4	 19 	 0.0 			 0.0 			0.0
g4	 20 	 0.0 			 0.0 			0.0
g4	 21 	 0.0 			 0.0 			0.0
g4	 22 	 0.0 			 0.0 			0.0
g4	 23 	 0.0 			 0.0 			0.0
g4	 24 	 0.0 			 0.0 			0.0
g4	 25 	 0.0 			 0.0 			0.0
g4	 26 	 0.0 			 0.0 			0.0
g4	 27 	 0.0 			 0.0 			0.0
g4	 28 	 0.0 			 0.0 			0.0
g4	 29 	 0.0 			 0.0 			0.0
g4	 30 	 0.0 			 0.0 			0.0
g4	 31 	 0.0 			 0.0 			0.0
g4	 32 	 0.0 			 0.0 			0.0
g4	 33 	 0.0 			 0.0 			0.0
g4	 34 	 0.0 			 0.0 			0.0
g4	 35 	 0.0 			 0.0 			0.0
g4	 36 	 0.0 			 0.0 			0.0
g4	 37 	 0.0 			 0.0 			0.0
g4	 38 	 0.0 			 0.0 			0.0
g4	 39 	 0.0 			 0.0 			0.0
g4	 40 	 0.0 			 0.0 			0.0
g4	 41 	 0.0 			 0.0 			0.0
g4	 42 	 0.0 			 0.0 			0.0
g4	 43 	 0.0 			 0.0 			0.0
g4	 44 	 0.0 			 0.0 			0.0
g4	 45 	 0.0 			 0.0 			0.0
g4	 46 	 0.0 			 0.0 			0.0
g4	 47 	 0.0 			 0.0 			0.0
g4	 48 	 0.0 			 0.0 			0.0
g4	 49 	 0.0 			 0.0 			0.0
g4	 50 	 0.0 			 0.0 			0.0
g4	 51 	 0.0 			 0.0 			0.0
g4	 52 	 0.0 			 0.0 			0.0
g4	 53 	 0.0 			 0.0 			0.0
g4	 54 	 0.0 			 0.0 			0.0
g4	 55 	 0.0 			 0.0 			0.0
g4	 56 	 0.0 			 0.0 			0.0
g4	 57 	 0.0 			 0.0 			0.0
g4	 58 	 0.0 			 0.0 			0.0
g4	 59 	 0.0 			 0.0 			0.0
g4	 60 	 0.0 			 0.0 			0.0
g4	 61 	 0.0 			 0.0 			0.0
g4	 62 	 0.0 			 0.0 			0.0
g4	 63 	 0.0 			 0.0 			0.0
g4	 64 	 0.0 			 0.0 			0.0
g4	 65 	 0.0 			 0.0 			0.0
g4	 66 	 0.0 			 0.0 			0.0
g4	 67 	 0.0 			 0.0 			0.0
g4	 68 	 0.0 			 0.0 			0.0
g4	 69 	 0.0 			 0.0 			0.0
g4	 70 	 0.0 			 0.0 			0.0
g4	 71 	 0.0 			 0.0 			0.0
g4	 72 	 0.0 			 0.0 			0.0
g4	 73 	 0.0 			 0.0 			0.0
g4	 74 	 0.0 			 0.0 			0.0
g4	 75 	 0.0 			 0.0 			0.0
g4	 76 	 0.0 			 0.0 			0.0
g4	 77 	 0.0 			 0.0 			0.0
g4	 78 	 0.0 			 0.0 			0.0
g4	 79 	 0.0 			 0.0 			0.0
g4	 80 	 0.0 			 0.0 			0.0
g4	 81 	 0.0 			 0.0 			0.0
g4	 82 	 0.0 			 0.0 			0.0
g4	 83 	 0.0 			 0.0 			0.0
g4	 84 	 0.0 			 0.0 			0.0
g4	 85 	 0.0 			 0.0 			0.0
g4	 86 	 0.0 			 0.0 			0.0
g4	 87 	 0.0 			 0.0 			0.0
g4	 88 	 0.0 			 0.0 			0.0
g4	 89 	 0.0 			 0.0 			0.0
g4	 90 	 0.0 			 0.0 			0.0
g4	 91 	 0.0 			 0.0 			0.0
g4	 92 	 0.0 			 0.0 			0.0
g4	 93 	 0.0 			 0.0 			0.0
g4	 94 	 0.0 			 0.0 			0.0
g4	 95 	 0.0 			 0.0 			0.0
g4	 96 	 0.0 			 0.0 			0.0
----------------------------------------------------------------------------------------------------
g5	 1 	 0.0 			 0.0 			0.0
g5	 2 	 0.0 			 0.0 			0.0
g5	 3 	 0.0 			 0.0 			0.0
g5	 4 	 0.0 			 0.0 			0.0
g5	 5 	 348.846531 			 6821.79 			7170.636531
g5	 6 	 348.846531 			 0.0 			348.846531
g5	 7 	 348.846531 			 0.0 			348.846531
g5	 8 	 348.846531 			 0.0 			348.846531
g5	 9 	 213.96434 			 0.0 			213.96434
g5	 10 	 348.846531 			 0.0 			348.846531
g5	 11 	 348.846531 			 0.0 			348.846531
g5	 12 	 348.846531 			 0.0 			348.846531
g5	 13 	 348.846531 			 0.0 			348.846531
g5	 14 	 213.96434 			 0.0 			213.96434
g5	 15 	 348.846531 			 0.0 			348.846531
g5	 16 	 348.846531 			 0.0 			348.846531
g5	 17 	 348.846531 			 0.0 			348.846531
g5	 18 	 348.846531 			 0.0 			348.846531
g5	 19 	 348.846531 			 0.0 			348.846531
g5	 20 	 348.846531 			 0.0 			348.846531
g5	 21 	 348.846531 			 0.0 			348.846531
g5	 22 	 348.846531 			 0.0 			348.846531
g5	 23 	 348.846531 			 0.0 			348.846531
g5	 24 	 348.846531 			 0.0 			348.846531
g5	 25 	 348.846531 			 0.0 			348.846531
g5	 26 	 237.250952 			 0.0 			237.250952
g5	 27 	 348.846531 			 0.0 			348.846531
g5	 28 	 213.96434 			 0.0 			213.96434
g5	 29 	 348.846531 			 0.0 			348.846531
g5	 30 	 348.846531 			 0.0 			348.846531
g5	 31 	 213.96434 			 0.0 			213.96434
g5	 32 	 348.846531 			 0.0 			348.846531
g5	 33 	 310.080138 			 0.0 			310.080138
g5	 34 	 235.246547 			 0.0 			235.246547
g5	 35 	 348.846531 			 0.0 			348.846531
g5	 36 	 348.846531 			 0.0 			348.846531
g5	 37 	 348.846531 			 0.0 			348.846531
g5	 38 	 348.846531 			 0.0 			348.846531
g5	 39 	 348.846531 			 0.0 			348.846531
g5	 40 	 348.846531 			 0.0 			348.846531
g5	 41 	 348.846531 			 0.0 			348.846531
g5	 42 	 348.846531 			 0.0 			348.846531
g5	 43 	 213.96434 			 0.0 			213.96434
g5	 44 	 348.846531 			 0.0 			348.846531
g5	 45 	 348.846531 			 0.0 			348.846531
g5	 46 	 348.846531 			 0.0 			348.846531
g5	 47 	 224.76212 			 0.0 			224.76212
g5	 48 	 348.846531 			 0.0 			348.846531
g5	 49 	 348.846531 			 0.0 			348.846531
g5	 50 	 348.846531 			 0.0 			348.846531
g5	 51 	 348.846531 			 0.0 			348.846531
g5	 52 	 510.47856 			 0.0 			510.47856
g5	 53 	 348.846531 			 0.0 			348.846531
g5	 54 	 348.846531 			 0.0 			348.846531
g5	 55 	 348.846531 			 0.0 			348.846531
g5	 56 	 348.846531 			 0.0 			348.846531
g5	 57 	 348.846531 			 0.0 			348.846531
g5	 58 	 513.766082 			 0.0 			513.766082
g5	 59 	 348.846531 			 0.0 			348.846531
g5	 60 	 348.846531 			 0.0 			348.846531
g5	 61 	 413.130173 			 0.0 			413.130173
g5	 62 	 266.539783 			 0.0 			266.539783
g5	 63 	 413.130173 			 0.0 			413.130173
g5	 64 	 578.049724 			 0.0 			578.049724
g5	 65 	 413.130173 			 0.0 			413.130173
g5	 66 	 578.049724 			 0.0 			578.049724
g5	 67 	 413.130173 			 0.0 			413.130173
g5	 68 	 348.846531 			 0.0 			348.846531
g5	 69 	 348.846531 			 0.0 			348.846531
g5	 70 	 348.846531 			 0.0 			348.846531
g5	 71 	 348.846531 			 0.0 			348.846531
g5	 72 	 513.766082 			 0.0 			513.766082
g5	 73 	 348.846531 			 0.0 			348.846531
g5	 74 	 513.766082 			 0.0 			513.766082
g5	 75 	 513.766082 			 0.0 			513.766082
g5	 76 	 348.846531 			 0.0 			348.846531
g5	 77 	 513.766082 			 0.0 			513.766082
g5	 78 	 348.846531 			 0.0 			348.846531
g5	 79 	 348.846531 			 0.0 			348.846531
g5	 80 	 348.846531 			 0.0 			348.846531
g5	 81 	 348.846531 			 0.0 			348.846531
g5	 82 	 213.96434 			 0.0 			213.96434
g5	 83 	 348.846531 			 0.0 			348.846531
g5	 84 	 348.846531 			 0.0 			348.846531
g5	 85 	 213.96434 			 0.0 			213.96434
g5	 86 	 348.846531 			 0.0 			348.846531
g5	 87 	 387.85723 			 0.0 			387.85723
g5	 88 	 348.846531 			 0.0 			348.846531
g5	 89 	 348.846531 			 0.0 			348.846531
g5	 90 	 415.479048 			 0.0 			415.479048
g5	 91 	 268.46085 			 0.0 			268.46085
g5	 92 	 213.96434 			 0.0 			213.96434
g5	 93 	 348.846531 			 0.0 			348.846531
g5	 94 	 348.846531 			 0.0 			348.846531
g5	 95 	 348.846531 			 0.0 			348.846531
g5	 96 	 213.96434 			 0.0 			213.96434
----------------------------------------------------------------------------------------------------
 
unit 	 generation 	 generation cost 	 start-up cost 	 total cost
----------------------------------------------------------------------------------------------------
g1 	 6414.480990			238774.627310			 0.000000		 238774.627310
g2 	 623.395418			38064.922675			 10598.130000		 48663.052675
g3 	 277.835476			17725.536819			 4595.430000		 22320.966819
g4 	 0.000000			0.000000			 0.000000		 0.000000
g5 	 523.853039			32136.616291			 6821.790000		 38958.406291
----------------------------------------------------------------------------------------------------
 
generation cost 	 start-up cost 		 total cost
----------------------------------------------------------------------------------------------------
326701.7030949997 			 22015.35 			 348717.0530949995
----------------------------------------------------------------------------------------------------
uplift payment for generator g1: 813435.164634
uplift payment for generator g2: 0.0
uplift payment for generator g3: 0.0
uplift payment for generator g4: 0.0
uplift payment for generator g5: 0.0
 
****************************************************************************************************
 
rtm Systemwide prices
----------------------------------------------------------------------------------------------------
time	 energy 	 up-FRP 	 dw-FRP
----------------------------------------------------------------------------------------------------
1 	 2480.976822 		 0.0 		 0.0
2 	 2500.0 		 0.0 		 0.0
3 	 9.614507 		 0.0 		 0.0
4 	 9.408671 		 0.0 		 0.0
5 	 9.408671 		 0.0 		 0.0
6 	 9.408671 		 0.0 		 0.0
7 	 9.614507 		 0.0 		 0.0
8 	 2500.0 		 0.0 		 0.0
9 	 2481.182658 		 0.0 		 0.0
10 	 9.408671 		 0.0 		 0.0
11 	 9.408671 		 0.0 		 0.0
12 	 9.408671 		 0.0 		 0.0
13 	 2500.0 		 0.0 		 0.0
14 	 2481.182658 		 0.0 		 0.0
15 	 9.408671 		 0.0 		 0.0
16 	 9.257154 		 0.0 		 0.0
17 	 9.408671 		 0.0 		 0.0
18 	 9.408671 		 0.0 		 0.0
19 	 9.408671 		 0.0 		 0.0
20 	 9.408671 		 0.0 		 0.0
21 	 9.614507 		 0.0 		 0.0
22 	 9.408671 		 0.0 		 0.0
23 	 9.408671 		 0.0 		 0.0
24 	 9.408671 		 0.0 		 0.0
25 	 9.457625 		 0.0 		 0.0
26 	 9.014683 		 0.0 		 0.0
27 	 2500.0 		 0.0 		 0.0
28 	 2480.582833 		 0.0 		 0.0
29 	 9.614507 		 0.0 		 0.0
30 	 2500.0 		 0.0 		 0.0
31 	 2481.182658 		 0.0 		 0.0
32 	 9.408671 		 0.0 		 0.0
33 	 9.014683 		 0.0 		 0.0
34 	 9.014683 		 0.0 		 0.0
35 	 10.402484 		 0.0 		 0.0
36 	 9.614507 		 0.0 		 0.0
37 	 9.614507 		 0.0 		 0.0
38 	 9.614507 		 0.0 		 0.0
39 	 9.77139 		 0.0 		 0.0
40 	 9.457625 		 0.0 		 0.0
41 	 9.614507 		 0.0 		 0.0
42 	 9.614507 		 0.0 		 0.0
43 	 2480.770985 		 0.0 		 0.0
44 	 2500.0 		 0.0 		 0.0
45 	 9.614507 		 0.0 		 0.0
46 	 9.614507 		 0.0 		 0.0
47 	 9.014683 		 0.0 		 0.0
48 	 10.371214 		 0.0 		 0.0
49 	 9.457625 		 0.0 		 0.0
50 	 9.614507 		 0.0 		 0.0
51 	 9.614507 		 0.0 		 0.0
52 	 11.022192 		 0.0 		 0.0
53 	 9.614507 		 0.0 		 0.0
54 	 9.614507 		 0.0 		 0.0
55 	 9.614507 		 0.0 		 0.0
56 	 10.757244 		 0.0 		 0.0
57 	 2478.320232 		 0.0 		 0.0
58 	 2500.0 		 0.0 		 0.0
59 	 10.185876 		 0.0 		 0.0
60 	 9.878504 		 0.0 		 0.0
61 	 2500.0 		 0.0 		 0.0
62 	 4971.362314 		 0.0 		 0.0
63 	 2500.0 		 0.0 		 0.0
64 	 16.337237 		 0.0 		 0.0
65 	 9.614507 		 0.0 		 0.0
66 	 2500.0 		 0.0 		 0.0
67 	 2474.561463 		 0.0 		 0.0
68 	 9.614507 		 0.0 		 0.0
69 	 10.185876 		 0.0 		 0.0
70 	 10.185876 		 0.0 		 0.0
71 	 8.853763 		 0.0 		 0.0
72 	 2500.0 		 0.0 		 0.0
73 	 4967.421502 		 0.0 		 0.0
74 	 2500.0 		 0.0 		 0.0
75 	 11.493892 		 0.0 		 0.0
76 	 9.614507 		 0.0 		 0.0
77 	 2500.0 		 0.0 		 0.0
78 	 2477.748864 		 0.0 		 0.0
79 	 9.457625 		 0.0 		 0.0
80 	 9.614507 		 0.0 		 0.0
81 	 2500.0 		 0.0 		 0.0
82 	 4971.362314 		 0.0 		 0.0
83 	 2500.0 		 0.0 		 0.0
84 	 2500.0 		 0.0 		 0.0
85 	 2480.770985 		 0.0 		 0.0
86 	 9.614507 		 0.0 		 0.0
87 	 11.022192 		 0.0 		 0.0
88 	 9.614507 		 0.0 		 0.0
89 	 9.614507 		 0.0 		 0.0
90 	 11.183112 		 0.0 		 0.0
91 	 8.853763 		 0.0 		 0.0
92 	 8.853763 		 0.0 		 0.0
93 	 9.408671 		 0.0 		 0.0
94 	 9.408671 		 0.0 		 0.0
95 	 2500.0 		 0.0 		 0.0
96 	 2480.976822 		 0.0 		 0.0
 
****************************************************************************************************
 
rtm Post-uplift payments
----------------------------------------------------------------------------------------------------------------------------------------------------
unit 	 generation payment 	 up-FRP payment 	 dw-FRP payment 	pre-up t. payment 	 uplift payments 	 post-up t. payment 	 profit
----------------------------------------------------------------------------------------------------------------------------------------------------
 g1 	 -844138.210069			 0.000000			 0.000000			 -844138.210069			 813435.164634			 -30703.045435		 -0.000000
 g2 	 665525.027606			 0.000000			 0.000000			 665525.027606			 0.000000			 665525.027606		 639886.739773
 g3 	 138977.083977			 0.000000			 0.000000			 138977.083977			 0.000000			 138977.083977		 129865.523089
 g4 	 0.000000			 0.000000			 0.000000			 0.000000			 0.000000			 0.000000		 0.000000
 g5 	 47545.871180			 0.000000			 0.000000			 47545.871180			 0.000000			 47545.871180		 32933.680106
****************************************************************************************************
 
Total generator payments
----------------------------------------------------------------------------------------------------------------------------------------------------
unit 	 generation payment 	 up-FRP payment 	 dw-FRP payment 	pre-up t. payment 	 uplift payments 	 post-up t. payment 	 profit
----------------------------------------------------------------------------------------------------------------------------------------------------
 g1 	 -577170.663146			 2510.125822			 0.000000			 -574660.537324			 813435.164634			 238774.627310		 0.000000
 g2 	 687772.069892			 777.722556			 0.000000			 688549.792448			 0.000000			 688549.792448		 639886.739773
 g3 	 151584.488672			 602.001236			 0.000000			 152186.489908			 0.000000			 152186.489908		 129865.523089
 g4 	 0.000000			 0.000000			 0.000000			 0.000000			 0.000000			 0.000000		 0.000000
 g5 	 69324.855180			 2567.231217			 0.000000			 71892.086397			 0.000000			 71892.086397		 32933.680106
 
****************************************************************************************************
 
rtm LMP
----------------------------------------------------------------------------------------------------
bus name 	 time 		 LMP
----------------------------------------------------------------------------------------------------
b1 		 1 		 2480.976822
b1 		 2 		 2500.0
b1 		 3 		 9.614507
b1 		 4 		 9.408671
b1 		 5 		 9.408671
b1 		 6 		 9.408671
b1 		 7 		 9.614507
b1 		 8 		 2500.0
b1 		 9 		 2481.182658
b1 		 10 		 9.408671
b1 		 11 		 9.408671
b1 		 12 		 9.408671
b1 		 13 		 2500.0
b1 		 14 		 2481.182658
b1 		 15 		 9.408671
b1 		 16 		 9.257154
b1 		 17 		 9.408671
b1 		 18 		 9.408671
b1 		 19 		 9.408671
b1 		 20 		 9.408671
b1 		 21 		 9.614507
b1 		 22 		 9.408671
b1 		 23 		 9.408671
b1 		 24 		 9.408671
b1 		 25 		 9.457625
b1 		 26 		 9.014683
b1 		 27 		 2500.0
b1 		 28 		 2480.582833
b1 		 29 		 9.614507
b1 		 30 		 2500.0
b1 		 31 		 2481.182658
b1 		 32 		 9.408671
b1 		 33 		 9.014683
b1 		 34 		 9.014683
b1 		 35 		 10.402484
b1 		 36 		 9.614507
b1 		 37 		 9.614507
b1 		 38 		 9.614507
b1 		 39 		 9.77139
b1 		 40 		 9.457625
b1 		 41 		 9.614507
b1 		 42 		 9.614507
b1 		 43 		 2480.770985
b1 		 44 		 2500.0
b1 		 45 		 9.614507
b1 		 46 		 9.614507
b1 		 47 		 9.014683
b1 		 48 		 10.371214
b1 		 49 		 9.457625
b1 		 50 		 9.614507
b1 		 51 		 9.614507
b1 		 52 		 11.022192
b1 		 53 		 9.614507
b1 		 54 		 9.614507
b1 		 55 		 9.614507
b1 		 56 		 10.757244
b1 		 57 		 2478.320232
b1 		 58 		 2500.0
b1 		 59 		 10.185876
b1 		 60 		 9.878504
b1 		 61 		 2500.0
b1 		 62 		 4971.362314
b1 		 63 		 2500.0
b1 		 64 		 16.337237
b1 		 65 		 9.614507
b1 		 66 		 2500.0
b1 		 67 		 2474.561463
b1 		 68 		 9.614507
b1 		 69 		 10.185876
b1 		 70 		 10.185876
b1 		 71 		 8.853763
b1 		 72 		 2500.0
b1 		 73 		 4967.421502
b1 		 74 		 2500.0
b1 		 75 		 11.493892
b1 		 76 		 9.614507
b1 		 77 		 2500.0
b1 		 78 		 2477.748864
b1 		 79 		 9.457625
b1 		 80 		 9.614507
b1 		 81 		 2500.0
b1 		 82 		 4971.362314
b1 		 83 		 2500.0
b1 		 84 		 2500.0
b1 		 85 		 2480.770985
b1 		 86 		 9.614507
b1 		 87 		 11.022192
b1 		 88 		 9.614507
b1 		 89 		 9.614507
b1 		 90 		 11.183112
b1 		 91 		 8.853763
b1 		 92 		 8.853763
b1 		 93 		 9.408671
b1 		 94 		 9.408671
b1 		 95 		 2500.0
b1 		 96 		 2480.976822
----------------------------------------------------------------------------------------------------
b2 		 1 		 2480.976822
b2 		 2 		 2500.0
b2 		 3 		 9.614507
b2 		 4 		 9.408671
b2 		 5 		 9.408671
b2 		 6 		 9.408671
b2 		 7 		 9.614507
b2 		 8 		 2500.0
b2 		 9 		 2481.182658
b2 		 10 		 9.408671
b2 		 11 		 9.408671
b2 		 12 		 9.408671
b2 		 13 		 2500.0
b2 		 14 		 2481.182658
b2 		 15 		 9.408671
b2 		 16 		 9.257154
b2 		 17 		 9.408671
b2 		 18 		 9.408671
b2 		 19 		 9.408671
b2 		 20 		 9.408671
b2 		 21 		 9.614507
b2 		 22 		 9.408671
b2 		 23 		 9.408671
b2 		 24 		 9.408671
b2 		 25 		 9.457625
b2 		 26 		 9.014683
b2 		 27 		 2500.0
b2 		 28 		 2480.582833
b2 		 29 		 9.614507
b2 		 30 		 2500.0
b2 		 31 		 2481.182658
b2 		 32 		 9.408671
b2 		 33 		 9.014683
b2 		 34 		 9.014683
b2 		 35 		 10.402484
b2 		 36 		 9.614507
b2 		 37 		 9.614507
b2 		 38 		 9.614507
b2 		 39 		 9.77139
b2 		 40 		 9.457625
b2 		 41 		 9.614507
b2 		 42 		 9.614507
b2 		 43 		 2480.770985
b2 		 44 		 2500.0
b2 		 45 		 9.614507
b2 		 46 		 9.614507
b2 		 47 		 9.014683
b2 		 48 		 10.371214
b2 		 49 		 9.457625
b2 		 50 		 9.614507
b2 		 51 		 9.614507
b2 		 52 		 11.022192
b2 		 53 		 9.614507
b2 		 54 		 9.614507
b2 		 55 		 9.614507
b2 		 56 		 10.757244
b2 		 57 		 2478.320232
b2 		 58 		 2500.0
b2 		 59 		 10.185876
b2 		 60 		 9.878504
b2 		 61 		 2500.0
b2 		 62 		 4971.362314
b2 		 63 		 2500.0
b2 		 64 		 16.337237
b2 		 65 		 9.614507
b2 		 66 		 2500.0
b2 		 67 		 2474.561463
b2 		 68 		 9.614507
b2 		 69 		 10.185876
b2 		 70 		 10.185876
b2 		 71 		 8.853763
b2 		 72 		 2500.0
b2 		 73 		 4967.421502
b2 		 74 		 2500.0
b2 		 75 		 11.493892
b2 		 76 		 9.614507
b2 		 77 		 2500.0
b2 		 78 		 2477.748864
b2 		 79 		 9.457625
b2 		 80 		 9.614507
b2 		 81 		 2500.0
b2 		 82 		 4971.362314
b2 		 83 		 2500.0
b2 		 84 		 2500.0
b2 		 85 		 2480.770985
b2 		 86 		 9.614507
b2 		 87 		 11.022192
b2 		 88 		 9.614507
b2 		 89 		 9.614507
b2 		 90 		 11.183112
b2 		 91 		 8.853763
b2 		 92 		 8.853763
b2 		 93 		 9.408671
b2 		 94 		 9.408671
b2 		 95 		 2500.0
b2 		 96 		 2480.976822
----------------------------------------------------------------------------------------------------
b3 		 1 		 2480.976822
b3 		 2 		 2500.0
b3 		 3 		 9.614507
b3 		 4 		 9.408671
b3 		 5 		 9.408671
b3 		 6 		 9.408671
b3 		 7 		 9.614507
b3 		 8 		 2500.0
b3 		 9 		 2481.182658
b3 		 10 		 9.408671
b3 		 11 		 9.408671
b3 		 12 		 9.408671
b3 		 13 		 2500.0
b3 		 14 		 2481.182658
b3 		 15 		 9.408671
b3 		 16 		 9.257154
b3 		 17 		 9.408671
b3 		 18 		 9.408671
b3 		 19 		 9.408671
b3 		 20 		 9.408671
b3 		 21 		 9.614507
b3 		 22 		 9.408671
b3 		 23 		 9.408671
b3 		 24 		 9.408671
b3 		 25 		 9.457625
b3 		 26 		 9.014683
b3 		 27 		 2500.0
b3 		 28 		 2480.582833
b3 		 29 		 9.614507
b3 		 30 		 2500.0
b3 		 31 		 2481.182658
b3 		 32 		 9.408671
b3 		 33 		 9.014683
b3 		 34 		 9.014683
b3 		 35 		 10.402484
b3 		 36 		 9.614507
b3 		 37 		 9.614507
b3 		 38 		 9.614507
b3 		 39 		 9.77139
b3 		 40 		 9.457625
b3 		 41 		 9.614507
b3 		 42 		 9.614507
b3 		 43 		 2480.770985
b3 		 44 		 2500.0
b3 		 45 		 9.614507
b3 		 46 		 9.614507
b3 		 47 		 9.014683
b3 		 48 		 10.371214
b3 		 49 		 9.457625
b3 		 50 		 9.614507
b3 		 51 		 9.614507
b3 		 52 		 11.022192
b3 		 53 		 9.614507
b3 		 54 		 9.614507
b3 		 55 		 9.614507
b3 		 56 		 10.757244
b3 		 57 		 2478.320232
b3 		 58 		 2500.0
b3 		 59 		 10.185876
b3 		 60 		 9.878504
b3 		 61 		 2500.0
b3 		 62 		 4971.362314
b3 		 63 		 2500.0
b3 		 64 		 16.337237
b3 		 65 		 9.614507
b3 		 66 		 2500.0
b3 		 67 		 2474.561463
b3 		 68 		 9.614507
b3 		 69 		 10.185876
b3 		 70 		 10.185876
b3 		 71 		 8.853763
b3 		 72 		 2500.0
b3 		 73 		 4967.421502
b3 		 74 		 2500.0
b3 		 75 		 11.493892
b3 		 76 		 9.614507
b3 		 77 		 2500.0
b3 		 78 		 2477.748864
b3 		 79 		 9.457625
b3 		 80 		 9.614507
b3 		 81 		 2500.0
b3 		 82 		 4971.362314
b3 		 83 		 2500.0
b3 		 84 		 2500.0
b3 		 85 		 2480.770985
b3 		 86 		 9.614507
b3 		 87 		 11.022192
b3 		 88 		 9.614507
b3 		 89 		 9.614507
b3 		 90 		 11.183112
b3 		 91 		 8.853763
b3 		 92 		 8.853763
b3 		 93 		 9.408671
b3 		 94 		 9.408671
b3 		 95 		 2500.0
b3 		 96 		 2480.976822
----------------------------------------------------------------------------------------------------
b4 		 1 		 2480.976822
b4 		 2 		 2500.0
b4 		 3 		 9.614507
b4 		 4 		 9.408671
b4 		 5 		 9.408671
b4 		 6 		 9.408671
b4 		 7 		 9.614507
b4 		 8 		 2500.0
b4 		 9 		 2481.182658
b4 		 10 		 9.408671
b4 		 11 		 9.408671
b4 		 12 		 9.408671
b4 		 13 		 2500.0
b4 		 14 		 2481.182658
b4 		 15 		 9.408671
b4 		 16 		 9.257154
b4 		 17 		 9.408671
b4 		 18 		 9.408671
b4 		 19 		 9.408671
b4 		 20 		 9.408671
b4 		 21 		 9.614507
b4 		 22 		 9.408671
b4 		 23 		 9.408671
b4 		 24 		 9.408671
b4 		 25 		 9.457625
b4 		 26 		 9.014683
b4 		 27 		 2500.0
b4 		 28 		 2480.582833
b4 		 29 		 9.614507
b4 		 30 		 2500.0
b4 		 31 		 2481.182658
b4 		 32 		 9.408671
b4 		 33 		 9.014683
b4 		 34 		 9.014683
b4 		 35 		 10.402484
b4 		 36 		 9.614507
b4 		 37 		 9.614507
b4 		 38 		 9.614507
b4 		 39 		 9.77139
b4 		 40 		 9.457625
b4 		 41 		 9.614507
b4 		 42 		 9.614507
b4 		 43 		 2480.770985
b4 		 44 		 2500.0
b4 		 45 		 9.614507
b4 		 46 		 9.614507
b4 		 47 		 9.014683
b4 		 48 		 10.371214
b4 		 49 		 9.457625
b4 		 50 		 9.614507
b4 		 51 		 9.614507
b4 		 52 		 11.022192
b4 		 53 		 9.614507
b4 		 54 		 9.614507
b4 		 55 		 9.614507
b4 		 56 		 10.757244
b4 		 57 		 2478.320232
b4 		 58 		 2500.0
b4 		 59 		 10.185876
b4 		 60 		 9.878504
b4 		 61 		 2500.0
b4 		 62 		 4971.362314
b4 		 63 		 2500.0
b4 		 64 		 16.337237
b4 		 65 		 9.614507
b4 		 66 		 2500.0
b4 		 67 		 2474.561463
b4 		 68 		 9.614507
b4 		 69 		 10.185876
b4 		 70 		 10.185876
b4 		 71 		 8.853763
b4 		 72 		 2500.0
b4 		 73 		 4967.421502
b4 		 74 		 2500.0
b4 		 75 		 11.493892
b4 		 76 		 9.614507
b4 		 77 		 2500.0
b4 		 78 		 2477.748864
b4 		 79 		 9.457625
b4 		 80 		 9.614507
b4 		 81 		 2500.0
b4 		 82 		 4971.362314
b4 		 83 		 2500.0
b4 		 84 		 2500.0
b4 		 85 		 2480.770985
b4 		 86 		 9.614507
b4 		 87 		 11.022192
b4 		 88 		 9.614507
b4 		 89 		 9.614507
b4 		 90 		 11.183112
b4 		 91 		 8.853763
b4 		 92 		 8.853763
b4 		 93 		 9.408671
b4 		 94 		 9.408671
b4 		 95 		 2500.0
b4 		 96 		 2480.976822
----------------------------------------------------------------------------------------------------
b5 		 1 		 2480.976822
b5 		 2 		 2500.0
b5 		 3 		 9.614507
b5 		 4 		 9.408671
b5 		 5 		 9.408671
b5 		 6 		 9.408671
b5 		 7 		 9.614507
b5 		 8 		 2500.0
b5 		 9 		 2481.182658
b5 		 10 		 9.408671
b5 		 11 		 9.408671
b5 		 12 		 9.408671
b5 		 13 		 2500.0
b5 		 14 		 2481.182658
b5 		 15 		 9.408671
b5 		 16 		 9.257154
b5 		 17 		 9.408671
b5 		 18 		 9.408671
b5 		 19 		 9.408671
b5 		 20 		 9.408671
b5 		 21 		 9.614507
b5 		 22 		 9.408671
b5 		 23 		 9.408671
b5 		 24 		 9.408671
b5 		 25 		 9.457625
b5 		 26 		 9.014683
b5 		 27 		 2500.0
b5 		 28 		 2480.582833
b5 		 29 		 9.614507
b5 		 30 		 2500.0
b5 		 31 		 2481.182658
b5 		 32 		 9.408671
b5 		 33 		 9.014683
b5 		 34 		 9.014683
b5 		 35 		 10.402484
b5 		 36 		 9.614507
b5 		 37 		 9.614507
b5 		 38 		 9.614507
b5 		 39 		 9.77139
b5 		 40 		 9.457625
b5 		 41 		 9.614507
b5 		 42 		 9.614507
b5 		 43 		 2480.770985
b5 		 44 		 2500.0
b5 		 45 		 9.614507
b5 		 46 		 9.614507
b5 		 47 		 9.014683
b5 		 48 		 10.371214
b5 		 49 		 9.457625
b5 		 50 		 9.614507
b5 		 51 		 9.614507
b5 		 52 		 11.022192
b5 		 53 		 9.614507
b5 		 54 		 9.614507
b5 		 55 		 9.614507
b5 		 56 		 10.757244
b5 		 57 		 2478.320232
b5 		 58 		 2500.0
b5 		 59 		 10.185876
b5 		 60 		 9.878504
b5 		 61 		 2500.0
b5 		 62 		 4971.362314
b5 		 63 		 2500.0
b5 		 64 		 16.337237
b5 		 65 		 9.614507
b5 		 66 		 2500.0
b5 		 67 		 2474.561463
b5 		 68 		 9.614507
b5 		 69 		 10.185876
b5 		 70 		 10.185876
b5 		 71 		 8.853763
b5 		 72 		 2500.0
b5 		 73 		 4967.421502
b5 		 74 		 2500.0
b5 		 75 		 11.493892
b5 		 76 		 9.614507
b5 		 77 		 2500.0
b5 		 78 		 2477.748864
b5 		 79 		 9.457625
b5 		 80 		 9.614507
b5 		 81 		 2500.0
b5 		 82 		 4971.362314
b5 		 83 		 2500.0
b5 		 84 		 2500.0
b5 		 85 		 2480.770985
b5 		 86 		 9.614507
b5 		 87 		 11.022192
b5 		 88 		 9.614507
b5 		 89 		 9.614507
b5 		 90 		 11.183112
b5 		 91 		 8.853763
b5 		 92 		 8.853763
b5 		 93 		 9.408671
b5 		 94 		 9.408671
b5 		 95 		 2500.0
b5 		 96 		 2480.976822
----------------------------------------------------------------------------------------------------
b6 		 1 		 2480.976822
b6 		 2 		 2500.0
b6 		 3 		 9.614507
b6 		 4 		 9.408671
b6 		 5 		 9.408671
b6 		 6 		 9.408671
b6 		 7 		 9.614507
b6 		 8 		 2500.0
b6 		 9 		 2481.182658
b6 		 10 		 9.408671
b6 		 11 		 9.408671
b6 		 12 		 9.408671
b6 		 13 		 2500.0
b6 		 14 		 2481.182658
b6 		 15 		 9.408671
b6 		 16 		 9.257154
b6 		 17 		 9.408671
b6 		 18 		 9.408671
b6 		 19 		 9.408671
b6 		 20 		 9.408671
b6 		 21 		 9.614507
b6 		 22 		 9.408671
b6 		 23 		 9.408671
b6 		 24 		 9.408671
b6 		 25 		 9.457625
b6 		 26 		 9.014683
b6 		 27 		 2500.0
b6 		 28 		 2480.582833
b6 		 29 		 9.614507
b6 		 30 		 2500.0
b6 		 31 		 2481.182658
b6 		 32 		 9.408671
b6 		 33 		 9.014683
b6 		 34 		 9.014683
b6 		 35 		 10.402484
b6 		 36 		 9.614507
b6 		 37 		 9.614507
b6 		 38 		 9.614507
b6 		 39 		 9.77139
b6 		 40 		 9.457625
b6 		 41 		 9.614507
b6 		 42 		 9.614507
b6 		 43 		 2480.770985
b6 		 44 		 2500.0
b6 		 45 		 9.614507
b6 		 46 		 9.614507
b6 		 47 		 9.014683
b6 		 48 		 10.371214
b6 		 49 		 9.457625
b6 		 50 		 9.614507
b6 		 51 		 9.614507
b6 		 52 		 11.022192
b6 		 53 		 9.614507
b6 		 54 		 9.614507
b6 		 55 		 9.614507
b6 		 56 		 10.757244
b6 		 57 		 2478.320232
b6 		 58 		 2500.0
b6 		 59 		 10.185876
b6 		 60 		 9.878504
b6 		 61 		 2500.0
b6 		 62 		 4971.362314
b6 		 63 		 2500.0
b6 		 64 		 16.337237
b6 		 65 		 9.614507
b6 		 66 		 2500.0
b6 		 67 		 2474.561463
b6 		 68 		 9.614507
b6 		 69 		 10.185876
b6 		 70 		 10.185876
b6 		 71 		 8.853763
b6 		 72 		 2500.0
b6 		 73 		 4967.421502
b6 		 74 		 2500.0
b6 		 75 		 11.493892
b6 		 76 		 9.614507
b6 		 77 		 2500.0
b6 		 78 		 2477.748864
b6 		 79 		 9.457625
b6 		 80 		 9.614507
b6 		 81 		 2500.0
b6 		 82 		 4971.362314
b6 		 83 		 2500.0
b6 		 84 		 2500.0
b6 		 85 		 2480.770985
b6 		 86 		 9.614507
b6 		 87 		 11.022192
b6 		 88 		 9.614507
b6 		 89 		 9.614507
b6 		 90 		 11.183112
b6 		 91 		 8.853763
b6 		 92 		 8.853763
b6 		 93 		 9.408671
b6 		 94 		 9.408671
b6 		 95 		 2500.0
b6 		 96 		 2480.976822
----------------------------------------------------------------------------------------------------
b7 		 1 		 2480.976822
b7 		 2 		 2500.0
b7 		 3 		 9.614507
b7 		 4 		 9.408671
b7 		 5 		 9.408671
b7 		 6 		 9.408671
b7 		 7 		 9.614507
b7 		 8 		 2500.0
b7 		 9 		 2481.182658
b7 		 10 		 9.408671
b7 		 11 		 9.408671
b7 		 12 		 9.408671
b7 		 13 		 2500.0
b7 		 14 		 2481.182658
b7 		 15 		 9.408671
b7 		 16 		 9.257154
b7 		 17 		 9.408671
b7 		 18 		 9.408671
b7 		 19 		 9.408671
b7 		 20 		 9.408671
b7 		 21 		 9.614507
b7 		 22 		 9.408671
b7 		 23 		 9.408671
b7 		 24 		 9.408671
b7 		 25 		 9.457625
b7 		 26 		 9.014683
b7 		 27 		 2500.0
b7 		 28 		 2480.582833
b7 		 29 		 9.614507
b7 		 30 		 2500.0
b7 		 31 		 2481.182658
b7 		 32 		 9.408671
b7 		 33 		 9.014683
b7 		 34 		 9.014683
b7 		 35 		 10.402484
b7 		 36 		 9.614507
b7 		 37 		 9.614507
b7 		 38 		 9.614507
b7 		 39 		 9.77139
b7 		 40 		 9.457625
b7 		 41 		 9.614507
b7 		 42 		 9.614507
b7 		 43 		 2480.770985
b7 		 44 		 2500.0
b7 		 45 		 9.614507
b7 		 46 		 9.614507
b7 		 47 		 9.014683
b7 		 48 		 10.371214
b7 		 49 		 9.457625
b7 		 50 		 9.614507
b7 		 51 		 9.614507
b7 		 52 		 11.022192
b7 		 53 		 9.614507
b7 		 54 		 9.614507
b7 		 55 		 9.614507
b7 		 56 		 10.757244
b7 		 57 		 2478.320232
b7 		 58 		 2500.0
b7 		 59 		 10.185876
b7 		 60 		 9.878504
b7 		 61 		 2500.0
b7 		 62 		 4971.362314
b7 		 63 		 2500.0
b7 		 64 		 16.337237
b7 		 65 		 9.614507
b7 		 66 		 2500.0
b7 		 67 		 2474.561463
b7 		 68 		 9.614507
b7 		 69 		 10.185876
b7 		 70 		 10.185876
b7 		 71 		 8.853763
b7 		 72 		 2500.0
b7 		 73 		 4967.421502
b7 		 74 		 2500.0
b7 		 75 		 11.493892
b7 		 76 		 9.614507
b7 		 77 		 2500.0
b7 		 78 		 2477.748864
b7 		 79 		 9.457625
b7 		 80 		 9.614507
b7 		 81 		 2500.0
b7 		 82 		 4971.362314
b7 		 83 		 2500.0
b7 		 84 		 2500.0
b7 		 85 		 2480.770985
b7 		 86 		 9.614507
b7 		 87 		 11.022192
b7 		 88 		 9.614507
b7 		 89 		 9.614507
b7 		 90 		 11.183112
b7 		 91 		 8.853763
b7 		 92 		 8.853763
b7 		 93 		 9.408671
b7 		 94 		 9.408671
b7 		 95 		 2500.0
b7 		 96 		 2480.976822
----------------------------------------------------------------------------------------------------
b8 		 1 		 2480.976822
b8 		 2 		 2500.0
b8 		 3 		 9.614507
b8 		 4 		 9.408671
b8 		 5 		 9.408671
b8 		 6 		 9.408671
b8 		 7 		 9.614507
b8 		 8 		 2500.0
b8 		 9 		 2481.182658
b8 		 10 		 9.408671
b8 		 11 		 9.408671
b8 		 12 		 9.408671
b8 		 13 		 2500.0
b8 		 14 		 2481.182658
b8 		 15 		 9.408671
b8 		 16 		 9.257154
b8 		 17 		 9.408671
b8 		 18 		 9.408671
b8 		 19 		 9.408671
b8 		 20 		 9.408671
b8 		 21 		 9.614507
b8 		 22 		 9.408671
b8 		 23 		 9.408671
b8 		 24 		 9.408671
b8 		 25 		 9.457625
b8 		 26 		 9.014683
b8 		 27 		 2500.0
b8 		 28 		 2480.582833
b8 		 29 		 9.614507
b8 		 30 		 2500.0
b8 		 31 		 2481.182658
b8 		 32 		 9.408671
b8 		 33 		 9.014683
b8 		 34 		 9.014683
b8 		 35 		 10.402484
b8 		 36 		 9.614507
b8 		 37 		 9.614507
b8 		 38 		 9.614507
b8 		 39 		 9.77139
b8 		 40 		 9.457625
b8 		 41 		 9.614507
b8 		 42 		 9.614507
b8 		 43 		 2480.770985
b8 		 44 		 2500.0
b8 		 45 		 9.614507
b8 		 46 		 9.614507
b8 		 47 		 9.014683
b8 		 48 		 10.371214
b8 		 49 		 9.457625
b8 		 50 		 9.614507
b8 		 51 		 9.614507
b8 		 52 		 11.022192
b8 		 53 		 9.614507
b8 		 54 		 9.614507
b8 		 55 		 9.614507
b8 		 56 		 10.757244
b8 		 57 		 2478.320232
b8 		 58 		 2500.0
b8 		 59 		 10.185876
b8 		 60 		 9.878504
b8 		 61 		 2500.0
b8 		 62 		 4971.362314
b8 		 63 		 2500.0
b8 		 64 		 16.337237
b8 		 65 		 9.614507
b8 		 66 		 2500.0
b8 		 67 		 2474.561463
b8 		 68 		 9.614507
b8 		 69 		 10.185876
b8 		 70 		 10.185876
b8 		 71 		 8.853763
b8 		 72 		 2500.0
b8 		 73 		 4967.421502
b8 		 74 		 2500.0
b8 		 75 		 11.493892
b8 		 76 		 9.614507
b8 		 77 		 2500.0
b8 		 78 		 2477.748864
b8 		 79 		 9.457625
b8 		 80 		 9.614507
b8 		 81 		 2500.0
b8 		 82 		 4971.362314
b8 		 83 		 2500.0
b8 		 84 		 2500.0
b8 		 85 		 2480.770985
b8 		 86 		 9.614507
b8 		 87 		 11.022192
b8 		 88 		 9.614507
b8 		 89 		 9.614507
b8 		 90 		 11.183112
b8 		 91 		 8.853763
b8 		 92 		 8.853763
b8 		 93 		 9.408671
b8 		 94 		 9.408671
b8 		 95 		 2500.0
b8 		 96 		 2480.976822
----------------------------------------------------------------------------------------------------
b9 		 1 		 2480.976822
b9 		 2 		 2500.0
b9 		 3 		 9.614507
b9 		 4 		 9.408671
b9 		 5 		 9.408671
b9 		 6 		 9.408671
b9 		 7 		 9.614507
b9 		 8 		 2500.0
b9 		 9 		 2481.182658
b9 		 10 		 9.408671
b9 		 11 		 9.408671
b9 		 12 		 9.408671
b9 		 13 		 2500.0
b9 		 14 		 2481.182658
b9 		 15 		 9.408671
b9 		 16 		 9.257154
b9 		 17 		 9.408671
b9 		 18 		 9.408671
b9 		 19 		 9.408671
b9 		 20 		 9.408671
b9 		 21 		 9.614507
b9 		 22 		 9.408671
b9 		 23 		 9.408671
b9 		 24 		 9.408671
b9 		 25 		 9.457625
b9 		 26 		 9.014683
b9 		 27 		 2500.0
b9 		 28 		 2480.582833
b9 		 29 		 9.614507
b9 		 30 		 2500.0
b9 		 31 		 2481.182658
b9 		 32 		 9.408671
b9 		 33 		 9.014683
b9 		 34 		 9.014683
b9 		 35 		 10.402484
b9 		 36 		 9.614507
b9 		 37 		 9.614507
b9 		 38 		 9.614507
b9 		 39 		 9.77139
b9 		 40 		 9.457625
b9 		 41 		 9.614507
b9 		 42 		 9.614507
b9 		 43 		 2480.770985
b9 		 44 		 2500.0
b9 		 45 		 9.614507
b9 		 46 		 9.614507
b9 		 47 		 9.014683
b9 		 48 		 10.371214
b9 		 49 		 9.457625
b9 		 50 		 9.614507
b9 		 51 		 9.614507
b9 		 52 		 11.022192
b9 		 53 		 9.614507
b9 		 54 		 9.614507
b9 		 55 		 9.614507
b9 		 56 		 10.757244
b9 		 57 		 2478.320232
b9 		 58 		 2500.0
b9 		 59 		 10.185876
b9 		 60 		 9.878504
b9 		 61 		 2500.0
b9 		 62 		 4971.362314
b9 		 63 		 2500.0
b9 		 64 		 16.337237
b9 		 65 		 9.614507
b9 		 66 		 2500.0
b9 		 67 		 2474.561463
b9 		 68 		 9.614507
b9 		 69 		 10.185876
b9 		 70 		 10.185876
b9 		 71 		 8.853763
b9 		 72 		 2500.0
b9 		 73 		 4967.421502
b9 		 74 		 2500.0
b9 		 75 		 11.493892
b9 		 76 		 9.614507
b9 		 77 		 2500.0
b9 		 78 		 2477.748864
b9 		 79 		 9.457625
b9 		 80 		 9.614507
b9 		 81 		 2500.0
b9 		 82 		 4971.362314
b9 		 83 		 2500.0
b9 		 84 		 2500.0
b9 		 85 		 2480.770985
b9 		 86 		 9.614507
b9 		 87 		 11.022192
b9 		 88 		 9.614507
b9 		 89 		 9.614507
b9 		 90 		 11.183112
b9 		 91 		 8.853763
b9 		 92 		 8.853763
b9 		 93 		 9.408671
b9 		 94 		 9.408671
b9 		 95 		 2500.0
b9 		 96 		 2480.976822
----------------------------------------------------------------------------------------------------
b10 		 1 		 2480.976822
b10 		 2 		 2500.0
b10 		 3 		 9.614507
b10 		 4 		 9.408671
b10 		 5 		 9.408671
b10 		 6 		 9.408671
b10 		 7 		 9.614507
b10 		 8 		 2500.0
b10 		 9 		 2481.182658
b10 		 10 		 9.408671
b10 		 11 		 9.408671
b10 		 12 		 9.408671
b10 		 13 		 2500.0
b10 		 14 		 2481.182658
b10 		 15 		 9.408671
b10 		 16 		 9.257154
b10 		 17 		 9.408671
b10 		 18 		 9.408671
b10 		 19 		 9.408671
b10 		 20 		 9.408671
b10 		 21 		 9.614507
b10 		 22 		 9.408671
b10 		 23 		 9.408671
b10 		 24 		 9.408671
b10 		 25 		 9.457625
b10 		 26 		 9.014683
b10 		 27 		 2500.0
b10 		 28 		 2480.582833
b10 		 29 		 9.614507
b10 		 30 		 2500.0
b10 		 31 		 2481.182658
b10 		 32 		 9.408671
b10 		 33 		 9.014683
b10 		 34 		 9.014683
b10 		 35 		 10.402484
b10 		 36 		 9.614507
b10 		 37 		 9.614507
b10 		 38 		 9.614507
b10 		 39 		 9.77139
b10 		 40 		 9.457625
b10 		 41 		 9.614507
b10 		 42 		 9.614507
b10 		 43 		 2480.770985
b10 		 44 		 2500.0
b10 		 45 		 9.614507
b10 		 46 		 9.614507
b10 		 47 		 9.014683
b10 		 48 		 10.371214
b10 		 49 		 9.457625
b10 		 50 		 9.614507
b10 		 51 		 9.614507
b10 		 52 		 11.022192
b10 		 53 		 9.614507
b10 		 54 		 9.614507
b10 		 55 		 9.614507
b10 		 56 		 10.757244
b10 		 57 		 2478.320232
b10 		 58 		 2500.0
b10 		 59 		 10.185876
b10 		 60 		 9.878504
b10 		 61 		 2500.0
b10 		 62 		 4971.362314
b10 		 63 		 2500.0
b10 		 64 		 16.337237
b10 		 65 		 9.614507
b10 		 66 		 2500.0
b10 		 67 		 2474.561463
b10 		 68 		 9.614507
b10 		 69 		 10.185876
b10 		 70 		 10.185876
b10 		 71 		 8.853763
b10 		 72 		 2500.0
b10 		 73 		 4967.421502
b10 		 74 		 2500.0
b10 		 75 		 11.493892
b10 		 76 		 9.614507
b10 		 77 		 2500.0
b10 		 78 		 2477.748864
b10 		 79 		 9.457625
b10 		 80 		 9.614507
b10 		 81 		 2500.0
b10 		 82 		 4971.362314
b10 		 83 		 2500.0
b10 		 84 		 2500.0
b10 		 85 		 2480.770985
b10 		 86 		 9.614507
b10 		 87 		 11.022192
b10 		 88 		 9.614507
b10 		 89 		 9.614507
b10 		 90 		 11.183112
b10 		 91 		 8.853763
b10 		 92 		 8.853763
b10 		 93 		 9.408671
b10 		 94 		 9.408671
b10 		 95 		 2500.0
b10 		 96 		 2480.976822
----------------------------------------------------------------------------------------------------
b11 		 1 		 2480.976822
b11 		 2 		 2500.0
b11 		 3 		 9.614507
b11 		 4 		 9.408671
b11 		 5 		 9.408671
b11 		 6 		 9.408671
b11 		 7 		 9.614507
b11 		 8 		 2500.0
b11 		 9 		 2481.182658
b11 		 10 		 9.408671
b11 		 11 		 9.408671
b11 		 12 		 9.408671
b11 		 13 		 2500.0
b11 		 14 		 2481.182658
b11 		 15 		 9.408671
b11 		 16 		 9.257154
b11 		 17 		 9.408671
b11 		 18 		 9.408671
b11 		 19 		 9.408671
b11 		 20 		 9.408671
b11 		 21 		 9.614507
b11 		 22 		 9.408671
b11 		 23 		 9.408671
b11 		 24 		 9.408671
b11 		 25 		 9.457625
b11 		 26 		 9.014683
b11 		 27 		 2500.0
b11 		 28 		 2480.582833
b11 		 29 		 9.614507
b11 		 30 		 2500.0
b11 		 31 		 2481.182658
b11 		 32 		 9.408671
b11 		 33 		 9.014683
b11 		 34 		 9.014683
b11 		 35 		 10.402484
b11 		 36 		 9.614507
b11 		 37 		 9.614507
b11 		 38 		 9.614507
b11 		 39 		 9.77139
b11 		 40 		 9.457625
b11 		 41 		 9.614507
b11 		 42 		 9.614507
b11 		 43 		 2480.770985
b11 		 44 		 2500.0
b11 		 45 		 9.614507
b11 		 46 		 9.614507
b11 		 47 		 9.014683
b11 		 48 		 10.371214
b11 		 49 		 9.457625
b11 		 50 		 9.614507
b11 		 51 		 9.614507
b11 		 52 		 11.022192
b11 		 53 		 9.614507
b11 		 54 		 9.614507
b11 		 55 		 9.614507
b11 		 56 		 10.757244
b11 		 57 		 2478.320232
b11 		 58 		 2500.0
b11 		 59 		 10.185876
b11 		 60 		 9.878504
b11 		 61 		 2500.0
b11 		 62 		 4971.362314
b11 		 63 		 2500.0
b11 		 64 		 16.337237
b11 		 65 		 9.614507
b11 		 66 		 2500.0
b11 		 67 		 2474.561463
b11 		 68 		 9.614507
b11 		 69 		 10.185876
b11 		 70 		 10.185876
b11 		 71 		 8.853763
b11 		 72 		 2500.0
b11 		 73 		 4967.421502
b11 		 74 		 2500.0
b11 		 75 		 11.493892
b11 		 76 		 9.614507
b11 		 77 		 2500.0
b11 		 78 		 2477.748864
b11 		 79 		 9.457625
b11 		 80 		 9.614507
b11 		 81 		 2500.0
b11 		 82 		 4971.362314
b11 		 83 		 2500.0
b11 		 84 		 2500.0
b11 		 85 		 2480.770985
b11 		 86 		 9.614507
b11 		 87 		 11.022192
b11 		 88 		 9.614507
b11 		 89 		 9.614507
b11 		 90 		 11.183112
b11 		 91 		 8.853763
b11 		 92 		 8.853763
b11 		 93 		 9.408671
b11 		 94 		 9.408671
b11 		 95 		 2500.0
b11 		 96 		 2480.976822
----------------------------------------------------------------------------------------------------
b12 		 1 		 2480.976822
b12 		 2 		 2500.0
b12 		 3 		 9.614507
b12 		 4 		 9.408671
b12 		 5 		 9.408671
b12 		 6 		 9.408671
b12 		 7 		 9.614507
b12 		 8 		 2500.0
b12 		 9 		 2481.182658
b12 		 10 		 9.408671
b12 		 11 		 9.408671
b12 		 12 		 9.408671
b12 		 13 		 2500.0
b12 		 14 		 2481.182658
b12 		 15 		 9.408671
b12 		 16 		 9.257154
b12 		 17 		 9.408671
b12 		 18 		 9.408671
b12 		 19 		 9.408671
b12 		 20 		 9.408671
b12 		 21 		 9.614507
b12 		 22 		 9.408671
b12 		 23 		 9.408671
b12 		 24 		 9.408671
b12 		 25 		 9.457625
b12 		 26 		 9.014683
b12 		 27 		 2500.0
b12 		 28 		 2480.582833
b12 		 29 		 9.614507
b12 		 30 		 2500.0
b12 		 31 		 2481.182658
b12 		 32 		 9.408671
b12 		 33 		 9.014683
b12 		 34 		 9.014683
b12 		 35 		 10.402484
b12 		 36 		 9.614507
b12 		 37 		 9.614507
b12 		 38 		 9.614507
b12 		 39 		 9.77139
b12 		 40 		 9.457625
b12 		 41 		 9.614507
b12 		 42 		 9.614507
b12 		 43 		 2480.770985
b12 		 44 		 2500.0
b12 		 45 		 9.614507
b12 		 46 		 9.614507
b12 		 47 		 9.014683
b12 		 48 		 10.371214
b12 		 49 		 9.457625
b12 		 50 		 9.614507
b12 		 51 		 9.614507
b12 		 52 		 11.022192
b12 		 53 		 9.614507
b12 		 54 		 9.614507
b12 		 55 		 9.614507
b12 		 56 		 10.757244
b12 		 57 		 2478.320232
b12 		 58 		 2500.0
b12 		 59 		 10.185876
b12 		 60 		 9.878504
b12 		 61 		 2500.0
b12 		 62 		 4971.362314
b12 		 63 		 2500.0
b12 		 64 		 16.337237
b12 		 65 		 9.614507
b12 		 66 		 2500.0
b12 		 67 		 2474.561463
b12 		 68 		 9.614507
b12 		 69 		 10.185876
b12 		 70 		 10.185876
b12 		 71 		 8.853763
b12 		 72 		 2500.0
b12 		 73 		 4967.421502
b12 		 74 		 2500.0
b12 		 75 		 11.493892
b12 		 76 		 9.614507
b12 		 77 		 2500.0
b12 		 78 		 2477.748864
b12 		 79 		 9.457625
b12 		 80 		 9.614507
b12 		 81 		 2500.0
b12 		 82 		 4971.362314
b12 		 83 		 2500.0
b12 		 84 		 2500.0
b12 		 85 		 2480.770985
b12 		 86 		 9.614507
b12 		 87 		 11.022192
b12 		 88 		 9.614507
b12 		 89 		 9.614507
b12 		 90 		 11.183112
b12 		 91 		 8.853763
b12 		 92 		 8.853763
b12 		 93 		 9.408671
b12 		 94 		 9.408671
b12 		 95 		 2500.0
b12 		 96 		 2480.976822
----------------------------------------------------------------------------------------------------
b13 		 1 		 2480.976822
b13 		 2 		 2500.0
b13 		 3 		 9.614507
b13 		 4 		 9.408671
b13 		 5 		 9.408671
b13 		 6 		 9.408671
b13 		 7 		 9.614507
b13 		 8 		 2500.0
b13 		 9 		 2481.182658
b13 		 10 		 9.408671
b13 		 11 		 9.408671
b13 		 12 		 9.408671
b13 		 13 		 2500.0
b13 		 14 		 2481.182658
b13 		 15 		 9.408671
b13 		 16 		 9.257154
b13 		 17 		 9.408671
b13 		 18 		 9.408671
b13 		 19 		 9.408671
b13 		 20 		 9.408671
b13 		 21 		 9.614507
b13 		 22 		 9.408671
b13 		 23 		 9.408671
b13 		 24 		 9.408671
b13 		 25 		 9.457625
b13 		 26 		 9.014683
b13 		 27 		 2500.0
b13 		 28 		 2480.582833
b13 		 29 		 9.614507
b13 		 30 		 2500.0
b13 		 31 		 2481.182658
b13 		 32 		 9.408671
b13 		 33 		 9.014683
b13 		 34 		 9.014683
b13 		 35 		 10.402484
b13 		 36 		 9.614507
b13 		 37 		 9.614507
b13 		 38 		 9.614507
b13 		 39 		 9.77139
b13 		 40 		 9.457625
b13 		 41 		 9.614507
b13 		 42 		 9.614507
b13 		 43 		 2480.770985
b13 		 44 		 2500.0
b13 		 45 		 9.614507
b13 		 46 		 9.614507
b13 		 47 		 9.014683
b13 		 48 		 10.371214
b13 		 49 		 9.457625
b13 		 50 		 9.614507
b13 		 51 		 9.614507
b13 		 52 		 11.022192
b13 		 53 		 9.614507
b13 		 54 		 9.614507
b13 		 55 		 9.614507
b13 		 56 		 10.757244
b13 		 57 		 2478.320232
b13 		 58 		 2500.0
b13 		 59 		 10.185876
b13 		 60 		 9.878504
b13 		 61 		 2500.0
b13 		 62 		 4971.362314
b13 		 63 		 2500.0
b13 		 64 		 16.337237
b13 		 65 		 9.614507
b13 		 66 		 2500.0
b13 		 67 		 2474.561463
b13 		 68 		 9.614507
b13 		 69 		 10.185876
b13 		 70 		 10.185876
b13 		 71 		 8.853763
b13 		 72 		 2500.0
b13 		 73 		 4967.421502
b13 		 74 		 2500.0
b13 		 75 		 11.493892
b13 		 76 		 9.614507
b13 		 77 		 2500.0
b13 		 78 		 2477.748864
b13 		 79 		 9.457625
b13 		 80 		 9.614507
b13 		 81 		 2500.0
b13 		 82 		 4971.362314
b13 		 83 		 2500.0
b13 		 84 		 2500.0
b13 		 85 		 2480.770985
b13 		 86 		 9.614507
b13 		 87 		 11.022192
b13 		 88 		 9.614507
b13 		 89 		 9.614507
b13 		 90 		 11.183112
b13 		 91 		 8.853763
b13 		 92 		 8.853763
b13 		 93 		 9.408671
b13 		 94 		 9.408671
b13 		 95 		 2500.0
b13 		 96 		 2480.976822
----------------------------------------------------------------------------------------------------
b14 		 1 		 2480.976822
b14 		 2 		 2500.0
b14 		 3 		 9.614507
b14 		 4 		 9.408671
b14 		 5 		 9.408671
b14 		 6 		 9.408671
b14 		 7 		 9.614507
b14 		 8 		 2500.0
b14 		 9 		 2481.182658
b14 		 10 		 9.408671
b14 		 11 		 9.408671
b14 		 12 		 9.408671
b14 		 13 		 2500.0
b14 		 14 		 2481.182658
b14 		 15 		 9.408671
b14 		 16 		 9.257154
b14 		 17 		 9.408671
b14 		 18 		 9.408671
b14 		 19 		 9.408671
b14 		 20 		 9.408671
b14 		 21 		 9.614507
b14 		 22 		 9.408671
b14 		 23 		 9.408671
b14 		 24 		 9.408671
b14 		 25 		 9.457625
b14 		 26 		 9.014683
b14 		 27 		 2500.0
b14 		 28 		 2480.582833
b14 		 29 		 9.614507
b14 		 30 		 2500.0
b14 		 31 		 2481.182658
b14 		 32 		 9.408671
b14 		 33 		 9.014683
b14 		 34 		 9.014683
b14 		 35 		 10.402484
b14 		 36 		 9.614507
b14 		 37 		 9.614507
b14 		 38 		 9.614507
b14 		 39 		 9.77139
b14 		 40 		 9.457625
b14 		 41 		 9.614507
b14 		 42 		 9.614507
b14 		 43 		 2480.770985
b14 		 44 		 2500.0
b14 		 45 		 9.614507
b14 		 46 		 9.614507
b14 		 47 		 9.014683
b14 		 48 		 10.371214
b14 		 49 		 9.457625
b14 		 50 		 9.614507
b14 		 51 		 9.614507
b14 		 52 		 11.022192
b14 		 53 		 9.614507
b14 		 54 		 9.614507
b14 		 55 		 9.614507
b14 		 56 		 10.757244
b14 		 57 		 2478.320232
b14 		 58 		 2500.0
b14 		 59 		 10.185876
b14 		 60 		 9.878504
b14 		 61 		 2500.0
b14 		 62 		 4971.362314
b14 		 63 		 2500.0
b14 		 64 		 16.337237
b14 		 65 		 9.614507
b14 		 66 		 2500.0
b14 		 67 		 2474.561463
b14 		 68 		 9.614507
b14 		 69 		 10.185876
b14 		 70 		 10.185876
b14 		 71 		 8.853763
b14 		 72 		 2500.0
b14 		 73 		 4967.421502
b14 		 74 		 2500.0
b14 		 75 		 11.493892
b14 		 76 		 9.614507
b14 		 77 		 2500.0
b14 		 78 		 2477.748864
b14 		 79 		 9.457625
b14 		 80 		 9.614507
b14 		 81 		 2500.0
b14 		 82 		 4971.362314
b14 		 83 		 2500.0
b14 		 84 		 2500.0
b14 		 85 		 2480.770985
b14 		 86 		 9.614507
b14 		 87 		 11.022192
b14 		 88 		 9.614507
b14 		 89 		 9.614507
b14 		 90 		 11.183112
b14 		 91 		 8.853763
b14 		 92 		 8.853763
b14 		 93 		 9.408671
b14 		 94 		 9.408671
b14 		 95 		 2500.0
b14 		 96 		 2480.976822
----------------------------------------------------------------------------------------------------
Total overall payments
----------------------------------------------------------------------------------------------------------------------------------------------------
total generation payment 	 total up-FRP payment 	 total dw-FRP payment 	 total pre-up t. payment 	 uplift payment 	 total post-up t. payment 	 profit
----------------------------------------------------------------------------------------------------------------------------------------------------
331510.75059799996 			 6457.080831 			 0.0 			 337967.83142899995			 813435.164634 			 1.151402996063e6 			 802685.942968
