****************************************************************************************************
 
Generation payment
----------------------------------------------------------------------------------------------------------------
unit	 time 	 generation payment 	 up-FRP payment 	 dw-FRP payment 	pre-up total payment
----------------------------------------------------------------------------------------------------------------
g1	 1 	 196.30959 			 0.0 			 0.0			 196.30959 
g1	 2 	 166.378063 			 0.0 			 0.0			 166.378063 
g1	 3 	 232.591865 			 0.0 			 0.0			 232.591865 
g1	 4 	 139.989635 			 0.0 			 0.0			 139.989635 
g1	 5 	 13.070168 			 0.0 			 0.0			 13.070168 
g1	 6 	 290.030093 			 0.0 			 0.0			 290.030093 
g1	 7 	 11.451246 			 0.0 			 0.0			 11.451246 
g1	 8 	 290.173058 			 0.0 			 0.0			 290.173058 
g1	 9 	 170.036259 			 0.0 			 0.0			 170.036259 
g1	 10 	 138.144026 			 0.0 			 0.0			 138.144026 
g1	 11 	 207.204047 			 0.0 			 0.0			 207.204047 
g1	 12 	 128.040063 			 0.0 			 0.0			 128.040063 
g1	 13 	 214.816697 			 0.0 			 0.0			 214.816697 
g1	 14 	 94.483605 			 0.0 			 0.0			 94.483605 
g1	 15 	 222.32189 			 0.0 			 0.0			 222.32189 
g1	 16 	 106.088204 			 0.0 			 0.0			 106.088204 
g1	 17 	 245.613422 			 0.0 			 0.0			 245.613422 
g1	 18 	 78.028131 			 0.0 			 0.0			 78.028131 
g1	 19 	 218.859593 			 0.0 			 0.0			 218.859593 
g1	 20 	 61.520496 			 0.0 			 0.0			 61.520496 
g1	 21 	 180.725704 			 0.0 			 0.0			 180.725704 
g1	 22 	 158.103834 			 0.0 			 0.0			 158.103834 
g1	 23 	 174.880464 			 0.0 			 0.0			 174.880464 
g1	 24 	 192.756384 			 0.0 			 0.0			 192.756384 
g1	 25 	 110.953352 			 0.0 			 0.0			 110.953352 
g1	 26 	 141.619306 			 0.0 			 0.0			 141.619306 
g1	 27 	 145.229912 			 0.0 			 0.0			 145.229912 
g1	 28 	 196.907188 			 0.0 			 0.0			 196.907188 
g1	 29 	 254.42217 			 0.0 			 0.0			 254.42217 
g1	 30 	 69.730173 			 0.0 			 0.0			 69.730173 
g1	 31 	 228.302036 			 0.0 			 0.0			 228.302036 
g1	 32 	 52.979398 			 0.0 			 0.0			 52.979398 
g1	 33 	 166.740934 			 0.0 			 0.0			 166.740934 
g1	 34 	 158.64424 			 0.0 			 0.0			 158.64424 
g1	 35 	 166.957318 			 0.0 			 0.0			 166.957318 
g1	 36 	 173.703904 			 0.0 			 0.0			 173.703904 
g1	 37 	 59.309557 			 0.0 			 0.0			 59.309557 
g1	 38 	 229.192656 			 0.0 			 0.0			 229.192656 
g1	 39 	 76.89575 			 0.0 			 0.0			 76.89575 
g1	 40 	 187.410134 			 0.0 			 0.0			 187.410134 
g1	 41 	 137.444396 			 0.0 			 0.0			 137.444396 
g1	 42 	 155.842909 			 0.0 			 0.0			 155.842909 
g1	 43 	 165.129023 			 0.0 			 0.0			 165.129023 
g1	 44 	 170.050478 			 0.0 			 0.0			 170.050478 
g1	 45 	 124.546968 			 0.0 			 0.0			 124.546968 
g1	 46 	 234.678444 			 0.0 			 0.0			 234.678444 
g1	 47 	 133.974502 			 0.0 			 0.0			 133.974502 
g1	 48 	 199.657996 			 0.0 			 0.0			 199.657996 
g1	 49 	 172.152509 			 0.0 			 0.0			 172.152509 
g1	 50 	 172.152509 			 0.0 			 0.0			 172.152509 
g1	 51 	 172.152509 			 0.0 			 0.0			 172.152509 
g1	 52 	 172.152509 			 0.0 			 0.0			 172.152509 
g1	 53 	 172.152509 			 0.0 			 0.0			 172.152509 
g1	 54 	 172.152509 			 0.0 			 0.0			 172.152509 
g1	 55 	 172.152509 			 0.0 			 0.0			 172.152509 
g1	 56 	 172.152509 			 0.0 			 0.0			 172.152509 
g1	 57 	 172.152509 			 0.0 			 0.0			 172.152509 
g1	 58 	 194.259418 			 0.0 			 0.0			 194.259418 
g1	 59 	 172.152509 			 0.0 			 0.0			 172.152509 
g1	 60 	 172.152509 			 0.0 			 0.0			 172.152509 
g1	 61 	 172.152509 			 0.0 			 0.0			 172.152509 
g1	 62 	 172.152509 			 0.0 			 0.0			 172.152509 
g1	 63 	 172.152509 			 0.0 			 0.0			 172.152509 
g1	 64 	 172.152509 			 0.0 			 0.0			 172.152509 
g1	 65 	 172.152509 			 0.0 			 0.0			 172.152509 
g1	 66 	 172.152509 			 0.0 			 0.0			 172.152509 
g1	 67 	 172.152509 			 0.0 			 0.0			 172.152509 
g1	 68 	 172.152509 			 0.0 			 0.0			 172.152509 
g1	 69 	 94.705153 			 0.0 			 0.0			 94.705153 
g1	 70 	 182.942458 			 0.0 			 0.0			 182.942458 
g1	 71 	 169.886088 			 0.0 			 0.0			 169.886088 
g1	 72 	 182.942458 			 0.0 			 0.0			 182.942458 
g1	 73 	 79.226028 			 0.0 			 0.0			 79.226028 
g1	 74 	 181.843107 			 0.0 			 0.0			 181.843107 
g1	 75 	 153.560291 			 0.0 			 0.0			 153.560291 
g1	 76 	 181.843107 			 0.0 			 0.0			 181.843107 
g1	 77 	 172.152509 			 0.0 			 0.0			 172.152509 
g1	 78 	 172.152509 			 0.0 			 0.0			 172.152509 
g1	 79 	 172.152509 			 0.0 			 0.0			 172.152509 
g1	 80 	 172.152509 			 0.0 			 0.0			 172.152509 
g1	 81 	 172.152509 			 0.0 			 0.0			 172.152509 
g1	 82 	 113.34973 			 0.0 			 0.0			 113.34973 
g1	 83 	 172.152509 			 0.0 			 0.0			 172.152509 
g1	 84 	 96.703279 			 0.0 			 0.0			 96.703279 
g1	 85 	 231.032959 			 0.0 			 0.0			 231.032959 
g1	 86 	 306.487408 			 0.0 			 0.0			 306.487408 
g1	 87 	 232.442177 			 0.0 			 0.0			 232.442177 
g1	 88 	 311.81997 			 0.0 			 0.0			 311.81997 
g1	 89 	 180.631348 			 0.0 			 0.0			 180.631348 
g1	 90 	 128.822491 			 0.0 			 0.0			 128.822491 
g1	 91 	 181.077279 			 0.0 			 0.0			 181.077279 
g1	 92 	 151.796307 			 0.0 			 0.0			 151.796307 
g1	 93 	 221.562949 			 0.0 			 0.0			 221.562949 
g1	 94 	 61.702397 			 0.0 			 0.0			 61.702397 
g1	 95 	 205.185242 			 0.0 			 0.0			 205.185242 
g1	 96 	 92.598769 			 0.0 			 0.0			 92.598769 
----------------------------------------------------------------------------------------------------
g2	 1 	 0.0 			 0.0 			 0.0			 0.0 
g2	 2 	 0.0 			 0.0 			 0.0			 0.0 
g2	 3 	 0.0 			 0.0 			 0.0			 0.0 
g2	 4 	 0.0 			 0.0 			 0.0			 0.0 
g2	 5 	 0.0 			 0.0 			 0.0			 0.0 
g2	 6 	 0.0 			 0.0 			 0.0			 0.0 
g2	 7 	 0.0 			 0.0 			 0.0			 0.0 
g2	 8 	 0.0 			 0.0 			 0.0			 0.0 
g2	 9 	 0.0 			 0.0 			 0.0			 0.0 
g2	 10 	 0.0 			 0.0 			 0.0			 0.0 
g2	 11 	 0.0 			 0.0 			 0.0			 0.0 
g2	 12 	 0.0 			 0.0 			 0.0			 0.0 
g2	 13 	 0.0 			 0.0 			 0.0			 0.0 
g2	 14 	 0.0 			 0.0 			 0.0			 0.0 
g2	 15 	 0.0 			 0.0 			 0.0			 0.0 
g2	 16 	 0.0 			 0.0 			 0.0			 0.0 
g2	 17 	 0.0 			 0.0 			 0.0			 0.0 
g2	 18 	 0.0 			 0.0 			 0.0			 0.0 
g2	 19 	 0.0 			 0.0 			 0.0			 0.0 
g2	 20 	 0.0 			 0.0 			 0.0			 0.0 
g2	 21 	 0.0 			 0.0 			 0.0			 0.0 
g2	 22 	 0.0 			 0.0 			 0.0			 0.0 
g2	 23 	 0.0 			 0.0 			 0.0			 0.0 
g2	 24 	 0.0 			 0.0 			 0.0			 0.0 
g2	 25 	 0.0 			 0.0 			 0.0			 0.0 
g2	 26 	 0.0 			 0.0 			 0.0			 0.0 
g2	 27 	 0.0 			 0.0 			 0.0			 0.0 
g2	 28 	 0.0 			 0.0 			 0.0			 0.0 
g2	 29 	 152.42526 			 0.0 			 0.0			 152.42526 
g2	 30 	 -60.980664 			 0.0 			 0.0			 -60.980664 
g2	 31 	 137.128025 			 0.0 			 0.0			 137.128025 
g2	 32 	 -60.980664 			 0.0 			 0.0			 -60.980664 
g2	 33 	 21.701904 			 0.0 			 0.0			 21.701904 
g2	 34 	 21.701904 			 0.0 			 0.0			 21.701904 
g2	 35 	 21.701904 			 0.0 			 0.0			 21.701904 
g2	 36 	 21.701904 			 0.0 			 0.0			 21.701904 
g2	 37 	 21.701904 			 0.0 			 0.0			 21.701904 
g2	 38 	 21.701904 			 0.0 			 0.0			 21.701904 
g2	 39 	 21.701904 			 0.0 			 0.0			 21.701904 
g2	 40 	 21.701904 			 0.0 			 0.0			 21.701904 
g2	 41 	 21.701904 			 0.0 			 0.0			 21.701904 
g2	 42 	 21.701904 			 0.0 			 0.0			 21.701904 
g2	 43 	 21.701904 			 0.0 			 0.0			 21.701904 
g2	 44 	 21.701904 			 0.0 			 0.0			 21.701904 
g2	 45 	 21.701904 			 0.0 			 0.0			 21.701904 
g2	 46 	 21.701904 			 0.0 			 0.0			 21.701904 
g2	 47 	 21.701904 			 0.0 			 0.0			 21.701904 
g2	 48 	 21.701904 			 0.0 			 0.0			 21.701904 
g2	 49 	 -18.959175 			 0.0 			 0.0			 -18.959175 
g2	 50 	 70.572373 			 0.0 			 0.0			 70.572373 
g2	 51 	 35.089844 			 0.0 			 0.0			 35.089844 
g2	 52 	 20.719956 			 0.0 			 0.0			 20.719956 
g2	 53 	 -17.319116 			 0.0 			 0.0			 -17.319116 
g2	 54 	 -7.467979 			 0.0 			 0.0			 -7.467979 
g2	 55 	 9.203458 			 0.0 			 0.0			 9.203458 
g2	 56 	 39.527769 			 0.0 			 0.0			 39.527769 
g2	 57 	 -12.634897 			 0.0 			 0.0			 -12.634897 
g2	 58 	 130.828835 			 0.0 			 0.0			 130.828835 
g2	 59 	 -52.879415 			 0.0 			 0.0			 -52.879415 
g2	 60 	 27.640719 			 0.0 			 0.0			 27.640719 
g2	 61 	 28.499959 			 0.0 			 0.0			 28.499959 
g2	 62 	 13.498435 			 0.0 			 0.0			 13.498435 
g2	 63 	 15.686086 			 0.0 			 0.0			 15.686086 
g2	 64 	 63.40171 			 0.0 			 0.0			 63.40171 
g2	 65 	 45.834975 			 0.0 			 0.0			 45.834975 
g2	 66 	 60.312252 			 0.0 			 0.0			 60.312252 
g2	 67 	 18.931948 			 0.0 			 0.0			 18.931948 
g2	 68 	 23.294925 			 0.0 			 0.0			 23.294925 
g2	 69 	 -75.136017 			 0.0 			 0.0			 -75.136017 
g2	 70 	 157.170261 			 0.0 			 0.0			 157.170261 
g2	 71 	 -78.55322 			 0.0 			 0.0			 -78.55322 
g2	 72 	 157.170261 			 0.0 			 0.0			 157.170261 
g2	 73 	 60.938524 			 0.0 			 0.0			 60.938524 
g2	 74 	 68.448455 			 0.0 			 0.0			 68.448455 
g2	 75 	 21.701904 			 0.0 			 0.0			 21.701904 
g2	 76 	 51.499555 			 0.0 			 0.0			 51.499555 
g2	 77 	 10.967856 			 0.0 			 0.0			 10.967856 
g2	 78 	 94.541634 			 0.0 			 0.0			 94.541634 
g2	 79 	 -31.616379 			 0.0 			 0.0			 -31.616379 
g2	 80 	 117.660262 			 0.0 			 0.0			 117.660262 
g2	 81 	 55.610208 			 0.0 			 0.0			 55.610208 
g2	 82 	 -25.412776 			 0.0 			 0.0			 -25.412776 
g2	 83 	 104.598781 			 0.0 			 0.0			 104.598781 
g2	 84 	 -25.412776 			 0.0 			 0.0			 -25.412776 
g2	 85 	 -23.333332 			 0.0 			 0.0			 -23.333332 
g2	 86 	 -23.333332 			 0.0 			 0.0			 -23.333332 
g2	 87 	 -23.333332 			 0.0 			 0.0			 -23.333332 
g2	 88 	 -23.333332 			 0.0 			 0.0			 -23.333332 
g2	 89 	 21.701904 			 0.0 			 0.0			 21.701904 
g2	 90 	 21.701904 			 0.0 			 0.0			 21.701904 
g2	 91 	 21.701904 			 0.0 			 0.0			 21.701904 
g2	 92 	 21.701904 			 0.0 			 0.0			 21.701904 
g2	 93 	 21.701904 			 0.0 			 0.0			 21.701904 
g2	 94 	 21.701904 			 0.0 			 0.0			 21.701904 
g2	 95 	 21.701904 			 0.0 			 0.0			 21.701904 
g2	 96 	 21.701904 			 0.0 			 0.0			 21.701904 
----------------------------------------------------------------------------------------------------
g3	 1 	 0.0 			 0.0 			 0.0			 0.0 
g3	 2 	 0.0 			 0.0 			 0.0			 0.0 
g3	 3 	 0.0 			 0.0 			 0.0			 0.0 
g3	 4 	 0.0 			 0.0 			 0.0			 0.0 
g3	 5 	 15.233052 			 0.0 			 0.0			 15.233052 
g3	 6 	 15.233052 			 0.0 			 0.0			 15.233052 
g3	 7 	 15.233052 			 0.0 			 0.0			 15.233052 
g3	 8 	 15.233052 			 0.0 			 0.0			 15.233052 
g3	 9 	 15.233052 			 0.0 			 0.0			 15.233052 
g3	 10 	 15.233052 			 0.0 			 0.0			 15.233052 
g3	 11 	 15.233052 			 0.0 			 0.0			 15.233052 
g3	 12 	 15.233052 			 0.0 			 0.0			 15.233052 
g3	 13 	 15.233052 			 0.0 			 0.0			 15.233052 
g3	 14 	 15.233052 			 0.0 			 0.0			 15.233052 
g3	 15 	 15.233052 			 0.0 			 0.0			 15.233052 
g3	 16 	 15.233052 			 0.0 			 0.0			 15.233052 
g3	 17 	 15.233052 			 0.0 			 0.0			 15.233052 
g3	 18 	 15.233052 			 0.0 			 0.0			 15.233052 
g3	 19 	 15.233052 			 0.0 			 0.0			 15.233052 
g3	 20 	 15.233052 			 0.0 			 0.0			 15.233052 
g3	 21 	 15.233052 			 0.0 			 0.0			 15.233052 
g3	 22 	 15.233052 			 0.0 			 0.0			 15.233052 
g3	 23 	 15.233052 			 0.0 			 0.0			 15.233052 
g3	 24 	 15.233052 			 0.0 			 0.0			 15.233052 
g3	 25 	 15.233052 			 0.0 			 0.0			 15.233052 
g3	 26 	 15.233052 			 0.0 			 0.0			 15.233052 
g3	 27 	 15.233052 			 0.0 			 0.0			 15.233052 
g3	 28 	 15.233052 			 0.0 			 0.0			 15.233052 
g3	 29 	 15.56631 			 0.0 			 0.0			 15.56631 
g3	 30 	 15.233052 			 0.0 			 0.0			 15.233052 
g3	 31 	 15.312311 			 0.0 			 0.0			 15.312311 
g3	 32 	 15.233052 			 0.0 			 0.0			 15.233052 
g3	 33 	 15.56631 			 0.0 			 0.0			 15.56631 
g3	 34 	 15.56631 			 0.0 			 0.0			 15.56631 
g3	 35 	 15.56631 			 0.0 			 0.0			 15.56631 
g3	 36 	 15.56631 			 0.0 			 0.0			 15.56631 
g3	 37 	 15.56631 			 0.0 			 0.0			 15.56631 
g3	 38 	 15.56631 			 0.0 			 0.0			 15.56631 
g3	 39 	 15.56631 			 0.0 			 0.0			 15.56631 
g3	 40 	 15.56631 			 0.0 			 0.0			 15.56631 
g3	 41 	 15.56631 			 0.0 			 0.0			 15.56631 
g3	 42 	 15.56631 			 0.0 			 0.0			 15.56631 
g3	 43 	 15.56631 			 0.0 			 0.0			 15.56631 
g3	 44 	 15.56631 			 0.0 			 0.0			 15.56631 
g3	 45 	 15.56631 			 0.0 			 0.0			 15.56631 
g3	 46 	 15.56631 			 0.0 			 0.0			 15.56631 
g3	 47 	 15.56631 			 0.0 			 0.0			 15.56631 
g3	 48 	 15.56631 			 0.0 			 0.0			 15.56631 
g3	 49 	 16.491381 			 0.0 			 0.0			 16.491381 
g3	 50 	 16.491381 			 0.0 			 0.0			 16.491381 
g3	 51 	 16.491381 			 0.0 			 0.0			 16.491381 
g3	 52 	 16.491381 			 0.0 			 0.0			 16.491381 
g3	 53 	 16.491381 			 0.0 			 0.0			 16.491381 
g3	 54 	 16.491381 			 0.0 			 0.0			 16.491381 
g3	 55 	 16.491381 			 0.0 			 0.0			 16.491381 
g3	 56 	 16.491381 			 0.0 			 0.0			 16.491381 
g3	 57 	 16.491381 			 0.0 			 0.0			 16.491381 
g3	 58 	 18.609117 			 0.0 			 0.0			 18.609117 
g3	 59 	 16.491381 			 0.0 			 0.0			 16.491381 
g3	 60 	 16.491381 			 0.0 			 0.0			 16.491381 
g3	 61 	 16.491381 			 0.0 			 0.0			 16.491381 
g3	 62 	 16.491381 			 0.0 			 0.0			 16.491381 
g3	 63 	 16.491381 			 0.0 			 0.0			 16.491381 
g3	 64 	 16.491381 			 0.0 			 0.0			 16.491381 
g3	 65 	 16.491381 			 0.0 			 0.0			 16.491381 
g3	 66 	 16.491381 			 0.0 			 0.0			 16.491381 
g3	 67 	 16.491381 			 0.0 			 0.0			 16.491381 
g3	 68 	 16.491381 			 0.0 			 0.0			 16.491381 
g3	 69 	 15.56631 			 0.0 			 0.0			 15.56631 
g3	 70 	 17.525007 			 0.0 			 0.0			 17.525007 
g3	 71 	 16.274269 			 0.0 			 0.0			 16.274269 
g3	 72 	 17.525007 			 0.0 			 0.0			 17.525007 
g3	 73 	 15.56631 			 0.0 			 0.0			 15.56631 
g3	 74 	 16.491381 			 0.0 			 0.0			 16.491381 
g3	 75 	 15.56631 			 0.0 			 0.0			 15.56631 
g3	 76 	 16.491381 			 0.0 			 0.0			 16.491381 
g3	 77 	 16.491381 			 0.0 			 0.0			 16.491381 
g3	 78 	 16.491381 			 0.0 			 0.0			 16.491381 
g3	 79 	 16.491381 			 0.0 			 0.0			 16.491381 
g3	 80 	 16.491381 			 0.0 			 0.0			 16.491381 
g3	 81 	 16.491381 			 0.0 			 0.0			 16.491381 
g3	 82 	 15.56631 			 0.0 			 0.0			 15.56631 
g3	 83 	 16.491381 			 0.0 			 0.0			 16.491381 
g3	 84 	 15.56631 			 0.0 			 0.0			 15.56631 
g3	 85 	 -48.698055 			 0.0 			 0.0			 -48.698055 
g3	 86 	 -48.698055 			 0.0 			 0.0			 -48.698055 
g3	 87 	 -48.698055 			 0.0 			 0.0			 -48.698055 
g3	 88 	 -48.698055 			 0.0 			 0.0			 -48.698055 
g3	 89 	 0.0 			 0.0 			 0.0			 0.0 
g3	 90 	 0.0 			 0.0 			 0.0			 0.0 
g3	 91 	 0.0 			 0.0 			 0.0			 0.0 
g3	 92 	 0.0 			 0.0 			 0.0			 0.0 
g3	 93 	 0.0 			 0.0 			 0.0			 0.0 
g3	 94 	 0.0 			 0.0 			 0.0			 0.0 
g3	 95 	 0.0 			 0.0 			 0.0			 0.0 
g3	 96 	 0.0 			 0.0 			 0.0			 0.0 
----------------------------------------------------------------------------------------------------
g4	 1 	 0.0 			 0.0 			 0.0			 0.0 
g4	 2 	 0.0 			 0.0 			 0.0			 0.0 
g4	 3 	 0.0 			 0.0 			 0.0			 0.0 
g4	 4 	 0.0 			 0.0 			 0.0			 0.0 
g4	 5 	 0.0 			 0.0 			 0.0			 0.0 
g4	 6 	 0.0 			 0.0 			 0.0			 0.0 
g4	 7 	 0.0 			 0.0 			 0.0			 0.0 
g4	 8 	 0.0 			 0.0 			 0.0			 0.0 
g4	 9 	 0.0 			 0.0 			 0.0			 0.0 
g4	 10 	 0.0 			 0.0 			 0.0			 0.0 
g4	 11 	 0.0 			 0.0 			 0.0			 0.0 
g4	 12 	 0.0 			 0.0 			 0.0			 0.0 
g4	 13 	 0.0 			 0.0 			 0.0			 0.0 
g4	 14 	 0.0 			 0.0 			 0.0			 0.0 
g4	 15 	 0.0 			 0.0 			 0.0			 0.0 
g4	 16 	 0.0 			 0.0 			 0.0			 0.0 
g4	 17 	 0.0 			 0.0 			 0.0			 0.0 
g4	 18 	 0.0 			 0.0 			 0.0			 0.0 
g4	 19 	 0.0 			 0.0 			 0.0			 0.0 
g4	 20 	 0.0 			 0.0 			 0.0			 0.0 
g4	 21 	 0.0 			 0.0 			 0.0			 0.0 
g4	 22 	 0.0 			 0.0 			 0.0			 0.0 
g4	 23 	 0.0 			 0.0 			 0.0			 0.0 
g4	 24 	 0.0 			 0.0 			 0.0			 0.0 
g4	 25 	 0.0 			 0.0 			 0.0			 0.0 
g4	 26 	 0.0 			 0.0 			 0.0			 0.0 
g4	 27 	 0.0 			 0.0 			 0.0			 0.0 
g4	 28 	 0.0 			 0.0 			 0.0			 0.0 
g4	 29 	 0.0 			 0.0 			 0.0			 0.0 
g4	 30 	 0.0 			 0.0 			 0.0			 0.0 
g4	 31 	 0.0 			 0.0 			 0.0			 0.0 
g4	 32 	 0.0 			 0.0 			 0.0			 0.0 
g4	 33 	 0.0 			 0.0 			 0.0			 0.0 
g4	 34 	 0.0 			 0.0 			 0.0			 0.0 
g4	 35 	 0.0 			 0.0 			 0.0			 0.0 
g4	 36 	 0.0 			 0.0 			 0.0			 0.0 
g4	 37 	 0.0 			 0.0 			 0.0			 0.0 
g4	 38 	 0.0 			 0.0 			 0.0			 0.0 
g4	 39 	 0.0 			 0.0 			 0.0			 0.0 
g4	 40 	 0.0 			 0.0 			 0.0			 0.0 
g4	 41 	 0.0 			 0.0 			 0.0			 0.0 
g4	 42 	 0.0 			 0.0 			 0.0			 0.0 
g4	 43 	 0.0 			 0.0 			 0.0			 0.0 
g4	 44 	 0.0 			 0.0 			 0.0			 0.0 
g4	 45 	 0.0 			 0.0 			 0.0			 0.0 
g4	 46 	 0.0 			 0.0 			 0.0			 0.0 
g4	 47 	 0.0 			 0.0 			 0.0			 0.0 
g4	 48 	 0.0 			 0.0 			 0.0			 0.0 
g4	 49 	 0.0 			 0.0 			 0.0			 0.0 
g4	 50 	 0.0 			 0.0 			 0.0			 0.0 
g4	 51 	 0.0 			 0.0 			 0.0			 0.0 
g4	 52 	 0.0 			 0.0 			 0.0			 0.0 
g4	 53 	 0.0 			 0.0 			 0.0			 0.0 
g4	 54 	 0.0 			 0.0 			 0.0			 0.0 
g4	 55 	 0.0 			 0.0 			 0.0			 0.0 
g4	 56 	 0.0 			 0.0 			 0.0			 0.0 
g4	 57 	 0.0 			 0.0 			 0.0			 0.0 
g4	 58 	 0.0 			 0.0 			 0.0			 0.0 
g4	 59 	 0.0 			 0.0 			 0.0			 0.0 
g4	 60 	 0.0 			 0.0 			 0.0			 0.0 
g4	 61 	 9.159292 			 0.0 			 0.0			 9.159292 
g4	 62 	 9.159292 			 0.0 			 0.0			 9.159292 
g4	 63 	 9.159292 			 0.0 			 0.0			 9.159292 
g4	 64 	 9.159292 			 0.0 			 0.0			 9.159292 
g4	 65 	 9.159292 			 0.0 			 0.0			 9.159292 
g4	 66 	 9.159292 			 0.0 			 0.0			 9.159292 
g4	 67 	 9.159292 			 0.0 			 0.0			 9.159292 
g4	 68 	 9.159292 			 0.0 			 0.0			 9.159292 
g4	 69 	 8.645509 			 0.0 			 0.0			 8.645509 
g4	 70 	 34.961038 			 0.0 			 0.0			 34.961038 
g4	 71 	 9.038709 			 0.0 			 0.0			 9.038709 
g4	 72 	 94.771913 			 0.0 			 0.0			 94.771913 
g4	 73 	 8.645509 			 0.0 			 0.0			 8.645509 
g4	 74 	 9.159292 			 0.0 			 0.0			 9.159292 
g4	 75 	 8.645509 			 0.0 			 0.0			 8.645509 
g4	 76 	 9.159292 			 0.0 			 0.0			 9.159292 
g4	 77 	 0.0 			 0.0 			 0.0			 0.0 
g4	 78 	 0.0 			 0.0 			 0.0			 0.0 
g4	 79 	 0.0 			 0.0 			 0.0			 0.0 
g4	 80 	 0.0 			 0.0 			 0.0			 0.0 
g4	 81 	 0.0 			 0.0 			 0.0			 0.0 
g4	 82 	 0.0 			 0.0 			 0.0			 0.0 
g4	 83 	 0.0 			 0.0 			 0.0			 0.0 
g4	 84 	 0.0 			 0.0 			 0.0			 0.0 
g4	 85 	 0.0 			 0.0 			 0.0			 0.0 
g4	 86 	 0.0 			 0.0 			 0.0			 0.0 
g4	 87 	 0.0 			 0.0 			 0.0			 0.0 
g4	 88 	 0.0 			 0.0 			 0.0			 0.0 
g4	 89 	 0.0 			 0.0 			 0.0			 0.0 
g4	 90 	 0.0 			 0.0 			 0.0			 0.0 
g4	 91 	 0.0 			 0.0 			 0.0			 0.0 
g4	 92 	 0.0 			 0.0 			 0.0			 0.0 
g4	 93 	 0.0 			 0.0 			 0.0			 0.0 
g4	 94 	 0.0 			 0.0 			 0.0			 0.0 
g4	 95 	 0.0 			 0.0 			 0.0			 0.0 
g4	 96 	 0.0 			 0.0 			 0.0			 0.0 
----------------------------------------------------------------------------------------------------
g5	 1 	 0.0 			 0.0 			 0.0			 0.0 
g5	 2 	 0.0 			 0.0 			 0.0			 0.0 
g5	 3 	 0.0 			 0.0 			 0.0			 0.0 
g5	 4 	 0.0 			 0.0 			 0.0			 0.0 
g5	 5 	 0.0 			 0.0 			 0.0			 0.0 
g5	 6 	 0.0 			 0.0 			 0.0			 0.0 
g5	 7 	 0.0 			 0.0 			 0.0			 0.0 
g5	 8 	 0.0 			 0.0 			 0.0			 0.0 
g5	 9 	 0.0 			 0.0 			 0.0			 0.0 
g5	 10 	 0.0 			 0.0 			 0.0			 0.0 
g5	 11 	 0.0 			 0.0 			 0.0			 0.0 
g5	 12 	 0.0 			 0.0 			 0.0			 0.0 
g5	 13 	 0.0 			 0.0 			 0.0			 0.0 
g5	 14 	 0.0 			 0.0 			 0.0			 0.0 
g5	 15 	 0.0 			 0.0 			 0.0			 0.0 
g5	 16 	 0.0 			 0.0 			 0.0			 0.0 
g5	 17 	 0.0 			 0.0 			 0.0			 0.0 
g5	 18 	 0.0 			 0.0 			 0.0			 0.0 
g5	 19 	 0.0 			 0.0 			 0.0			 0.0 
g5	 20 	 0.0 			 0.0 			 0.0			 0.0 
g5	 21 	 0.0 			 0.0 			 0.0			 0.0 
g5	 22 	 0.0 			 0.0 			 0.0			 0.0 
g5	 23 	 0.0 			 0.0 			 0.0			 0.0 
g5	 24 	 0.0 			 0.0 			 0.0			 0.0 
g5	 25 	 0.0 			 0.0 			 0.0			 0.0 
g5	 26 	 0.0 			 0.0 			 0.0			 0.0 
g5	 27 	 0.0 			 0.0 			 0.0			 0.0 
g5	 28 	 0.0 			 0.0 			 0.0			 0.0 
g5	 29 	 0.0 			 0.0 			 0.0			 0.0 
g5	 30 	 0.0 			 0.0 			 0.0			 0.0 
g5	 31 	 0.0 			 0.0 			 0.0			 0.0 
g5	 32 	 0.0 			 0.0 			 0.0			 0.0 
g5	 33 	 0.0 			 0.0 			 0.0			 0.0 
g5	 34 	 0.0 			 0.0 			 0.0			 0.0 
g5	 35 	 0.0 			 0.0 			 0.0			 0.0 
g5	 36 	 0.0 			 0.0 			 0.0			 0.0 
g5	 37 	 0.0 			 0.0 			 0.0			 0.0 
g5	 38 	 0.0 			 0.0 			 0.0			 0.0 
g5	 39 	 0.0 			 0.0 			 0.0			 0.0 
g5	 40 	 0.0 			 0.0 			 0.0			 0.0 
g5	 41 	 0.0 			 0.0 			 0.0			 0.0 
g5	 42 	 0.0 			 0.0 			 0.0			 0.0 
g5	 43 	 0.0 			 0.0 			 0.0			 0.0 
g5	 44 	 0.0 			 0.0 			 0.0			 0.0 
g5	 45 	 0.0 			 0.0 			 0.0			 0.0 
g5	 46 	 0.0 			 0.0 			 0.0			 0.0 
g5	 47 	 0.0 			 0.0 			 0.0			 0.0 
g5	 48 	 0.0 			 0.0 			 0.0			 0.0 
g5	 49 	 0.0 			 0.0 			 0.0			 0.0 
g5	 50 	 0.0 			 0.0 			 0.0			 0.0 
g5	 51 	 0.0 			 0.0 			 0.0			 0.0 
g5	 52 	 0.0 			 0.0 			 0.0			 0.0 
g5	 53 	 0.0 			 0.0 			 0.0			 0.0 
g5	 54 	 0.0 			 0.0 			 0.0			 0.0 
g5	 55 	 0.0 			 0.0 			 0.0			 0.0 
g5	 56 	 0.0 			 0.0 			 0.0			 0.0 
g5	 57 	 0.0 			 0.0 			 0.0			 0.0 
g5	 58 	 0.0 			 0.0 			 0.0			 0.0 
g5	 59 	 0.0 			 0.0 			 0.0			 0.0 
g5	 60 	 0.0 			 0.0 			 0.0			 0.0 
g5	 61 	 0.0 			 0.0 			 0.0			 0.0 
g5	 62 	 0.0 			 0.0 			 0.0			 0.0 
g5	 63 	 0.0 			 0.0 			 0.0			 0.0 
g5	 64 	 0.0 			 0.0 			 0.0			 0.0 
g5	 65 	 0.0 			 0.0 			 0.0			 0.0 
g5	 66 	 0.0 			 0.0 			 0.0			 0.0 
g5	 67 	 0.0 			 0.0 			 0.0			 0.0 
g5	 68 	 0.0 			 0.0 			 0.0			 0.0 
g5	 69 	 0.0 			 0.0 			 0.0			 0.0 
g5	 70 	 0.0 			 0.0 			 0.0			 0.0 
g5	 71 	 0.0 			 0.0 			 0.0			 0.0 
g5	 72 	 0.0 			 0.0 			 0.0			 0.0 
g5	 73 	 0.0 			 0.0 			 0.0			 0.0 
g5	 74 	 0.0 			 0.0 			 0.0			 0.0 
g5	 75 	 0.0 			 0.0 			 0.0			 0.0 
g5	 76 	 0.0 			 0.0 			 0.0			 0.0 
g5	 77 	 0.0 			 0.0 			 0.0			 0.0 
g5	 78 	 0.0 			 0.0 			 0.0			 0.0 
g5	 79 	 0.0 			 0.0 			 0.0			 0.0 
g5	 80 	 0.0 			 0.0 			 0.0			 0.0 
g5	 81 	 0.0 			 0.0 			 0.0			 0.0 
g5	 82 	 0.0 			 0.0 			 0.0			 0.0 
g5	 83 	 0.0 			 0.0 			 0.0			 0.0 
g5	 84 	 0.0 			 0.0 			 0.0			 0.0 
g5	 85 	 0.0 			 0.0 			 0.0			 0.0 
g5	 86 	 0.0 			 0.0 			 0.0			 0.0 
g5	 87 	 0.0 			 0.0 			 0.0			 0.0 
g5	 88 	 0.0 			 0.0 			 0.0			 0.0 
g5	 89 	 0.0 			 0.0 			 0.0			 0.0 
g5	 90 	 0.0 			 0.0 			 0.0			 0.0 
g5	 91 	 0.0 			 0.0 			 0.0			 0.0 
g5	 92 	 0.0 			 0.0 			 0.0			 0.0 
g5	 93 	 0.0 			 0.0 			 0.0			 0.0 
g5	 94 	 0.0 			 0.0 			 0.0			 0.0 
g5	 95 	 0.0 			 0.0 			 0.0			 0.0 
g5	 96 	 0.0 			 0.0 			 0.0			 0.0 
----------------------------------------------------------------------------------------------------------------
unit 	 generation payment 	 up-FRP payment 	 dw-FRP payment 	pre-up total payment
----------------------------------------------------------------------------------------------------------------
 g1 	 15912.172419			 0.000000			 0.000000			 15912.172419
 g2 	 1753.063520			 0.000000			 0.000000			 1753.063520
 g3 	 1074.238950			 0.000000			 0.000000			 1074.238950
 g4 	 256.301107			 0.000000			 0.000000			 256.301107
 g5 	 0.000000			 0.000000			 0.000000			 0.000000
----------------------------------------------------------------------------------------------------
generation payment 	 up-FRP payment 	 dw-FRP payment 	 pre-up total payment
----------------------------------------------------------------------------------------------------
18995.775996 			 0.0 			 0.0 			 18995.775996
 
****************************************************************************************************
 
Generation costs
----------------------------------------------------------------------------------------------------
unit	 time 	 generation cost 	 start-up cost  	total cost
----------------------------------------------------------------------------------------------------
g1	 1 	 2427.023026 			 0.0 			2427.023026
g1	 2 	 2397.091499 			 0.0 			2397.091499
g1	 3 	 2463.3053 			 0.0 			2463.3053
g1	 4 	 2370.703073 			 0.0 			2370.703073
g1	 5 	 1917.413813 			 0.0 			1917.413813
g1	 6 	 2194.373738 			 0.0 			2194.373738
g1	 7 	 1915.794896 			 0.0 			1915.794896
g1	 8 	 2194.516708 			 0.0 			2194.516708
g1	 9 	 1961.250983 			 0.0 			1961.250983
g1	 10 	 1929.358753 			 0.0 			1929.358753
g1	 11 	 1998.418778 			 0.0 			1998.418778
g1	 12 	 1919.25479 			 0.0 			1919.25479
g1	 13 	 1949.169459 			 0.0 			1949.169459
g1	 14 	 1828.836368 			 0.0 			1828.836368
g1	 15 	 1956.674659 			 0.0 			1956.674659
g1	 16 	 1840.440964 			 0.0 			1840.440964
g1	 17 	 1994.840358 			 0.0 			1994.840358
g1	 18 	 1827.255059 			 0.0 			1827.255059
g1	 19 	 1968.086524 			 0.0 			1968.086524
g1	 20 	 1810.747424 			 0.0 			1810.747424
g1	 21 	 2057.531115 			 0.0 			2057.531115
g1	 22 	 2034.909244 			 0.0 			2034.909244
g1	 23 	 2051.685874 			 0.0 			2051.685874
g1	 24 	 2069.561789 			 0.0 			2069.561789
g1	 25 	 2194.80757 			 0.0 			2194.80757
g1	 26 	 2225.473533 			 0.0 			2225.473533
g1	 27 	 2229.084137 			 0.0 			2229.084137
g1	 28 	 2280.76141 			 0.0 			2280.76141
g1	 29 	 2335.41951 			 0.0 			2335.41951
g1	 30 	 2155.69628 			 0.0 			2155.69628
g1	 31 	 2313.086426 			 0.0 			2313.086426
g1	 32 	 2138.945507 			 0.0 			2138.945507
g1	 33 	 2337.365865 			 0.0 			2337.365865
g1	 34 	 2329.269169 			 0.0 			2329.269169
g1	 35 	 2337.582247 			 0.0 			2337.582247
g1	 36 	 2344.328835 			 0.0 			2344.328835
g1	 37 	 2432.740688 			 0.0 			2432.740688
g1	 38 	 2602.623791 			 0.0 			2602.623791
g1	 39 	 2450.326878 			 0.0 			2450.326878
g1	 40 	 2560.841266 			 0.0 			2560.841266
g1	 41 	 2751.116585 			 0.0 			2751.116585
g1	 42 	 2769.515103 			 0.0 			2769.515103
g1	 43 	 2778.801213 			 0.0 			2778.801213
g1	 44 	 2783.722672 			 0.0 			2783.722672
g1	 45 	 2921.743666 			 0.0 			2921.743666
g1	 46 	 3031.875141 			 0.0 			3031.875141
g1	 47 	 2931.171192 			 0.0 			2931.171192
g1	 48 	 2996.854697 			 0.0 			2996.854697
g1	 49 	 3058.233409 			 0.0 			3058.233409
g1	 50 	 3058.233409 			 0.0 			3058.233409
g1	 51 	 3058.233409 			 0.0 			3058.233409
g1	 52 	 3058.233409 			 0.0 			3058.233409
g1	 53 	 3058.233409 			 0.0 			3058.233409
g1	 54 	 3058.233409 			 0.0 			3058.233409
g1	 55 	 3058.233409 			 0.0 			3058.233409
g1	 56 	 3058.233409 			 0.0 			3058.233409
g1	 57 	 3058.233409 			 0.0 			3058.233409
g1	 58 	 3058.233409 			 0.0 			3058.233409
g1	 59 	 3058.233409 			 0.0 			3058.233409
g1	 60 	 3058.233409 			 0.0 			3058.233409
g1	 61 	 3058.233409 			 0.0 			3058.233409
g1	 62 	 3058.233409 			 0.0 			3058.233409
g1	 63 	 3058.233409 			 0.0 			3058.233409
g1	 64 	 3058.233409 			 0.0 			3058.233409
g1	 65 	 3058.233409 			 0.0 			3058.233409
g1	 66 	 3058.233409 			 0.0 			3058.233409
g1	 67 	 3058.233409 			 0.0 			3058.233409
g1	 68 	 3058.233409 			 0.0 			3058.233409
g1	 69 	 2990.44282 			 0.0 			2990.44282
g1	 70 	 3058.233409 			 0.0 			3058.233409
g1	 71 	 3058.233409 			 0.0 			3058.233409
g1	 72 	 3058.233409 			 0.0 			3058.233409
g1	 73 	 2965.816677 			 0.0 			2965.816677
g1	 74 	 3058.233409 			 0.0 			3058.233409
g1	 75 	 3040.150939 			 0.0 			3040.150939
g1	 76 	 3058.233409 			 0.0 			3058.233409
g1	 77 	 3058.233409 			 0.0 			3058.233409
g1	 78 	 3058.233409 			 0.0 			3058.233409
g1	 79 	 3058.233409 			 0.0 			3058.233409
g1	 80 	 3058.233409 			 0.0 			3058.233409
g1	 81 	 3058.233409 			 0.0 			3058.233409
g1	 82 	 3009.087397 			 0.0 			3009.087397
g1	 83 	 3058.233409 			 0.0 			3058.233409
g1	 84 	 2992.440945 			 0.0 			2992.440945
g1	 85 	 2828.948268 			 0.0 			2828.948268
g1	 86 	 2904.402713 			 0.0 			2904.402713
g1	 87 	 2830.357487 			 0.0 			2830.357487
g1	 88 	 2909.735279 			 0.0 			2909.735279
g1	 89 	 2758.744639 			 0.0 			2758.744639
g1	 90 	 2706.935785 			 0.0 			2706.935785
g1	 91 	 2759.19057 			 0.0 			2759.19057
g1	 92 	 2729.909597 			 0.0 			2729.909597
g1	 93 	 2543.019764 			 0.0 			2543.019764
g1	 94 	 2383.159199 			 0.0 			2383.159199
g1	 95 	 2526.642054 			 0.0 			2526.642054
g1	 96 	 2414.055578 			 0.0 			2414.055578
----------------------------------------------------------------------------------------------------
g2	 1 	 0.0 			 0.0 			0.0
g2	 2 	 0.0 			 0.0 			0.0
g2	 3 	 0.0 			 0.0 			0.0
g2	 4 	 0.0 			 0.0 			0.0
g2	 5 	 0.0 			 0.0 			0.0
g2	 6 	 0.0 			 0.0 			0.0
g2	 7 	 0.0 			 0.0 			0.0
g2	 8 	 0.0 			 0.0 			0.0
g2	 9 	 0.0 			 0.0 			0.0
g2	 10 	 0.0 			 0.0 			0.0
g2	 11 	 0.0 			 0.0 			0.0
g2	 12 	 0.0 			 0.0 			0.0
g2	 13 	 0.0 			 0.0 			0.0
g2	 14 	 0.0 			 0.0 			0.0
g2	 15 	 0.0 			 0.0 			0.0
g2	 16 	 0.0 			 0.0 			0.0
g2	 17 	 0.0 			 0.0 			0.0
g2	 18 	 0.0 			 0.0 			0.0
g2	 19 	 0.0 			 0.0 			0.0
g2	 20 	 0.0 			 0.0 			0.0
g2	 21 	 0.0 			 0.0 			0.0
g2	 22 	 0.0 			 0.0 			0.0
g2	 23 	 0.0 			 0.0 			0.0
g2	 24 	 0.0 			 0.0 			0.0
g2	 25 	 0.0 			 0.0 			0.0
g2	 26 	 0.0 			 0.0 			0.0
g2	 27 	 0.0 			 0.0 			0.0
g2	 28 	 0.0 			 0.0 			0.0
g2	 29 	 534.771644 			 10598.13 			11132.901644
g2	 30 	 323.535598 			 0.0 			323.535598
g2	 31 	 521.961565 			 0.0 			521.961565
g2	 32 	 323.535598 			 0.0 			323.535598
g2	 33 	 534.771644 			 0.0 			534.771644
g2	 34 	 534.771644 			 0.0 			534.771644
g2	 35 	 534.771644 			 0.0 			534.771644
g2	 36 	 534.771644 			 0.0 			534.771644
g2	 37 	 534.771644 			 0.0 			534.771644
g2	 38 	 534.771644 			 0.0 			534.771644
g2	 39 	 534.771644 			 0.0 			534.771644
g2	 40 	 534.771644 			 0.0 			534.771644
g2	 41 	 534.771644 			 0.0 			534.771644
g2	 42 	 534.771644 			 0.0 			534.771644
g2	 43 	 534.771644 			 0.0 			534.771644
g2	 44 	 534.771644 			 0.0 			534.771644
g2	 45 	 534.771644 			 0.0 			534.771644
g2	 46 	 534.771644 			 0.0 			534.771644
g2	 47 	 534.771644 			 0.0 			534.771644
g2	 48 	 534.771644 			 0.0 			534.771644
g2	 49 	 562.611165 			 0.0 			562.611165
g2	 50 	 652.142715 			 0.0 			652.142715
g2	 51 	 616.660185 			 0.0 			616.660185
g2	 52 	 602.290303 			 0.0 			602.290303
g2	 53 	 698.963404 			 0.0 			698.963404
g2	 54 	 708.814543 			 0.0 			708.814543
g2	 55 	 725.485982 			 0.0 			725.485982
g2	 56 	 755.810286 			 0.0 			755.810286
g2	 57 	 791.155608 			 0.0 			791.155608
g2	 58 	 928.170304 			 0.0 			928.170304
g2	 59 	 750.911085 			 0.0 			750.911085
g2	 60 	 831.431217 			 0.0 			831.431217
g2	 61 	 645.518068 			 0.0 			645.518068
g2	 62 	 630.516543 			 0.0 			630.516543
g2	 63 	 632.704196 			 0.0 			632.704196
g2	 64 	 680.419814 			 0.0 			680.419814
g2	 65 	 724.228183 			 0.0 			724.228183
g2	 66 	 738.70546 			 0.0 			738.70546
g2	 67 	 697.325153 			 0.0 			697.325153
g2	 68 	 701.688129 			 0.0 			701.688129
g2	 69 	 576.340006 			 0.0 			576.340006
g2	 70 	 803.84154 			 0.0 			803.84154
g2	 71 	 576.340006 			 0.0 			576.340006
g2	 72 	 803.84154 			 0.0 			803.84154
g2	 73 	 576.340006 			 0.0 			576.340006
g2	 74 	 580.228501 			 0.0 			580.228501
g2	 75 	 534.771644 			 0.0 			534.771644
g2	 76 	 563.279602 			 0.0 			563.279602
g2	 77 	 618.302964 			 0.0 			618.302964
g2	 78 	 701.876746 			 0.0 			701.876746
g2	 79 	 575.718731 			 0.0 			575.718731
g2	 80 	 724.995369 			 0.0 			724.995369
g2	 81 	 617.304855 			 0.0 			617.304855
g2	 82 	 534.771644 			 0.0 			534.771644
g2	 83 	 666.293425 			 0.0 			666.293425
g2	 84 	 534.771644 			 0.0 			534.771644
g2	 85 	 534.771644 			 0.0 			534.771644
g2	 86 	 534.771644 			 0.0 			534.771644
g2	 87 	 534.771644 			 0.0 			534.771644
g2	 88 	 534.771644 			 0.0 			534.771644
g2	 89 	 534.771644 			 0.0 			534.771644
g2	 90 	 534.771644 			 0.0 			534.771644
g2	 91 	 534.771644 			 0.0 			534.771644
g2	 92 	 534.771644 			 0.0 			534.771644
g2	 93 	 534.771644 			 0.0 			534.771644
g2	 94 	 534.771644 			 0.0 			534.771644
g2	 95 	 534.771644 			 0.0 			534.771644
g2	 96 	 534.771644 			 0.0 			534.771644
----------------------------------------------------------------------------------------------------
g3	 1 	 0.0 			 0.0 			0.0
g3	 2 	 0.0 			 0.0 			0.0
g3	 3 	 0.0 			 0.0 			0.0
g3	 4 	 0.0 			 0.0 			0.0
g3	 5 	 350.954412 			 4595.43 			4946.384412
g3	 6 	 350.954412 			 0.0 			350.954412
g3	 7 	 350.954412 			 0.0 			350.954412
g3	 8 	 350.954412 			 0.0 			350.954412
g3	 9 	 350.954412 			 0.0 			350.954412
g3	 10 	 350.954412 			 0.0 			350.954412
g3	 11 	 350.954412 			 0.0 			350.954412
g3	 12 	 350.954412 			 0.0 			350.954412
g3	 13 	 350.954412 			 0.0 			350.954412
g3	 14 	 350.954412 			 0.0 			350.954412
g3	 15 	 350.954412 			 0.0 			350.954412
g3	 16 	 350.954412 			 0.0 			350.954412
g3	 17 	 350.954412 			 0.0 			350.954412
g3	 18 	 350.954412 			 0.0 			350.954412
g3	 19 	 350.954412 			 0.0 			350.954412
g3	 20 	 350.954412 			 0.0 			350.954412
g3	 21 	 350.954412 			 0.0 			350.954412
g3	 22 	 350.954412 			 0.0 			350.954412
g3	 23 	 350.954412 			 0.0 			350.954412
g3	 24 	 350.954412 			 0.0 			350.954412
g3	 25 	 350.954412 			 0.0 			350.954412
g3	 26 	 350.954412 			 0.0 			350.954412
g3	 27 	 350.954412 			 0.0 			350.954412
g3	 28 	 350.954412 			 0.0 			350.954412
g3	 29 	 350.954412 			 0.0 			350.954412
g3	 30 	 350.954412 			 0.0 			350.954412
g3	 31 	 350.954412 			 0.0 			350.954412
g3	 32 	 350.954412 			 0.0 			350.954412
g3	 33 	 350.954412 			 0.0 			350.954412
g3	 34 	 350.954412 			 0.0 			350.954412
g3	 35 	 350.954412 			 0.0 			350.954412
g3	 36 	 350.954412 			 0.0 			350.954412
g3	 37 	 350.954412 			 0.0 			350.954412
g3	 38 	 350.954412 			 0.0 			350.954412
g3	 39 	 350.954412 			 0.0 			350.954412
g3	 40 	 350.954412 			 0.0 			350.954412
g3	 41 	 350.954412 			 0.0 			350.954412
g3	 42 	 350.954412 			 0.0 			350.954412
g3	 43 	 350.954412 			 0.0 			350.954412
g3	 44 	 350.954412 			 0.0 			350.954412
g3	 45 	 350.954412 			 0.0 			350.954412
g3	 46 	 350.954412 			 0.0 			350.954412
g3	 47 	 350.954412 			 0.0 			350.954412
g3	 48 	 350.954412 			 0.0 			350.954412
g3	 49 	 350.954412 			 0.0 			350.954412
g3	 50 	 350.954412 			 0.0 			350.954412
g3	 51 	 350.954412 			 0.0 			350.954412
g3	 52 	 350.954412 			 0.0 			350.954412
g3	 53 	 350.954412 			 0.0 			350.954412
g3	 54 	 350.954412 			 0.0 			350.954412
g3	 55 	 350.954412 			 0.0 			350.954412
g3	 56 	 350.954412 			 0.0 			350.954412
g3	 57 	 350.954412 			 0.0 			350.954412
g3	 58 	 350.954412 			 0.0 			350.954412
g3	 59 	 350.954412 			 0.0 			350.954412
g3	 60 	 350.954412 			 0.0 			350.954412
g3	 61 	 350.954412 			 0.0 			350.954412
g3	 62 	 350.954412 			 0.0 			350.954412
g3	 63 	 350.954412 			 0.0 			350.954412
g3	 64 	 350.954412 			 0.0 			350.954412
g3	 65 	 350.954412 			 0.0 			350.954412
g3	 66 	 350.954412 			 0.0 			350.954412
g3	 67 	 350.954412 			 0.0 			350.954412
g3	 68 	 350.954412 			 0.0 			350.954412
g3	 69 	 350.954412 			 0.0 			350.954412
g3	 70 	 350.954412 			 0.0 			350.954412
g3	 71 	 350.954412 			 0.0 			350.954412
g3	 72 	 350.954412 			 0.0 			350.954412
g3	 73 	 350.954412 			 0.0 			350.954412
g3	 74 	 350.954412 			 0.0 			350.954412
g3	 75 	 350.954412 			 0.0 			350.954412
g3	 76 	 350.954412 			 0.0 			350.954412
g3	 77 	 350.954412 			 0.0 			350.954412
g3	 78 	 350.954412 			 0.0 			350.954412
g3	 79 	 350.954412 			 0.0 			350.954412
g3	 80 	 350.954412 			 0.0 			350.954412
g3	 81 	 350.954412 			 0.0 			350.954412
g3	 82 	 350.954412 			 0.0 			350.954412
g3	 83 	 350.954412 			 0.0 			350.954412
g3	 84 	 350.954412 			 0.0 			350.954412
g3	 85 	 350.954412 			 0.0 			350.954412
g3	 86 	 350.954412 			 0.0 			350.954412
g3	 87 	 350.954412 			 0.0 			350.954412
g3	 88 	 350.954412 			 0.0 			350.954412
g3	 89 	 0.0 			 0.0 			0.0
g3	 90 	 0.0 			 0.0 			0.0
g3	 91 	 0.0 			 0.0 			0.0
g3	 92 	 0.0 			 0.0 			0.0
g3	 93 	 0.0 			 0.0 			0.0
g3	 94 	 0.0 			 0.0 			0.0
g3	 95 	 0.0 			 0.0 			0.0
g3	 96 	 0.0 			 0.0 			0.0
----------------------------------------------------------------------------------------------------
g4	 1 	 0.0 			 0.0 			0.0
g4	 2 	 0.0 			 0.0 			0.0
g4	 3 	 0.0 			 0.0 			0.0
g4	 4 	 0.0 			 0.0 			0.0
g4	 5 	 0.0 			 0.0 			0.0
g4	 6 	 0.0 			 0.0 			0.0
g4	 7 	 0.0 			 0.0 			0.0
g4	 8 	 0.0 			 0.0 			0.0
g4	 9 	 0.0 			 0.0 			0.0
g4	 10 	 0.0 			 0.0 			0.0
g4	 11 	 0.0 			 0.0 			0.0
g4	 12 	 0.0 			 0.0 			0.0
g4	 13 	 0.0 			 0.0 			0.0
g4	 14 	 0.0 			 0.0 			0.0
g4	 15 	 0.0 			 0.0 			0.0
g4	 16 	 0.0 			 0.0 			0.0
g4	 17 	 0.0 			 0.0 			0.0
g4	 18 	 0.0 			 0.0 			0.0
g4	 19 	 0.0 			 0.0 			0.0
g4	 20 	 0.0 			 0.0 			0.0
g4	 21 	 0.0 			 0.0 			0.0
g4	 22 	 0.0 			 0.0 			0.0
g4	 23 	 0.0 			 0.0 			0.0
g4	 24 	 0.0 			 0.0 			0.0
g4	 25 	 0.0 			 0.0 			0.0
g4	 26 	 0.0 			 0.0 			0.0
g4	 27 	 0.0 			 0.0 			0.0
g4	 28 	 0.0 			 0.0 			0.0
g4	 29 	 0.0 			 0.0 			0.0
g4	 30 	 0.0 			 0.0 			0.0
g4	 31 	 0.0 			 0.0 			0.0
g4	 32 	 0.0 			 0.0 			0.0
g4	 33 	 0.0 			 0.0 			0.0
g4	 34 	 0.0 			 0.0 			0.0
g4	 35 	 0.0 			 0.0 			0.0
g4	 36 	 0.0 			 0.0 			0.0
g4	 37 	 0.0 			 0.0 			0.0
g4	 38 	 0.0 			 0.0 			0.0
g4	 39 	 0.0 			 0.0 			0.0
g4	 40 	 0.0 			 0.0 			0.0
g4	 41 	 0.0 			 0.0 			0.0
g4	 42 	 0.0 			 0.0 			0.0
g4	 43 	 0.0 			 0.0 			0.0
g4	 44 	 0.0 			 0.0 			0.0
g4	 45 	 0.0 			 0.0 			0.0
g4	 46 	 0.0 			 0.0 			0.0
g4	 47 	 0.0 			 0.0 			0.0
g4	 48 	 0.0 			 0.0 			0.0
g4	 49 	 0.0 			 0.0 			0.0
g4	 50 	 0.0 			 0.0 			0.0
g4	 51 	 0.0 			 0.0 			0.0
g4	 52 	 0.0 			 0.0 			0.0
g4	 53 	 0.0 			 0.0 			0.0
g4	 54 	 0.0 			 0.0 			0.0
g4	 55 	 0.0 			 0.0 			0.0
g4	 56 	 0.0 			 0.0 			0.0
g4	 57 	 0.0 			 0.0 			0.0
g4	 58 	 0.0 			 0.0 			0.0
g4	 59 	 0.0 			 0.0 			0.0
g4	 60 	 0.0 			 0.0 			0.0
g4	 61 	 398.628661 			 4827.67 			5226.298661
g4	 62 	 398.628661 			 0.0 			398.628661
g4	 63 	 398.628661 			 0.0 			398.628661
g4	 64 	 398.628661 			 0.0 			398.628661
g4	 65 	 398.628661 			 0.0 			398.628661
g4	 66 	 398.628661 			 0.0 			398.628661
g4	 67 	 398.628661 			 0.0 			398.628661
g4	 68 	 398.628661 			 0.0 			398.628661
g4	 69 	 398.628661 			 0.0 			398.628661
g4	 70 	 423.856328 			 0.0 			423.856328
g4	 71 	 398.628661 			 0.0 			398.628661
g4	 72 	 483.667216 			 0.0 			483.667216
g4	 73 	 398.628661 			 0.0 			398.628661
g4	 74 	 398.628661 			 0.0 			398.628661
g4	 75 	 398.628661 			 0.0 			398.628661
g4	 76 	 398.628661 			 0.0 			398.628661
g4	 77 	 0.0 			 0.0 			0.0
g4	 78 	 0.0 			 0.0 			0.0
g4	 79 	 0.0 			 0.0 			0.0
g4	 80 	 0.0 			 0.0 			0.0
g4	 81 	 0.0 			 0.0 			0.0
g4	 82 	 0.0 			 0.0 			0.0
g4	 83 	 0.0 			 0.0 			0.0
g4	 84 	 0.0 			 0.0 			0.0
g4	 85 	 0.0 			 0.0 			0.0
g4	 86 	 0.0 			 0.0 			0.0
g4	 87 	 0.0 			 0.0 			0.0
g4	 88 	 0.0 			 0.0 			0.0
g4	 89 	 0.0 			 0.0 			0.0
g4	 90 	 0.0 			 0.0 			0.0
g4	 91 	 0.0 			 0.0 			0.0
g4	 92 	 0.0 			 0.0 			0.0
g4	 93 	 0.0 			 0.0 			0.0
g4	 94 	 0.0 			 0.0 			0.0
g4	 95 	 0.0 			 0.0 			0.0
g4	 96 	 0.0 			 0.0 			0.0
----------------------------------------------------------------------------------------------------
g5	 1 	 0.0 			 0.0 			0.0
g5	 2 	 0.0 			 0.0 			0.0
g5	 3 	 0.0 			 0.0 			0.0
g5	 4 	 0.0 			 0.0 			0.0
g5	 5 	 0.0 			 0.0 			0.0
g5	 6 	 0.0 			 0.0 			0.0
g5	 7 	 0.0 			 0.0 			0.0
g5	 8 	 0.0 			 0.0 			0.0
g5	 9 	 0.0 			 0.0 			0.0
g5	 10 	 0.0 			 0.0 			0.0
g5	 11 	 0.0 			 0.0 			0.0
g5	 12 	 0.0 			 0.0 			0.0
g5	 13 	 0.0 			 0.0 			0.0
g5	 14 	 0.0 			 0.0 			0.0
g5	 15 	 0.0 			 0.0 			0.0
g5	 16 	 0.0 			 0.0 			0.0
g5	 17 	 0.0 			 0.0 			0.0
g5	 18 	 0.0 			 0.0 			0.0
g5	 19 	 0.0 			 0.0 			0.0
g5	 20 	 0.0 			 0.0 			0.0
g5	 21 	 0.0 			 0.0 			0.0
g5	 22 	 0.0 			 0.0 			0.0
g5	 23 	 0.0 			 0.0 			0.0
g5	 24 	 0.0 			 0.0 			0.0
g5	 25 	 0.0 			 0.0 			0.0
g5	 26 	 0.0 			 0.0 			0.0
g5	 27 	 0.0 			 0.0 			0.0
g5	 28 	 0.0 			 0.0 			0.0
g5	 29 	 0.0 			 0.0 			0.0
g5	 30 	 0.0 			 0.0 			0.0
g5	 31 	 0.0 			 0.0 			0.0
g5	 32 	 0.0 			 0.0 			0.0
g5	 33 	 0.0 			 0.0 			0.0
g5	 34 	 0.0 			 0.0 			0.0
g5	 35 	 0.0 			 0.0 			0.0
g5	 36 	 0.0 			 0.0 			0.0
g5	 37 	 0.0 			 0.0 			0.0
g5	 38 	 0.0 			 0.0 			0.0
g5	 39 	 0.0 			 0.0 			0.0
g5	 40 	 0.0 			 0.0 			0.0
g5	 41 	 0.0 			 0.0 			0.0
g5	 42 	 0.0 			 0.0 			0.0
g5	 43 	 0.0 			 0.0 			0.0
g5	 44 	 0.0 			 0.0 			0.0
g5	 45 	 0.0 			 0.0 			0.0
g5	 46 	 0.0 			 0.0 			0.0
g5	 47 	 0.0 			 0.0 			0.0
g5	 48 	 0.0 			 0.0 			0.0
g5	 49 	 0.0 			 0.0 			0.0
g5	 50 	 0.0 			 0.0 			0.0
g5	 51 	 0.0 			 0.0 			0.0
g5	 52 	 0.0 			 0.0 			0.0
g5	 53 	 0.0 			 0.0 			0.0
g5	 54 	 0.0 			 0.0 			0.0
g5	 55 	 0.0 			 0.0 			0.0
g5	 56 	 0.0 			 0.0 			0.0
g5	 57 	 0.0 			 0.0 			0.0
g5	 58 	 0.0 			 0.0 			0.0
g5	 59 	 0.0 			 0.0 			0.0
g5	 60 	 0.0 			 0.0 			0.0
g5	 61 	 0.0 			 0.0 			0.0
g5	 62 	 0.0 			 0.0 			0.0
g5	 63 	 0.0 			 0.0 			0.0
g5	 64 	 0.0 			 0.0 			0.0
g5	 65 	 0.0 			 0.0 			0.0
g5	 66 	 0.0 			 0.0 			0.0
g5	 67 	 0.0 			 0.0 			0.0
g5	 68 	 0.0 			 0.0 			0.0
g5	 69 	 0.0 			 0.0 			0.0
g5	 70 	 0.0 			 0.0 			0.0
g5	 71 	 0.0 			 0.0 			0.0
g5	 72 	 0.0 			 0.0 			0.0
g5	 73 	 0.0 			 0.0 			0.0
g5	 74 	 0.0 			 0.0 			0.0
g5	 75 	 0.0 			 0.0 			0.0
g5	 76 	 0.0 			 0.0 			0.0
g5	 77 	 0.0 			 0.0 			0.0
g5	 78 	 0.0 			 0.0 			0.0
g5	 79 	 0.0 			 0.0 			0.0
g5	 80 	 0.0 			 0.0 			0.0
g5	 81 	 0.0 			 0.0 			0.0
g5	 82 	 0.0 			 0.0 			0.0
g5	 83 	 0.0 			 0.0 			0.0
g5	 84 	 0.0 			 0.0 			0.0
g5	 85 	 0.0 			 0.0 			0.0
g5	 86 	 0.0 			 0.0 			0.0
g5	 87 	 0.0 			 0.0 			0.0
g5	 88 	 0.0 			 0.0 			0.0
g5	 89 	 0.0 			 0.0 			0.0
g5	 90 	 0.0 			 0.0 			0.0
g5	 91 	 0.0 			 0.0 			0.0
g5	 92 	 0.0 			 0.0 			0.0
g5	 93 	 0.0 			 0.0 			0.0
g5	 94 	 0.0 			 0.0 			0.0
g5	 95 	 0.0 			 0.0 			0.0
g5	 96 	 0.0 			 0.0 			0.0
----------------------------------------------------------------------------------------------------
 
unit 	 generation 	 generation cost 	 start-up cost 	 total cost
----------------------------------------------------------------------------------------------------
g1 	 6744.789767			251409.672965			 0.000000		 251409.672965
g2 	 677.586544			40741.981003			 10598.130000		 51340.111003
g3 	 459.776658			29480.170608			 4595.430000		 34075.600608
g4 	 91.647170			6488.324798			 4827.670000		 11315.994798
g5 	 0.000000			0.000000			 0.000000		 0.000000
----------------------------------------------------------------------------------------------------
 
generation cost 	 start-up cost 		 total cost
----------------------------------------------------------------------------------------------------
328120.14937400026 			 20021.23 			 348141.3793740003
----------------------------------------------------------------------------------------------------
uplift payment for generator g1: 0.0
uplift payment for generator g2: 21685.606099
uplift payment for generator g3: 14515.492798
uplift payment for generator g4: 7480.338832
uplift payment for generator g5: 0.0
 
****************************************************************************************************
 
rtm Systemwide prices
----------------------------------------------------------------------------------------------------
time	 energy 	 up-FRP 	 dw-FRP
----------------------------------------------------------------------------------------------------
1 	 9.614507 		 0.0 		 0.0
2 	 9.614507 		 0.0 		 0.0
3 	 9.614507 		 0.0 		 0.0
4 	 9.614507 		 0.0 		 0.0
5 	 9.408671 		 0.0 		 0.0
6 	 9.408671 		 0.0 		 0.0
7 	 9.408671 		 0.0 		 0.0
8 	 9.408671 		 0.0 		 0.0
9 	 9.408671 		 0.0 		 0.0
10 	 9.408671 		 0.0 		 0.0
11 	 9.408671 		 0.0 		 0.0
12 	 9.408671 		 0.0 		 0.0
13 	 9.408671 		 0.0 		 0.0
14 	 9.408671 		 0.0 		 0.0
15 	 9.408671 		 0.0 		 0.0
16 	 9.408671 		 0.0 		 0.0
17 	 9.408671 		 0.0 		 0.0
18 	 9.408671 		 0.0 		 0.0
19 	 9.408671 		 0.0 		 0.0
20 	 9.408671 		 0.0 		 0.0
21 	 9.408671 		 0.0 		 0.0
22 	 9.408671 		 0.0 		 0.0
23 	 9.408671 		 0.0 		 0.0
24 	 9.408671 		 0.0 		 0.0
25 	 9.408671 		 0.0 		 0.0
26 	 9.408671 		 0.0 		 0.0
27 	 9.408671 		 0.0 		 0.0
28 	 9.408671 		 0.0 		 0.0
29 	 9.614507 		 0.0 		 0.0
30 	 9.408671 		 0.0 		 0.0
31 	 9.457625 		 0.0 		 0.0
32 	 9.408671 		 0.0 		 0.0
33 	 9.614507 		 0.0 		 0.0
34 	 9.614507 		 0.0 		 0.0
35 	 9.614507 		 0.0 		 0.0
36 	 9.614507 		 0.0 		 0.0
37 	 9.614507 		 0.0 		 0.0
38 	 9.614507 		 0.0 		 0.0
39 	 9.614507 		 0.0 		 0.0
40 	 9.614507 		 0.0 		 0.0
41 	 9.614507 		 0.0 		 0.0
42 	 9.614507 		 0.0 		 0.0
43 	 9.614507 		 0.0 		 0.0
44 	 9.614507 		 0.0 		 0.0
45 	 9.614507 		 0.0 		 0.0
46 	 9.614507 		 0.0 		 0.0
47 	 9.614507 		 0.0 		 0.0
48 	 9.614507 		 0.0 		 0.0
49 	 10.185876 		 0.0 		 0.0
50 	 10.185876 		 0.0 		 0.0
51 	 10.185876 		 0.0 		 0.0
52 	 10.185876 		 0.0 		 0.0
53 	 10.185876 		 0.0 		 0.0
54 	 10.185876 		 0.0 		 0.0
55 	 10.185876 		 0.0 		 0.0
56 	 10.185876 		 0.0 		 0.0
57 	 10.185876 		 0.0 		 0.0
58 	 11.493892 		 0.0 		 0.0
59 	 10.185876 		 0.0 		 0.0
60 	 10.185876 		 0.0 		 0.0
61 	 10.185876 		 0.0 		 0.0
62 	 10.185876 		 0.0 		 0.0
63 	 10.185876 		 0.0 		 0.0
64 	 10.185876 		 0.0 		 0.0
65 	 10.185876 		 0.0 		 0.0
66 	 10.185876 		 0.0 		 0.0
67 	 10.185876 		 0.0 		 0.0
68 	 10.185876 		 0.0 		 0.0
69 	 9.614507 		 0.0 		 0.0
70 	 10.824293 		 0.0 		 0.0
71 	 10.051777 		 0.0 		 0.0
72 	 10.824293 		 0.0 		 0.0
73 	 9.614507 		 0.0 		 0.0
74 	 10.185876 		 0.0 		 0.0
75 	 9.614507 		 0.0 		 0.0
76 	 10.185876 		 0.0 		 0.0
77 	 10.185876 		 0.0 		 0.0
78 	 10.185876 		 0.0 		 0.0
79 	 10.185876 		 0.0 		 0.0
80 	 10.185876 		 0.0 		 0.0
81 	 10.185876 		 0.0 		 0.0
82 	 9.614507 		 0.0 		 0.0
83 	 10.185876 		 0.0 		 0.0
84 	 9.614507 		 0.0 		 0.0
85 	 9.614507 		 0.0 		 0.0
86 	 9.614507 		 0.0 		 0.0
87 	 9.614507 		 0.0 		 0.0
88 	 9.614507 		 0.0 		 0.0
89 	 9.614507 		 0.0 		 0.0
90 	 9.614507 		 0.0 		 0.0
91 	 9.614507 		 0.0 		 0.0
92 	 9.614507 		 0.0 		 0.0
93 	 9.614507 		 0.0 		 0.0
94 	 9.614507 		 0.0 		 0.0
95 	 9.614507 		 0.0 		 0.0
96 	 9.614507 		 0.0 		 0.0
 
****************************************************************************************************
 
rtm Post-uplift payments
----------------------------------------------------------------------------------------------------------------------------------------------------
unit 	 generation payment 	 up-FRP payment 	 dw-FRP payment 	pre-up t. payment 	 uplift payments 	 post-up t. payment 	 profit
----------------------------------------------------------------------------------------------------------------------------------------------------
 g1 	 15912.172419			 0.000000			 0.000000			 15912.172419			 0.000000			 15912.172419		 31538.958169
 g2 	 1753.063520			 0.000000			 0.000000			 1753.063520			 21685.606099			 23438.669619		 0.000000
 g3 	 1074.238950			 0.000000			 0.000000			 1074.238950			 14515.492798			 15589.731748		 0.000000
 g4 	 256.301107			 0.000000			 0.000000			 256.301107			 7480.338832			 7736.639939		 0.000000
 g5 	 0.000000			 0.000000			 0.000000			 0.000000			 0.000000			 0.000000		 0.000000
****************************************************************************************************
 
Total generator payments
----------------------------------------------------------------------------------------------------------------------------------------------------
unit 	 generation payment 	 up-FRP payment 	 dw-FRP payment 	pre-up t. payment 	 uplift payments 	 post-up t. payment 	 profit
----------------------------------------------------------------------------------------------------------------------------------------------------
 g1 	 282653.515703			 295.115431			 0.000000			 282948.631134			 0.000000			 282948.631134		 31538.958169
 g2 	 28833.715631			 820.789273			 0.000000			 29654.504904			 21685.606099			 51340.111003		 0.000000
 g3 	 19548.770179			 11.337631			 0.000000			 19560.107810			 14515.492798			 34075.600608		 -0.000000
 g4 	 3835.655966			 0.000000			 0.000000			 3835.655966			 7480.338832			 11315.994798		 0.000000
 g5 	 0.000000			 0.000000			 0.000000			 0.000000			 0.000000			 0.000000		 0.000000
 
****************************************************************************************************
 
rtm LMP
----------------------------------------------------------------------------------------------------
bus name 	 time 		 LMP
----------------------------------------------------------------------------------------------------
b1 		 1 		 9.614507
b1 		 2 		 9.614507
b1 		 3 		 9.614507
b1 		 4 		 9.614507
b1 		 5 		 9.408671
b1 		 6 		 9.408671
b1 		 7 		 9.408671
b1 		 8 		 9.408671
b1 		 9 		 9.408671
b1 		 10 		 9.408671
b1 		 11 		 9.408671
b1 		 12 		 9.408671
b1 		 13 		 9.408671
b1 		 14 		 9.408671
b1 		 15 		 9.408671
b1 		 16 		 9.408671
b1 		 17 		 9.408671
b1 		 18 		 9.408671
b1 		 19 		 9.408671
b1 		 20 		 9.408671
b1 		 21 		 9.408671
b1 		 22 		 9.408671
b1 		 23 		 9.408671
b1 		 24 		 9.408671
b1 		 25 		 9.408671
b1 		 26 		 9.408671
b1 		 27 		 9.408671
b1 		 28 		 9.408671
b1 		 29 		 9.614507
b1 		 30 		 9.408671
b1 		 31 		 9.457625
b1 		 32 		 9.408671
b1 		 33 		 9.614507
b1 		 34 		 9.614507
b1 		 35 		 9.614507
b1 		 36 		 9.614507
b1 		 37 		 9.614507
b1 		 38 		 9.614507
b1 		 39 		 9.614507
b1 		 40 		 9.614507
b1 		 41 		 9.614507
b1 		 42 		 9.614507
b1 		 43 		 9.614507
b1 		 44 		 9.614507
b1 		 45 		 9.614507
b1 		 46 		 9.614507
b1 		 47 		 9.614507
b1 		 48 		 9.614507
b1 		 49 		 10.185876
b1 		 50 		 10.185876
b1 		 51 		 10.185876
b1 		 52 		 10.185876
b1 		 53 		 10.185876
b1 		 54 		 10.185876
b1 		 55 		 10.185876
b1 		 56 		 10.185876
b1 		 57 		 10.185876
b1 		 58 		 11.493892
b1 		 59 		 10.185876
b1 		 60 		 10.185876
b1 		 61 		 10.185876
b1 		 62 		 10.185876
b1 		 63 		 10.185876
b1 		 64 		 10.185876
b1 		 65 		 10.185876
b1 		 66 		 10.185876
b1 		 67 		 10.185876
b1 		 68 		 10.185876
b1 		 69 		 9.614507
b1 		 70 		 10.824293
b1 		 71 		 10.051777
b1 		 72 		 10.824293
b1 		 73 		 9.614507
b1 		 74 		 10.185876
b1 		 75 		 9.614507
b1 		 76 		 10.185876
b1 		 77 		 10.185876
b1 		 78 		 10.185876
b1 		 79 		 10.185876
b1 		 80 		 10.185876
b1 		 81 		 10.185876
b1 		 82 		 9.614507
b1 		 83 		 10.185876
b1 		 84 		 9.614507
b1 		 85 		 9.614507
b1 		 86 		 9.614507
b1 		 87 		 9.614507
b1 		 88 		 9.614507
b1 		 89 		 9.614507
b1 		 90 		 9.614507
b1 		 91 		 9.614507
b1 		 92 		 9.614507
b1 		 93 		 9.614507
b1 		 94 		 9.614507
b1 		 95 		 9.614507
b1 		 96 		 9.614507
----------------------------------------------------------------------------------------------------
b2 		 1 		 9.614507
b2 		 2 		 9.614507
b2 		 3 		 9.614507
b2 		 4 		 9.614507
b2 		 5 		 9.408671
b2 		 6 		 9.408671
b2 		 7 		 9.408671
b2 		 8 		 9.408671
b2 		 9 		 9.408671
b2 		 10 		 9.408671
b2 		 11 		 9.408671
b2 		 12 		 9.408671
b2 		 13 		 9.408671
b2 		 14 		 9.408671
b2 		 15 		 9.408671
b2 		 16 		 9.408671
b2 		 17 		 9.408671
b2 		 18 		 9.408671
b2 		 19 		 9.408671
b2 		 20 		 9.408671
b2 		 21 		 9.408671
b2 		 22 		 9.408671
b2 		 23 		 9.408671
b2 		 24 		 9.408671
b2 		 25 		 9.408671
b2 		 26 		 9.408671
b2 		 27 		 9.408671
b2 		 28 		 9.408671
b2 		 29 		 9.614507
b2 		 30 		 9.408671
b2 		 31 		 9.457625
b2 		 32 		 9.408671
b2 		 33 		 9.614507
b2 		 34 		 9.614507
b2 		 35 		 9.614507
b2 		 36 		 9.614507
b2 		 37 		 9.614507
b2 		 38 		 9.614507
b2 		 39 		 9.614507
b2 		 40 		 9.614507
b2 		 41 		 9.614507
b2 		 42 		 9.614507
b2 		 43 		 9.614507
b2 		 44 		 9.614507
b2 		 45 		 9.614507
b2 		 46 		 9.614507
b2 		 47 		 9.614507
b2 		 48 		 9.614507
b2 		 49 		 10.185876
b2 		 50 		 10.185876
b2 		 51 		 10.185876
b2 		 52 		 10.185876
b2 		 53 		 10.185876
b2 		 54 		 10.185876
b2 		 55 		 10.185876
b2 		 56 		 10.185876
b2 		 57 		 10.185876
b2 		 58 		 11.493892
b2 		 59 		 10.185876
b2 		 60 		 10.185876
b2 		 61 		 10.185876
b2 		 62 		 10.185876
b2 		 63 		 10.185876
b2 		 64 		 10.185876
b2 		 65 		 10.185876
b2 		 66 		 10.185876
b2 		 67 		 10.185876
b2 		 68 		 10.185876
b2 		 69 		 9.614507
b2 		 70 		 10.824293
b2 		 71 		 10.051777
b2 		 72 		 10.824293
b2 		 73 		 9.614507
b2 		 74 		 10.185876
b2 		 75 		 9.614507
b2 		 76 		 10.185876
b2 		 77 		 10.185876
b2 		 78 		 10.185876
b2 		 79 		 10.185876
b2 		 80 		 10.185876
b2 		 81 		 10.185876
b2 		 82 		 9.614507
b2 		 83 		 10.185876
b2 		 84 		 9.614507
b2 		 85 		 9.614507
b2 		 86 		 9.614507
b2 		 87 		 9.614507
b2 		 88 		 9.614507
b2 		 89 		 9.614507
b2 		 90 		 9.614507
b2 		 91 		 9.614507
b2 		 92 		 9.614507
b2 		 93 		 9.614507
b2 		 94 		 9.614507
b2 		 95 		 9.614507
b2 		 96 		 9.614507
----------------------------------------------------------------------------------------------------
b3 		 1 		 9.614507
b3 		 2 		 9.614507
b3 		 3 		 9.614507
b3 		 4 		 9.614507
b3 		 5 		 9.408671
b3 		 6 		 9.408671
b3 		 7 		 9.408671
b3 		 8 		 9.408671
b3 		 9 		 9.408671
b3 		 10 		 9.408671
b3 		 11 		 9.408671
b3 		 12 		 9.408671
b3 		 13 		 9.408671
b3 		 14 		 9.408671
b3 		 15 		 9.408671
b3 		 16 		 9.408671
b3 		 17 		 9.408671
b3 		 18 		 9.408671
b3 		 19 		 9.408671
b3 		 20 		 9.408671
b3 		 21 		 9.408671
b3 		 22 		 9.408671
b3 		 23 		 9.408671
b3 		 24 		 9.408671
b3 		 25 		 9.408671
b3 		 26 		 9.408671
b3 		 27 		 9.408671
b3 		 28 		 9.408671
b3 		 29 		 9.614507
b3 		 30 		 9.408671
b3 		 31 		 9.457625
b3 		 32 		 9.408671
b3 		 33 		 9.614507
b3 		 34 		 9.614507
b3 		 35 		 9.614507
b3 		 36 		 9.614507
b3 		 37 		 9.614507
b3 		 38 		 9.614507
b3 		 39 		 9.614507
b3 		 40 		 9.614507
b3 		 41 		 9.614507
b3 		 42 		 9.614507
b3 		 43 		 9.614507
b3 		 44 		 9.614507
b3 		 45 		 9.614507
b3 		 46 		 9.614507
b3 		 47 		 9.614507
b3 		 48 		 9.614507
b3 		 49 		 10.185876
b3 		 50 		 10.185876
b3 		 51 		 10.185876
b3 		 52 		 10.185876
b3 		 53 		 10.185876
b3 		 54 		 10.185876
b3 		 55 		 10.185876
b3 		 56 		 10.185876
b3 		 57 		 10.185876
b3 		 58 		 11.493892
b3 		 59 		 10.185876
b3 		 60 		 10.185876
b3 		 61 		 10.185876
b3 		 62 		 10.185876
b3 		 63 		 10.185876
b3 		 64 		 10.185876
b3 		 65 		 10.185876
b3 		 66 		 10.185876
b3 		 67 		 10.185876
b3 		 68 		 10.185876
b3 		 69 		 9.614507
b3 		 70 		 10.824293
b3 		 71 		 10.051777
b3 		 72 		 10.824293
b3 		 73 		 9.614507
b3 		 74 		 10.185876
b3 		 75 		 9.614507
b3 		 76 		 10.185876
b3 		 77 		 10.185876
b3 		 78 		 10.185876
b3 		 79 		 10.185876
b3 		 80 		 10.185876
b3 		 81 		 10.185876
b3 		 82 		 9.614507
b3 		 83 		 10.185876
b3 		 84 		 9.614507
b3 		 85 		 9.614507
b3 		 86 		 9.614507
b3 		 87 		 9.614507
b3 		 88 		 9.614507
b3 		 89 		 9.614507
b3 		 90 		 9.614507
b3 		 91 		 9.614507
b3 		 92 		 9.614507
b3 		 93 		 9.614507
b3 		 94 		 9.614507
b3 		 95 		 9.614507
b3 		 96 		 9.614507
----------------------------------------------------------------------------------------------------
b4 		 1 		 9.614507
b4 		 2 		 9.614507
b4 		 3 		 9.614507
b4 		 4 		 9.614507
b4 		 5 		 9.408671
b4 		 6 		 9.408671
b4 		 7 		 9.408671
b4 		 8 		 9.408671
b4 		 9 		 9.408671
b4 		 10 		 9.408671
b4 		 11 		 9.408671
b4 		 12 		 9.408671
b4 		 13 		 9.408671
b4 		 14 		 9.408671
b4 		 15 		 9.408671
b4 		 16 		 9.408671
b4 		 17 		 9.408671
b4 		 18 		 9.408671
b4 		 19 		 9.408671
b4 		 20 		 9.408671
b4 		 21 		 9.408671
b4 		 22 		 9.408671
b4 		 23 		 9.408671
b4 		 24 		 9.408671
b4 		 25 		 9.408671
b4 		 26 		 9.408671
b4 		 27 		 9.408671
b4 		 28 		 9.408671
b4 		 29 		 9.614507
b4 		 30 		 9.408671
b4 		 31 		 9.457625
b4 		 32 		 9.408671
b4 		 33 		 9.614507
b4 		 34 		 9.614507
b4 		 35 		 9.614507
b4 		 36 		 9.614507
b4 		 37 		 9.614507
b4 		 38 		 9.614507
b4 		 39 		 9.614507
b4 		 40 		 9.614507
b4 		 41 		 9.614507
b4 		 42 		 9.614507
b4 		 43 		 9.614507
b4 		 44 		 9.614507
b4 		 45 		 9.614507
b4 		 46 		 9.614507
b4 		 47 		 9.614507
b4 		 48 		 9.614507
b4 		 49 		 10.185876
b4 		 50 		 10.185876
b4 		 51 		 10.185876
b4 		 52 		 10.185876
b4 		 53 		 10.185876
b4 		 54 		 10.185876
b4 		 55 		 10.185876
b4 		 56 		 10.185876
b4 		 57 		 10.185876
b4 		 58 		 11.493892
b4 		 59 		 10.185876
b4 		 60 		 10.185876
b4 		 61 		 10.185876
b4 		 62 		 10.185876
b4 		 63 		 10.185876
b4 		 64 		 10.185876
b4 		 65 		 10.185876
b4 		 66 		 10.185876
b4 		 67 		 10.185876
b4 		 68 		 10.185876
b4 		 69 		 9.614507
b4 		 70 		 10.824293
b4 		 71 		 10.051777
b4 		 72 		 10.824293
b4 		 73 		 9.614507
b4 		 74 		 10.185876
b4 		 75 		 9.614507
b4 		 76 		 10.185876
b4 		 77 		 10.185876
b4 		 78 		 10.185876
b4 		 79 		 10.185876
b4 		 80 		 10.185876
b4 		 81 		 10.185876
b4 		 82 		 9.614507
b4 		 83 		 10.185876
b4 		 84 		 9.614507
b4 		 85 		 9.614507
b4 		 86 		 9.614507
b4 		 87 		 9.614507
b4 		 88 		 9.614507
b4 		 89 		 9.614507
b4 		 90 		 9.614507
b4 		 91 		 9.614507
b4 		 92 		 9.614507
b4 		 93 		 9.614507
b4 		 94 		 9.614507
b4 		 95 		 9.614507
b4 		 96 		 9.614507
----------------------------------------------------------------------------------------------------
b5 		 1 		 9.614507
b5 		 2 		 9.614507
b5 		 3 		 9.614507
b5 		 4 		 9.614507
b5 		 5 		 9.408671
b5 		 6 		 9.408671
b5 		 7 		 9.408671
b5 		 8 		 9.408671
b5 		 9 		 9.408671
b5 		 10 		 9.408671
b5 		 11 		 9.408671
b5 		 12 		 9.408671
b5 		 13 		 9.408671
b5 		 14 		 9.408671
b5 		 15 		 9.408671
b5 		 16 		 9.408671
b5 		 17 		 9.408671
b5 		 18 		 9.408671
b5 		 19 		 9.408671
b5 		 20 		 9.408671
b5 		 21 		 9.408671
b5 		 22 		 9.408671
b5 		 23 		 9.408671
b5 		 24 		 9.408671
b5 		 25 		 9.408671
b5 		 26 		 9.408671
b5 		 27 		 9.408671
b5 		 28 		 9.408671
b5 		 29 		 9.614507
b5 		 30 		 9.408671
b5 		 31 		 9.457625
b5 		 32 		 9.408671
b5 		 33 		 9.614507
b5 		 34 		 9.614507
b5 		 35 		 9.614507
b5 		 36 		 9.614507
b5 		 37 		 9.614507
b5 		 38 		 9.614507
b5 		 39 		 9.614507
b5 		 40 		 9.614507
b5 		 41 		 9.614507
b5 		 42 		 9.614507
b5 		 43 		 9.614507
b5 		 44 		 9.614507
b5 		 45 		 9.614507
b5 		 46 		 9.614507
b5 		 47 		 9.614507
b5 		 48 		 9.614507
b5 		 49 		 10.185876
b5 		 50 		 10.185876
b5 		 51 		 10.185876
b5 		 52 		 10.185876
b5 		 53 		 10.185876
b5 		 54 		 10.185876
b5 		 55 		 10.185876
b5 		 56 		 10.185876
b5 		 57 		 10.185876
b5 		 58 		 11.493892
b5 		 59 		 10.185876
b5 		 60 		 10.185876
b5 		 61 		 10.185876
b5 		 62 		 10.185876
b5 		 63 		 10.185876
b5 		 64 		 10.185876
b5 		 65 		 10.185876
b5 		 66 		 10.185876
b5 		 67 		 10.185876
b5 		 68 		 10.185876
b5 		 69 		 9.614507
b5 		 70 		 10.824293
b5 		 71 		 10.051777
b5 		 72 		 10.824293
b5 		 73 		 9.614507
b5 		 74 		 10.185876
b5 		 75 		 9.614507
b5 		 76 		 10.185876
b5 		 77 		 10.185876
b5 		 78 		 10.185876
b5 		 79 		 10.185876
b5 		 80 		 10.185876
b5 		 81 		 10.185876
b5 		 82 		 9.614507
b5 		 83 		 10.185876
b5 		 84 		 9.614507
b5 		 85 		 9.614507
b5 		 86 		 9.614507
b5 		 87 		 9.614507
b5 		 88 		 9.614507
b5 		 89 		 9.614507
b5 		 90 		 9.614507
b5 		 91 		 9.614507
b5 		 92 		 9.614507
b5 		 93 		 9.614507
b5 		 94 		 9.614507
b5 		 95 		 9.614507
b5 		 96 		 9.614507
----------------------------------------------------------------------------------------------------
b6 		 1 		 9.614507
b6 		 2 		 9.614507
b6 		 3 		 9.614507
b6 		 4 		 9.614507
b6 		 5 		 9.408671
b6 		 6 		 9.408671
b6 		 7 		 9.408671
b6 		 8 		 9.408671
b6 		 9 		 9.408671
b6 		 10 		 9.408671
b6 		 11 		 9.408671
b6 		 12 		 9.408671
b6 		 13 		 9.408671
b6 		 14 		 9.408671
b6 		 15 		 9.408671
b6 		 16 		 9.408671
b6 		 17 		 9.408671
b6 		 18 		 9.408671
b6 		 19 		 9.408671
b6 		 20 		 9.408671
b6 		 21 		 9.408671
b6 		 22 		 9.408671
b6 		 23 		 9.408671
b6 		 24 		 9.408671
b6 		 25 		 9.408671
b6 		 26 		 9.408671
b6 		 27 		 9.408671
b6 		 28 		 9.408671
b6 		 29 		 9.614507
b6 		 30 		 9.408671
b6 		 31 		 9.457625
b6 		 32 		 9.408671
b6 		 33 		 9.614507
b6 		 34 		 9.614507
b6 		 35 		 9.614507
b6 		 36 		 9.614507
b6 		 37 		 9.614507
b6 		 38 		 9.614507
b6 		 39 		 9.614507
b6 		 40 		 9.614507
b6 		 41 		 9.614507
b6 		 42 		 9.614507
b6 		 43 		 9.614507
b6 		 44 		 9.614507
b6 		 45 		 9.614507
b6 		 46 		 9.614507
b6 		 47 		 9.614507
b6 		 48 		 9.614507
b6 		 49 		 10.185876
b6 		 50 		 10.185876
b6 		 51 		 10.185876
b6 		 52 		 10.185876
b6 		 53 		 10.185876
b6 		 54 		 10.185876
b6 		 55 		 10.185876
b6 		 56 		 10.185876
b6 		 57 		 10.185876
b6 		 58 		 11.493892
b6 		 59 		 10.185876
b6 		 60 		 10.185876
b6 		 61 		 10.185876
b6 		 62 		 10.185876
b6 		 63 		 10.185876
b6 		 64 		 10.185876
b6 		 65 		 10.185876
b6 		 66 		 10.185876
b6 		 67 		 10.185876
b6 		 68 		 10.185876
b6 		 69 		 9.614507
b6 		 70 		 10.824293
b6 		 71 		 10.051777
b6 		 72 		 10.824293
b6 		 73 		 9.614507
b6 		 74 		 10.185876
b6 		 75 		 9.614507
b6 		 76 		 10.185876
b6 		 77 		 10.185876
b6 		 78 		 10.185876
b6 		 79 		 10.185876
b6 		 80 		 10.185876
b6 		 81 		 10.185876
b6 		 82 		 9.614507
b6 		 83 		 10.185876
b6 		 84 		 9.614507
b6 		 85 		 9.614507
b6 		 86 		 9.614507
b6 		 87 		 9.614507
b6 		 88 		 9.614507
b6 		 89 		 9.614507
b6 		 90 		 9.614507
b6 		 91 		 9.614507
b6 		 92 		 9.614507
b6 		 93 		 9.614507
b6 		 94 		 9.614507
b6 		 95 		 9.614507
b6 		 96 		 9.614507
----------------------------------------------------------------------------------------------------
b7 		 1 		 9.614507
b7 		 2 		 9.614507
b7 		 3 		 9.614507
b7 		 4 		 9.614507
b7 		 5 		 9.408671
b7 		 6 		 9.408671
b7 		 7 		 9.408671
b7 		 8 		 9.408671
b7 		 9 		 9.408671
b7 		 10 		 9.408671
b7 		 11 		 9.408671
b7 		 12 		 9.408671
b7 		 13 		 9.408671
b7 		 14 		 9.408671
b7 		 15 		 9.408671
b7 		 16 		 9.408671
b7 		 17 		 9.408671
b7 		 18 		 9.408671
b7 		 19 		 9.408671
b7 		 20 		 9.408671
b7 		 21 		 9.408671
b7 		 22 		 9.408671
b7 		 23 		 9.408671
b7 		 24 		 9.408671
b7 		 25 		 9.408671
b7 		 26 		 9.408671
b7 		 27 		 9.408671
b7 		 28 		 9.408671
b7 		 29 		 9.614507
b7 		 30 		 9.408671
b7 		 31 		 9.457625
b7 		 32 		 9.408671
b7 		 33 		 9.614507
b7 		 34 		 9.614507
b7 		 35 		 9.614507
b7 		 36 		 9.614507
b7 		 37 		 9.614507
b7 		 38 		 9.614507
b7 		 39 		 9.614507
b7 		 40 		 9.614507
b7 		 41 		 9.614507
b7 		 42 		 9.614507
b7 		 43 		 9.614507
b7 		 44 		 9.614507
b7 		 45 		 9.614507
b7 		 46 		 9.614507
b7 		 47 		 9.614507
b7 		 48 		 9.614507
b7 		 49 		 10.185876
b7 		 50 		 10.185876
b7 		 51 		 10.185876
b7 		 52 		 10.185876
b7 		 53 		 10.185876
b7 		 54 		 10.185876
b7 		 55 		 10.185876
b7 		 56 		 10.185876
b7 		 57 		 10.185876
b7 		 58 		 11.493892
b7 		 59 		 10.185876
b7 		 60 		 10.185876
b7 		 61 		 10.185876
b7 		 62 		 10.185876
b7 		 63 		 10.185876
b7 		 64 		 10.185876
b7 		 65 		 10.185876
b7 		 66 		 10.185876
b7 		 67 		 10.185876
b7 		 68 		 10.185876
b7 		 69 		 9.614507
b7 		 70 		 10.824293
b7 		 71 		 10.051777
b7 		 72 		 10.824293
b7 		 73 		 9.614507
b7 		 74 		 10.185876
b7 		 75 		 9.614507
b7 		 76 		 10.185876
b7 		 77 		 10.185876
b7 		 78 		 10.185876
b7 		 79 		 10.185876
b7 		 80 		 10.185876
b7 		 81 		 10.185876
b7 		 82 		 9.614507
b7 		 83 		 10.185876
b7 		 84 		 9.614507
b7 		 85 		 9.614507
b7 		 86 		 9.614507
b7 		 87 		 9.614507
b7 		 88 		 9.614507
b7 		 89 		 9.614507
b7 		 90 		 9.614507
b7 		 91 		 9.614507
b7 		 92 		 9.614507
b7 		 93 		 9.614507
b7 		 94 		 9.614507
b7 		 95 		 9.614507
b7 		 96 		 9.614507
----------------------------------------------------------------------------------------------------
b8 		 1 		 9.614507
b8 		 2 		 9.614507
b8 		 3 		 9.614507
b8 		 4 		 9.614507
b8 		 5 		 9.408671
b8 		 6 		 9.408671
b8 		 7 		 9.408671
b8 		 8 		 9.408671
b8 		 9 		 9.408671
b8 		 10 		 9.408671
b8 		 11 		 9.408671
b8 		 12 		 9.408671
b8 		 13 		 9.408671
b8 		 14 		 9.408671
b8 		 15 		 9.408671
b8 		 16 		 9.408671
b8 		 17 		 9.408671
b8 		 18 		 9.408671
b8 		 19 		 9.408671
b8 		 20 		 9.408671
b8 		 21 		 9.408671
b8 		 22 		 9.408671
b8 		 23 		 9.408671
b8 		 24 		 9.408671
b8 		 25 		 9.408671
b8 		 26 		 9.408671
b8 		 27 		 9.408671
b8 		 28 		 9.408671
b8 		 29 		 9.614507
b8 		 30 		 9.408671
b8 		 31 		 9.457625
b8 		 32 		 9.408671
b8 		 33 		 9.614507
b8 		 34 		 9.614507
b8 		 35 		 9.614507
b8 		 36 		 9.614507
b8 		 37 		 9.614507
b8 		 38 		 9.614507
b8 		 39 		 9.614507
b8 		 40 		 9.614507
b8 		 41 		 9.614507
b8 		 42 		 9.614507
b8 		 43 		 9.614507
b8 		 44 		 9.614507
b8 		 45 		 9.614507
b8 		 46 		 9.614507
b8 		 47 		 9.614507
b8 		 48 		 9.614507
b8 		 49 		 10.185876
b8 		 50 		 10.185876
b8 		 51 		 10.185876
b8 		 52 		 10.185876
b8 		 53 		 10.185876
b8 		 54 		 10.185876
b8 		 55 		 10.185876
b8 		 56 		 10.185876
b8 		 57 		 10.185876
b8 		 58 		 11.493892
b8 		 59 		 10.185876
b8 		 60 		 10.185876
b8 		 61 		 10.185876
b8 		 62 		 10.185876
b8 		 63 		 10.185876
b8 		 64 		 10.185876
b8 		 65 		 10.185876
b8 		 66 		 10.185876
b8 		 67 		 10.185876
b8 		 68 		 10.185876
b8 		 69 		 9.614507
b8 		 70 		 10.824293
b8 		 71 		 10.051777
b8 		 72 		 10.824293
b8 		 73 		 9.614507
b8 		 74 		 10.185876
b8 		 75 		 9.614507
b8 		 76 		 10.185876
b8 		 77 		 10.185876
b8 		 78 		 10.185876
b8 		 79 		 10.185876
b8 		 80 		 10.185876
b8 		 81 		 10.185876
b8 		 82 		 9.614507
b8 		 83 		 10.185876
b8 		 84 		 9.614507
b8 		 85 		 9.614507
b8 		 86 		 9.614507
b8 		 87 		 9.614507
b8 		 88 		 9.614507
b8 		 89 		 9.614507
b8 		 90 		 9.614507
b8 		 91 		 9.614507
b8 		 92 		 9.614507
b8 		 93 		 9.614507
b8 		 94 		 9.614507
b8 		 95 		 9.614507
b8 		 96 		 9.614507
----------------------------------------------------------------------------------------------------
b9 		 1 		 9.614507
b9 		 2 		 9.614507
b9 		 3 		 9.614507
b9 		 4 		 9.614507
b9 		 5 		 9.408671
b9 		 6 		 9.408671
b9 		 7 		 9.408671
b9 		 8 		 9.408671
b9 		 9 		 9.408671
b9 		 10 		 9.408671
b9 		 11 		 9.408671
b9 		 12 		 9.408671
b9 		 13 		 9.408671
b9 		 14 		 9.408671
b9 		 15 		 9.408671
b9 		 16 		 9.408671
b9 		 17 		 9.408671
b9 		 18 		 9.408671
b9 		 19 		 9.408671
b9 		 20 		 9.408671
b9 		 21 		 9.408671
b9 		 22 		 9.408671
b9 		 23 		 9.408671
b9 		 24 		 9.408671
b9 		 25 		 9.408671
b9 		 26 		 9.408671
b9 		 27 		 9.408671
b9 		 28 		 9.408671
b9 		 29 		 9.614507
b9 		 30 		 9.408671
b9 		 31 		 9.457625
b9 		 32 		 9.408671
b9 		 33 		 9.614507
b9 		 34 		 9.614507
b9 		 35 		 9.614507
b9 		 36 		 9.614507
b9 		 37 		 9.614507
b9 		 38 		 9.614507
b9 		 39 		 9.614507
b9 		 40 		 9.614507
b9 		 41 		 9.614507
b9 		 42 		 9.614507
b9 		 43 		 9.614507
b9 		 44 		 9.614507
b9 		 45 		 9.614507
b9 		 46 		 9.614507
b9 		 47 		 9.614507
b9 		 48 		 9.614507
b9 		 49 		 10.185876
b9 		 50 		 10.185876
b9 		 51 		 10.185876
b9 		 52 		 10.185876
b9 		 53 		 10.185876
b9 		 54 		 10.185876
b9 		 55 		 10.185876
b9 		 56 		 10.185876
b9 		 57 		 10.185876
b9 		 58 		 11.493892
b9 		 59 		 10.185876
b9 		 60 		 10.185876
b9 		 61 		 10.185876
b9 		 62 		 10.185876
b9 		 63 		 10.185876
b9 		 64 		 10.185876
b9 		 65 		 10.185876
b9 		 66 		 10.185876
b9 		 67 		 10.185876
b9 		 68 		 10.185876
b9 		 69 		 9.614507
b9 		 70 		 10.824293
b9 		 71 		 10.051777
b9 		 72 		 10.824293
b9 		 73 		 9.614507
b9 		 74 		 10.185876
b9 		 75 		 9.614507
b9 		 76 		 10.185876
b9 		 77 		 10.185876
b9 		 78 		 10.185876
b9 		 79 		 10.185876
b9 		 80 		 10.185876
b9 		 81 		 10.185876
b9 		 82 		 9.614507
b9 		 83 		 10.185876
b9 		 84 		 9.614507
b9 		 85 		 9.614507
b9 		 86 		 9.614507
b9 		 87 		 9.614507
b9 		 88 		 9.614507
b9 		 89 		 9.614507
b9 		 90 		 9.614507
b9 		 91 		 9.614507
b9 		 92 		 9.614507
b9 		 93 		 9.614507
b9 		 94 		 9.614507
b9 		 95 		 9.614507
b9 		 96 		 9.614507
----------------------------------------------------------------------------------------------------
b10 		 1 		 9.614507
b10 		 2 		 9.614507
b10 		 3 		 9.614507
b10 		 4 		 9.614507
b10 		 5 		 9.408671
b10 		 6 		 9.408671
b10 		 7 		 9.408671
b10 		 8 		 9.408671
b10 		 9 		 9.408671
b10 		 10 		 9.408671
b10 		 11 		 9.408671
b10 		 12 		 9.408671
b10 		 13 		 9.408671
b10 		 14 		 9.408671
b10 		 15 		 9.408671
b10 		 16 		 9.408671
b10 		 17 		 9.408671
b10 		 18 		 9.408671
b10 		 19 		 9.408671
b10 		 20 		 9.408671
b10 		 21 		 9.408671
b10 		 22 		 9.408671
b10 		 23 		 9.408671
b10 		 24 		 9.408671
b10 		 25 		 9.408671
b10 		 26 		 9.408671
b10 		 27 		 9.408671
b10 		 28 		 9.408671
b10 		 29 		 9.614507
b10 		 30 		 9.408671
b10 		 31 		 9.457625
b10 		 32 		 9.408671
b10 		 33 		 9.614507
b10 		 34 		 9.614507
b10 		 35 		 9.614507
b10 		 36 		 9.614507
b10 		 37 		 9.614507
b10 		 38 		 9.614507
b10 		 39 		 9.614507
b10 		 40 		 9.614507
b10 		 41 		 9.614507
b10 		 42 		 9.614507
b10 		 43 		 9.614507
b10 		 44 		 9.614507
b10 		 45 		 9.614507
b10 		 46 		 9.614507
b10 		 47 		 9.614507
b10 		 48 		 9.614507
b10 		 49 		 10.185876
b10 		 50 		 10.185876
b10 		 51 		 10.185876
b10 		 52 		 10.185876
b10 		 53 		 10.185876
b10 		 54 		 10.185876
b10 		 55 		 10.185876
b10 		 56 		 10.185876
b10 		 57 		 10.185876
b10 		 58 		 11.493892
b10 		 59 		 10.185876
b10 		 60 		 10.185876
b10 		 61 		 10.185876
b10 		 62 		 10.185876
b10 		 63 		 10.185876
b10 		 64 		 10.185876
b10 		 65 		 10.185876
b10 		 66 		 10.185876
b10 		 67 		 10.185876
b10 		 68 		 10.185876
b10 		 69 		 9.614507
b10 		 70 		 10.824293
b10 		 71 		 10.051777
b10 		 72 		 10.824293
b10 		 73 		 9.614507
b10 		 74 		 10.185876
b10 		 75 		 9.614507
b10 		 76 		 10.185876
b10 		 77 		 10.185876
b10 		 78 		 10.185876
b10 		 79 		 10.185876
b10 		 80 		 10.185876
b10 		 81 		 10.185876
b10 		 82 		 9.614507
b10 		 83 		 10.185876
b10 		 84 		 9.614507
b10 		 85 		 9.614507
b10 		 86 		 9.614507
b10 		 87 		 9.614507
b10 		 88 		 9.614507
b10 		 89 		 9.614507
b10 		 90 		 9.614507
b10 		 91 		 9.614507
b10 		 92 		 9.614507
b10 		 93 		 9.614507
b10 		 94 		 9.614507
b10 		 95 		 9.614507
b10 		 96 		 9.614507
----------------------------------------------------------------------------------------------------
b11 		 1 		 9.614507
b11 		 2 		 9.614507
b11 		 3 		 9.614507
b11 		 4 		 9.614507
b11 		 5 		 9.408671
b11 		 6 		 9.408671
b11 		 7 		 9.408671
b11 		 8 		 9.408671
b11 		 9 		 9.408671
b11 		 10 		 9.408671
b11 		 11 		 9.408671
b11 		 12 		 9.408671
b11 		 13 		 9.408671
b11 		 14 		 9.408671
b11 		 15 		 9.408671
b11 		 16 		 9.408671
b11 		 17 		 9.408671
b11 		 18 		 9.408671
b11 		 19 		 9.408671
b11 		 20 		 9.408671
b11 		 21 		 9.408671
b11 		 22 		 9.408671
b11 		 23 		 9.408671
b11 		 24 		 9.408671
b11 		 25 		 9.408671
b11 		 26 		 9.408671
b11 		 27 		 9.408671
b11 		 28 		 9.408671
b11 		 29 		 9.614507
b11 		 30 		 9.408671
b11 		 31 		 9.457625
b11 		 32 		 9.408671
b11 		 33 		 9.614507
b11 		 34 		 9.614507
b11 		 35 		 9.614507
b11 		 36 		 9.614507
b11 		 37 		 9.614507
b11 		 38 		 9.614507
b11 		 39 		 9.614507
b11 		 40 		 9.614507
b11 		 41 		 9.614507
b11 		 42 		 9.614507
b11 		 43 		 9.614507
b11 		 44 		 9.614507
b11 		 45 		 9.614507
b11 		 46 		 9.614507
b11 		 47 		 9.614507
b11 		 48 		 9.614507
b11 		 49 		 10.185876
b11 		 50 		 10.185876
b11 		 51 		 10.185876
b11 		 52 		 10.185876
b11 		 53 		 10.185876
b11 		 54 		 10.185876
b11 		 55 		 10.185876
b11 		 56 		 10.185876
b11 		 57 		 10.185876
b11 		 58 		 11.493892
b11 		 59 		 10.185876
b11 		 60 		 10.185876
b11 		 61 		 10.185876
b11 		 62 		 10.185876
b11 		 63 		 10.185876
b11 		 64 		 10.185876
b11 		 65 		 10.185876
b11 		 66 		 10.185876
b11 		 67 		 10.185876
b11 		 68 		 10.185876
b11 		 69 		 9.614507
b11 		 70 		 10.824293
b11 		 71 		 10.051777
b11 		 72 		 10.824293
b11 		 73 		 9.614507
b11 		 74 		 10.185876
b11 		 75 		 9.614507
b11 		 76 		 10.185876
b11 		 77 		 10.185876
b11 		 78 		 10.185876
b11 		 79 		 10.185876
b11 		 80 		 10.185876
b11 		 81 		 10.185876
b11 		 82 		 9.614507
b11 		 83 		 10.185876
b11 		 84 		 9.614507
b11 		 85 		 9.614507
b11 		 86 		 9.614507
b11 		 87 		 9.614507
b11 		 88 		 9.614507
b11 		 89 		 9.614507
b11 		 90 		 9.614507
b11 		 91 		 9.614507
b11 		 92 		 9.614507
b11 		 93 		 9.614507
b11 		 94 		 9.614507
b11 		 95 		 9.614507
b11 		 96 		 9.614507
----------------------------------------------------------------------------------------------------
b12 		 1 		 9.614507
b12 		 2 		 9.614507
b12 		 3 		 9.614507
b12 		 4 		 9.614507
b12 		 5 		 9.408671
b12 		 6 		 9.408671
b12 		 7 		 9.408671
b12 		 8 		 9.408671
b12 		 9 		 9.408671
b12 		 10 		 9.408671
b12 		 11 		 9.408671
b12 		 12 		 9.408671
b12 		 13 		 9.408671
b12 		 14 		 9.408671
b12 		 15 		 9.408671
b12 		 16 		 9.408671
b12 		 17 		 9.408671
b12 		 18 		 9.408671
b12 		 19 		 9.408671
b12 		 20 		 9.408671
b12 		 21 		 9.408671
b12 		 22 		 9.408671
b12 		 23 		 9.408671
b12 		 24 		 9.408671
b12 		 25 		 9.408671
b12 		 26 		 9.408671
b12 		 27 		 9.408671
b12 		 28 		 9.408671
b12 		 29 		 9.614507
b12 		 30 		 9.408671
b12 		 31 		 9.457625
b12 		 32 		 9.408671
b12 		 33 		 9.614507
b12 		 34 		 9.614507
b12 		 35 		 9.614507
b12 		 36 		 9.614507
b12 		 37 		 9.614507
b12 		 38 		 9.614507
b12 		 39 		 9.614507
b12 		 40 		 9.614507
b12 		 41 		 9.614507
b12 		 42 		 9.614507
b12 		 43 		 9.614507
b12 		 44 		 9.614507
b12 		 45 		 9.614507
b12 		 46 		 9.614507
b12 		 47 		 9.614507
b12 		 48 		 9.614507
b12 		 49 		 10.185876
b12 		 50 		 10.185876
b12 		 51 		 10.185876
b12 		 52 		 10.185876
b12 		 53 		 10.185876
b12 		 54 		 10.185876
b12 		 55 		 10.185876
b12 		 56 		 10.185876
b12 		 57 		 10.185876
b12 		 58 		 11.493892
b12 		 59 		 10.185876
b12 		 60 		 10.185876
b12 		 61 		 10.185876
b12 		 62 		 10.185876
b12 		 63 		 10.185876
b12 		 64 		 10.185876
b12 		 65 		 10.185876
b12 		 66 		 10.185876
b12 		 67 		 10.185876
b12 		 68 		 10.185876
b12 		 69 		 9.614507
b12 		 70 		 10.824293
b12 		 71 		 10.051777
b12 		 72 		 10.824293
b12 		 73 		 9.614507
b12 		 74 		 10.185876
b12 		 75 		 9.614507
b12 		 76 		 10.185876
b12 		 77 		 10.185876
b12 		 78 		 10.185876
b12 		 79 		 10.185876
b12 		 80 		 10.185876
b12 		 81 		 10.185876
b12 		 82 		 9.614507
b12 		 83 		 10.185876
b12 		 84 		 9.614507
b12 		 85 		 9.614507
b12 		 86 		 9.614507
b12 		 87 		 9.614507
b12 		 88 		 9.614507
b12 		 89 		 9.614507
b12 		 90 		 9.614507
b12 		 91 		 9.614507
b12 		 92 		 9.614507
b12 		 93 		 9.614507
b12 		 94 		 9.614507
b12 		 95 		 9.614507
b12 		 96 		 9.614507
----------------------------------------------------------------------------------------------------
b13 		 1 		 9.614507
b13 		 2 		 9.614507
b13 		 3 		 9.614507
b13 		 4 		 9.614507
b13 		 5 		 9.408671
b13 		 6 		 9.408671
b13 		 7 		 9.408671
b13 		 8 		 9.408671
b13 		 9 		 9.408671
b13 		 10 		 9.408671
b13 		 11 		 9.408671
b13 		 12 		 9.408671
b13 		 13 		 9.408671
b13 		 14 		 9.408671
b13 		 15 		 9.408671
b13 		 16 		 9.408671
b13 		 17 		 9.408671
b13 		 18 		 9.408671
b13 		 19 		 9.408671
b13 		 20 		 9.408671
b13 		 21 		 9.408671
b13 		 22 		 9.408671
b13 		 23 		 9.408671
b13 		 24 		 9.408671
b13 		 25 		 9.408671
b13 		 26 		 9.408671
b13 		 27 		 9.408671
b13 		 28 		 9.408671
b13 		 29 		 9.614507
b13 		 30 		 9.408671
b13 		 31 		 9.457625
b13 		 32 		 9.408671
b13 		 33 		 9.614507
b13 		 34 		 9.614507
b13 		 35 		 9.614507
b13 		 36 		 9.614507
b13 		 37 		 9.614507
b13 		 38 		 9.614507
b13 		 39 		 9.614507
b13 		 40 		 9.614507
b13 		 41 		 9.614507
b13 		 42 		 9.614507
b13 		 43 		 9.614507
b13 		 44 		 9.614507
b13 		 45 		 9.614507
b13 		 46 		 9.614507
b13 		 47 		 9.614507
b13 		 48 		 9.614507
b13 		 49 		 10.185876
b13 		 50 		 10.185876
b13 		 51 		 10.185876
b13 		 52 		 10.185876
b13 		 53 		 10.185876
b13 		 54 		 10.185876
b13 		 55 		 10.185876
b13 		 56 		 10.185876
b13 		 57 		 10.185876
b13 		 58 		 11.493892
b13 		 59 		 10.185876
b13 		 60 		 10.185876
b13 		 61 		 10.185876
b13 		 62 		 10.185876
b13 		 63 		 10.185876
b13 		 64 		 10.185876
b13 		 65 		 10.185876
b13 		 66 		 10.185876
b13 		 67 		 10.185876
b13 		 68 		 10.185876
b13 		 69 		 9.614507
b13 		 70 		 10.824293
b13 		 71 		 10.051777
b13 		 72 		 10.824293
b13 		 73 		 9.614507
b13 		 74 		 10.185876
b13 		 75 		 9.614507
b13 		 76 		 10.185876
b13 		 77 		 10.185876
b13 		 78 		 10.185876
b13 		 79 		 10.185876
b13 		 80 		 10.185876
b13 		 81 		 10.185876
b13 		 82 		 9.614507
b13 		 83 		 10.185876
b13 		 84 		 9.614507
b13 		 85 		 9.614507
b13 		 86 		 9.614507
b13 		 87 		 9.614507
b13 		 88 		 9.614507
b13 		 89 		 9.614507
b13 		 90 		 9.614507
b13 		 91 		 9.614507
b13 		 92 		 9.614507
b13 		 93 		 9.614507
b13 		 94 		 9.614507
b13 		 95 		 9.614507
b13 		 96 		 9.614507
----------------------------------------------------------------------------------------------------
b14 		 1 		 9.614507
b14 		 2 		 9.614507
b14 		 3 		 9.614507
b14 		 4 		 9.614507
b14 		 5 		 9.408671
b14 		 6 		 9.408671
b14 		 7 		 9.408671
b14 		 8 		 9.408671
b14 		 9 		 9.408671
b14 		 10 		 9.408671
b14 		 11 		 9.408671
b14 		 12 		 9.408671
b14 		 13 		 9.408671
b14 		 14 		 9.408671
b14 		 15 		 9.408671
b14 		 16 		 9.408671
b14 		 17 		 9.408671
b14 		 18 		 9.408671
b14 		 19 		 9.408671
b14 		 20 		 9.408671
b14 		 21 		 9.408671
b14 		 22 		 9.408671
b14 		 23 		 9.408671
b14 		 24 		 9.408671
b14 		 25 		 9.408671
b14 		 26 		 9.408671
b14 		 27 		 9.408671
b14 		 28 		 9.408671
b14 		 29 		 9.614507
b14 		 30 		 9.408671
b14 		 31 		 9.457625
b14 		 32 		 9.408671
b14 		 33 		 9.614507
b14 		 34 		 9.614507
b14 		 35 		 9.614507
b14 		 36 		 9.614507
b14 		 37 		 9.614507
b14 		 38 		 9.614507
b14 		 39 		 9.614507
b14 		 40 		 9.614507
b14 		 41 		 9.614507
b14 		 42 		 9.614507
b14 		 43 		 9.614507
b14 		 44 		 9.614507
b14 		 45 		 9.614507
b14 		 46 		 9.614507
b14 		 47 		 9.614507
b14 		 48 		 9.614507
b14 		 49 		 10.185876
b14 		 50 		 10.185876
b14 		 51 		 10.185876
b14 		 52 		 10.185876
b14 		 53 		 10.185876
b14 		 54 		 10.185876
b14 		 55 		 10.185876
b14 		 56 		 10.185876
b14 		 57 		 10.185876
b14 		 58 		 11.493892
b14 		 59 		 10.185876
b14 		 60 		 10.185876
b14 		 61 		 10.185876
b14 		 62 		 10.185876
b14 		 63 		 10.185876
b14 		 64 		 10.185876
b14 		 65 		 10.185876
b14 		 66 		 10.185876
b14 		 67 		 10.185876
b14 		 68 		 10.185876
b14 		 69 		 9.614507
b14 		 70 		 10.824293
b14 		 71 		 10.051777
b14 		 72 		 10.824293
b14 		 73 		 9.614507
b14 		 74 		 10.185876
b14 		 75 		 9.614507
b14 		 76 		 10.185876
b14 		 77 		 10.185876
b14 		 78 		 10.185876
b14 		 79 		 10.185876
b14 		 80 		 10.185876
b14 		 81 		 10.185876
b14 		 82 		 9.614507
b14 		 83 		 10.185876
b14 		 84 		 9.614507
b14 		 85 		 9.614507
b14 		 86 		 9.614507
b14 		 87 		 9.614507
b14 		 88 		 9.614507
b14 		 89 		 9.614507
b14 		 90 		 9.614507
b14 		 91 		 9.614507
b14 		 92 		 9.614507
b14 		 93 		 9.614507
b14 		 94 		 9.614507
b14 		 95 		 9.614507
b14 		 96 		 9.614507
----------------------------------------------------------------------------------------------------
Total overall payments
----------------------------------------------------------------------------------------------------------------------------------------------------
total generation payment 	 total up-FRP payment 	 total dw-FRP payment 	 total pre-up t. payment 	 uplift payment 	 total post-up t. payment 	 profit
----------------------------------------------------------------------------------------------------------------------------------------------------
334871.65747900004 			 1127.2423350000001 			 0.0 			 335998.89981400006			 43681.437729000005 			 379680.33754300006 			 31538.95816900002
