****************************************************************************************************
 
Generation payment
----------------------------------------------------------------------------------------------------------------
unit	 time 	 generation payment 	 up-FRP payment 	 dw-FRP payment 	pre-up total payment
----------------------------------------------------------------------------------------------------------------
g1	 1 	 159.027195 			 0.0 			 0.0			 159.027195 
g1	 2 	 133.927294 			 0.0 			 0.0			 133.927294 
g1	 3 	 169.319679 			 0.0 			 0.0			 169.319679 
g1	 4 	 143.148539 			 0.0 			 0.0			 143.148539 
g1	 5 	 -4.57523 			 0.0 			 0.0			 -4.57523 
g1	 6 	 313.233523 			 0.0 			 0.0			 313.233523 
g1	 7 	 10.38912 			 0.0 			 0.0			 10.38912 
g1	 8 	 277.853426 			 0.0 			 0.0			 277.853426 
g1	 9 	 139.645217 			 0.0 			 0.0			 139.645217 
g1	 10 	 146.228737 			 0.0 			 0.0			 146.228737 
g1	 11 	 135.13725 			 0.0 			 0.0			 135.13725 
g1	 12 	 172.877988 			 0.0 			 0.0			 172.877988 
g1	 13 	 225.294974 			 0.0 			 0.0			 225.294974 
g1	 14 	 128.597254 			 0.0 			 0.0			 128.597254 
g1	 15 	 185.561121 			 0.0 			 0.0			 185.561121 
g1	 16 	 93.104746 			 0.0 			 0.0			 93.104746 
g1	 17 	 247.200797 			 0.0 			 0.0			 247.200797 
g1	 18 	 89.400618 			 0.0 			 0.0			 89.400618 
g1	 19 	 225.496367 			 0.0 			 0.0			 225.496367 
g1	 20 	 86.694355 			 0.0 			 0.0			 86.694355 
g1	 21 	 194.529391 			 0.0 			 0.0			 194.529391 
g1	 22 	 135.527568 			 0.0 			 0.0			 135.527568 
g1	 23 	 174.714881 			 0.0 			 0.0			 174.714881 
g1	 24 	 134.612763 			 0.0 			 0.0			 134.612763 
g1	 25 	 135.034414 			 0.0 			 0.0			 135.034414 
g1	 26 	 196.0527 			 0.0 			 0.0			 196.0527 
g1	 27 	 153.865445 			 0.0 			 0.0			 153.865445 
g1	 28 	 169.757889 			 0.0 			 0.0			 169.757889 
g1	 29 	 376.704499 			 0.0 			 0.0			 376.704499 
g1	 30 	 -22.785689 			 0.0 			 0.0			 -22.785689 
g1	 31 	 398.090681 			 0.0 			 0.0			 398.090681 
g1	 32 	 -49.3434 			 0.0 			 0.0			 -49.3434 
g1	 33 	 196.602179 			 0.0 			 0.0			 196.602179 
g1	 34 	 155.114274 			 0.0 			 0.0			 155.114274 
g1	 35 	 160.523597 			 0.0 			 0.0			 160.523597 
g1	 36 	 153.445157 			 0.0 			 0.0			 153.445157 
g1	 37 	 131.438704 			 0.0 			 0.0			 131.438704 
g1	 38 	 266.196759 			 0.0 			 0.0			 266.196759 
g1	 39 	 140.107644 			 0.0 			 0.0			 140.107644 
g1	 40 	 201.318797 			 0.0 			 0.0			 201.318797 
g1	 41 	 157.737332 			 0.0 			 0.0			 157.737332 
g1	 42 	 157.467876 			 0.0 			 0.0			 157.467876 
g1	 43 	 229.384754 			 0.0 			 0.0			 229.384754 
g1	 44 	 148.020287 			 0.0 			 0.0			 148.020287 
g1	 45 	 172.152509 			 0.0 			 0.0			 172.152509 
g1	 46 	 172.152509 			 0.0 			 0.0			 172.152509 
g1	 47 	 172.152509 			 0.0 			 0.0			 172.152509 
g1	 48 	 172.152509 			 0.0 			 0.0			 172.152509 
g1	 49 	 172.152509 			 0.0 			 0.0			 172.152509 
g1	 50 	 194.259418 			 0.0 			 0.0			 194.259418 
g1	 51 	 194.259418 			 0.0 			 0.0			 194.259418 
g1	 52 	 194.259418 			 0.0 			 0.0			 194.259418 
g1	 53 	 194.259418 			 0.0 			 0.0			 194.259418 
g1	 54 	 194.259418 			 0.0 			 0.0			 194.259418 
g1	 55 	 194.259418 			 0.0 			 0.0			 194.259418 
g1	 56 	 194.259418 			 0.0 			 0.0			 194.259418 
g1	 57 	 194.259418 			 0.0 			 0.0			 194.259418 
g1	 58 	 194.259418 			 0.0 			 0.0			 194.259418 
g1	 59 	 194.259418 			 0.0 			 0.0			 194.259418 
g1	 60 	 194.259418 			 0.0 			 0.0			 194.259418 
g1	 61 	 194.259418 			 0.0 			 0.0			 194.259418 
g1	 62 	 194.259418 			 0.0 			 0.0			 194.259418 
g1	 63 	 194.259418 			 0.0 			 0.0			 194.259418 
g1	 64 	 194.259418 			 0.0 			 0.0			 194.259418 
g1	 65 	 194.259418 			 0.0 			 0.0			 194.259418 
g1	 66 	 224.729059 			 0.0 			 0.0			 224.729059 
g1	 67 	 194.259418 			 0.0 			 0.0			 194.259418 
g1	 68 	 194.259418 			 0.0 			 0.0			 194.259418 
g1	 69 	 118.745892 			 0.0 			 0.0			 118.745892 
g1	 70 	 256.492733 			 0.0 			 0.0			 256.492733 
g1	 71 	 73.050832 			 0.0 			 0.0			 73.050832 
g1	 72 	 288.25639 			 0.0 			 0.0			 288.25639 
g1	 73 	 -54.710631 			 0.0 			 0.0			 -54.710631 
g1	 74 	 194.259418 			 0.0 			 0.0			 194.259418 
g1	 75 	 194.259418 			 0.0 			 0.0			 194.259418 
g1	 76 	 194.259418 			 0.0 			 0.0			 194.259418 
g1	 77 	 172.152509 			 0.0 			 0.0			 172.152509 
g1	 78 	 194.259418 			 0.0 			 0.0			 194.259418 
g1	 79 	 172.152509 			 0.0 			 0.0			 172.152509 
g1	 80 	 194.259418 			 0.0 			 0.0			 194.259418 
g1	 81 	 194.259418 			 0.0 			 0.0			 194.259418 
g1	 82 	 130.598387 			 0.0 			 0.0			 130.598387 
g1	 83 	 213.57293 			 0.0 			 0.0			 213.57293 
g1	 84 	 112.369733 			 0.0 			 0.0			 112.369733 
g1	 85 	 132.189568 			 0.0 			 0.0			 132.189568 
g1	 86 	 172.152509 			 0.0 			 0.0			 172.152509 
g1	 87 	 75.016133 			 0.0 			 0.0			 75.016133 
g1	 88 	 172.152509 			 0.0 			 0.0			 172.152509 
g1	 89 	 227.070004 			 0.0 			 0.0			 227.070004 
g1	 90 	 114.876216 			 0.0 			 0.0			 114.876216 
g1	 91 	 161.66981 			 0.0 			 0.0			 161.66981 
g1	 92 	 147.299516 			 0.0 			 0.0			 147.299516 
g1	 93 	 204.496612 			 0.0 			 0.0			 204.496612 
g1	 94 	 98.127149 			 0.0 			 0.0			 98.127149 
g1	 95 	 244.41966 			 0.0 			 0.0			 244.41966 
g1	 96 	 24.35421 			 0.0 			 0.0			 24.35421 
----------------------------------------------------------------------------------------------------
g2	 1 	 0.0 			 0.0 			 0.0			 0.0 
g2	 2 	 0.0 			 0.0 			 0.0			 0.0 
g2	 3 	 0.0 			 0.0 			 0.0			 0.0 
g2	 4 	 0.0 			 0.0 			 0.0			 0.0 
g2	 5 	 0.0 			 0.0 			 0.0			 0.0 
g2	 6 	 0.0 			 0.0 			 0.0			 0.0 
g2	 7 	 0.0 			 0.0 			 0.0			 0.0 
g2	 8 	 0.0 			 0.0 			 0.0			 0.0 
g2	 9 	 0.0 			 0.0 			 0.0			 0.0 
g2	 10 	 0.0 			 0.0 			 0.0			 0.0 
g2	 11 	 0.0 			 0.0 			 0.0			 0.0 
g2	 12 	 0.0 			 0.0 			 0.0			 0.0 
g2	 13 	 0.0 			 0.0 			 0.0			 0.0 
g2	 14 	 0.0 			 0.0 			 0.0			 0.0 
g2	 15 	 0.0 			 0.0 			 0.0			 0.0 
g2	 16 	 0.0 			 0.0 			 0.0			 0.0 
g2	 17 	 0.0 			 0.0 			 0.0			 0.0 
g2	 18 	 0.0 			 0.0 			 0.0			 0.0 
g2	 19 	 0.0 			 0.0 			 0.0			 0.0 
g2	 20 	 0.0 			 0.0 			 0.0			 0.0 
g2	 21 	 0.0 			 0.0 			 0.0			 0.0 
g2	 22 	 0.0 			 0.0 			 0.0			 0.0 
g2	 23 	 0.0 			 0.0 			 0.0			 0.0 
g2	 24 	 0.0 			 0.0 			 0.0			 0.0 
g2	 25 	 0.0 			 0.0 			 0.0			 0.0 
g2	 26 	 0.0 			 0.0 			 0.0			 0.0 
g2	 27 	 0.0 			 0.0 			 0.0			 0.0 
g2	 28 	 0.0 			 0.0 			 0.0			 0.0 
g2	 29 	 0.0 			 0.0 			 0.0			 0.0 
g2	 30 	 0.0 			 0.0 			 0.0			 0.0 
g2	 31 	 0.0 			 0.0 			 0.0			 0.0 
g2	 32 	 0.0 			 0.0 			 0.0			 0.0 
g2	 33 	 0.0 			 0.0 			 0.0			 0.0 
g2	 34 	 0.0 			 0.0 			 0.0			 0.0 
g2	 35 	 0.0 			 0.0 			 0.0			 0.0 
g2	 36 	 0.0 			 0.0 			 0.0			 0.0 
g2	 37 	 21.701904 			 0.0 			 0.0			 21.701904 
g2	 38 	 21.701904 			 0.0 			 0.0			 21.701904 
g2	 39 	 21.701904 			 0.0 			 0.0			 21.701904 
g2	 40 	 21.701904 			 0.0 			 0.0			 21.701904 
g2	 41 	 21.701904 			 0.0 			 0.0			 21.701904 
g2	 42 	 21.701904 			 0.0 			 0.0			 21.701904 
g2	 43 	 21.701904 			 0.0 			 0.0			 21.701904 
g2	 44 	 21.701904 			 0.0 			 0.0			 21.701904 
g2	 45 	 -20.457232 			 0.0 			 0.0			 -20.457232 
g2	 46 	 60.21949 			 0.0 			 0.0			 60.21949 
g2	 47 	 -42.66183 			 0.0 			 0.0			 -42.66183 
g2	 48 	 35.912099 			 0.0 			 0.0			 35.912099 
g2	 49 	 -3.216425 			 0.0 			 0.0			 -3.216425 
g2	 50 	 107.15667 			 0.0 			 0.0			 107.15667 
g2	 51 	 68.039783 			 0.0 			 0.0			 68.039783 
g2	 52 	 117.960021 			 0.0 			 0.0			 117.960021 
g2	 53 	 7.905775 			 0.0 			 0.0			 7.905775 
g2	 54 	 61.238514 			 0.0 			 0.0			 61.238514 
g2	 55 	 -44.867568 			 0.0 			 0.0			 -44.867568 
g2	 56 	 69.158771 			 0.0 			 0.0			 69.158771 
g2	 57 	 -62.981333 			 0.0 			 0.0			 -62.981333 
g2	 58 	 60.902421 			 0.0 			 0.0			 60.902421 
g2	 59 	 -8.05369 			 0.0 			 0.0			 -8.05369 
g2	 60 	 91.670099 			 0.0 			 0.0			 91.670099 
g2	 61 	 0.733195 			 0.0 			 0.0			 0.733195 
g2	 62 	 35.664512 			 0.0 			 0.0			 35.664512 
g2	 63 	 37.64391 			 0.0 			 0.0			 37.64391 
g2	 64 	 50.17339 			 0.0 			 0.0			 50.17339 
g2	 65 	 50.238101 			 0.0 			 0.0			 50.238101 
g2	 66 	 100.949568 			 0.0 			 0.0			 100.949568 
g2	 67 	 -22.029975 			 0.0 			 0.0			 -22.029975 
g2	 68 	 15.721322 			 0.0 			 0.0			 15.721322 
g2	 69 	 -45.087702 			 0.0 			 0.0			 -45.087702 
g2	 70 	 267.789076 			 0.0 			 0.0			 267.789076 
g2	 71 	 13.311756 			 0.0 			 0.0			 13.311756 
g2	 72 	 404.548317 			 0.0 			 0.0			 404.548317 
g2	 73 	 158.533308 			 0.0 			 0.0			 158.533308 
g2	 74 	 55.967185 			 0.0 			 0.0			 55.967185 
g2	 75 	 2.642078 			 0.0 			 0.0			 2.642078 
g2	 76 	 21.162106 			 0.0 			 0.0			 21.162106 
g2	 77 	 -25.413027 			 0.0 			 0.0			 -25.413027 
g2	 78 	 87.866563 			 0.0 			 0.0			 87.866563 
g2	 79 	 -6.357443 			 0.0 			 0.0			 -6.357443 
g2	 80 	 45.222741 			 0.0 			 0.0			 45.222741 
g2	 81 	 172.073126 			 0.0 			 0.0			 172.073126 
g2	 82 	 -42.146864 			 0.0 			 0.0			 -42.146864 
g2	 83 	 226.844247 			 0.0 			 0.0			 226.844247 
g2	 84 	 -42.146864 			 0.0 			 0.0			 -42.146864 
g2	 85 	 -0.276581 			 0.0 			 0.0			 -0.276581 
g2	 86 	 96.397654 			 0.0 			 0.0			 96.397654 
g2	 87 	 -0.276581 			 0.0 			 0.0			 -0.276581 
g2	 88 	 145.422397 			 0.0 			 0.0			 145.422397 
g2	 89 	 21.701904 			 0.0 			 0.0			 21.701904 
g2	 90 	 21.701904 			 0.0 			 0.0			 21.701904 
g2	 91 	 21.701904 			 0.0 			 0.0			 21.701904 
g2	 92 	 21.701904 			 0.0 			 0.0			 21.701904 
g2	 93 	 0.0 			 0.0 			 0.0			 0.0 
g2	 94 	 0.0 			 0.0 			 0.0			 0.0 
g2	 95 	 0.0 			 0.0 			 0.0			 0.0 
g2	 96 	 0.0 			 0.0 			 0.0			 0.0 
----------------------------------------------------------------------------------------------------
g3	 1 	 0.0 			 0.0 			 0.0			 0.0 
g3	 2 	 0.0 			 0.0 			 0.0			 0.0 
g3	 3 	 0.0 			 0.0 			 0.0			 0.0 
g3	 4 	 0.0 			 0.0 			 0.0			 0.0 
g3	 5 	 0.0 			 0.0 			 0.0			 0.0 
g3	 6 	 0.0 			 0.0 			 0.0			 0.0 
g3	 7 	 0.0 			 0.0 			 0.0			 0.0 
g3	 8 	 0.0 			 0.0 			 0.0			 0.0 
g3	 9 	 0.0 			 0.0 			 0.0			 0.0 
g3	 10 	 0.0 			 0.0 			 0.0			 0.0 
g3	 11 	 0.0 			 0.0 			 0.0			 0.0 
g3	 12 	 0.0 			 0.0 			 0.0			 0.0 
g3	 13 	 0.0 			 0.0 			 0.0			 0.0 
g3	 14 	 0.0 			 0.0 			 0.0			 0.0 
g3	 15 	 0.0 			 0.0 			 0.0			 0.0 
g3	 16 	 0.0 			 0.0 			 0.0			 0.0 
g3	 17 	 0.0 			 0.0 			 0.0			 0.0 
g3	 18 	 0.0 			 0.0 			 0.0			 0.0 
g3	 19 	 0.0 			 0.0 			 0.0			 0.0 
g3	 20 	 0.0 			 0.0 			 0.0			 0.0 
g3	 21 	 0.0 			 0.0 			 0.0			 0.0 
g3	 22 	 0.0 			 0.0 			 0.0			 0.0 
g3	 23 	 0.0 			 0.0 			 0.0			 0.0 
g3	 24 	 0.0 			 0.0 			 0.0			 0.0 
g3	 25 	 0.0 			 0.0 			 0.0			 0.0 
g3	 26 	 0.0 			 0.0 			 0.0			 0.0 
g3	 27 	 0.0 			 0.0 			 0.0			 0.0 
g3	 28 	 0.0 			 0.0 			 0.0			 0.0 
g3	 29 	 0.0 			 0.0 			 0.0			 0.0 
g3	 30 	 0.0 			 0.0 			 0.0			 0.0 
g3	 31 	 0.0 			 0.0 			 0.0			 0.0 
g3	 32 	 0.0 			 0.0 			 0.0			 0.0 
g3	 33 	 0.0 			 0.0 			 0.0			 0.0 
g3	 34 	 0.0 			 0.0 			 0.0			 0.0 
g3	 35 	 0.0 			 0.0 			 0.0			 0.0 
g3	 36 	 0.0 			 0.0 			 0.0			 0.0 
g3	 37 	 0.0 			 0.0 			 0.0			 0.0 
g3	 38 	 0.0 			 0.0 			 0.0			 0.0 
g3	 39 	 0.0 			 0.0 			 0.0			 0.0 
g3	 40 	 0.0 			 0.0 			 0.0			 0.0 
g3	 41 	 0.0 			 0.0 			 0.0			 0.0 
g3	 42 	 0.0 			 0.0 			 0.0			 0.0 
g3	 43 	 0.0 			 0.0 			 0.0			 0.0 
g3	 44 	 0.0 			 0.0 			 0.0			 0.0 
g3	 45 	 0.0 			 0.0 			 0.0			 0.0 
g3	 46 	 0.0 			 0.0 			 0.0			 0.0 
g3	 47 	 0.0 			 0.0 			 0.0			 0.0 
g3	 48 	 0.0 			 0.0 			 0.0			 0.0 
g3	 49 	 0.0 			 0.0 			 0.0			 0.0 
g3	 50 	 0.0 			 0.0 			 0.0			 0.0 
g3	 51 	 0.0 			 0.0 			 0.0			 0.0 
g3	 52 	 0.0 			 0.0 			 0.0			 0.0 
g3	 53 	 0.0 			 0.0 			 0.0			 0.0 
g3	 54 	 0.0 			 0.0 			 0.0			 0.0 
g3	 55 	 0.0 			 0.0 			 0.0			 0.0 
g3	 56 	 0.0 			 0.0 			 0.0			 0.0 
g3	 57 	 0.0 			 0.0 			 0.0			 0.0 
g3	 58 	 0.0 			 0.0 			 0.0			 0.0 
g3	 59 	 0.0 			 0.0 			 0.0			 0.0 
g3	 60 	 0.0 			 0.0 			 0.0			 0.0 
g3	 61 	 0.0 			 0.0 			 0.0			 0.0 
g3	 62 	 0.0 			 0.0 			 0.0			 0.0 
g3	 63 	 0.0 			 0.0 			 0.0			 0.0 
g3	 64 	 0.0 			 0.0 			 0.0			 0.0 
g3	 65 	 0.0 			 0.0 			 0.0			 0.0 
g3	 66 	 0.0 			 0.0 			 0.0			 0.0 
g3	 67 	 0.0 			 0.0 			 0.0			 0.0 
g3	 68 	 0.0 			 0.0 			 0.0			 0.0 
g3	 69 	 0.0 			 0.0 			 0.0			 0.0 
g3	 70 	 0.0 			 0.0 			 0.0			 0.0 
g3	 71 	 0.0 			 0.0 			 0.0			 0.0 
g3	 72 	 0.0 			 0.0 			 0.0			 0.0 
g3	 73 	 0.0 			 0.0 			 0.0			 0.0 
g3	 74 	 0.0 			 0.0 			 0.0			 0.0 
g3	 75 	 0.0 			 0.0 			 0.0			 0.0 
g3	 76 	 0.0 			 0.0 			 0.0			 0.0 
g3	 77 	 0.0 			 0.0 			 0.0			 0.0 
g3	 78 	 0.0 			 0.0 			 0.0			 0.0 
g3	 79 	 0.0 			 0.0 			 0.0			 0.0 
g3	 80 	 0.0 			 0.0 			 0.0			 0.0 
g3	 81 	 0.0 			 0.0 			 0.0			 0.0 
g3	 82 	 0.0 			 0.0 			 0.0			 0.0 
g3	 83 	 0.0 			 0.0 			 0.0			 0.0 
g3	 84 	 0.0 			 0.0 			 0.0			 0.0 
g3	 85 	 0.0 			 0.0 			 0.0			 0.0 
g3	 86 	 0.0 			 0.0 			 0.0			 0.0 
g3	 87 	 0.0 			 0.0 			 0.0			 0.0 
g3	 88 	 0.0 			 0.0 			 0.0			 0.0 
g3	 89 	 0.0 			 0.0 			 0.0			 0.0 
g3	 90 	 0.0 			 0.0 			 0.0			 0.0 
g3	 91 	 0.0 			 0.0 			 0.0			 0.0 
g3	 92 	 0.0 			 0.0 			 0.0			 0.0 
g3	 93 	 0.0 			 0.0 			 0.0			 0.0 
g3	 94 	 0.0 			 0.0 			 0.0			 0.0 
g3	 95 	 0.0 			 0.0 			 0.0			 0.0 
g3	 96 	 0.0 			 0.0 			 0.0			 0.0 
----------------------------------------------------------------------------------------------------
g4	 1 	 0.0 			 0.0 			 0.0			 0.0 
g4	 2 	 0.0 			 0.0 			 0.0			 0.0 
g4	 3 	 0.0 			 0.0 			 0.0			 0.0 
g4	 4 	 0.0 			 0.0 			 0.0			 0.0 
g4	 5 	 0.0 			 0.0 			 0.0			 0.0 
g4	 6 	 0.0 			 0.0 			 0.0			 0.0 
g4	 7 	 0.0 			 0.0 			 0.0			 0.0 
g4	 8 	 0.0 			 0.0 			 0.0			 0.0 
g4	 9 	 0.0 			 0.0 			 0.0			 0.0 
g4	 10 	 0.0 			 0.0 			 0.0			 0.0 
g4	 11 	 0.0 			 0.0 			 0.0			 0.0 
g4	 12 	 0.0 			 0.0 			 0.0			 0.0 
g4	 13 	 0.0 			 0.0 			 0.0			 0.0 
g4	 14 	 0.0 			 0.0 			 0.0			 0.0 
g4	 15 	 0.0 			 0.0 			 0.0			 0.0 
g4	 16 	 0.0 			 0.0 			 0.0			 0.0 
g4	 17 	 0.0 			 0.0 			 0.0			 0.0 
g4	 18 	 0.0 			 0.0 			 0.0			 0.0 
g4	 19 	 0.0 			 0.0 			 0.0			 0.0 
g4	 20 	 0.0 			 0.0 			 0.0			 0.0 
g4	 21 	 0.0 			 0.0 			 0.0			 0.0 
g4	 22 	 0.0 			 0.0 			 0.0			 0.0 
g4	 23 	 0.0 			 0.0 			 0.0			 0.0 
g4	 24 	 0.0 			 0.0 			 0.0			 0.0 
g4	 25 	 0.0 			 0.0 			 0.0			 0.0 
g4	 26 	 0.0 			 0.0 			 0.0			 0.0 
g4	 27 	 0.0 			 0.0 			 0.0			 0.0 
g4	 28 	 0.0 			 0.0 			 0.0			 0.0 
g4	 29 	 0.0 			 0.0 			 0.0			 0.0 
g4	 30 	 0.0 			 0.0 			 0.0			 0.0 
g4	 31 	 0.0 			 0.0 			 0.0			 0.0 
g4	 32 	 0.0 			 0.0 			 0.0			 0.0 
g4	 33 	 0.0 			 0.0 			 0.0			 0.0 
g4	 34 	 0.0 			 0.0 			 0.0			 0.0 
g4	 35 	 0.0 			 0.0 			 0.0			 0.0 
g4	 36 	 0.0 			 0.0 			 0.0			 0.0 
g4	 37 	 0.0 			 0.0 			 0.0			 0.0 
g4	 38 	 0.0 			 0.0 			 0.0			 0.0 
g4	 39 	 0.0 			 0.0 			 0.0			 0.0 
g4	 40 	 0.0 			 0.0 			 0.0			 0.0 
g4	 41 	 0.0 			 0.0 			 0.0			 0.0 
g4	 42 	 0.0 			 0.0 			 0.0			 0.0 
g4	 43 	 0.0 			 0.0 			 0.0			 0.0 
g4	 44 	 0.0 			 0.0 			 0.0			 0.0 
g4	 45 	 0.0 			 0.0 			 0.0			 0.0 
g4	 46 	 0.0 			 0.0 			 0.0			 0.0 
g4	 47 	 0.0 			 0.0 			 0.0			 0.0 
g4	 48 	 0.0 			 0.0 			 0.0			 0.0 
g4	 49 	 0.0 			 0.0 			 0.0			 0.0 
g4	 50 	 0.0 			 0.0 			 0.0			 0.0 
g4	 51 	 0.0 			 0.0 			 0.0			 0.0 
g4	 52 	 0.0 			 0.0 			 0.0			 0.0 
g4	 53 	 0.0 			 0.0 			 0.0			 0.0 
g4	 54 	 0.0 			 0.0 			 0.0			 0.0 
g4	 55 	 0.0 			 0.0 			 0.0			 0.0 
g4	 56 	 0.0 			 0.0 			 0.0			 0.0 
g4	 57 	 0.0 			 0.0 			 0.0			 0.0 
g4	 58 	 0.0 			 0.0 			 0.0			 0.0 
g4	 59 	 0.0 			 0.0 			 0.0			 0.0 
g4	 60 	 0.0 			 0.0 			 0.0			 0.0 
g4	 61 	 0.0 			 0.0 			 0.0			 0.0 
g4	 62 	 0.0 			 0.0 			 0.0			 0.0 
g4	 63 	 0.0 			 0.0 			 0.0			 0.0 
g4	 64 	 0.0 			 0.0 			 0.0			 0.0 
g4	 65 	 0.0 			 0.0 			 0.0			 0.0 
g4	 66 	 0.0 			 0.0 			 0.0			 0.0 
g4	 67 	 0.0 			 0.0 			 0.0			 0.0 
g4	 68 	 0.0 			 0.0 			 0.0			 0.0 
g4	 69 	 0.0 			 0.0 			 0.0			 0.0 
g4	 70 	 0.0 			 0.0 			 0.0			 0.0 
g4	 71 	 0.0 			 0.0 			 0.0			 0.0 
g4	 72 	 0.0 			 0.0 			 0.0			 0.0 
g4	 73 	 0.0 			 0.0 			 0.0			 0.0 
g4	 74 	 0.0 			 0.0 			 0.0			 0.0 
g4	 75 	 0.0 			 0.0 			 0.0			 0.0 
g4	 76 	 0.0 			 0.0 			 0.0			 0.0 
g4	 77 	 0.0 			 0.0 			 0.0			 0.0 
g4	 78 	 0.0 			 0.0 			 0.0			 0.0 
g4	 79 	 0.0 			 0.0 			 0.0			 0.0 
g4	 80 	 0.0 			 0.0 			 0.0			 0.0 
g4	 81 	 0.0 			 0.0 			 0.0			 0.0 
g4	 82 	 0.0 			 0.0 			 0.0			 0.0 
g4	 83 	 0.0 			 0.0 			 0.0			 0.0 
g4	 84 	 0.0 			 0.0 			 0.0			 0.0 
g4	 85 	 0.0 			 0.0 			 0.0			 0.0 
g4	 86 	 0.0 			 0.0 			 0.0			 0.0 
g4	 87 	 0.0 			 0.0 			 0.0			 0.0 
g4	 88 	 0.0 			 0.0 			 0.0			 0.0 
g4	 89 	 0.0 			 0.0 			 0.0			 0.0 
g4	 90 	 0.0 			 0.0 			 0.0			 0.0 
g4	 91 	 0.0 			 0.0 			 0.0			 0.0 
g4	 92 	 0.0 			 0.0 			 0.0			 0.0 
g4	 93 	 0.0 			 0.0 			 0.0			 0.0 
g4	 94 	 0.0 			 0.0 			 0.0			 0.0 
g4	 95 	 0.0 			 0.0 			 0.0			 0.0 
g4	 96 	 0.0 			 0.0 			 0.0			 0.0 
----------------------------------------------------------------------------------------------------
g5	 1 	 0.0 			 0.0 			 0.0			 0.0 
g5	 2 	 0.0 			 0.0 			 0.0			 0.0 
g5	 3 	 0.0 			 0.0 			 0.0			 0.0 
g5	 4 	 0.0 			 0.0 			 0.0			 0.0 
g5	 5 	 0.0 			 0.0 			 0.0			 0.0 
g5	 6 	 0.0 			 0.0 			 0.0			 0.0 
g5	 7 	 0.0 			 0.0 			 0.0			 0.0 
g5	 8 	 0.0 			 0.0 			 0.0			 0.0 
g5	 9 	 0.0 			 0.0 			 0.0			 0.0 
g5	 10 	 0.0 			 0.0 			 0.0			 0.0 
g5	 11 	 0.0 			 0.0 			 0.0			 0.0 
g5	 12 	 0.0 			 0.0 			 0.0			 0.0 
g5	 13 	 0.0 			 0.0 			 0.0			 0.0 
g5	 14 	 0.0 			 0.0 			 0.0			 0.0 
g5	 15 	 0.0 			 0.0 			 0.0			 0.0 
g5	 16 	 0.0 			 0.0 			 0.0			 0.0 
g5	 17 	 0.0 			 0.0 			 0.0			 0.0 
g5	 18 	 0.0 			 0.0 			 0.0			 0.0 
g5	 19 	 0.0 			 0.0 			 0.0			 0.0 
g5	 20 	 0.0 			 0.0 			 0.0			 0.0 
g5	 21 	 0.0 			 0.0 			 0.0			 0.0 
g5	 22 	 0.0 			 0.0 			 0.0			 0.0 
g5	 23 	 0.0 			 0.0 			 0.0			 0.0 
g5	 24 	 0.0 			 0.0 			 0.0			 0.0 
g5	 25 	 0.0 			 0.0 			 0.0			 0.0 
g5	 26 	 0.0 			 0.0 			 0.0			 0.0 
g5	 27 	 0.0 			 0.0 			 0.0			 0.0 
g5	 28 	 0.0 			 0.0 			 0.0			 0.0 
g5	 29 	 0.0 			 0.0 			 0.0			 0.0 
g5	 30 	 0.0 			 0.0 			 0.0			 0.0 
g5	 31 	 0.0 			 0.0 			 0.0			 0.0 
g5	 32 	 0.0 			 0.0 			 0.0			 0.0 
g5	 33 	 0.0 			 0.0 			 0.0			 0.0 
g5	 34 	 0.0 			 0.0 			 0.0			 0.0 
g5	 35 	 0.0 			 0.0 			 0.0			 0.0 
g5	 36 	 0.0 			 0.0 			 0.0			 0.0 
g5	 37 	 0.0 			 0.0 			 0.0			 0.0 
g5	 38 	 0.0 			 0.0 			 0.0			 0.0 
g5	 39 	 0.0 			 0.0 			 0.0			 0.0 
g5	 40 	 0.0 			 0.0 			 0.0			 0.0 
g5	 41 	 0.0 			 0.0 			 0.0			 0.0 
g5	 42 	 0.0 			 0.0 			 0.0			 0.0 
g5	 43 	 0.0 			 0.0 			 0.0			 0.0 
g5	 44 	 0.0 			 0.0 			 0.0			 0.0 
g5	 45 	 0.0 			 0.0 			 0.0			 0.0 
g5	 46 	 0.0 			 0.0 			 0.0			 0.0 
g5	 47 	 0.0 			 0.0 			 0.0			 0.0 
g5	 48 	 0.0 			 0.0 			 0.0			 0.0 
g5	 49 	 0.0 			 0.0 			 0.0			 0.0 
g5	 50 	 0.0 			 0.0 			 0.0			 0.0 
g5	 51 	 0.0 			 0.0 			 0.0			 0.0 
g5	 52 	 0.0 			 0.0 			 0.0			 0.0 
g5	 53 	 0.0 			 0.0 			 0.0			 0.0 
g5	 54 	 0.0 			 0.0 			 0.0			 0.0 
g5	 55 	 0.0 			 0.0 			 0.0			 0.0 
g5	 56 	 0.0 			 0.0 			 0.0			 0.0 
g5	 57 	 0.0 			 0.0 			 0.0			 0.0 
g5	 58 	 0.0 			 0.0 			 0.0			 0.0 
g5	 59 	 0.0 			 0.0 			 0.0			 0.0 
g5	 60 	 0.0 			 0.0 			 0.0			 0.0 
g5	 61 	 0.0 			 0.0 			 0.0			 0.0 
g5	 62 	 0.0 			 0.0 			 0.0			 0.0 
g5	 63 	 0.0 			 0.0 			 0.0			 0.0 
g5	 64 	 0.0 			 0.0 			 0.0			 0.0 
g5	 65 	 0.0 			 0.0 			 0.0			 0.0 
g5	 66 	 0.0 			 0.0 			 0.0			 0.0 
g5	 67 	 0.0 			 0.0 			 0.0			 0.0 
g5	 68 	 0.0 			 0.0 			 0.0			 0.0 
g5	 69 	 0.0 			 0.0 			 0.0			 0.0 
g5	 70 	 0.0 			 0.0 			 0.0			 0.0 
g5	 71 	 0.0 			 0.0 			 0.0			 0.0 
g5	 72 	 0.0 			 0.0 			 0.0			 0.0 
g5	 73 	 0.0 			 0.0 			 0.0			 0.0 
g5	 74 	 0.0 			 0.0 			 0.0			 0.0 
g5	 75 	 0.0 			 0.0 			 0.0			 0.0 
g5	 76 	 0.0 			 0.0 			 0.0			 0.0 
g5	 77 	 0.0 			 0.0 			 0.0			 0.0 
g5	 78 	 0.0 			 0.0 			 0.0			 0.0 
g5	 79 	 0.0 			 0.0 			 0.0			 0.0 
g5	 80 	 0.0 			 0.0 			 0.0			 0.0 
g5	 81 	 0.0 			 0.0 			 0.0			 0.0 
g5	 82 	 0.0 			 0.0 			 0.0			 0.0 
g5	 83 	 0.0 			 0.0 			 0.0			 0.0 
g5	 84 	 0.0 			 0.0 			 0.0			 0.0 
g5	 85 	 0.0 			 0.0 			 0.0			 0.0 
g5	 86 	 0.0 			 0.0 			 0.0			 0.0 
g5	 87 	 0.0 			 0.0 			 0.0			 0.0 
g5	 88 	 0.0 			 0.0 			 0.0			 0.0 
g5	 89 	 0.0 			 0.0 			 0.0			 0.0 
g5	 90 	 0.0 			 0.0 			 0.0			 0.0 
g5	 91 	 0.0 			 0.0 			 0.0			 0.0 
g5	 92 	 0.0 			 0.0 			 0.0			 0.0 
g5	 93 	 0.0 			 0.0 			 0.0			 0.0 
g5	 94 	 0.0 			 0.0 			 0.0			 0.0 
g5	 95 	 0.0 			 0.0 			 0.0			 0.0 
g5	 96 	 0.0 			 0.0 			 0.0			 0.0 
----------------------------------------------------------------------------------------------------------------
unit 	 generation payment 	 up-FRP payment 	 dw-FRP payment 	pre-up total payment
----------------------------------------------------------------------------------------------------------------
 g1 	 16175.904288			 0.000000			 0.000000			 16175.904288
 g2 	 2563.517928			 0.000000			 0.000000			 2563.517928
 g3 	 0.000000			 0.000000			 0.000000			 0.000000
 g4 	 0.000000			 0.000000			 0.000000			 0.000000
 g5 	 0.000000			 0.000000			 0.000000			 0.000000
----------------------------------------------------------------------------------------------------
generation payment 	 up-FRP payment 	 dw-FRP payment 	 pre-up total payment
----------------------------------------------------------------------------------------------------
18739.422216 			 0.0 			 0.0 			 18739.422216
 
****************************************************************************************************
 
Generation costs
----------------------------------------------------------------------------------------------------
unit	 time 	 generation cost 	 start-up cost  	total cost
----------------------------------------------------------------------------------------------------
g1	 1 	 2389.740635 			 0.0 			2389.740635
g1	 2 	 2364.640729 			 0.0 			2364.640729
g1	 3 	 2400.033116 			 0.0 			2400.033116
g1	 4 	 2373.861979 			 0.0 			2373.861979
g1	 5 	 2105.763057 			 0.0 			2105.763057
g1	 6 	 2419.136236 			 0.0 			2419.136236
g1	 7 	 2120.727402 			 0.0 			2120.727402
g1	 8 	 2383.756134 			 0.0 			2383.756134
g1	 9 	 2136.854581 			 0.0 			2136.854581
g1	 10 	 2143.438106 			 0.0 			2143.438106
g1	 11 	 2132.346612 			 0.0 			2132.346612
g1	 12 	 2170.087354 			 0.0 			2170.087354
g1	 13 	 2165.642377 			 0.0 			2165.642377
g1	 14 	 2068.944659 			 0.0 			2068.944659
g1	 15 	 2125.908527 			 0.0 			2125.908527
g1	 16 	 2033.45215 			 0.0 			2033.45215
g1	 17 	 2202.42237 			 0.0 			2202.42237
g1	 18 	 2044.622193 			 0.0 			2044.622193
g1	 19 	 2180.71794 			 0.0 			2180.71794
g1	 20 	 2041.91593 			 0.0 			2041.91593
g1	 21 	 2277.329435 			 0.0 			2277.329435
g1	 22 	 2218.327616 			 0.0 			2218.327616
g1	 23 	 2257.514925 			 0.0 			2257.514925
g1	 24 	 2217.412813 			 0.0 			2217.412813
g1	 25 	 2424.374901 			 0.0 			2424.374901
g1	 26 	 2485.393195 			 0.0 			2485.393195
g1	 27 	 2443.205932 			 0.0 			2443.205932
g1	 28 	 2459.098381 			 0.0 			2459.098381
g1	 29 	 2860.513401 			 0.0 			2860.513401
g1	 30 	 2461.0232 			 0.0 			2461.0232
g1	 31 	 2881.899586 			 0.0 			2881.899586
g1	 32 	 2434.465495 			 0.0 			2434.465495
g1	 33 	 2900.762027 			 0.0 			2900.762027
g1	 34 	 2859.274123 			 0.0 			2859.274123
g1	 35 	 2864.683445 			 0.0 			2864.683445
g1	 36 	 2857.605009 			 0.0 			2857.605009
g1	 37 	 2715.371076 			 0.0 			2715.371076
g1	 38 	 2850.129136 			 0.0 			2850.129136
g1	 39 	 2724.04002 			 0.0 			2724.04002
g1	 40 	 2785.251171 			 0.0 			2785.251171
g1	 41 	 2981.910764 			 0.0 			2981.910764
g1	 42 	 2981.641308 			 0.0 			2981.641308
g1	 43 	 3053.558196 			 0.0 			3053.558196
g1	 44 	 2972.193724 			 0.0 			2972.193724
g1	 45 	 3058.233409 			 0.0 			3058.233409
g1	 46 	 3058.233409 			 0.0 			3058.233409
g1	 47 	 3058.233409 			 0.0 			3058.233409
g1	 48 	 3058.233409 			 0.0 			3058.233409
g1	 49 	 3058.233409 			 0.0 			3058.233409
g1	 50 	 3058.233409 			 0.0 			3058.233409
g1	 51 	 3058.233409 			 0.0 			3058.233409
g1	 52 	 3058.233409 			 0.0 			3058.233409
g1	 53 	 3058.233409 			 0.0 			3058.233409
g1	 54 	 3058.233409 			 0.0 			3058.233409
g1	 55 	 3058.233409 			 0.0 			3058.233409
g1	 56 	 3058.233409 			 0.0 			3058.233409
g1	 57 	 3058.233409 			 0.0 			3058.233409
g1	 58 	 3058.233409 			 0.0 			3058.233409
g1	 59 	 3058.233409 			 0.0 			3058.233409
g1	 60 	 3058.233409 			 0.0 			3058.233409
g1	 61 	 3058.233409 			 0.0 			3058.233409
g1	 62 	 3058.233409 			 0.0 			3058.233409
g1	 63 	 3058.233409 			 0.0 			3058.233409
g1	 64 	 3058.233409 			 0.0 			3058.233409
g1	 65 	 3058.233409 			 0.0 			3058.233409
g1	 66 	 3058.233409 			 0.0 			3058.233409
g1	 67 	 3058.233409 			 0.0 			3058.233409
g1	 68 	 3058.233409 			 0.0 			3058.233409
g1	 69 	 3014.483552 			 0.0 			3014.483552
g1	 70 	 3058.233409 			 0.0 			3058.233409
g1	 71 	 2968.788493 			 0.0 			2968.788493
g1	 72 	 3058.233409 			 0.0 			3058.233409
g1	 73 	 2841.027024 			 0.0 			2841.027024
g1	 74 	 3058.233409 			 0.0 			3058.233409
g1	 75 	 3058.233409 			 0.0 			3058.233409
g1	 76 	 3058.233409 			 0.0 			3058.233409
g1	 77 	 3058.233409 			 0.0 			3058.233409
g1	 78 	 3058.233409 			 0.0 			3058.233409
g1	 79 	 3058.233409 			 0.0 			3058.233409
g1	 80 	 3058.233409 			 0.0 			3058.233409
g1	 81 	 3058.233409 			 0.0 			3058.233409
g1	 82 	 3026.336053 			 0.0 			3026.336053
g1	 83 	 3058.233409 			 0.0 			3058.233409
g1	 84 	 3008.107397 			 0.0 			3008.107397
g1	 85 	 3027.927234 			 0.0 			3027.927234
g1	 86 	 3058.233409 			 0.0 			3058.233409
g1	 87 	 2970.753793 			 0.0 			2970.753793
g1	 88 	 3058.233409 			 0.0 			3058.233409
g1	 89 	 2805.183297 			 0.0 			2805.183297
g1	 90 	 2692.989508 			 0.0 			2692.989508
g1	 91 	 2739.783101 			 0.0 			2739.783101
g1	 92 	 2725.412813 			 0.0 			2725.412813
g1	 93 	 2848.987098 			 0.0 			2848.987098
g1	 94 	 2742.617631 			 0.0 			2742.617631
g1	 95 	 2888.910149 			 0.0 			2888.910149
g1	 96 	 2668.844688 			 0.0 			2668.844688
----------------------------------------------------------------------------------------------------
g2	 1 	 0.0 			 0.0 			0.0
g2	 2 	 0.0 			 0.0 			0.0
g2	 3 	 0.0 			 0.0 			0.0
g2	 4 	 0.0 			 0.0 			0.0
g2	 5 	 0.0 			 0.0 			0.0
g2	 6 	 0.0 			 0.0 			0.0
g2	 7 	 0.0 			 0.0 			0.0
g2	 8 	 0.0 			 0.0 			0.0
g2	 9 	 0.0 			 0.0 			0.0
g2	 10 	 0.0 			 0.0 			0.0
g2	 11 	 0.0 			 0.0 			0.0
g2	 12 	 0.0 			 0.0 			0.0
g2	 13 	 0.0 			 0.0 			0.0
g2	 14 	 0.0 			 0.0 			0.0
g2	 15 	 0.0 			 0.0 			0.0
g2	 16 	 0.0 			 0.0 			0.0
g2	 17 	 0.0 			 0.0 			0.0
g2	 18 	 0.0 			 0.0 			0.0
g2	 19 	 0.0 			 0.0 			0.0
g2	 20 	 0.0 			 0.0 			0.0
g2	 21 	 0.0 			 0.0 			0.0
g2	 22 	 0.0 			 0.0 			0.0
g2	 23 	 0.0 			 0.0 			0.0
g2	 24 	 0.0 			 0.0 			0.0
g2	 25 	 0.0 			 0.0 			0.0
g2	 26 	 0.0 			 0.0 			0.0
g2	 27 	 0.0 			 0.0 			0.0
g2	 28 	 0.0 			 0.0 			0.0
g2	 29 	 0.0 			 0.0 			0.0
g2	 30 	 0.0 			 0.0 			0.0
g2	 31 	 0.0 			 0.0 			0.0
g2	 32 	 0.0 			 0.0 			0.0
g2	 33 	 0.0 			 0.0 			0.0
g2	 34 	 0.0 			 0.0 			0.0
g2	 35 	 0.0 			 0.0 			0.0
g2	 36 	 0.0 			 0.0 			0.0
g2	 37 	 534.771644 			 10598.13 			11132.901644
g2	 38 	 534.771644 			 0.0 			534.771644
g2	 39 	 534.771644 			 0.0 			534.771644
g2	 40 	 534.771644 			 0.0 			534.771644
g2	 41 	 534.771644 			 0.0 			534.771644
g2	 42 	 534.771644 			 0.0 			534.771644
g2	 43 	 534.771644 			 0.0 			534.771644
g2	 44 	 534.771644 			 0.0 			534.771644
g2	 45 	 609.936631 			 0.0 			609.936631
g2	 46 	 690.61335 			 0.0 			690.61335
g2	 47 	 587.732033 			 0.0 			587.732033
g2	 48 	 666.305963 			 0.0 			666.305963
g2	 49 	 801.364777 			 0.0 			801.364777
g2	 50 	 905.390369 			 0.0 			905.390369
g2	 51 	 866.273482 			 0.0 			866.273482
g2	 52 	 916.193724 			 0.0 			916.193724
g2	 53 	 958.150675 			 0.0 			958.150675
g2	 54 	 1011.483417 			 0.0 			1011.483417
g2	 55 	 905.377336 			 0.0 			905.377336
g2	 56 	 1019.403679 			 0.0 			1019.403679
g2	 57 	 986.008867 			 0.0 			986.008867
g2	 58 	 1109.892611 			 0.0 			1109.892611
g2	 59 	 1040.936509 			 0.0 			1040.936509
g2	 60 	 1140.660297 			 0.0 			1140.660297
g2	 61 	 1094.994381 			 0.0 			1094.994381
g2	 62 	 1129.925701 			 0.0 			1129.925701
g2	 63 	 1131.905094 			 0.0 			1131.905094
g2	 64 	 1144.434572 			 0.0 			1144.434572
g2	 65 	 1213.75585 			 0.0 			1213.75585
g2	 66 	 1256.510706 			 0.0 			1256.510706
g2	 67 	 1141.487768 			 0.0 			1141.487768
g2	 68 	 1179.239065 			 0.0 			1179.239065
g2	 69 	 1084.2814 			 0.0 			1084.2814
g2	 70 	 1360.878616 			 0.0 			1360.878616
g2	 71 	 1154.096417 			 0.0 			1154.096417
g2	 72 	 1441.644139 			 0.0 			1441.644139
g2	 73 	 1154.096417 			 0.0 			1154.096417
g2	 74 	 1020.541176 			 0.0 			1020.541176
g2	 75 	 967.216074 			 0.0 			967.216074
g2	 76 	 985.736106 			 0.0 			985.736106
g2	 77 	 804.932941 			 0.0 			804.932941
g2	 78 	 915.173608 			 0.0 			915.173608
g2	 79 	 823.988519 			 0.0 			823.988519
g2	 80 	 872.529788 			 0.0 			872.529788
g2	 81 	 947.878796 			 0.0 			947.878796
g2	 82 	 740.053942 			 0.0 			740.053942
g2	 83 	 982.13627 			 0.0 			982.13627
g2	 84 	 740.053942 			 0.0 			740.053942
g2	 85 	 534.771644 			 0.0 			534.771644
g2	 86 	 631.462308 			 0.0 			631.462308
g2	 87 	 534.771644 			 0.0 			534.771644
g2	 88 	 680.487052 			 0.0 			680.487052
g2	 89 	 534.771644 			 0.0 			534.771644
g2	 90 	 534.771644 			 0.0 			534.771644
g2	 91 	 534.771644 			 0.0 			534.771644
g2	 92 	 534.771644 			 0.0 			534.771644
g2	 93 	 0.0 			 0.0 			0.0
g2	 94 	 0.0 			 0.0 			0.0
g2	 95 	 0.0 			 0.0 			0.0
g2	 96 	 0.0 			 0.0 			0.0
----------------------------------------------------------------------------------------------------
g3	 1 	 0.0 			 0.0 			0.0
g3	 2 	 0.0 			 0.0 			0.0
g3	 3 	 0.0 			 0.0 			0.0
g3	 4 	 0.0 			 0.0 			0.0
g3	 5 	 0.0 			 0.0 			0.0
g3	 6 	 0.0 			 0.0 			0.0
g3	 7 	 0.0 			 0.0 			0.0
g3	 8 	 0.0 			 0.0 			0.0
g3	 9 	 0.0 			 0.0 			0.0
g3	 10 	 0.0 			 0.0 			0.0
g3	 11 	 0.0 			 0.0 			0.0
g3	 12 	 0.0 			 0.0 			0.0
g3	 13 	 0.0 			 0.0 			0.0
g3	 14 	 0.0 			 0.0 			0.0
g3	 15 	 0.0 			 0.0 			0.0
g3	 16 	 0.0 			 0.0 			0.0
g3	 17 	 0.0 			 0.0 			0.0
g3	 18 	 0.0 			 0.0 			0.0
g3	 19 	 0.0 			 0.0 			0.0
g3	 20 	 0.0 			 0.0 			0.0
g3	 21 	 0.0 			 0.0 			0.0
g3	 22 	 0.0 			 0.0 			0.0
g3	 23 	 0.0 			 0.0 			0.0
g3	 24 	 0.0 			 0.0 			0.0
g3	 25 	 0.0 			 0.0 			0.0
g3	 26 	 0.0 			 0.0 			0.0
g3	 27 	 0.0 			 0.0 			0.0
g3	 28 	 0.0 			 0.0 			0.0
g3	 29 	 0.0 			 0.0 			0.0
g3	 30 	 0.0 			 0.0 			0.0
g3	 31 	 0.0 			 0.0 			0.0
g3	 32 	 0.0 			 0.0 			0.0
g3	 33 	 0.0 			 0.0 			0.0
g3	 34 	 0.0 			 0.0 			0.0
g3	 35 	 0.0 			 0.0 			0.0
g3	 36 	 0.0 			 0.0 			0.0
g3	 37 	 0.0 			 0.0 			0.0
g3	 38 	 0.0 			 0.0 			0.0
g3	 39 	 0.0 			 0.0 			0.0
g3	 40 	 0.0 			 0.0 			0.0
g3	 41 	 0.0 			 0.0 			0.0
g3	 42 	 0.0 			 0.0 			0.0
g3	 43 	 0.0 			 0.0 			0.0
g3	 44 	 0.0 			 0.0 			0.0
g3	 45 	 0.0 			 0.0 			0.0
g3	 46 	 0.0 			 0.0 			0.0
g3	 47 	 0.0 			 0.0 			0.0
g3	 48 	 0.0 			 0.0 			0.0
g3	 49 	 0.0 			 0.0 			0.0
g3	 50 	 0.0 			 0.0 			0.0
g3	 51 	 0.0 			 0.0 			0.0
g3	 52 	 0.0 			 0.0 			0.0
g3	 53 	 0.0 			 0.0 			0.0
g3	 54 	 0.0 			 0.0 			0.0
g3	 55 	 0.0 			 0.0 			0.0
g3	 56 	 0.0 			 0.0 			0.0
g3	 57 	 0.0 			 0.0 			0.0
g3	 58 	 0.0 			 0.0 			0.0
g3	 59 	 0.0 			 0.0 			0.0
g3	 60 	 0.0 			 0.0 			0.0
g3	 61 	 0.0 			 0.0 			0.0
g3	 62 	 0.0 			 0.0 			0.0
g3	 63 	 0.0 			 0.0 			0.0
g3	 64 	 0.0 			 0.0 			0.0
g3	 65 	 0.0 			 0.0 			0.0
g3	 66 	 0.0 			 0.0 			0.0
g3	 67 	 0.0 			 0.0 			0.0
g3	 68 	 0.0 			 0.0 			0.0
g3	 69 	 0.0 			 0.0 			0.0
g3	 70 	 0.0 			 0.0 			0.0
g3	 71 	 0.0 			 0.0 			0.0
g3	 72 	 0.0 			 0.0 			0.0
g3	 73 	 0.0 			 0.0 			0.0
g3	 74 	 0.0 			 0.0 			0.0
g3	 75 	 0.0 			 0.0 			0.0
g3	 76 	 0.0 			 0.0 			0.0
g3	 77 	 0.0 			 0.0 			0.0
g3	 78 	 0.0 			 0.0 			0.0
g3	 79 	 0.0 			 0.0 			0.0
g3	 80 	 0.0 			 0.0 			0.0
g3	 81 	 0.0 			 0.0 			0.0
g3	 82 	 0.0 			 0.0 			0.0
g3	 83 	 0.0 			 0.0 			0.0
g3	 84 	 0.0 			 0.0 			0.0
g3	 85 	 0.0 			 0.0 			0.0
g3	 86 	 0.0 			 0.0 			0.0
g3	 87 	 0.0 			 0.0 			0.0
g3	 88 	 0.0 			 0.0 			0.0
g3	 89 	 0.0 			 0.0 			0.0
g3	 90 	 0.0 			 0.0 			0.0
g3	 91 	 0.0 			 0.0 			0.0
g3	 92 	 0.0 			 0.0 			0.0
g3	 93 	 0.0 			 0.0 			0.0
g3	 94 	 0.0 			 0.0 			0.0
g3	 95 	 0.0 			 0.0 			0.0
g3	 96 	 0.0 			 0.0 			0.0
----------------------------------------------------------------------------------------------------
g4	 1 	 0.0 			 0.0 			0.0
g4	 2 	 0.0 			 0.0 			0.0
g4	 3 	 0.0 			 0.0 			0.0
g4	 4 	 0.0 			 0.0 			0.0
g4	 5 	 0.0 			 0.0 			0.0
g4	 6 	 0.0 			 0.0 			0.0
g4	 7 	 0.0 			 0.0 			0.0
g4	 8 	 0.0 			 0.0 			0.0
g4	 9 	 0.0 			 0.0 			0.0
g4	 10 	 0.0 			 0.0 			0.0
g4	 11 	 0.0 			 0.0 			0.0
g4	 12 	 0.0 			 0.0 			0.0
g4	 13 	 0.0 			 0.0 			0.0
g4	 14 	 0.0 			 0.0 			0.0
g4	 15 	 0.0 			 0.0 			0.0
g4	 16 	 0.0 			 0.0 			0.0
g4	 17 	 0.0 			 0.0 			0.0
g4	 18 	 0.0 			 0.0 			0.0
g4	 19 	 0.0 			 0.0 			0.0
g4	 20 	 0.0 			 0.0 			0.0
g4	 21 	 0.0 			 0.0 			0.0
g4	 22 	 0.0 			 0.0 			0.0
g4	 23 	 0.0 			 0.0 			0.0
g4	 24 	 0.0 			 0.0 			0.0
g4	 25 	 0.0 			 0.0 			0.0
g4	 26 	 0.0 			 0.0 			0.0
g4	 27 	 0.0 			 0.0 			0.0
g4	 28 	 0.0 			 0.0 			0.0
g4	 29 	 0.0 			 0.0 			0.0
g4	 30 	 0.0 			 0.0 			0.0
g4	 31 	 0.0 			 0.0 			0.0
g4	 32 	 0.0 			 0.0 			0.0
g4	 33 	 0.0 			 0.0 			0.0
g4	 34 	 0.0 			 0.0 			0.0
g4	 35 	 0.0 			 0.0 			0.0
g4	 36 	 0.0 			 0.0 			0.0
g4	 37 	 0.0 			 0.0 			0.0
g4	 38 	 0.0 			 0.0 			0.0
g4	 39 	 0.0 			 0.0 			0.0
g4	 40 	 0.0 			 0.0 			0.0
g4	 41 	 0.0 			 0.0 			0.0
g4	 42 	 0.0 			 0.0 			0.0
g4	 43 	 0.0 			 0.0 			0.0
g4	 44 	 0.0 			 0.0 			0.0
g4	 45 	 0.0 			 0.0 			0.0
g4	 46 	 0.0 			 0.0 			0.0
g4	 47 	 0.0 			 0.0 			0.0
g4	 48 	 0.0 			 0.0 			0.0
g4	 49 	 0.0 			 0.0 			0.0
g4	 50 	 0.0 			 0.0 			0.0
g4	 51 	 0.0 			 0.0 			0.0
g4	 52 	 0.0 			 0.0 			0.0
g4	 53 	 0.0 			 0.0 			0.0
g4	 54 	 0.0 			 0.0 			0.0
g4	 55 	 0.0 			 0.0 			0.0
g4	 56 	 0.0 			 0.0 			0.0
g4	 57 	 0.0 			 0.0 			0.0
g4	 58 	 0.0 			 0.0 			0.0
g4	 59 	 0.0 			 0.0 			0.0
g4	 60 	 0.0 			 0.0 			0.0
g4	 61 	 0.0 			 0.0 			0.0
g4	 62 	 0.0 			 0.0 			0.0
g4	 63 	 0.0 			 0.0 			0.0
g4	 64 	 0.0 			 0.0 			0.0
g4	 65 	 0.0 			 0.0 			0.0
g4	 66 	 0.0 			 0.0 			0.0
g4	 67 	 0.0 			 0.0 			0.0
g4	 68 	 0.0 			 0.0 			0.0
g4	 69 	 0.0 			 0.0 			0.0
g4	 70 	 0.0 			 0.0 			0.0
g4	 71 	 0.0 			 0.0 			0.0
g4	 72 	 0.0 			 0.0 			0.0
g4	 73 	 0.0 			 0.0 			0.0
g4	 74 	 0.0 			 0.0 			0.0
g4	 75 	 0.0 			 0.0 			0.0
g4	 76 	 0.0 			 0.0 			0.0
g4	 77 	 0.0 			 0.0 			0.0
g4	 78 	 0.0 			 0.0 			0.0
g4	 79 	 0.0 			 0.0 			0.0
g4	 80 	 0.0 			 0.0 			0.0
g4	 81 	 0.0 			 0.0 			0.0
g4	 82 	 0.0 			 0.0 			0.0
g4	 83 	 0.0 			 0.0 			0.0
g4	 84 	 0.0 			 0.0 			0.0
g4	 85 	 0.0 			 0.0 			0.0
g4	 86 	 0.0 			 0.0 			0.0
g4	 87 	 0.0 			 0.0 			0.0
g4	 88 	 0.0 			 0.0 			0.0
g4	 89 	 0.0 			 0.0 			0.0
g4	 90 	 0.0 			 0.0 			0.0
g4	 91 	 0.0 			 0.0 			0.0
g4	 92 	 0.0 			 0.0 			0.0
g4	 93 	 0.0 			 0.0 			0.0
g4	 94 	 0.0 			 0.0 			0.0
g4	 95 	 0.0 			 0.0 			0.0
g4	 96 	 0.0 			 0.0 			0.0
----------------------------------------------------------------------------------------------------
g5	 1 	 0.0 			 0.0 			0.0
g5	 2 	 0.0 			 0.0 			0.0
g5	 3 	 0.0 			 0.0 			0.0
g5	 4 	 0.0 			 0.0 			0.0
g5	 5 	 0.0 			 0.0 			0.0
g5	 6 	 0.0 			 0.0 			0.0
g5	 7 	 0.0 			 0.0 			0.0
g5	 8 	 0.0 			 0.0 			0.0
g5	 9 	 0.0 			 0.0 			0.0
g5	 10 	 0.0 			 0.0 			0.0
g5	 11 	 0.0 			 0.0 			0.0
g5	 12 	 0.0 			 0.0 			0.0
g5	 13 	 0.0 			 0.0 			0.0
g5	 14 	 0.0 			 0.0 			0.0
g5	 15 	 0.0 			 0.0 			0.0
g5	 16 	 0.0 			 0.0 			0.0
g5	 17 	 0.0 			 0.0 			0.0
g5	 18 	 0.0 			 0.0 			0.0
g5	 19 	 0.0 			 0.0 			0.0
g5	 20 	 0.0 			 0.0 			0.0
g5	 21 	 0.0 			 0.0 			0.0
g5	 22 	 0.0 			 0.0 			0.0
g5	 23 	 0.0 			 0.0 			0.0
g5	 24 	 0.0 			 0.0 			0.0
g5	 25 	 0.0 			 0.0 			0.0
g5	 26 	 0.0 			 0.0 			0.0
g5	 27 	 0.0 			 0.0 			0.0
g5	 28 	 0.0 			 0.0 			0.0
g5	 29 	 0.0 			 0.0 			0.0
g5	 30 	 0.0 			 0.0 			0.0
g5	 31 	 0.0 			 0.0 			0.0
g5	 32 	 0.0 			 0.0 			0.0
g5	 33 	 0.0 			 0.0 			0.0
g5	 34 	 0.0 			 0.0 			0.0
g5	 35 	 0.0 			 0.0 			0.0
g5	 36 	 0.0 			 0.0 			0.0
g5	 37 	 0.0 			 0.0 			0.0
g5	 38 	 0.0 			 0.0 			0.0
g5	 39 	 0.0 			 0.0 			0.0
g5	 40 	 0.0 			 0.0 			0.0
g5	 41 	 0.0 			 0.0 			0.0
g5	 42 	 0.0 			 0.0 			0.0
g5	 43 	 0.0 			 0.0 			0.0
g5	 44 	 0.0 			 0.0 			0.0
g5	 45 	 0.0 			 0.0 			0.0
g5	 46 	 0.0 			 0.0 			0.0
g5	 47 	 0.0 			 0.0 			0.0
g5	 48 	 0.0 			 0.0 			0.0
g5	 49 	 0.0 			 0.0 			0.0
g5	 50 	 0.0 			 0.0 			0.0
g5	 51 	 0.0 			 0.0 			0.0
g5	 52 	 0.0 			 0.0 			0.0
g5	 53 	 0.0 			 0.0 			0.0
g5	 54 	 0.0 			 0.0 			0.0
g5	 55 	 0.0 			 0.0 			0.0
g5	 56 	 0.0 			 0.0 			0.0
g5	 57 	 0.0 			 0.0 			0.0
g5	 58 	 0.0 			 0.0 			0.0
g5	 59 	 0.0 			 0.0 			0.0
g5	 60 	 0.0 			 0.0 			0.0
g5	 61 	 0.0 			 0.0 			0.0
g5	 62 	 0.0 			 0.0 			0.0
g5	 63 	 0.0 			 0.0 			0.0
g5	 64 	 0.0 			 0.0 			0.0
g5	 65 	 0.0 			 0.0 			0.0
g5	 66 	 0.0 			 0.0 			0.0
g5	 67 	 0.0 			 0.0 			0.0
g5	 68 	 0.0 			 0.0 			0.0
g5	 69 	 0.0 			 0.0 			0.0
g5	 70 	 0.0 			 0.0 			0.0
g5	 71 	 0.0 			 0.0 			0.0
g5	 72 	 0.0 			 0.0 			0.0
g5	 73 	 0.0 			 0.0 			0.0
g5	 74 	 0.0 			 0.0 			0.0
g5	 75 	 0.0 			 0.0 			0.0
g5	 76 	 0.0 			 0.0 			0.0
g5	 77 	 0.0 			 0.0 			0.0
g5	 78 	 0.0 			 0.0 			0.0
g5	 79 	 0.0 			 0.0 			0.0
g5	 80 	 0.0 			 0.0 			0.0
g5	 81 	 0.0 			 0.0 			0.0
g5	 82 	 0.0 			 0.0 			0.0
g5	 83 	 0.0 			 0.0 			0.0
g5	 84 	 0.0 			 0.0 			0.0
g5	 85 	 0.0 			 0.0 			0.0
g5	 86 	 0.0 			 0.0 			0.0
g5	 87 	 0.0 			 0.0 			0.0
g5	 88 	 0.0 			 0.0 			0.0
g5	 89 	 0.0 			 0.0 			0.0
g5	 90 	 0.0 			 0.0 			0.0
g5	 91 	 0.0 			 0.0 			0.0
g5	 92 	 0.0 			 0.0 			0.0
g5	 93 	 0.0 			 0.0 			0.0
g5	 94 	 0.0 			 0.0 			0.0
g5	 95 	 0.0 			 0.0 			0.0
g5	 96 	 0.0 			 0.0 			0.0
----------------------------------------------------------------------------------------------------
 
unit 	 generation 	 generation cost 	 start-up cost 	 total cost
----------------------------------------------------------------------------------------------------
g1 	 7077.220335			264095.778930			 0.000000		 264095.778930
g2 	 901.313875			48301.967384			 10598.130000		 58900.097384
g3 	 0.000000			0.000000			 0.000000		 0.000000
g4 	 0.000000			0.000000			 0.000000		 0.000000
g5 	 0.000000			0.000000			 0.000000		 0.000000
----------------------------------------------------------------------------------------------------
 
generation cost 	 start-up cost 		 total cost
----------------------------------------------------------------------------------------------------
312397.74631400034 			 10598.13 			 322995.8763140003
----------------------------------------------------------------------------------------------------
uplift payment for generator g1: 0.0
uplift payment for generator g2: 18031.414937
uplift payment for generator g3: 0.0
uplift payment for generator g4: 0.0
uplift payment for generator g5: 0.0
 
****************************************************************************************************
 
rtm Systemwide prices
----------------------------------------------------------------------------------------------------
time	 energy 	 up-FRP 	 dw-FRP
----------------------------------------------------------------------------------------------------
1 	 9.614507 		 0.0 		 0.0
2 	 9.614507 		 0.0 		 0.0
3 	 9.614507 		 0.0 		 0.0
4 	 9.614507 		 0.0 		 0.0
5 	 9.408671 		 0.0 		 0.0
6 	 9.614507 		 0.0 		 0.0
7 	 9.408671 		 0.0 		 0.0
8 	 9.614507 		 0.0 		 0.0
9 	 9.408671 		 0.0 		 0.0
10 	 9.408671 		 0.0 		 0.0
11 	 9.408671 		 0.0 		 0.0
12 	 9.408671 		 0.0 		 0.0
13 	 9.408671 		 0.0 		 0.0
14 	 9.408671 		 0.0 		 0.0
15 	 9.408671 		 0.0 		 0.0
16 	 9.408671 		 0.0 		 0.0
17 	 9.408671 		 0.0 		 0.0
18 	 9.408671 		 0.0 		 0.0
19 	 9.408671 		 0.0 		 0.0
20 	 9.408671 		 0.0 		 0.0
21 	 9.408671 		 0.0 		 0.0
22 	 9.408671 		 0.0 		 0.0
23 	 9.408671 		 0.0 		 0.0
24 	 9.408671 		 0.0 		 0.0
25 	 9.614507 		 0.0 		 0.0
26 	 9.614507 		 0.0 		 0.0
27 	 9.614507 		 0.0 		 0.0
28 	 9.614507 		 0.0 		 0.0
29 	 9.614507 		 0.0 		 0.0
30 	 9.614507 		 0.0 		 0.0
31 	 9.614507 		 0.0 		 0.0
32 	 9.614507 		 0.0 		 0.0
33 	 9.614507 		 0.0 		 0.0
34 	 9.614507 		 0.0 		 0.0
35 	 9.614507 		 0.0 		 0.0
36 	 9.614507 		 0.0 		 0.0
37 	 9.614507 		 0.0 		 0.0
38 	 9.614507 		 0.0 		 0.0
39 	 9.614507 		 0.0 		 0.0
40 	 9.614507 		 0.0 		 0.0
41 	 9.614507 		 0.0 		 0.0
42 	 9.614507 		 0.0 		 0.0
43 	 9.614507 		 0.0 		 0.0
44 	 9.614507 		 0.0 		 0.0
45 	 10.185876 		 0.0 		 0.0
46 	 10.185876 		 0.0 		 0.0
47 	 10.185876 		 0.0 		 0.0
48 	 10.185876 		 0.0 		 0.0
49 	 10.185876 		 0.0 		 0.0
50 	 11.493892 		 0.0 		 0.0
51 	 11.493892 		 0.0 		 0.0
52 	 11.493892 		 0.0 		 0.0
53 	 11.493892 		 0.0 		 0.0
54 	 11.493892 		 0.0 		 0.0
55 	 11.493892 		 0.0 		 0.0
56 	 11.493892 		 0.0 		 0.0
57 	 11.493892 		 0.0 		 0.0
58 	 11.493892 		 0.0 		 0.0
59 	 11.493892 		 0.0 		 0.0
60 	 11.493892 		 0.0 		 0.0
61 	 11.493892 		 0.0 		 0.0
62 	 11.493892 		 0.0 		 0.0
63 	 11.493892 		 0.0 		 0.0
64 	 11.493892 		 0.0 		 0.0
65 	 11.493892 		 0.0 		 0.0
66 	 13.296712 		 0.0 		 0.0
67 	 11.493892 		 0.0 		 0.0
68 	 11.493892 		 0.0 		 0.0
69 	 9.614507 		 0.0 		 0.0
70 	 15.176097 		 0.0 		 0.0
71 	 9.614507 		 0.0 		 0.0
72 	 17.055481 		 0.0 		 0.0
73 	 9.614507 		 0.0 		 0.0
74 	 11.493892 		 0.0 		 0.0
75 	 11.493892 		 0.0 		 0.0
76 	 11.493892 		 0.0 		 0.0
77 	 10.185876 		 0.0 		 0.0
78 	 11.493892 		 0.0 		 0.0
79 	 10.185876 		 0.0 		 0.0
80 	 11.493892 		 0.0 		 0.0
81 	 11.493892 		 0.0 		 0.0
82 	 9.614507 		 0.0 		 0.0
83 	 12.636629 		 0.0 		 0.0
84 	 9.614507 		 0.0 		 0.0
85 	 9.614507 		 0.0 		 0.0
86 	 10.185876 		 0.0 		 0.0
87 	 9.614507 		 0.0 		 0.0
88 	 10.185876 		 0.0 		 0.0
89 	 9.614507 		 0.0 		 0.0
90 	 9.614507 		 0.0 		 0.0
91 	 9.614507 		 0.0 		 0.0
92 	 9.614507 		 0.0 		 0.0
93 	 9.614507 		 0.0 		 0.0
94 	 9.614507 		 0.0 		 0.0
95 	 9.614507 		 0.0 		 0.0
96 	 9.614507 		 0.0 		 0.0
 
****************************************************************************************************
 
rtm Post-uplift payments
----------------------------------------------------------------------------------------------------------------------------------------------------
unit 	 generation payment 	 up-FRP payment 	 dw-FRP payment 	pre-up t. payment 	 uplift payments 	 post-up t. payment 	 profit
----------------------------------------------------------------------------------------------------------------------------------------------------
 g1 	 16175.904288			 0.000000			 0.000000			 16175.904288			 0.000000			 16175.904288		 42321.174659
 g2 	 2563.517928			 0.000000			 0.000000			 2563.517928			 18031.414937			 20594.932865		 -0.000000
 g3 	 0.000000			 0.000000			 0.000000			 0.000000			 0.000000			 0.000000		 0.000000
 g4 	 0.000000			 0.000000			 0.000000			 0.000000			 0.000000			 0.000000		 0.000000
 g5 	 0.000000			 0.000000			 0.000000			 0.000000			 0.000000			 0.000000		 0.000000
****************************************************************************************************
 
Total generator payments
----------------------------------------------------------------------------------------------------------------------------------------------------
unit 	 generation payment 	 up-FRP payment 	 dw-FRP payment 	pre-up t. payment 	 uplift payments 	 post-up t. payment 	 profit
----------------------------------------------------------------------------------------------------------------------------------------------------
 g1 	 306416.953589			 0.000000			 0.000000			 306416.953589			 0.000000			 306416.953589		 42321.174659
 g2 	 40868.682447			 0.000000			 0.000000			 40868.682447			 18031.414937			 58900.097384		 0.000000
 g3 	 0.000000			 0.000000			 0.000000			 0.000000			 0.000000			 0.000000		 0.000000
 g4 	 0.000000			 0.000000			 0.000000			 0.000000			 0.000000			 0.000000		 0.000000
 g5 	 0.000000			 0.000000			 0.000000			 0.000000			 0.000000			 0.000000		 0.000000
 
****************************************************************************************************
 
rtm LMP
----------------------------------------------------------------------------------------------------
bus name 	 time 		 LMP
----------------------------------------------------------------------------------------------------
b1 		 1 		 9.614507
b1 		 2 		 9.614507
b1 		 3 		 9.614507
b1 		 4 		 9.614507
b1 		 5 		 9.408671
b1 		 6 		 9.614507
b1 		 7 		 9.408671
b1 		 8 		 9.614507
b1 		 9 		 9.408671
b1 		 10 		 9.408671
b1 		 11 		 9.408671
b1 		 12 		 9.408671
b1 		 13 		 9.408671
b1 		 14 		 9.408671
b1 		 15 		 9.408671
b1 		 16 		 9.408671
b1 		 17 		 9.408671
b1 		 18 		 9.408671
b1 		 19 		 9.408671
b1 		 20 		 9.408671
b1 		 21 		 9.408671
b1 		 22 		 9.408671
b1 		 23 		 9.408671
b1 		 24 		 9.408671
b1 		 25 		 9.614507
b1 		 26 		 9.614507
b1 		 27 		 9.614507
b1 		 28 		 9.614507
b1 		 29 		 9.614507
b1 		 30 		 9.614507
b1 		 31 		 9.614507
b1 		 32 		 9.614507
b1 		 33 		 9.614507
b1 		 34 		 9.614507
b1 		 35 		 9.614507
b1 		 36 		 9.614507
b1 		 37 		 9.614507
b1 		 38 		 9.614507
b1 		 39 		 9.614507
b1 		 40 		 9.614507
b1 		 41 		 9.614507
b1 		 42 		 9.614507
b1 		 43 		 9.614507
b1 		 44 		 9.614507
b1 		 45 		 10.185876
b1 		 46 		 10.185876
b1 		 47 		 10.185876
b1 		 48 		 10.185876
b1 		 49 		 10.185876
b1 		 50 		 11.493892
b1 		 51 		 11.493892
b1 		 52 		 11.493892
b1 		 53 		 11.493892
b1 		 54 		 11.493892
b1 		 55 		 11.493892
b1 		 56 		 11.493892
b1 		 57 		 11.493892
b1 		 58 		 11.493892
b1 		 59 		 11.493892
b1 		 60 		 11.493892
b1 		 61 		 11.493892
b1 		 62 		 11.493892
b1 		 63 		 11.493892
b1 		 64 		 11.493892
b1 		 65 		 11.493892
b1 		 66 		 13.296712
b1 		 67 		 11.493892
b1 		 68 		 11.493892
b1 		 69 		 9.614507
b1 		 70 		 15.176097
b1 		 71 		 9.614507
b1 		 72 		 17.055481
b1 		 73 		 9.614507
b1 		 74 		 11.493892
b1 		 75 		 11.493892
b1 		 76 		 11.493892
b1 		 77 		 10.185876
b1 		 78 		 11.493892
b1 		 79 		 10.185876
b1 		 80 		 11.493892
b1 		 81 		 11.493892
b1 		 82 		 9.614507
b1 		 83 		 12.636629
b1 		 84 		 9.614507
b1 		 85 		 9.614507
b1 		 86 		 10.185876
b1 		 87 		 9.614507
b1 		 88 		 10.185876
b1 		 89 		 9.614507
b1 		 90 		 9.614507
b1 		 91 		 9.614507
b1 		 92 		 9.614507
b1 		 93 		 9.614507
b1 		 94 		 9.614507
b1 		 95 		 9.614507
b1 		 96 		 9.614507
----------------------------------------------------------------------------------------------------
b2 		 1 		 9.614507
b2 		 2 		 9.614507
b2 		 3 		 9.614507
b2 		 4 		 9.614507
b2 		 5 		 9.408671
b2 		 6 		 9.614507
b2 		 7 		 9.408671
b2 		 8 		 9.614507
b2 		 9 		 9.408671
b2 		 10 		 9.408671
b2 		 11 		 9.408671
b2 		 12 		 9.408671
b2 		 13 		 9.408671
b2 		 14 		 9.408671
b2 		 15 		 9.408671
b2 		 16 		 9.408671
b2 		 17 		 9.408671
b2 		 18 		 9.408671
b2 		 19 		 9.408671
b2 		 20 		 9.408671
b2 		 21 		 9.408671
b2 		 22 		 9.408671
b2 		 23 		 9.408671
b2 		 24 		 9.408671
b2 		 25 		 9.614507
b2 		 26 		 9.614507
b2 		 27 		 9.614507
b2 		 28 		 9.614507
b2 		 29 		 9.614507
b2 		 30 		 9.614507
b2 		 31 		 9.614507
b2 		 32 		 9.614507
b2 		 33 		 9.614507
b2 		 34 		 9.614507
b2 		 35 		 9.614507
b2 		 36 		 9.614507
b2 		 37 		 9.614507
b2 		 38 		 9.614507
b2 		 39 		 9.614507
b2 		 40 		 9.614507
b2 		 41 		 9.614507
b2 		 42 		 9.614507
b2 		 43 		 9.614507
b2 		 44 		 9.614507
b2 		 45 		 10.185876
b2 		 46 		 10.185876
b2 		 47 		 10.185876
b2 		 48 		 10.185876
b2 		 49 		 10.185876
b2 		 50 		 11.493892
b2 		 51 		 11.493892
b2 		 52 		 11.493892
b2 		 53 		 11.493892
b2 		 54 		 11.493892
b2 		 55 		 11.493892
b2 		 56 		 11.493892
b2 		 57 		 11.493892
b2 		 58 		 11.493892
b2 		 59 		 11.493892
b2 		 60 		 11.493892
b2 		 61 		 11.493892
b2 		 62 		 11.493892
b2 		 63 		 11.493892
b2 		 64 		 11.493892
b2 		 65 		 11.493892
b2 		 66 		 13.296712
b2 		 67 		 11.493892
b2 		 68 		 11.493892
b2 		 69 		 9.614507
b2 		 70 		 15.176097
b2 		 71 		 9.614507
b2 		 72 		 17.055481
b2 		 73 		 9.614507
b2 		 74 		 11.493892
b2 		 75 		 11.493892
b2 		 76 		 11.493892
b2 		 77 		 10.185876
b2 		 78 		 11.493892
b2 		 79 		 10.185876
b2 		 80 		 11.493892
b2 		 81 		 11.493892
b2 		 82 		 9.614507
b2 		 83 		 12.636629
b2 		 84 		 9.614507
b2 		 85 		 9.614507
b2 		 86 		 10.185876
b2 		 87 		 9.614507
b2 		 88 		 10.185876
b2 		 89 		 9.614507
b2 		 90 		 9.614507
b2 		 91 		 9.614507
b2 		 92 		 9.614507
b2 		 93 		 9.614507
b2 		 94 		 9.614507
b2 		 95 		 9.614507
b2 		 96 		 9.614507
----------------------------------------------------------------------------------------------------
b3 		 1 		 9.614507
b3 		 2 		 9.614507
b3 		 3 		 9.614507
b3 		 4 		 9.614507
b3 		 5 		 9.408671
b3 		 6 		 9.614507
b3 		 7 		 9.408671
b3 		 8 		 9.614507
b3 		 9 		 9.408671
b3 		 10 		 9.408671
b3 		 11 		 9.408671
b3 		 12 		 9.408671
b3 		 13 		 9.408671
b3 		 14 		 9.408671
b3 		 15 		 9.408671
b3 		 16 		 9.408671
b3 		 17 		 9.408671
b3 		 18 		 9.408671
b3 		 19 		 9.408671
b3 		 20 		 9.408671
b3 		 21 		 9.408671
b3 		 22 		 9.408671
b3 		 23 		 9.408671
b3 		 24 		 9.408671
b3 		 25 		 9.614507
b3 		 26 		 9.614507
b3 		 27 		 9.614507
b3 		 28 		 9.614507
b3 		 29 		 9.614507
b3 		 30 		 9.614507
b3 		 31 		 9.614507
b3 		 32 		 9.614507
b3 		 33 		 9.614507
b3 		 34 		 9.614507
b3 		 35 		 9.614507
b3 		 36 		 9.614507
b3 		 37 		 9.614507
b3 		 38 		 9.614507
b3 		 39 		 9.614507
b3 		 40 		 9.614507
b3 		 41 		 9.614507
b3 		 42 		 9.614507
b3 		 43 		 9.614507
b3 		 44 		 9.614507
b3 		 45 		 10.185876
b3 		 46 		 10.185876
b3 		 47 		 10.185876
b3 		 48 		 10.185876
b3 		 49 		 10.185876
b3 		 50 		 11.493892
b3 		 51 		 11.493892
b3 		 52 		 11.493892
b3 		 53 		 11.493892
b3 		 54 		 11.493892
b3 		 55 		 11.493892
b3 		 56 		 11.493892
b3 		 57 		 11.493892
b3 		 58 		 11.493892
b3 		 59 		 11.493892
b3 		 60 		 11.493892
b3 		 61 		 11.493892
b3 		 62 		 11.493892
b3 		 63 		 11.493892
b3 		 64 		 11.493892
b3 		 65 		 11.493892
b3 		 66 		 13.296712
b3 		 67 		 11.493892
b3 		 68 		 11.493892
b3 		 69 		 9.614507
b3 		 70 		 15.176097
b3 		 71 		 9.614507
b3 		 72 		 17.055481
b3 		 73 		 9.614507
b3 		 74 		 11.493892
b3 		 75 		 11.493892
b3 		 76 		 11.493892
b3 		 77 		 10.185876
b3 		 78 		 11.493892
b3 		 79 		 10.185876
b3 		 80 		 11.493892
b3 		 81 		 11.493892
b3 		 82 		 9.614507
b3 		 83 		 12.636629
b3 		 84 		 9.614507
b3 		 85 		 9.614507
b3 		 86 		 10.185876
b3 		 87 		 9.614507
b3 		 88 		 10.185876
b3 		 89 		 9.614507
b3 		 90 		 9.614507
b3 		 91 		 9.614507
b3 		 92 		 9.614507
b3 		 93 		 9.614507
b3 		 94 		 9.614507
b3 		 95 		 9.614507
b3 		 96 		 9.614507
----------------------------------------------------------------------------------------------------
b4 		 1 		 9.614507
b4 		 2 		 9.614507
b4 		 3 		 9.614507
b4 		 4 		 9.614507
b4 		 5 		 9.408671
b4 		 6 		 9.614507
b4 		 7 		 9.408671
b4 		 8 		 9.614507
b4 		 9 		 9.408671
b4 		 10 		 9.408671
b4 		 11 		 9.408671
b4 		 12 		 9.408671
b4 		 13 		 9.408671
b4 		 14 		 9.408671
b4 		 15 		 9.408671
b4 		 16 		 9.408671
b4 		 17 		 9.408671
b4 		 18 		 9.408671
b4 		 19 		 9.408671
b4 		 20 		 9.408671
b4 		 21 		 9.408671
b4 		 22 		 9.408671
b4 		 23 		 9.408671
b4 		 24 		 9.408671
b4 		 25 		 9.614507
b4 		 26 		 9.614507
b4 		 27 		 9.614507
b4 		 28 		 9.614507
b4 		 29 		 9.614507
b4 		 30 		 9.614507
b4 		 31 		 9.614507
b4 		 32 		 9.614507
b4 		 33 		 9.614507
b4 		 34 		 9.614507
b4 		 35 		 9.614507
b4 		 36 		 9.614507
b4 		 37 		 9.614507
b4 		 38 		 9.614507
b4 		 39 		 9.614507
b4 		 40 		 9.614507
b4 		 41 		 9.614507
b4 		 42 		 9.614507
b4 		 43 		 9.614507
b4 		 44 		 9.614507
b4 		 45 		 10.185876
b4 		 46 		 10.185876
b4 		 47 		 10.185876
b4 		 48 		 10.185876
b4 		 49 		 10.185876
b4 		 50 		 11.493892
b4 		 51 		 11.493892
b4 		 52 		 11.493892
b4 		 53 		 11.493892
b4 		 54 		 11.493892
b4 		 55 		 11.493892
b4 		 56 		 11.493892
b4 		 57 		 11.493892
b4 		 58 		 11.493892
b4 		 59 		 11.493892
b4 		 60 		 11.493892
b4 		 61 		 11.493892
b4 		 62 		 11.493892
b4 		 63 		 11.493892
b4 		 64 		 11.493892
b4 		 65 		 11.493892
b4 		 66 		 13.296712
b4 		 67 		 11.493892
b4 		 68 		 11.493892
b4 		 69 		 9.614507
b4 		 70 		 15.176097
b4 		 71 		 9.614507
b4 		 72 		 17.055481
b4 		 73 		 9.614507
b4 		 74 		 11.493892
b4 		 75 		 11.493892
b4 		 76 		 11.493892
b4 		 77 		 10.185876
b4 		 78 		 11.493892
b4 		 79 		 10.185876
b4 		 80 		 11.493892
b4 		 81 		 11.493892
b4 		 82 		 9.614507
b4 		 83 		 12.636629
b4 		 84 		 9.614507
b4 		 85 		 9.614507
b4 		 86 		 10.185876
b4 		 87 		 9.614507
b4 		 88 		 10.185876
b4 		 89 		 9.614507
b4 		 90 		 9.614507
b4 		 91 		 9.614507
b4 		 92 		 9.614507
b4 		 93 		 9.614507
b4 		 94 		 9.614507
b4 		 95 		 9.614507
b4 		 96 		 9.614507
----------------------------------------------------------------------------------------------------
b5 		 1 		 9.614507
b5 		 2 		 9.614507
b5 		 3 		 9.614507
b5 		 4 		 9.614507
b5 		 5 		 9.408671
b5 		 6 		 9.614507
b5 		 7 		 9.408671
b5 		 8 		 9.614507
b5 		 9 		 9.408671
b5 		 10 		 9.408671
b5 		 11 		 9.408671
b5 		 12 		 9.408671
b5 		 13 		 9.408671
b5 		 14 		 9.408671
b5 		 15 		 9.408671
b5 		 16 		 9.408671
b5 		 17 		 9.408671
b5 		 18 		 9.408671
b5 		 19 		 9.408671
b5 		 20 		 9.408671
b5 		 21 		 9.408671
b5 		 22 		 9.408671
b5 		 23 		 9.408671
b5 		 24 		 9.408671
b5 		 25 		 9.614507
b5 		 26 		 9.614507
b5 		 27 		 9.614507
b5 		 28 		 9.614507
b5 		 29 		 9.614507
b5 		 30 		 9.614507
b5 		 31 		 9.614507
b5 		 32 		 9.614507
b5 		 33 		 9.614507
b5 		 34 		 9.614507
b5 		 35 		 9.614507
b5 		 36 		 9.614507
b5 		 37 		 9.614507
b5 		 38 		 9.614507
b5 		 39 		 9.614507
b5 		 40 		 9.614507
b5 		 41 		 9.614507
b5 		 42 		 9.614507
b5 		 43 		 9.614507
b5 		 44 		 9.614507
b5 		 45 		 10.185876
b5 		 46 		 10.185876
b5 		 47 		 10.185876
b5 		 48 		 10.185876
b5 		 49 		 10.185876
b5 		 50 		 11.493892
b5 		 51 		 11.493892
b5 		 52 		 11.493892
b5 		 53 		 11.493892
b5 		 54 		 11.493892
b5 		 55 		 11.493892
b5 		 56 		 11.493892
b5 		 57 		 11.493892
b5 		 58 		 11.493892
b5 		 59 		 11.493892
b5 		 60 		 11.493892
b5 		 61 		 11.493892
b5 		 62 		 11.493892
b5 		 63 		 11.493892
b5 		 64 		 11.493892
b5 		 65 		 11.493892
b5 		 66 		 13.296712
b5 		 67 		 11.493892
b5 		 68 		 11.493892
b5 		 69 		 9.614507
b5 		 70 		 15.176097
b5 		 71 		 9.614507
b5 		 72 		 17.055481
b5 		 73 		 9.614507
b5 		 74 		 11.493892
b5 		 75 		 11.493892
b5 		 76 		 11.493892
b5 		 77 		 10.185876
b5 		 78 		 11.493892
b5 		 79 		 10.185876
b5 		 80 		 11.493892
b5 		 81 		 11.493892
b5 		 82 		 9.614507
b5 		 83 		 12.636629
b5 		 84 		 9.614507
b5 		 85 		 9.614507
b5 		 86 		 10.185876
b5 		 87 		 9.614507
b5 		 88 		 10.185876
b5 		 89 		 9.614507
b5 		 90 		 9.614507
b5 		 91 		 9.614507
b5 		 92 		 9.614507
b5 		 93 		 9.614507
b5 		 94 		 9.614507
b5 		 95 		 9.614507
b5 		 96 		 9.614507
----------------------------------------------------------------------------------------------------
b6 		 1 		 9.614507
b6 		 2 		 9.614507
b6 		 3 		 9.614507
b6 		 4 		 9.614507
b6 		 5 		 9.408671
b6 		 6 		 9.614507
b6 		 7 		 9.408671
b6 		 8 		 9.614507
b6 		 9 		 9.408671
b6 		 10 		 9.408671
b6 		 11 		 9.408671
b6 		 12 		 9.408671
b6 		 13 		 9.408671
b6 		 14 		 9.408671
b6 		 15 		 9.408671
b6 		 16 		 9.408671
b6 		 17 		 9.408671
b6 		 18 		 9.408671
b6 		 19 		 9.408671
b6 		 20 		 9.408671
b6 		 21 		 9.408671
b6 		 22 		 9.408671
b6 		 23 		 9.408671
b6 		 24 		 9.408671
b6 		 25 		 9.614507
b6 		 26 		 9.614507
b6 		 27 		 9.614507
b6 		 28 		 9.614507
b6 		 29 		 9.614507
b6 		 30 		 9.614507
b6 		 31 		 9.614507
b6 		 32 		 9.614507
b6 		 33 		 9.614507
b6 		 34 		 9.614507
b6 		 35 		 9.614507
b6 		 36 		 9.614507
b6 		 37 		 9.614507
b6 		 38 		 9.614507
b6 		 39 		 9.614507
b6 		 40 		 9.614507
b6 		 41 		 9.614507
b6 		 42 		 9.614507
b6 		 43 		 9.614507
b6 		 44 		 9.614507
b6 		 45 		 10.185876
b6 		 46 		 10.185876
b6 		 47 		 10.185876
b6 		 48 		 10.185876
b6 		 49 		 10.185876
b6 		 50 		 11.493892
b6 		 51 		 11.493892
b6 		 52 		 11.493892
b6 		 53 		 11.493892
b6 		 54 		 11.493892
b6 		 55 		 11.493892
b6 		 56 		 11.493892
b6 		 57 		 11.493892
b6 		 58 		 11.493892
b6 		 59 		 11.493892
b6 		 60 		 11.493892
b6 		 61 		 11.493892
b6 		 62 		 11.493892
b6 		 63 		 11.493892
b6 		 64 		 11.493892
b6 		 65 		 11.493892
b6 		 66 		 13.296712
b6 		 67 		 11.493892
b6 		 68 		 11.493892
b6 		 69 		 9.614507
b6 		 70 		 15.176097
b6 		 71 		 9.614507
b6 		 72 		 17.055481
b6 		 73 		 9.614507
b6 		 74 		 11.493892
b6 		 75 		 11.493892
b6 		 76 		 11.493892
b6 		 77 		 10.185876
b6 		 78 		 11.493892
b6 		 79 		 10.185876
b6 		 80 		 11.493892
b6 		 81 		 11.493892
b6 		 82 		 9.614507
b6 		 83 		 12.636629
b6 		 84 		 9.614507
b6 		 85 		 9.614507
b6 		 86 		 10.185876
b6 		 87 		 9.614507
b6 		 88 		 10.185876
b6 		 89 		 9.614507
b6 		 90 		 9.614507
b6 		 91 		 9.614507
b6 		 92 		 9.614507
b6 		 93 		 9.614507
b6 		 94 		 9.614507
b6 		 95 		 9.614507
b6 		 96 		 9.614507
----------------------------------------------------------------------------------------------------
b7 		 1 		 9.614507
b7 		 2 		 9.614507
b7 		 3 		 9.614507
b7 		 4 		 9.614507
b7 		 5 		 9.408671
b7 		 6 		 9.614507
b7 		 7 		 9.408671
b7 		 8 		 9.614507
b7 		 9 		 9.408671
b7 		 10 		 9.408671
b7 		 11 		 9.408671
b7 		 12 		 9.408671
b7 		 13 		 9.408671
b7 		 14 		 9.408671
b7 		 15 		 9.408671
b7 		 16 		 9.408671
b7 		 17 		 9.408671
b7 		 18 		 9.408671
b7 		 19 		 9.408671
b7 		 20 		 9.408671
b7 		 21 		 9.408671
b7 		 22 		 9.408671
b7 		 23 		 9.408671
b7 		 24 		 9.408671
b7 		 25 		 9.614507
b7 		 26 		 9.614507
b7 		 27 		 9.614507
b7 		 28 		 9.614507
b7 		 29 		 9.614507
b7 		 30 		 9.614507
b7 		 31 		 9.614507
b7 		 32 		 9.614507
b7 		 33 		 9.614507
b7 		 34 		 9.614507
b7 		 35 		 9.614507
b7 		 36 		 9.614507
b7 		 37 		 9.614507
b7 		 38 		 9.614507
b7 		 39 		 9.614507
b7 		 40 		 9.614507
b7 		 41 		 9.614507
b7 		 42 		 9.614507
b7 		 43 		 9.614507
b7 		 44 		 9.614507
b7 		 45 		 10.185876
b7 		 46 		 10.185876
b7 		 47 		 10.185876
b7 		 48 		 10.185876
b7 		 49 		 10.185876
b7 		 50 		 11.493892
b7 		 51 		 11.493892
b7 		 52 		 11.493892
b7 		 53 		 11.493892
b7 		 54 		 11.493892
b7 		 55 		 11.493892
b7 		 56 		 11.493892
b7 		 57 		 11.493892
b7 		 58 		 11.493892
b7 		 59 		 11.493892
b7 		 60 		 11.493892
b7 		 61 		 11.493892
b7 		 62 		 11.493892
b7 		 63 		 11.493892
b7 		 64 		 11.493892
b7 		 65 		 11.493892
b7 		 66 		 13.296712
b7 		 67 		 11.493892
b7 		 68 		 11.493892
b7 		 69 		 9.614507
b7 		 70 		 15.176097
b7 		 71 		 9.614507
b7 		 72 		 17.055481
b7 		 73 		 9.614507
b7 		 74 		 11.493892
b7 		 75 		 11.493892
b7 		 76 		 11.493892
b7 		 77 		 10.185876
b7 		 78 		 11.493892
b7 		 79 		 10.185876
b7 		 80 		 11.493892
b7 		 81 		 11.493892
b7 		 82 		 9.614507
b7 		 83 		 12.636629
b7 		 84 		 9.614507
b7 		 85 		 9.614507
b7 		 86 		 10.185876
b7 		 87 		 9.614507
b7 		 88 		 10.185876
b7 		 89 		 9.614507
b7 		 90 		 9.614507
b7 		 91 		 9.614507
b7 		 92 		 9.614507
b7 		 93 		 9.614507
b7 		 94 		 9.614507
b7 		 95 		 9.614507
b7 		 96 		 9.614507
----------------------------------------------------------------------------------------------------
b8 		 1 		 9.614507
b8 		 2 		 9.614507
b8 		 3 		 9.614507
b8 		 4 		 9.614507
b8 		 5 		 9.408671
b8 		 6 		 9.614507
b8 		 7 		 9.408671
b8 		 8 		 9.614507
b8 		 9 		 9.408671
b8 		 10 		 9.408671
b8 		 11 		 9.408671
b8 		 12 		 9.408671
b8 		 13 		 9.408671
b8 		 14 		 9.408671
b8 		 15 		 9.408671
b8 		 16 		 9.408671
b8 		 17 		 9.408671
b8 		 18 		 9.408671
b8 		 19 		 9.408671
b8 		 20 		 9.408671
b8 		 21 		 9.408671
b8 		 22 		 9.408671
b8 		 23 		 9.408671
b8 		 24 		 9.408671
b8 		 25 		 9.614507
b8 		 26 		 9.614507
b8 		 27 		 9.614507
b8 		 28 		 9.614507
b8 		 29 		 9.614507
b8 		 30 		 9.614507
b8 		 31 		 9.614507
b8 		 32 		 9.614507
b8 		 33 		 9.614507
b8 		 34 		 9.614507
b8 		 35 		 9.614507
b8 		 36 		 9.614507
b8 		 37 		 9.614507
b8 		 38 		 9.614507
b8 		 39 		 9.614507
b8 		 40 		 9.614507
b8 		 41 		 9.614507
b8 		 42 		 9.614507
b8 		 43 		 9.614507
b8 		 44 		 9.614507
b8 		 45 		 10.185876
b8 		 46 		 10.185876
b8 		 47 		 10.185876
b8 		 48 		 10.185876
b8 		 49 		 10.185876
b8 		 50 		 11.493892
b8 		 51 		 11.493892
b8 		 52 		 11.493892
b8 		 53 		 11.493892
b8 		 54 		 11.493892
b8 		 55 		 11.493892
b8 		 56 		 11.493892
b8 		 57 		 11.493892
b8 		 58 		 11.493892
b8 		 59 		 11.493892
b8 		 60 		 11.493892
b8 		 61 		 11.493892
b8 		 62 		 11.493892
b8 		 63 		 11.493892
b8 		 64 		 11.493892
b8 		 65 		 11.493892
b8 		 66 		 13.296712
b8 		 67 		 11.493892
b8 		 68 		 11.493892
b8 		 69 		 9.614507
b8 		 70 		 15.176097
b8 		 71 		 9.614507
b8 		 72 		 17.055481
b8 		 73 		 9.614507
b8 		 74 		 11.493892
b8 		 75 		 11.493892
b8 		 76 		 11.493892
b8 		 77 		 10.185876
b8 		 78 		 11.493892
b8 		 79 		 10.185876
b8 		 80 		 11.493892
b8 		 81 		 11.493892
b8 		 82 		 9.614507
b8 		 83 		 12.636629
b8 		 84 		 9.614507
b8 		 85 		 9.614507
b8 		 86 		 10.185876
b8 		 87 		 9.614507
b8 		 88 		 10.185876
b8 		 89 		 9.614507
b8 		 90 		 9.614507
b8 		 91 		 9.614507
b8 		 92 		 9.614507
b8 		 93 		 9.614507
b8 		 94 		 9.614507
b8 		 95 		 9.614507
b8 		 96 		 9.614507
----------------------------------------------------------------------------------------------------
b9 		 1 		 9.614507
b9 		 2 		 9.614507
b9 		 3 		 9.614507
b9 		 4 		 9.614507
b9 		 5 		 9.408671
b9 		 6 		 9.614507
b9 		 7 		 9.408671
b9 		 8 		 9.614507
b9 		 9 		 9.408671
b9 		 10 		 9.408671
b9 		 11 		 9.408671
b9 		 12 		 9.408671
b9 		 13 		 9.408671
b9 		 14 		 9.408671
b9 		 15 		 9.408671
b9 		 16 		 9.408671
b9 		 17 		 9.408671
b9 		 18 		 9.408671
b9 		 19 		 9.408671
b9 		 20 		 9.408671
b9 		 21 		 9.408671
b9 		 22 		 9.408671
b9 		 23 		 9.408671
b9 		 24 		 9.408671
b9 		 25 		 9.614507
b9 		 26 		 9.614507
b9 		 27 		 9.614507
b9 		 28 		 9.614507
b9 		 29 		 9.614507
b9 		 30 		 9.614507
b9 		 31 		 9.614507
b9 		 32 		 9.614507
b9 		 33 		 9.614507
b9 		 34 		 9.614507
b9 		 35 		 9.614507
b9 		 36 		 9.614507
b9 		 37 		 9.614507
b9 		 38 		 9.614507
b9 		 39 		 9.614507
b9 		 40 		 9.614507
b9 		 41 		 9.614507
b9 		 42 		 9.614507
b9 		 43 		 9.614507
b9 		 44 		 9.614507
b9 		 45 		 10.185876
b9 		 46 		 10.185876
b9 		 47 		 10.185876
b9 		 48 		 10.185876
b9 		 49 		 10.185876
b9 		 50 		 11.493892
b9 		 51 		 11.493892
b9 		 52 		 11.493892
b9 		 53 		 11.493892
b9 		 54 		 11.493892
b9 		 55 		 11.493892
b9 		 56 		 11.493892
b9 		 57 		 11.493892
b9 		 58 		 11.493892
b9 		 59 		 11.493892
b9 		 60 		 11.493892
b9 		 61 		 11.493892
b9 		 62 		 11.493892
b9 		 63 		 11.493892
b9 		 64 		 11.493892
b9 		 65 		 11.493892
b9 		 66 		 13.296712
b9 		 67 		 11.493892
b9 		 68 		 11.493892
b9 		 69 		 9.614507
b9 		 70 		 15.176097
b9 		 71 		 9.614507
b9 		 72 		 17.055481
b9 		 73 		 9.614507
b9 		 74 		 11.493892
b9 		 75 		 11.493892
b9 		 76 		 11.493892
b9 		 77 		 10.185876
b9 		 78 		 11.493892
b9 		 79 		 10.185876
b9 		 80 		 11.493892
b9 		 81 		 11.493892
b9 		 82 		 9.614507
b9 		 83 		 12.636629
b9 		 84 		 9.614507
b9 		 85 		 9.614507
b9 		 86 		 10.185876
b9 		 87 		 9.614507
b9 		 88 		 10.185876
b9 		 89 		 9.614507
b9 		 90 		 9.614507
b9 		 91 		 9.614507
b9 		 92 		 9.614507
b9 		 93 		 9.614507
b9 		 94 		 9.614507
b9 		 95 		 9.614507
b9 		 96 		 9.614507
----------------------------------------------------------------------------------------------------
b10 		 1 		 9.614507
b10 		 2 		 9.614507
b10 		 3 		 9.614507
b10 		 4 		 9.614507
b10 		 5 		 9.408671
b10 		 6 		 9.614507
b10 		 7 		 9.408671
b10 		 8 		 9.614507
b10 		 9 		 9.408671
b10 		 10 		 9.408671
b10 		 11 		 9.408671
b10 		 12 		 9.408671
b10 		 13 		 9.408671
b10 		 14 		 9.408671
b10 		 15 		 9.408671
b10 		 16 		 9.408671
b10 		 17 		 9.408671
b10 		 18 		 9.408671
b10 		 19 		 9.408671
b10 		 20 		 9.408671
b10 		 21 		 9.408671
b10 		 22 		 9.408671
b10 		 23 		 9.408671
b10 		 24 		 9.408671
b10 		 25 		 9.614507
b10 		 26 		 9.614507
b10 		 27 		 9.614507
b10 		 28 		 9.614507
b10 		 29 		 9.614507
b10 		 30 		 9.614507
b10 		 31 		 9.614507
b10 		 32 		 9.614507
b10 		 33 		 9.614507
b10 		 34 		 9.614507
b10 		 35 		 9.614507
b10 		 36 		 9.614507
b10 		 37 		 9.614507
b10 		 38 		 9.614507
b10 		 39 		 9.614507
b10 		 40 		 9.614507
b10 		 41 		 9.614507
b10 		 42 		 9.614507
b10 		 43 		 9.614507
b10 		 44 		 9.614507
b10 		 45 		 10.185876
b10 		 46 		 10.185876
b10 		 47 		 10.185876
b10 		 48 		 10.185876
b10 		 49 		 10.185876
b10 		 50 		 11.493892
b10 		 51 		 11.493892
b10 		 52 		 11.493892
b10 		 53 		 11.493892
b10 		 54 		 11.493892
b10 		 55 		 11.493892
b10 		 56 		 11.493892
b10 		 57 		 11.493892
b10 		 58 		 11.493892
b10 		 59 		 11.493892
b10 		 60 		 11.493892
b10 		 61 		 11.493892
b10 		 62 		 11.493892
b10 		 63 		 11.493892
b10 		 64 		 11.493892
b10 		 65 		 11.493892
b10 		 66 		 13.296712
b10 		 67 		 11.493892
b10 		 68 		 11.493892
b10 		 69 		 9.614507
b10 		 70 		 15.176097
b10 		 71 		 9.614507
b10 		 72 		 17.055481
b10 		 73 		 9.614507
b10 		 74 		 11.493892
b10 		 75 		 11.493892
b10 		 76 		 11.493892
b10 		 77 		 10.185876
b10 		 78 		 11.493892
b10 		 79 		 10.185876
b10 		 80 		 11.493892
b10 		 81 		 11.493892
b10 		 82 		 9.614507
b10 		 83 		 12.636629
b10 		 84 		 9.614507
b10 		 85 		 9.614507
b10 		 86 		 10.185876
b10 		 87 		 9.614507
b10 		 88 		 10.185876
b10 		 89 		 9.614507
b10 		 90 		 9.614507
b10 		 91 		 9.614507
b10 		 92 		 9.614507
b10 		 93 		 9.614507
b10 		 94 		 9.614507
b10 		 95 		 9.614507
b10 		 96 		 9.614507
----------------------------------------------------------------------------------------------------
b11 		 1 		 9.614507
b11 		 2 		 9.614507
b11 		 3 		 9.614507
b11 		 4 		 9.614507
b11 		 5 		 9.408671
b11 		 6 		 9.614507
b11 		 7 		 9.408671
b11 		 8 		 9.614507
b11 		 9 		 9.408671
b11 		 10 		 9.408671
b11 		 11 		 9.408671
b11 		 12 		 9.408671
b11 		 13 		 9.408671
b11 		 14 		 9.408671
b11 		 15 		 9.408671
b11 		 16 		 9.408671
b11 		 17 		 9.408671
b11 		 18 		 9.408671
b11 		 19 		 9.408671
b11 		 20 		 9.408671
b11 		 21 		 9.408671
b11 		 22 		 9.408671
b11 		 23 		 9.408671
b11 		 24 		 9.408671
b11 		 25 		 9.614507
b11 		 26 		 9.614507
b11 		 27 		 9.614507
b11 		 28 		 9.614507
b11 		 29 		 9.614507
b11 		 30 		 9.614507
b11 		 31 		 9.614507
b11 		 32 		 9.614507
b11 		 33 		 9.614507
b11 		 34 		 9.614507
b11 		 35 		 9.614507
b11 		 36 		 9.614507
b11 		 37 		 9.614507
b11 		 38 		 9.614507
b11 		 39 		 9.614507
b11 		 40 		 9.614507
b11 		 41 		 9.614507
b11 		 42 		 9.614507
b11 		 43 		 9.614507
b11 		 44 		 9.614507
b11 		 45 		 10.185876
b11 		 46 		 10.185876
b11 		 47 		 10.185876
b11 		 48 		 10.185876
b11 		 49 		 10.185876
b11 		 50 		 11.493892
b11 		 51 		 11.493892
b11 		 52 		 11.493892
b11 		 53 		 11.493892
b11 		 54 		 11.493892
b11 		 55 		 11.493892
b11 		 56 		 11.493892
b11 		 57 		 11.493892
b11 		 58 		 11.493892
b11 		 59 		 11.493892
b11 		 60 		 11.493892
b11 		 61 		 11.493892
b11 		 62 		 11.493892
b11 		 63 		 11.493892
b11 		 64 		 11.493892
b11 		 65 		 11.493892
b11 		 66 		 13.296712
b11 		 67 		 11.493892
b11 		 68 		 11.493892
b11 		 69 		 9.614507
b11 		 70 		 15.176097
b11 		 71 		 9.614507
b11 		 72 		 17.055481
b11 		 73 		 9.614507
b11 		 74 		 11.493892
b11 		 75 		 11.493892
b11 		 76 		 11.493892
b11 		 77 		 10.185876
b11 		 78 		 11.493892
b11 		 79 		 10.185876
b11 		 80 		 11.493892
b11 		 81 		 11.493892
b11 		 82 		 9.614507
b11 		 83 		 12.636629
b11 		 84 		 9.614507
b11 		 85 		 9.614507
b11 		 86 		 10.185876
b11 		 87 		 9.614507
b11 		 88 		 10.185876
b11 		 89 		 9.614507
b11 		 90 		 9.614507
b11 		 91 		 9.614507
b11 		 92 		 9.614507
b11 		 93 		 9.614507
b11 		 94 		 9.614507
b11 		 95 		 9.614507
b11 		 96 		 9.614507
----------------------------------------------------------------------------------------------------
b12 		 1 		 9.614507
b12 		 2 		 9.614507
b12 		 3 		 9.614507
b12 		 4 		 9.614507
b12 		 5 		 9.408671
b12 		 6 		 9.614507
b12 		 7 		 9.408671
b12 		 8 		 9.614507
b12 		 9 		 9.408671
b12 		 10 		 9.408671
b12 		 11 		 9.408671
b12 		 12 		 9.408671
b12 		 13 		 9.408671
b12 		 14 		 9.408671
b12 		 15 		 9.408671
b12 		 16 		 9.408671
b12 		 17 		 9.408671
b12 		 18 		 9.408671
b12 		 19 		 9.408671
b12 		 20 		 9.408671
b12 		 21 		 9.408671
b12 		 22 		 9.408671
b12 		 23 		 9.408671
b12 		 24 		 9.408671
b12 		 25 		 9.614507
b12 		 26 		 9.614507
b12 		 27 		 9.614507
b12 		 28 		 9.614507
b12 		 29 		 9.614507
b12 		 30 		 9.614507
b12 		 31 		 9.614507
b12 		 32 		 9.614507
b12 		 33 		 9.614507
b12 		 34 		 9.614507
b12 		 35 		 9.614507
b12 		 36 		 9.614507
b12 		 37 		 9.614507
b12 		 38 		 9.614507
b12 		 39 		 9.614507
b12 		 40 		 9.614507
b12 		 41 		 9.614507
b12 		 42 		 9.614507
b12 		 43 		 9.614507
b12 		 44 		 9.614507
b12 		 45 		 10.185876
b12 		 46 		 10.185876
b12 		 47 		 10.185876
b12 		 48 		 10.185876
b12 		 49 		 10.185876
b12 		 50 		 11.493892
b12 		 51 		 11.493892
b12 		 52 		 11.493892
b12 		 53 		 11.493892
b12 		 54 		 11.493892
b12 		 55 		 11.493892
b12 		 56 		 11.493892
b12 		 57 		 11.493892
b12 		 58 		 11.493892
b12 		 59 		 11.493892
b12 		 60 		 11.493892
b12 		 61 		 11.493892
b12 		 62 		 11.493892
b12 		 63 		 11.493892
b12 		 64 		 11.493892
b12 		 65 		 11.493892
b12 		 66 		 13.296712
b12 		 67 		 11.493892
b12 		 68 		 11.493892
b12 		 69 		 9.614507
b12 		 70 		 15.176097
b12 		 71 		 9.614507
b12 		 72 		 17.055481
b12 		 73 		 9.614507
b12 		 74 		 11.493892
b12 		 75 		 11.493892
b12 		 76 		 11.493892
b12 		 77 		 10.185876
b12 		 78 		 11.493892
b12 		 79 		 10.185876
b12 		 80 		 11.493892
b12 		 81 		 11.493892
b12 		 82 		 9.614507
b12 		 83 		 12.636629
b12 		 84 		 9.614507
b12 		 85 		 9.614507
b12 		 86 		 10.185876
b12 		 87 		 9.614507
b12 		 88 		 10.185876
b12 		 89 		 9.614507
b12 		 90 		 9.614507
b12 		 91 		 9.614507
b12 		 92 		 9.614507
b12 		 93 		 9.614507
b12 		 94 		 9.614507
b12 		 95 		 9.614507
b12 		 96 		 9.614507
----------------------------------------------------------------------------------------------------
b13 		 1 		 9.614507
b13 		 2 		 9.614507
b13 		 3 		 9.614507
b13 		 4 		 9.614507
b13 		 5 		 9.408671
b13 		 6 		 9.614507
b13 		 7 		 9.408671
b13 		 8 		 9.614507
b13 		 9 		 9.408671
b13 		 10 		 9.408671
b13 		 11 		 9.408671
b13 		 12 		 9.408671
b13 		 13 		 9.408671
b13 		 14 		 9.408671
b13 		 15 		 9.408671
b13 		 16 		 9.408671
b13 		 17 		 9.408671
b13 		 18 		 9.408671
b13 		 19 		 9.408671
b13 		 20 		 9.408671
b13 		 21 		 9.408671
b13 		 22 		 9.408671
b13 		 23 		 9.408671
b13 		 24 		 9.408671
b13 		 25 		 9.614507
b13 		 26 		 9.614507
b13 		 27 		 9.614507
b13 		 28 		 9.614507
b13 		 29 		 9.614507
b13 		 30 		 9.614507
b13 		 31 		 9.614507
b13 		 32 		 9.614507
b13 		 33 		 9.614507
b13 		 34 		 9.614507
b13 		 35 		 9.614507
b13 		 36 		 9.614507
b13 		 37 		 9.614507
b13 		 38 		 9.614507
b13 		 39 		 9.614507
b13 		 40 		 9.614507
b13 		 41 		 9.614507
b13 		 42 		 9.614507
b13 		 43 		 9.614507
b13 		 44 		 9.614507
b13 		 45 		 10.185876
b13 		 46 		 10.185876
b13 		 47 		 10.185876
b13 		 48 		 10.185876
b13 		 49 		 10.185876
b13 		 50 		 11.493892
b13 		 51 		 11.493892
b13 		 52 		 11.493892
b13 		 53 		 11.493892
b13 		 54 		 11.493892
b13 		 55 		 11.493892
b13 		 56 		 11.493892
b13 		 57 		 11.493892
b13 		 58 		 11.493892
b13 		 59 		 11.493892
b13 		 60 		 11.493892
b13 		 61 		 11.493892
b13 		 62 		 11.493892
b13 		 63 		 11.493892
b13 		 64 		 11.493892
b13 		 65 		 11.493892
b13 		 66 		 13.296712
b13 		 67 		 11.493892
b13 		 68 		 11.493892
b13 		 69 		 9.614507
b13 		 70 		 15.176097
b13 		 71 		 9.614507
b13 		 72 		 17.055481
b13 		 73 		 9.614507
b13 		 74 		 11.493892
b13 		 75 		 11.493892
b13 		 76 		 11.493892
b13 		 77 		 10.185876
b13 		 78 		 11.493892
b13 		 79 		 10.185876
b13 		 80 		 11.493892
b13 		 81 		 11.493892
b13 		 82 		 9.614507
b13 		 83 		 12.636629
b13 		 84 		 9.614507
b13 		 85 		 9.614507
b13 		 86 		 10.185876
b13 		 87 		 9.614507
b13 		 88 		 10.185876
b13 		 89 		 9.614507
b13 		 90 		 9.614507
b13 		 91 		 9.614507
b13 		 92 		 9.614507
b13 		 93 		 9.614507
b13 		 94 		 9.614507
b13 		 95 		 9.614507
b13 		 96 		 9.614507
----------------------------------------------------------------------------------------------------
b14 		 1 		 9.614507
b14 		 2 		 9.614507
b14 		 3 		 9.614507
b14 		 4 		 9.614507
b14 		 5 		 9.408671
b14 		 6 		 9.614507
b14 		 7 		 9.408671
b14 		 8 		 9.614507
b14 		 9 		 9.408671
b14 		 10 		 9.408671
b14 		 11 		 9.408671
b14 		 12 		 9.408671
b14 		 13 		 9.408671
b14 		 14 		 9.408671
b14 		 15 		 9.408671
b14 		 16 		 9.408671
b14 		 17 		 9.408671
b14 		 18 		 9.408671
b14 		 19 		 9.408671
b14 		 20 		 9.408671
b14 		 21 		 9.408671
b14 		 22 		 9.408671
b14 		 23 		 9.408671
b14 		 24 		 9.408671
b14 		 25 		 9.614507
b14 		 26 		 9.614507
b14 		 27 		 9.614507
b14 		 28 		 9.614507
b14 		 29 		 9.614507
b14 		 30 		 9.614507
b14 		 31 		 9.614507
b14 		 32 		 9.614507
b14 		 33 		 9.614507
b14 		 34 		 9.614507
b14 		 35 		 9.614507
b14 		 36 		 9.614507
b14 		 37 		 9.614507
b14 		 38 		 9.614507
b14 		 39 		 9.614507
b14 		 40 		 9.614507
b14 		 41 		 9.614507
b14 		 42 		 9.614507
b14 		 43 		 9.614507
b14 		 44 		 9.614507
b14 		 45 		 10.185876
b14 		 46 		 10.185876
b14 		 47 		 10.185876
b14 		 48 		 10.185876
b14 		 49 		 10.185876
b14 		 50 		 11.493892
b14 		 51 		 11.493892
b14 		 52 		 11.493892
b14 		 53 		 11.493892
b14 		 54 		 11.493892
b14 		 55 		 11.493892
b14 		 56 		 11.493892
b14 		 57 		 11.493892
b14 		 58 		 11.493892
b14 		 59 		 11.493892
b14 		 60 		 11.493892
b14 		 61 		 11.493892
b14 		 62 		 11.493892
b14 		 63 		 11.493892
b14 		 64 		 11.493892
b14 		 65 		 11.493892
b14 		 66 		 13.296712
b14 		 67 		 11.493892
b14 		 68 		 11.493892
b14 		 69 		 9.614507
b14 		 70 		 15.176097
b14 		 71 		 9.614507
b14 		 72 		 17.055481
b14 		 73 		 9.614507
b14 		 74 		 11.493892
b14 		 75 		 11.493892
b14 		 76 		 11.493892
b14 		 77 		 10.185876
b14 		 78 		 11.493892
b14 		 79 		 10.185876
b14 		 80 		 11.493892
b14 		 81 		 11.493892
b14 		 82 		 9.614507
b14 		 83 		 12.636629
b14 		 84 		 9.614507
b14 		 85 		 9.614507
b14 		 86 		 10.185876
b14 		 87 		 9.614507
b14 		 88 		 10.185876
b14 		 89 		 9.614507
b14 		 90 		 9.614507
b14 		 91 		 9.614507
b14 		 92 		 9.614507
b14 		 93 		 9.614507
b14 		 94 		 9.614507
b14 		 95 		 9.614507
b14 		 96 		 9.614507
----------------------------------------------------------------------------------------------------
Total overall payments
----------------------------------------------------------------------------------------------------------------------------------------------------
total generation payment 	 total up-FRP payment 	 total dw-FRP payment 	 total pre-up t. payment 	 uplift payment 	 total post-up t. payment 	 profit
----------------------------------------------------------------------------------------------------------------------------------------------------
347285.63603600004 			 0.0 			 0.0 			 347285.63603600004			 18031.414937 			 365317.050973 			 42321.17465900004
