****************************************************************************************************
 
Generation payment
----------------------------------------------------------------------------------------------------------------
unit	 time 	 generation payment 	 up-FRP payment 	 dw-FRP payment 	pre-up total payment
----------------------------------------------------------------------------------------------------------------
g1	 1 	 -74566.569665 			 0.0 			 0.0			 -74566.569665 
g1	 2 	 67886.6825 			 0.0 			 0.0			 67886.6825 
g1	 3 	 362.803758 			 0.0 			 0.0			 362.803758 
g1	 4 	 -93.221338 			 0.0 			 0.0			 -93.221338 
g1	 5 	 -44.173409 			 0.0 			 0.0			 -44.173409 
g1	 6 	 11758.9499 			 0.0 			 0.0			 11758.9499 
g1	 7 	 154875.995 			 0.0 			 0.0			 154875.995 
g1	 8 	 42.733185 			 0.0 			 0.0			 42.733185 
g1	 9 	 -19.20146 			 0.0 			 0.0			 -19.20146 
g1	 10 	 510.135338 			 0.0 			 0.0			 510.135338 
g1	 11 	 217.289315 			 0.0 			 0.0			 217.289315 
g1	 12 	 11.420358 			 0.0 			 0.0			 11.420358 
g1	 13 	 -139.824896 			 0.0 			 0.0			 -139.824896 
g1	 14 	 -140.861289 			 0.0 			 0.0			 -140.861289 
g1	 15 	 330.135466 			 0.0 			 0.0			 330.135466 
g1	 16 	 172.607451 			 0.0 			 0.0			 172.607451 
g1	 17 	 69.854346 			 0.0 			 0.0			 69.854346 
g1	 18 	 650.141411 			 0.0 			 0.0			 650.141411 
g1	 19 	 623.662668 			 0.0 			 0.0			 623.662668 
g1	 20 	 308.821815 			 0.0 			 0.0			 308.821815 
g1	 21 	 63.75816 			 0.0 			 0.0			 63.75816 
g1	 22 	 170.782762 			 0.0 			 0.0			 170.782762 
g1	 23 	 -66.744717 			 0.0 			 0.0			 -66.744717 
g1	 24 	 314.351159 			 0.0 			 0.0			 314.351159 
g1	 25 	 -65.632302 			 0.0 			 0.0			 -65.632302 
g1	 26 	 90.456412 			 0.0 			 0.0			 90.456412 
g1	 27 	 699.508192 			 0.0 			 0.0			 699.508192 
g1	 28 	 90.456412 			 0.0 			 0.0			 90.456412 
g1	 29 	 -16119.504328 			 0.0 			 0.0			 -16119.504328 
g1	 30 	 126781.8975 			 0.0 			 0.0			 126781.8975 
g1	 31 	 518.102284 			 0.0 			 0.0			 518.102284 
g1	 32 	 29.083548 			 0.0 			 0.0			 29.083548 
g1	 33 	 151.746052 			 0.0 			 0.0			 151.746052 
g1	 34 	 85044.9925 			 0.0 			 0.0			 85044.9925 
g1	 35 	 -115295.8497 			 0.0 			 0.0			 -115295.8497 
g1	 36 	 85044.9925 			 0.0 			 0.0			 85044.9925 
g1	 37 	 -22669.7025 			 0.0 			 0.0			 -22669.7025 
g1	 38 	 -329556.51373 			 0.0 			 0.0			 -329556.51373 
g1	 39 	 -22669.7025 			 0.0 			 0.0			 -22669.7025 
g1	 40 	 490.369655 			 0.0 			 0.0			 490.369655 
g1	 41 	 211.802801 			 0.0 			 0.0			 211.802801 
g1	 42 	 504.508272 			 0.0 			 0.0			 504.508272 
g1	 43 	 -87.838395 			 0.0 			 0.0			 -87.838395 
g1	 44 	 483.483554 			 0.0 			 0.0			 483.483554 
g1	 45 	 56.753155 			 0.0 			 0.0			 56.753155 
g1	 46 	 -456.342862 			 0.0 			 0.0			 -456.342862 
g1	 47 	 -270.08002 			 0.0 			 0.0			 -270.08002 
g1	 48 	 396.869056 			 0.0 			 0.0			 396.869056 
g1	 49 	 -111.742954 			 0.0 			 0.0			 -111.742954 
g1	 50 	 -180.092638 			 0.0 			 0.0			 -180.092638 
g1	 51 	 -272.011113 			 0.0 			 0.0			 -272.011113 
g1	 52 	 311.826394 			 0.0 			 0.0			 311.826394 
g1	 53 	 -81029.0925 			 0.0 			 0.0			 -81029.0925 
g1	 54 	 -222349.204147 			 0.0 			 0.0			 -222349.204147 
g1	 55 	 -405.027547 			 0.0 			 0.0			 -405.027547 
g1	 56 	 139.162961 			 0.0 			 0.0			 139.162961 
g1	 57 	 200.487051 			 0.0 			 0.0			 200.487051 
g1	 58 	 186.287169 			 0.0 			 0.0			 186.287169 
g1	 59 	 194.259418 			 0.0 			 0.0			 194.259418 
g1	 60 	 172.152509 			 0.0 			 0.0			 172.152509 
g1	 61 	 42252.75 			 0.0 			 0.0			 42252.75 
g1	 62 	 -99937.205547 			 0.0 			 0.0			 -99937.205547 
g1	 63 	 172.152509 			 0.0 			 0.0			 172.152509 
g1	 64 	 165.924859 			 0.0 			 0.0			 165.924859 
g1	 65 	 200.487051 			 0.0 			 0.0			 200.487051 
g1	 66 	 186.287169 			 0.0 			 0.0			 186.287169 
g1	 67 	 200.487051 			 0.0 			 0.0			 200.487051 
g1	 68 	 172.087288 			 0.0 			 0.0			 172.087288 
g1	 69 	 -4.765459 			 0.0 			 0.0			 -4.765459 
g1	 70 	 260.197161 			 0.0 			 0.0			 260.197161 
g1	 71 	 284.820515 			 0.0 			 0.0			 284.820515 
g1	 72 	 -111.025856 			 0.0 			 0.0			 -111.025856 
g1	 73 	 -573.143973 			 0.0 			 0.0			 -573.143973 
g1	 74 	 -111296.969605 			 0.0 			 0.0			 -111296.969605 
g1	 75 	 30865.3425 			 0.0 			 0.0			 30865.3425 
g1	 76 	 -218.137636 			 0.0 			 0.0			 -218.137636 
g1	 77 	 241.000593 			 0.0 			 0.0			 241.000593 
g1	 78 	 186.287169 			 0.0 			 0.0			 186.287169 
g1	 79 	 42252.75 			 0.0 			 0.0			 42252.75 
g1	 80 	 -200207.306297 			 0.0 			 0.0			 -200207.306297 
g1	 81 	 42252.75 			 0.0 			 0.0			 42252.75 
g1	 82 	 -99746.850556 			 0.0 			 0.0			 -99746.850556 
g1	 83 	 42252.75 			 0.0 			 0.0			 42252.75 
g1	 84 	 88.521977 			 0.0 			 0.0			 88.521977 
g1	 85 	 605.672926 			 0.0 			 0.0			 605.672926 
g1	 86 	 155.563435 			 0.0 			 0.0			 155.563435 
g1	 87 	 -164.292706 			 0.0 			 0.0			 -164.292706 
g1	 88 	 390.181096 			 0.0 			 0.0			 390.181096 
g1	 89 	 363.992496 			 0.0 			 0.0			 363.992496 
g1	 90 	 58404.37 			 0.0 			 0.0			 58404.37 
g1	 91 	 -83976.728677 			 0.0 			 0.0			 -83976.728677 
g1	 92 	 -260.702356 			 0.0 			 0.0			 -260.702356 
g1	 93 	 -140.277696 			 0.0 			 0.0			 -140.277696 
g1	 94 	 121.295236 			 0.0 			 0.0			 121.295236 
g1	 95 	 457.202632 			 0.0 			 0.0			 457.202632 
g1	 96 	 5.622593 			 0.0 			 0.0			 5.622593 
----------------------------------------------------------------------------------------------------
g2	 1 	 0.0 			 0.0 			 0.0			 0.0 
g2	 2 	 0.0 			 0.0 			 0.0			 0.0 
g2	 3 	 0.0 			 0.0 			 0.0			 0.0 
g2	 4 	 0.0 			 0.0 			 0.0			 0.0 
g2	 5 	 0.0 			 0.0 			 0.0			 0.0 
g2	 6 	 0.0 			 0.0 			 0.0			 0.0 
g2	 7 	 0.0 			 0.0 			 0.0			 0.0 
g2	 8 	 0.0 			 0.0 			 0.0			 0.0 
g2	 9 	 0.0 			 0.0 			 0.0			 0.0 
g2	 10 	 0.0 			 0.0 			 0.0			 0.0 
g2	 11 	 0.0 			 0.0 			 0.0			 0.0 
g2	 12 	 0.0 			 0.0 			 0.0			 0.0 
g2	 13 	 0.0 			 0.0 			 0.0			 0.0 
g2	 14 	 0.0 			 0.0 			 0.0			 0.0 
g2	 15 	 0.0 			 0.0 			 0.0			 0.0 
g2	 16 	 0.0 			 0.0 			 0.0			 0.0 
g2	 17 	 0.0 			 0.0 			 0.0			 0.0 
g2	 18 	 0.0 			 0.0 			 0.0			 0.0 
g2	 19 	 0.0 			 0.0 			 0.0			 0.0 
g2	 20 	 0.0 			 0.0 			 0.0			 0.0 
g2	 21 	 0.0 			 0.0 			 0.0			 0.0 
g2	 22 	 0.0 			 0.0 			 0.0			 0.0 
g2	 23 	 0.0 			 0.0 			 0.0			 0.0 
g2	 24 	 0.0 			 0.0 			 0.0			 0.0 
g2	 25 	 0.0 			 0.0 			 0.0			 0.0 
g2	 26 	 0.0 			 0.0 			 0.0			 0.0 
g2	 27 	 0.0 			 0.0 			 0.0			 0.0 
g2	 28 	 0.0 			 0.0 			 0.0			 0.0 
g2	 29 	 0.0 			 0.0 			 0.0			 0.0 
g2	 30 	 0.0 			 0.0 			 0.0			 0.0 
g2	 31 	 0.0 			 0.0 			 0.0			 0.0 
g2	 32 	 0.0 			 0.0 			 0.0			 0.0 
g2	 33 	 -9.536067 			 0.0 			 0.0			 -9.536067 
g2	 34 	 5643.01 			 0.0 			 0.0			 5643.01 
g2	 35 	 -99813.998383 			 0.0 			 0.0			 -99813.998383 
g2	 36 	 5643.01 			 0.0 			 0.0			 5643.01 
g2	 37 	 -16872.9 			 0.0 			 0.0			 -16872.9 
g2	 38 	 -144616.48788 			 0.0 			 0.0			 -144616.48788 
g2	 39 	 -16872.9 			 0.0 			 0.0			 -16872.9 
g2	 40 	 140.433284 			 0.0 			 0.0			 140.433284 
g2	 41 	 21.701904 			 0.0 			 0.0			 21.701904 
g2	 42 	 105.425109 			 0.0 			 0.0			 105.425109 
g2	 43 	 -111.928116 			 0.0 			 0.0			 -111.928116 
g2	 44 	 67.940068 			 0.0 			 0.0			 67.940068 
g2	 45 	 206.255922 			 0.0 			 0.0			 206.255922 
g2	 46 	 81.591999 			 0.0 			 0.0			 81.591999 
g2	 47 	 303.50769 			 0.0 			 0.0			 303.50769 
g2	 48 	 753.839882 			 0.0 			 0.0			 753.839882 
g2	 49 	 249.433924 			 0.0 			 0.0			 249.433924 
g2	 50 	 165.262809 			 0.0 			 0.0			 165.262809 
g2	 51 	 380.002823 			 0.0 			 0.0			 380.002823 
g2	 52 	 1141.300744 			 0.0 			 0.0			 1141.300744 
g2	 53 	 112870.215 			 0.0 			 0.0			 112870.215 
g2	 54 	 56598.737604 			 0.0 			 0.0			 56598.737604 
g2	 55 	 4.499561 			 0.0 			 0.0			 4.499561 
g2	 56 	 154.689532 			 0.0 			 0.0			 154.689532 
g2	 57 	 386.062063 			 0.0 			 0.0			 386.062063 
g2	 58 	 309.19464 			 0.0 			 0.0			 309.19464 
g2	 59 	 379.036617 			 0.0 			 0.0			 379.036617 
g2	 60 	 113.000428 			 0.0 			 0.0			 113.000428 
g2	 61 	 60283.275 			 0.0 			 0.0			 60283.275 
g2	 62 	 4408.935297 			 0.0 			 0.0			 4408.935297 
g2	 63 	 118.052856 			 0.0 			 0.0			 118.052856 
g2	 64 	 30.974947 			 0.0 			 0.0			 30.974947 
g2	 65 	 248.992649 			 0.0 			 0.0			 248.992649 
g2	 66 	 216.181944 			 0.0 			 0.0			 216.181944 
g2	 67 	 497.606545 			 0.0 			 0.0			 497.606545 
g2	 68 	 199.70331 			 0.0 			 0.0			 199.70331 
g2	 69 	 63.258418 			 0.0 			 0.0			 63.258418 
g2	 70 	 318.700906 			 0.0 			 0.0			 318.700906 
g2	 71 	 362.174371 			 0.0 			 0.0			 362.174371 
g2	 72 	 73.867777 			 0.0 			 0.0			 73.867777 
g2	 73 	 -274.526462 			 0.0 			 0.0			 -274.526462 
g2	 74 	 -70346.103994 			 0.0 			 0.0			 -70346.103994 
g2	 75 	 -15053.8725 			 0.0 			 0.0			 -15053.8725 
g2	 76 	 156.845789 			 0.0 			 0.0			 156.845789 
g2	 77 	 721.401169 			 0.0 			 0.0			 721.401169 
g2	 78 	 311.443619 			 0.0 			 0.0			 311.443619 
g2	 79 	 83244.2125 			 0.0 			 0.0			 83244.2125 
g2	 80 	 54449.752626 			 0.0 			 0.0			 54449.752626 
g2	 81 	 94446.1125 			 0.0 			 0.0			 94446.1125 
g2	 82 	 80811.548309 			 0.0 			 0.0			 80811.548309 
g2	 83 	 137479.7925 			 0.0 			 0.0			 137479.7925 
g2	 84 	 313.980157 			 0.0 			 0.0			 313.980157 
g2	 85 	 89.517886 			 0.0 			 0.0			 89.517886 
g2	 86 	 -23.333332 			 0.0 			 0.0			 -23.333332 
g2	 87 	 -223.220571 			 0.0 			 0.0			 -223.220571 
g2	 88 	 -24.289499 			 0.0 			 0.0			 -24.289499 
g2	 89 	 21.701904 			 0.0 			 0.0			 21.701904 
g2	 90 	 5643.01 			 0.0 			 0.0			 5643.01 
g2	 91 	 -49812.546513 			 0.0 			 0.0			 -49812.546513 
g2	 92 	 -148.145051 			 0.0 			 0.0			 -148.145051 
g2	 93 	 -188.905377 			 0.0 			 0.0			 -188.905377 
g2	 94 	 21.701904 			 0.0 			 0.0			 21.701904 
g2	 95 	 21.701904 			 0.0 			 0.0			 21.701904 
g2	 96 	 21.701904 			 0.0 			 0.0			 21.701904 
----------------------------------------------------------------------------------------------------
g3	 1 	 0.0 			 0.0 			 0.0			 0.0 
g3	 2 	 0.0 			 0.0 			 0.0			 0.0 
g3	 3 	 0.0 			 0.0 			 0.0			 0.0 
g3	 4 	 0.0 			 0.0 			 0.0			 0.0 
g3	 5 	 0.0 			 0.0 			 0.0			 0.0 
g3	 6 	 0.0 			 0.0 			 0.0			 0.0 
g3	 7 	 0.0 			 0.0 			 0.0			 0.0 
g3	 8 	 0.0 			 0.0 			 0.0			 0.0 
g3	 9 	 0.0 			 0.0 			 0.0			 0.0 
g3	 10 	 0.0 			 0.0 			 0.0			 0.0 
g3	 11 	 0.0 			 0.0 			 0.0			 0.0 
g3	 12 	 0.0 			 0.0 			 0.0			 0.0 
g3	 13 	 0.0 			 0.0 			 0.0			 0.0 
g3	 14 	 0.0 			 0.0 			 0.0			 0.0 
g3	 15 	 0.0 			 0.0 			 0.0			 0.0 
g3	 16 	 0.0 			 0.0 			 0.0			 0.0 
g3	 17 	 0.0 			 0.0 			 0.0			 0.0 
g3	 18 	 0.0 			 0.0 			 0.0			 0.0 
g3	 19 	 0.0 			 0.0 			 0.0			 0.0 
g3	 20 	 0.0 			 0.0 			 0.0			 0.0 
g3	 21 	 0.0 			 0.0 			 0.0			 0.0 
g3	 22 	 0.0 			 0.0 			 0.0			 0.0 
g3	 23 	 0.0 			 0.0 			 0.0			 0.0 
g3	 24 	 0.0 			 0.0 			 0.0			 0.0 
g3	 25 	 0.0 			 0.0 			 0.0			 0.0 
g3	 26 	 0.0 			 0.0 			 0.0			 0.0 
g3	 27 	 0.0 			 0.0 			 0.0			 0.0 
g3	 28 	 0.0 			 0.0 			 0.0			 0.0 
g3	 29 	 0.0 			 0.0 			 0.0			 0.0 
g3	 30 	 0.0 			 0.0 			 0.0			 0.0 
g3	 31 	 0.0 			 0.0 			 0.0			 0.0 
g3	 32 	 0.0 			 0.0 			 0.0			 0.0 
g3	 33 	 0.0 			 0.0 			 0.0			 0.0 
g3	 34 	 0.0 			 0.0 			 0.0			 0.0 
g3	 35 	 0.0 			 0.0 			 0.0			 0.0 
g3	 36 	 0.0 			 0.0 			 0.0			 0.0 
g3	 37 	 0.0 			 0.0 			 0.0			 0.0 
g3	 38 	 0.0 			 0.0 			 0.0			 0.0 
g3	 39 	 0.0 			 0.0 			 0.0			 0.0 
g3	 40 	 0.0 			 0.0 			 0.0			 0.0 
g3	 41 	 0.0 			 0.0 			 0.0			 0.0 
g3	 42 	 0.0 			 0.0 			 0.0			 0.0 
g3	 43 	 0.0 			 0.0 			 0.0			 0.0 
g3	 44 	 0.0 			 0.0 			 0.0			 0.0 
g3	 45 	 0.0 			 0.0 			 0.0			 0.0 
g3	 46 	 0.0 			 0.0 			 0.0			 0.0 
g3	 47 	 0.0 			 0.0 			 0.0			 0.0 
g3	 48 	 0.0 			 0.0 			 0.0			 0.0 
g3	 49 	 0.0 			 0.0 			 0.0			 0.0 
g3	 50 	 0.0 			 0.0 			 0.0			 0.0 
g3	 51 	 0.0 			 0.0 			 0.0			 0.0 
g3	 52 	 0.0 			 0.0 			 0.0			 0.0 
g3	 53 	 4047.61 			 0.0 			 0.0			 4047.61 
g3	 54 	 -31895.328861 			 0.0 			 0.0			 -31895.328861 
g3	 55 	 15.237817 			 0.0 			 0.0			 15.237817 
g3	 56 	 15.894803 			 0.0 			 0.0			 15.894803 
g3	 57 	 84.154419 			 0.0 			 0.0			 84.154419 
g3	 58 	 17.845414 			 0.0 			 0.0			 17.845414 
g3	 59 	 18.609117 			 0.0 			 0.0			 18.609117 
g3	 60 	 16.491381 			 0.0 			 0.0			 16.491381 
g3	 61 	 28821.84 			 0.0 			 0.0			 28821.84 
g3	 62 	 -7304.624809 			 0.0 			 0.0			 -7304.624809 
g3	 63 	 16.491381 			 0.0 			 0.0			 16.491381 
g3	 64 	 15.894803 			 0.0 			 0.0			 15.894803 
g3	 65 	 21.125939 			 0.0 			 0.0			 21.125939 
g3	 66 	 17.845414 			 0.0 			 0.0			 17.845414 
g3	 67 	 130.852584 			 0.0 			 0.0			 130.852584 
g3	 68 	 16.485134 			 0.0 			 0.0			 16.485134 
g3	 69 	 -107.440779 			 0.0 			 0.0			 -107.440779 
g3	 70 	 -123.171464 			 0.0 			 0.0			 -123.171464 
g3	 71 	 39.817035 			 0.0 			 0.0			 39.817035 
g3	 72 	 -107.440779 			 0.0 			 0.0			 -107.440779 
g3	 73 	 0.0 			 0.0 			 0.0			 0.0 
g3	 74 	 0.0 			 0.0 			 0.0			 0.0 
g3	 75 	 0.0 			 0.0 			 0.0			 0.0 
g3	 76 	 0.0 			 0.0 			 0.0			 0.0 
g3	 77 	 0.0 			 0.0 			 0.0			 0.0 
g3	 78 	 0.0 			 0.0 			 0.0			 0.0 
g3	 79 	 0.0 			 0.0 			 0.0			 0.0 
g3	 80 	 0.0 			 0.0 			 0.0			 0.0 
g3	 81 	 0.0 			 0.0 			 0.0			 0.0 
g3	 82 	 0.0 			 0.0 			 0.0			 0.0 
g3	 83 	 0.0 			 0.0 			 0.0			 0.0 
g3	 84 	 0.0 			 0.0 			 0.0			 0.0 
g3	 85 	 0.0 			 0.0 			 0.0			 0.0 
g3	 86 	 0.0 			 0.0 			 0.0			 0.0 
g3	 87 	 0.0 			 0.0 			 0.0			 0.0 
g3	 88 	 0.0 			 0.0 			 0.0			 0.0 
g3	 89 	 0.0 			 0.0 			 0.0			 0.0 
g3	 90 	 0.0 			 0.0 			 0.0			 0.0 
g3	 91 	 0.0 			 0.0 			 0.0			 0.0 
g3	 92 	 0.0 			 0.0 			 0.0			 0.0 
g3	 93 	 0.0 			 0.0 			 0.0			 0.0 
g3	 94 	 0.0 			 0.0 			 0.0			 0.0 
g3	 95 	 0.0 			 0.0 			 0.0			 0.0 
g3	 96 	 0.0 			 0.0 			 0.0			 0.0 
----------------------------------------------------------------------------------------------------
g4	 1 	 0.0 			 0.0 			 0.0			 0.0 
g4	 2 	 0.0 			 0.0 			 0.0			 0.0 
g4	 3 	 0.0 			 0.0 			 0.0			 0.0 
g4	 4 	 0.0 			 0.0 			 0.0			 0.0 
g4	 5 	 0.0 			 0.0 			 0.0			 0.0 
g4	 6 	 0.0 			 0.0 			 0.0			 0.0 
g4	 7 	 0.0 			 0.0 			 0.0			 0.0 
g4	 8 	 0.0 			 0.0 			 0.0			 0.0 
g4	 9 	 0.0 			 0.0 			 0.0			 0.0 
g4	 10 	 0.0 			 0.0 			 0.0			 0.0 
g4	 11 	 0.0 			 0.0 			 0.0			 0.0 
g4	 12 	 0.0 			 0.0 			 0.0			 0.0 
g4	 13 	 0.0 			 0.0 			 0.0			 0.0 
g4	 14 	 0.0 			 0.0 			 0.0			 0.0 
g4	 15 	 0.0 			 0.0 			 0.0			 0.0 
g4	 16 	 0.0 			 0.0 			 0.0			 0.0 
g4	 17 	 0.0 			 0.0 			 0.0			 0.0 
g4	 18 	 0.0 			 0.0 			 0.0			 0.0 
g4	 19 	 0.0 			 0.0 			 0.0			 0.0 
g4	 20 	 0.0 			 0.0 			 0.0			 0.0 
g4	 21 	 0.0 			 0.0 			 0.0			 0.0 
g4	 22 	 0.0 			 0.0 			 0.0			 0.0 
g4	 23 	 0.0 			 0.0 			 0.0			 0.0 
g4	 24 	 0.0 			 0.0 			 0.0			 0.0 
g4	 25 	 0.0 			 0.0 			 0.0			 0.0 
g4	 26 	 0.0 			 0.0 			 0.0			 0.0 
g4	 27 	 0.0 			 0.0 			 0.0			 0.0 
g4	 28 	 0.0 			 0.0 			 0.0			 0.0 
g4	 29 	 0.0 			 0.0 			 0.0			 0.0 
g4	 30 	 0.0 			 0.0 			 0.0			 0.0 
g4	 31 	 0.0 			 0.0 			 0.0			 0.0 
g4	 32 	 0.0 			 0.0 			 0.0			 0.0 
g4	 33 	 0.0 			 0.0 			 0.0			 0.0 
g4	 34 	 0.0 			 0.0 			 0.0			 0.0 
g4	 35 	 0.0 			 0.0 			 0.0			 0.0 
g4	 36 	 0.0 			 0.0 			 0.0			 0.0 
g4	 37 	 0.0 			 0.0 			 0.0			 0.0 
g4	 38 	 0.0 			 0.0 			 0.0			 0.0 
g4	 39 	 0.0 			 0.0 			 0.0			 0.0 
g4	 40 	 0.0 			 0.0 			 0.0			 0.0 
g4	 41 	 0.0 			 0.0 			 0.0			 0.0 
g4	 42 	 0.0 			 0.0 			 0.0			 0.0 
g4	 43 	 0.0 			 0.0 			 0.0			 0.0 
g4	 44 	 0.0 			 0.0 			 0.0			 0.0 
g4	 45 	 0.0 			 0.0 			 0.0			 0.0 
g4	 46 	 0.0 			 0.0 			 0.0			 0.0 
g4	 47 	 0.0 			 0.0 			 0.0			 0.0 
g4	 48 	 0.0 			 0.0 			 0.0			 0.0 
g4	 49 	 0.0 			 0.0 			 0.0			 0.0 
g4	 50 	 0.0 			 0.0 			 0.0			 0.0 
g4	 51 	 0.0 			 0.0 			 0.0			 0.0 
g4	 52 	 0.0 			 0.0 			 0.0			 0.0 
g4	 53 	 0.0 			 0.0 			 0.0			 0.0 
g4	 54 	 0.0 			 0.0 			 0.0			 0.0 
g4	 55 	 0.0 			 0.0 			 0.0			 0.0 
g4	 56 	 0.0 			 0.0 			 0.0			 0.0 
g4	 57 	 0.0 			 0.0 			 0.0			 0.0 
g4	 58 	 0.0 			 0.0 			 0.0			 0.0 
g4	 59 	 0.0 			 0.0 			 0.0			 0.0 
g4	 60 	 0.0 			 0.0 			 0.0			 0.0 
g4	 61 	 0.0 			 0.0 			 0.0			 0.0 
g4	 62 	 0.0 			 0.0 			 0.0			 0.0 
g4	 63 	 0.0 			 0.0 			 0.0			 0.0 
g4	 64 	 0.0 			 0.0 			 0.0			 0.0 
g4	 65 	 0.0 			 0.0 			 0.0			 0.0 
g4	 66 	 0.0 			 0.0 			 0.0			 0.0 
g4	 67 	 0.0 			 0.0 			 0.0			 0.0 
g4	 68 	 0.0 			 0.0 			 0.0			 0.0 
g4	 69 	 0.0 			 0.0 			 0.0			 0.0 
g4	 70 	 0.0 			 0.0 			 0.0			 0.0 
g4	 71 	 0.0 			 0.0 			 0.0			 0.0 
g4	 72 	 0.0 			 0.0 			 0.0			 0.0 
g4	 73 	 0.0 			 0.0 			 0.0			 0.0 
g4	 74 	 0.0 			 0.0 			 0.0			 0.0 
g4	 75 	 0.0 			 0.0 			 0.0			 0.0 
g4	 76 	 0.0 			 0.0 			 0.0			 0.0 
g4	 77 	 0.0 			 0.0 			 0.0			 0.0 
g4	 78 	 0.0 			 0.0 			 0.0			 0.0 
g4	 79 	 0.0 			 0.0 			 0.0			 0.0 
g4	 80 	 0.0 			 0.0 			 0.0			 0.0 
g4	 81 	 0.0 			 0.0 			 0.0			 0.0 
g4	 82 	 0.0 			 0.0 			 0.0			 0.0 
g4	 83 	 0.0 			 0.0 			 0.0			 0.0 
g4	 84 	 0.0 			 0.0 			 0.0			 0.0 
g4	 85 	 0.0 			 0.0 			 0.0			 0.0 
g4	 86 	 0.0 			 0.0 			 0.0			 0.0 
g4	 87 	 0.0 			 0.0 			 0.0			 0.0 
g4	 88 	 0.0 			 0.0 			 0.0			 0.0 
g4	 89 	 0.0 			 0.0 			 0.0			 0.0 
g4	 90 	 0.0 			 0.0 			 0.0			 0.0 
g4	 91 	 0.0 			 0.0 			 0.0			 0.0 
g4	 92 	 0.0 			 0.0 			 0.0			 0.0 
g4	 93 	 0.0 			 0.0 			 0.0			 0.0 
g4	 94 	 0.0 			 0.0 			 0.0			 0.0 
g4	 95 	 0.0 			 0.0 			 0.0			 0.0 
g4	 96 	 0.0 			 0.0 			 0.0			 0.0 
----------------------------------------------------------------------------------------------------
g5	 1 	 0.0 			 0.0 			 0.0			 0.0 
g5	 2 	 0.0 			 0.0 			 0.0			 0.0 
g5	 3 	 0.0 			 0.0 			 0.0			 0.0 
g5	 4 	 0.0 			 0.0 			 0.0			 0.0 
g5	 5 	 21.893178 			 0.0 			 0.0			 21.893178 
g5	 6 	 -31343.615236 			 0.0 			 0.0			 -31343.615236 
g5	 7 	 5817.2875 			 0.0 			 0.0			 5817.2875 
g5	 8 	 20.620186 			 0.0 			 0.0			 20.620186 
g5	 9 	 21.893178 			 0.0 			 0.0			 21.893178 
g5	 10 	 21.893178 			 0.0 			 0.0			 21.893178 
g5	 11 	 21.893178 			 0.0 			 0.0			 21.893178 
g5	 12 	 21.893178 			 0.0 			 0.0			 21.893178 
g5	 13 	 21.54061 			 0.0 			 0.0			 21.54061 
g5	 14 	 21.54061 			 0.0 			 0.0			 21.54061 
g5	 15 	 21.893178 			 0.0 			 0.0			 21.893178 
g5	 16 	 21.893178 			 0.0 			 0.0			 21.893178 
g5	 17 	 -97.650111 			 0.0 			 0.0			 -97.650111 
g5	 18 	 23.288919 			 0.0 			 0.0			 23.288919 
g5	 19 	 22.372141 			 0.0 			 0.0			 22.372141 
g5	 20 	 21.893178 			 0.0 			 0.0			 21.893178 
g5	 21 	 21.893178 			 0.0 			 0.0			 21.893178 
g5	 22 	 21.893178 			 0.0 			 0.0			 21.893178 
g5	 23 	 21.893178 			 0.0 			 0.0			 21.893178 
g5	 24 	 21.893178 			 0.0 			 0.0			 21.893178 
g5	 25 	 21.893178 			 0.0 			 0.0			 21.893178 
g5	 26 	 -108.766252 			 0.0 			 0.0			 -108.766252 
g5	 27 	 24.205696 			 0.0 			 0.0			 24.205696 
g5	 28 	 -6.837475 			 0.0 			 0.0			 -6.837475 
g5	 29 	 -31348.593517 			 0.0 			 0.0			 -31348.593517 
g5	 30 	 5817.2875 			 0.0 			 0.0			 5817.2875 
g5	 31 	 22.372141 			 0.0 			 0.0			 22.372141 
g5	 32 	 21.893178 			 0.0 			 0.0			 21.893178 
g5	 33 	 22.007089 			 0.0 			 0.0			 22.007089 
g5	 34 	 5817.2875 			 0.0 			 0.0			 5817.2875 
g5	 35 	 -62816.071084 			 0.0 			 0.0			 -62816.071084 
g5	 36 	 5817.2875 			 0.0 			 0.0			 5817.2875 
g5	 37 	 5817.2875 			 0.0 			 0.0			 5817.2875 
g5	 38 	 -62828.492382 			 0.0 			 0.0			 -62828.492382 
g5	 39 	 5817.2875 			 0.0 			 0.0			 5817.2875 
g5	 40 	 23.701668 			 0.0 			 0.0			 23.701668 
g5	 41 	 22.372141 			 0.0 			 0.0			 22.372141 
g5	 42 	 24.732356 			 0.0 			 0.0			 24.732356 
g5	 43 	 -24.43392 			 0.0 			 0.0			 -24.43392 
g5	 44 	 23.701668 			 0.0 			 0.0			 23.701668 
g5	 45 	 23.701668 			 0.0 			 0.0			 23.701668 
g5	 46 	 -111.664493 			 0.0 			 0.0			 -111.664493 
g5	 47 	 22.372141 			 0.0 			 0.0			 22.372141 
g5	 48 	 241.795961 			 0.0 			 0.0			 241.795961 
g5	 49 	 22.372141 			 0.0 			 0.0			 22.372141 
g5	 50 	 22.372141 			 0.0 			 0.0			 22.372141 
g5	 51 	 166.229202 			 0.0 			 0.0			 166.229202 
g5	 52 	 595.049928 			 0.0 			 0.0			 595.049928 
g5	 53 	 43223.5375 			 0.0 			 0.0			 43223.5375 
g5	 54 	 5773.022182 			 0.0 			 0.0			 5773.022182 
g5	 55 	 21.900026 			 0.0 			 0.0			 21.900026 
g5	 56 	 22.844255 			 0.0 			 0.0			 22.844255 
g5	 57 	 205.093386 			 0.0 			 0.0			 205.093386 
g5	 58 	 87.323294 			 0.0 			 0.0			 87.323294 
g5	 59 	 198.722669 			 0.0 			 0.0			 198.722669 
g5	 60 	 23.701668 			 0.0 			 0.0			 23.701668 
g5	 61 	 43223.5375 			 0.0 			 0.0			 43223.5375 
g5	 62 	 5769.082824 			 0.0 			 0.0			 5769.082824 
g5	 63 	 23.701668 			 0.0 			 0.0			 23.701668 
g5	 64 	 22.844255 			 0.0 			 0.0			 22.844255 
g5	 65 	 186.996918 			 0.0 			 0.0			 186.996918 
g5	 66 	 223.253121 			 0.0 			 0.0			 223.253121 
g5	 67 	 241.28058 			 0.0 			 0.0			 241.28058 
g5	 68 	 54.753827 			 0.0 			 0.0			 54.753827 
g5	 69 	 -1.99201 			 0.0 			 0.0			 -1.99201 
g5	 70 	 71.550956 			 0.0 			 0.0			 71.550956 
g5	 71 	 178.026676 			 0.0 			 0.0			 178.026676 
g5	 72 	 -1.99201 			 0.0 			 0.0			 -1.99201 
g5	 73 	 22.007089 			 0.0 			 0.0			 22.007089 
g5	 74 	 -31345.992647 			 0.0 			 0.0			 -31345.992647 
g5	 75 	 5817.2875 			 0.0 			 0.0			 5817.2875 
g5	 76 	 78.445878 			 0.0 			 0.0			 78.445878 
g5	 77 	 329.701805 			 0.0 			 0.0			 329.701805 
g5	 78 	 184.363113 			 0.0 			 0.0			 184.363113 
g5	 79 	 57804.04 			 0.0 			 0.0			 57804.04 
g5	 80 	 40524.912268 			 0.0 			 0.0			 40524.912268 
g5	 81 	 57804.04 			 0.0 			 0.0			 57804.04 
g5	 82 	 20190.234026 			 0.0 			 0.0			 20190.234026 
g5	 83 	 57804.04 			 0.0 			 0.0			 57804.04 
g5	 84 	 78.445878 			 0.0 			 0.0			 78.445878 
g5	 85 	 -178.073342 			 0.0 			 0.0			 -178.073342 
g5	 86 	 -178.073342 			 0.0 			 0.0			 -178.073342 
g5	 87 	 -263.850459 			 0.0 			 0.0			 -263.850459 
g5	 88 	 -185.370537 			 0.0 			 0.0			 -185.370537 
g5	 89 	 0.0 			 0.0 			 0.0			 0.0 
g5	 90 	 0.0 			 0.0 			 0.0			 0.0 
g5	 91 	 0.0 			 0.0 			 0.0			 0.0 
g5	 92 	 0.0 			 0.0 			 0.0			 0.0 
g5	 93 	 0.0 			 0.0 			 0.0			 0.0 
g5	 94 	 0.0 			 0.0 			 0.0			 0.0 
g5	 95 	 0.0 			 0.0 			 0.0			 0.0 
g5	 96 	 0.0 			 0.0 			 0.0			 0.0 
----------------------------------------------------------------------------------------------------------------
unit 	 generation payment 	 up-FRP payment 	 dw-FRP payment 	pre-up total payment
----------------------------------------------------------------------------------------------------------------
 g1 	 -680538.522131			 0.000000			 0.000000			 -680538.522131
 g2 	 295901.606549			 0.000000			 0.000000			 295901.606549
 g3 	 -6241.811451			 0.000000			 0.000000			 -6241.811451
 g4 	 0.000000			 0.000000			 0.000000			 0.000000
 g5 	 155923.799944			 0.000000			 0.000000			 155923.799944
----------------------------------------------------------------------------------------------------
generation payment 	 up-FRP payment 	 dw-FRP payment 	 pre-up total payment
----------------------------------------------------------------------------------------------------
-234954.92708899992 			 0.0 			 0.0 			 -234954.92708899992
 
****************************************************************************************************
 
Generation costs
----------------------------------------------------------------------------------------------------
unit	 time 	 generation cost 	 start-up cost  	total cost
----------------------------------------------------------------------------------------------------
g1	 1 	 1949.69626 			 0.0 			1949.69626
g1	 2 	 2491.79223 			 0.0 			2491.79223
g1	 3 	 2593.517197 			 0.0 			2593.517197
g1	 4 	 2139.255608 			 0.0 			2139.255608
g1	 5 	 1848.621191 			 0.0 			1848.621191
g1	 6 	 1937.395455 			 0.0 			1937.395455
g1	 7 	 2479.222316 			 0.0 			2479.222316
g1	 8 	 1937.395455 			 0.0 			1937.395455
g1	 9 	 1760.464223 			 0.0 			1760.464223
g1	 10 	 2289.801025 			 0.0 			2289.801025
g1	 11 	 1996.955 			 0.0 			1996.955
g1	 12 	 1791.086042 			 0.0 			1791.086042
g1	 13 	 1580.741797 			 0.0 			1580.741797
g1	 14 	 1579.705402 			 0.0 			1579.705402
g1	 15 	 2052.939192 			 0.0 			2052.939192
g1	 16 	 1895.411176 			 0.0 			1895.411176
g1	 17 	 1810.585234 			 0.0 			1810.585234
g1	 18 	 2349.637832 			 0.0 			2349.637832
g1	 19 	 2348.752199 			 0.0 			2348.752199
g1	 20 	 2046.499708 			 0.0 			2046.499708
g1	 21 	 1929.014528 			 0.0 			1929.014528
g1	 22 	 2036.039132 			 0.0 			2036.039132
g1	 23 	 1798.511647 			 0.0 			1798.511647
g1	 24 	 2179.607524 			 0.0 			2179.607524
g1	 25 	 2006.67288 			 0.0 			2006.67288
g1	 26 	 2166.715008 			 0.0 			2166.715008
g1	 27 	 2713.55876 			 0.0 			2713.55876
g1	 28 	 2166.715008 			 0.0 			2166.715008
g1	 29 	 2201.479828 			 0.0 			2201.479828
g1	 30 	 2749.08414 			 0.0 			2749.08414
g1	 31 	 2779.608246 			 0.0 			2779.608246
g1	 32 	 2291.693776 			 0.0 			2291.693776
g1	 33 	 2313.086426 			 0.0 			2313.086426
g1	 34 	 2485.889501 			 0.0 			2485.889501
g1	 35 	 1943.919902 			 0.0 			1943.919902
g1	 36 	 2485.889501 			 0.0 			2485.889501
g1	 37 	 2275.273466 			 0.0 			2275.273466
g1	 38 	 1737.003394 			 0.0 			1737.003394
g1	 39 	 2275.273466 			 0.0 			2275.273466
g1	 40 	 2824.492183 			 0.0 			2824.492183
g1	 41 	 2813.673298 			 0.0 			2813.673298
g1	 42 	 3058.233409 			 0.0 			3058.233409
g1	 43 	 2508.187447 			 0.0 			2508.187447
g1	 44 	 3058.233409 			 0.0 			3058.233409
g1	 45 	 2838.964623 			 0.0 			2838.964623
g1	 46 	 2289.436067 			 0.0 			2289.436067
g1	 47 	 2515.314963 			 0.0 			2515.314963
g1	 48 	 3058.233409 			 0.0 			3058.233409
g1	 49 	 2783.994703 			 0.0 			2783.994703
g1	 50 	 2715.645017 			 0.0 			2715.645017
g1	 51 	 2623.726544 			 0.0 			2623.726544
g1	 52 	 3058.233409 			 0.0 			3058.233409
g1	 53 	 2554.843877 			 0.0 			2554.843877
g1	 54 	 2011.39804 			 0.0 			2011.39804
g1	 55 	 2452.706756 			 0.0 			2452.706756
g1	 56 	 3002.752717 			 0.0 			3002.752717
g1	 57 	 3058.233409 			 0.0 			3058.233409
g1	 58 	 3058.233409 			 0.0 			3058.233409
g1	 59 	 3058.233409 			 0.0 			3058.233409
g1	 60 	 3058.233409 			 0.0 			3058.233409
g1	 61 	 3058.233409 			 0.0 			3058.233409
g1	 62 	 2508.187447 			 0.0 			2508.187447
g1	 63 	 3058.233409 			 0.0 			3058.233409
g1	 64 	 3058.233409 			 0.0 			3058.233409
g1	 65 	 3058.233409 			 0.0 			3058.233409
g1	 66 	 3058.233409 			 0.0 			3058.233409
g1	 67 	 3058.233409 			 0.0 			3058.233409
g1	 68 	 3058.233409 			 0.0 			3058.233409
g1	 69 	 2826.501527 			 0.0 			2826.501527
g1	 70 	 3058.233409 			 0.0 			3058.233409
g1	 71 	 3058.233409 			 0.0 			3058.233409
g1	 72 	 2720.241129 			 0.0 			2720.241129
g1	 73 	 2313.086426 			 0.0 			2313.086426
g1	 74 	 2464.393728 			 0.0 			2464.393728
g1	 75 	 3014.439689 			 0.0 			3014.439689
g1	 76 	 2677.600015 			 0.0 			2677.600015
g1	 77 	 3058.233409 			 0.0 			3058.233409
g1	 78 	 3058.233409 			 0.0 			3058.233409
g1	 79 	 3058.233409 			 0.0 			3058.233409
g1	 80 	 2508.187447 			 0.0 			2508.187447
g1	 81 	 3058.233409 			 0.0 			3058.233409
g1	 82 	 2508.187447 			 0.0 			2508.187447
g1	 83 	 3058.233409 			 0.0 			3058.233409
g1	 84 	 2984.25964 			 0.0 			2984.25964
g1	 85 	 3055.605416 			 0.0 			3055.605416
g1	 86 	 2605.495917 			 0.0 			2605.495917
g1	 87 	 2275.529607 			 0.0 			2275.529607
g1	 88 	 2824.753926 			 0.0 			2824.753926
g1	 89 	 2942.105792 			 0.0 			2942.105792
g1	 90 	 2802.724985 			 0.0 			2802.724985
g1	 91 	 2253.972281 			 0.0 			2253.972281
g1	 92 	 2313.086426 			 0.0 			2313.086426
g1	 93 	 2180.999905 			 0.0 			2180.999905
g1	 94 	 2442.752044 			 0.0 			2442.752044
g1	 95 	 2778.65945 			 0.0 			2778.65945
g1	 96 	 2327.079402 			 0.0 			2327.079402
----------------------------------------------------------------------------------------------------
g2	 1 	 0.0 			 0.0 			0.0
g2	 2 	 0.0 			 0.0 			0.0
g2	 3 	 0.0 			 0.0 			0.0
g2	 4 	 0.0 			 0.0 			0.0
g2	 5 	 0.0 			 0.0 			0.0
g2	 6 	 0.0 			 0.0 			0.0
g2	 7 	 0.0 			 0.0 			0.0
g2	 8 	 0.0 			 0.0 			0.0
g2	 9 	 0.0 			 0.0 			0.0
g2	 10 	 0.0 			 0.0 			0.0
g2	 11 	 0.0 			 0.0 			0.0
g2	 12 	 0.0 			 0.0 			0.0
g2	 13 	 0.0 			 0.0 			0.0
g2	 14 	 0.0 			 0.0 			0.0
g2	 15 	 0.0 			 0.0 			0.0
g2	 16 	 0.0 			 0.0 			0.0
g2	 17 	 0.0 			 0.0 			0.0
g2	 18 	 0.0 			 0.0 			0.0
g2	 19 	 0.0 			 0.0 			0.0
g2	 20 	 0.0 			 0.0 			0.0
g2	 21 	 0.0 			 0.0 			0.0
g2	 22 	 0.0 			 0.0 			0.0
g2	 23 	 0.0 			 0.0 			0.0
g2	 24 	 0.0 			 0.0 			0.0
g2	 25 	 0.0 			 0.0 			0.0
g2	 26 	 0.0 			 0.0 			0.0
g2	 27 	 0.0 			 0.0 			0.0
g2	 28 	 0.0 			 0.0 			0.0
g2	 29 	 0.0 			 0.0 			0.0
g2	 30 	 0.0 			 0.0 			0.0
g2	 31 	 0.0 			 0.0 			0.0
g2	 32 	 0.0 			 0.0 			0.0
g2	 33 	 503.88779 			 10598.13 			11102.01779
g2	 34 	 534.771644 			 0.0 			534.771644
g2	 35 	 323.535598 			 0.0 			323.535598
g2	 36 	 534.771644 			 0.0 			534.771644
g2	 37 	 449.592834 			 0.0 			449.592834
g2	 38 	 238.356787 			 0.0 			238.356787
g2	 39 	 449.592834 			 0.0 			449.592834
g2	 40 	 652.213327 			 0.0 			652.213327
g2	 41 	 534.771644 			 0.0 			534.771644
g2	 42 	 612.811696 			 0.0 			612.811696
g2	 43 	 395.996085 			 0.0 			395.996085
g2	 44 	 579.720114 			 0.0 			579.720114
g2	 45 	 718.035957 			 0.0 			718.035957
g2	 46 	 605.822985 			 0.0 			605.822985
g2	 47 	 833.324519 			 0.0 			833.324519
g2	 48 	 1087.38416 			 0.0 			1087.38416
g2	 49 	 833.324519 			 0.0 			833.324519
g2	 50 	 744.151304 			 0.0 			744.151304
g2	 51 	 986.759794 			 0.0 			986.759794
g2	 52 	 1248.060716 			 0.0 			1248.060716
g2	 53 	 986.759794 			 0.0 			986.759794
g2	 54 	 744.151304 			 0.0 			744.151304
g2	 55 	 517.945414 			 0.0 			517.945414
g2	 56 	 672.275524 			 0.0 			672.275524
g2	 57 	 905.654107 			 0.0 			905.654107
g2	 58 	 854.010884 			 0.0 			854.010884
g2	 59 	 910.620722 			 0.0 			910.620722
g2	 60 	 681.277023 			 0.0 			681.277023
g2	 61 	 854.010884 			 0.0 			854.010884
g2	 62 	 626.50935 			 0.0 			626.50935
g2	 63 	 726.44856 			 0.0 			726.44856
g2	 64 	 640.533233 			 0.0 			640.533233
g2	 65 	 869.83564 			 0.0 			869.83564
g2	 66 	 854.010884 			 0.0 			854.010884
g2	 67 	 1110.726958 			 0.0 			1110.726958
g2	 68 	 854.010884 			 0.0 			854.010884
g2	 69 	 626.50935 			 0.0 			626.50935
g2	 70 	 854.010884 			 0.0 			854.010884
g2	 71 	 866.694098 			 0.0 			866.694098
g2	 72 	 637.749201 			 0.0 			637.749201
g2	 73 	 428.960147 			 0.0 			428.960147
g2	 74 	 435.301004 			 0.0 			435.301004
g2	 75 	 655.143152 			 0.0 			655.143152
g2	 76 	 886.321687 			 0.0 			886.321687
g2	 77 	 1143.037761 			 0.0 			1143.037761
g2	 78 	 886.321687 			 0.0 			886.321687
g2	 79 	 944.269685 			 0.0 			944.269685
g2	 80 	 706.496611 			 0.0 			706.496611
g2	 81 	 944.269685 			 0.0 			944.269685
g2	 82 	 885.403396 			 0.0 			885.403396
g2	 83 	 1142.119469 			 0.0 			1142.119469
g2	 84 	 885.403396 			 0.0 			885.403396
g2	 85 	 654.329363 			 0.0 			654.329363
g2	 86 	 534.771644 			 0.0 			534.771644
g2	 87 	 323.535598 			 0.0 			323.535598
g2	 88 	 534.771644 			 0.0 			534.771644
g2	 89 	 534.771644 			 0.0 			534.771644
g2	 90 	 534.771644 			 0.0 			534.771644
g2	 91 	 323.535598 			 0.0 			323.535598
g2	 92 	 365.278809 			 0.0 			365.278809
g2	 93 	 323.535598 			 0.0 			323.535598
g2	 94 	 534.771644 			 0.0 			534.771644
g2	 95 	 534.771644 			 0.0 			534.771644
g2	 96 	 534.771644 			 0.0 			534.771644
----------------------------------------------------------------------------------------------------
g3	 1 	 0.0 			 0.0 			0.0
g3	 2 	 0.0 			 0.0 			0.0
g3	 3 	 0.0 			 0.0 			0.0
g3	 4 	 0.0 			 0.0 			0.0
g3	 5 	 0.0 			 0.0 			0.0
g3	 6 	 0.0 			 0.0 			0.0
g3	 7 	 0.0 			 0.0 			0.0
g3	 8 	 0.0 			 0.0 			0.0
g3	 9 	 0.0 			 0.0 			0.0
g3	 10 	 0.0 			 0.0 			0.0
g3	 11 	 0.0 			 0.0 			0.0
g3	 12 	 0.0 			 0.0 			0.0
g3	 13 	 0.0 			 0.0 			0.0
g3	 14 	 0.0 			 0.0 			0.0
g3	 15 	 0.0 			 0.0 			0.0
g3	 16 	 0.0 			 0.0 			0.0
g3	 17 	 0.0 			 0.0 			0.0
g3	 18 	 0.0 			 0.0 			0.0
g3	 19 	 0.0 			 0.0 			0.0
g3	 20 	 0.0 			 0.0 			0.0
g3	 21 	 0.0 			 0.0 			0.0
g3	 22 	 0.0 			 0.0 			0.0
g3	 23 	 0.0 			 0.0 			0.0
g3	 24 	 0.0 			 0.0 			0.0
g3	 25 	 0.0 			 0.0 			0.0
g3	 26 	 0.0 			 0.0 			0.0
g3	 27 	 0.0 			 0.0 			0.0
g3	 28 	 0.0 			 0.0 			0.0
g3	 29 	 0.0 			 0.0 			0.0
g3	 30 	 0.0 			 0.0 			0.0
g3	 31 	 0.0 			 0.0 			0.0
g3	 32 	 0.0 			 0.0 			0.0
g3	 33 	 0.0 			 0.0 			0.0
g3	 34 	 0.0 			 0.0 			0.0
g3	 35 	 0.0 			 0.0 			0.0
g3	 36 	 0.0 			 0.0 			0.0
g3	 37 	 0.0 			 0.0 			0.0
g3	 38 	 0.0 			 0.0 			0.0
g3	 39 	 0.0 			 0.0 			0.0
g3	 40 	 0.0 			 0.0 			0.0
g3	 41 	 0.0 			 0.0 			0.0
g3	 42 	 0.0 			 0.0 			0.0
g3	 43 	 0.0 			 0.0 			0.0
g3	 44 	 0.0 			 0.0 			0.0
g3	 45 	 0.0 			 0.0 			0.0
g3	 46 	 0.0 			 0.0 			0.0
g3	 47 	 0.0 			 0.0 			0.0
g3	 48 	 0.0 			 0.0 			0.0
g3	 49 	 0.0 			 0.0 			0.0
g3	 50 	 0.0 			 0.0 			0.0
g3	 51 	 0.0 			 0.0 			0.0
g3	 52 	 0.0 			 0.0 			0.0
g3	 53 	 350.954412 			 4595.43 			4946.384412
g3	 54 	 222.796187 			 0.0 			222.796187
g3	 55 	 350.954412 			 0.0 			350.954412
g3	 56 	 350.954412 			 0.0 			350.954412
g3	 57 	 415.903142 			 0.0 			415.903142
g3	 58 	 350.954412 			 0.0 			350.954412
g3	 59 	 350.954412 			 0.0 			350.954412
g3	 60 	 350.954412 			 0.0 			350.954412
g3	 61 	 468.506814 			 0.0 			468.506814
g3	 62 	 310.534253 			 0.0 			310.534253
g3	 63 	 350.954412 			 0.0 			350.954412
g3	 64 	 350.954412 			 0.0 			350.954412
g3	 65 	 352.874657 			 0.0 			352.874657
g3	 66 	 350.954412 			 0.0 			350.954412
g3	 67 	 462.601309 			 0.0 			462.601309
g3	 68 	 350.954412 			 0.0 			350.954412
g3	 69 	 350.954412 			 0.0 			350.954412
g3	 70 	 350.954412 			 0.0 			350.954412
g3	 71 	 522.662177 			 0.0 			522.662177
g3	 72 	 350.954412 			 0.0 			350.954412
g3	 73 	 0.0 			 0.0 			0.0
g3	 74 	 0.0 			 0.0 			0.0
g3	 75 	 0.0 			 0.0 			0.0
g3	 76 	 0.0 			 0.0 			0.0
g3	 77 	 0.0 			 0.0 			0.0
g3	 78 	 0.0 			 0.0 			0.0
g3	 79 	 0.0 			 0.0 			0.0
g3	 80 	 0.0 			 0.0 			0.0
g3	 81 	 0.0 			 0.0 			0.0
g3	 82 	 0.0 			 0.0 			0.0
g3	 83 	 0.0 			 0.0 			0.0
g3	 84 	 0.0 			 0.0 			0.0
g3	 85 	 0.0 			 0.0 			0.0
g3	 86 	 0.0 			 0.0 			0.0
g3	 87 	 0.0 			 0.0 			0.0
g3	 88 	 0.0 			 0.0 			0.0
g3	 89 	 0.0 			 0.0 			0.0
g3	 90 	 0.0 			 0.0 			0.0
g3	 91 	 0.0 			 0.0 			0.0
g3	 92 	 0.0 			 0.0 			0.0
g3	 93 	 0.0 			 0.0 			0.0
g3	 94 	 0.0 			 0.0 			0.0
g3	 95 	 0.0 			 0.0 			0.0
g3	 96 	 0.0 			 0.0 			0.0
----------------------------------------------------------------------------------------------------
g4	 1 	 0.0 			 0.0 			0.0
g4	 2 	 0.0 			 0.0 			0.0
g4	 3 	 0.0 			 0.0 			0.0
g4	 4 	 0.0 			 0.0 			0.0
g4	 5 	 0.0 			 0.0 			0.0
g4	 6 	 0.0 			 0.0 			0.0
g4	 7 	 0.0 			 0.0 			0.0
g4	 8 	 0.0 			 0.0 			0.0
g4	 9 	 0.0 			 0.0 			0.0
g4	 10 	 0.0 			 0.0 			0.0
g4	 11 	 0.0 			 0.0 			0.0
g4	 12 	 0.0 			 0.0 			0.0
g4	 13 	 0.0 			 0.0 			0.0
g4	 14 	 0.0 			 0.0 			0.0
g4	 15 	 0.0 			 0.0 			0.0
g4	 16 	 0.0 			 0.0 			0.0
g4	 17 	 0.0 			 0.0 			0.0
g4	 18 	 0.0 			 0.0 			0.0
g4	 19 	 0.0 			 0.0 			0.0
g4	 20 	 0.0 			 0.0 			0.0
g4	 21 	 0.0 			 0.0 			0.0
g4	 22 	 0.0 			 0.0 			0.0
g4	 23 	 0.0 			 0.0 			0.0
g4	 24 	 0.0 			 0.0 			0.0
g4	 25 	 0.0 			 0.0 			0.0
g4	 26 	 0.0 			 0.0 			0.0
g4	 27 	 0.0 			 0.0 			0.0
g4	 28 	 0.0 			 0.0 			0.0
g4	 29 	 0.0 			 0.0 			0.0
g4	 30 	 0.0 			 0.0 			0.0
g4	 31 	 0.0 			 0.0 			0.0
g4	 32 	 0.0 			 0.0 			0.0
g4	 33 	 0.0 			 0.0 			0.0
g4	 34 	 0.0 			 0.0 			0.0
g4	 35 	 0.0 			 0.0 			0.0
g4	 36 	 0.0 			 0.0 			0.0
g4	 37 	 0.0 			 0.0 			0.0
g4	 38 	 0.0 			 0.0 			0.0
g4	 39 	 0.0 			 0.0 			0.0
g4	 40 	 0.0 			 0.0 			0.0
g4	 41 	 0.0 			 0.0 			0.0
g4	 42 	 0.0 			 0.0 			0.0
g4	 43 	 0.0 			 0.0 			0.0
g4	 44 	 0.0 			 0.0 			0.0
g4	 45 	 0.0 			 0.0 			0.0
g4	 46 	 0.0 			 0.0 			0.0
g4	 47 	 0.0 			 0.0 			0.0
g4	 48 	 0.0 			 0.0 			0.0
g4	 49 	 0.0 			 0.0 			0.0
g4	 50 	 0.0 			 0.0 			0.0
g4	 51 	 0.0 			 0.0 			0.0
g4	 52 	 0.0 			 0.0 			0.0
g4	 53 	 0.0 			 0.0 			0.0
g4	 54 	 0.0 			 0.0 			0.0
g4	 55 	 0.0 			 0.0 			0.0
g4	 56 	 0.0 			 0.0 			0.0
g4	 57 	 0.0 			 0.0 			0.0
g4	 58 	 0.0 			 0.0 			0.0
g4	 59 	 0.0 			 0.0 			0.0
g4	 60 	 0.0 			 0.0 			0.0
g4	 61 	 0.0 			 0.0 			0.0
g4	 62 	 0.0 			 0.0 			0.0
g4	 63 	 0.0 			 0.0 			0.0
g4	 64 	 0.0 			 0.0 			0.0
g4	 65 	 0.0 			 0.0 			0.0
g4	 66 	 0.0 			 0.0 			0.0
g4	 67 	 0.0 			 0.0 			0.0
g4	 68 	 0.0 			 0.0 			0.0
g4	 69 	 0.0 			 0.0 			0.0
g4	 70 	 0.0 			 0.0 			0.0
g4	 71 	 0.0 			 0.0 			0.0
g4	 72 	 0.0 			 0.0 			0.0
g4	 73 	 0.0 			 0.0 			0.0
g4	 74 	 0.0 			 0.0 			0.0
g4	 75 	 0.0 			 0.0 			0.0
g4	 76 	 0.0 			 0.0 			0.0
g4	 77 	 0.0 			 0.0 			0.0
g4	 78 	 0.0 			 0.0 			0.0
g4	 79 	 0.0 			 0.0 			0.0
g4	 80 	 0.0 			 0.0 			0.0
g4	 81 	 0.0 			 0.0 			0.0
g4	 82 	 0.0 			 0.0 			0.0
g4	 83 	 0.0 			 0.0 			0.0
g4	 84 	 0.0 			 0.0 			0.0
g4	 85 	 0.0 			 0.0 			0.0
g4	 86 	 0.0 			 0.0 			0.0
g4	 87 	 0.0 			 0.0 			0.0
g4	 88 	 0.0 			 0.0 			0.0
g4	 89 	 0.0 			 0.0 			0.0
g4	 90 	 0.0 			 0.0 			0.0
g4	 91 	 0.0 			 0.0 			0.0
g4	 92 	 0.0 			 0.0 			0.0
g4	 93 	 0.0 			 0.0 			0.0
g4	 94 	 0.0 			 0.0 			0.0
g4	 95 	 0.0 			 0.0 			0.0
g4	 96 	 0.0 			 0.0 			0.0
----------------------------------------------------------------------------------------------------
g5	 1 	 0.0 			 0.0 			0.0
g5	 2 	 0.0 			 0.0 			0.0
g5	 3 	 0.0 			 0.0 			0.0
g5	 4 	 0.0 			 0.0 			0.0
g5	 5 	 348.846531 			 6821.79 			7170.636531
g5	 6 	 213.96434 			 0.0 			213.96434
g5	 7 	 348.846531 			 0.0 			348.846531
g5	 8 	 348.490316 			 0.0 			348.490316
g5	 9 	 348.846531 			 0.0 			348.846531
g5	 10 	 348.846531 			 0.0 			348.846531
g5	 11 	 348.846531 			 0.0 			348.846531
g5	 12 	 348.846531 			 0.0 			348.846531
g5	 13 	 348.846531 			 0.0 			348.846531
g5	 14 	 348.846531 			 0.0 			348.846531
g5	 15 	 348.846531 			 0.0 			348.846531
g5	 16 	 348.846531 			 0.0 			348.846531
g5	 17 	 230.220018 			 0.0 			230.220018
g5	 18 	 348.846531 			 0.0 			348.846531
g5	 19 	 348.846531 			 0.0 			348.846531
g5	 20 	 348.846531 			 0.0 			348.846531
g5	 21 	 348.846531 			 0.0 			348.846531
g5	 22 	 348.846531 			 0.0 			348.846531
g5	 23 	 348.846531 			 0.0 			348.846531
g5	 24 	 348.846531 			 0.0 			348.846531
g5	 25 	 348.846531 			 0.0 			348.846531
g5	 26 	 219.103876 			 0.0 			219.103876
g5	 27 	 348.846531 			 0.0 			348.846531
g5	 28 	 321.032651 			 0.0 			321.032651
g5	 29 	 213.96434 			 0.0 			213.96434
g5	 30 	 348.846531 			 0.0 			348.846531
g5	 31 	 348.846531 			 0.0 			348.846531
g5	 32 	 348.846531 			 0.0 			348.846531
g5	 33 	 348.846531 			 0.0 			348.846531
g5	 34 	 348.846531 			 0.0 			348.846531
g5	 35 	 213.96434 			 0.0 			213.96434
g5	 36 	 348.846531 			 0.0 			348.846531
g5	 37 	 348.846531 			 0.0 			348.846531
g5	 38 	 213.96434 			 0.0 			213.96434
g5	 39 	 348.846531 			 0.0 			348.846531
g5	 40 	 348.846531 			 0.0 			348.846531
g5	 41 	 348.846531 			 0.0 			348.846531
g5	 42 	 348.846531 			 0.0 			348.846531
g5	 43 	 303.436208 			 0.0 			303.436208
g5	 44 	 348.846531 			 0.0 			348.846531
g5	 45 	 348.846531 			 0.0 			348.846531
g5	 46 	 213.96434 			 0.0 			213.96434
g5	 47 	 348.846531 			 0.0 			348.846531
g5	 48 	 513.766082 			 0.0 			513.766082
g5	 49 	 348.846531 			 0.0 			348.846531
g5	 50 	 348.846531 			 0.0 			348.846531
g5	 51 	 513.766082 			 0.0 			513.766082
g5	 52 	 713.167772 			 0.0 			713.167772
g5	 53 	 513.766082 			 0.0 			513.766082
g5	 54 	 348.846531 			 0.0 			348.846531
g5	 55 	 348.846531 			 0.0 			348.846531
g5	 56 	 348.846531 			 0.0 			348.846531
g5	 57 	 513.766082 			 0.0 			513.766082
g5	 58 	 410.522122 			 0.0 			410.522122
g5	 59 	 513.766082 			 0.0 			513.766082
g5	 60 	 348.846531 			 0.0 			348.846531
g5	 61 	 513.766082 			 0.0 			513.766082
g5	 62 	 348.846531 			 0.0 			348.846531
g5	 63 	 348.846531 			 0.0 			348.846531
g5	 64 	 348.846531 			 0.0 			348.846531
g5	 65 	 513.766082 			 0.0 			513.766082
g5	 66 	 563.266701 			 0.0 			563.266701
g5	 67 	 564.205003 			 0.0 			564.205003
g5	 68 	 399.285452 			 0.0 			399.285452
g5	 69 	 348.846531 			 0.0 			348.846531
g5	 70 	 422.681156 			 0.0 			422.681156
g5	 71 	 513.766082 			 0.0 			513.766082
g5	 72 	 348.846531 			 0.0 			348.846531
g5	 73 	 348.846531 			 0.0 			348.846531
g5	 74 	 213.96434 			 0.0 			213.96434
g5	 75 	 348.846531 			 0.0 			348.846531
g5	 76 	 413.130173 			 0.0 			413.130173
g5	 77 	 578.049724 			 0.0 			578.049724
g5	 78 	 507.561939 			 0.0 			507.561939
g5	 79 	 578.049724 			 0.0 			578.049724
g5	 80 	 413.130173 			 0.0 			413.130173
g5	 81 	 578.049724 			 0.0 			578.049724
g5	 82 	 413.130173 			 0.0 			413.130173
g5	 83 	 578.049724 			 0.0 			578.049724
g5	 84 	 413.130173 			 0.0 			413.130173
g5	 85 	 348.846531 			 0.0 			348.846531
g5	 86 	 348.846531 			 0.0 			348.846531
g5	 87 	 251.959882 			 0.0 			251.959882
g5	 88 	 348.846531 			 0.0 			348.846531
g5	 89 	 0.0 			 0.0 			0.0
g5	 90 	 0.0 			 0.0 			0.0
g5	 91 	 0.0 			 0.0 			0.0
g5	 92 	 0.0 			 0.0 			0.0
g5	 93 	 0.0 			 0.0 			0.0
g5	 94 	 0.0 			 0.0 			0.0
g5	 95 	 0.0 			 0.0 			0.0
g5	 96 	 0.0 			 0.0 			0.0
----------------------------------------------------------------------------------------------------
 
unit 	 generation 	 generation cost 	 start-up cost 	 total cost
----------------------------------------------------------------------------------------------------
g1 	 6497.785190			241958.631554			 0.000000		 241958.631554
g2 	 776.057081			44337.294803			 10598.130000		 54935.424803
g3 	 114.568960			7318.285895			 4595.430000		 11913.715895
g4 	 0.000000			0.000000			 0.000000		 0.000000
g5 	 533.093488			31707.047399			 6821.790000		 38528.837399
----------------------------------------------------------------------------------------------------
 
generation cost 	 start-up cost 		 total cost
----------------------------------------------------------------------------------------------------
325321.25965099956 			 22015.35 			 347336.60965099937
----------------------------------------------------------------------------------------------------
uplift payment for generator g1: 648873.862942
uplift payment for generator g2: 0.0
uplift payment for generator g3: 12797.772484
uplift payment for generator g4: 0.0
uplift payment for generator g5: 0.0
 
****************************************************************************************************
 
rtm Systemwide prices
----------------------------------------------------------------------------------------------------
time	 energy 	 up-FRP 	 dw-FRP
----------------------------------------------------------------------------------------------------
1 	 2480.976822 		 0.0 		 0.0
2 	 2500.0 		 0.0 		 0.0
3 	 9.614507 		 0.0 		 0.0
4 	 9.408671 		 0.0 		 0.0
5 	 9.408671 		 0.0 		 0.0
6 	 2480.582833 		 0.0 		 0.0
7 	 2500.0 		 0.0 		 0.0
8 	 9.014683 		 0.0 		 0.0
9 	 9.408671 		 0.0 		 0.0
10 	 9.408671 		 0.0 		 0.0
11 	 9.408671 		 0.0 		 0.0
12 	 9.408671 		 0.0 		 0.0
13 	 9.257154 		 0.0 		 0.0
14 	 9.257154 		 0.0 		 0.0
15 	 9.408671 		 0.0 		 0.0
16 	 9.408671 		 0.0 		 0.0
17 	 9.014683 		 0.0 		 0.0
18 	 10.008496 		 0.0 		 0.0
19 	 9.614507 		 0.0 		 0.0
20 	 9.408671 		 0.0 		 0.0
21 	 9.408671 		 0.0 		 0.0
22 	 9.408671 		 0.0 		 0.0
23 	 9.408671 		 0.0 		 0.0
24 	 9.408671 		 0.0 		 0.0
25 	 9.408671 		 0.0 		 0.0
26 	 9.014683 		 0.0 		 0.0
27 	 10.402484 		 0.0 		 0.0
28 	 9.014683 		 0.0 		 0.0
29 	 2480.976822 		 0.0 		 0.0
30 	 2500.0 		 0.0 		 0.0
31 	 9.614507 		 0.0 		 0.0
32 	 9.408671 		 0.0 		 0.0
33 	 9.457625 		 0.0 		 0.0
34 	 2500.0 		 0.0 		 0.0
35 	 4971.362314 		 0.0 		 0.0
36 	 2500.0 		 0.0 		 0.0
37 	 2500.0 		 0.0 		 0.0
38 	 4972.345355 		 0.0 		 0.0
39 	 2500.0 		 0.0 		 0.0
40 	 10.185876 		 0.0 		 0.0
41 	 9.614507 		 0.0 		 0.0
42 	 10.628818 		 0.0 		 0.0
43 	 9.014683 		 0.0 		 0.0
44 	 10.185876 		 0.0 		 0.0
45 	 10.185876 		 0.0 		 0.0
46 	 8.837303 		 0.0 		 0.0
47 	 9.614507 		 0.0 		 0.0
48 	 13.985202 		 0.0 		 0.0
49 	 9.614507 		 0.0 		 0.0
50 	 9.614507 		 0.0 		 0.0
51 	 9.614507 		 0.0 		 0.0
52 	 18.450065 		 0.0 		 0.0
53 	 2500.0 		 0.0 		 0.0
54 	 2480.976822 		 0.0 		 0.0
55 	 9.411614 		 0.0 		 0.0
56 	 9.8174 		 0.0 		 0.0
57 	 11.862367 		 0.0 		 0.0
58 	 11.022192 		 0.0 		 0.0
59 	 11.493892 		 0.0 		 0.0
60 	 10.185876 		 0.0 		 0.0
61 	 2500.0 		 0.0 		 0.0
62 	 2479.283869 		 0.0 		 0.0
63 	 10.185876 		 0.0 		 0.0
64 	 9.8174 		 0.0 		 0.0
65 	 11.862367 		 0.0 		 0.0
66 	 11.022192 		 0.0 		 0.0
67 	 11.862367 		 0.0 		 0.0
68 	 10.182017 		 0.0 		 0.0
69 	 9.614507 		 0.0 		 0.0
70 	 11.022192 		 0.0 		 0.0
71 	 12.06526 		 0.0 		 0.0
72 	 9.614507 		 0.0 		 0.0
73 	 9.457625 		 0.0 		 0.0
74 	 2480.770985 		 0.0 		 0.0
75 	 2500.0 		 0.0 		 0.0
76 	 9.614507 		 0.0 		 0.0
77 	 14.259462 		 0.0 		 0.0
78 	 11.022192 		 0.0 		 0.0
79 	 2500.0 		 0.0 		 0.0
80 	 4966.826341 		 0.0 		 0.0
81 	 2500.0 		 0.0 		 0.0
82 	 2474.561463 		 0.0 		 0.0
83 	 2500.0 		 0.0 		 0.0
84 	 9.614507 		 0.0 		 0.0
85 	 9.614507 		 0.0 		 0.0
86 	 9.614507 		 0.0 		 0.0
87 	 9.014683 		 0.0 		 0.0
88 	 10.008496 		 0.0 		 0.0
89 	 9.614507 		 0.0 		 0.0
90 	 2500.0 		 0.0 		 0.0
91 	 2480.976822 		 0.0 		 0.0
92 	 9.457625 		 0.0 		 0.0
93 	 9.408671 		 0.0 		 0.0
94 	 9.614507 		 0.0 		 0.0
95 	 9.614507 		 0.0 		 0.0
96 	 9.614507 		 0.0 		 0.0
 
****************************************************************************************************
 
rtm Post-uplift payments
----------------------------------------------------------------------------------------------------------------------------------------------------
unit 	 generation payment 	 up-FRP payment 	 dw-FRP payment 	pre-up t. payment 	 uplift payments 	 post-up t. payment 	 profit
----------------------------------------------------------------------------------------------------------------------------------------------------
 g1 	 -680538.522131			 0.000000			 0.000000			 -680538.522131			 648873.862942			 -31664.659189		 0.000000
 g2 	 295901.606549			 0.000000			 0.000000			 295901.606549			 0.000000			 295901.606549		 269471.198935
 g3 	 -6241.811451			 0.000000			 0.000000			 -6241.811451			 12797.772484			 6555.961033		 0.000000
 g4 	 0.000000			 0.000000			 0.000000			 0.000000			 0.000000			 0.000000		 0.000000
 g5 	 155923.799944			 0.000000			 0.000000			 155923.799944			 0.000000			 155923.799944		 139248.795139
****************************************************************************************************
 
Total generator payments
----------------------------------------------------------------------------------------------------------------------------------------------------
unit 	 generation payment 	 up-FRP payment 	 dw-FRP payment 	pre-up t. payment 	 uplift payments 	 post-up t. payment 	 profit
----------------------------------------------------------------------------------------------------------------------------------------------------
 g1 	 -407937.076346			 1021.844958			 0.000000			 -406915.231388			 648873.862942			 241958.631554		 0.000000
 g2 	 321482.895664			 2923.728074			 0.000000			 324406.623738			 0.000000			 324406.623738		 269471.198935
 g3 	 -1004.505815			 120.449226			 0.000000			 -884.056589			 12797.772484			 11913.715895		 0.000000
 g4 	 0.000000			 0.000000			 0.000000			 0.000000			 0.000000			 0.000000		 0.000000
 g5 	 177039.280684			 738.351854			 0.000000			 177777.632538			 0.000000			 177777.632538		 139248.795139
 
****************************************************************************************************
 
rtm LMP
----------------------------------------------------------------------------------------------------
bus name 	 time 		 LMP
----------------------------------------------------------------------------------------------------
b1 		 1 		 2480.976822
b1 		 2 		 2500.0
b1 		 3 		 9.614507
b1 		 4 		 9.408671
b1 		 5 		 9.408671
b1 		 6 		 2480.582833
b1 		 7 		 2500.0
b1 		 8 		 9.014683
b1 		 9 		 9.408671
b1 		 10 		 9.408671
b1 		 11 		 9.408671
b1 		 12 		 9.408671
b1 		 13 		 9.257154
b1 		 14 		 9.257154
b1 		 15 		 9.408671
b1 		 16 		 9.408671
b1 		 17 		 9.014683
b1 		 18 		 10.008496
b1 		 19 		 9.614507
b1 		 20 		 9.408671
b1 		 21 		 9.408671
b1 		 22 		 9.408671
b1 		 23 		 9.408671
b1 		 24 		 9.408671
b1 		 25 		 9.408671
b1 		 26 		 9.014683
b1 		 27 		 10.402484
b1 		 28 		 9.014683
b1 		 29 		 2480.976822
b1 		 30 		 2500.0
b1 		 31 		 9.614507
b1 		 32 		 9.408671
b1 		 33 		 9.457625
b1 		 34 		 2500.0
b1 		 35 		 4971.362314
b1 		 36 		 2500.0
b1 		 37 		 2500.0
b1 		 38 		 4972.345355
b1 		 39 		 2500.0
b1 		 40 		 10.185876
b1 		 41 		 9.614507
b1 		 42 		 10.628818
b1 		 43 		 9.014683
b1 		 44 		 10.185876
b1 		 45 		 10.185876
b1 		 46 		 8.837303
b1 		 47 		 9.614507
b1 		 48 		 13.985202
b1 		 49 		 9.614507
b1 		 50 		 9.614507
b1 		 51 		 9.614507
b1 		 52 		 18.450065
b1 		 53 		 2500.0
b1 		 54 		 2480.976822
b1 		 55 		 9.411614
b1 		 56 		 9.8174
b1 		 57 		 11.862367
b1 		 58 		 11.022192
b1 		 59 		 11.493892
b1 		 60 		 10.185876
b1 		 61 		 2500.0
b1 		 62 		 2479.283869
b1 		 63 		 10.185876
b1 		 64 		 9.8174
b1 		 65 		 11.862367
b1 		 66 		 11.022192
b1 		 67 		 11.862367
b1 		 68 		 10.182017
b1 		 69 		 9.614507
b1 		 70 		 11.022192
b1 		 71 		 12.06526
b1 		 72 		 9.614507
b1 		 73 		 9.457625
b1 		 74 		 2480.770985
b1 		 75 		 2500.0
b1 		 76 		 9.614507
b1 		 77 		 14.259462
b1 		 78 		 11.022192
b1 		 79 		 2500.0
b1 		 80 		 4966.826341
b1 		 81 		 2500.0
b1 		 82 		 2474.561463
b1 		 83 		 2500.0
b1 		 84 		 9.614507
b1 		 85 		 9.614507
b1 		 86 		 9.614507
b1 		 87 		 9.014683
b1 		 88 		 10.008496
b1 		 89 		 9.614507
b1 		 90 		 2500.0
b1 		 91 		 2480.976822
b1 		 92 		 9.457625
b1 		 93 		 9.408671
b1 		 94 		 9.614507
b1 		 95 		 9.614507
b1 		 96 		 9.614507
----------------------------------------------------------------------------------------------------
b2 		 1 		 2480.976822
b2 		 2 		 2500.0
b2 		 3 		 9.614507
b2 		 4 		 9.408671
b2 		 5 		 9.408671
b2 		 6 		 2480.582833
b2 		 7 		 2500.0
b2 		 8 		 9.014683
b2 		 9 		 9.408671
b2 		 10 		 9.408671
b2 		 11 		 9.408671
b2 		 12 		 9.408671
b2 		 13 		 9.257154
b2 		 14 		 9.257154
b2 		 15 		 9.408671
b2 		 16 		 9.408671
b2 		 17 		 9.014683
b2 		 18 		 10.008496
b2 		 19 		 9.614507
b2 		 20 		 9.408671
b2 		 21 		 9.408671
b2 		 22 		 9.408671
b2 		 23 		 9.408671
b2 		 24 		 9.408671
b2 		 25 		 9.408671
b2 		 26 		 9.014683
b2 		 27 		 10.402484
b2 		 28 		 9.014683
b2 		 29 		 2480.976822
b2 		 30 		 2500.0
b2 		 31 		 9.614507
b2 		 32 		 9.408671
b2 		 33 		 9.457625
b2 		 34 		 2500.0
b2 		 35 		 4971.362314
b2 		 36 		 2500.0
b2 		 37 		 2500.0
b2 		 38 		 4972.345355
b2 		 39 		 2500.0
b2 		 40 		 10.185876
b2 		 41 		 9.614507
b2 		 42 		 10.628818
b2 		 43 		 9.014683
b2 		 44 		 10.185876
b2 		 45 		 10.185876
b2 		 46 		 8.837303
b2 		 47 		 9.614507
b2 		 48 		 13.985202
b2 		 49 		 9.614507
b2 		 50 		 9.614507
b2 		 51 		 9.614507
b2 		 52 		 18.450065
b2 		 53 		 2500.0
b2 		 54 		 2480.976822
b2 		 55 		 9.411614
b2 		 56 		 9.8174
b2 		 57 		 11.862367
b2 		 58 		 11.022192
b2 		 59 		 11.493892
b2 		 60 		 10.185876
b2 		 61 		 2500.0
b2 		 62 		 2479.283869
b2 		 63 		 10.185876
b2 		 64 		 9.8174
b2 		 65 		 11.862367
b2 		 66 		 11.022192
b2 		 67 		 11.862367
b2 		 68 		 10.182017
b2 		 69 		 9.614507
b2 		 70 		 11.022192
b2 		 71 		 12.06526
b2 		 72 		 9.614507
b2 		 73 		 9.457625
b2 		 74 		 2480.770985
b2 		 75 		 2500.0
b2 		 76 		 9.614507
b2 		 77 		 14.259462
b2 		 78 		 11.022192
b2 		 79 		 2500.0
b2 		 80 		 4966.826341
b2 		 81 		 2500.0
b2 		 82 		 2474.561463
b2 		 83 		 2500.0
b2 		 84 		 9.614507
b2 		 85 		 9.614507
b2 		 86 		 9.614507
b2 		 87 		 9.014683
b2 		 88 		 10.008496
b2 		 89 		 9.614507
b2 		 90 		 2500.0
b2 		 91 		 2480.976822
b2 		 92 		 9.457625
b2 		 93 		 9.408671
b2 		 94 		 9.614507
b2 		 95 		 9.614507
b2 		 96 		 9.614507
----------------------------------------------------------------------------------------------------
b3 		 1 		 2480.976822
b3 		 2 		 2500.0
b3 		 3 		 9.614507
b3 		 4 		 9.408671
b3 		 5 		 9.408671
b3 		 6 		 2480.582833
b3 		 7 		 2500.0
b3 		 8 		 9.014683
b3 		 9 		 9.408671
b3 		 10 		 9.408671
b3 		 11 		 9.408671
b3 		 12 		 9.408671
b3 		 13 		 9.257154
b3 		 14 		 9.257154
b3 		 15 		 9.408671
b3 		 16 		 9.408671
b3 		 17 		 9.014683
b3 		 18 		 10.008496
b3 		 19 		 9.614507
b3 		 20 		 9.408671
b3 		 21 		 9.408671
b3 		 22 		 9.408671
b3 		 23 		 9.408671
b3 		 24 		 9.408671
b3 		 25 		 9.408671
b3 		 26 		 9.014683
b3 		 27 		 10.402484
b3 		 28 		 9.014683
b3 		 29 		 2480.976822
b3 		 30 		 2500.0
b3 		 31 		 9.614507
b3 		 32 		 9.408671
b3 		 33 		 9.457625
b3 		 34 		 2500.0
b3 		 35 		 4971.362314
b3 		 36 		 2500.0
b3 		 37 		 2500.0
b3 		 38 		 4972.345355
b3 		 39 		 2500.0
b3 		 40 		 10.185876
b3 		 41 		 9.614507
b3 		 42 		 10.628818
b3 		 43 		 9.014683
b3 		 44 		 10.185876
b3 		 45 		 10.185876
b3 		 46 		 8.837303
b3 		 47 		 9.614507
b3 		 48 		 13.985202
b3 		 49 		 9.614507
b3 		 50 		 9.614507
b3 		 51 		 9.614507
b3 		 52 		 18.450065
b3 		 53 		 2500.0
b3 		 54 		 2480.976822
b3 		 55 		 9.411614
b3 		 56 		 9.8174
b3 		 57 		 11.862367
b3 		 58 		 11.022192
b3 		 59 		 11.493892
b3 		 60 		 10.185876
b3 		 61 		 2500.0
b3 		 62 		 2479.283869
b3 		 63 		 10.185876
b3 		 64 		 9.8174
b3 		 65 		 11.862367
b3 		 66 		 11.022192
b3 		 67 		 11.862367
b3 		 68 		 10.182017
b3 		 69 		 9.614507
b3 		 70 		 11.022192
b3 		 71 		 12.06526
b3 		 72 		 9.614507
b3 		 73 		 9.457625
b3 		 74 		 2480.770985
b3 		 75 		 2500.0
b3 		 76 		 9.614507
b3 		 77 		 14.259462
b3 		 78 		 11.022192
b3 		 79 		 2500.0
b3 		 80 		 4966.826341
b3 		 81 		 2500.0
b3 		 82 		 2474.561463
b3 		 83 		 2500.0
b3 		 84 		 9.614507
b3 		 85 		 9.614507
b3 		 86 		 9.614507
b3 		 87 		 9.014683
b3 		 88 		 10.008496
b3 		 89 		 9.614507
b3 		 90 		 2500.0
b3 		 91 		 2480.976822
b3 		 92 		 9.457625
b3 		 93 		 9.408671
b3 		 94 		 9.614507
b3 		 95 		 9.614507
b3 		 96 		 9.614507
----------------------------------------------------------------------------------------------------
b4 		 1 		 2480.976822
b4 		 2 		 2500.0
b4 		 3 		 9.614507
b4 		 4 		 9.408671
b4 		 5 		 9.408671
b4 		 6 		 2480.582833
b4 		 7 		 2500.0
b4 		 8 		 9.014683
b4 		 9 		 9.408671
b4 		 10 		 9.408671
b4 		 11 		 9.408671
b4 		 12 		 9.408671
b4 		 13 		 9.257154
b4 		 14 		 9.257154
b4 		 15 		 9.408671
b4 		 16 		 9.408671
b4 		 17 		 9.014683
b4 		 18 		 10.008496
b4 		 19 		 9.614507
b4 		 20 		 9.408671
b4 		 21 		 9.408671
b4 		 22 		 9.408671
b4 		 23 		 9.408671
b4 		 24 		 9.408671
b4 		 25 		 9.408671
b4 		 26 		 9.014683
b4 		 27 		 10.402484
b4 		 28 		 9.014683
b4 		 29 		 2480.976822
b4 		 30 		 2500.0
b4 		 31 		 9.614507
b4 		 32 		 9.408671
b4 		 33 		 9.457625
b4 		 34 		 2500.0
b4 		 35 		 4971.362314
b4 		 36 		 2500.0
b4 		 37 		 2500.0
b4 		 38 		 4972.345355
b4 		 39 		 2500.0
b4 		 40 		 10.185876
b4 		 41 		 9.614507
b4 		 42 		 10.628818
b4 		 43 		 9.014683
b4 		 44 		 10.185876
b4 		 45 		 10.185876
b4 		 46 		 8.837303
b4 		 47 		 9.614507
b4 		 48 		 13.985202
b4 		 49 		 9.614507
b4 		 50 		 9.614507
b4 		 51 		 9.614507
b4 		 52 		 18.450065
b4 		 53 		 2500.0
b4 		 54 		 2480.976822
b4 		 55 		 9.411614
b4 		 56 		 9.8174
b4 		 57 		 11.862367
b4 		 58 		 11.022192
b4 		 59 		 11.493892
b4 		 60 		 10.185876
b4 		 61 		 2500.0
b4 		 62 		 2479.283869
b4 		 63 		 10.185876
b4 		 64 		 9.8174
b4 		 65 		 11.862367
b4 		 66 		 11.022192
b4 		 67 		 11.862367
b4 		 68 		 10.182017
b4 		 69 		 9.614507
b4 		 70 		 11.022192
b4 		 71 		 12.06526
b4 		 72 		 9.614507
b4 		 73 		 9.457625
b4 		 74 		 2480.770985
b4 		 75 		 2500.0
b4 		 76 		 9.614507
b4 		 77 		 14.259462
b4 		 78 		 11.022192
b4 		 79 		 2500.0
b4 		 80 		 4966.826341
b4 		 81 		 2500.0
b4 		 82 		 2474.561463
b4 		 83 		 2500.0
b4 		 84 		 9.614507
b4 		 85 		 9.614507
b4 		 86 		 9.614507
b4 		 87 		 9.014683
b4 		 88 		 10.008496
b4 		 89 		 9.614507
b4 		 90 		 2500.0
b4 		 91 		 2480.976822
b4 		 92 		 9.457625
b4 		 93 		 9.408671
b4 		 94 		 9.614507
b4 		 95 		 9.614507
b4 		 96 		 9.614507
----------------------------------------------------------------------------------------------------
b5 		 1 		 2480.976822
b5 		 2 		 2500.0
b5 		 3 		 9.614507
b5 		 4 		 9.408671
b5 		 5 		 9.408671
b5 		 6 		 2480.582833
b5 		 7 		 2500.0
b5 		 8 		 9.014683
b5 		 9 		 9.408671
b5 		 10 		 9.408671
b5 		 11 		 9.408671
b5 		 12 		 9.408671
b5 		 13 		 9.257154
b5 		 14 		 9.257154
b5 		 15 		 9.408671
b5 		 16 		 9.408671
b5 		 17 		 9.014683
b5 		 18 		 10.008496
b5 		 19 		 9.614507
b5 		 20 		 9.408671
b5 		 21 		 9.408671
b5 		 22 		 9.408671
b5 		 23 		 9.408671
b5 		 24 		 9.408671
b5 		 25 		 9.408671
b5 		 26 		 9.014683
b5 		 27 		 10.402484
b5 		 28 		 9.014683
b5 		 29 		 2480.976822
b5 		 30 		 2500.0
b5 		 31 		 9.614507
b5 		 32 		 9.408671
b5 		 33 		 9.457625
b5 		 34 		 2500.0
b5 		 35 		 4971.362314
b5 		 36 		 2500.0
b5 		 37 		 2500.0
b5 		 38 		 4972.345355
b5 		 39 		 2500.0
b5 		 40 		 10.185876
b5 		 41 		 9.614507
b5 		 42 		 10.628818
b5 		 43 		 9.014683
b5 		 44 		 10.185876
b5 		 45 		 10.185876
b5 		 46 		 8.837303
b5 		 47 		 9.614507
b5 		 48 		 13.985202
b5 		 49 		 9.614507
b5 		 50 		 9.614507
b5 		 51 		 9.614507
b5 		 52 		 18.450065
b5 		 53 		 2500.0
b5 		 54 		 2480.976822
b5 		 55 		 9.411614
b5 		 56 		 9.8174
b5 		 57 		 11.862367
b5 		 58 		 11.022192
b5 		 59 		 11.493892
b5 		 60 		 10.185876
b5 		 61 		 2500.0
b5 		 62 		 2479.283869
b5 		 63 		 10.185876
b5 		 64 		 9.8174
b5 		 65 		 11.862367
b5 		 66 		 11.022192
b5 		 67 		 11.862367
b5 		 68 		 10.182017
b5 		 69 		 9.614507
b5 		 70 		 11.022192
b5 		 71 		 12.06526
b5 		 72 		 9.614507
b5 		 73 		 9.457625
b5 		 74 		 2480.770985
b5 		 75 		 2500.0
b5 		 76 		 9.614507
b5 		 77 		 14.259462
b5 		 78 		 11.022192
b5 		 79 		 2500.0
b5 		 80 		 4966.826341
b5 		 81 		 2500.0
b5 		 82 		 2474.561463
b5 		 83 		 2500.0
b5 		 84 		 9.614507
b5 		 85 		 9.614507
b5 		 86 		 9.614507
b5 		 87 		 9.014683
b5 		 88 		 10.008496
b5 		 89 		 9.614507
b5 		 90 		 2500.0
b5 		 91 		 2480.976822
b5 		 92 		 9.457625
b5 		 93 		 9.408671
b5 		 94 		 9.614507
b5 		 95 		 9.614507
b5 		 96 		 9.614507
----------------------------------------------------------------------------------------------------
b6 		 1 		 2480.976822
b6 		 2 		 2500.0
b6 		 3 		 9.614507
b6 		 4 		 9.408671
b6 		 5 		 9.408671
b6 		 6 		 2480.582833
b6 		 7 		 2500.0
b6 		 8 		 9.014683
b6 		 9 		 9.408671
b6 		 10 		 9.408671
b6 		 11 		 9.408671
b6 		 12 		 9.408671
b6 		 13 		 9.257154
b6 		 14 		 9.257154
b6 		 15 		 9.408671
b6 		 16 		 9.408671
b6 		 17 		 9.014683
b6 		 18 		 10.008496
b6 		 19 		 9.614507
b6 		 20 		 9.408671
b6 		 21 		 9.408671
b6 		 22 		 9.408671
b6 		 23 		 9.408671
b6 		 24 		 9.408671
b6 		 25 		 9.408671
b6 		 26 		 9.014683
b6 		 27 		 10.402484
b6 		 28 		 9.014683
b6 		 29 		 2480.976822
b6 		 30 		 2500.0
b6 		 31 		 9.614507
b6 		 32 		 9.408671
b6 		 33 		 9.457625
b6 		 34 		 2500.0
b6 		 35 		 4971.362314
b6 		 36 		 2500.0
b6 		 37 		 2500.0
b6 		 38 		 4972.345355
b6 		 39 		 2500.0
b6 		 40 		 10.185876
b6 		 41 		 9.614507
b6 		 42 		 10.628818
b6 		 43 		 9.014683
b6 		 44 		 10.185876
b6 		 45 		 10.185876
b6 		 46 		 8.837303
b6 		 47 		 9.614507
b6 		 48 		 13.985202
b6 		 49 		 9.614507
b6 		 50 		 9.614507
b6 		 51 		 9.614507
b6 		 52 		 18.450065
b6 		 53 		 2500.0
b6 		 54 		 2480.976822
b6 		 55 		 9.411614
b6 		 56 		 9.8174
b6 		 57 		 11.862367
b6 		 58 		 11.022192
b6 		 59 		 11.493892
b6 		 60 		 10.185876
b6 		 61 		 2500.0
b6 		 62 		 2479.283869
b6 		 63 		 10.185876
b6 		 64 		 9.8174
b6 		 65 		 11.862367
b6 		 66 		 11.022192
b6 		 67 		 11.862367
b6 		 68 		 10.182017
b6 		 69 		 9.614507
b6 		 70 		 11.022192
b6 		 71 		 12.06526
b6 		 72 		 9.614507
b6 		 73 		 9.457625
b6 		 74 		 2480.770985
b6 		 75 		 2500.0
b6 		 76 		 9.614507
b6 		 77 		 14.259462
b6 		 78 		 11.022192
b6 		 79 		 2500.0
b6 		 80 		 4966.826341
b6 		 81 		 2500.0
b6 		 82 		 2474.561463
b6 		 83 		 2500.0
b6 		 84 		 9.614507
b6 		 85 		 9.614507
b6 		 86 		 9.614507
b6 		 87 		 9.014683
b6 		 88 		 10.008496
b6 		 89 		 9.614507
b6 		 90 		 2500.0
b6 		 91 		 2480.976822
b6 		 92 		 9.457625
b6 		 93 		 9.408671
b6 		 94 		 9.614507
b6 		 95 		 9.614507
b6 		 96 		 9.614507
----------------------------------------------------------------------------------------------------
b7 		 1 		 2480.976822
b7 		 2 		 2500.0
b7 		 3 		 9.614507
b7 		 4 		 9.408671
b7 		 5 		 9.408671
b7 		 6 		 2480.582833
b7 		 7 		 2500.0
b7 		 8 		 9.014683
b7 		 9 		 9.408671
b7 		 10 		 9.408671
b7 		 11 		 9.408671
b7 		 12 		 9.408671
b7 		 13 		 9.257154
b7 		 14 		 9.257154
b7 		 15 		 9.408671
b7 		 16 		 9.408671
b7 		 17 		 9.014683
b7 		 18 		 10.008496
b7 		 19 		 9.614507
b7 		 20 		 9.408671
b7 		 21 		 9.408671
b7 		 22 		 9.408671
b7 		 23 		 9.408671
b7 		 24 		 9.408671
b7 		 25 		 9.408671
b7 		 26 		 9.014683
b7 		 27 		 10.402484
b7 		 28 		 9.014683
b7 		 29 		 2480.976822
b7 		 30 		 2500.0
b7 		 31 		 9.614507
b7 		 32 		 9.408671
b7 		 33 		 9.457625
b7 		 34 		 2500.0
b7 		 35 		 4971.362314
b7 		 36 		 2500.0
b7 		 37 		 2500.0
b7 		 38 		 4972.345355
b7 		 39 		 2500.0
b7 		 40 		 10.185876
b7 		 41 		 9.614507
b7 		 42 		 10.628818
b7 		 43 		 9.014683
b7 		 44 		 10.185876
b7 		 45 		 10.185876
b7 		 46 		 8.837303
b7 		 47 		 9.614507
b7 		 48 		 13.985202
b7 		 49 		 9.614507
b7 		 50 		 9.614507
b7 		 51 		 9.614507
b7 		 52 		 18.450065
b7 		 53 		 2500.0
b7 		 54 		 2480.976822
b7 		 55 		 9.411614
b7 		 56 		 9.8174
b7 		 57 		 11.862367
b7 		 58 		 11.022192
b7 		 59 		 11.493892
b7 		 60 		 10.185876
b7 		 61 		 2500.0
b7 		 62 		 2479.283869
b7 		 63 		 10.185876
b7 		 64 		 9.8174
b7 		 65 		 11.862367
b7 		 66 		 11.022192
b7 		 67 		 11.862367
b7 		 68 		 10.182017
b7 		 69 		 9.614507
b7 		 70 		 11.022192
b7 		 71 		 12.06526
b7 		 72 		 9.614507
b7 		 73 		 9.457625
b7 		 74 		 2480.770985
b7 		 75 		 2500.0
b7 		 76 		 9.614507
b7 		 77 		 14.259462
b7 		 78 		 11.022192
b7 		 79 		 2500.0
b7 		 80 		 4966.826341
b7 		 81 		 2500.0
b7 		 82 		 2474.561463
b7 		 83 		 2500.0
b7 		 84 		 9.614507
b7 		 85 		 9.614507
b7 		 86 		 9.614507
b7 		 87 		 9.014683
b7 		 88 		 10.008496
b7 		 89 		 9.614507
b7 		 90 		 2500.0
b7 		 91 		 2480.976822
b7 		 92 		 9.457625
b7 		 93 		 9.408671
b7 		 94 		 9.614507
b7 		 95 		 9.614507
b7 		 96 		 9.614507
----------------------------------------------------------------------------------------------------
b8 		 1 		 2480.976822
b8 		 2 		 2500.0
b8 		 3 		 9.614507
b8 		 4 		 9.408671
b8 		 5 		 9.408671
b8 		 6 		 2480.582833
b8 		 7 		 2500.0
b8 		 8 		 9.014683
b8 		 9 		 9.408671
b8 		 10 		 9.408671
b8 		 11 		 9.408671
b8 		 12 		 9.408671
b8 		 13 		 9.257154
b8 		 14 		 9.257154
b8 		 15 		 9.408671
b8 		 16 		 9.408671
b8 		 17 		 9.014683
b8 		 18 		 10.008496
b8 		 19 		 9.614507
b8 		 20 		 9.408671
b8 		 21 		 9.408671
b8 		 22 		 9.408671
b8 		 23 		 9.408671
b8 		 24 		 9.408671
b8 		 25 		 9.408671
b8 		 26 		 9.014683
b8 		 27 		 10.402484
b8 		 28 		 9.014683
b8 		 29 		 2480.976822
b8 		 30 		 2500.0
b8 		 31 		 9.614507
b8 		 32 		 9.408671
b8 		 33 		 9.457625
b8 		 34 		 2500.0
b8 		 35 		 4971.362314
b8 		 36 		 2500.0
b8 		 37 		 2500.0
b8 		 38 		 4972.345355
b8 		 39 		 2500.0
b8 		 40 		 10.185876
b8 		 41 		 9.614507
b8 		 42 		 10.628818
b8 		 43 		 9.014683
b8 		 44 		 10.185876
b8 		 45 		 10.185876
b8 		 46 		 8.837303
b8 		 47 		 9.614507
b8 		 48 		 13.985202
b8 		 49 		 9.614507
b8 		 50 		 9.614507
b8 		 51 		 9.614507
b8 		 52 		 18.450065
b8 		 53 		 2500.0
b8 		 54 		 2480.976822
b8 		 55 		 9.411614
b8 		 56 		 9.8174
b8 		 57 		 11.862367
b8 		 58 		 11.022192
b8 		 59 		 11.493892
b8 		 60 		 10.185876
b8 		 61 		 2500.0
b8 		 62 		 2479.283869
b8 		 63 		 10.185876
b8 		 64 		 9.8174
b8 		 65 		 11.862367
b8 		 66 		 11.022192
b8 		 67 		 11.862367
b8 		 68 		 10.182017
b8 		 69 		 9.614507
b8 		 70 		 11.022192
b8 		 71 		 12.06526
b8 		 72 		 9.614507
b8 		 73 		 9.457625
b8 		 74 		 2480.770985
b8 		 75 		 2500.0
b8 		 76 		 9.614507
b8 		 77 		 14.259462
b8 		 78 		 11.022192
b8 		 79 		 2500.0
b8 		 80 		 4966.826341
b8 		 81 		 2500.0
b8 		 82 		 2474.561463
b8 		 83 		 2500.0
b8 		 84 		 9.614507
b8 		 85 		 9.614507
b8 		 86 		 9.614507
b8 		 87 		 9.014683
b8 		 88 		 10.008496
b8 		 89 		 9.614507
b8 		 90 		 2500.0
b8 		 91 		 2480.976822
b8 		 92 		 9.457625
b8 		 93 		 9.408671
b8 		 94 		 9.614507
b8 		 95 		 9.614507
b8 		 96 		 9.614507
----------------------------------------------------------------------------------------------------
b9 		 1 		 2480.976822
b9 		 2 		 2500.0
b9 		 3 		 9.614507
b9 		 4 		 9.408671
b9 		 5 		 9.408671
b9 		 6 		 2480.582833
b9 		 7 		 2500.0
b9 		 8 		 9.014683
b9 		 9 		 9.408671
b9 		 10 		 9.408671
b9 		 11 		 9.408671
b9 		 12 		 9.408671
b9 		 13 		 9.257154
b9 		 14 		 9.257154
b9 		 15 		 9.408671
b9 		 16 		 9.408671
b9 		 17 		 9.014683
b9 		 18 		 10.008496
b9 		 19 		 9.614507
b9 		 20 		 9.408671
b9 		 21 		 9.408671
b9 		 22 		 9.408671
b9 		 23 		 9.408671
b9 		 24 		 9.408671
b9 		 25 		 9.408671
b9 		 26 		 9.014683
b9 		 27 		 10.402484
b9 		 28 		 9.014683
b9 		 29 		 2480.976822
b9 		 30 		 2500.0
b9 		 31 		 9.614507
b9 		 32 		 9.408671
b9 		 33 		 9.457625
b9 		 34 		 2500.0
b9 		 35 		 4971.362314
b9 		 36 		 2500.0
b9 		 37 		 2500.0
b9 		 38 		 4972.345355
b9 		 39 		 2500.0
b9 		 40 		 10.185876
b9 		 41 		 9.614507
b9 		 42 		 10.628818
b9 		 43 		 9.014683
b9 		 44 		 10.185876
b9 		 45 		 10.185876
b9 		 46 		 8.837303
b9 		 47 		 9.614507
b9 		 48 		 13.985202
b9 		 49 		 9.614507
b9 		 50 		 9.614507
b9 		 51 		 9.614507
b9 		 52 		 18.450065
b9 		 53 		 2500.0
b9 		 54 		 2480.976822
b9 		 55 		 9.411614
b9 		 56 		 9.8174
b9 		 57 		 11.862367
b9 		 58 		 11.022192
b9 		 59 		 11.493892
b9 		 60 		 10.185876
b9 		 61 		 2500.0
b9 		 62 		 2479.283869
b9 		 63 		 10.185876
b9 		 64 		 9.8174
b9 		 65 		 11.862367
b9 		 66 		 11.022192
b9 		 67 		 11.862367
b9 		 68 		 10.182017
b9 		 69 		 9.614507
b9 		 70 		 11.022192
b9 		 71 		 12.06526
b9 		 72 		 9.614507
b9 		 73 		 9.457625
b9 		 74 		 2480.770985
b9 		 75 		 2500.0
b9 		 76 		 9.614507
b9 		 77 		 14.259462
b9 		 78 		 11.022192
b9 		 79 		 2500.0
b9 		 80 		 4966.826341
b9 		 81 		 2500.0
b9 		 82 		 2474.561463
b9 		 83 		 2500.0
b9 		 84 		 9.614507
b9 		 85 		 9.614507
b9 		 86 		 9.614507
b9 		 87 		 9.014683
b9 		 88 		 10.008496
b9 		 89 		 9.614507
b9 		 90 		 2500.0
b9 		 91 		 2480.976822
b9 		 92 		 9.457625
b9 		 93 		 9.408671
b9 		 94 		 9.614507
b9 		 95 		 9.614507
b9 		 96 		 9.614507
----------------------------------------------------------------------------------------------------
b10 		 1 		 2480.976822
b10 		 2 		 2500.0
b10 		 3 		 9.614507
b10 		 4 		 9.408671
b10 		 5 		 9.408671
b10 		 6 		 2480.582833
b10 		 7 		 2500.0
b10 		 8 		 9.014683
b10 		 9 		 9.408671
b10 		 10 		 9.408671
b10 		 11 		 9.408671
b10 		 12 		 9.408671
b10 		 13 		 9.257154
b10 		 14 		 9.257154
b10 		 15 		 9.408671
b10 		 16 		 9.408671
b10 		 17 		 9.014683
b10 		 18 		 10.008496
b10 		 19 		 9.614507
b10 		 20 		 9.408671
b10 		 21 		 9.408671
b10 		 22 		 9.408671
b10 		 23 		 9.408671
b10 		 24 		 9.408671
b10 		 25 		 9.408671
b10 		 26 		 9.014683
b10 		 27 		 10.402484
b10 		 28 		 9.014683
b10 		 29 		 2480.976822
b10 		 30 		 2500.0
b10 		 31 		 9.614507
b10 		 32 		 9.408671
b10 		 33 		 9.457625
b10 		 34 		 2500.0
b10 		 35 		 4971.362314
b10 		 36 		 2500.0
b10 		 37 		 2500.0
b10 		 38 		 4972.345355
b10 		 39 		 2500.0
b10 		 40 		 10.185876
b10 		 41 		 9.614507
b10 		 42 		 10.628818
b10 		 43 		 9.014683
b10 		 44 		 10.185876
b10 		 45 		 10.185876
b10 		 46 		 8.837303
b10 		 47 		 9.614507
b10 		 48 		 13.985202
b10 		 49 		 9.614507
b10 		 50 		 9.614507
b10 		 51 		 9.614507
b10 		 52 		 18.450065
b10 		 53 		 2500.0
b10 		 54 		 2480.976822
b10 		 55 		 9.411614
b10 		 56 		 9.8174
b10 		 57 		 11.862367
b10 		 58 		 11.022192
b10 		 59 		 11.493892
b10 		 60 		 10.185876
b10 		 61 		 2500.0
b10 		 62 		 2479.283869
b10 		 63 		 10.185876
b10 		 64 		 9.8174
b10 		 65 		 11.862367
b10 		 66 		 11.022192
b10 		 67 		 11.862367
b10 		 68 		 10.182017
b10 		 69 		 9.614507
b10 		 70 		 11.022192
b10 		 71 		 12.06526
b10 		 72 		 9.614507
b10 		 73 		 9.457625
b10 		 74 		 2480.770985
b10 		 75 		 2500.0
b10 		 76 		 9.614507
b10 		 77 		 14.259462
b10 		 78 		 11.022192
b10 		 79 		 2500.0
b10 		 80 		 4966.826341
b10 		 81 		 2500.0
b10 		 82 		 2474.561463
b10 		 83 		 2500.0
b10 		 84 		 9.614507
b10 		 85 		 9.614507
b10 		 86 		 9.614507
b10 		 87 		 9.014683
b10 		 88 		 10.008496
b10 		 89 		 9.614507
b10 		 90 		 2500.0
b10 		 91 		 2480.976822
b10 		 92 		 9.457625
b10 		 93 		 9.408671
b10 		 94 		 9.614507
b10 		 95 		 9.614507
b10 		 96 		 9.614507
----------------------------------------------------------------------------------------------------
b11 		 1 		 2480.976822
b11 		 2 		 2500.0
b11 		 3 		 9.614507
b11 		 4 		 9.408671
b11 		 5 		 9.408671
b11 		 6 		 2480.582833
b11 		 7 		 2500.0
b11 		 8 		 9.014683
b11 		 9 		 9.408671
b11 		 10 		 9.408671
b11 		 11 		 9.408671
b11 		 12 		 9.408671
b11 		 13 		 9.257154
b11 		 14 		 9.257154
b11 		 15 		 9.408671
b11 		 16 		 9.408671
b11 		 17 		 9.014683
b11 		 18 		 10.008496
b11 		 19 		 9.614507
b11 		 20 		 9.408671
b11 		 21 		 9.408671
b11 		 22 		 9.408671
b11 		 23 		 9.408671
b11 		 24 		 9.408671
b11 		 25 		 9.408671
b11 		 26 		 9.014683
b11 		 27 		 10.402484
b11 		 28 		 9.014683
b11 		 29 		 2480.976822
b11 		 30 		 2500.0
b11 		 31 		 9.614507
b11 		 32 		 9.408671
b11 		 33 		 9.457625
b11 		 34 		 2500.0
b11 		 35 		 4971.362314
b11 		 36 		 2500.0
b11 		 37 		 2500.0
b11 		 38 		 4972.345355
b11 		 39 		 2500.0
b11 		 40 		 10.185876
b11 		 41 		 9.614507
b11 		 42 		 10.628818
b11 		 43 		 9.014683
b11 		 44 		 10.185876
b11 		 45 		 10.185876
b11 		 46 		 8.837303
b11 		 47 		 9.614507
b11 		 48 		 13.985202
b11 		 49 		 9.614507
b11 		 50 		 9.614507
b11 		 51 		 9.614507
b11 		 52 		 18.450065
b11 		 53 		 2500.0
b11 		 54 		 2480.976822
b11 		 55 		 9.411614
b11 		 56 		 9.8174
b11 		 57 		 11.862367
b11 		 58 		 11.022192
b11 		 59 		 11.493892
b11 		 60 		 10.185876
b11 		 61 		 2500.0
b11 		 62 		 2479.283869
b11 		 63 		 10.185876
b11 		 64 		 9.8174
b11 		 65 		 11.862367
b11 		 66 		 11.022192
b11 		 67 		 11.862367
b11 		 68 		 10.182017
b11 		 69 		 9.614507
b11 		 70 		 11.022192
b11 		 71 		 12.06526
b11 		 72 		 9.614507
b11 		 73 		 9.457625
b11 		 74 		 2480.770985
b11 		 75 		 2500.0
b11 		 76 		 9.614507
b11 		 77 		 14.259462
b11 		 78 		 11.022192
b11 		 79 		 2500.0
b11 		 80 		 4966.826341
b11 		 81 		 2500.0
b11 		 82 		 2474.561463
b11 		 83 		 2500.0
b11 		 84 		 9.614507
b11 		 85 		 9.614507
b11 		 86 		 9.614507
b11 		 87 		 9.014683
b11 		 88 		 10.008496
b11 		 89 		 9.614507
b11 		 90 		 2500.0
b11 		 91 		 2480.976822
b11 		 92 		 9.457625
b11 		 93 		 9.408671
b11 		 94 		 9.614507
b11 		 95 		 9.614507
b11 		 96 		 9.614507
----------------------------------------------------------------------------------------------------
b12 		 1 		 2480.976822
b12 		 2 		 2500.0
b12 		 3 		 9.614507
b12 		 4 		 9.408671
b12 		 5 		 9.408671
b12 		 6 		 2480.582833
b12 		 7 		 2500.0
b12 		 8 		 9.014683
b12 		 9 		 9.408671
b12 		 10 		 9.408671
b12 		 11 		 9.408671
b12 		 12 		 9.408671
b12 		 13 		 9.257154
b12 		 14 		 9.257154
b12 		 15 		 9.408671
b12 		 16 		 9.408671
b12 		 17 		 9.014683
b12 		 18 		 10.008496
b12 		 19 		 9.614507
b12 		 20 		 9.408671
b12 		 21 		 9.408671
b12 		 22 		 9.408671
b12 		 23 		 9.408671
b12 		 24 		 9.408671
b12 		 25 		 9.408671
b12 		 26 		 9.014683
b12 		 27 		 10.402484
b12 		 28 		 9.014683
b12 		 29 		 2480.976822
b12 		 30 		 2500.0
b12 		 31 		 9.614507
b12 		 32 		 9.408671
b12 		 33 		 9.457625
b12 		 34 		 2500.0
b12 		 35 		 4971.362314
b12 		 36 		 2500.0
b12 		 37 		 2500.0
b12 		 38 		 4972.345355
b12 		 39 		 2500.0
b12 		 40 		 10.185876
b12 		 41 		 9.614507
b12 		 42 		 10.628818
b12 		 43 		 9.014683
b12 		 44 		 10.185876
b12 		 45 		 10.185876
b12 		 46 		 8.837303
b12 		 47 		 9.614507
b12 		 48 		 13.985202
b12 		 49 		 9.614507
b12 		 50 		 9.614507
b12 		 51 		 9.614507
b12 		 52 		 18.450065
b12 		 53 		 2500.0
b12 		 54 		 2480.976822
b12 		 55 		 9.411614
b12 		 56 		 9.8174
b12 		 57 		 11.862367
b12 		 58 		 11.022192
b12 		 59 		 11.493892
b12 		 60 		 10.185876
b12 		 61 		 2500.0
b12 		 62 		 2479.283869
b12 		 63 		 10.185876
b12 		 64 		 9.8174
b12 		 65 		 11.862367
b12 		 66 		 11.022192
b12 		 67 		 11.862367
b12 		 68 		 10.182017
b12 		 69 		 9.614507
b12 		 70 		 11.022192
b12 		 71 		 12.06526
b12 		 72 		 9.614507
b12 		 73 		 9.457625
b12 		 74 		 2480.770985
b12 		 75 		 2500.0
b12 		 76 		 9.614507
b12 		 77 		 14.259462
b12 		 78 		 11.022192
b12 		 79 		 2500.0
b12 		 80 		 4966.826341
b12 		 81 		 2500.0
b12 		 82 		 2474.561463
b12 		 83 		 2500.0
b12 		 84 		 9.614507
b12 		 85 		 9.614507
b12 		 86 		 9.614507
b12 		 87 		 9.014683
b12 		 88 		 10.008496
b12 		 89 		 9.614507
b12 		 90 		 2500.0
b12 		 91 		 2480.976822
b12 		 92 		 9.457625
b12 		 93 		 9.408671
b12 		 94 		 9.614507
b12 		 95 		 9.614507
b12 		 96 		 9.614507
----------------------------------------------------------------------------------------------------
b13 		 1 		 2480.976822
b13 		 2 		 2500.0
b13 		 3 		 9.614507
b13 		 4 		 9.408671
b13 		 5 		 9.408671
b13 		 6 		 2480.582833
b13 		 7 		 2500.0
b13 		 8 		 9.014683
b13 		 9 		 9.408671
b13 		 10 		 9.408671
b13 		 11 		 9.408671
b13 		 12 		 9.408671
b13 		 13 		 9.257154
b13 		 14 		 9.257154
b13 		 15 		 9.408671
b13 		 16 		 9.408671
b13 		 17 		 9.014683
b13 		 18 		 10.008496
b13 		 19 		 9.614507
b13 		 20 		 9.408671
b13 		 21 		 9.408671
b13 		 22 		 9.408671
b13 		 23 		 9.408671
b13 		 24 		 9.408671
b13 		 25 		 9.408671
b13 		 26 		 9.014683
b13 		 27 		 10.402484
b13 		 28 		 9.014683
b13 		 29 		 2480.976822
b13 		 30 		 2500.0
b13 		 31 		 9.614507
b13 		 32 		 9.408671
b13 		 33 		 9.457625
b13 		 34 		 2500.0
b13 		 35 		 4971.362314
b13 		 36 		 2500.0
b13 		 37 		 2500.0
b13 		 38 		 4972.345355
b13 		 39 		 2500.0
b13 		 40 		 10.185876
b13 		 41 		 9.614507
b13 		 42 		 10.628818
b13 		 43 		 9.014683
b13 		 44 		 10.185876
b13 		 45 		 10.185876
b13 		 46 		 8.837303
b13 		 47 		 9.614507
b13 		 48 		 13.985202
b13 		 49 		 9.614507
b13 		 50 		 9.614507
b13 		 51 		 9.614507
b13 		 52 		 18.450065
b13 		 53 		 2500.0
b13 		 54 		 2480.976822
b13 		 55 		 9.411614
b13 		 56 		 9.8174
b13 		 57 		 11.862367
b13 		 58 		 11.022192
b13 		 59 		 11.493892
b13 		 60 		 10.185876
b13 		 61 		 2500.0
b13 		 62 		 2479.283869
b13 		 63 		 10.185876
b13 		 64 		 9.8174
b13 		 65 		 11.862367
b13 		 66 		 11.022192
b13 		 67 		 11.862367
b13 		 68 		 10.182017
b13 		 69 		 9.614507
b13 		 70 		 11.022192
b13 		 71 		 12.06526
b13 		 72 		 9.614507
b13 		 73 		 9.457625
b13 		 74 		 2480.770985
b13 		 75 		 2500.0
b13 		 76 		 9.614507
b13 		 77 		 14.259462
b13 		 78 		 11.022192
b13 		 79 		 2500.0
b13 		 80 		 4966.826341
b13 		 81 		 2500.0
b13 		 82 		 2474.561463
b13 		 83 		 2500.0
b13 		 84 		 9.614507
b13 		 85 		 9.614507
b13 		 86 		 9.614507
b13 		 87 		 9.014683
b13 		 88 		 10.008496
b13 		 89 		 9.614507
b13 		 90 		 2500.0
b13 		 91 		 2480.976822
b13 		 92 		 9.457625
b13 		 93 		 9.408671
b13 		 94 		 9.614507
b13 		 95 		 9.614507
b13 		 96 		 9.614507
----------------------------------------------------------------------------------------------------
b14 		 1 		 2480.976822
b14 		 2 		 2500.0
b14 		 3 		 9.614507
b14 		 4 		 9.408671
b14 		 5 		 9.408671
b14 		 6 		 2480.582833
b14 		 7 		 2500.0
b14 		 8 		 9.014683
b14 		 9 		 9.408671
b14 		 10 		 9.408671
b14 		 11 		 9.408671
b14 		 12 		 9.408671
b14 		 13 		 9.257154
b14 		 14 		 9.257154
b14 		 15 		 9.408671
b14 		 16 		 9.408671
b14 		 17 		 9.014683
b14 		 18 		 10.008496
b14 		 19 		 9.614507
b14 		 20 		 9.408671
b14 		 21 		 9.408671
b14 		 22 		 9.408671
b14 		 23 		 9.408671
b14 		 24 		 9.408671
b14 		 25 		 9.408671
b14 		 26 		 9.014683
b14 		 27 		 10.402484
b14 		 28 		 9.014683
b14 		 29 		 2480.976822
b14 		 30 		 2500.0
b14 		 31 		 9.614507
b14 		 32 		 9.408671
b14 		 33 		 9.457625
b14 		 34 		 2500.0
b14 		 35 		 4971.362314
b14 		 36 		 2500.0
b14 		 37 		 2500.0
b14 		 38 		 4972.345355
b14 		 39 		 2500.0
b14 		 40 		 10.185876
b14 		 41 		 9.614507
b14 		 42 		 10.628818
b14 		 43 		 9.014683
b14 		 44 		 10.185876
b14 		 45 		 10.185876
b14 		 46 		 8.837303
b14 		 47 		 9.614507
b14 		 48 		 13.985202
b14 		 49 		 9.614507
b14 		 50 		 9.614507
b14 		 51 		 9.614507
b14 		 52 		 18.450065
b14 		 53 		 2500.0
b14 		 54 		 2480.976822
b14 		 55 		 9.411614
b14 		 56 		 9.8174
b14 		 57 		 11.862367
b14 		 58 		 11.022192
b14 		 59 		 11.493892
b14 		 60 		 10.185876
b14 		 61 		 2500.0
b14 		 62 		 2479.283869
b14 		 63 		 10.185876
b14 		 64 		 9.8174
b14 		 65 		 11.862367
b14 		 66 		 11.022192
b14 		 67 		 11.862367
b14 		 68 		 10.182017
b14 		 69 		 9.614507
b14 		 70 		 11.022192
b14 		 71 		 12.06526
b14 		 72 		 9.614507
b14 		 73 		 9.457625
b14 		 74 		 2480.770985
b14 		 75 		 2500.0
b14 		 76 		 9.614507
b14 		 77 		 14.259462
b14 		 78 		 11.022192
b14 		 79 		 2500.0
b14 		 80 		 4966.826341
b14 		 81 		 2500.0
b14 		 82 		 2474.561463
b14 		 83 		 2500.0
b14 		 84 		 9.614507
b14 		 85 		 9.614507
b14 		 86 		 9.614507
b14 		 87 		 9.014683
b14 		 88 		 10.008496
b14 		 89 		 9.614507
b14 		 90 		 2500.0
b14 		 91 		 2480.976822
b14 		 92 		 9.457625
b14 		 93 		 9.408671
b14 		 94 		 9.614507
b14 		 95 		 9.614507
b14 		 96 		 9.614507
----------------------------------------------------------------------------------------------------
Total overall payments
----------------------------------------------------------------------------------------------------------------------------------------------------
total generation payment 	 total up-FRP payment 	 total dw-FRP payment 	 total pre-up t. payment 	 uplift payment 	 total post-up t. payment 	 profit
----------------------------------------------------------------------------------------------------------------------------------------------------
89580.59418700005 			 4804.374112 			 0.0 			 94384.96829900006			 661671.635426 			 756056.603725 			 408719.994074
