****************************************************************************************************
 
Generation payment
----------------------------------------------------------------------------------------------------------------
unit	 time 	 generation payment 	 up-FRP payment 	 dw-FRP payment 	pre-up total payment
----------------------------------------------------------------------------------------------------------------
g1	 1 	 24896.7475 			 0.0 			 0.0			 24896.7475 
g1	 2 	 -117229.38259 			 0.0 			 0.0			 -117229.38259 
g1	 3 	 41.674711 			 0.0 			 0.0			 41.674711 
g1	 4 	 -137.057334 			 0.0 			 0.0			 -137.057334 
g1	 5 	 -281.494932 			 0.0 			 0.0			 -281.494932 
g1	 6 	 66.449595 			 0.0 			 0.0			 66.449595 
g1	 7 	 -35903.2775 			 0.0 			 0.0			 -35903.2775 
g1	 8 	 -355847.226516 			 0.0 			 0.0			 -355847.226516 
g1	 9 	 -5843.5275 			 0.0 			 0.0			 -5843.5275 
g1	 10 	 163.74103 			 0.0 			 0.0			 163.74103 
g1	 11 	 170319.455 			 0.0 			 0.0			 170319.455 
g1	 12 	 27086.76409 			 0.0 			 0.0			 27086.76409 
g1	 13 	 141.074243 			 0.0 			 0.0			 141.074243 
g1	 14 	 -863.409385 			 0.0 			 0.0			 -863.409385 
g1	 15 	 142155.0425 			 0.0 			 0.0			 142155.0425 
g1	 16 	 356.725235 			 0.0 			 0.0			 356.725235 
g1	 17 	 191.384599 			 0.0 			 0.0			 191.384599 
g1	 18 	 55.576963 			 0.0 			 0.0			 55.576963 
g1	 19 	 557.057487 			 0.0 			 0.0			 557.057487 
g1	 20 	 -3.450983 			 0.0 			 0.0			 -3.450983 
g1	 21 	 181.909917 			 0.0 			 0.0			 181.909917 
g1	 22 	 100.231551 			 0.0 			 0.0			 100.231551 
g1	 23 	 289.09297 			 0.0 			 0.0			 289.09297 
g1	 24 	 326.595876 			 0.0 			 0.0			 326.595876 
g1	 25 	 412.810174 			 0.0 			 0.0			 412.810174 
g1	 26 	 296.479485 			 0.0 			 0.0			 296.479485 
g1	 27 	 24.162577 			 0.0 			 0.0			 24.162577 
g1	 28 	 78590.425 			 0.0 			 0.0			 78590.425 
g1	 29 	 -114125.901393 			 0.0 			 0.0			 -114125.901393 
g1	 30 	 -283.156016 			 0.0 			 0.0			 -283.156016 
g1	 31 	 258.213842 			 0.0 			 0.0			 258.213842 
g1	 32 	 -141.763165 			 0.0 			 0.0			 -141.763165 
g1	 33 	 -148.061922 			 0.0 			 0.0			 -148.061922 
g1	 34 	 153.316953 			 0.0 			 0.0			 153.316953 
g1	 35 	 -223.424003 			 0.0 			 0.0			 -223.424003 
g1	 36 	 118.916475 			 0.0 			 0.0			 118.916475 
g1	 37 	 -47.750915 			 0.0 			 0.0			 -47.750915 
g1	 38 	 37809.128281 			 0.0 			 0.0			 37809.128281 
g1	 39 	 181133.5625 			 0.0 			 0.0			 181133.5625 
g1	 40 	 277.846552 			 0.0 			 0.0			 277.846552 
g1	 41 	 26017.2225 			 0.0 			 0.0			 26017.2225 
g1	 42 	 -116117.433588 			 0.0 			 0.0			 -116117.433588 
g1	 43 	 -293.265316 			 0.0 			 0.0			 -293.265316 
g1	 44 	 246.990055 			 0.0 			 0.0			 246.990055 
g1	 45 	 -170.55547 			 0.0 			 0.0			 -170.55547 
g1	 46 	 342.385354 			 0.0 			 0.0			 342.385354 
g1	 47 	 305.266757 			 0.0 			 0.0			 305.266757 
g1	 48 	 -169.126995 			 0.0 			 0.0			 -169.126995 
g1	 49 	 -159.885088 			 0.0 			 0.0			 -159.885088 
g1	 50 	 203.916166 			 0.0 			 0.0			 203.916166 
g1	 51 	 42252.75 			 0.0 			 0.0			 42252.75 
g1	 52 	 -200289.724413 			 0.0 			 0.0			 -200289.724413 
g1	 53 	 49864.13 			 0.0 			 0.0			 49864.13 
g1	 54 	 -320.796862 			 0.0 			 0.0			 -320.796862 
g1	 55 	 -36.47867 			 0.0 			 0.0			 -36.47867 
g1	 56 	 -113.529666 			 0.0 			 0.0			 -113.529666 
g1	 57 	 -129.642291 			 0.0 			 0.0			 -129.642291 
g1	 58 	 42252.75 			 0.0 			 0.0			 42252.75 
g1	 59 	 -99617.947168 			 0.0 			 0.0			 -99617.947168 
g1	 60 	 194.259418 			 0.0 			 0.0			 194.259418 
g1	 61 	 -142.074878 			 0.0 			 0.0			 -142.074878 
g1	 62 	 42252.75 			 0.0 			 0.0			 42252.75 
g1	 63 	 -99665.031188 			 0.0 			 0.0			 -99665.031188 
g1	 64 	 62.554482 			 0.0 			 0.0			 62.554482 
g1	 65 	 -158.014711 			 0.0 			 0.0			 -158.014711 
g1	 66 	 200.487051 			 0.0 			 0.0			 200.487051 
g1	 67 	 -356.885447 			 0.0 			 0.0			 -356.885447 
g1	 68 	 181.809257 			 0.0 			 0.0			 181.809257 
g1	 69 	 -7.496047 			 0.0 			 0.0			 -7.496047 
g1	 70 	 221.297136 			 0.0 			 0.0			 221.297136 
g1	 71 	 -160.853711 			 0.0 			 0.0			 -160.853711 
g1	 72 	 519.782414 			 0.0 			 0.0			 519.782414 
g1	 73 	 -57.787081 			 0.0 			 0.0			 -57.787081 
g1	 74 	 -346.095735 			 0.0 			 0.0			 -346.095735 
g1	 75 	 181.809257 			 0.0 			 0.0			 181.809257 
g1	 76 	 -66.152817 			 0.0 			 0.0			 -66.152817 
g1	 77 	 -66.133829 			 0.0 			 0.0			 -66.133829 
g1	 78 	 147.356703 			 0.0 			 0.0			 147.356703 
g1	 79 	 210.078594 			 0.0 			 0.0			 210.078594 
g1	 80 	 186.287169 			 0.0 			 0.0			 186.287169 
g1	 81 	 -250.357205 			 0.0 			 0.0			 -250.357205 
g1	 82 	 186.287169 			 0.0 			 0.0			 186.287169 
g1	 83 	 -99964.585609 			 0.0 			 0.0			 -99964.585609 
g1	 84 	 42252.75 			 0.0 			 0.0			 42252.75 
g1	 85 	 559.91116 			 0.0 			 0.0			 559.91116 
g1	 86 	 52.586919 			 0.0 			 0.0			 52.586919 
g1	 87 	 643.946974 			 0.0 			 0.0			 643.946974 
g1	 88 	 670.675045 			 0.0 			 0.0			 670.675045 
g1	 89 	 508.652589 			 0.0 			 0.0			 508.652589 
g1	 90 	 631.035962 			 0.0 			 0.0			 631.035962 
g1	 91 	 458.304502 			 0.0 			 0.0			 458.304502 
g1	 92 	 -27.122245 			 0.0 			 0.0			 -27.122245 
g1	 93 	 98.757889 			 0.0 			 0.0			 98.757889 
g1	 94 	 -8.233799 			 0.0 			 0.0			 -8.233799 
g1	 95 	 -33763.695443 			 0.0 			 0.0			 -33763.695443 
g1	 96 	 109002.4175 			 0.0 			 0.0			 109002.4175 
----------------------------------------------------------------------------------------------------
g2	 1 	 0.0 			 0.0 			 0.0			 0.0 
g2	 2 	 0.0 			 0.0 			 0.0			 0.0 
g2	 3 	 0.0 			 0.0 			 0.0			 0.0 
g2	 4 	 0.0 			 0.0 			 0.0			 0.0 
g2	 5 	 0.0 			 0.0 			 0.0			 0.0 
g2	 6 	 0.0 			 0.0 			 0.0			 0.0 
g2	 7 	 0.0 			 0.0 			 0.0			 0.0 
g2	 8 	 0.0 			 0.0 			 0.0			 0.0 
g2	 9 	 0.0 			 0.0 			 0.0			 0.0 
g2	 10 	 0.0 			 0.0 			 0.0			 0.0 
g2	 11 	 0.0 			 0.0 			 0.0			 0.0 
g2	 12 	 0.0 			 0.0 			 0.0			 0.0 
g2	 13 	 0.0 			 0.0 			 0.0			 0.0 
g2	 14 	 0.0 			 0.0 			 0.0			 0.0 
g2	 15 	 0.0 			 0.0 			 0.0			 0.0 
g2	 16 	 0.0 			 0.0 			 0.0			 0.0 
g2	 17 	 0.0 			 0.0 			 0.0			 0.0 
g2	 18 	 0.0 			 0.0 			 0.0			 0.0 
g2	 19 	 0.0 			 0.0 			 0.0			 0.0 
g2	 20 	 0.0 			 0.0 			 0.0			 0.0 
g2	 21 	 0.0 			 0.0 			 0.0			 0.0 
g2	 22 	 0.0 			 0.0 			 0.0			 0.0 
g2	 23 	 0.0 			 0.0 			 0.0			 0.0 
g2	 24 	 0.0 			 0.0 			 0.0			 0.0 
g2	 25 	 0.0 			 0.0 			 0.0			 0.0 
g2	 26 	 0.0 			 0.0 			 0.0			 0.0 
g2	 27 	 0.0 			 0.0 			 0.0			 0.0 
g2	 28 	 0.0 			 0.0 			 0.0			 0.0 
g2	 29 	 0.0 			 0.0 			 0.0			 0.0 
g2	 30 	 0.0 			 0.0 			 0.0			 0.0 
g2	 31 	 0.0 			 0.0 			 0.0			 0.0 
g2	 32 	 0.0 			 0.0 			 0.0			 0.0 
g2	 33 	 -206.934112 			 0.0 			 0.0			 -206.934112 
g2	 34 	 3.258637 			 0.0 			 0.0			 3.258637 
g2	 35 	 -206.934112 			 0.0 			 0.0			 -206.934112 
g2	 36 	 -273.643293 			 0.0 			 0.0			 -273.643293 
g2	 37 	 -230.087948 			 0.0 			 0.0			 -230.087948 
g2	 38 	 -37227.660787 			 0.0 			 0.0			 -37227.660787 
g2	 39 	 18315.01 			 0.0 			 0.0			 18315.01 
g2	 40 	 21.701904 			 0.0 			 0.0			 21.701904 
g2	 41 	 5643.01 			 0.0 			 0.0			 5643.01 
g2	 42 	 -49812.546513 			 0.0 			 0.0			 -49812.546513 
g2	 43 	 -180.994966 			 0.0 			 0.0			 -180.994966 
g2	 44 	 22.591217 			 0.0 			 0.0			 22.591217 
g2	 45 	 187.618999 			 0.0 			 0.0			 187.618999 
g2	 46 	 504.92096 			 0.0 			 0.0			 504.92096 
g2	 47 	 278.684489 			 0.0 			 0.0			 278.684489 
g2	 48 	 34.339952 			 0.0 			 0.0			 34.339952 
g2	 49 	 139.032049 			 0.0 			 0.0			 139.032049 
g2	 50 	 443.94912 			 0.0 			 0.0			 443.94912 
g2	 51 	 59551.65 			 0.0 			 0.0			 59551.65 
g2	 52 	 7382.052896 			 0.0 			 0.0			 7382.052896 
g2	 53 	 73612.1125 			 0.0 			 0.0			 73612.1125 
g2	 54 	 68.357655 			 0.0 			 0.0			 68.357655 
g2	 55 	 108.293653 			 0.0 			 0.0			 108.293653 
g2	 56 	 323.033667 			 0.0 			 0.0			 323.033667 
g2	 57 	 484.44626 			 0.0 			 0.0			 484.44626 
g2	 58 	 181805.025 			 0.0 			 0.0			 181805.025 
g2	 59 	 124524.621117 			 0.0 			 0.0			 124524.621117 
g2	 60 	 555.516076 			 0.0 			 0.0			 555.516076 
g2	 61 	 416.429517 			 0.0 			 0.0			 416.429517 
g2	 62 	 164119.0575 			 0.0 			 0.0			 164119.0575 
g2	 63 	 107091.831385 			 0.0 			 0.0			 107091.831385 
g2	 64 	 201.689503 			 0.0 			 0.0			 201.689503 
g2	 65 	 -56.315552 			 0.0 			 0.0			 -56.315552 
g2	 66 	 195.463908 			 0.0 			 0.0			 195.463908 
g2	 67 	 -51.859606 			 0.0 			 0.0			 -51.859606 
g2	 68 	 171.744177 			 0.0 			 0.0			 171.744177 
g2	 69 	 28.185745 			 0.0 			 0.0			 28.185745 
g2	 70 	 63.258418 			 0.0 			 0.0			 63.258418 
g2	 71 	 277.998432 			 0.0 			 0.0			 277.998432 
g2	 72 	 1128.434691 			 0.0 			 0.0			 1128.434691 
g2	 73 	 19.357011 			 0.0 			 0.0			 19.357011 
g2	 74 	 -84.921835 			 0.0 			 0.0			 -84.921835 
g2	 75 	 90.590667 			 0.0 			 0.0			 90.590667 
g2	 76 	 -133.772751 			 0.0 			 0.0			 -133.772751 
g2	 77 	 -56.691373 			 0.0 			 0.0			 -56.691373 
g2	 78 	 158.048641 			 0.0 			 0.0			 158.048641 
g2	 79 	 481.950569 			 0.0 			 0.0			 481.950569 
g2	 80 	 280.458827 			 0.0 			 0.0			 280.458827 
g2	 81 	 72.980675 			 0.0 			 0.0			 72.980675 
g2	 82 	 230.576751 			 0.0 			 0.0			 230.576751 
g2	 83 	 -3510.836677 			 0.0 			 0.0			 -3510.836677 
g2	 84 	 52298.2975 			 0.0 			 0.0			 52298.2975 
g2	 85 	 -23.333332 			 0.0 			 0.0			 -23.333332 
g2	 86 	 -193.0279 			 0.0 			 0.0			 -193.0279 
g2	 87 	 9.421587 			 0.0 			 0.0			 9.421587 
g2	 88 	 246.536743 			 0.0 			 0.0			 246.536743 
g2	 89 	 298.722815 			 0.0 			 0.0			 298.722815 
g2	 90 	 598.008135 			 0.0 			 0.0			 598.008135 
g2	 91 	 240.25106 			 0.0 			 0.0			 240.25106 
g2	 92 	 25.511046 			 0.0 			 0.0			 25.511046 
g2	 93 	 21.701904 			 0.0 			 0.0			 21.701904 
g2	 94 	 -106.596494 			 0.0 			 0.0			 -106.596494 
g2	 95 	 -49812.546513 			 0.0 			 0.0			 -49812.546513 
g2	 96 	 5643.01 			 0.0 			 0.0			 5643.01 
----------------------------------------------------------------------------------------------------
g3	 1 	 0.0 			 0.0 			 0.0			 0.0 
g3	 2 	 0.0 			 0.0 			 0.0			 0.0 
g3	 3 	 0.0 			 0.0 			 0.0			 0.0 
g3	 4 	 0.0 			 0.0 			 0.0			 0.0 
g3	 5 	 0.0 			 0.0 			 0.0			 0.0 
g3	 6 	 0.0 			 0.0 			 0.0			 0.0 
g3	 7 	 0.0 			 0.0 			 0.0			 0.0 
g3	 8 	 0.0 			 0.0 			 0.0			 0.0 
g3	 9 	 0.0 			 0.0 			 0.0			 0.0 
g3	 10 	 0.0 			 0.0 			 0.0			 0.0 
g3	 11 	 0.0 			 0.0 			 0.0			 0.0 
g3	 12 	 0.0 			 0.0 			 0.0			 0.0 
g3	 13 	 0.0 			 0.0 			 0.0			 0.0 
g3	 14 	 0.0 			 0.0 			 0.0			 0.0 
g3	 15 	 0.0 			 0.0 			 0.0			 0.0 
g3	 16 	 0.0 			 0.0 			 0.0			 0.0 
g3	 17 	 0.0 			 0.0 			 0.0			 0.0 
g3	 18 	 0.0 			 0.0 			 0.0			 0.0 
g3	 19 	 0.0 			 0.0 			 0.0			 0.0 
g3	 20 	 0.0 			 0.0 			 0.0			 0.0 
g3	 21 	 0.0 			 0.0 			 0.0			 0.0 
g3	 22 	 0.0 			 0.0 			 0.0			 0.0 
g3	 23 	 0.0 			 0.0 			 0.0			 0.0 
g3	 24 	 0.0 			 0.0 			 0.0			 0.0 
g3	 25 	 0.0 			 0.0 			 0.0			 0.0 
g3	 26 	 0.0 			 0.0 			 0.0			 0.0 
g3	 27 	 0.0 			 0.0 			 0.0			 0.0 
g3	 28 	 0.0 			 0.0 			 0.0			 0.0 
g3	 29 	 0.0 			 0.0 			 0.0			 0.0 
g3	 30 	 0.0 			 0.0 			 0.0			 0.0 
g3	 31 	 0.0 			 0.0 			 0.0			 0.0 
g3	 32 	 0.0 			 0.0 			 0.0			 0.0 
g3	 33 	 0.0 			 0.0 			 0.0			 0.0 
g3	 34 	 0.0 			 0.0 			 0.0			 0.0 
g3	 35 	 0.0 			 0.0 			 0.0			 0.0 
g3	 36 	 0.0 			 0.0 			 0.0			 0.0 
g3	 37 	 0.0 			 0.0 			 0.0			 0.0 
g3	 38 	 0.0 			 0.0 			 0.0			 0.0 
g3	 39 	 0.0 			 0.0 			 0.0			 0.0 
g3	 40 	 0.0 			 0.0 			 0.0			 0.0 
g3	 41 	 0.0 			 0.0 			 0.0			 0.0 
g3	 42 	 0.0 			 0.0 			 0.0			 0.0 
g3	 43 	 0.0 			 0.0 			 0.0			 0.0 
g3	 44 	 0.0 			 0.0 			 0.0			 0.0 
g3	 45 	 0.0 			 0.0 			 0.0			 0.0 
g3	 46 	 0.0 			 0.0 			 0.0			 0.0 
g3	 47 	 0.0 			 0.0 			 0.0			 0.0 
g3	 48 	 0.0 			 0.0 			 0.0			 0.0 
g3	 49 	 0.0 			 0.0 			 0.0			 0.0 
g3	 50 	 0.0 			 0.0 			 0.0			 0.0 
g3	 51 	 0.0 			 0.0 			 0.0			 0.0 
g3	 52 	 0.0 			 0.0 			 0.0			 0.0 
g3	 53 	 94062.2925 			 0.0 			 0.0			 94062.2925 
g3	 54 	 222.575039 			 0.0 			 0.0			 222.575039 
g3	 55 	 83.40505 			 0.0 			 0.0			 83.40505 
g3	 56 	 15.56631 			 0.0 			 0.0			 15.56631 
g3	 57 	 71.331248 			 0.0 			 0.0			 71.331248 
g3	 58 	 54735.3175 			 0.0 			 0.0			 54735.3175 
g3	 59 	 18335.360219 			 0.0 			 0.0			 18335.360219 
g3	 60 	 18.609117 			 0.0 			 0.0			 18.609117 
g3	 61 	 71.331248 			 0.0 			 0.0			 71.331248 
g3	 62 	 54735.3175 			 0.0 			 0.0			 54735.3175 
g3	 63 	 18344.026353 			 0.0 			 0.0			 18344.026353 
g3	 64 	 15.56631 			 0.0 			 0.0			 15.56631 
g3	 65 	 15.56631 			 0.0 			 0.0			 15.56631 
g3	 66 	 68.788443 			 0.0 			 0.0			 68.788443 
g3	 67 	 -21.892647 			 0.0 			 0.0			 -21.892647 
g3	 68 	 17.416451 			 0.0 			 0.0			 17.416451 
g3	 69 	 -107.440779 			 0.0 			 0.0			 -107.440779 
g3	 70 	 -101.202406 			 0.0 			 0.0			 -101.202406 
g3	 71 	 37.967582 			 0.0 			 0.0			 37.967582 
g3	 72 	 405.66792 			 0.0 			 0.0			 405.66792 
g3	 73 	 0.0 			 0.0 			 0.0			 0.0 
g3	 74 	 0.0 			 0.0 			 0.0			 0.0 
g3	 75 	 0.0 			 0.0 			 0.0			 0.0 
g3	 76 	 0.0 			 0.0 			 0.0			 0.0 
g3	 77 	 0.0 			 0.0 			 0.0			 0.0 
g3	 78 	 0.0 			 0.0 			 0.0			 0.0 
g3	 79 	 0.0 			 0.0 			 0.0			 0.0 
g3	 80 	 0.0 			 0.0 			 0.0			 0.0 
g3	 81 	 0.0 			 0.0 			 0.0			 0.0 
g3	 82 	 0.0 			 0.0 			 0.0			 0.0 
g3	 83 	 0.0 			 0.0 			 0.0			 0.0 
g3	 84 	 0.0 			 0.0 			 0.0			 0.0 
g3	 85 	 0.0 			 0.0 			 0.0			 0.0 
g3	 86 	 0.0 			 0.0 			 0.0			 0.0 
g3	 87 	 0.0 			 0.0 			 0.0			 0.0 
g3	 88 	 0.0 			 0.0 			 0.0			 0.0 
g3	 89 	 0.0 			 0.0 			 0.0			 0.0 
g3	 90 	 0.0 			 0.0 			 0.0			 0.0 
g3	 91 	 0.0 			 0.0 			 0.0			 0.0 
g3	 92 	 0.0 			 0.0 			 0.0			 0.0 
g3	 93 	 0.0 			 0.0 			 0.0			 0.0 
g3	 94 	 0.0 			 0.0 			 0.0			 0.0 
g3	 95 	 0.0 			 0.0 			 0.0			 0.0 
g3	 96 	 0.0 			 0.0 			 0.0			 0.0 
----------------------------------------------------------------------------------------------------
g4	 1 	 0.0 			 0.0 			 0.0			 0.0 
g4	 2 	 0.0 			 0.0 			 0.0			 0.0 
g4	 3 	 0.0 			 0.0 			 0.0			 0.0 
g4	 4 	 0.0 			 0.0 			 0.0			 0.0 
g4	 5 	 0.0 			 0.0 			 0.0			 0.0 
g4	 6 	 0.0 			 0.0 			 0.0			 0.0 
g4	 7 	 0.0 			 0.0 			 0.0			 0.0 
g4	 8 	 0.0 			 0.0 			 0.0			 0.0 
g4	 9 	 0.0 			 0.0 			 0.0			 0.0 
g4	 10 	 0.0 			 0.0 			 0.0			 0.0 
g4	 11 	 0.0 			 0.0 			 0.0			 0.0 
g4	 12 	 0.0 			 0.0 			 0.0			 0.0 
g4	 13 	 0.0 			 0.0 			 0.0			 0.0 
g4	 14 	 0.0 			 0.0 			 0.0			 0.0 
g4	 15 	 0.0 			 0.0 			 0.0			 0.0 
g4	 16 	 0.0 			 0.0 			 0.0			 0.0 
g4	 17 	 0.0 			 0.0 			 0.0			 0.0 
g4	 18 	 0.0 			 0.0 			 0.0			 0.0 
g4	 19 	 0.0 			 0.0 			 0.0			 0.0 
g4	 20 	 0.0 			 0.0 			 0.0			 0.0 
g4	 21 	 0.0 			 0.0 			 0.0			 0.0 
g4	 22 	 0.0 			 0.0 			 0.0			 0.0 
g4	 23 	 0.0 			 0.0 			 0.0			 0.0 
g4	 24 	 0.0 			 0.0 			 0.0			 0.0 
g4	 25 	 0.0 			 0.0 			 0.0			 0.0 
g4	 26 	 0.0 			 0.0 			 0.0			 0.0 
g4	 27 	 0.0 			 0.0 			 0.0			 0.0 
g4	 28 	 0.0 			 0.0 			 0.0			 0.0 
g4	 29 	 0.0 			 0.0 			 0.0			 0.0 
g4	 30 	 0.0 			 0.0 			 0.0			 0.0 
g4	 31 	 0.0 			 0.0 			 0.0			 0.0 
g4	 32 	 0.0 			 0.0 			 0.0			 0.0 
g4	 33 	 0.0 			 0.0 			 0.0			 0.0 
g4	 34 	 0.0 			 0.0 			 0.0			 0.0 
g4	 35 	 0.0 			 0.0 			 0.0			 0.0 
g4	 36 	 0.0 			 0.0 			 0.0			 0.0 
g4	 37 	 0.0 			 0.0 			 0.0			 0.0 
g4	 38 	 0.0 			 0.0 			 0.0			 0.0 
g4	 39 	 0.0 			 0.0 			 0.0			 0.0 
g4	 40 	 0.0 			 0.0 			 0.0			 0.0 
g4	 41 	 0.0 			 0.0 			 0.0			 0.0 
g4	 42 	 0.0 			 0.0 			 0.0			 0.0 
g4	 43 	 0.0 			 0.0 			 0.0			 0.0 
g4	 44 	 0.0 			 0.0 			 0.0			 0.0 
g4	 45 	 0.0 			 0.0 			 0.0			 0.0 
g4	 46 	 0.0 			 0.0 			 0.0			 0.0 
g4	 47 	 0.0 			 0.0 			 0.0			 0.0 
g4	 48 	 0.0 			 0.0 			 0.0			 0.0 
g4	 49 	 0.0 			 0.0 			 0.0			 0.0 
g4	 50 	 0.0 			 0.0 			 0.0			 0.0 
g4	 51 	 0.0 			 0.0 			 0.0			 0.0 
g4	 52 	 0.0 			 0.0 			 0.0			 0.0 
g4	 53 	 0.0 			 0.0 			 0.0			 0.0 
g4	 54 	 0.0 			 0.0 			 0.0			 0.0 
g4	 55 	 0.0 			 0.0 			 0.0			 0.0 
g4	 56 	 0.0 			 0.0 			 0.0			 0.0 
g4	 57 	 0.0 			 0.0 			 0.0			 0.0 
g4	 58 	 0.0 			 0.0 			 0.0			 0.0 
g4	 59 	 0.0 			 0.0 			 0.0			 0.0 
g4	 60 	 0.0 			 0.0 			 0.0			 0.0 
g4	 61 	 0.0 			 0.0 			 0.0			 0.0 
g4	 62 	 0.0 			 0.0 			 0.0			 0.0 
g4	 63 	 0.0 			 0.0 			 0.0			 0.0 
g4	 64 	 0.0 			 0.0 			 0.0			 0.0 
g4	 65 	 0.0 			 0.0 			 0.0			 0.0 
g4	 66 	 0.0 			 0.0 			 0.0			 0.0 
g4	 67 	 0.0 			 0.0 			 0.0			 0.0 
g4	 68 	 0.0 			 0.0 			 0.0			 0.0 
g4	 69 	 0.0 			 0.0 			 0.0			 0.0 
g4	 70 	 0.0 			 0.0 			 0.0			 0.0 
g4	 71 	 0.0 			 0.0 			 0.0			 0.0 
g4	 72 	 0.0 			 0.0 			 0.0			 0.0 
g4	 73 	 0.0 			 0.0 			 0.0			 0.0 
g4	 74 	 0.0 			 0.0 			 0.0			 0.0 
g4	 75 	 0.0 			 0.0 			 0.0			 0.0 
g4	 76 	 0.0 			 0.0 			 0.0			 0.0 
g4	 77 	 0.0 			 0.0 			 0.0			 0.0 
g4	 78 	 0.0 			 0.0 			 0.0			 0.0 
g4	 79 	 0.0 			 0.0 			 0.0			 0.0 
g4	 80 	 0.0 			 0.0 			 0.0			 0.0 
g4	 81 	 0.0 			 0.0 			 0.0			 0.0 
g4	 82 	 0.0 			 0.0 			 0.0			 0.0 
g4	 83 	 0.0 			 0.0 			 0.0			 0.0 
g4	 84 	 0.0 			 0.0 			 0.0			 0.0 
g4	 85 	 0.0 			 0.0 			 0.0			 0.0 
g4	 86 	 0.0 			 0.0 			 0.0			 0.0 
g4	 87 	 0.0 			 0.0 			 0.0			 0.0 
g4	 88 	 0.0 			 0.0 			 0.0			 0.0 
g4	 89 	 0.0 			 0.0 			 0.0			 0.0 
g4	 90 	 0.0 			 0.0 			 0.0			 0.0 
g4	 91 	 0.0 			 0.0 			 0.0			 0.0 
g4	 92 	 0.0 			 0.0 			 0.0			 0.0 
g4	 93 	 0.0 			 0.0 			 0.0			 0.0 
g4	 94 	 0.0 			 0.0 			 0.0			 0.0 
g4	 95 	 0.0 			 0.0 			 0.0			 0.0 
g4	 96 	 0.0 			 0.0 			 0.0			 0.0 
----------------------------------------------------------------------------------------------------
g5	 1 	 0.0 			 0.0 			 0.0			 0.0 
g5	 2 	 0.0 			 0.0 			 0.0			 0.0 
g5	 3 	 0.0 			 0.0 			 0.0			 0.0 
g5	 4 	 0.0 			 0.0 			 0.0			 0.0 
g5	 5 	 21.893178 			 0.0 			 0.0			 21.893178 
g5	 6 	 21.893178 			 0.0 			 0.0			 21.893178 
g5	 7 	 5817.2875 			 0.0 			 0.0			 5817.2875 
g5	 8 	 -62823.187319 			 0.0 			 0.0			 -62823.187319 
g5	 9 	 5817.2875 			 0.0 			 0.0			 5817.2875 
g5	 10 	 21.893178 			 0.0 			 0.0			 21.893178 
g5	 11 	 5817.2875 			 0.0 			 0.0			 5817.2875 
g5	 12 	 -31348.593517 			 0.0 			 0.0			 -31348.593517 
g5	 13 	 21.893178 			 0.0 			 0.0			 21.893178 
g5	 14 	 -31351.194376 			 0.0 			 0.0			 -31351.194376 
g5	 15 	 5817.2875 			 0.0 			 0.0			 5817.2875 
g5	 16 	 21.893178 			 0.0 			 0.0			 21.893178 
g5	 17 	 21.893178 			 0.0 			 0.0			 21.893178 
g5	 18 	 21.893178 			 0.0 			 0.0			 21.893178 
g5	 19 	 22.809954 			 0.0 			 0.0			 22.809954 
g5	 20 	 -48.059231 			 0.0 			 0.0			 -48.059231 
g5	 21 	 21.893178 			 0.0 			 0.0			 21.893178 
g5	 22 	 21.893178 			 0.0 			 0.0			 21.893178 
g5	 23 	 21.893178 			 0.0 			 0.0			 21.893178 
g5	 24 	 21.893178 			 0.0 			 0.0			 21.893178 
g5	 25 	 22.372141 			 0.0 			 0.0			 22.372141 
g5	 26 	 22.372141 			 0.0 			 0.0			 22.372141 
g5	 27 	 21.893178 			 0.0 			 0.0			 21.893178 
g5	 28 	 5817.2875 			 0.0 			 0.0			 5817.2875 
g5	 29 	 -31348.593517 			 0.0 			 0.0			 -31348.593517 
g5	 30 	 -58.204094 			 0.0 			 0.0			 -58.204094 
g5	 31 	 23.288919 			 0.0 			 0.0			 23.288919 
g5	 32 	 21.893178 			 0.0 			 0.0			 21.893178 
g5	 33 	 21.893178 			 0.0 			 0.0			 21.893178 
g5	 34 	 22.234911 			 0.0 			 0.0			 22.234911 
g5	 35 	 21.893178 			 0.0 			 0.0			 21.893178 
g5	 36 	 21.893178 			 0.0 			 0.0			 21.893178 
g5	 37 	 22.007089 			 0.0 			 0.0			 22.007089 
g5	 38 	 -31340.755386 			 0.0 			 0.0			 -31340.755386 
g5	 39 	 5817.2875 			 0.0 			 0.0			 5817.2875 
g5	 40 	 22.372141 			 0.0 			 0.0			 22.372141 
g5	 41 	 5817.2875 			 0.0 			 0.0			 5817.2875 
g5	 42 	 -31348.593517 			 0.0 			 0.0			 -31348.593517 
g5	 43 	 -113.131675 			 0.0 			 0.0			 -113.131675 
g5	 44 	 23.288919 			 0.0 			 0.0			 23.288919 
g5	 45 	 22.372141 			 0.0 			 0.0			 22.372141 
g5	 46 	 208.601287 			 0.0 			 0.0			 208.601287 
g5	 47 	 25.031192 			 0.0 			 0.0			 25.031192 
g5	 48 	 22.372141 			 0.0 			 0.0			 22.372141 
g5	 49 	 22.372141 			 0.0 			 0.0			 22.372141 
g5	 50 	 208.601287 			 0.0 			 0.0			 208.601287 
g5	 51 	 43223.5375 			 0.0 			 0.0			 43223.5375 
g5	 52 	 11562.140472 			 0.0 			 0.0			 11562.140472 
g5	 53 	 43223.5375 			 0.0 			 0.0			 43223.5375 
g5	 54 	 22.372141 			 0.0 			 0.0			 22.372141 
g5	 55 	 22.372141 			 0.0 			 0.0			 22.372141 
g5	 56 	 36.270199 			 0.0 			 0.0			 36.270199 
g5	 57 	 180.12726 			 0.0 			 0.0			 180.12726 
g5	 58 	 84243.6125 			 0.0 			 0.0			 84243.6125 
g5	 59 	 46300.860634 			 0.0 			 0.0			 46300.860634 
g5	 60 	 265.757357 			 0.0 			 0.0			 265.757357 
g5	 61 	 166.229202 			 0.0 			 0.0			 166.229202 
g5	 62 	 80629.7875 			 0.0 			 0.0			 80629.7875 
g5	 63 	 42748.625867 			 0.0 			 0.0			 42748.625867 
g5	 64 	 22.372141 			 0.0 			 0.0			 22.372141 
g5	 65 	 7.704864 			 0.0 			 0.0			 7.704864 
g5	 66 	 186.996918 			 0.0 			 0.0			 186.996918 
g5	 67 	 7.09522 			 0.0 			 0.0			 7.09522 
g5	 68 	 8.620629 			 0.0 			 0.0			 8.620629 
g5	 69 	 -1.99201 			 0.0 			 0.0			 -1.99201 
g5	 70 	 -1.99201 			 0.0 			 0.0			 -1.99201 
g5	 71 	 30.016347 			 0.0 			 0.0			 30.016347 
g5	 72 	 398.192564 			 0.0 			 0.0			 398.192564 
g5	 73 	 8.108602 			 0.0 			 0.0			 8.108602 
g5	 74 	 22.372141 			 0.0 			 0.0			 22.372141 
g5	 75 	 25.031192 			 0.0 			 0.0			 25.031192 
g5	 76 	 22.372141 			 0.0 			 0.0			 22.372141 
g5	 77 	 22.372141 			 0.0 			 0.0			 22.372141 
g5	 78 	 32.656231 			 0.0 			 0.0			 32.656231 
g5	 79 	 228.200833 			 0.0 			 0.0			 228.200833 
g5	 80 	 82.693411 			 0.0 			 0.0			 82.693411 
g5	 81 	 22.372141 			 0.0 			 0.0			 22.372141 
g5	 82 	 96.131998 			 0.0 			 0.0			 96.131998 
g5	 83 	 -11621.047685 			 0.0 			 0.0			 -11621.047685 
g5	 84 	 25691.31 			 0.0 			 0.0			 25691.31 
g5	 85 	 -178.073342 			 0.0 			 0.0			 -178.073342 
g5	 86 	 -242.864683 			 0.0 			 0.0			 -242.864683 
g5	 87 	 -189.182891 			 0.0 			 0.0			 -189.182891 
g5	 88 	 -196.332676 			 0.0 			 0.0			 -196.332676 
g5	 89 	 0.0 			 0.0 			 0.0			 0.0 
g5	 90 	 0.0 			 0.0 			 0.0			 0.0 
g5	 91 	 0.0 			 0.0 			 0.0			 0.0 
g5	 92 	 0.0 			 0.0 			 0.0			 0.0 
g5	 93 	 0.0 			 0.0 			 0.0			 0.0 
g5	 94 	 0.0 			 0.0 			 0.0			 0.0 
g5	 95 	 0.0 			 0.0 			 0.0			 0.0 
g5	 96 	 0.0 			 0.0 			 0.0			 0.0 
----------------------------------------------------------------------------------------------------------------
unit 	 generation payment 	 up-FRP payment 	 dw-FRP payment 	pre-up total payment
----------------------------------------------------------------------------------------------------------------
 g1 	 -256624.196298			 0.000000			 0.000000			 -256624.196298
 g2 	 666250.039594			 0.000000			 0.000000			 666250.039594
 g3 	 241025.569268			 0.000000			 0.000000			 241025.569268
 g4 	 0.000000			 0.000000			 0.000000			 0.000000
 g5 	 189089.451610			 0.000000			 0.000000			 189089.451610
----------------------------------------------------------------------------------------------------
generation payment 	 up-FRP payment 	 dw-FRP payment 	 pre-up total payment
----------------------------------------------------------------------------------------------------
839740.864174 			 0.0 			 0.0 			 839740.864174
 
****************************************************************************************************
 
Generation costs
----------------------------------------------------------------------------------------------------
unit	 time 	 generation cost 	 start-up cost  	total cost
----------------------------------------------------------------------------------------------------
g1	 1 	 2326.461417 			 0.0 			2326.461417
g1	 2 	 1787.905001 			 0.0 			1787.905001
g1	 3 	 2274.151663 			 0.0 			2274.151663
g1	 4 	 2095.419616 			 0.0 			2095.419616
g1	 5 	 1611.299668 			 0.0 			1611.299668
g1	 6 	 1959.244199 			 0.0 			1959.244199
g1	 7 	 1757.673751 			 0.0 			1757.673751
g1	 8 	 1225.273398 			 0.0 			1225.273398
g1	 9 	 1757.673751 			 0.0 			1757.673751
g1	 10 	 1943.40672 			 0.0 			1943.40672
g1	 11 	 2423.010944 			 0.0 			2423.010944
g1	 12 	 1882.387507 			 0.0 			1882.387507
g1	 13 	 1863.877966 			 0.0 			1863.877966
g1	 14 	 1719.529662 			 0.0 			1719.529662
g1	 15 	 2257.799733 			 0.0 			2257.799733
g1	 16 	 2079.528964 			 0.0 			2079.528964
g1	 17 	 1929.062493 			 0.0 			1929.062493
g1	 18 	 1793.254858 			 0.0 			1793.254858
g1	 19 	 2272.346152 			 0.0 			2272.346152
g1	 20 	 1734.07608 			 0.0 			1734.07608
g1	 21 	 2047.166289 			 0.0 			2047.166289
g1	 22 	 1965.487918 			 0.0 			1965.487918
g1	 23 	 2154.349338 			 0.0 			2154.349338
g1	 24 	 2191.85224 			 0.0 			2191.85224
g1	 25 	 2479.847731 			 0.0 			2479.847731
g1	 26 	 2363.517037 			 0.0 			2363.517037
g1	 27 	 2096.467762 			 0.0 			2096.467762
g1	 28 	 2369.28082 			 0.0 			2369.28082
g1	 29 	 1829.807687 			 0.0 			1829.807687
g1	 30 	 1967.078843 			 0.0 			1967.078843
g1	 31 	 2509.555097 			 0.0 			2509.555097
g1	 32 	 2120.847062 			 0.0 			2120.847062
g1	 33 	 2014.063911 			 0.0 			2014.063911
g1	 34 	 2313.086426 			 0.0 			2313.086426
g1	 35 	 1938.701826 			 0.0 			1938.701826
g1	 36 	 2281.042308 			 0.0 			2281.042308
g1	 37 	 2313.086426 			 0.0 			2313.086426
g1	 38 	 2508.187447 			 0.0 			2508.187447
g1	 39 	 3058.233409 			 0.0 			3058.233409
g1	 40 	 2639.475988 			 0.0 			2639.475988
g1	 41 	 2701.927593 			 0.0 			2701.927593
g1	 42 	 2155.332853 			 0.0 			2155.332853
g1	 43 	 2289.605415 			 0.0 			2289.605415
g1	 44 	 2839.137675 			 0.0 			2839.137675
g1	 45 	 2614.839509 			 0.0 			2614.839509
g1	 46 	 3058.233409 			 0.0 			3058.233409
g1	 47 	 3058.233409 			 0.0 			3058.233409
g1	 48 	 2616.267989 			 0.0 			2616.267989
g1	 49 	 2735.85257 			 0.0 			2735.85257
g1	 50 	 3058.233409 			 0.0 			3058.233409
g1	 51 	 3058.233409 			 0.0 			3058.233409
g1	 52 	 2508.187447 			 0.0 			2508.187447
g1	 53 	 3058.233409 			 0.0 			3058.233409
g1	 54 	 2545.668924 			 0.0 			2545.668924
g1	 55 	 2829.987124 			 0.0 			2829.987124
g1	 56 	 2752.936126 			 0.0 			2752.936126
g1	 57 	 2766.09537 			 0.0 			2766.09537
g1	 58 	 3058.233409 			 0.0 			3058.233409
g1	 59 	 2508.187447 			 0.0 			2508.187447
g1	 60 	 3058.233409 			 0.0 			3058.233409
g1	 61 	 2753.66278 			 0.0 			2753.66278
g1	 62 	 3058.233409 			 0.0 			3058.233409
g1	 63 	 2508.187447 			 0.0 			2508.187447
g1	 64 	 2958.292141 			 0.0 			2958.292141
g1	 65 	 2737.722948 			 0.0 			2737.722948
g1	 66 	 3058.233409 			 0.0 			3058.233409
g1	 67 	 2508.187447 			 0.0 			2508.187447
g1	 68 	 3058.233409 			 0.0 			3058.233409
g1	 69 	 2823.770938 			 0.0 			2823.770938
g1	 70 	 3052.564124 			 0.0 			3052.564124
g1	 71 	 2670.413274 			 0.0 			2670.413274
g1	 72 	 3058.233409 			 0.0 			3058.233409
g1	 73 	 2508.187447 			 0.0 			2508.187447
g1	 74 	 2549.641914 			 0.0 			2549.641914
g1	 75 	 3058.233409 			 0.0 			3058.233409
g1	 76 	 2829.584837 			 0.0 			2829.584837
g1	 77 	 2829.603832 			 0.0 			2829.603832
g1	 78 	 3043.094364 			 0.0 			3043.094364
g1	 79 	 3058.233409 			 0.0 			3058.233409
g1	 80 	 3058.233409 			 0.0 			3058.233409
g1	 81 	 2645.380451 			 0.0 			2645.380451
g1	 82 	 3058.233409 			 0.0 			3058.233409
g1	 83 	 2508.187447 			 0.0 			2508.187447
g1	 84 	 3058.233409 			 0.0 			3058.233409
g1	 85 	 3009.843649 			 0.0 			3009.843649
g1	 86 	 2506.018453 			 0.0 			2506.018453
g1	 87 	 3056.064414 			 0.0 			3056.064414
g1	 88 	 3058.233409 			 0.0 			3058.233409
g1	 89 	 3058.233409 			 0.0 			3058.233409
g1	 90 	 3058.233409 			 0.0 			3058.233409
g1	 91 	 3036.417805 			 0.0 			3036.417805
g1	 92 	 2550.991041 			 0.0 			2550.991041
g1	 93 	 2420.214693 			 0.0 			2420.214693
g1	 94 	 2313.086426 			 0.0 			2313.086426
g1	 95 	 2193.234687 			 0.0 			2193.234687
g1	 96 	 2740.658618 			 0.0 			2740.658618
----------------------------------------------------------------------------------------------------
g2	 1 	 0.0 			 0.0 			0.0
g2	 2 	 0.0 			 0.0 			0.0
g2	 3 	 0.0 			 0.0 			0.0
g2	 4 	 0.0 			 0.0 			0.0
g2	 5 	 0.0 			 0.0 			0.0
g2	 6 	 0.0 			 0.0 			0.0
g2	 7 	 0.0 			 0.0 			0.0
g2	 8 	 0.0 			 0.0 			0.0
g2	 9 	 0.0 			 0.0 			0.0
g2	 10 	 0.0 			 0.0 			0.0
g2	 11 	 0.0 			 0.0 			0.0
g2	 12 	 0.0 			 0.0 			0.0
g2	 13 	 0.0 			 0.0 			0.0
g2	 14 	 0.0 			 0.0 			0.0
g2	 15 	 0.0 			 0.0 			0.0
g2	 16 	 0.0 			 0.0 			0.0
g2	 17 	 0.0 			 0.0 			0.0
g2	 18 	 0.0 			 0.0 			0.0
g2	 19 	 0.0 			 0.0 			0.0
g2	 20 	 0.0 			 0.0 			0.0
g2	 21 	 0.0 			 0.0 			0.0
g2	 22 	 0.0 			 0.0 			0.0
g2	 23 	 0.0 			 0.0 			0.0
g2	 24 	 0.0 			 0.0 			0.0
g2	 25 	 0.0 			 0.0 			0.0
g2	 26 	 0.0 			 0.0 			0.0
g2	 27 	 0.0 			 0.0 			0.0
g2	 28 	 0.0 			 0.0 			0.0
g2	 29 	 0.0 			 0.0 			0.0
g2	 30 	 0.0 			 0.0 			0.0
g2	 31 	 0.0 			 0.0 			0.0
g2	 32 	 0.0 			 0.0 			0.0
g2	 33 	 305.41306 			 10598.13 			10903.54306
g2	 34 	 516.649107 			 0.0 			516.649107
g2	 35 	 305.41306 			 0.0 			305.41306
g2	 36 	 238.356787 			 0.0 			238.356787
g2	 37 	 283.33592 			 0.0 			283.33592
g2	 38 	 371.474406 			 0.0 			371.474406
g2	 39 	 586.401811 			 0.0 			586.401811
g2	 40 	 534.771644 			 0.0 			534.771644
g2	 41 	 534.771644 			 0.0 			534.771644
g2	 42 	 323.535598 			 0.0 			323.535598
g2	 43 	 323.535598 			 0.0 			323.535598
g2	 44 	 534.771644 			 0.0 			534.771644
g2	 45 	 710.548824 			 0.0 			710.548824
g2	 46 	 948.842262 			 0.0 			948.842262
g2	 47 	 775.662282 			 0.0 			775.662282
g2	 48 	 548.160747 			 0.0 			548.160747
g2	 49 	 716.361709 			 0.0 			716.361709
g2	 50 	 955.401606 			 0.0 			955.401606
g2	 51 	 811.701578 			 0.0 			811.701578
g2	 52 	 584.200044 			 0.0 			584.200044
g2	 53 	 811.701578 			 0.0 			811.701578
g2	 54 	 584.200044 			 0.0 			584.200044
g2	 55 	 626.50935 			 0.0 			626.50935
g2	 56 	 854.010884 			 0.0 			854.010884
g2	 57 	 1110.726958 			 0.0 			1110.726958
g2	 58 	 1391.472167 			 0.0 			1391.472167
g2	 59 	 1110.726958 			 0.0 			1110.726958
g2	 60 	 1087.100183 			 0.0 			1087.100183
g2	 61 	 1074.685714 			 0.0 			1074.685714
g2	 62 	 1349.777843 			 0.0 			1349.777843
g2	 63 	 1074.685714 			 0.0 			1074.685714
g2	 64 	 822.071169 			 0.0 			822.071169
g2	 65 	 594.569634 			 0.0 			594.569634
g2	 66 	 822.071169 			 0.0 			822.071169
g2	 67 	 594.569634 			 0.0 			594.569634
g2	 68 	 816.853919 			 0.0 			816.853919
g2	 69 	 589.352385 			 0.0 			589.352385
g2	 70 	 626.50935 			 0.0 			626.50935
g2	 71 	 854.010884 			 0.0 			854.010884
g2	 72 	 1110.726958 			 0.0 			1110.726958
g2	 73 	 854.010884 			 0.0 			854.010884
g2	 74 	 626.50935 			 0.0 			626.50935
g2	 75 	 802.256868 			 0.0 			802.256868
g2	 76 	 574.755334 			 0.0 			574.755334
g2	 77 	 534.771644 			 0.0 			534.771644
g2	 78 	 762.273179 			 0.0 			762.273179
g2	 79 	 1007.208784 			 0.0 			1007.208784
g2	 80 	 854.010884 			 0.0 			854.010884
g2	 81 	 626.50935 			 0.0 			626.50935
g2	 82 	 762.273179 			 0.0 			762.273179
g2	 83 	 534.771644 			 0.0 			534.771644
g2	 84 	 762.273179 			 0.0 			762.273179
g2	 85 	 534.771644 			 0.0 			534.771644
g2	 86 	 355.2118 			 0.0 			355.2118
g2	 87 	 568.88696 			 0.0 			568.88696
g2	 88 	 796.388495 			 0.0 			796.388495
g2	 89 	 810.502856 			 0.0 			810.502856
g2	 90 	 1011.762511 			 0.0 			1011.762511
g2	 91 	 766.308687 			 0.0 			766.308687
g2	 92 	 538.807153 			 0.0 			538.807153
g2	 93 	 534.771644 			 0.0 			534.771644
g2	 94 	 406.82737 			 0.0 			406.82737
g2	 95 	 323.535598 			 0.0 			323.535598
g2	 96 	 534.771644 			 0.0 			534.771644
----------------------------------------------------------------------------------------------------
g3	 1 	 0.0 			 0.0 			0.0
g3	 2 	 0.0 			 0.0 			0.0
g3	 3 	 0.0 			 0.0 			0.0
g3	 4 	 0.0 			 0.0 			0.0
g3	 5 	 0.0 			 0.0 			0.0
g3	 6 	 0.0 			 0.0 			0.0
g3	 7 	 0.0 			 0.0 			0.0
g3	 8 	 0.0 			 0.0 			0.0
g3	 9 	 0.0 			 0.0 			0.0
g3	 10 	 0.0 			 0.0 			0.0
g3	 11 	 0.0 			 0.0 			0.0
g3	 12 	 0.0 			 0.0 			0.0
g3	 13 	 0.0 			 0.0 			0.0
g3	 14 	 0.0 			 0.0 			0.0
g3	 15 	 0.0 			 0.0 			0.0
g3	 16 	 0.0 			 0.0 			0.0
g3	 17 	 0.0 			 0.0 			0.0
g3	 18 	 0.0 			 0.0 			0.0
g3	 19 	 0.0 			 0.0 			0.0
g3	 20 	 0.0 			 0.0 			0.0
g3	 21 	 0.0 			 0.0 			0.0
g3	 22 	 0.0 			 0.0 			0.0
g3	 23 	 0.0 			 0.0 			0.0
g3	 24 	 0.0 			 0.0 			0.0
g3	 25 	 0.0 			 0.0 			0.0
g3	 26 	 0.0 			 0.0 			0.0
g3	 27 	 0.0 			 0.0 			0.0
g3	 28 	 0.0 			 0.0 			0.0
g3	 29 	 0.0 			 0.0 			0.0
g3	 30 	 0.0 			 0.0 			0.0
g3	 31 	 0.0 			 0.0 			0.0
g3	 32 	 0.0 			 0.0 			0.0
g3	 33 	 0.0 			 0.0 			0.0
g3	 34 	 0.0 			 0.0 			0.0
g3	 35 	 0.0 			 0.0 			0.0
g3	 36 	 0.0 			 0.0 			0.0
g3	 37 	 0.0 			 0.0 			0.0
g3	 38 	 0.0 			 0.0 			0.0
g3	 39 	 0.0 			 0.0 			0.0
g3	 40 	 0.0 			 0.0 			0.0
g3	 41 	 0.0 			 0.0 			0.0
g3	 42 	 0.0 			 0.0 			0.0
g3	 43 	 0.0 			 0.0 			0.0
g3	 44 	 0.0 			 0.0 			0.0
g3	 45 	 0.0 			 0.0 			0.0
g3	 46 	 0.0 			 0.0 			0.0
g3	 47 	 0.0 			 0.0 			0.0
g3	 48 	 0.0 			 0.0 			0.0
g3	 49 	 0.0 			 0.0 			0.0
g3	 50 	 0.0 			 0.0 			0.0
g3	 51 	 0.0 			 0.0 			0.0
g3	 52 	 0.0 			 0.0 			0.0
g3	 53 	 867.111494 			 4595.43 			5462.541494
g3	 54 	 613.469788 			 0.0 			613.469788
g3	 55 	 434.653775 			 0.0 			434.653775
g3	 56 	 350.954412 			 0.0 			350.954412
g3	 57 	 419.757124 			 0.0 			419.757124
g3	 58 	 591.464889 			 0.0 			591.464889
g3	 59 	 419.757124 			 0.0 			419.757124
g3	 60 	 350.954412 			 0.0 			350.954412
g3	 61 	 419.757124 			 0.0 			419.757124
g3	 62 	 591.464889 			 0.0 			591.464889
g3	 63 	 419.757124 			 0.0 			419.757124
g3	 64 	 350.954412 			 0.0 			350.954412
g3	 65 	 350.954412 			 0.0 			350.954412
g3	 66 	 400.537165 			 0.0 			400.537165
g3	 67 	 314.72713 			 0.0 			314.72713
g3	 68 	 350.954412 			 0.0 			350.954412
g3	 69 	 350.954412 			 0.0 			350.954412
g3	 70 	 358.651316 			 0.0 			358.651316
g3	 71 	 530.35908 			 0.0 			530.35908
g3	 72 	 754.842876 			 0.0 			754.842876
g3	 73 	 0.0 			 0.0 			0.0
g3	 74 	 0.0 			 0.0 			0.0
g3	 75 	 0.0 			 0.0 			0.0
g3	 76 	 0.0 			 0.0 			0.0
g3	 77 	 0.0 			 0.0 			0.0
g3	 78 	 0.0 			 0.0 			0.0
g3	 79 	 0.0 			 0.0 			0.0
g3	 80 	 0.0 			 0.0 			0.0
g3	 81 	 0.0 			 0.0 			0.0
g3	 82 	 0.0 			 0.0 			0.0
g3	 83 	 0.0 			 0.0 			0.0
g3	 84 	 0.0 			 0.0 			0.0
g3	 85 	 0.0 			 0.0 			0.0
g3	 86 	 0.0 			 0.0 			0.0
g3	 87 	 0.0 			 0.0 			0.0
g3	 88 	 0.0 			 0.0 			0.0
g3	 89 	 0.0 			 0.0 			0.0
g3	 90 	 0.0 			 0.0 			0.0
g3	 91 	 0.0 			 0.0 			0.0
g3	 92 	 0.0 			 0.0 			0.0
g3	 93 	 0.0 			 0.0 			0.0
g3	 94 	 0.0 			 0.0 			0.0
g3	 95 	 0.0 			 0.0 			0.0
g3	 96 	 0.0 			 0.0 			0.0
----------------------------------------------------------------------------------------------------
g4	 1 	 0.0 			 0.0 			0.0
g4	 2 	 0.0 			 0.0 			0.0
g4	 3 	 0.0 			 0.0 			0.0
g4	 4 	 0.0 			 0.0 			0.0
g4	 5 	 0.0 			 0.0 			0.0
g4	 6 	 0.0 			 0.0 			0.0
g4	 7 	 0.0 			 0.0 			0.0
g4	 8 	 0.0 			 0.0 			0.0
g4	 9 	 0.0 			 0.0 			0.0
g4	 10 	 0.0 			 0.0 			0.0
g4	 11 	 0.0 			 0.0 			0.0
g4	 12 	 0.0 			 0.0 			0.0
g4	 13 	 0.0 			 0.0 			0.0
g4	 14 	 0.0 			 0.0 			0.0
g4	 15 	 0.0 			 0.0 			0.0
g4	 16 	 0.0 			 0.0 			0.0
g4	 17 	 0.0 			 0.0 			0.0
g4	 18 	 0.0 			 0.0 			0.0
g4	 19 	 0.0 			 0.0 			0.0
g4	 20 	 0.0 			 0.0 			0.0
g4	 21 	 0.0 			 0.0 			0.0
g4	 22 	 0.0 			 0.0 			0.0
g4	 23 	 0.0 			 0.0 			0.0
g4	 24 	 0.0 			 0.0 			0.0
g4	 25 	 0.0 			 0.0 			0.0
g4	 26 	 0.0 			 0.0 			0.0
g4	 27 	 0.0 			 0.0 			0.0
g4	 28 	 0.0 			 0.0 			0.0
g4	 29 	 0.0 			 0.0 			0.0
g4	 30 	 0.0 			 0.0 			0.0
g4	 31 	 0.0 			 0.0 			0.0
g4	 32 	 0.0 			 0.0 			0.0
g4	 33 	 0.0 			 0.0 			0.0
g4	 34 	 0.0 			 0.0 			0.0
g4	 35 	 0.0 			 0.0 			0.0
g4	 36 	 0.0 			 0.0 			0.0
g4	 37 	 0.0 			 0.0 			0.0
g4	 38 	 0.0 			 0.0 			0.0
g4	 39 	 0.0 			 0.0 			0.0
g4	 40 	 0.0 			 0.0 			0.0
g4	 41 	 0.0 			 0.0 			0.0
g4	 42 	 0.0 			 0.0 			0.0
g4	 43 	 0.0 			 0.0 			0.0
g4	 44 	 0.0 			 0.0 			0.0
g4	 45 	 0.0 			 0.0 			0.0
g4	 46 	 0.0 			 0.0 			0.0
g4	 47 	 0.0 			 0.0 			0.0
g4	 48 	 0.0 			 0.0 			0.0
g4	 49 	 0.0 			 0.0 			0.0
g4	 50 	 0.0 			 0.0 			0.0
g4	 51 	 0.0 			 0.0 			0.0
g4	 52 	 0.0 			 0.0 			0.0
g4	 53 	 0.0 			 0.0 			0.0
g4	 54 	 0.0 			 0.0 			0.0
g4	 55 	 0.0 			 0.0 			0.0
g4	 56 	 0.0 			 0.0 			0.0
g4	 57 	 0.0 			 0.0 			0.0
g4	 58 	 0.0 			 0.0 			0.0
g4	 59 	 0.0 			 0.0 			0.0
g4	 60 	 0.0 			 0.0 			0.0
g4	 61 	 0.0 			 0.0 			0.0
g4	 62 	 0.0 			 0.0 			0.0
g4	 63 	 0.0 			 0.0 			0.0
g4	 64 	 0.0 			 0.0 			0.0
g4	 65 	 0.0 			 0.0 			0.0
g4	 66 	 0.0 			 0.0 			0.0
g4	 67 	 0.0 			 0.0 			0.0
g4	 68 	 0.0 			 0.0 			0.0
g4	 69 	 0.0 			 0.0 			0.0
g4	 70 	 0.0 			 0.0 			0.0
g4	 71 	 0.0 			 0.0 			0.0
g4	 72 	 0.0 			 0.0 			0.0
g4	 73 	 0.0 			 0.0 			0.0
g4	 74 	 0.0 			 0.0 			0.0
g4	 75 	 0.0 			 0.0 			0.0
g4	 76 	 0.0 			 0.0 			0.0
g4	 77 	 0.0 			 0.0 			0.0
g4	 78 	 0.0 			 0.0 			0.0
g4	 79 	 0.0 			 0.0 			0.0
g4	 80 	 0.0 			 0.0 			0.0
g4	 81 	 0.0 			 0.0 			0.0
g4	 82 	 0.0 			 0.0 			0.0
g4	 83 	 0.0 			 0.0 			0.0
g4	 84 	 0.0 			 0.0 			0.0
g4	 85 	 0.0 			 0.0 			0.0
g4	 86 	 0.0 			 0.0 			0.0
g4	 87 	 0.0 			 0.0 			0.0
g4	 88 	 0.0 			 0.0 			0.0
g4	 89 	 0.0 			 0.0 			0.0
g4	 90 	 0.0 			 0.0 			0.0
g4	 91 	 0.0 			 0.0 			0.0
g4	 92 	 0.0 			 0.0 			0.0
g4	 93 	 0.0 			 0.0 			0.0
g4	 94 	 0.0 			 0.0 			0.0
g4	 95 	 0.0 			 0.0 			0.0
g4	 96 	 0.0 			 0.0 			0.0
----------------------------------------------------------------------------------------------------
g5	 1 	 0.0 			 0.0 			0.0
g5	 2 	 0.0 			 0.0 			0.0
g5	 3 	 0.0 			 0.0 			0.0
g5	 4 	 0.0 			 0.0 			0.0
g5	 5 	 348.846531 			 6821.79 			7170.636531
g5	 6 	 348.846531 			 0.0 			348.846531
g5	 7 	 348.846531 			 0.0 			348.846531
g5	 8 	 213.96434 			 0.0 			213.96434
g5	 9 	 348.846531 			 0.0 			348.846531
g5	 10 	 348.846531 			 0.0 			348.846531
g5	 11 	 348.846531 			 0.0 			348.846531
g5	 12 	 213.96434 			 0.0 			213.96434
g5	 13 	 348.846531 			 0.0 			348.846531
g5	 14 	 213.96434 			 0.0 			213.96434
g5	 15 	 348.846531 			 0.0 			348.846531
g5	 16 	 348.846531 			 0.0 			348.846531
g5	 17 	 348.846531 			 0.0 			348.846531
g5	 18 	 348.846531 			 0.0 			348.846531
g5	 19 	 348.846531 			 0.0 			348.846531
g5	 20 	 279.810898 			 0.0 			279.810898
g5	 21 	 348.846531 			 0.0 			348.846531
g5	 22 	 348.846531 			 0.0 			348.846531
g5	 23 	 348.846531 			 0.0 			348.846531
g5	 24 	 348.846531 			 0.0 			348.846531
g5	 25 	 348.846531 			 0.0 			348.846531
g5	 26 	 348.846531 			 0.0 			348.846531
g5	 27 	 348.846531 			 0.0 			348.846531
g5	 28 	 348.846531 			 0.0 			348.846531
g5	 29 	 213.96434 			 0.0 			213.96434
g5	 30 	 269.666036 			 0.0 			269.666036
g5	 31 	 348.846531 			 0.0 			348.846531
g5	 32 	 348.846531 			 0.0 			348.846531
g5	 33 	 348.846531 			 0.0 			348.846531
g5	 34 	 348.846531 			 0.0 			348.846531
g5	 35 	 348.846531 			 0.0 			348.846531
g5	 36 	 348.846531 			 0.0 			348.846531
g5	 37 	 348.846531 			 0.0 			348.846531
g5	 38 	 213.96434 			 0.0 			213.96434
g5	 39 	 348.846531 			 0.0 			348.846531
g5	 40 	 348.846531 			 0.0 			348.846531
g5	 41 	 348.846531 			 0.0 			348.846531
g5	 42 	 213.96434 			 0.0 			213.96434
g5	 43 	 214.738461 			 0.0 			214.738461
g5	 44 	 348.846531 			 0.0 			348.846531
g5	 45 	 348.846531 			 0.0 			348.846531
g5	 46 	 513.766082 			 0.0 			513.766082
g5	 47 	 348.846531 			 0.0 			348.846531
g5	 48 	 348.846531 			 0.0 			348.846531
g5	 49 	 348.846531 			 0.0 			348.846531
g5	 50 	 513.766082 			 0.0 			513.766082
g5	 51 	 513.766082 			 0.0 			513.766082
g5	 52 	 348.846531 			 0.0 			348.846531
g5	 53 	 513.766082 			 0.0 			513.766082
g5	 54 	 348.846531 			 0.0 			348.846531
g5	 55 	 348.846531 			 0.0 			348.846531
g5	 56 	 364.77944 			 0.0 			364.77944
g5	 57 	 529.698991 			 0.0 			529.698991
g5	 58 	 734.559972 			 0.0 			734.559972
g5	 59 	 529.698991 			 0.0 			529.698991
g5	 60 	 578.049724 			 0.0 			578.049724
g5	 61 	 513.766082 			 0.0 			513.766082
g5	 62 	 713.167772 			 0.0 			713.167772
g5	 63 	 513.766082 			 0.0 			513.766082
g5	 64 	 348.846531 			 0.0 			348.846531
g5	 65 	 348.846531 			 0.0 			348.846531
g5	 66 	 513.766082 			 0.0 			513.766082
g5	 67 	 348.846531 			 0.0 			348.846531
g5	 68 	 348.846531 			 0.0 			348.846531
g5	 69 	 348.846531 			 0.0 			348.846531
g5	 70 	 348.846531 			 0.0 			348.846531
g5	 71 	 385.54131 			 0.0 			385.54131
g5	 72 	 550.460861 			 0.0 			550.460861
g5	 73 	 385.54131 			 0.0 			385.54131
g5	 74 	 348.846531 			 0.0 			348.846531
g5	 75 	 348.846531 			 0.0 			348.846531
g5	 76 	 348.846531 			 0.0 			348.846531
g5	 77 	 348.846531 			 0.0 			348.846531
g5	 78 	 360.636343 			 0.0 			360.636343
g5	 79 	 525.555894 			 0.0 			525.555894
g5	 80 	 405.892235 			 0.0 			405.892235
g5	 81 	 348.846531 			 0.0 			348.846531
g5	 82 	 419.330824 			 0.0 			419.330824
g5	 83 	 285.627543 			 0.0 			285.627543
g5	 84 	 436.468648 			 0.0 			436.468648
g5	 85 	 348.846531 			 0.0 			348.846531
g5	 86 	 272.945655 			 0.0 			272.945655
g5	 87 	 348.846531 			 0.0 			348.846531
g5	 88 	 348.846531 			 0.0 			348.846531
g5	 89 	 0.0 			 0.0 			0.0
g5	 90 	 0.0 			 0.0 			0.0
g5	 91 	 0.0 			 0.0 			0.0
g5	 92 	 0.0 			 0.0 			0.0
g5	 93 	 0.0 			 0.0 			0.0
g5	 94 	 0.0 			 0.0 			0.0
g5	 95 	 0.0 			 0.0 			0.0
g5	 96 	 0.0 			 0.0 			0.0
----------------------------------------------------------------------------------------------------
 
unit 	 generation 	 generation cost 	 start-up cost 	 total cost
----------------------------------------------------------------------------------------------------
g1 	 6461.087529			240577.991098			 0.000000		 240577.991098
g2 	 781.375509			44699.812467			 10598.130000		 55297.942467
g3 	 152.921324			9242.037370			 4595.430000		 13837.467370
g4 	 0.000000			0.000000			 0.000000		 0.000000
g5 	 522.087727			31262.339134			 6821.790000		 38084.129134
----------------------------------------------------------------------------------------------------
 
generation cost 	 start-up cost 		 total cost
----------------------------------------------------------------------------------------------------
325782.1800689997 			 22015.35 			 347797.5300689996
----------------------------------------------------------------------------------------------------
uplift payment for generator g1: 223578.896653
uplift payment for generator g2: 0.0
uplift payment for generator g3: 0.0
uplift payment for generator g4: 0.0
uplift payment for generator g5: 0.0
 
****************************************************************************************************
 
rtm Systemwide prices
----------------------------------------------------------------------------------------------------
time	 energy 	 up-FRP 	 dw-FRP
----------------------------------------------------------------------------------------------------
1 	 2500.0 		 0.0 		 0.0
2 	 2480.976822 		 0.0 		 0.0
3 	 9.408671 		 0.0 		 0.0
4 	 9.408671 		 0.0 		 0.0
5 	 9.408671 		 0.0 		 0.0
6 	 9.408671 		 0.0 		 0.0
7 	 2500.0 		 0.0 		 0.0
8 	 4971.925504 		 0.0 		 0.0
9 	 2500.0 		 0.0 		 0.0
10 	 9.408671 		 0.0 		 0.0
11 	 2500.0 		 0.0 		 0.0
12 	 2480.976822 		 0.0 		 0.0
13 	 9.408671 		 0.0 		 0.0
14 	 2481.182658 		 0.0 		 0.0
15 	 2500.0 		 0.0 		 0.0
16 	 9.408671 		 0.0 		 0.0
17 	 9.408671 		 0.0 		 0.0
18 	 9.408671 		 0.0 		 0.0
19 	 9.802659 		 0.0 		 0.0
20 	 9.014683 		 0.0 		 0.0
21 	 9.408671 		 0.0 		 0.0
22 	 9.408671 		 0.0 		 0.0
23 	 9.408671 		 0.0 		 0.0
24 	 9.408671 		 0.0 		 0.0
25 	 9.614507 		 0.0 		 0.0
26 	 9.614507 		 0.0 		 0.0
27 	 9.408671 		 0.0 		 0.0
28 	 2500.0 		 0.0 		 0.0
29 	 2480.976822 		 0.0 		 0.0
30 	 9.014683 		 0.0 		 0.0
31 	 10.008496 		 0.0 		 0.0
32 	 9.408671 		 0.0 		 0.0
33 	 9.408671 		 0.0 		 0.0
34 	 9.555532 		 0.0 		 0.0
35 	 9.408671 		 0.0 		 0.0
36 	 9.408671 		 0.0 		 0.0
37 	 9.457625 		 0.0 		 0.0
38 	 2480.3565 		 0.0 		 0.0
39 	 2500.0 		 0.0 		 0.0
40 	 9.614507 		 0.0 		 0.0
41 	 2500.0 		 0.0 		 0.0
42 	 2480.976822 		 0.0 		 0.0
43 	 9.014683 		 0.0 		 0.0
44 	 10.008496 		 0.0 		 0.0
45 	 9.614507 		 0.0 		 0.0
46 	 12.06526 		 0.0 		 0.0
47 	 10.757244 		 0.0 		 0.0
48 	 9.614507 		 0.0 		 0.0
49 	 9.614507 		 0.0 		 0.0
50 	 12.06526 		 0.0 		 0.0
51 	 2500.0 		 0.0 		 0.0
52 	 4968.871004 		 0.0 		 0.0
53 	 2500.0 		 0.0 		 0.0
54 	 9.614507 		 0.0 		 0.0
55 	 9.614507 		 0.0 		 0.0
56 	 9.614507 		 0.0 		 0.0
57 	 9.614507 		 0.0 		 0.0
58 	 2500.0 		 0.0 		 0.0
59 	 2471.363574 		 0.0 		 0.0
60 	 11.493892 		 0.0 		 0.0
61 	 9.614507 		 0.0 		 0.0
62 	 2500.0 		 0.0 		 0.0
63 	 2472.531654 		 0.0 		 0.0
64 	 9.614507 		 0.0 		 0.0
65 	 9.614507 		 0.0 		 0.0
66 	 11.862367 		 0.0 		 0.0
67 	 8.853763 		 0.0 		 0.0
68 	 10.757244 		 0.0 		 0.0
69 	 9.614507 		 0.0 		 0.0
70 	 9.614507 		 0.0 		 0.0
71 	 9.614507 		 0.0 		 0.0
72 	 22.018463 		 0.0 		 0.0
73 	 1.433606 		 0.0 		 0.0
74 	 9.614507 		 0.0 		 0.0
75 	 10.757244 		 0.0 		 0.0
76 	 9.614507 		 0.0 		 0.0
77 	 9.614507 		 0.0 		 0.0
78 	 9.614507 		 0.0 		 0.0
79 	 12.429877 		 0.0 		 0.0
80 	 11.022192 		 0.0 		 0.0
81 	 9.614507 		 0.0 		 0.0
82 	 11.022192 		 0.0 		 0.0
83 	 2479.963125 		 0.0 		 0.0
84 	 2500.0 		 0.0 		 0.0
85 	 9.614507 		 0.0 		 0.0
86 	 9.014683 		 0.0 		 0.0
87 	 10.214332 		 0.0 		 0.0
88 	 10.600362 		 0.0 		 0.0
89 	 10.185876 		 0.0 		 0.0
90 	 12.636629 		 0.0 		 0.0
91 	 9.614507 		 0.0 		 0.0
92 	 9.614507 		 0.0 		 0.0
93 	 9.614507 		 0.0 		 0.0
94 	 9.457625 		 0.0 		 0.0
95 	 2480.976822 		 0.0 		 0.0
96 	 2500.0 		 0.0 		 0.0
 
****************************************************************************************************
 
rtm Post-uplift payments
----------------------------------------------------------------------------------------------------------------------------------------------------
unit 	 generation payment 	 up-FRP payment 	 dw-FRP payment 	pre-up t. payment 	 uplift payments 	 post-up t. payment 	 profit
----------------------------------------------------------------------------------------------------------------------------------------------------
 g1 	 -256624.196298			 0.000000			 0.000000			 -256624.196298			 223578.896653			 -33045.299645		 0.000000
 g2 	 666250.039594			 0.000000			 0.000000			 666250.039594			 0.000000			 666250.039594		 639457.114316
 g3 	 241025.569268			 0.000000			 0.000000			 241025.569268			 0.000000			 241025.569268		 232545.856760
 g4 	 0.000000			 0.000000			 0.000000			 0.000000			 0.000000			 0.000000		 0.000000
 g5 	 189089.451610			 0.000000			 0.000000			 189089.451610			 0.000000			 189089.451610		 172859.155070
****************************************************************************************************
 
Total generator payments
----------------------------------------------------------------------------------------------------------------------------------------------------
unit 	 generation payment 	 up-FRP payment 	 dw-FRP payment 	pre-up t. payment 	 uplift payments 	 post-up t. payment 	 profit
----------------------------------------------------------------------------------------------------------------------------------------------------
 g1 	 15977.249487			 1021.844958			 0.000000			 16999.094445			 223578.896653			 240577.991098		 0.000000
 g2 	 691831.328709			 2923.728074			 0.000000			 694755.056783			 0.000000			 694755.056783		 639457.114316
 g3 	 246262.874904			 120.449226			 0.000000			 246383.324130			 0.000000			 246383.324130		 232545.856760
 g4 	 0.000000			 0.000000			 0.000000			 0.000000			 0.000000			 0.000000		 0.000000
 g5 	 210204.932350			 738.351854			 0.000000			 210943.284204			 0.000000			 210943.284204		 172859.155070
 
****************************************************************************************************
 
rtm LMP
----------------------------------------------------------------------------------------------------
bus name 	 time 		 LMP
----------------------------------------------------------------------------------------------------
b1 		 1 		 2500.0
b1 		 2 		 2480.976822
b1 		 3 		 9.408671
b1 		 4 		 9.408671
b1 		 5 		 9.408671
b1 		 6 		 9.408671
b1 		 7 		 2500.0
b1 		 8 		 4971.925504
b1 		 9 		 2500.0
b1 		 10 		 9.408671
b1 		 11 		 2500.0
b1 		 12 		 2480.976822
b1 		 13 		 9.408671
b1 		 14 		 2481.182658
b1 		 15 		 2500.0
b1 		 16 		 9.408671
b1 		 17 		 9.408671
b1 		 18 		 9.408671
b1 		 19 		 9.802659
b1 		 20 		 9.014683
b1 		 21 		 9.408671
b1 		 22 		 9.408671
b1 		 23 		 9.408671
b1 		 24 		 9.408671
b1 		 25 		 9.614507
b1 		 26 		 9.614507
b1 		 27 		 9.408671
b1 		 28 		 2500.0
b1 		 29 		 2480.976822
b1 		 30 		 9.014683
b1 		 31 		 10.008496
b1 		 32 		 9.408671
b1 		 33 		 9.408671
b1 		 34 		 9.555532
b1 		 35 		 9.408671
b1 		 36 		 9.408671
b1 		 37 		 9.457625
b1 		 38 		 2480.3565
b1 		 39 		 2500.0
b1 		 40 		 9.614507
b1 		 41 		 2500.0
b1 		 42 		 2480.976822
b1 		 43 		 9.014683
b1 		 44 		 10.008496
b1 		 45 		 9.614507
b1 		 46 		 12.06526
b1 		 47 		 10.757244
b1 		 48 		 9.614507
b1 		 49 		 9.614507
b1 		 50 		 12.06526
b1 		 51 		 2500.0
b1 		 52 		 4968.871004
b1 		 53 		 2500.0
b1 		 54 		 9.614507
b1 		 55 		 9.614507
b1 		 56 		 9.614507
b1 		 57 		 9.614507
b1 		 58 		 2500.0
b1 		 59 		 2471.363574
b1 		 60 		 11.493892
b1 		 61 		 9.614507
b1 		 62 		 2500.0
b1 		 63 		 2472.531654
b1 		 64 		 9.614507
b1 		 65 		 9.614507
b1 		 66 		 11.862367
b1 		 67 		 8.853763
b1 		 68 		 10.757244
b1 		 69 		 9.614507
b1 		 70 		 9.614507
b1 		 71 		 9.614507
b1 		 72 		 22.018463
b1 		 73 		 1.433606
b1 		 74 		 9.614507
b1 		 75 		 10.757244
b1 		 76 		 9.614507
b1 		 77 		 9.614507
b1 		 78 		 9.614507
b1 		 79 		 12.429877
b1 		 80 		 11.022192
b1 		 81 		 9.614507
b1 		 82 		 11.022192
b1 		 83 		 2479.963125
b1 		 84 		 2500.0
b1 		 85 		 9.614507
b1 		 86 		 9.014683
b1 		 87 		 10.214332
b1 		 88 		 10.600362
b1 		 89 		 10.185876
b1 		 90 		 12.636629
b1 		 91 		 9.614507
b1 		 92 		 9.614507
b1 		 93 		 9.614507
b1 		 94 		 9.457625
b1 		 95 		 2480.976822
b1 		 96 		 2500.0
----------------------------------------------------------------------------------------------------
b2 		 1 		 2500.0
b2 		 2 		 2480.976822
b2 		 3 		 9.408671
b2 		 4 		 9.408671
b2 		 5 		 9.408671
b2 		 6 		 9.408671
b2 		 7 		 2500.0
b2 		 8 		 4971.925504
b2 		 9 		 2500.0
b2 		 10 		 9.408671
b2 		 11 		 2500.0
b2 		 12 		 2480.976822
b2 		 13 		 9.408671
b2 		 14 		 2481.182658
b2 		 15 		 2500.0
b2 		 16 		 9.408671
b2 		 17 		 9.408671
b2 		 18 		 9.408671
b2 		 19 		 9.802659
b2 		 20 		 9.014683
b2 		 21 		 9.408671
b2 		 22 		 9.408671
b2 		 23 		 9.408671
b2 		 24 		 9.408671
b2 		 25 		 9.614507
b2 		 26 		 9.614507
b2 		 27 		 9.408671
b2 		 28 		 2500.0
b2 		 29 		 2480.976822
b2 		 30 		 9.014683
b2 		 31 		 10.008496
b2 		 32 		 9.408671
b2 		 33 		 9.408671
b2 		 34 		 9.555532
b2 		 35 		 9.408671
b2 		 36 		 9.408671
b2 		 37 		 9.457625
b2 		 38 		 2480.3565
b2 		 39 		 2500.0
b2 		 40 		 9.614507
b2 		 41 		 2500.0
b2 		 42 		 2480.976822
b2 		 43 		 9.014683
b2 		 44 		 10.008496
b2 		 45 		 9.614507
b2 		 46 		 12.06526
b2 		 47 		 10.757244
b2 		 48 		 9.614507
b2 		 49 		 9.614507
b2 		 50 		 12.06526
b2 		 51 		 2500.0
b2 		 52 		 4968.871004
b2 		 53 		 2500.0
b2 		 54 		 9.614507
b2 		 55 		 9.614507
b2 		 56 		 9.614507
b2 		 57 		 9.614507
b2 		 58 		 2500.0
b2 		 59 		 2471.363574
b2 		 60 		 11.493892
b2 		 61 		 9.614507
b2 		 62 		 2500.0
b2 		 63 		 2472.531654
b2 		 64 		 9.614507
b2 		 65 		 9.614507
b2 		 66 		 11.862367
b2 		 67 		 8.853763
b2 		 68 		 10.757244
b2 		 69 		 9.614507
b2 		 70 		 9.614507
b2 		 71 		 9.614507
b2 		 72 		 22.018463
b2 		 73 		 1.433606
b2 		 74 		 9.614507
b2 		 75 		 10.757244
b2 		 76 		 9.614507
b2 		 77 		 9.614507
b2 		 78 		 9.614507
b2 		 79 		 12.429877
b2 		 80 		 11.022192
b2 		 81 		 9.614507
b2 		 82 		 11.022192
b2 		 83 		 2479.963125
b2 		 84 		 2500.0
b2 		 85 		 9.614507
b2 		 86 		 9.014683
b2 		 87 		 10.214332
b2 		 88 		 10.600362
b2 		 89 		 10.185876
b2 		 90 		 12.636629
b2 		 91 		 9.614507
b2 		 92 		 9.614507
b2 		 93 		 9.614507
b2 		 94 		 9.457625
b2 		 95 		 2480.976822
b2 		 96 		 2500.0
----------------------------------------------------------------------------------------------------
b3 		 1 		 2500.0
b3 		 2 		 2480.976822
b3 		 3 		 9.408671
b3 		 4 		 9.408671
b3 		 5 		 9.408671
b3 		 6 		 9.408671
b3 		 7 		 2500.0
b3 		 8 		 4971.925504
b3 		 9 		 2500.0
b3 		 10 		 9.408671
b3 		 11 		 2500.0
b3 		 12 		 2480.976822
b3 		 13 		 9.408671
b3 		 14 		 2481.182658
b3 		 15 		 2500.0
b3 		 16 		 9.408671
b3 		 17 		 9.408671
b3 		 18 		 9.408671
b3 		 19 		 9.802659
b3 		 20 		 9.014683
b3 		 21 		 9.408671
b3 		 22 		 9.408671
b3 		 23 		 9.408671
b3 		 24 		 9.408671
b3 		 25 		 9.614507
b3 		 26 		 9.614507
b3 		 27 		 9.408671
b3 		 28 		 2500.0
b3 		 29 		 2480.976822
b3 		 30 		 9.014683
b3 		 31 		 10.008496
b3 		 32 		 9.408671
b3 		 33 		 9.408671
b3 		 34 		 9.555532
b3 		 35 		 9.408671
b3 		 36 		 9.408671
b3 		 37 		 9.457625
b3 		 38 		 2480.3565
b3 		 39 		 2500.0
b3 		 40 		 9.614507
b3 		 41 		 2500.0
b3 		 42 		 2480.976822
b3 		 43 		 9.014683
b3 		 44 		 10.008496
b3 		 45 		 9.614507
b3 		 46 		 12.06526
b3 		 47 		 10.757244
b3 		 48 		 9.614507
b3 		 49 		 9.614507
b3 		 50 		 12.06526
b3 		 51 		 2500.0
b3 		 52 		 4968.871004
b3 		 53 		 2500.0
b3 		 54 		 9.614507
b3 		 55 		 9.614507
b3 		 56 		 9.614507
b3 		 57 		 9.614507
b3 		 58 		 2500.0
b3 		 59 		 2471.363574
b3 		 60 		 11.493892
b3 		 61 		 9.614507
b3 		 62 		 2500.0
b3 		 63 		 2472.531654
b3 		 64 		 9.614507
b3 		 65 		 9.614507
b3 		 66 		 11.862367
b3 		 67 		 8.853763
b3 		 68 		 10.757244
b3 		 69 		 9.614507
b3 		 70 		 9.614507
b3 		 71 		 9.614507
b3 		 72 		 22.018463
b3 		 73 		 1.433606
b3 		 74 		 9.614507
b3 		 75 		 10.757244
b3 		 76 		 9.614507
b3 		 77 		 9.614507
b3 		 78 		 9.614507
b3 		 79 		 12.429877
b3 		 80 		 11.022192
b3 		 81 		 9.614507
b3 		 82 		 11.022192
b3 		 83 		 2479.963125
b3 		 84 		 2500.0
b3 		 85 		 9.614507
b3 		 86 		 9.014683
b3 		 87 		 10.214332
b3 		 88 		 10.600362
b3 		 89 		 10.185876
b3 		 90 		 12.636629
b3 		 91 		 9.614507
b3 		 92 		 9.614507
b3 		 93 		 9.614507
b3 		 94 		 9.457625
b3 		 95 		 2480.976822
b3 		 96 		 2500.0
----------------------------------------------------------------------------------------------------
b4 		 1 		 2500.0
b4 		 2 		 2480.976822
b4 		 3 		 9.408671
b4 		 4 		 9.408671
b4 		 5 		 9.408671
b4 		 6 		 9.408671
b4 		 7 		 2500.0
b4 		 8 		 4971.925504
b4 		 9 		 2500.0
b4 		 10 		 9.408671
b4 		 11 		 2500.0
b4 		 12 		 2480.976822
b4 		 13 		 9.408671
b4 		 14 		 2481.182658
b4 		 15 		 2500.0
b4 		 16 		 9.408671
b4 		 17 		 9.408671
b4 		 18 		 9.408671
b4 		 19 		 9.802659
b4 		 20 		 9.014683
b4 		 21 		 9.408671
b4 		 22 		 9.408671
b4 		 23 		 9.408671
b4 		 24 		 9.408671
b4 		 25 		 9.614507
b4 		 26 		 9.614507
b4 		 27 		 9.408671
b4 		 28 		 2500.0
b4 		 29 		 2480.976822
b4 		 30 		 9.014683
b4 		 31 		 10.008496
b4 		 32 		 9.408671
b4 		 33 		 9.408671
b4 		 34 		 9.555532
b4 		 35 		 9.408671
b4 		 36 		 9.408671
b4 		 37 		 9.457625
b4 		 38 		 2480.3565
b4 		 39 		 2500.0
b4 		 40 		 9.614507
b4 		 41 		 2500.0
b4 		 42 		 2480.976822
b4 		 43 		 9.014683
b4 		 44 		 10.008496
b4 		 45 		 9.614507
b4 		 46 		 12.06526
b4 		 47 		 10.757244
b4 		 48 		 9.614507
b4 		 49 		 9.614507
b4 		 50 		 12.06526
b4 		 51 		 2500.0
b4 		 52 		 4968.871004
b4 		 53 		 2500.0
b4 		 54 		 9.614507
b4 		 55 		 9.614507
b4 		 56 		 9.614507
b4 		 57 		 9.614507
b4 		 58 		 2500.0
b4 		 59 		 2471.363574
b4 		 60 		 11.493892
b4 		 61 		 9.614507
b4 		 62 		 2500.0
b4 		 63 		 2472.531654
b4 		 64 		 9.614507
b4 		 65 		 9.614507
b4 		 66 		 11.862367
b4 		 67 		 8.853763
b4 		 68 		 10.757244
b4 		 69 		 9.614507
b4 		 70 		 9.614507
b4 		 71 		 9.614507
b4 		 72 		 22.018463
b4 		 73 		 1.433606
b4 		 74 		 9.614507
b4 		 75 		 10.757244
b4 		 76 		 9.614507
b4 		 77 		 9.614507
b4 		 78 		 9.614507
b4 		 79 		 12.429877
b4 		 80 		 11.022192
b4 		 81 		 9.614507
b4 		 82 		 11.022192
b4 		 83 		 2479.963125
b4 		 84 		 2500.0
b4 		 85 		 9.614507
b4 		 86 		 9.014683
b4 		 87 		 10.214332
b4 		 88 		 10.600362
b4 		 89 		 10.185876
b4 		 90 		 12.636629
b4 		 91 		 9.614507
b4 		 92 		 9.614507
b4 		 93 		 9.614507
b4 		 94 		 9.457625
b4 		 95 		 2480.976822
b4 		 96 		 2500.0
----------------------------------------------------------------------------------------------------
b5 		 1 		 2500.0
b5 		 2 		 2480.976822
b5 		 3 		 9.408671
b5 		 4 		 9.408671
b5 		 5 		 9.408671
b5 		 6 		 9.408671
b5 		 7 		 2500.0
b5 		 8 		 4971.925504
b5 		 9 		 2500.0
b5 		 10 		 9.408671
b5 		 11 		 2500.0
b5 		 12 		 2480.976822
b5 		 13 		 9.408671
b5 		 14 		 2481.182658
b5 		 15 		 2500.0
b5 		 16 		 9.408671
b5 		 17 		 9.408671
b5 		 18 		 9.408671
b5 		 19 		 9.802659
b5 		 20 		 9.014683
b5 		 21 		 9.408671
b5 		 22 		 9.408671
b5 		 23 		 9.408671
b5 		 24 		 9.408671
b5 		 25 		 9.614507
b5 		 26 		 9.614507
b5 		 27 		 9.408671
b5 		 28 		 2500.0
b5 		 29 		 2480.976822
b5 		 30 		 9.014683
b5 		 31 		 10.008496
b5 		 32 		 9.408671
b5 		 33 		 9.408671
b5 		 34 		 9.555532
b5 		 35 		 9.408671
b5 		 36 		 9.408671
b5 		 37 		 9.457625
b5 		 38 		 2480.3565
b5 		 39 		 2500.0
b5 		 40 		 9.614507
b5 		 41 		 2500.0
b5 		 42 		 2480.976822
b5 		 43 		 9.014683
b5 		 44 		 10.008496
b5 		 45 		 9.614507
b5 		 46 		 12.06526
b5 		 47 		 10.757244
b5 		 48 		 9.614507
b5 		 49 		 9.614507
b5 		 50 		 12.06526
b5 		 51 		 2500.0
b5 		 52 		 4968.871004
b5 		 53 		 2500.0
b5 		 54 		 9.614507
b5 		 55 		 9.614507
b5 		 56 		 9.614507
b5 		 57 		 9.614507
b5 		 58 		 2500.0
b5 		 59 		 2471.363574
b5 		 60 		 11.493892
b5 		 61 		 9.614507
b5 		 62 		 2500.0
b5 		 63 		 2472.531654
b5 		 64 		 9.614507
b5 		 65 		 9.614507
b5 		 66 		 11.862367
b5 		 67 		 8.853763
b5 		 68 		 10.757244
b5 		 69 		 9.614507
b5 		 70 		 9.614507
b5 		 71 		 9.614507
b5 		 72 		 22.018463
b5 		 73 		 1.433606
b5 		 74 		 9.614507
b5 		 75 		 10.757244
b5 		 76 		 9.614507
b5 		 77 		 9.614507
b5 		 78 		 9.614507
b5 		 79 		 12.429877
b5 		 80 		 11.022192
b5 		 81 		 9.614507
b5 		 82 		 11.022192
b5 		 83 		 2479.963125
b5 		 84 		 2500.0
b5 		 85 		 9.614507
b5 		 86 		 9.014683
b5 		 87 		 10.214332
b5 		 88 		 10.600362
b5 		 89 		 10.185876
b5 		 90 		 12.636629
b5 		 91 		 9.614507
b5 		 92 		 9.614507
b5 		 93 		 9.614507
b5 		 94 		 9.457625
b5 		 95 		 2480.976822
b5 		 96 		 2500.0
----------------------------------------------------------------------------------------------------
b6 		 1 		 2500.0
b6 		 2 		 2480.976822
b6 		 3 		 9.408671
b6 		 4 		 9.408671
b6 		 5 		 9.408671
b6 		 6 		 9.408671
b6 		 7 		 2500.0
b6 		 8 		 4971.925504
b6 		 9 		 2500.0
b6 		 10 		 9.408671
b6 		 11 		 2500.0
b6 		 12 		 2480.976822
b6 		 13 		 9.408671
b6 		 14 		 2481.182658
b6 		 15 		 2500.0
b6 		 16 		 9.408671
b6 		 17 		 9.408671
b6 		 18 		 9.408671
b6 		 19 		 9.802659
b6 		 20 		 9.014683
b6 		 21 		 9.408671
b6 		 22 		 9.408671
b6 		 23 		 9.408671
b6 		 24 		 9.408671
b6 		 25 		 9.614507
b6 		 26 		 9.614507
b6 		 27 		 9.408671
b6 		 28 		 2500.0
b6 		 29 		 2480.976822
b6 		 30 		 9.014683
b6 		 31 		 10.008496
b6 		 32 		 9.408671
b6 		 33 		 9.408671
b6 		 34 		 9.555532
b6 		 35 		 9.408671
b6 		 36 		 9.408671
b6 		 37 		 9.457625
b6 		 38 		 2480.3565
b6 		 39 		 2500.0
b6 		 40 		 9.614507
b6 		 41 		 2500.0
b6 		 42 		 2480.976822
b6 		 43 		 9.014683
b6 		 44 		 10.008496
b6 		 45 		 9.614507
b6 		 46 		 12.06526
b6 		 47 		 10.757244
b6 		 48 		 9.614507
b6 		 49 		 9.614507
b6 		 50 		 12.06526
b6 		 51 		 2500.0
b6 		 52 		 4968.871004
b6 		 53 		 2500.0
b6 		 54 		 9.614507
b6 		 55 		 9.614507
b6 		 56 		 9.614507
b6 		 57 		 9.614507
b6 		 58 		 2500.0
b6 		 59 		 2471.363574
b6 		 60 		 11.493892
b6 		 61 		 9.614507
b6 		 62 		 2500.0
b6 		 63 		 2472.531654
b6 		 64 		 9.614507
b6 		 65 		 9.614507
b6 		 66 		 11.862367
b6 		 67 		 8.853763
b6 		 68 		 10.757244
b6 		 69 		 9.614507
b6 		 70 		 9.614507
b6 		 71 		 9.614507
b6 		 72 		 22.018463
b6 		 73 		 1.433606
b6 		 74 		 9.614507
b6 		 75 		 10.757244
b6 		 76 		 9.614507
b6 		 77 		 9.614507
b6 		 78 		 9.614507
b6 		 79 		 12.429877
b6 		 80 		 11.022192
b6 		 81 		 9.614507
b6 		 82 		 11.022192
b6 		 83 		 2479.963125
b6 		 84 		 2500.0
b6 		 85 		 9.614507
b6 		 86 		 9.014683
b6 		 87 		 10.214332
b6 		 88 		 10.600362
b6 		 89 		 10.185876
b6 		 90 		 12.636629
b6 		 91 		 9.614507
b6 		 92 		 9.614507
b6 		 93 		 9.614507
b6 		 94 		 9.457625
b6 		 95 		 2480.976822
b6 		 96 		 2500.0
----------------------------------------------------------------------------------------------------
b7 		 1 		 2500.0
b7 		 2 		 2480.976822
b7 		 3 		 9.408671
b7 		 4 		 9.408671
b7 		 5 		 9.408671
b7 		 6 		 9.408671
b7 		 7 		 2500.0
b7 		 8 		 4971.925504
b7 		 9 		 2500.0
b7 		 10 		 9.408671
b7 		 11 		 2500.0
b7 		 12 		 2480.976822
b7 		 13 		 9.408671
b7 		 14 		 2481.182658
b7 		 15 		 2500.0
b7 		 16 		 9.408671
b7 		 17 		 9.408671
b7 		 18 		 9.408671
b7 		 19 		 9.802659
b7 		 20 		 9.014683
b7 		 21 		 9.408671
b7 		 22 		 9.408671
b7 		 23 		 9.408671
b7 		 24 		 9.408671
b7 		 25 		 9.614507
b7 		 26 		 9.614507
b7 		 27 		 9.408671
b7 		 28 		 2500.0
b7 		 29 		 2480.976822
b7 		 30 		 9.014683
b7 		 31 		 10.008496
b7 		 32 		 9.408671
b7 		 33 		 9.408671
b7 		 34 		 9.555532
b7 		 35 		 9.408671
b7 		 36 		 9.408671
b7 		 37 		 9.457625
b7 		 38 		 2480.3565
b7 		 39 		 2500.0
b7 		 40 		 9.614507
b7 		 41 		 2500.0
b7 		 42 		 2480.976822
b7 		 43 		 9.014683
b7 		 44 		 10.008496
b7 		 45 		 9.614507
b7 		 46 		 12.06526
b7 		 47 		 10.757244
b7 		 48 		 9.614507
b7 		 49 		 9.614507
b7 		 50 		 12.06526
b7 		 51 		 2500.0
b7 		 52 		 4968.871004
b7 		 53 		 2500.0
b7 		 54 		 9.614507
b7 		 55 		 9.614507
b7 		 56 		 9.614507
b7 		 57 		 9.614507
b7 		 58 		 2500.0
b7 		 59 		 2471.363574
b7 		 60 		 11.493892
b7 		 61 		 9.614507
b7 		 62 		 2500.0
b7 		 63 		 2472.531654
b7 		 64 		 9.614507
b7 		 65 		 9.614507
b7 		 66 		 11.862367
b7 		 67 		 8.853763
b7 		 68 		 10.757244
b7 		 69 		 9.614507
b7 		 70 		 9.614507
b7 		 71 		 9.614507
b7 		 72 		 22.018463
b7 		 73 		 1.433606
b7 		 74 		 9.614507
b7 		 75 		 10.757244
b7 		 76 		 9.614507
b7 		 77 		 9.614507
b7 		 78 		 9.614507
b7 		 79 		 12.429877
b7 		 80 		 11.022192
b7 		 81 		 9.614507
b7 		 82 		 11.022192
b7 		 83 		 2479.963125
b7 		 84 		 2500.0
b7 		 85 		 9.614507
b7 		 86 		 9.014683
b7 		 87 		 10.214332
b7 		 88 		 10.600362
b7 		 89 		 10.185876
b7 		 90 		 12.636629
b7 		 91 		 9.614507
b7 		 92 		 9.614507
b7 		 93 		 9.614507
b7 		 94 		 9.457625
b7 		 95 		 2480.976822
b7 		 96 		 2500.0
----------------------------------------------------------------------------------------------------
b8 		 1 		 2500.0
b8 		 2 		 2480.976822
b8 		 3 		 9.408671
b8 		 4 		 9.408671
b8 		 5 		 9.408671
b8 		 6 		 9.408671
b8 		 7 		 2500.0
b8 		 8 		 4971.925504
b8 		 9 		 2500.0
b8 		 10 		 9.408671
b8 		 11 		 2500.0
b8 		 12 		 2480.976822
b8 		 13 		 9.408671
b8 		 14 		 2481.182658
b8 		 15 		 2500.0
b8 		 16 		 9.408671
b8 		 17 		 9.408671
b8 		 18 		 9.408671
b8 		 19 		 9.802659
b8 		 20 		 9.014683
b8 		 21 		 9.408671
b8 		 22 		 9.408671
b8 		 23 		 9.408671
b8 		 24 		 9.408671
b8 		 25 		 9.614507
b8 		 26 		 9.614507
b8 		 27 		 9.408671
b8 		 28 		 2500.0
b8 		 29 		 2480.976822
b8 		 30 		 9.014683
b8 		 31 		 10.008496
b8 		 32 		 9.408671
b8 		 33 		 9.408671
b8 		 34 		 9.555532
b8 		 35 		 9.408671
b8 		 36 		 9.408671
b8 		 37 		 9.457625
b8 		 38 		 2480.3565
b8 		 39 		 2500.0
b8 		 40 		 9.614507
b8 		 41 		 2500.0
b8 		 42 		 2480.976822
b8 		 43 		 9.014683
b8 		 44 		 10.008496
b8 		 45 		 9.614507
b8 		 46 		 12.06526
b8 		 47 		 10.757244
b8 		 48 		 9.614507
b8 		 49 		 9.614507
b8 		 50 		 12.06526
b8 		 51 		 2500.0
b8 		 52 		 4968.871004
b8 		 53 		 2500.0
b8 		 54 		 9.614507
b8 		 55 		 9.614507
b8 		 56 		 9.614507
b8 		 57 		 9.614507
b8 		 58 		 2500.0
b8 		 59 		 2471.363574
b8 		 60 		 11.493892
b8 		 61 		 9.614507
b8 		 62 		 2500.0
b8 		 63 		 2472.531654
b8 		 64 		 9.614507
b8 		 65 		 9.614507
b8 		 66 		 11.862367
b8 		 67 		 8.853763
b8 		 68 		 10.757244
b8 		 69 		 9.614507
b8 		 70 		 9.614507
b8 		 71 		 9.614507
b8 		 72 		 22.018463
b8 		 73 		 1.433606
b8 		 74 		 9.614507
b8 		 75 		 10.757244
b8 		 76 		 9.614507
b8 		 77 		 9.614507
b8 		 78 		 9.614507
b8 		 79 		 12.429877
b8 		 80 		 11.022192
b8 		 81 		 9.614507
b8 		 82 		 11.022192
b8 		 83 		 2479.963125
b8 		 84 		 2500.0
b8 		 85 		 9.614507
b8 		 86 		 9.014683
b8 		 87 		 10.214332
b8 		 88 		 10.600362
b8 		 89 		 10.185876
b8 		 90 		 12.636629
b8 		 91 		 9.614507
b8 		 92 		 9.614507
b8 		 93 		 9.614507
b8 		 94 		 9.457625
b8 		 95 		 2480.976822
b8 		 96 		 2500.0
----------------------------------------------------------------------------------------------------
b9 		 1 		 2500.0
b9 		 2 		 2480.976822
b9 		 3 		 9.408671
b9 		 4 		 9.408671
b9 		 5 		 9.408671
b9 		 6 		 9.408671
b9 		 7 		 2500.0
b9 		 8 		 4971.925504
b9 		 9 		 2500.0
b9 		 10 		 9.408671
b9 		 11 		 2500.0
b9 		 12 		 2480.976822
b9 		 13 		 9.408671
b9 		 14 		 2481.182658
b9 		 15 		 2500.0
b9 		 16 		 9.408671
b9 		 17 		 9.408671
b9 		 18 		 9.408671
b9 		 19 		 9.802659
b9 		 20 		 9.014683
b9 		 21 		 9.408671
b9 		 22 		 9.408671
b9 		 23 		 9.408671
b9 		 24 		 9.408671
b9 		 25 		 9.614507
b9 		 26 		 9.614507
b9 		 27 		 9.408671
b9 		 28 		 2500.0
b9 		 29 		 2480.976822
b9 		 30 		 9.014683
b9 		 31 		 10.008496
b9 		 32 		 9.408671
b9 		 33 		 9.408671
b9 		 34 		 9.555532
b9 		 35 		 9.408671
b9 		 36 		 9.408671
b9 		 37 		 9.457625
b9 		 38 		 2480.3565
b9 		 39 		 2500.0
b9 		 40 		 9.614507
b9 		 41 		 2500.0
b9 		 42 		 2480.976822
b9 		 43 		 9.014683
b9 		 44 		 10.008496
b9 		 45 		 9.614507
b9 		 46 		 12.06526
b9 		 47 		 10.757244
b9 		 48 		 9.614507
b9 		 49 		 9.614507
b9 		 50 		 12.06526
b9 		 51 		 2500.0
b9 		 52 		 4968.871004
b9 		 53 		 2500.0
b9 		 54 		 9.614507
b9 		 55 		 9.614507
b9 		 56 		 9.614507
b9 		 57 		 9.614507
b9 		 58 		 2500.0
b9 		 59 		 2471.363574
b9 		 60 		 11.493892
b9 		 61 		 9.614507
b9 		 62 		 2500.0
b9 		 63 		 2472.531654
b9 		 64 		 9.614507
b9 		 65 		 9.614507
b9 		 66 		 11.862367
b9 		 67 		 8.853763
b9 		 68 		 10.757244
b9 		 69 		 9.614507
b9 		 70 		 9.614507
b9 		 71 		 9.614507
b9 		 72 		 22.018463
b9 		 73 		 1.433606
b9 		 74 		 9.614507
b9 		 75 		 10.757244
b9 		 76 		 9.614507
b9 		 77 		 9.614507
b9 		 78 		 9.614507
b9 		 79 		 12.429877
b9 		 80 		 11.022192
b9 		 81 		 9.614507
b9 		 82 		 11.022192
b9 		 83 		 2479.963125
b9 		 84 		 2500.0
b9 		 85 		 9.614507
b9 		 86 		 9.014683
b9 		 87 		 10.214332
b9 		 88 		 10.600362
b9 		 89 		 10.185876
b9 		 90 		 12.636629
b9 		 91 		 9.614507
b9 		 92 		 9.614507
b9 		 93 		 9.614507
b9 		 94 		 9.457625
b9 		 95 		 2480.976822
b9 		 96 		 2500.0
----------------------------------------------------------------------------------------------------
b10 		 1 		 2500.0
b10 		 2 		 2480.976822
b10 		 3 		 9.408671
b10 		 4 		 9.408671
b10 		 5 		 9.408671
b10 		 6 		 9.408671
b10 		 7 		 2500.0
b10 		 8 		 4971.925504
b10 		 9 		 2500.0
b10 		 10 		 9.408671
b10 		 11 		 2500.0
b10 		 12 		 2480.976822
b10 		 13 		 9.408671
b10 		 14 		 2481.182658
b10 		 15 		 2500.0
b10 		 16 		 9.408671
b10 		 17 		 9.408671
b10 		 18 		 9.408671
b10 		 19 		 9.802659
b10 		 20 		 9.014683
b10 		 21 		 9.408671
b10 		 22 		 9.408671
b10 		 23 		 9.408671
b10 		 24 		 9.408671
b10 		 25 		 9.614507
b10 		 26 		 9.614507
b10 		 27 		 9.408671
b10 		 28 		 2500.0
b10 		 29 		 2480.976822
b10 		 30 		 9.014683
b10 		 31 		 10.008496
b10 		 32 		 9.408671
b10 		 33 		 9.408671
b10 		 34 		 9.555532
b10 		 35 		 9.408671
b10 		 36 		 9.408671
b10 		 37 		 9.457625
b10 		 38 		 2480.3565
b10 		 39 		 2500.0
b10 		 40 		 9.614507
b10 		 41 		 2500.0
b10 		 42 		 2480.976822
b10 		 43 		 9.014683
b10 		 44 		 10.008496
b10 		 45 		 9.614507
b10 		 46 		 12.06526
b10 		 47 		 10.757244
b10 		 48 		 9.614507
b10 		 49 		 9.614507
b10 		 50 		 12.06526
b10 		 51 		 2500.0
b10 		 52 		 4968.871004
b10 		 53 		 2500.0
b10 		 54 		 9.614507
b10 		 55 		 9.614507
b10 		 56 		 9.614507
b10 		 57 		 9.614507
b10 		 58 		 2500.0
b10 		 59 		 2471.363574
b10 		 60 		 11.493892
b10 		 61 		 9.614507
b10 		 62 		 2500.0
b10 		 63 		 2472.531654
b10 		 64 		 9.614507
b10 		 65 		 9.614507
b10 		 66 		 11.862367
b10 		 67 		 8.853763
b10 		 68 		 10.757244
b10 		 69 		 9.614507
b10 		 70 		 9.614507
b10 		 71 		 9.614507
b10 		 72 		 22.018463
b10 		 73 		 1.433606
b10 		 74 		 9.614507
b10 		 75 		 10.757244
b10 		 76 		 9.614507
b10 		 77 		 9.614507
b10 		 78 		 9.614507
b10 		 79 		 12.429877
b10 		 80 		 11.022192
b10 		 81 		 9.614507
b10 		 82 		 11.022192
b10 		 83 		 2479.963125
b10 		 84 		 2500.0
b10 		 85 		 9.614507
b10 		 86 		 9.014683
b10 		 87 		 10.214332
b10 		 88 		 10.600362
b10 		 89 		 10.185876
b10 		 90 		 12.636629
b10 		 91 		 9.614507
b10 		 92 		 9.614507
b10 		 93 		 9.614507
b10 		 94 		 9.457625
b10 		 95 		 2480.976822
b10 		 96 		 2500.0
----------------------------------------------------------------------------------------------------
b11 		 1 		 2500.0
b11 		 2 		 2480.976822
b11 		 3 		 9.408671
b11 		 4 		 9.408671
b11 		 5 		 9.408671
b11 		 6 		 9.408671
b11 		 7 		 2500.0
b11 		 8 		 4971.925504
b11 		 9 		 2500.0
b11 		 10 		 9.408671
b11 		 11 		 2500.0
b11 		 12 		 2480.976822
b11 		 13 		 9.408671
b11 		 14 		 2481.182658
b11 		 15 		 2500.0
b11 		 16 		 9.408671
b11 		 17 		 9.408671
b11 		 18 		 9.408671
b11 		 19 		 9.802659
b11 		 20 		 9.014683
b11 		 21 		 9.408671
b11 		 22 		 9.408671
b11 		 23 		 9.408671
b11 		 24 		 9.408671
b11 		 25 		 9.614507
b11 		 26 		 9.614507
b11 		 27 		 9.408671
b11 		 28 		 2500.0
b11 		 29 		 2480.976822
b11 		 30 		 9.014683
b11 		 31 		 10.008496
b11 		 32 		 9.408671
b11 		 33 		 9.408671
b11 		 34 		 9.555532
b11 		 35 		 9.408671
b11 		 36 		 9.408671
b11 		 37 		 9.457625
b11 		 38 		 2480.3565
b11 		 39 		 2500.0
b11 		 40 		 9.614507
b11 		 41 		 2500.0
b11 		 42 		 2480.976822
b11 		 43 		 9.014683
b11 		 44 		 10.008496
b11 		 45 		 9.614507
b11 		 46 		 12.06526
b11 		 47 		 10.757244
b11 		 48 		 9.614507
b11 		 49 		 9.614507
b11 		 50 		 12.06526
b11 		 51 		 2500.0
b11 		 52 		 4968.871004
b11 		 53 		 2500.0
b11 		 54 		 9.614507
b11 		 55 		 9.614507
b11 		 56 		 9.614507
b11 		 57 		 9.614507
b11 		 58 		 2500.0
b11 		 59 		 2471.363574
b11 		 60 		 11.493892
b11 		 61 		 9.614507
b11 		 62 		 2500.0
b11 		 63 		 2472.531654
b11 		 64 		 9.614507
b11 		 65 		 9.614507
b11 		 66 		 11.862367
b11 		 67 		 8.853763
b11 		 68 		 10.757244
b11 		 69 		 9.614507
b11 		 70 		 9.614507
b11 		 71 		 9.614507
b11 		 72 		 22.018463
b11 		 73 		 1.433606
b11 		 74 		 9.614507
b11 		 75 		 10.757244
b11 		 76 		 9.614507
b11 		 77 		 9.614507
b11 		 78 		 9.614507
b11 		 79 		 12.429877
b11 		 80 		 11.022192
b11 		 81 		 9.614507
b11 		 82 		 11.022192
b11 		 83 		 2479.963125
b11 		 84 		 2500.0
b11 		 85 		 9.614507
b11 		 86 		 9.014683
b11 		 87 		 10.214332
b11 		 88 		 10.600362
b11 		 89 		 10.185876
b11 		 90 		 12.636629
b11 		 91 		 9.614507
b11 		 92 		 9.614507
b11 		 93 		 9.614507
b11 		 94 		 9.457625
b11 		 95 		 2480.976822
b11 		 96 		 2500.0
----------------------------------------------------------------------------------------------------
b12 		 1 		 2500.0
b12 		 2 		 2480.976822
b12 		 3 		 9.408671
b12 		 4 		 9.408671
b12 		 5 		 9.408671
b12 		 6 		 9.408671
b12 		 7 		 2500.0
b12 		 8 		 4971.925504
b12 		 9 		 2500.0
b12 		 10 		 9.408671
b12 		 11 		 2500.0
b12 		 12 		 2480.976822
b12 		 13 		 9.408671
b12 		 14 		 2481.182658
b12 		 15 		 2500.0
b12 		 16 		 9.408671
b12 		 17 		 9.408671
b12 		 18 		 9.408671
b12 		 19 		 9.802659
b12 		 20 		 9.014683
b12 		 21 		 9.408671
b12 		 22 		 9.408671
b12 		 23 		 9.408671
b12 		 24 		 9.408671
b12 		 25 		 9.614507
b12 		 26 		 9.614507
b12 		 27 		 9.408671
b12 		 28 		 2500.0
b12 		 29 		 2480.976822
b12 		 30 		 9.014683
b12 		 31 		 10.008496
b12 		 32 		 9.408671
b12 		 33 		 9.408671
b12 		 34 		 9.555532
b12 		 35 		 9.408671
b12 		 36 		 9.408671
b12 		 37 		 9.457625
b12 		 38 		 2480.3565
b12 		 39 		 2500.0
b12 		 40 		 9.614507
b12 		 41 		 2500.0
b12 		 42 		 2480.976822
b12 		 43 		 9.014683
b12 		 44 		 10.008496
b12 		 45 		 9.614507
b12 		 46 		 12.06526
b12 		 47 		 10.757244
b12 		 48 		 9.614507
b12 		 49 		 9.614507
b12 		 50 		 12.06526
b12 		 51 		 2500.0
b12 		 52 		 4968.871004
b12 		 53 		 2500.0
b12 		 54 		 9.614507
b12 		 55 		 9.614507
b12 		 56 		 9.614507
b12 		 57 		 9.614507
b12 		 58 		 2500.0
b12 		 59 		 2471.363574
b12 		 60 		 11.493892
b12 		 61 		 9.614507
b12 		 62 		 2500.0
b12 		 63 		 2472.531654
b12 		 64 		 9.614507
b12 		 65 		 9.614507
b12 		 66 		 11.862367
b12 		 67 		 8.853763
b12 		 68 		 10.757244
b12 		 69 		 9.614507
b12 		 70 		 9.614507
b12 		 71 		 9.614507
b12 		 72 		 22.018463
b12 		 73 		 1.433606
b12 		 74 		 9.614507
b12 		 75 		 10.757244
b12 		 76 		 9.614507
b12 		 77 		 9.614507
b12 		 78 		 9.614507
b12 		 79 		 12.429877
b12 		 80 		 11.022192
b12 		 81 		 9.614507
b12 		 82 		 11.022192
b12 		 83 		 2479.963125
b12 		 84 		 2500.0
b12 		 85 		 9.614507
b12 		 86 		 9.014683
b12 		 87 		 10.214332
b12 		 88 		 10.600362
b12 		 89 		 10.185876
b12 		 90 		 12.636629
b12 		 91 		 9.614507
b12 		 92 		 9.614507
b12 		 93 		 9.614507
b12 		 94 		 9.457625
b12 		 95 		 2480.976822
b12 		 96 		 2500.0
----------------------------------------------------------------------------------------------------
b13 		 1 		 2500.0
b13 		 2 		 2480.976822
b13 		 3 		 9.408671
b13 		 4 		 9.408671
b13 		 5 		 9.408671
b13 		 6 		 9.408671
b13 		 7 		 2500.0
b13 		 8 		 4971.925504
b13 		 9 		 2500.0
b13 		 10 		 9.408671
b13 		 11 		 2500.0
b13 		 12 		 2480.976822
b13 		 13 		 9.408671
b13 		 14 		 2481.182658
b13 		 15 		 2500.0
b13 		 16 		 9.408671
b13 		 17 		 9.408671
b13 		 18 		 9.408671
b13 		 19 		 9.802659
b13 		 20 		 9.014683
b13 		 21 		 9.408671
b13 		 22 		 9.408671
b13 		 23 		 9.408671
b13 		 24 		 9.408671
b13 		 25 		 9.614507
b13 		 26 		 9.614507
b13 		 27 		 9.408671
b13 		 28 		 2500.0
b13 		 29 		 2480.976822
b13 		 30 		 9.014683
b13 		 31 		 10.008496
b13 		 32 		 9.408671
b13 		 33 		 9.408671
b13 		 34 		 9.555532
b13 		 35 		 9.408671
b13 		 36 		 9.408671
b13 		 37 		 9.457625
b13 		 38 		 2480.3565
b13 		 39 		 2500.0
b13 		 40 		 9.614507
b13 		 41 		 2500.0
b13 		 42 		 2480.976822
b13 		 43 		 9.014683
b13 		 44 		 10.008496
b13 		 45 		 9.614507
b13 		 46 		 12.06526
b13 		 47 		 10.757244
b13 		 48 		 9.614507
b13 		 49 		 9.614507
b13 		 50 		 12.06526
b13 		 51 		 2500.0
b13 		 52 		 4968.871004
b13 		 53 		 2500.0
b13 		 54 		 9.614507
b13 		 55 		 9.614507
b13 		 56 		 9.614507
b13 		 57 		 9.614507
b13 		 58 		 2500.0
b13 		 59 		 2471.363574
b13 		 60 		 11.493892
b13 		 61 		 9.614507
b13 		 62 		 2500.0
b13 		 63 		 2472.531654
b13 		 64 		 9.614507
b13 		 65 		 9.614507
b13 		 66 		 11.862367
b13 		 67 		 8.853763
b13 		 68 		 10.757244
b13 		 69 		 9.614507
b13 		 70 		 9.614507
b13 		 71 		 9.614507
b13 		 72 		 22.018463
b13 		 73 		 1.433606
b13 		 74 		 9.614507
b13 		 75 		 10.757244
b13 		 76 		 9.614507
b13 		 77 		 9.614507
b13 		 78 		 9.614507
b13 		 79 		 12.429877
b13 		 80 		 11.022192
b13 		 81 		 9.614507
b13 		 82 		 11.022192
b13 		 83 		 2479.963125
b13 		 84 		 2500.0
b13 		 85 		 9.614507
b13 		 86 		 9.014683
b13 		 87 		 10.214332
b13 		 88 		 10.600362
b13 		 89 		 10.185876
b13 		 90 		 12.636629
b13 		 91 		 9.614507
b13 		 92 		 9.614507
b13 		 93 		 9.614507
b13 		 94 		 9.457625
b13 		 95 		 2480.976822
b13 		 96 		 2500.0
----------------------------------------------------------------------------------------------------
b14 		 1 		 2500.0
b14 		 2 		 2480.976822
b14 		 3 		 9.408671
b14 		 4 		 9.408671
b14 		 5 		 9.408671
b14 		 6 		 9.408671
b14 		 7 		 2500.0
b14 		 8 		 4971.925504
b14 		 9 		 2500.0
b14 		 10 		 9.408671
b14 		 11 		 2500.0
b14 		 12 		 2480.976822
b14 		 13 		 9.408671
b14 		 14 		 2481.182658
b14 		 15 		 2500.0
b14 		 16 		 9.408671
b14 		 17 		 9.408671
b14 		 18 		 9.408671
b14 		 19 		 9.802659
b14 		 20 		 9.014683
b14 		 21 		 9.408671
b14 		 22 		 9.408671
b14 		 23 		 9.408671
b14 		 24 		 9.408671
b14 		 25 		 9.614507
b14 		 26 		 9.614507
b14 		 27 		 9.408671
b14 		 28 		 2500.0
b14 		 29 		 2480.976822
b14 		 30 		 9.014683
b14 		 31 		 10.008496
b14 		 32 		 9.408671
b14 		 33 		 9.408671
b14 		 34 		 9.555532
b14 		 35 		 9.408671
b14 		 36 		 9.408671
b14 		 37 		 9.457625
b14 		 38 		 2480.3565
b14 		 39 		 2500.0
b14 		 40 		 9.614507
b14 		 41 		 2500.0
b14 		 42 		 2480.976822
b14 		 43 		 9.014683
b14 		 44 		 10.008496
b14 		 45 		 9.614507
b14 		 46 		 12.06526
b14 		 47 		 10.757244
b14 		 48 		 9.614507
b14 		 49 		 9.614507
b14 		 50 		 12.06526
b14 		 51 		 2500.0
b14 		 52 		 4968.871004
b14 		 53 		 2500.0
b14 		 54 		 9.614507
b14 		 55 		 9.614507
b14 		 56 		 9.614507
b14 		 57 		 9.614507
b14 		 58 		 2500.0
b14 		 59 		 2471.363574
b14 		 60 		 11.493892
b14 		 61 		 9.614507
b14 		 62 		 2500.0
b14 		 63 		 2472.531654
b14 		 64 		 9.614507
b14 		 65 		 9.614507
b14 		 66 		 11.862367
b14 		 67 		 8.853763
b14 		 68 		 10.757244
b14 		 69 		 9.614507
b14 		 70 		 9.614507
b14 		 71 		 9.614507
b14 		 72 		 22.018463
b14 		 73 		 1.433606
b14 		 74 		 9.614507
b14 		 75 		 10.757244
b14 		 76 		 9.614507
b14 		 77 		 9.614507
b14 		 78 		 9.614507
b14 		 79 		 12.429877
b14 		 80 		 11.022192
b14 		 81 		 9.614507
b14 		 82 		 11.022192
b14 		 83 		 2479.963125
b14 		 84 		 2500.0
b14 		 85 		 9.614507
b14 		 86 		 9.014683
b14 		 87 		 10.214332
b14 		 88 		 10.600362
b14 		 89 		 10.185876
b14 		 90 		 12.636629
b14 		 91 		 9.614507
b14 		 92 		 9.614507
b14 		 93 		 9.614507
b14 		 94 		 9.457625
b14 		 95 		 2480.976822
b14 		 96 		 2500.0
----------------------------------------------------------------------------------------------------
Total overall payments
----------------------------------------------------------------------------------------------------------------------------------------------------
total generation payment 	 total up-FRP payment 	 total dw-FRP payment 	 total pre-up t. payment 	 uplift payment 	 total post-up t. payment 	 profit
----------------------------------------------------------------------------------------------------------------------------------------------------
1.16427638545e6 			 4804.374112 			 0.0 			 1.169080759562e6			 223578.896653 			 1.3926596562150002e6 			 1.0448621261460001e6
