****************************************************************************************************
 
Generation payment
----------------------------------------------------------------------------------------------------------------
unit	 time 	 generation payment 	 up-FRP payment 	 dw-FRP payment 	pre-up total payment
----------------------------------------------------------------------------------------------------------------
g1	 1 	 129.854291 			 0.0 			 0.0			 129.854291 
g1	 2 	 147.037636 			 0.0 			 0.0			 147.037636 
g1	 3 	 177.040119 			 0.0 			 0.0			 177.040119 
g1	 4 	 148.25416 			 0.0 			 0.0			 148.25416 
g1	 5 	 200.453222 			 0.0 			 0.0			 200.453222 
g1	 6 	 192.618424 			 0.0 			 0.0			 192.618424 
g1	 7 	 186.353002 			 0.0 			 0.0			 186.353002 
g1	 8 	 96.439395 			 0.0 			 0.0			 96.439395 
g1	 9 	 216.885466 			 0.0 			 0.0			 216.885466 
g1	 10 	 169.947507 			 0.0 			 0.0			 169.947507 
g1	 11 	 81.769085 			 0.0 			 0.0			 81.769085 
g1	 12 	 106.088919 			 0.0 			 0.0			 106.088919 
g1	 13 	 172.951385 			 0.0 			 0.0			 172.951385 
g1	 14 	 184.514275 			 0.0 			 0.0			 184.514275 
g1	 15 	 86.522026 			 0.0 			 0.0			 86.522026 
g1	 16 	 142.174051 			 0.0 			 0.0			 142.174051 
g1	 17 	 126.170739 			 0.0 			 0.0			 126.170739 
g1	 18 	 171.106608 			 0.0 			 0.0			 171.106608 
g1	 19 	 200.165552 			 0.0 			 0.0			 200.165552 
g1	 20 	 123.742211 			 0.0 			 0.0			 123.742211 
g1	 21 	 138.145371 			 0.0 			 0.0			 138.145371 
g1	 22 	 203.040447 			 0.0 			 0.0			 203.040447 
g1	 23 	 130.312248 			 0.0 			 0.0			 130.312248 
g1	 24 	 99.252409 			 0.0 			 0.0			 99.252409 
g1	 25 	 255.476228 			 0.0 			 0.0			 255.476228 
g1	 26 	 165.769154 			 0.0 			 0.0			 165.769154 
g1	 27 	 151.685343 			 0.0 			 0.0			 151.685343 
g1	 28 	 201.222456 			 0.0 			 0.0			 201.222456 
g1	 29 	 159.844266 			 0.0 			 0.0			 159.844266 
g1	 30 	 159.844266 			 0.0 			 0.0			 159.844266 
g1	 31 	 159.844266 			 0.0 			 0.0			 159.844266 
g1	 32 	 159.844266 			 0.0 			 0.0			 159.844266 
g1	 33 	 151.746052 			 0.0 			 0.0			 151.746052 
g1	 34 	 174.594371 			 0.0 			 0.0			 174.594371 
g1	 35 	 151.746052 			 0.0 			 0.0			 151.746052 
g1	 36 	 151.746052 			 0.0 			 0.0			 151.746052 
g1	 37 	 156.562392 			 0.0 			 0.0			 156.562392 
g1	 38 	 147.357972 			 0.0 			 0.0			 147.357972 
g1	 39 	 268.154196 			 0.0 			 0.0			 268.154196 
g1	 40 	 223.984007 			 0.0 			 0.0			 223.984007 
g1	 41 	 230.023071 			 0.0 			 0.0			 230.023071 
g1	 42 	 96.332582 			 0.0 			 0.0			 96.332582 
g1	 43 	 184.145787 			 0.0 			 0.0			 184.145787 
g1	 44 	 68.184718 			 0.0 			 0.0			 68.184718 
g1	 45 	 291.425226 			 0.0 			 0.0			 291.425226 
g1	 46 	 248.45859 			 0.0 			 0.0			 248.45859 
g1	 47 	 164.01873 			 0.0 			 0.0			 164.01873 
g1	 48 	 136.216095 			 0.0 			 0.0			 136.216095 
g1	 49 	 161.661561 			 0.0 			 0.0			 161.661561 
g1	 50 	 251.502552 			 0.0 			 0.0			 251.502552 
g1	 51 	 116.838162 			 0.0 			 0.0			 116.838162 
g1	 52 	 247.389937 			 0.0 			 0.0			 247.389937 
g1	 53 	 203.163938 			 0.0 			 0.0			 203.163938 
g1	 54 	 203.163938 			 0.0 			 0.0			 203.163938 
g1	 55 	 203.163938 			 0.0 			 0.0			 203.163938 
g1	 56 	 169.907039 			 0.0 			 0.0			 169.907039 
g1	 57 	 172.152509 			 0.0 			 0.0			 172.152509 
g1	 58 	 172.152509 			 0.0 			 0.0			 172.152509 
g1	 59 	 127.936505 			 0.0 			 0.0			 127.936505 
g1	 60 	 172.152509 			 0.0 			 0.0			 172.152509 
g1	 61 	 140.628019 			 0.0 			 0.0			 140.628019 
g1	 62 	 172.152509 			 0.0 			 0.0			 172.152509 
g1	 63 	 172.152509 			 0.0 			 0.0			 172.152509 
g1	 64 	 45.71202 			 0.0 			 0.0			 45.71202 
g1	 65 	 172.152509 			 0.0 			 0.0			 172.152509 
g1	 66 	 172.152509 			 0.0 			 0.0			 172.152509 
g1	 67 	 172.152509 			 0.0 			 0.0			 172.152509 
g1	 68 	 172.152509 			 0.0 			 0.0			 172.152509 
g1	 69 	 172.152509 			 0.0 			 0.0			 172.152509 
g1	 70 	 172.152509 			 0.0 			 0.0			 172.152509 
g1	 71 	 172.152509 			 0.0 			 0.0			 172.152509 
g1	 72 	 172.152509 			 0.0 			 0.0			 172.152509 
g1	 73 	 172.152509 			 0.0 			 0.0			 172.152509 
g1	 74 	 172.152509 			 0.0 			 0.0			 172.152509 
g1	 75 	 172.152509 			 0.0 			 0.0			 172.152509 
g1	 76 	 172.152509 			 0.0 			 0.0			 172.152509 
g1	 77 	 172.152509 			 0.0 			 0.0			 172.152509 
g1	 78 	 172.152509 			 0.0 			 0.0			 172.152509 
g1	 79 	 172.152509 			 0.0 			 0.0			 172.152509 
g1	 80 	 172.152509 			 0.0 			 0.0			 172.152509 
g1	 81 	 172.152509 			 0.0 			 0.0			 172.152509 
g1	 82 	 66.010667 			 0.0 			 0.0			 66.010667 
g1	 83 	 172.152509 			 0.0 			 0.0			 172.152509 
g1	 84 	 160.088214 			 0.0 			 0.0			 160.088214 
g1	 85 	 124.704598 			 0.0 			 0.0			 124.704598 
g1	 86 	 243.946184 			 0.0 			 0.0			 243.946184 
g1	 87 	 253.205474 			 0.0 			 0.0			 253.205474 
g1	 88 	 200.715573 			 0.0 			 0.0			 200.715573 
g1	 89 	 621.334823 			 0.0 			 0.0			 621.334823 
g1	 90 	 479.295461 			 0.0 			 0.0			 479.295461 
g1	 91 	 536.269809 			 0.0 			 0.0			 536.269809 
g1	 92 	 599.179893 			 0.0 			 0.0			 599.179893 
g1	 93 	 132.230267 			 0.0 			 0.0			 132.230267 
g1	 94 	 115.99022 			 0.0 			 0.0			 115.99022 
g1	 95 	 76.346935 			 0.0 			 0.0			 76.346935 
g1	 96 	 157.620103 			 0.0 			 0.0			 157.620103 
----------------------------------------------------------------------------------------------------
g2	 1 	 0.0 			 0.0 			 0.0			 0.0 
g2	 2 	 0.0 			 0.0 			 0.0			 0.0 
g2	 3 	 0.0 			 0.0 			 0.0			 0.0 
g2	 4 	 0.0 			 0.0 			 0.0			 0.0 
g2	 5 	 0.0 			 0.0 			 0.0			 0.0 
g2	 6 	 0.0 			 0.0 			 0.0			 0.0 
g2	 7 	 0.0 			 0.0 			 0.0			 0.0 
g2	 8 	 0.0 			 0.0 			 0.0			 0.0 
g2	 9 	 0.0 			 0.0 			 0.0			 0.0 
g2	 10 	 0.0 			 0.0 			 0.0			 0.0 
g2	 11 	 0.0 			 0.0 			 0.0			 0.0 
g2	 12 	 0.0 			 0.0 			 0.0			 0.0 
g2	 13 	 0.0 			 0.0 			 0.0			 0.0 
g2	 14 	 0.0 			 0.0 			 0.0			 0.0 
g2	 15 	 0.0 			 0.0 			 0.0			 0.0 
g2	 16 	 0.0 			 0.0 			 0.0			 0.0 
g2	 17 	 0.0 			 0.0 			 0.0			 0.0 
g2	 18 	 0.0 			 0.0 			 0.0			 0.0 
g2	 19 	 0.0 			 0.0 			 0.0			 0.0 
g2	 20 	 0.0 			 0.0 			 0.0			 0.0 
g2	 21 	 0.0 			 0.0 			 0.0			 0.0 
g2	 22 	 0.0 			 0.0 			 0.0			 0.0 
g2	 23 	 0.0 			 0.0 			 0.0			 0.0 
g2	 24 	 0.0 			 0.0 			 0.0			 0.0 
g2	 25 	 0.0 			 0.0 			 0.0			 0.0 
g2	 26 	 0.0 			 0.0 			 0.0			 0.0 
g2	 27 	 0.0 			 0.0 			 0.0			 0.0 
g2	 28 	 0.0 			 0.0 			 0.0			 0.0 
g2	 29 	 112.869387 			 0.0 			 0.0			 112.869387 
g2	 30 	 23.41237 			 0.0 			 0.0			 23.41237 
g2	 31 	 15.790905 			 0.0 			 0.0			 15.790905 
g2	 32 	 53.82411 			 0.0 			 0.0			 53.82411 
g2	 33 	 1.478198 			 0.0 			 0.0			 1.478198 
g2	 34 	 21.701904 			 0.0 			 0.0			 21.701904 
g2	 35 	 3.645829 			 0.0 			 0.0			 3.645829 
g2	 36 	 -115.631032 			 0.0 			 0.0			 -115.631032 
g2	 37 	 21.701904 			 0.0 			 0.0			 21.701904 
g2	 38 	 21.701904 			 0.0 			 0.0			 21.701904 
g2	 39 	 21.701904 			 0.0 			 0.0			 21.701904 
g2	 40 	 21.701904 			 0.0 			 0.0			 21.701904 
g2	 41 	 21.701904 			 0.0 			 0.0			 21.701904 
g2	 42 	 21.701904 			 0.0 			 0.0			 21.701904 
g2	 43 	 21.701904 			 0.0 			 0.0			 21.701904 
g2	 44 	 21.701904 			 0.0 			 0.0			 21.701904 
g2	 45 	 21.701904 			 0.0 			 0.0			 21.701904 
g2	 46 	 21.701904 			 0.0 			 0.0			 21.701904 
g2	 47 	 21.701904 			 0.0 			 0.0			 21.701904 
g2	 48 	 21.701904 			 0.0 			 0.0			 21.701904 
g2	 49 	 21.701904 			 0.0 			 0.0			 21.701904 
g2	 50 	 21.701904 			 0.0 			 0.0			 21.701904 
g2	 51 	 21.701904 			 0.0 			 0.0			 21.701904 
g2	 52 	 21.701904 			 0.0 			 0.0			 21.701904 
g2	 53 	 59.442501 			 0.0 			 0.0			 59.442501 
g2	 54 	 83.578066 			 0.0 			 0.0			 83.578066 
g2	 55 	 61.907799 			 0.0 			 0.0			 61.907799 
g2	 56 	 21.701904 			 0.0 			 0.0			 21.701904 
g2	 57 	 78.973989 			 0.0 			 0.0			 78.973989 
g2	 58 	 29.759004 			 0.0 			 0.0			 29.759004 
g2	 59 	 -31.625517 			 0.0 			 0.0			 -31.625517 
g2	 60 	 24.399054 			 0.0 			 0.0			 24.399054 
g2	 61 	 -69.494176 			 0.0 			 0.0			 -69.494176 
g2	 62 	 117.203191 			 0.0 			 0.0			 117.203191 
g2	 63 	 38.549589 			 0.0 			 0.0			 38.549589 
g2	 64 	 -69.494176 			 0.0 			 0.0			 -69.494176 
g2	 65 	 -7.142061 			 0.0 			 0.0			 -7.142061 
g2	 66 	 -72.602204 			 0.0 			 0.0			 -72.602204 
g2	 67 	 68.068797 			 0.0 			 0.0			 68.068797 
g2	 68 	 23.629837 			 0.0 			 0.0			 23.629837 
g2	 69 	 52.402461 			 0.0 			 0.0			 52.402461 
g2	 70 	 129.950377 			 0.0 			 0.0			 129.950377 
g2	 71 	 99.728384 			 0.0 			 0.0			 99.728384 
g2	 72 	 250.403321 			 0.0 			 0.0			 250.403321 
g2	 73 	 -2.778544 			 0.0 			 0.0			 -2.778544 
g2	 74 	 -63.165978 			 0.0 			 0.0			 -63.165978 
g2	 75 	 13.774605 			 0.0 			 0.0			 13.774605 
g2	 76 	 90.326016 			 0.0 			 0.0			 90.326016 
g2	 77 	 20.155883 			 0.0 			 0.0			 20.155883 
g2	 78 	 61.856136 			 0.0 			 0.0			 61.856136 
g2	 79 	 70.053719 			 0.0 			 0.0			 70.053719 
g2	 80 	 26.576539 			 0.0 			 0.0			 26.576539 
g2	 81 	 9.63866 			 0.0 			 0.0			 9.63866 
g2	 82 	 -13.611075 			 0.0 			 0.0			 -13.611075 
g2	 83 	 23.589786 			 0.0 			 0.0			 23.589786 
g2	 84 	 -13.611075 			 0.0 			 0.0			 -13.611075 
g2	 85 	 21.701904 			 0.0 			 0.0			 21.701904 
g2	 86 	 21.701904 			 0.0 			 0.0			 21.701904 
g2	 87 	 21.701904 			 0.0 			 0.0			 21.701904 
g2	 88 	 21.701904 			 0.0 			 0.0			 21.701904 
g2	 89 	 -279.62986 			 0.0 			 0.0			 -279.62986 
g2	 90 	 -279.62986 			 0.0 			 0.0			 -279.62986 
g2	 91 	 -279.62986 			 0.0 			 0.0			 -279.62986 
g2	 92 	 -279.62986 			 0.0 			 0.0			 -279.62986 
g2	 93 	 0.0 			 0.0 			 0.0			 0.0 
g2	 94 	 0.0 			 0.0 			 0.0			 0.0 
g2	 95 	 0.0 			 0.0 			 0.0			 0.0 
g2	 96 	 0.0 			 0.0 			 0.0			 0.0 
----------------------------------------------------------------------------------------------------
g3	 1 	 0.0 			 0.0 			 0.0			 0.0 
g3	 2 	 0.0 			 0.0 			 0.0			 0.0 
g3	 3 	 0.0 			 0.0 			 0.0			 0.0 
g3	 4 	 0.0 			 0.0 			 0.0			 0.0 
g3	 5 	 0.0 			 0.0 			 0.0			 0.0 
g3	 6 	 0.0 			 0.0 			 0.0			 0.0 
g3	 7 	 0.0 			 0.0 			 0.0			 0.0 
g3	 8 	 0.0 			 0.0 			 0.0			 0.0 
g3	 9 	 0.0 			 0.0 			 0.0			 0.0 
g3	 10 	 0.0 			 0.0 			 0.0			 0.0 
g3	 11 	 0.0 			 0.0 			 0.0			 0.0 
g3	 12 	 0.0 			 0.0 			 0.0			 0.0 
g3	 13 	 0.0 			 0.0 			 0.0			 0.0 
g3	 14 	 0.0 			 0.0 			 0.0			 0.0 
g3	 15 	 0.0 			 0.0 			 0.0			 0.0 
g3	 16 	 0.0 			 0.0 			 0.0			 0.0 
g3	 17 	 0.0 			 0.0 			 0.0			 0.0 
g3	 18 	 0.0 			 0.0 			 0.0			 0.0 
g3	 19 	 0.0 			 0.0 			 0.0			 0.0 
g3	 20 	 0.0 			 0.0 			 0.0			 0.0 
g3	 21 	 0.0 			 0.0 			 0.0			 0.0 
g3	 22 	 0.0 			 0.0 			 0.0			 0.0 
g3	 23 	 0.0 			 0.0 			 0.0			 0.0 
g3	 24 	 0.0 			 0.0 			 0.0			 0.0 
g3	 25 	 0.0 			 0.0 			 0.0			 0.0 
g3	 26 	 0.0 			 0.0 			 0.0			 0.0 
g3	 27 	 0.0 			 0.0 			 0.0			 0.0 
g3	 28 	 0.0 			 0.0 			 0.0			 0.0 
g3	 29 	 0.0 			 0.0 			 0.0			 0.0 
g3	 30 	 0.0 			 0.0 			 0.0			 0.0 
g3	 31 	 0.0 			 0.0 			 0.0			 0.0 
g3	 32 	 0.0 			 0.0 			 0.0			 0.0 
g3	 33 	 0.0 			 0.0 			 0.0			 0.0 
g3	 34 	 0.0 			 0.0 			 0.0			 0.0 
g3	 35 	 0.0 			 0.0 			 0.0			 0.0 
g3	 36 	 0.0 			 0.0 			 0.0			 0.0 
g3	 37 	 0.0 			 0.0 			 0.0			 0.0 
g3	 38 	 0.0 			 0.0 			 0.0			 0.0 
g3	 39 	 0.0 			 0.0 			 0.0			 0.0 
g3	 40 	 0.0 			 0.0 			 0.0			 0.0 
g3	 41 	 0.0 			 0.0 			 0.0			 0.0 
g3	 42 	 0.0 			 0.0 			 0.0			 0.0 
g3	 43 	 0.0 			 0.0 			 0.0			 0.0 
g3	 44 	 0.0 			 0.0 			 0.0			 0.0 
g3	 45 	 15.56631 			 0.0 			 0.0			 15.56631 
g3	 46 	 15.56631 			 0.0 			 0.0			 15.56631 
g3	 47 	 15.56631 			 0.0 			 0.0			 15.56631 
g3	 48 	 15.56631 			 0.0 			 0.0			 15.56631 
g3	 49 	 15.56631 			 0.0 			 0.0			 15.56631 
g3	 50 	 15.56631 			 0.0 			 0.0			 15.56631 
g3	 51 	 15.56631 			 0.0 			 0.0			 15.56631 
g3	 52 	 15.56631 			 0.0 			 0.0			 15.56631 
g3	 53 	 16.491381 			 0.0 			 0.0			 16.491381 
g3	 54 	 16.491381 			 0.0 			 0.0			 16.491381 
g3	 55 	 16.491381 			 0.0 			 0.0			 16.491381 
g3	 56 	 15.56631 			 0.0 			 0.0			 15.56631 
g3	 57 	 16.491381 			 0.0 			 0.0			 16.491381 
g3	 58 	 16.491381 			 0.0 			 0.0			 16.491381 
g3	 59 	 15.56631 			 0.0 			 0.0			 15.56631 
g3	 60 	 16.491381 			 0.0 			 0.0			 16.491381 
g3	 61 	 15.56631 			 0.0 			 0.0			 15.56631 
g3	 62 	 16.491381 			 0.0 			 0.0			 16.491381 
g3	 63 	 16.491381 			 0.0 			 0.0			 16.491381 
g3	 64 	 15.56631 			 0.0 			 0.0			 15.56631 
g3	 65 	 16.491381 			 0.0 			 0.0			 16.491381 
g3	 66 	 16.491381 			 0.0 			 0.0			 16.491381 
g3	 67 	 16.491381 			 0.0 			 0.0			 16.491381 
g3	 68 	 16.491381 			 0.0 			 0.0			 16.491381 
g3	 69 	 -41.46772 			 0.0 			 0.0			 -41.46772 
g3	 70 	 -41.46772 			 0.0 			 0.0			 -41.46772 
g3	 71 	 -41.46772 			 0.0 			 0.0			 -41.46772 
g3	 72 	 -41.46772 			 0.0 			 0.0			 -41.46772 
g3	 73 	 0.0 			 0.0 			 0.0			 0.0 
g3	 74 	 0.0 			 0.0 			 0.0			 0.0 
g3	 75 	 0.0 			 0.0 			 0.0			 0.0 
g3	 76 	 0.0 			 0.0 			 0.0			 0.0 
g3	 77 	 0.0 			 0.0 			 0.0			 0.0 
g3	 78 	 0.0 			 0.0 			 0.0			 0.0 
g3	 79 	 0.0 			 0.0 			 0.0			 0.0 
g3	 80 	 0.0 			 0.0 			 0.0			 0.0 
g3	 81 	 0.0 			 0.0 			 0.0			 0.0 
g3	 82 	 0.0 			 0.0 			 0.0			 0.0 
g3	 83 	 0.0 			 0.0 			 0.0			 0.0 
g3	 84 	 0.0 			 0.0 			 0.0			 0.0 
g3	 85 	 0.0 			 0.0 			 0.0			 0.0 
g3	 86 	 0.0 			 0.0 			 0.0			 0.0 
g3	 87 	 0.0 			 0.0 			 0.0			 0.0 
g3	 88 	 0.0 			 0.0 			 0.0			 0.0 
g3	 89 	 0.0 			 0.0 			 0.0			 0.0 
g3	 90 	 0.0 			 0.0 			 0.0			 0.0 
g3	 91 	 0.0 			 0.0 			 0.0			 0.0 
g3	 92 	 0.0 			 0.0 			 0.0			 0.0 
g3	 93 	 0.0 			 0.0 			 0.0			 0.0 
g3	 94 	 0.0 			 0.0 			 0.0			 0.0 
g3	 95 	 0.0 			 0.0 			 0.0			 0.0 
g3	 96 	 0.0 			 0.0 			 0.0			 0.0 
----------------------------------------------------------------------------------------------------
g4	 1 	 0.0 			 0.0 			 0.0			 0.0 
g4	 2 	 0.0 			 0.0 			 0.0			 0.0 
g4	 3 	 0.0 			 0.0 			 0.0			 0.0 
g4	 4 	 0.0 			 0.0 			 0.0			 0.0 
g4	 5 	 0.0 			 0.0 			 0.0			 0.0 
g4	 6 	 0.0 			 0.0 			 0.0			 0.0 
g4	 7 	 0.0 			 0.0 			 0.0			 0.0 
g4	 8 	 0.0 			 0.0 			 0.0			 0.0 
g4	 9 	 0.0 			 0.0 			 0.0			 0.0 
g4	 10 	 0.0 			 0.0 			 0.0			 0.0 
g4	 11 	 0.0 			 0.0 			 0.0			 0.0 
g4	 12 	 0.0 			 0.0 			 0.0			 0.0 
g4	 13 	 0.0 			 0.0 			 0.0			 0.0 
g4	 14 	 0.0 			 0.0 			 0.0			 0.0 
g4	 15 	 0.0 			 0.0 			 0.0			 0.0 
g4	 16 	 0.0 			 0.0 			 0.0			 0.0 
g4	 17 	 0.0 			 0.0 			 0.0			 0.0 
g4	 18 	 0.0 			 0.0 			 0.0			 0.0 
g4	 19 	 0.0 			 0.0 			 0.0			 0.0 
g4	 20 	 0.0 			 0.0 			 0.0			 0.0 
g4	 21 	 0.0 			 0.0 			 0.0			 0.0 
g4	 22 	 0.0 			 0.0 			 0.0			 0.0 
g4	 23 	 0.0 			 0.0 			 0.0			 0.0 
g4	 24 	 0.0 			 0.0 			 0.0			 0.0 
g4	 25 	 0.0 			 0.0 			 0.0			 0.0 
g4	 26 	 0.0 			 0.0 			 0.0			 0.0 
g4	 27 	 0.0 			 0.0 			 0.0			 0.0 
g4	 28 	 0.0 			 0.0 			 0.0			 0.0 
g4	 29 	 0.0 			 0.0 			 0.0			 0.0 
g4	 30 	 0.0 			 0.0 			 0.0			 0.0 
g4	 31 	 0.0 			 0.0 			 0.0			 0.0 
g4	 32 	 0.0 			 0.0 			 0.0			 0.0 
g4	 33 	 0.0 			 0.0 			 0.0			 0.0 
g4	 34 	 0.0 			 0.0 			 0.0			 0.0 
g4	 35 	 0.0 			 0.0 			 0.0			 0.0 
g4	 36 	 0.0 			 0.0 			 0.0			 0.0 
g4	 37 	 0.0 			 0.0 			 0.0			 0.0 
g4	 38 	 0.0 			 0.0 			 0.0			 0.0 
g4	 39 	 0.0 			 0.0 			 0.0			 0.0 
g4	 40 	 0.0 			 0.0 			 0.0			 0.0 
g4	 41 	 0.0 			 0.0 			 0.0			 0.0 
g4	 42 	 0.0 			 0.0 			 0.0			 0.0 
g4	 43 	 0.0 			 0.0 			 0.0			 0.0 
g4	 44 	 0.0 			 0.0 			 0.0			 0.0 
g4	 45 	 0.0 			 0.0 			 0.0			 0.0 
g4	 46 	 0.0 			 0.0 			 0.0			 0.0 
g4	 47 	 0.0 			 0.0 			 0.0			 0.0 
g4	 48 	 0.0 			 0.0 			 0.0			 0.0 
g4	 49 	 0.0 			 0.0 			 0.0			 0.0 
g4	 50 	 0.0 			 0.0 			 0.0			 0.0 
g4	 51 	 0.0 			 0.0 			 0.0			 0.0 
g4	 52 	 0.0 			 0.0 			 0.0			 0.0 
g4	 53 	 0.0 			 0.0 			 0.0			 0.0 
g4	 54 	 0.0 			 0.0 			 0.0			 0.0 
g4	 55 	 0.0 			 0.0 			 0.0			 0.0 
g4	 56 	 0.0 			 0.0 			 0.0			 0.0 
g4	 57 	 0.0 			 0.0 			 0.0			 0.0 
g4	 58 	 0.0 			 0.0 			 0.0			 0.0 
g4	 59 	 0.0 			 0.0 			 0.0			 0.0 
g4	 60 	 0.0 			 0.0 			 0.0			 0.0 
g4	 61 	 0.0 			 0.0 			 0.0			 0.0 
g4	 62 	 0.0 			 0.0 			 0.0			 0.0 
g4	 63 	 0.0 			 0.0 			 0.0			 0.0 
g4	 64 	 0.0 			 0.0 			 0.0			 0.0 
g4	 65 	 0.0 			 0.0 			 0.0			 0.0 
g4	 66 	 0.0 			 0.0 			 0.0			 0.0 
g4	 67 	 0.0 			 0.0 			 0.0			 0.0 
g4	 68 	 0.0 			 0.0 			 0.0			 0.0 
g4	 69 	 0.0 			 0.0 			 0.0			 0.0 
g4	 70 	 0.0 			 0.0 			 0.0			 0.0 
g4	 71 	 0.0 			 0.0 			 0.0			 0.0 
g4	 72 	 0.0 			 0.0 			 0.0			 0.0 
g4	 73 	 0.0 			 0.0 			 0.0			 0.0 
g4	 74 	 0.0 			 0.0 			 0.0			 0.0 
g4	 75 	 0.0 			 0.0 			 0.0			 0.0 
g4	 76 	 0.0 			 0.0 			 0.0			 0.0 
g4	 77 	 0.0 			 0.0 			 0.0			 0.0 
g4	 78 	 0.0 			 0.0 			 0.0			 0.0 
g4	 79 	 0.0 			 0.0 			 0.0			 0.0 
g4	 80 	 0.0 			 0.0 			 0.0			 0.0 
g4	 81 	 0.0 			 0.0 			 0.0			 0.0 
g4	 82 	 0.0 			 0.0 			 0.0			 0.0 
g4	 83 	 0.0 			 0.0 			 0.0			 0.0 
g4	 84 	 0.0 			 0.0 			 0.0			 0.0 
g4	 85 	 0.0 			 0.0 			 0.0			 0.0 
g4	 86 	 0.0 			 0.0 			 0.0			 0.0 
g4	 87 	 0.0 			 0.0 			 0.0			 0.0 
g4	 88 	 0.0 			 0.0 			 0.0			 0.0 
g4	 89 	 0.0 			 0.0 			 0.0			 0.0 
g4	 90 	 0.0 			 0.0 			 0.0			 0.0 
g4	 91 	 0.0 			 0.0 			 0.0			 0.0 
g4	 92 	 0.0 			 0.0 			 0.0			 0.0 
g4	 93 	 0.0 			 0.0 			 0.0			 0.0 
g4	 94 	 0.0 			 0.0 			 0.0			 0.0 
g4	 95 	 0.0 			 0.0 			 0.0			 0.0 
g4	 96 	 0.0 			 0.0 			 0.0			 0.0 
----------------------------------------------------------------------------------------------------
g5	 1 	 0.0 			 0.0 			 0.0			 0.0 
g5	 2 	 0.0 			 0.0 			 0.0			 0.0 
g5	 3 	 0.0 			 0.0 			 0.0			 0.0 
g5	 4 	 0.0 			 0.0 			 0.0			 0.0 
g5	 5 	 21.893178 			 0.0 			 0.0			 21.893178 
g5	 6 	 21.893178 			 0.0 			 0.0			 21.893178 
g5	 7 	 21.893178 			 0.0 			 0.0			 21.893178 
g5	 8 	 21.893178 			 0.0 			 0.0			 21.893178 
g5	 9 	 21.893178 			 0.0 			 0.0			 21.893178 
g5	 10 	 21.893178 			 0.0 			 0.0			 21.893178 
g5	 11 	 21.893178 			 0.0 			 0.0			 21.893178 
g5	 12 	 21.893178 			 0.0 			 0.0			 21.893178 
g5	 13 	 21.893178 			 0.0 			 0.0			 21.893178 
g5	 14 	 21.893178 			 0.0 			 0.0			 21.893178 
g5	 15 	 21.893178 			 0.0 			 0.0			 21.893178 
g5	 16 	 21.893178 			 0.0 			 0.0			 21.893178 
g5	 17 	 21.893178 			 0.0 			 0.0			 21.893178 
g5	 18 	 21.893178 			 0.0 			 0.0			 21.893178 
g5	 19 	 21.893178 			 0.0 			 0.0			 21.893178 
g5	 20 	 21.893178 			 0.0 			 0.0			 21.893178 
g5	 21 	 21.893178 			 0.0 			 0.0			 21.893178 
g5	 22 	 21.893178 			 0.0 			 0.0			 21.893178 
g5	 23 	 21.893178 			 0.0 			 0.0			 21.893178 
g5	 24 	 21.893178 			 0.0 			 0.0			 21.893178 
g5	 25 	 22.372141 			 0.0 			 0.0			 22.372141 
g5	 26 	 21.893178 			 0.0 			 0.0			 21.893178 
g5	 27 	 21.893178 			 0.0 			 0.0			 21.893178 
g5	 28 	 21.893178 			 0.0 			 0.0			 21.893178 
g5	 29 	 22.007089 			 0.0 			 0.0			 22.007089 
g5	 30 	 22.007089 			 0.0 			 0.0			 22.007089 
g5	 31 	 22.007089 			 0.0 			 0.0			 22.007089 
g5	 32 	 22.007089 			 0.0 			 0.0			 22.007089 
g5	 33 	 22.007089 			 0.0 			 0.0			 22.007089 
g5	 34 	 22.372141 			 0.0 			 0.0			 22.372141 
g5	 35 	 22.007089 			 0.0 			 0.0			 22.007089 
g5	 36 	 22.007089 			 0.0 			 0.0			 22.007089 
g5	 37 	 22.372141 			 0.0 			 0.0			 22.372141 
g5	 38 	 22.372141 			 0.0 			 0.0			 22.372141 
g5	 39 	 22.372141 			 0.0 			 0.0			 22.372141 
g5	 40 	 22.372141 			 0.0 			 0.0			 22.372141 
g5	 41 	 22.372141 			 0.0 			 0.0			 22.372141 
g5	 42 	 22.372141 			 0.0 			 0.0			 22.372141 
g5	 43 	 22.372141 			 0.0 			 0.0			 22.372141 
g5	 44 	 22.372141 			 0.0 			 0.0			 22.372141 
g5	 45 	 22.372141 			 0.0 			 0.0			 22.372141 
g5	 46 	 22.372141 			 0.0 			 0.0			 22.372141 
g5	 47 	 22.372141 			 0.0 			 0.0			 22.372141 
g5	 48 	 22.372141 			 0.0 			 0.0			 22.372141 
g5	 49 	 22.372141 			 0.0 			 0.0			 22.372141 
g5	 50 	 22.372141 			 0.0 			 0.0			 22.372141 
g5	 51 	 22.372141 			 0.0 			 0.0			 22.372141 
g5	 52 	 22.372141 			 0.0 			 0.0			 22.372141 
g5	 53 	 23.701668 			 0.0 			 0.0			 23.701668 
g5	 54 	 23.701668 			 0.0 			 0.0			 23.701668 
g5	 55 	 23.701668 			 0.0 			 0.0			 23.701668 
g5	 56 	 22.372141 			 0.0 			 0.0			 22.372141 
g5	 57 	 23.701668 			 0.0 			 0.0			 23.701668 
g5	 58 	 23.701668 			 0.0 			 0.0			 23.701668 
g5	 59 	 22.372141 			 0.0 			 0.0			 22.372141 
g5	 60 	 23.701668 			 0.0 			 0.0			 23.701668 
g5	 61 	 22.372141 			 0.0 			 0.0			 22.372141 
g5	 62 	 23.701668 			 0.0 			 0.0			 23.701668 
g5	 63 	 23.701668 			 0.0 			 0.0			 23.701668 
g5	 64 	 22.372141 			 0.0 			 0.0			 22.372141 
g5	 65 	 23.701668 			 0.0 			 0.0			 23.701668 
g5	 66 	 23.701668 			 0.0 			 0.0			 23.701668 
g5	 67 	 23.701668 			 0.0 			 0.0			 23.701668 
g5	 68 	 23.701668 			 0.0 			 0.0			 23.701668 
g5	 69 	 -2.110391 			 0.0 			 0.0			 -2.110391 
g5	 70 	 -2.110391 			 0.0 			 0.0			 -2.110391 
g5	 71 	 -2.110391 			 0.0 			 0.0			 -2.110391 
g5	 72 	 -2.110391 			 0.0 			 0.0			 -2.110391 
g5	 73 	 23.701668 			 0.0 			 0.0			 23.701668 
g5	 74 	 23.701668 			 0.0 			 0.0			 23.701668 
g5	 75 	 23.701668 			 0.0 			 0.0			 23.701668 
g5	 76 	 23.701668 			 0.0 			 0.0			 23.701668 
g5	 77 	 23.701668 			 0.0 			 0.0			 23.701668 
g5	 78 	 23.701668 			 0.0 			 0.0			 23.701668 
g5	 79 	 23.701668 			 0.0 			 0.0			 23.701668 
g5	 80 	 23.701668 			 0.0 			 0.0			 23.701668 
g5	 81 	 23.701668 			 0.0 			 0.0			 23.701668 
g5	 82 	 22.372141 			 0.0 			 0.0			 22.372141 
g5	 83 	 23.701668 			 0.0 			 0.0			 23.701668 
g5	 84 	 22.372141 			 0.0 			 0.0			 22.372141 
g5	 85 	 22.372141 			 0.0 			 0.0			 22.372141 
g5	 86 	 22.372141 			 0.0 			 0.0			 22.372141 
g5	 87 	 22.372141 			 0.0 			 0.0			 22.372141 
g5	 88 	 22.372141 			 0.0 			 0.0			 22.372141 
g5	 89 	 -75.623809 			 0.0 			 0.0			 -75.623809 
g5	 90 	 -75.623809 			 0.0 			 0.0			 -75.623809 
g5	 91 	 -75.623809 			 0.0 			 0.0			 -75.623809 
g5	 92 	 -75.623809 			 0.0 			 0.0			 -75.623809 
g5	 93 	 0.0 			 0.0 			 0.0			 0.0 
g5	 94 	 0.0 			 0.0 			 0.0			 0.0 
g5	 95 	 0.0 			 0.0 			 0.0			 0.0 
g5	 96 	 0.0 			 0.0 			 0.0			 0.0 
----------------------------------------------------------------------------------------------------------------
unit 	 generation payment 	 up-FRP payment 	 dw-FRP payment 	pre-up total payment
----------------------------------------------------------------------------------------------------------------
 g1 	 17486.578223			 0.000000			 0.000000			 17486.578223
 g2 	 544.755123			 0.000000			 0.000000			 544.755123
 g3 	 218.821412			 0.000000			 0.000000			 218.821412
 g4 	 0.000000			 0.000000			 0.000000			 0.000000
 g5 	 1494.512561			 0.000000			 0.000000			 1494.512561
----------------------------------------------------------------------------------------------------
generation payment 	 up-FRP payment 	 dw-FRP payment 	 pre-up total payment
----------------------------------------------------------------------------------------------------
19744.667319 			 0.0 			 0.0 			 19744.667319
 
****************************************************************************************************
 
Generation costs
----------------------------------------------------------------------------------------------------
unit	 time 	 generation cost 	 start-up cost  	total cost
----------------------------------------------------------------------------------------------------
g1	 1 	 2360.567726 			 0.0 			2360.567726
g1	 2 	 2377.751068 			 0.0 			2377.751068
g1	 3 	 2407.753558 			 0.0 			2407.753558
g1	 4 	 2378.967594 			 0.0 			2378.967594
g1	 5 	 2093.247827 			 0.0 			2093.247827
g1	 6 	 2085.413033 			 0.0 			2085.413033
g1	 7 	 2079.147612 			 0.0 			2079.147612
g1	 8 	 1989.233997 			 0.0 			1989.233997
g1	 9 	 1996.551156 			 0.0 			1996.551156
g1	 10 	 1949.613196 			 0.0 			1949.613196
g1	 11 	 1861.434773 			 0.0 			1861.434773
g1	 12 	 1885.754606 			 0.0 			1885.754606
g1	 13 	 1895.755111 			 0.0 			1895.755111
g1	 14 	 1907.318002 			 0.0 			1907.318002
g1	 15 	 1809.325752 			 0.0 			1809.325752
g1	 16 	 1864.977774 			 0.0 			1864.977774
g1	 17 	 1863.848632 			 0.0 			1863.848632
g1	 18 	 1908.784502 			 0.0 			1908.784502
g1	 19 	 1937.843448 			 0.0 			1937.843448
g1	 20 	 1861.420106 			 0.0 			1861.420106
g1	 21 	 2003.401737 			 0.0 			2003.401737
g1	 22 	 2068.296817 			 0.0 			2068.296817
g1	 23 	 1995.568612 			 0.0 			1995.568612
g1	 24 	 1964.508776 			 0.0 			1964.508776
g1	 25 	 2322.513773 			 0.0 			2322.513773
g1	 26 	 2238.074333 			 0.0 			2238.074333
g1	 27 	 2223.990524 			 0.0 			2223.990524
g1	 28 	 2273.527641 			 0.0 			2273.527641
g1	 29 	 2313.086426 			 0.0 			2313.086426
g1	 30 	 2313.086426 			 0.0 			2313.086426
g1	 31 	 2313.086426 			 0.0 			2313.086426
g1	 32 	 2313.086426 			 0.0 			2313.086426
g1	 33 	 2313.086426 			 0.0 			2313.086426
g1	 34 	 2333.4176 			 0.0 			2333.4176
g1	 35 	 2313.086426 			 0.0 			2313.086426
g1	 36 	 2313.086426 			 0.0 			2313.086426
g1	 37 	 2518.191819 			 0.0 			2518.191819
g1	 38 	 2508.987408 			 0.0 			2508.987408
g1	 39 	 2629.783628 			 0.0 			2629.783628
g1	 40 	 2585.613439 			 0.0 			2585.613439
g1	 41 	 2831.893565 			 0.0 			2831.893565
g1	 42 	 2698.203066 			 0.0 			2698.203066
g1	 43 	 2786.016281 			 0.0 			2786.016281
g1	 44 	 2670.055204 			 0.0 			2670.055204
g1	 45 	 2866.318977 			 0.0 			2866.318977
g1	 46 	 2823.352342 			 0.0 			2823.352342
g1	 47 	 2738.912484 			 0.0 			2738.912484
g1	 48 	 2711.109842 			 0.0 			2711.109842
g1	 49 	 2900.971749 			 0.0 			2900.971749
g1	 50 	 2990.812744 			 0.0 			2990.812744
g1	 51 	 2856.148346 			 0.0 			2856.148346
g1	 52 	 2986.700129 			 0.0 			2986.700129
g1	 53 	 3058.233409 			 0.0 			3058.233409
g1	 54 	 3058.233409 			 0.0 			3058.233409
g1	 55 	 3058.233409 			 0.0 			3058.233409
g1	 56 	 3036.372832 			 0.0 			3036.372832
g1	 57 	 3058.233409 			 0.0 			3058.233409
g1	 58 	 3058.233409 			 0.0 			3058.233409
g1	 59 	 3023.674172 			 0.0 			3023.674172
g1	 60 	 3058.233409 			 0.0 			3058.233409
g1	 61 	 3036.365687 			 0.0 			3036.365687
g1	 62 	 3058.233409 			 0.0 			3058.233409
g1	 63 	 3058.233409 			 0.0 			3058.233409
g1	 64 	 2941.449684 			 0.0 			2941.449684
g1	 65 	 3058.233409 			 0.0 			3058.233409
g1	 66 	 3058.233409 			 0.0 			3058.233409
g1	 67 	 3058.233409 			 0.0 			3058.233409
g1	 68 	 3058.233409 			 0.0 			3058.233409
g1	 69 	 3058.233409 			 0.0 			3058.233409
g1	 70 	 3058.233409 			 0.0 			3058.233409
g1	 71 	 3058.233409 			 0.0 			3058.233409
g1	 72 	 3058.233409 			 0.0 			3058.233409
g1	 73 	 3058.233409 			 0.0 			3058.233409
g1	 74 	 3058.233409 			 0.0 			3058.233409
g1	 75 	 3058.233409 			 0.0 			3058.233409
g1	 76 	 3058.233409 			 0.0 			3058.233409
g1	 77 	 3058.233409 			 0.0 			3058.233409
g1	 78 	 3058.233409 			 0.0 			3058.233409
g1	 79 	 3058.233409 			 0.0 			3058.233409
g1	 80 	 3058.233409 			 0.0 			3058.233409
g1	 81 	 3058.233409 			 0.0 			3058.233409
g1	 82 	 2961.748332 			 0.0 			2961.748332
g1	 83 	 3058.233409 			 0.0 			3058.233409
g1	 84 	 3055.825879 			 0.0 			3055.825879
g1	 85 	 2820.117799 			 0.0 			2820.117799
g1	 86 	 2939.359393 			 0.0 			2939.359393
g1	 87 	 2948.618684 			 0.0 			2948.618684
g1	 88 	 2896.128782 			 0.0 			2896.128782
g1	 89 	 2577.817461 			 0.0 			2577.817461
g1	 90 	 2435.778096 			 0.0 			2435.778096
g1	 91 	 2492.752447 			 0.0 			2492.752447
g1	 92 	 2555.662533 			 0.0 			2555.662533
g1	 93 	 2776.720751 			 0.0 			2776.720751
g1	 94 	 2760.480701 			 0.0 			2760.480701
g1	 95 	 2720.837421 			 0.0 			2720.837421
g1	 96 	 2802.110589 			 0.0 			2802.110589
----------------------------------------------------------------------------------------------------
g2	 1 	 0.0 			 0.0 			0.0
g2	 2 	 0.0 			 0.0 			0.0
g2	 3 	 0.0 			 0.0 			0.0
g2	 4 	 0.0 			 0.0 			0.0
g2	 5 	 0.0 			 0.0 			0.0
g2	 6 	 0.0 			 0.0 			0.0
g2	 7 	 0.0 			 0.0 			0.0
g2	 8 	 0.0 			 0.0 			0.0
g2	 9 	 0.0 			 0.0 			0.0
g2	 10 	 0.0 			 0.0 			0.0
g2	 11 	 0.0 			 0.0 			0.0
g2	 12 	 0.0 			 0.0 			0.0
g2	 13 	 0.0 			 0.0 			0.0
g2	 14 	 0.0 			 0.0 			0.0
g2	 15 	 0.0 			 0.0 			0.0
g2	 16 	 0.0 			 0.0 			0.0
g2	 17 	 0.0 			 0.0 			0.0
g2	 18 	 0.0 			 0.0 			0.0
g2	 19 	 0.0 			 0.0 			0.0
g2	 20 	 0.0 			 0.0 			0.0
g2	 21 	 0.0 			 0.0 			0.0
g2	 22 	 0.0 			 0.0 			0.0
g2	 23 	 0.0 			 0.0 			0.0
g2	 24 	 0.0 			 0.0 			0.0
g2	 25 	 0.0 			 0.0 			0.0
g2	 26 	 0.0 			 0.0 			0.0
g2	 27 	 0.0 			 0.0 			0.0
g2	 28 	 0.0 			 0.0 			0.0
g2	 29 	 417.636034 			 10598.13 			11015.766034
g2	 30 	 328.179016 			 0.0 			328.179016
g2	 31 	 320.557553 			 0.0 			320.557553
g2	 32 	 358.590757 			 0.0 			358.590757
g2	 33 	 514.902057 			 0.0 			514.902057
g2	 34 	 534.771644 			 0.0 			534.771644
g2	 35 	 517.06968 			 0.0 			517.06968
g2	 36 	 397.792827 			 0.0 			397.792827
g2	 37 	 534.771644 			 0.0 			534.771644
g2	 38 	 534.771644 			 0.0 			534.771644
g2	 39 	 534.771644 			 0.0 			534.771644
g2	 40 	 534.771644 			 0.0 			534.771644
g2	 41 	 534.771644 			 0.0 			534.771644
g2	 42 	 534.771644 			 0.0 			534.771644
g2	 43 	 534.771644 			 0.0 			534.771644
g2	 44 	 534.771644 			 0.0 			534.771644
g2	 45 	 534.771644 			 0.0 			534.771644
g2	 46 	 534.771644 			 0.0 			534.771644
g2	 47 	 534.771644 			 0.0 			534.771644
g2	 48 	 534.771644 			 0.0 			534.771644
g2	 49 	 534.771644 			 0.0 			534.771644
g2	 50 	 534.771644 			 0.0 			534.771644
g2	 51 	 534.771644 			 0.0 			534.771644
g2	 52 	 534.771644 			 0.0 			534.771644
g2	 53 	 571.222548 			 0.0 			571.222548
g2	 54 	 595.358113 			 0.0 			595.358113
g2	 55 	 573.687846 			 0.0 			573.687846
g2	 56 	 534.771644 			 0.0 			534.771644
g2	 57 	 647.250582 			 0.0 			647.250582
g2	 58 	 598.035597 			 0.0 			598.035597
g2	 59 	 534.771644 			 0.0 			534.771644
g2	 60 	 592.675644 			 0.0 			592.675644
g2	 61 	 534.771644 			 0.0 			534.771644
g2	 62 	 725.598894 			 0.0 			725.598894
g2	 63 	 646.945292 			 0.0 			646.945292
g2	 64 	 534.771644 			 0.0 			534.771644
g2	 65 	 662.628737 			 0.0 			662.628737
g2	 66 	 597.168598 			 0.0 			597.168598
g2	 67 	 737.839595 			 0.0 			737.839595
g2	 68 	 693.400633 			 0.0 			693.400633
g2	 69 	 615.950093 			 0.0 			615.950093
g2	 70 	 693.498003 			 0.0 			693.498003
g2	 71 	 663.276009 			 0.0 			663.276009
g2	 72 	 813.950945 			 0.0 			813.950945
g2	 73 	 713.699351 			 0.0 			713.699351
g2	 74 	 653.311925 			 0.0 			653.311925
g2	 75 	 730.2525 			 0.0 			730.2525
g2	 76 	 806.803916 			 0.0 			806.803916
g2	 77 	 614.987942 			 0.0 			614.987942
g2	 78 	 656.688198 			 0.0 			656.688198
g2	 79 	 664.885778 			 0.0 			664.885778
g2	 80 	 621.408596 			 0.0 			621.408596
g2	 81 	 558.830253 			 0.0 			558.830253
g2	 82 	 534.771644 			 0.0 			534.771644
g2	 83 	 572.78138 			 0.0 			572.78138
g2	 84 	 534.771644 			 0.0 			534.771644
g2	 85 	 534.771644 			 0.0 			534.771644
g2	 86 	 534.771644 			 0.0 			534.771644
g2	 87 	 534.771644 			 0.0 			534.771644
g2	 88 	 534.771644 			 0.0 			534.771644
g2	 89 	 534.771644 			 0.0 			534.771644
g2	 90 	 534.771644 			 0.0 			534.771644
g2	 91 	 534.771644 			 0.0 			534.771644
g2	 92 	 534.771644 			 0.0 			534.771644
g2	 93 	 0.0 			 0.0 			0.0
g2	 94 	 0.0 			 0.0 			0.0
g2	 95 	 0.0 			 0.0 			0.0
g2	 96 	 0.0 			 0.0 			0.0
----------------------------------------------------------------------------------------------------
g3	 1 	 0.0 			 0.0 			0.0
g3	 2 	 0.0 			 0.0 			0.0
g3	 3 	 0.0 			 0.0 			0.0
g3	 4 	 0.0 			 0.0 			0.0
g3	 5 	 0.0 			 0.0 			0.0
g3	 6 	 0.0 			 0.0 			0.0
g3	 7 	 0.0 			 0.0 			0.0
g3	 8 	 0.0 			 0.0 			0.0
g3	 9 	 0.0 			 0.0 			0.0
g3	 10 	 0.0 			 0.0 			0.0
g3	 11 	 0.0 			 0.0 			0.0
g3	 12 	 0.0 			 0.0 			0.0
g3	 13 	 0.0 			 0.0 			0.0
g3	 14 	 0.0 			 0.0 			0.0
g3	 15 	 0.0 			 0.0 			0.0
g3	 16 	 0.0 			 0.0 			0.0
g3	 17 	 0.0 			 0.0 			0.0
g3	 18 	 0.0 			 0.0 			0.0
g3	 19 	 0.0 			 0.0 			0.0
g3	 20 	 0.0 			 0.0 			0.0
g3	 21 	 0.0 			 0.0 			0.0
g3	 22 	 0.0 			 0.0 			0.0
g3	 23 	 0.0 			 0.0 			0.0
g3	 24 	 0.0 			 0.0 			0.0
g3	 25 	 0.0 			 0.0 			0.0
g3	 26 	 0.0 			 0.0 			0.0
g3	 27 	 0.0 			 0.0 			0.0
g3	 28 	 0.0 			 0.0 			0.0
g3	 29 	 0.0 			 0.0 			0.0
g3	 30 	 0.0 			 0.0 			0.0
g3	 31 	 0.0 			 0.0 			0.0
g3	 32 	 0.0 			 0.0 			0.0
g3	 33 	 0.0 			 0.0 			0.0
g3	 34 	 0.0 			 0.0 			0.0
g3	 35 	 0.0 			 0.0 			0.0
g3	 36 	 0.0 			 0.0 			0.0
g3	 37 	 0.0 			 0.0 			0.0
g3	 38 	 0.0 			 0.0 			0.0
g3	 39 	 0.0 			 0.0 			0.0
g3	 40 	 0.0 			 0.0 			0.0
g3	 41 	 0.0 			 0.0 			0.0
g3	 42 	 0.0 			 0.0 			0.0
g3	 43 	 0.0 			 0.0 			0.0
g3	 44 	 0.0 			 0.0 			0.0
g3	 45 	 350.954412 			 4595.43 			4946.384412
g3	 46 	 350.954412 			 0.0 			350.954412
g3	 47 	 350.954412 			 0.0 			350.954412
g3	 48 	 350.954412 			 0.0 			350.954412
g3	 49 	 350.954412 			 0.0 			350.954412
g3	 50 	 350.954412 			 0.0 			350.954412
g3	 51 	 350.954412 			 0.0 			350.954412
g3	 52 	 350.954412 			 0.0 			350.954412
g3	 53 	 350.954412 			 0.0 			350.954412
g3	 54 	 350.954412 			 0.0 			350.954412
g3	 55 	 350.954412 			 0.0 			350.954412
g3	 56 	 350.954412 			 0.0 			350.954412
g3	 57 	 350.954412 			 0.0 			350.954412
g3	 58 	 350.954412 			 0.0 			350.954412
g3	 59 	 350.954412 			 0.0 			350.954412
g3	 60 	 350.954412 			 0.0 			350.954412
g3	 61 	 350.954412 			 0.0 			350.954412
g3	 62 	 350.954412 			 0.0 			350.954412
g3	 63 	 350.954412 			 0.0 			350.954412
g3	 64 	 350.954412 			 0.0 			350.954412
g3	 65 	 350.954412 			 0.0 			350.954412
g3	 66 	 350.954412 			 0.0 			350.954412
g3	 67 	 350.954412 			 0.0 			350.954412
g3	 68 	 350.954412 			 0.0 			350.954412
g3	 69 	 350.954412 			 0.0 			350.954412
g3	 70 	 350.954412 			 0.0 			350.954412
g3	 71 	 350.954412 			 0.0 			350.954412
g3	 72 	 350.954412 			 0.0 			350.954412
g3	 73 	 0.0 			 0.0 			0.0
g3	 74 	 0.0 			 0.0 			0.0
g3	 75 	 0.0 			 0.0 			0.0
g3	 76 	 0.0 			 0.0 			0.0
g3	 77 	 0.0 			 0.0 			0.0
g3	 78 	 0.0 			 0.0 			0.0
g3	 79 	 0.0 			 0.0 			0.0
g3	 80 	 0.0 			 0.0 			0.0
g3	 81 	 0.0 			 0.0 			0.0
g3	 82 	 0.0 			 0.0 			0.0
g3	 83 	 0.0 			 0.0 			0.0
g3	 84 	 0.0 			 0.0 			0.0
g3	 85 	 0.0 			 0.0 			0.0
g3	 86 	 0.0 			 0.0 			0.0
g3	 87 	 0.0 			 0.0 			0.0
g3	 88 	 0.0 			 0.0 			0.0
g3	 89 	 0.0 			 0.0 			0.0
g3	 90 	 0.0 			 0.0 			0.0
g3	 91 	 0.0 			 0.0 			0.0
g3	 92 	 0.0 			 0.0 			0.0
g3	 93 	 0.0 			 0.0 			0.0
g3	 94 	 0.0 			 0.0 			0.0
g3	 95 	 0.0 			 0.0 			0.0
g3	 96 	 0.0 			 0.0 			0.0
----------------------------------------------------------------------------------------------------
g4	 1 	 0.0 			 0.0 			0.0
g4	 2 	 0.0 			 0.0 			0.0
g4	 3 	 0.0 			 0.0 			0.0
g4	 4 	 0.0 			 0.0 			0.0
g4	 5 	 0.0 			 0.0 			0.0
g4	 6 	 0.0 			 0.0 			0.0
g4	 7 	 0.0 			 0.0 			0.0
g4	 8 	 0.0 			 0.0 			0.0
g4	 9 	 0.0 			 0.0 			0.0
g4	 10 	 0.0 			 0.0 			0.0
g4	 11 	 0.0 			 0.0 			0.0
g4	 12 	 0.0 			 0.0 			0.0
g4	 13 	 0.0 			 0.0 			0.0
g4	 14 	 0.0 			 0.0 			0.0
g4	 15 	 0.0 			 0.0 			0.0
g4	 16 	 0.0 			 0.0 			0.0
g4	 17 	 0.0 			 0.0 			0.0
g4	 18 	 0.0 			 0.0 			0.0
g4	 19 	 0.0 			 0.0 			0.0
g4	 20 	 0.0 			 0.0 			0.0
g4	 21 	 0.0 			 0.0 			0.0
g4	 22 	 0.0 			 0.0 			0.0
g4	 23 	 0.0 			 0.0 			0.0
g4	 24 	 0.0 			 0.0 			0.0
g4	 25 	 0.0 			 0.0 			0.0
g4	 26 	 0.0 			 0.0 			0.0
g4	 27 	 0.0 			 0.0 			0.0
g4	 28 	 0.0 			 0.0 			0.0
g4	 29 	 0.0 			 0.0 			0.0
g4	 30 	 0.0 			 0.0 			0.0
g4	 31 	 0.0 			 0.0 			0.0
g4	 32 	 0.0 			 0.0 			0.0
g4	 33 	 0.0 			 0.0 			0.0
g4	 34 	 0.0 			 0.0 			0.0
g4	 35 	 0.0 			 0.0 			0.0
g4	 36 	 0.0 			 0.0 			0.0
g4	 37 	 0.0 			 0.0 			0.0
g4	 38 	 0.0 			 0.0 			0.0
g4	 39 	 0.0 			 0.0 			0.0
g4	 40 	 0.0 			 0.0 			0.0
g4	 41 	 0.0 			 0.0 			0.0
g4	 42 	 0.0 			 0.0 			0.0
g4	 43 	 0.0 			 0.0 			0.0
g4	 44 	 0.0 			 0.0 			0.0
g4	 45 	 0.0 			 0.0 			0.0
g4	 46 	 0.0 			 0.0 			0.0
g4	 47 	 0.0 			 0.0 			0.0
g4	 48 	 0.0 			 0.0 			0.0
g4	 49 	 0.0 			 0.0 			0.0
g4	 50 	 0.0 			 0.0 			0.0
g4	 51 	 0.0 			 0.0 			0.0
g4	 52 	 0.0 			 0.0 			0.0
g4	 53 	 0.0 			 0.0 			0.0
g4	 54 	 0.0 			 0.0 			0.0
g4	 55 	 0.0 			 0.0 			0.0
g4	 56 	 0.0 			 0.0 			0.0
g4	 57 	 0.0 			 0.0 			0.0
g4	 58 	 0.0 			 0.0 			0.0
g4	 59 	 0.0 			 0.0 			0.0
g4	 60 	 0.0 			 0.0 			0.0
g4	 61 	 0.0 			 0.0 			0.0
g4	 62 	 0.0 			 0.0 			0.0
g4	 63 	 0.0 			 0.0 			0.0
g4	 64 	 0.0 			 0.0 			0.0
g4	 65 	 0.0 			 0.0 			0.0
g4	 66 	 0.0 			 0.0 			0.0
g4	 67 	 0.0 			 0.0 			0.0
g4	 68 	 0.0 			 0.0 			0.0
g4	 69 	 0.0 			 0.0 			0.0
g4	 70 	 0.0 			 0.0 			0.0
g4	 71 	 0.0 			 0.0 			0.0
g4	 72 	 0.0 			 0.0 			0.0
g4	 73 	 0.0 			 0.0 			0.0
g4	 74 	 0.0 			 0.0 			0.0
g4	 75 	 0.0 			 0.0 			0.0
g4	 76 	 0.0 			 0.0 			0.0
g4	 77 	 0.0 			 0.0 			0.0
g4	 78 	 0.0 			 0.0 			0.0
g4	 79 	 0.0 			 0.0 			0.0
g4	 80 	 0.0 			 0.0 			0.0
g4	 81 	 0.0 			 0.0 			0.0
g4	 82 	 0.0 			 0.0 			0.0
g4	 83 	 0.0 			 0.0 			0.0
g4	 84 	 0.0 			 0.0 			0.0
g4	 85 	 0.0 			 0.0 			0.0
g4	 86 	 0.0 			 0.0 			0.0
g4	 87 	 0.0 			 0.0 			0.0
g4	 88 	 0.0 			 0.0 			0.0
g4	 89 	 0.0 			 0.0 			0.0
g4	 90 	 0.0 			 0.0 			0.0
g4	 91 	 0.0 			 0.0 			0.0
g4	 92 	 0.0 			 0.0 			0.0
g4	 93 	 0.0 			 0.0 			0.0
g4	 94 	 0.0 			 0.0 			0.0
g4	 95 	 0.0 			 0.0 			0.0
g4	 96 	 0.0 			 0.0 			0.0
----------------------------------------------------------------------------------------------------
g5	 1 	 0.0 			 0.0 			0.0
g5	 2 	 0.0 			 0.0 			0.0
g5	 3 	 0.0 			 0.0 			0.0
g5	 4 	 0.0 			 0.0 			0.0
g5	 5 	 348.846531 			 6821.79 			7170.636531
g5	 6 	 348.846531 			 0.0 			348.846531
g5	 7 	 348.846531 			 0.0 			348.846531
g5	 8 	 348.846531 			 0.0 			348.846531
g5	 9 	 348.846531 			 0.0 			348.846531
g5	 10 	 348.846531 			 0.0 			348.846531
g5	 11 	 348.846531 			 0.0 			348.846531
g5	 12 	 348.846531 			 0.0 			348.846531
g5	 13 	 348.846531 			 0.0 			348.846531
g5	 14 	 348.846531 			 0.0 			348.846531
g5	 15 	 348.846531 			 0.0 			348.846531
g5	 16 	 348.846531 			 0.0 			348.846531
g5	 17 	 348.846531 			 0.0 			348.846531
g5	 18 	 348.846531 			 0.0 			348.846531
g5	 19 	 348.846531 			 0.0 			348.846531
g5	 20 	 348.846531 			 0.0 			348.846531
g5	 21 	 348.846531 			 0.0 			348.846531
g5	 22 	 348.846531 			 0.0 			348.846531
g5	 23 	 348.846531 			 0.0 			348.846531
g5	 24 	 348.846531 			 0.0 			348.846531
g5	 25 	 348.846531 			 0.0 			348.846531
g5	 26 	 348.846531 			 0.0 			348.846531
g5	 27 	 348.846531 			 0.0 			348.846531
g5	 28 	 348.846531 			 0.0 			348.846531
g5	 29 	 348.846531 			 0.0 			348.846531
g5	 30 	 348.846531 			 0.0 			348.846531
g5	 31 	 348.846531 			 0.0 			348.846531
g5	 32 	 348.846531 			 0.0 			348.846531
g5	 33 	 348.846531 			 0.0 			348.846531
g5	 34 	 348.846531 			 0.0 			348.846531
g5	 35 	 348.846531 			 0.0 			348.846531
g5	 36 	 348.846531 			 0.0 			348.846531
g5	 37 	 348.846531 			 0.0 			348.846531
g5	 38 	 348.846531 			 0.0 			348.846531
g5	 39 	 348.846531 			 0.0 			348.846531
g5	 40 	 348.846531 			 0.0 			348.846531
g5	 41 	 348.846531 			 0.0 			348.846531
g5	 42 	 348.846531 			 0.0 			348.846531
g5	 43 	 348.846531 			 0.0 			348.846531
g5	 44 	 348.846531 			 0.0 			348.846531
g5	 45 	 348.846531 			 0.0 			348.846531
g5	 46 	 348.846531 			 0.0 			348.846531
g5	 47 	 348.846531 			 0.0 			348.846531
g5	 48 	 348.846531 			 0.0 			348.846531
g5	 49 	 348.846531 			 0.0 			348.846531
g5	 50 	 348.846531 			 0.0 			348.846531
g5	 51 	 348.846531 			 0.0 			348.846531
g5	 52 	 348.846531 			 0.0 			348.846531
g5	 53 	 348.846531 			 0.0 			348.846531
g5	 54 	 348.846531 			 0.0 			348.846531
g5	 55 	 348.846531 			 0.0 			348.846531
g5	 56 	 348.846531 			 0.0 			348.846531
g5	 57 	 348.846531 			 0.0 			348.846531
g5	 58 	 348.846531 			 0.0 			348.846531
g5	 59 	 348.846531 			 0.0 			348.846531
g5	 60 	 348.846531 			 0.0 			348.846531
g5	 61 	 348.846531 			 0.0 			348.846531
g5	 62 	 348.846531 			 0.0 			348.846531
g5	 63 	 348.846531 			 0.0 			348.846531
g5	 64 	 348.846531 			 0.0 			348.846531
g5	 65 	 348.846531 			 0.0 			348.846531
g5	 66 	 348.846531 			 0.0 			348.846531
g5	 67 	 348.846531 			 0.0 			348.846531
g5	 68 	 348.846531 			 0.0 			348.846531
g5	 69 	 348.846531 			 0.0 			348.846531
g5	 70 	 348.846531 			 0.0 			348.846531
g5	 71 	 348.846531 			 0.0 			348.846531
g5	 72 	 348.846531 			 0.0 			348.846531
g5	 73 	 348.846531 			 0.0 			348.846531
g5	 74 	 348.846531 			 0.0 			348.846531
g5	 75 	 348.846531 			 0.0 			348.846531
g5	 76 	 348.846531 			 0.0 			348.846531
g5	 77 	 348.846531 			 0.0 			348.846531
g5	 78 	 348.846531 			 0.0 			348.846531
g5	 79 	 348.846531 			 0.0 			348.846531
g5	 80 	 348.846531 			 0.0 			348.846531
g5	 81 	 348.846531 			 0.0 			348.846531
g5	 82 	 348.846531 			 0.0 			348.846531
g5	 83 	 348.846531 			 0.0 			348.846531
g5	 84 	 348.846531 			 0.0 			348.846531
g5	 85 	 348.846531 			 0.0 			348.846531
g5	 86 	 348.846531 			 0.0 			348.846531
g5	 87 	 348.846531 			 0.0 			348.846531
g5	 88 	 348.846531 			 0.0 			348.846531
g5	 89 	 348.846531 			 0.0 			348.846531
g5	 90 	 348.846531 			 0.0 			348.846531
g5	 91 	 348.846531 			 0.0 			348.846531
g5	 92 	 348.846531 			 0.0 			348.846531
g5	 93 	 0.0 			 0.0 			0.0
g5	 94 	 0.0 			 0.0 			0.0
g5	 95 	 0.0 			 0.0 			0.0
g5	 96 	 0.0 			 0.0 			0.0
----------------------------------------------------------------------------------------------------
 
unit 	 generation 	 generation cost 	 start-up cost 	 total cost
----------------------------------------------------------------------------------------------------
g1 	 6721.908377			250528.575168			 0.000000		 250528.575168
g2 	 590.615516			36454.785856			 10598.130000		 47052.915856
g3 	 153.258886			9826.723536			 4595.430000		 14422.153536
g4 	 0.000000			0.000000			 0.000000		 0.000000
g5 	 508.675548			30698.494728			 6821.790000		 37520.284728
----------------------------------------------------------------------------------------------------
 
generation cost 	 start-up cost 		 total cost
----------------------------------------------------------------------------------------------------
327508.5792879994 			 22015.35 			 349523.92928799917
----------------------------------------------------------------------------------------------------
uplift payment for generator g1: 0.0
uplift payment for generator g2: 20973.249804
uplift payment for generator g3: 7692.327912
uplift payment for generator g4: 0.0
uplift payment for generator g5: 14965.724315
 
****************************************************************************************************
 
rtm Systemwide prices
----------------------------------------------------------------------------------------------------
time	 energy 	 up-FRP 	 dw-FRP
----------------------------------------------------------------------------------------------------
1 	 9.614507 		 0.0 		 0.0
2 	 9.614507 		 0.0 		 0.0
3 	 9.614507 		 0.0 		 0.0
4 	 9.614507 		 0.0 		 0.0
5 	 9.408671 		 0.0 		 0.0
6 	 9.408671 		 0.0 		 0.0
7 	 9.408671 		 0.0 		 0.0
8 	 9.408671 		 0.0 		 0.0
9 	 9.408671 		 0.0 		 0.0
10 	 9.408671 		 0.0 		 0.0
11 	 9.408671 		 0.0 		 0.0
12 	 9.408671 		 0.0 		 0.0
13 	 9.408671 		 0.0 		 0.0
14 	 9.408671 		 0.0 		 0.0
15 	 9.408671 		 0.0 		 0.0
16 	 9.408671 		 0.0 		 0.0
17 	 9.408671 		 0.0 		 0.0
18 	 9.408671 		 0.0 		 0.0
19 	 9.408671 		 0.0 		 0.0
20 	 9.408671 		 0.0 		 0.0
21 	 9.408671 		 0.0 		 0.0
22 	 9.408671 		 0.0 		 0.0
23 	 9.408671 		 0.0 		 0.0
24 	 9.408671 		 0.0 		 0.0
25 	 9.614507 		 0.0 		 0.0
26 	 9.408671 		 0.0 		 0.0
27 	 9.408671 		 0.0 		 0.0
28 	 9.408671 		 0.0 		 0.0
29 	 9.457625 		 0.0 		 0.0
30 	 9.457625 		 0.0 		 0.0
31 	 9.457625 		 0.0 		 0.0
32 	 9.457625 		 0.0 		 0.0
33 	 9.457625 		 0.0 		 0.0
34 	 9.614507 		 0.0 		 0.0
35 	 9.457625 		 0.0 		 0.0
36 	 9.457625 		 0.0 		 0.0
37 	 9.614507 		 0.0 		 0.0
38 	 9.614507 		 0.0 		 0.0
39 	 9.614507 		 0.0 		 0.0
40 	 9.614507 		 0.0 		 0.0
41 	 9.614507 		 0.0 		 0.0
42 	 9.614507 		 0.0 		 0.0
43 	 9.614507 		 0.0 		 0.0
44 	 9.614507 		 0.0 		 0.0
45 	 9.614507 		 0.0 		 0.0
46 	 9.614507 		 0.0 		 0.0
47 	 9.614507 		 0.0 		 0.0
48 	 9.614507 		 0.0 		 0.0
49 	 9.614507 		 0.0 		 0.0
50 	 9.614507 		 0.0 		 0.0
51 	 9.614507 		 0.0 		 0.0
52 	 9.614507 		 0.0 		 0.0
53 	 10.185876 		 0.0 		 0.0
54 	 10.185876 		 0.0 		 0.0
55 	 10.185876 		 0.0 		 0.0
56 	 9.614507 		 0.0 		 0.0
57 	 10.185876 		 0.0 		 0.0
58 	 10.185876 		 0.0 		 0.0
59 	 9.614507 		 0.0 		 0.0
60 	 10.185876 		 0.0 		 0.0
61 	 9.614507 		 0.0 		 0.0
62 	 10.185876 		 0.0 		 0.0
63 	 10.185876 		 0.0 		 0.0
64 	 9.614507 		 0.0 		 0.0
65 	 10.185876 		 0.0 		 0.0
66 	 10.185876 		 0.0 		 0.0
67 	 10.185876 		 0.0 		 0.0
68 	 10.185876 		 0.0 		 0.0
69 	 10.185876 		 0.0 		 0.0
70 	 10.185876 		 0.0 		 0.0
71 	 10.185876 		 0.0 		 0.0
72 	 10.185876 		 0.0 		 0.0
73 	 10.185876 		 0.0 		 0.0
74 	 10.185876 		 0.0 		 0.0
75 	 10.185876 		 0.0 		 0.0
76 	 10.185876 		 0.0 		 0.0
77 	 10.185876 		 0.0 		 0.0
78 	 10.185876 		 0.0 		 0.0
79 	 10.185876 		 0.0 		 0.0
80 	 10.185876 		 0.0 		 0.0
81 	 10.185876 		 0.0 		 0.0
82 	 9.614507 		 0.0 		 0.0
83 	 10.185876 		 0.0 		 0.0
84 	 9.614507 		 0.0 		 0.0
85 	 9.614507 		 0.0 		 0.0
86 	 9.614507 		 0.0 		 0.0
87 	 9.614507 		 0.0 		 0.0
88 	 9.614507 		 0.0 		 0.0
89 	 9.614507 		 0.0 		 0.0
90 	 9.614507 		 0.0 		 0.0
91 	 9.614507 		 0.0 		 0.0
92 	 9.614507 		 0.0 		 0.0
93 	 9.614507 		 0.0 		 0.0
94 	 9.614507 		 0.0 		 0.0
95 	 9.614507 		 0.0 		 0.0
96 	 9.614507 		 0.0 		 0.0
 
****************************************************************************************************
 
rtm Post-uplift payments
----------------------------------------------------------------------------------------------------------------------------------------------------
unit 	 generation payment 	 up-FRP payment 	 dw-FRP payment 	pre-up t. payment 	 uplift payments 	 post-up t. payment 	 profit
----------------------------------------------------------------------------------------------------------------------------------------------------
 g1 	 17486.578223			 0.000000			 0.000000			 17486.578223			 0.000000			 17486.578223		 31859.975487
 g2 	 544.755123			 0.000000			 0.000000			 544.755123			 20973.249804			 21518.004927		 0.000000
 g3 	 218.821412			 0.000000			 0.000000			 218.821412			 7692.327912			 7911.149324		 0.000000
 g4 	 0.000000			 0.000000			 0.000000			 0.000000			 0.000000			 0.000000		 0.000000
 g5 	 1494.512561			 0.000000			 0.000000			 1494.512561			 14965.724315			 16460.236876		 0.000000
****************************************************************************************************
 
Total generator payments
----------------------------------------------------------------------------------------------------------------------------------------------------
unit 	 generation payment 	 up-FRP payment 	 dw-FRP payment 	pre-up t. payment 	 uplift payments 	 post-up t. payment 	 profit
----------------------------------------------------------------------------------------------------------------------------------------------------
 g1 	 281758.041810			 630.508845			 0.000000			 282388.550655			 0.000000			 282388.550655		 31859.975487
 g2 	 25483.225359			 596.440693			 0.000000			 26079.666052			 20973.249804			 47052.915856		 0.000000
 g3 	 6729.825624			 0.000000			 0.000000			 6729.825624			 7692.327912			 14422.153536		 0.000000
 g4 	 0.000000			 0.000000			 0.000000			 0.000000			 0.000000			 0.000000		 0.000000
 g5 	 22153.208348			 401.352065			 0.000000			 22554.560413			 14965.724315			 37520.284728		 0.000000
 
****************************************************************************************************
 
rtm LMP
----------------------------------------------------------------------------------------------------
bus name 	 time 		 LMP
----------------------------------------------------------------------------------------------------
b1 		 1 		 9.614507
b1 		 2 		 9.614507
b1 		 3 		 9.614507
b1 		 4 		 9.614507
b1 		 5 		 9.408671
b1 		 6 		 9.408671
b1 		 7 		 9.408671
b1 		 8 		 9.408671
b1 		 9 		 9.408671
b1 		 10 		 9.408671
b1 		 11 		 9.408671
b1 		 12 		 9.408671
b1 		 13 		 9.408671
b1 		 14 		 9.408671
b1 		 15 		 9.408671
b1 		 16 		 9.408671
b1 		 17 		 9.408671
b1 		 18 		 9.408671
b1 		 19 		 9.408671
b1 		 20 		 9.408671
b1 		 21 		 9.408671
b1 		 22 		 9.408671
b1 		 23 		 9.408671
b1 		 24 		 9.408671
b1 		 25 		 9.614507
b1 		 26 		 9.408671
b1 		 27 		 9.408671
b1 		 28 		 9.408671
b1 		 29 		 9.457625
b1 		 30 		 9.457625
b1 		 31 		 9.457625
b1 		 32 		 9.457625
b1 		 33 		 9.457625
b1 		 34 		 9.614507
b1 		 35 		 9.457625
b1 		 36 		 9.457625
b1 		 37 		 9.614507
b1 		 38 		 9.614507
b1 		 39 		 9.614507
b1 		 40 		 9.614507
b1 		 41 		 9.614507
b1 		 42 		 9.614507
b1 		 43 		 9.614507
b1 		 44 		 9.614507
b1 		 45 		 9.614507
b1 		 46 		 9.614507
b1 		 47 		 9.614507
b1 		 48 		 9.614507
b1 		 49 		 9.614507
b1 		 50 		 9.614507
b1 		 51 		 9.614507
b1 		 52 		 9.614507
b1 		 53 		 10.185876
b1 		 54 		 10.185876
b1 		 55 		 10.185876
b1 		 56 		 9.614507
b1 		 57 		 10.185876
b1 		 58 		 10.185876
b1 		 59 		 9.614507
b1 		 60 		 10.185876
b1 		 61 		 9.614507
b1 		 62 		 10.185876
b1 		 63 		 10.185876
b1 		 64 		 9.614507
b1 		 65 		 10.185876
b1 		 66 		 10.185876
b1 		 67 		 10.185876
b1 		 68 		 10.185876
b1 		 69 		 10.185876
b1 		 70 		 10.185876
b1 		 71 		 10.185876
b1 		 72 		 10.185876
b1 		 73 		 10.185876
b1 		 74 		 10.185876
b1 		 75 		 10.185876
b1 		 76 		 10.185876
b1 		 77 		 10.185876
b1 		 78 		 10.185876
b1 		 79 		 10.185876
b1 		 80 		 10.185876
b1 		 81 		 10.185876
b1 		 82 		 9.614507
b1 		 83 		 10.185876
b1 		 84 		 9.614507
b1 		 85 		 9.614507
b1 		 86 		 9.614507
b1 		 87 		 9.614507
b1 		 88 		 9.614507
b1 		 89 		 9.614507
b1 		 90 		 9.614507
b1 		 91 		 9.614507
b1 		 92 		 9.614507
b1 		 93 		 9.614507
b1 		 94 		 9.614507
b1 		 95 		 9.614507
b1 		 96 		 9.614507
----------------------------------------------------------------------------------------------------
b2 		 1 		 9.614507
b2 		 2 		 9.614507
b2 		 3 		 9.614507
b2 		 4 		 9.614507
b2 		 5 		 9.408671
b2 		 6 		 9.408671
b2 		 7 		 9.408671
b2 		 8 		 9.408671
b2 		 9 		 9.408671
b2 		 10 		 9.408671
b2 		 11 		 9.408671
b2 		 12 		 9.408671
b2 		 13 		 9.408671
b2 		 14 		 9.408671
b2 		 15 		 9.408671
b2 		 16 		 9.408671
b2 		 17 		 9.408671
b2 		 18 		 9.408671
b2 		 19 		 9.408671
b2 		 20 		 9.408671
b2 		 21 		 9.408671
b2 		 22 		 9.408671
b2 		 23 		 9.408671
b2 		 24 		 9.408671
b2 		 25 		 9.614507
b2 		 26 		 9.408671
b2 		 27 		 9.408671
b2 		 28 		 9.408671
b2 		 29 		 9.457625
b2 		 30 		 9.457625
b2 		 31 		 9.457625
b2 		 32 		 9.457625
b2 		 33 		 9.457625
b2 		 34 		 9.614507
b2 		 35 		 9.457625
b2 		 36 		 9.457625
b2 		 37 		 9.614507
b2 		 38 		 9.614507
b2 		 39 		 9.614507
b2 		 40 		 9.614507
b2 		 41 		 9.614507
b2 		 42 		 9.614507
b2 		 43 		 9.614507
b2 		 44 		 9.614507
b2 		 45 		 9.614507
b2 		 46 		 9.614507
b2 		 47 		 9.614507
b2 		 48 		 9.614507
b2 		 49 		 9.614507
b2 		 50 		 9.614507
b2 		 51 		 9.614507
b2 		 52 		 9.614507
b2 		 53 		 10.185876
b2 		 54 		 10.185876
b2 		 55 		 10.185876
b2 		 56 		 9.614507
b2 		 57 		 10.185876
b2 		 58 		 10.185876
b2 		 59 		 9.614507
b2 		 60 		 10.185876
b2 		 61 		 9.614507
b2 		 62 		 10.185876
b2 		 63 		 10.185876
b2 		 64 		 9.614507
b2 		 65 		 10.185876
b2 		 66 		 10.185876
b2 		 67 		 10.185876
b2 		 68 		 10.185876
b2 		 69 		 10.185876
b2 		 70 		 10.185876
b2 		 71 		 10.185876
b2 		 72 		 10.185876
b2 		 73 		 10.185876
b2 		 74 		 10.185876
b2 		 75 		 10.185876
b2 		 76 		 10.185876
b2 		 77 		 10.185876
b2 		 78 		 10.185876
b2 		 79 		 10.185876
b2 		 80 		 10.185876
b2 		 81 		 10.185876
b2 		 82 		 9.614507
b2 		 83 		 10.185876
b2 		 84 		 9.614507
b2 		 85 		 9.614507
b2 		 86 		 9.614507
b2 		 87 		 9.614507
b2 		 88 		 9.614507
b2 		 89 		 9.614507
b2 		 90 		 9.614507
b2 		 91 		 9.614507
b2 		 92 		 9.614507
b2 		 93 		 9.614507
b2 		 94 		 9.614507
b2 		 95 		 9.614507
b2 		 96 		 9.614507
----------------------------------------------------------------------------------------------------
b3 		 1 		 9.614507
b3 		 2 		 9.614507
b3 		 3 		 9.614507
b3 		 4 		 9.614507
b3 		 5 		 9.408671
b3 		 6 		 9.408671
b3 		 7 		 9.408671
b3 		 8 		 9.408671
b3 		 9 		 9.408671
b3 		 10 		 9.408671
b3 		 11 		 9.408671
b3 		 12 		 9.408671
b3 		 13 		 9.408671
b3 		 14 		 9.408671
b3 		 15 		 9.408671
b3 		 16 		 9.408671
b3 		 17 		 9.408671
b3 		 18 		 9.408671
b3 		 19 		 9.408671
b3 		 20 		 9.408671
b3 		 21 		 9.408671
b3 		 22 		 9.408671
b3 		 23 		 9.408671
b3 		 24 		 9.408671
b3 		 25 		 9.614507
b3 		 26 		 9.408671
b3 		 27 		 9.408671
b3 		 28 		 9.408671
b3 		 29 		 9.457625
b3 		 30 		 9.457625
b3 		 31 		 9.457625
b3 		 32 		 9.457625
b3 		 33 		 9.457625
b3 		 34 		 9.614507
b3 		 35 		 9.457625
b3 		 36 		 9.457625
b3 		 37 		 9.614507
b3 		 38 		 9.614507
b3 		 39 		 9.614507
b3 		 40 		 9.614507
b3 		 41 		 9.614507
b3 		 42 		 9.614507
b3 		 43 		 9.614507
b3 		 44 		 9.614507
b3 		 45 		 9.614507
b3 		 46 		 9.614507
b3 		 47 		 9.614507
b3 		 48 		 9.614507
b3 		 49 		 9.614507
b3 		 50 		 9.614507
b3 		 51 		 9.614507
b3 		 52 		 9.614507
b3 		 53 		 10.185876
b3 		 54 		 10.185876
b3 		 55 		 10.185876
b3 		 56 		 9.614507
b3 		 57 		 10.185876
b3 		 58 		 10.185876
b3 		 59 		 9.614507
b3 		 60 		 10.185876
b3 		 61 		 9.614507
b3 		 62 		 10.185876
b3 		 63 		 10.185876
b3 		 64 		 9.614507
b3 		 65 		 10.185876
b3 		 66 		 10.185876
b3 		 67 		 10.185876
b3 		 68 		 10.185876
b3 		 69 		 10.185876
b3 		 70 		 10.185876
b3 		 71 		 10.185876
b3 		 72 		 10.185876
b3 		 73 		 10.185876
b3 		 74 		 10.185876
b3 		 75 		 10.185876
b3 		 76 		 10.185876
b3 		 77 		 10.185876
b3 		 78 		 10.185876
b3 		 79 		 10.185876
b3 		 80 		 10.185876
b3 		 81 		 10.185876
b3 		 82 		 9.614507
b3 		 83 		 10.185876
b3 		 84 		 9.614507
b3 		 85 		 9.614507
b3 		 86 		 9.614507
b3 		 87 		 9.614507
b3 		 88 		 9.614507
b3 		 89 		 9.614507
b3 		 90 		 9.614507
b3 		 91 		 9.614507
b3 		 92 		 9.614507
b3 		 93 		 9.614507
b3 		 94 		 9.614507
b3 		 95 		 9.614507
b3 		 96 		 9.614507
----------------------------------------------------------------------------------------------------
b4 		 1 		 9.614507
b4 		 2 		 9.614507
b4 		 3 		 9.614507
b4 		 4 		 9.614507
b4 		 5 		 9.408671
b4 		 6 		 9.408671
b4 		 7 		 9.408671
b4 		 8 		 9.408671
b4 		 9 		 9.408671
b4 		 10 		 9.408671
b4 		 11 		 9.408671
b4 		 12 		 9.408671
b4 		 13 		 9.408671
b4 		 14 		 9.408671
b4 		 15 		 9.408671
b4 		 16 		 9.408671
b4 		 17 		 9.408671
b4 		 18 		 9.408671
b4 		 19 		 9.408671
b4 		 20 		 9.408671
b4 		 21 		 9.408671
b4 		 22 		 9.408671
b4 		 23 		 9.408671
b4 		 24 		 9.408671
b4 		 25 		 9.614507
b4 		 26 		 9.408671
b4 		 27 		 9.408671
b4 		 28 		 9.408671
b4 		 29 		 9.457625
b4 		 30 		 9.457625
b4 		 31 		 9.457625
b4 		 32 		 9.457625
b4 		 33 		 9.457625
b4 		 34 		 9.614507
b4 		 35 		 9.457625
b4 		 36 		 9.457625
b4 		 37 		 9.614507
b4 		 38 		 9.614507
b4 		 39 		 9.614507
b4 		 40 		 9.614507
b4 		 41 		 9.614507
b4 		 42 		 9.614507
b4 		 43 		 9.614507
b4 		 44 		 9.614507
b4 		 45 		 9.614507
b4 		 46 		 9.614507
b4 		 47 		 9.614507
b4 		 48 		 9.614507
b4 		 49 		 9.614507
b4 		 50 		 9.614507
b4 		 51 		 9.614507
b4 		 52 		 9.614507
b4 		 53 		 10.185876
b4 		 54 		 10.185876
b4 		 55 		 10.185876
b4 		 56 		 9.614507
b4 		 57 		 10.185876
b4 		 58 		 10.185876
b4 		 59 		 9.614507
b4 		 60 		 10.185876
b4 		 61 		 9.614507
b4 		 62 		 10.185876
b4 		 63 		 10.185876
b4 		 64 		 9.614507
b4 		 65 		 10.185876
b4 		 66 		 10.185876
b4 		 67 		 10.185876
b4 		 68 		 10.185876
b4 		 69 		 10.185876
b4 		 70 		 10.185876
b4 		 71 		 10.185876
b4 		 72 		 10.185876
b4 		 73 		 10.185876
b4 		 74 		 10.185876
b4 		 75 		 10.185876
b4 		 76 		 10.185876
b4 		 77 		 10.185876
b4 		 78 		 10.185876
b4 		 79 		 10.185876
b4 		 80 		 10.185876
b4 		 81 		 10.185876
b4 		 82 		 9.614507
b4 		 83 		 10.185876
b4 		 84 		 9.614507
b4 		 85 		 9.614507
b4 		 86 		 9.614507
b4 		 87 		 9.614507
b4 		 88 		 9.614507
b4 		 89 		 9.614507
b4 		 90 		 9.614507
b4 		 91 		 9.614507
b4 		 92 		 9.614507
b4 		 93 		 9.614507
b4 		 94 		 9.614507
b4 		 95 		 9.614507
b4 		 96 		 9.614507
----------------------------------------------------------------------------------------------------
b5 		 1 		 9.614507
b5 		 2 		 9.614507
b5 		 3 		 9.614507
b5 		 4 		 9.614507
b5 		 5 		 9.408671
b5 		 6 		 9.408671
b5 		 7 		 9.408671
b5 		 8 		 9.408671
b5 		 9 		 9.408671
b5 		 10 		 9.408671
b5 		 11 		 9.408671
b5 		 12 		 9.408671
b5 		 13 		 9.408671
b5 		 14 		 9.408671
b5 		 15 		 9.408671
b5 		 16 		 9.408671
b5 		 17 		 9.408671
b5 		 18 		 9.408671
b5 		 19 		 9.408671
b5 		 20 		 9.408671
b5 		 21 		 9.408671
b5 		 22 		 9.408671
b5 		 23 		 9.408671
b5 		 24 		 9.408671
b5 		 25 		 9.614507
b5 		 26 		 9.408671
b5 		 27 		 9.408671
b5 		 28 		 9.408671
b5 		 29 		 9.457625
b5 		 30 		 9.457625
b5 		 31 		 9.457625
b5 		 32 		 9.457625
b5 		 33 		 9.457625
b5 		 34 		 9.614507
b5 		 35 		 9.457625
b5 		 36 		 9.457625
b5 		 37 		 9.614507
b5 		 38 		 9.614507
b5 		 39 		 9.614507
b5 		 40 		 9.614507
b5 		 41 		 9.614507
b5 		 42 		 9.614507
b5 		 43 		 9.614507
b5 		 44 		 9.614507
b5 		 45 		 9.614507
b5 		 46 		 9.614507
b5 		 47 		 9.614507
b5 		 48 		 9.614507
b5 		 49 		 9.614507
b5 		 50 		 9.614507
b5 		 51 		 9.614507
b5 		 52 		 9.614507
b5 		 53 		 10.185876
b5 		 54 		 10.185876
b5 		 55 		 10.185876
b5 		 56 		 9.614507
b5 		 57 		 10.185876
b5 		 58 		 10.185876
b5 		 59 		 9.614507
b5 		 60 		 10.185876
b5 		 61 		 9.614507
b5 		 62 		 10.185876
b5 		 63 		 10.185876
b5 		 64 		 9.614507
b5 		 65 		 10.185876
b5 		 66 		 10.185876
b5 		 67 		 10.185876
b5 		 68 		 10.185876
b5 		 69 		 10.185876
b5 		 70 		 10.185876
b5 		 71 		 10.185876
b5 		 72 		 10.185876
b5 		 73 		 10.185876
b5 		 74 		 10.185876
b5 		 75 		 10.185876
b5 		 76 		 10.185876
b5 		 77 		 10.185876
b5 		 78 		 10.185876
b5 		 79 		 10.185876
b5 		 80 		 10.185876
b5 		 81 		 10.185876
b5 		 82 		 9.614507
b5 		 83 		 10.185876
b5 		 84 		 9.614507
b5 		 85 		 9.614507
b5 		 86 		 9.614507
b5 		 87 		 9.614507
b5 		 88 		 9.614507
b5 		 89 		 9.614507
b5 		 90 		 9.614507
b5 		 91 		 9.614507
b5 		 92 		 9.614507
b5 		 93 		 9.614507
b5 		 94 		 9.614507
b5 		 95 		 9.614507
b5 		 96 		 9.614507
----------------------------------------------------------------------------------------------------
b6 		 1 		 9.614507
b6 		 2 		 9.614507
b6 		 3 		 9.614507
b6 		 4 		 9.614507
b6 		 5 		 9.408671
b6 		 6 		 9.408671
b6 		 7 		 9.408671
b6 		 8 		 9.408671
b6 		 9 		 9.408671
b6 		 10 		 9.408671
b6 		 11 		 9.408671
b6 		 12 		 9.408671
b6 		 13 		 9.408671
b6 		 14 		 9.408671
b6 		 15 		 9.408671
b6 		 16 		 9.408671
b6 		 17 		 9.408671
b6 		 18 		 9.408671
b6 		 19 		 9.408671
b6 		 20 		 9.408671
b6 		 21 		 9.408671
b6 		 22 		 9.408671
b6 		 23 		 9.408671
b6 		 24 		 9.408671
b6 		 25 		 9.614507
b6 		 26 		 9.408671
b6 		 27 		 9.408671
b6 		 28 		 9.408671
b6 		 29 		 9.457625
b6 		 30 		 9.457625
b6 		 31 		 9.457625
b6 		 32 		 9.457625
b6 		 33 		 9.457625
b6 		 34 		 9.614507
b6 		 35 		 9.457625
b6 		 36 		 9.457625
b6 		 37 		 9.614507
b6 		 38 		 9.614507
b6 		 39 		 9.614507
b6 		 40 		 9.614507
b6 		 41 		 9.614507
b6 		 42 		 9.614507
b6 		 43 		 9.614507
b6 		 44 		 9.614507
b6 		 45 		 9.614507
b6 		 46 		 9.614507
b6 		 47 		 9.614507
b6 		 48 		 9.614507
b6 		 49 		 9.614507
b6 		 50 		 9.614507
b6 		 51 		 9.614507
b6 		 52 		 9.614507
b6 		 53 		 10.185876
b6 		 54 		 10.185876
b6 		 55 		 10.185876
b6 		 56 		 9.614507
b6 		 57 		 10.185876
b6 		 58 		 10.185876
b6 		 59 		 9.614507
b6 		 60 		 10.185876
b6 		 61 		 9.614507
b6 		 62 		 10.185876
b6 		 63 		 10.185876
b6 		 64 		 9.614507
b6 		 65 		 10.185876
b6 		 66 		 10.185876
b6 		 67 		 10.185876
b6 		 68 		 10.185876
b6 		 69 		 10.185876
b6 		 70 		 10.185876
b6 		 71 		 10.185876
b6 		 72 		 10.185876
b6 		 73 		 10.185876
b6 		 74 		 10.185876
b6 		 75 		 10.185876
b6 		 76 		 10.185876
b6 		 77 		 10.185876
b6 		 78 		 10.185876
b6 		 79 		 10.185876
b6 		 80 		 10.185876
b6 		 81 		 10.185876
b6 		 82 		 9.614507
b6 		 83 		 10.185876
b6 		 84 		 9.614507
b6 		 85 		 9.614507
b6 		 86 		 9.614507
b6 		 87 		 9.614507
b6 		 88 		 9.614507
b6 		 89 		 9.614507
b6 		 90 		 9.614507
b6 		 91 		 9.614507
b6 		 92 		 9.614507
b6 		 93 		 9.614507
b6 		 94 		 9.614507
b6 		 95 		 9.614507
b6 		 96 		 9.614507
----------------------------------------------------------------------------------------------------
b7 		 1 		 9.614507
b7 		 2 		 9.614507
b7 		 3 		 9.614507
b7 		 4 		 9.614507
b7 		 5 		 9.408671
b7 		 6 		 9.408671
b7 		 7 		 9.408671
b7 		 8 		 9.408671
b7 		 9 		 9.408671
b7 		 10 		 9.408671
b7 		 11 		 9.408671
b7 		 12 		 9.408671
b7 		 13 		 9.408671
b7 		 14 		 9.408671
b7 		 15 		 9.408671
b7 		 16 		 9.408671
b7 		 17 		 9.408671
b7 		 18 		 9.408671
b7 		 19 		 9.408671
b7 		 20 		 9.408671
b7 		 21 		 9.408671
b7 		 22 		 9.408671
b7 		 23 		 9.408671
b7 		 24 		 9.408671
b7 		 25 		 9.614507
b7 		 26 		 9.408671
b7 		 27 		 9.408671
b7 		 28 		 9.408671
b7 		 29 		 9.457625
b7 		 30 		 9.457625
b7 		 31 		 9.457625
b7 		 32 		 9.457625
b7 		 33 		 9.457625
b7 		 34 		 9.614507
b7 		 35 		 9.457625
b7 		 36 		 9.457625
b7 		 37 		 9.614507
b7 		 38 		 9.614507
b7 		 39 		 9.614507
b7 		 40 		 9.614507
b7 		 41 		 9.614507
b7 		 42 		 9.614507
b7 		 43 		 9.614507
b7 		 44 		 9.614507
b7 		 45 		 9.614507
b7 		 46 		 9.614507
b7 		 47 		 9.614507
b7 		 48 		 9.614507
b7 		 49 		 9.614507
b7 		 50 		 9.614507
b7 		 51 		 9.614507
b7 		 52 		 9.614507
b7 		 53 		 10.185876
b7 		 54 		 10.185876
b7 		 55 		 10.185876
b7 		 56 		 9.614507
b7 		 57 		 10.185876
b7 		 58 		 10.185876
b7 		 59 		 9.614507
b7 		 60 		 10.185876
b7 		 61 		 9.614507
b7 		 62 		 10.185876
b7 		 63 		 10.185876
b7 		 64 		 9.614507
b7 		 65 		 10.185876
b7 		 66 		 10.185876
b7 		 67 		 10.185876
b7 		 68 		 10.185876
b7 		 69 		 10.185876
b7 		 70 		 10.185876
b7 		 71 		 10.185876
b7 		 72 		 10.185876
b7 		 73 		 10.185876
b7 		 74 		 10.185876
b7 		 75 		 10.185876
b7 		 76 		 10.185876
b7 		 77 		 10.185876
b7 		 78 		 10.185876
b7 		 79 		 10.185876
b7 		 80 		 10.185876
b7 		 81 		 10.185876
b7 		 82 		 9.614507
b7 		 83 		 10.185876
b7 		 84 		 9.614507
b7 		 85 		 9.614507
b7 		 86 		 9.614507
b7 		 87 		 9.614507
b7 		 88 		 9.614507
b7 		 89 		 9.614507
b7 		 90 		 9.614507
b7 		 91 		 9.614507
b7 		 92 		 9.614507
b7 		 93 		 9.614507
b7 		 94 		 9.614507
b7 		 95 		 9.614507
b7 		 96 		 9.614507
----------------------------------------------------------------------------------------------------
b8 		 1 		 9.614507
b8 		 2 		 9.614507
b8 		 3 		 9.614507
b8 		 4 		 9.614507
b8 		 5 		 9.408671
b8 		 6 		 9.408671
b8 		 7 		 9.408671
b8 		 8 		 9.408671
b8 		 9 		 9.408671
b8 		 10 		 9.408671
b8 		 11 		 9.408671
b8 		 12 		 9.408671
b8 		 13 		 9.408671
b8 		 14 		 9.408671
b8 		 15 		 9.408671
b8 		 16 		 9.408671
b8 		 17 		 9.408671
b8 		 18 		 9.408671
b8 		 19 		 9.408671
b8 		 20 		 9.408671
b8 		 21 		 9.408671
b8 		 22 		 9.408671
b8 		 23 		 9.408671
b8 		 24 		 9.408671
b8 		 25 		 9.614507
b8 		 26 		 9.408671
b8 		 27 		 9.408671
b8 		 28 		 9.408671
b8 		 29 		 9.457625
b8 		 30 		 9.457625
b8 		 31 		 9.457625
b8 		 32 		 9.457625
b8 		 33 		 9.457625
b8 		 34 		 9.614507
b8 		 35 		 9.457625
b8 		 36 		 9.457625
b8 		 37 		 9.614507
b8 		 38 		 9.614507
b8 		 39 		 9.614507
b8 		 40 		 9.614507
b8 		 41 		 9.614507
b8 		 42 		 9.614507
b8 		 43 		 9.614507
b8 		 44 		 9.614507
b8 		 45 		 9.614507
b8 		 46 		 9.614507
b8 		 47 		 9.614507
b8 		 48 		 9.614507
b8 		 49 		 9.614507
b8 		 50 		 9.614507
b8 		 51 		 9.614507
b8 		 52 		 9.614507
b8 		 53 		 10.185876
b8 		 54 		 10.185876
b8 		 55 		 10.185876
b8 		 56 		 9.614507
b8 		 57 		 10.185876
b8 		 58 		 10.185876
b8 		 59 		 9.614507
b8 		 60 		 10.185876
b8 		 61 		 9.614507
b8 		 62 		 10.185876
b8 		 63 		 10.185876
b8 		 64 		 9.614507
b8 		 65 		 10.185876
b8 		 66 		 10.185876
b8 		 67 		 10.185876
b8 		 68 		 10.185876
b8 		 69 		 10.185876
b8 		 70 		 10.185876
b8 		 71 		 10.185876
b8 		 72 		 10.185876
b8 		 73 		 10.185876
b8 		 74 		 10.185876
b8 		 75 		 10.185876
b8 		 76 		 10.185876
b8 		 77 		 10.185876
b8 		 78 		 10.185876
b8 		 79 		 10.185876
b8 		 80 		 10.185876
b8 		 81 		 10.185876
b8 		 82 		 9.614507
b8 		 83 		 10.185876
b8 		 84 		 9.614507
b8 		 85 		 9.614507
b8 		 86 		 9.614507
b8 		 87 		 9.614507
b8 		 88 		 9.614507
b8 		 89 		 9.614507
b8 		 90 		 9.614507
b8 		 91 		 9.614507
b8 		 92 		 9.614507
b8 		 93 		 9.614507
b8 		 94 		 9.614507
b8 		 95 		 9.614507
b8 		 96 		 9.614507
----------------------------------------------------------------------------------------------------
b9 		 1 		 9.614507
b9 		 2 		 9.614507
b9 		 3 		 9.614507
b9 		 4 		 9.614507
b9 		 5 		 9.408671
b9 		 6 		 9.408671
b9 		 7 		 9.408671
b9 		 8 		 9.408671
b9 		 9 		 9.408671
b9 		 10 		 9.408671
b9 		 11 		 9.408671
b9 		 12 		 9.408671
b9 		 13 		 9.408671
b9 		 14 		 9.408671
b9 		 15 		 9.408671
b9 		 16 		 9.408671
b9 		 17 		 9.408671
b9 		 18 		 9.408671
b9 		 19 		 9.408671
b9 		 20 		 9.408671
b9 		 21 		 9.408671
b9 		 22 		 9.408671
b9 		 23 		 9.408671
b9 		 24 		 9.408671
b9 		 25 		 9.614507
b9 		 26 		 9.408671
b9 		 27 		 9.408671
b9 		 28 		 9.408671
b9 		 29 		 9.457625
b9 		 30 		 9.457625
b9 		 31 		 9.457625
b9 		 32 		 9.457625
b9 		 33 		 9.457625
b9 		 34 		 9.614507
b9 		 35 		 9.457625
b9 		 36 		 9.457625
b9 		 37 		 9.614507
b9 		 38 		 9.614507
b9 		 39 		 9.614507
b9 		 40 		 9.614507
b9 		 41 		 9.614507
b9 		 42 		 9.614507
b9 		 43 		 9.614507
b9 		 44 		 9.614507
b9 		 45 		 9.614507
b9 		 46 		 9.614507
b9 		 47 		 9.614507
b9 		 48 		 9.614507
b9 		 49 		 9.614507
b9 		 50 		 9.614507
b9 		 51 		 9.614507
b9 		 52 		 9.614507
b9 		 53 		 10.185876
b9 		 54 		 10.185876
b9 		 55 		 10.185876
b9 		 56 		 9.614507
b9 		 57 		 10.185876
b9 		 58 		 10.185876
b9 		 59 		 9.614507
b9 		 60 		 10.185876
b9 		 61 		 9.614507
b9 		 62 		 10.185876
b9 		 63 		 10.185876
b9 		 64 		 9.614507
b9 		 65 		 10.185876
b9 		 66 		 10.185876
b9 		 67 		 10.185876
b9 		 68 		 10.185876
b9 		 69 		 10.185876
b9 		 70 		 10.185876
b9 		 71 		 10.185876
b9 		 72 		 10.185876
b9 		 73 		 10.185876
b9 		 74 		 10.185876
b9 		 75 		 10.185876
b9 		 76 		 10.185876
b9 		 77 		 10.185876
b9 		 78 		 10.185876
b9 		 79 		 10.185876
b9 		 80 		 10.185876
b9 		 81 		 10.185876
b9 		 82 		 9.614507
b9 		 83 		 10.185876
b9 		 84 		 9.614507
b9 		 85 		 9.614507
b9 		 86 		 9.614507
b9 		 87 		 9.614507
b9 		 88 		 9.614507
b9 		 89 		 9.614507
b9 		 90 		 9.614507
b9 		 91 		 9.614507
b9 		 92 		 9.614507
b9 		 93 		 9.614507
b9 		 94 		 9.614507
b9 		 95 		 9.614507
b9 		 96 		 9.614507
----------------------------------------------------------------------------------------------------
b10 		 1 		 9.614507
b10 		 2 		 9.614507
b10 		 3 		 9.614507
b10 		 4 		 9.614507
b10 		 5 		 9.408671
b10 		 6 		 9.408671
b10 		 7 		 9.408671
b10 		 8 		 9.408671
b10 		 9 		 9.408671
b10 		 10 		 9.408671
b10 		 11 		 9.408671
b10 		 12 		 9.408671
b10 		 13 		 9.408671
b10 		 14 		 9.408671
b10 		 15 		 9.408671
b10 		 16 		 9.408671
b10 		 17 		 9.408671
b10 		 18 		 9.408671
b10 		 19 		 9.408671
b10 		 20 		 9.408671
b10 		 21 		 9.408671
b10 		 22 		 9.408671
b10 		 23 		 9.408671
b10 		 24 		 9.408671
b10 		 25 		 9.614507
b10 		 26 		 9.408671
b10 		 27 		 9.408671
b10 		 28 		 9.408671
b10 		 29 		 9.457625
b10 		 30 		 9.457625
b10 		 31 		 9.457625
b10 		 32 		 9.457625
b10 		 33 		 9.457625
b10 		 34 		 9.614507
b10 		 35 		 9.457625
b10 		 36 		 9.457625
b10 		 37 		 9.614507
b10 		 38 		 9.614507
b10 		 39 		 9.614507
b10 		 40 		 9.614507
b10 		 41 		 9.614507
b10 		 42 		 9.614507
b10 		 43 		 9.614507
b10 		 44 		 9.614507
b10 		 45 		 9.614507
b10 		 46 		 9.614507
b10 		 47 		 9.614507
b10 		 48 		 9.614507
b10 		 49 		 9.614507
b10 		 50 		 9.614507
b10 		 51 		 9.614507
b10 		 52 		 9.614507
b10 		 53 		 10.185876
b10 		 54 		 10.185876
b10 		 55 		 10.185876
b10 		 56 		 9.614507
b10 		 57 		 10.185876
b10 		 58 		 10.185876
b10 		 59 		 9.614507
b10 		 60 		 10.185876
b10 		 61 		 9.614507
b10 		 62 		 10.185876
b10 		 63 		 10.185876
b10 		 64 		 9.614507
b10 		 65 		 10.185876
b10 		 66 		 10.185876
b10 		 67 		 10.185876
b10 		 68 		 10.185876
b10 		 69 		 10.185876
b10 		 70 		 10.185876
b10 		 71 		 10.185876
b10 		 72 		 10.185876
b10 		 73 		 10.185876
b10 		 74 		 10.185876
b10 		 75 		 10.185876
b10 		 76 		 10.185876
b10 		 77 		 10.185876
b10 		 78 		 10.185876
b10 		 79 		 10.185876
b10 		 80 		 10.185876
b10 		 81 		 10.185876
b10 		 82 		 9.614507
b10 		 83 		 10.185876
b10 		 84 		 9.614507
b10 		 85 		 9.614507
b10 		 86 		 9.614507
b10 		 87 		 9.614507
b10 		 88 		 9.614507
b10 		 89 		 9.614507
b10 		 90 		 9.614507
b10 		 91 		 9.614507
b10 		 92 		 9.614507
b10 		 93 		 9.614507
b10 		 94 		 9.614507
b10 		 95 		 9.614507
b10 		 96 		 9.614507
----------------------------------------------------------------------------------------------------
b11 		 1 		 9.614507
b11 		 2 		 9.614507
b11 		 3 		 9.614507
b11 		 4 		 9.614507
b11 		 5 		 9.408671
b11 		 6 		 9.408671
b11 		 7 		 9.408671
b11 		 8 		 9.408671
b11 		 9 		 9.408671
b11 		 10 		 9.408671
b11 		 11 		 9.408671
b11 		 12 		 9.408671
b11 		 13 		 9.408671
b11 		 14 		 9.408671
b11 		 15 		 9.408671
b11 		 16 		 9.408671
b11 		 17 		 9.408671
b11 		 18 		 9.408671
b11 		 19 		 9.408671
b11 		 20 		 9.408671
b11 		 21 		 9.408671
b11 		 22 		 9.408671
b11 		 23 		 9.408671
b11 		 24 		 9.408671
b11 		 25 		 9.614507
b11 		 26 		 9.408671
b11 		 27 		 9.408671
b11 		 28 		 9.408671
b11 		 29 		 9.457625
b11 		 30 		 9.457625
b11 		 31 		 9.457625
b11 		 32 		 9.457625
b11 		 33 		 9.457625
b11 		 34 		 9.614507
b11 		 35 		 9.457625
b11 		 36 		 9.457625
b11 		 37 		 9.614507
b11 		 38 		 9.614507
b11 		 39 		 9.614507
b11 		 40 		 9.614507
b11 		 41 		 9.614507
b11 		 42 		 9.614507
b11 		 43 		 9.614507
b11 		 44 		 9.614507
b11 		 45 		 9.614507
b11 		 46 		 9.614507
b11 		 47 		 9.614507
b11 		 48 		 9.614507
b11 		 49 		 9.614507
b11 		 50 		 9.614507
b11 		 51 		 9.614507
b11 		 52 		 9.614507
b11 		 53 		 10.185876
b11 		 54 		 10.185876
b11 		 55 		 10.185876
b11 		 56 		 9.614507
b11 		 57 		 10.185876
b11 		 58 		 10.185876
b11 		 59 		 9.614507
b11 		 60 		 10.185876
b11 		 61 		 9.614507
b11 		 62 		 10.185876
b11 		 63 		 10.185876
b11 		 64 		 9.614507
b11 		 65 		 10.185876
b11 		 66 		 10.185876
b11 		 67 		 10.185876
b11 		 68 		 10.185876
b11 		 69 		 10.185876
b11 		 70 		 10.185876
b11 		 71 		 10.185876
b11 		 72 		 10.185876
b11 		 73 		 10.185876
b11 		 74 		 10.185876
b11 		 75 		 10.185876
b11 		 76 		 10.185876
b11 		 77 		 10.185876
b11 		 78 		 10.185876
b11 		 79 		 10.185876
b11 		 80 		 10.185876
b11 		 81 		 10.185876
b11 		 82 		 9.614507
b11 		 83 		 10.185876
b11 		 84 		 9.614507
b11 		 85 		 9.614507
b11 		 86 		 9.614507
b11 		 87 		 9.614507
b11 		 88 		 9.614507
b11 		 89 		 9.614507
b11 		 90 		 9.614507
b11 		 91 		 9.614507
b11 		 92 		 9.614507
b11 		 93 		 9.614507
b11 		 94 		 9.614507
b11 		 95 		 9.614507
b11 		 96 		 9.614507
----------------------------------------------------------------------------------------------------
b12 		 1 		 9.614507
b12 		 2 		 9.614507
b12 		 3 		 9.614507
b12 		 4 		 9.614507
b12 		 5 		 9.408671
b12 		 6 		 9.408671
b12 		 7 		 9.408671
b12 		 8 		 9.408671
b12 		 9 		 9.408671
b12 		 10 		 9.408671
b12 		 11 		 9.408671
b12 		 12 		 9.408671
b12 		 13 		 9.408671
b12 		 14 		 9.408671
b12 		 15 		 9.408671
b12 		 16 		 9.408671
b12 		 17 		 9.408671
b12 		 18 		 9.408671
b12 		 19 		 9.408671
b12 		 20 		 9.408671
b12 		 21 		 9.408671
b12 		 22 		 9.408671
b12 		 23 		 9.408671
b12 		 24 		 9.408671
b12 		 25 		 9.614507
b12 		 26 		 9.408671
b12 		 27 		 9.408671
b12 		 28 		 9.408671
b12 		 29 		 9.457625
b12 		 30 		 9.457625
b12 		 31 		 9.457625
b12 		 32 		 9.457625
b12 		 33 		 9.457625
b12 		 34 		 9.614507
b12 		 35 		 9.457625
b12 		 36 		 9.457625
b12 		 37 		 9.614507
b12 		 38 		 9.614507
b12 		 39 		 9.614507
b12 		 40 		 9.614507
b12 		 41 		 9.614507
b12 		 42 		 9.614507
b12 		 43 		 9.614507
b12 		 44 		 9.614507
b12 		 45 		 9.614507
b12 		 46 		 9.614507
b12 		 47 		 9.614507
b12 		 48 		 9.614507
b12 		 49 		 9.614507
b12 		 50 		 9.614507
b12 		 51 		 9.614507
b12 		 52 		 9.614507
b12 		 53 		 10.185876
b12 		 54 		 10.185876
b12 		 55 		 10.185876
b12 		 56 		 9.614507
b12 		 57 		 10.185876
b12 		 58 		 10.185876
b12 		 59 		 9.614507
b12 		 60 		 10.185876
b12 		 61 		 9.614507
b12 		 62 		 10.185876
b12 		 63 		 10.185876
b12 		 64 		 9.614507
b12 		 65 		 10.185876
b12 		 66 		 10.185876
b12 		 67 		 10.185876
b12 		 68 		 10.185876
b12 		 69 		 10.185876
b12 		 70 		 10.185876
b12 		 71 		 10.185876
b12 		 72 		 10.185876
b12 		 73 		 10.185876
b12 		 74 		 10.185876
b12 		 75 		 10.185876
b12 		 76 		 10.185876
b12 		 77 		 10.185876
b12 		 78 		 10.185876
b12 		 79 		 10.185876
b12 		 80 		 10.185876
b12 		 81 		 10.185876
b12 		 82 		 9.614507
b12 		 83 		 10.185876
b12 		 84 		 9.614507
b12 		 85 		 9.614507
b12 		 86 		 9.614507
b12 		 87 		 9.614507
b12 		 88 		 9.614507
b12 		 89 		 9.614507
b12 		 90 		 9.614507
b12 		 91 		 9.614507
b12 		 92 		 9.614507
b12 		 93 		 9.614507
b12 		 94 		 9.614507
b12 		 95 		 9.614507
b12 		 96 		 9.614507
----------------------------------------------------------------------------------------------------
b13 		 1 		 9.614507
b13 		 2 		 9.614507
b13 		 3 		 9.614507
b13 		 4 		 9.614507
b13 		 5 		 9.408671
b13 		 6 		 9.408671
b13 		 7 		 9.408671
b13 		 8 		 9.408671
b13 		 9 		 9.408671
b13 		 10 		 9.408671
b13 		 11 		 9.408671
b13 		 12 		 9.408671
b13 		 13 		 9.408671
b13 		 14 		 9.408671
b13 		 15 		 9.408671
b13 		 16 		 9.408671
b13 		 17 		 9.408671
b13 		 18 		 9.408671
b13 		 19 		 9.408671
b13 		 20 		 9.408671
b13 		 21 		 9.408671
b13 		 22 		 9.408671
b13 		 23 		 9.408671
b13 		 24 		 9.408671
b13 		 25 		 9.614507
b13 		 26 		 9.408671
b13 		 27 		 9.408671
b13 		 28 		 9.408671
b13 		 29 		 9.457625
b13 		 30 		 9.457625
b13 		 31 		 9.457625
b13 		 32 		 9.457625
b13 		 33 		 9.457625
b13 		 34 		 9.614507
b13 		 35 		 9.457625
b13 		 36 		 9.457625
b13 		 37 		 9.614507
b13 		 38 		 9.614507
b13 		 39 		 9.614507
b13 		 40 		 9.614507
b13 		 41 		 9.614507
b13 		 42 		 9.614507
b13 		 43 		 9.614507
b13 		 44 		 9.614507
b13 		 45 		 9.614507
b13 		 46 		 9.614507
b13 		 47 		 9.614507
b13 		 48 		 9.614507
b13 		 49 		 9.614507
b13 		 50 		 9.614507
b13 		 51 		 9.614507
b13 		 52 		 9.614507
b13 		 53 		 10.185876
b13 		 54 		 10.185876
b13 		 55 		 10.185876
b13 		 56 		 9.614507
b13 		 57 		 10.185876
b13 		 58 		 10.185876
b13 		 59 		 9.614507
b13 		 60 		 10.185876
b13 		 61 		 9.614507
b13 		 62 		 10.185876
b13 		 63 		 10.185876
b13 		 64 		 9.614507
b13 		 65 		 10.185876
b13 		 66 		 10.185876
b13 		 67 		 10.185876
b13 		 68 		 10.185876
b13 		 69 		 10.185876
b13 		 70 		 10.185876
b13 		 71 		 10.185876
b13 		 72 		 10.185876
b13 		 73 		 10.185876
b13 		 74 		 10.185876
b13 		 75 		 10.185876
b13 		 76 		 10.185876
b13 		 77 		 10.185876
b13 		 78 		 10.185876
b13 		 79 		 10.185876
b13 		 80 		 10.185876
b13 		 81 		 10.185876
b13 		 82 		 9.614507
b13 		 83 		 10.185876
b13 		 84 		 9.614507
b13 		 85 		 9.614507
b13 		 86 		 9.614507
b13 		 87 		 9.614507
b13 		 88 		 9.614507
b13 		 89 		 9.614507
b13 		 90 		 9.614507
b13 		 91 		 9.614507
b13 		 92 		 9.614507
b13 		 93 		 9.614507
b13 		 94 		 9.614507
b13 		 95 		 9.614507
b13 		 96 		 9.614507
----------------------------------------------------------------------------------------------------
b14 		 1 		 9.614507
b14 		 2 		 9.614507
b14 		 3 		 9.614507
b14 		 4 		 9.614507
b14 		 5 		 9.408671
b14 		 6 		 9.408671
b14 		 7 		 9.408671
b14 		 8 		 9.408671
b14 		 9 		 9.408671
b14 		 10 		 9.408671
b14 		 11 		 9.408671
b14 		 12 		 9.408671
b14 		 13 		 9.408671
b14 		 14 		 9.408671
b14 		 15 		 9.408671
b14 		 16 		 9.408671
b14 		 17 		 9.408671
b14 		 18 		 9.408671
b14 		 19 		 9.408671
b14 		 20 		 9.408671
b14 		 21 		 9.408671
b14 		 22 		 9.408671
b14 		 23 		 9.408671
b14 		 24 		 9.408671
b14 		 25 		 9.614507
b14 		 26 		 9.408671
b14 		 27 		 9.408671
b14 		 28 		 9.408671
b14 		 29 		 9.457625
b14 		 30 		 9.457625
b14 		 31 		 9.457625
b14 		 32 		 9.457625
b14 		 33 		 9.457625
b14 		 34 		 9.614507
b14 		 35 		 9.457625
b14 		 36 		 9.457625
b14 		 37 		 9.614507
b14 		 38 		 9.614507
b14 		 39 		 9.614507
b14 		 40 		 9.614507
b14 		 41 		 9.614507
b14 		 42 		 9.614507
b14 		 43 		 9.614507
b14 		 44 		 9.614507
b14 		 45 		 9.614507
b14 		 46 		 9.614507
b14 		 47 		 9.614507
b14 		 48 		 9.614507
b14 		 49 		 9.614507
b14 		 50 		 9.614507
b14 		 51 		 9.614507
b14 		 52 		 9.614507
b14 		 53 		 10.185876
b14 		 54 		 10.185876
b14 		 55 		 10.185876
b14 		 56 		 9.614507
b14 		 57 		 10.185876
b14 		 58 		 10.185876
b14 		 59 		 9.614507
b14 		 60 		 10.185876
b14 		 61 		 9.614507
b14 		 62 		 10.185876
b14 		 63 		 10.185876
b14 		 64 		 9.614507
b14 		 65 		 10.185876
b14 		 66 		 10.185876
b14 		 67 		 10.185876
b14 		 68 		 10.185876
b14 		 69 		 10.185876
b14 		 70 		 10.185876
b14 		 71 		 10.185876
b14 		 72 		 10.185876
b14 		 73 		 10.185876
b14 		 74 		 10.185876
b14 		 75 		 10.185876
b14 		 76 		 10.185876
b14 		 77 		 10.185876
b14 		 78 		 10.185876
b14 		 79 		 10.185876
b14 		 80 		 10.185876
b14 		 81 		 10.185876
b14 		 82 		 9.614507
b14 		 83 		 10.185876
b14 		 84 		 9.614507
b14 		 85 		 9.614507
b14 		 86 		 9.614507
b14 		 87 		 9.614507
b14 		 88 		 9.614507
b14 		 89 		 9.614507
b14 		 90 		 9.614507
b14 		 91 		 9.614507
b14 		 92 		 9.614507
b14 		 93 		 9.614507
b14 		 94 		 9.614507
b14 		 95 		 9.614507
b14 		 96 		 9.614507
----------------------------------------------------------------------------------------------------
Total overall payments
----------------------------------------------------------------------------------------------------------------------------------------------------
total generation payment 	 total up-FRP payment 	 total dw-FRP payment 	 total pre-up t. payment 	 uplift payment 	 total post-up t. payment 	 profit
----------------------------------------------------------------------------------------------------------------------------------------------------
336124.301141 			 1628.301603 			 0.0 			 337752.602744			 43631.302031 			 381383.90477499994 			 31859.975486999963
