****************************************************************************************************
 
Generation payment
----------------------------------------------------------------------------------------------------------------
unit	 time 	 generation payment 	 up-FRP payment 	 dw-FRP payment 	pre-up total payment
----------------------------------------------------------------------------------------------------------------
g1	 1 	 243.906236 			 0.0 			 0.0			 243.906236 
g1	 2 	 57.923053 			 0.0 			 0.0			 57.923053 
g1	 3 	 113.259315 			 0.0 			 0.0			 113.259315 
g1	 4 	 163.265626 			 0.0 			 0.0			 163.265626 
g1	 5 	 221.300222 			 0.0 			 0.0			 221.300222 
g1	 6 	 198.738915 			 0.0 			 0.0			 198.738915 
g1	 7 	 178.5275 			 0.0 			 0.0			 178.5275 
g1	 8 	 195.407013 			 0.0 			 0.0			 195.407013 
g1	 9 	 269.238877 			 0.0 			 0.0			 269.238877 
g1	 10 	 140.66458 			 0.0 			 0.0			 140.66458 
g1	 11 	 179.203758 			 0.0 			 0.0			 179.203758 
g1	 12 	 113.315879 			 0.0 			 0.0			 113.315879 
g1	 13 	 103.762032 			 0.0 			 0.0			 103.762032 
g1	 14 	 190.573083 			 0.0 			 0.0			 190.573083 
g1	 15 	 185.834039 			 0.0 			 0.0			 185.834039 
g1	 16 	 238.976565 			 0.0 			 0.0			 238.976565 
g1	 17 	 107.473405 			 0.0 			 0.0			 107.473405 
g1	 18 	 46.306054 			 0.0 			 0.0			 46.306054 
g1	 19 	 186.080574 			 0.0 			 0.0			 186.080574 
g1	 20 	 154.875964 			 0.0 			 0.0			 154.875964 
g1	 21 	 147.425567 			 0.0 			 0.0			 147.425567 
g1	 22 	 223.122277 			 0.0 			 0.0			 223.122277 
g1	 23 	 87.816734 			 0.0 			 0.0			 87.816734 
g1	 24 	 208.961418 			 0.0 			 0.0			 208.961418 
g1	 25 	 109.717768 			 0.0 			 0.0			 109.717768 
g1	 26 	 298.654133 			 0.0 			 0.0			 298.654133 
g1	 27 	 240.712634 			 0.0 			 0.0			 240.712634 
g1	 28 	 192.109679 			 0.0 			 0.0			 192.109679 
g1	 29 	 133.399515 			 0.0 			 0.0			 133.399515 
g1	 30 	 93.460958 			 0.0 			 0.0			 93.460958 
g1	 31 	 159.844266 			 0.0 			 0.0			 159.844266 
g1	 32 	 159.844266 			 0.0 			 0.0			 159.844266 
g1	 33 	 151.746052 			 0.0 			 0.0			 151.746052 
g1	 34 	 151.746052 			 0.0 			 0.0			 151.746052 
g1	 35 	 189.99634 			 0.0 			 0.0			 189.99634 
g1	 36 	 274.704752 			 0.0 			 0.0			 274.704752 
g1	 37 	 202.24701 			 0.0 			 0.0			 202.24701 
g1	 38 	 372.508036 			 0.0 			 0.0			 372.508036 
g1	 39 	 160.405925 			 0.0 			 0.0			 160.405925 
g1	 40 	 81.811292 			 0.0 			 0.0			 81.811292 
g1	 41 	 89.57341 			 0.0 			 0.0			 89.57341 
g1	 42 	 16.555758 			 0.0 			 0.0			 16.555758 
g1	 43 	 146.525279 			 0.0 			 0.0			 146.525279 
g1	 44 	 86.310525 			 0.0 			 0.0			 86.310525 
g1	 45 	 71.824117 			 0.0 			 0.0			 71.824117 
g1	 46 	 330.751982 			 0.0 			 0.0			 330.751982 
g1	 47 	 46.54829 			 0.0 			 0.0			 46.54829 
g1	 48 	 133.957926 			 0.0 			 0.0			 133.957926 
g1	 49 	 -112.414479 			 0.0 			 0.0			 -112.414479 
g1	 50 	 267.908247 			 0.0 			 0.0			 267.908247 
g1	 51 	 18.180465 			 0.0 			 0.0			 18.180465 
g1	 52 	 314.658903 			 0.0 			 0.0			 314.658903 
g1	 53 	 134.366581 			 0.0 			 0.0			 134.366581 
g1	 54 	 -19.917105 			 0.0 			 0.0			 -19.917105 
g1	 55 	 102.469954 			 0.0 			 0.0			 102.469954 
g1	 56 	 115.895411 			 0.0 			 0.0			 115.895411 
g1	 57 	 23.313651 			 0.0 			 0.0			 23.313651 
g1	 58 	 172.152509 			 0.0 			 0.0			 172.152509 
g1	 59 	 172.152509 			 0.0 			 0.0			 172.152509 
g1	 60 	 167.674596 			 0.0 			 0.0			 167.674596 
g1	 61 	 186.287169 			 0.0 			 0.0			 186.287169 
g1	 62 	 153.122234 			 0.0 			 0.0			 153.122234 
g1	 63 	 172.152509 			 0.0 			 0.0			 172.152509 
g1	 64 	 172.152509 			 0.0 			 0.0			 172.152509 
g1	 65 	 172.152509 			 0.0 			 0.0			 172.152509 
g1	 66 	 172.152509 			 0.0 			 0.0			 172.152509 
g1	 67 	 172.152509 			 0.0 			 0.0			 172.152509 
g1	 68 	 186.287169 			 0.0 			 0.0			 186.287169 
g1	 69 	 172.152509 			 0.0 			 0.0			 172.152509 
g1	 70 	 172.152509 			 0.0 			 0.0			 172.152509 
g1	 71 	 172.152509 			 0.0 			 0.0			 172.152509 
g1	 72 	 137.224436 			 0.0 			 0.0			 137.224436 
g1	 73 	 158.326452 			 0.0 			 0.0			 158.326452 
g1	 74 	 69.78189 			 0.0 			 0.0			 69.78189 
g1	 75 	 192.642468 			 0.0 			 0.0			 192.642468 
g1	 76 	 203.448582 			 0.0 			 0.0			 203.448582 
g1	 77 	 267.206561 			 0.0 			 0.0			 267.206561 
g1	 78 	 260.555697 			 0.0 			 0.0			 260.555697 
g1	 79 	 -115.21855 			 0.0 			 0.0			 -115.21855 
g1	 80 	 211.174301 			 0.0 			 0.0			 211.174301 
g1	 81 	 387.125197 			 0.0 			 0.0			 387.125197 
g1	 82 	 -6.120066 			 0.0 			 0.0			 -6.120066 
g1	 83 	 357.75182 			 0.0 			 0.0			 357.75182 
g1	 84 	 208.039702 			 0.0 			 0.0			 208.039702 
g1	 85 	 -29.187893 			 0.0 			 0.0			 -29.187893 
g1	 86 	 33.11891 			 0.0 			 0.0			 33.11891 
g1	 87 	 255.061304 			 0.0 			 0.0			 255.061304 
g1	 88 	 34.99394 			 0.0 			 0.0			 34.99394 
g1	 89 	 544.498221 			 0.0 			 0.0			 544.498221 
g1	 90 	 63.86964 			 0.0 			 0.0			 63.86964 
g1	 91 	 192.550222 			 0.0 			 0.0			 192.550222 
g1	 92 	 324.566681 			 0.0 			 0.0			 324.566681 
g1	 93 	 39.465994 			 0.0 			 0.0			 39.465994 
g1	 94 	 235.087849 			 0.0 			 0.0			 235.087849 
g1	 95 	 146.787236 			 0.0 			 0.0			 146.787236 
g1	 96 	 93.914293 			 0.0 			 0.0			 93.914293 
----------------------------------------------------------------------------------------------------
g2	 1 	 0.0 			 0.0 			 0.0			 0.0 
g2	 2 	 0.0 			 0.0 			 0.0			 0.0 
g2	 3 	 0.0 			 0.0 			 0.0			 0.0 
g2	 4 	 0.0 			 0.0 			 0.0			 0.0 
g2	 5 	 0.0 			 0.0 			 0.0			 0.0 
g2	 6 	 0.0 			 0.0 			 0.0			 0.0 
g2	 7 	 0.0 			 0.0 			 0.0			 0.0 
g2	 8 	 0.0 			 0.0 			 0.0			 0.0 
g2	 9 	 0.0 			 0.0 			 0.0			 0.0 
g2	 10 	 0.0 			 0.0 			 0.0			 0.0 
g2	 11 	 0.0 			 0.0 			 0.0			 0.0 
g2	 12 	 0.0 			 0.0 			 0.0			 0.0 
g2	 13 	 0.0 			 0.0 			 0.0			 0.0 
g2	 14 	 0.0 			 0.0 			 0.0			 0.0 
g2	 15 	 0.0 			 0.0 			 0.0			 0.0 
g2	 16 	 0.0 			 0.0 			 0.0			 0.0 
g2	 17 	 0.0 			 0.0 			 0.0			 0.0 
g2	 18 	 0.0 			 0.0 			 0.0			 0.0 
g2	 19 	 0.0 			 0.0 			 0.0			 0.0 
g2	 20 	 0.0 			 0.0 			 0.0			 0.0 
g2	 21 	 0.0 			 0.0 			 0.0			 0.0 
g2	 22 	 0.0 			 0.0 			 0.0			 0.0 
g2	 23 	 0.0 			 0.0 			 0.0			 0.0 
g2	 24 	 0.0 			 0.0 			 0.0			 0.0 
g2	 25 	 0.0 			 0.0 			 0.0			 0.0 
g2	 26 	 0.0 			 0.0 			 0.0			 0.0 
g2	 27 	 0.0 			 0.0 			 0.0			 0.0 
g2	 28 	 0.0 			 0.0 			 0.0			 0.0 
g2	 29 	 -66.066117 			 0.0 			 0.0			 -66.066117 
g2	 30 	 -66.066117 			 0.0 			 0.0			 -66.066117 
g2	 31 	 74.573553 			 0.0 			 0.0			 74.573553 
g2	 32 	 104.199743 			 0.0 			 0.0			 104.199743 
g2	 33 	 -11.90121 			 0.0 			 0.0			 -11.90121 
g2	 34 	 -42.198192 			 0.0 			 0.0			 -42.198192 
g2	 35 	 21.701904 			 0.0 			 0.0			 21.701904 
g2	 36 	 21.701904 			 0.0 			 0.0			 21.701904 
g2	 37 	 21.701904 			 0.0 			 0.0			 21.701904 
g2	 38 	 21.701904 			 0.0 			 0.0			 21.701904 
g2	 39 	 21.701904 			 0.0 			 0.0			 21.701904 
g2	 40 	 21.701904 			 0.0 			 0.0			 21.701904 
g2	 41 	 21.701904 			 0.0 			 0.0			 21.701904 
g2	 42 	 21.701904 			 0.0 			 0.0			 21.701904 
g2	 43 	 21.701904 			 0.0 			 0.0			 21.701904 
g2	 44 	 21.701904 			 0.0 			 0.0			 21.701904 
g2	 45 	 21.701904 			 0.0 			 0.0			 21.701904 
g2	 46 	 21.701904 			 0.0 			 0.0			 21.701904 
g2	 47 	 21.701904 			 0.0 			 0.0			 21.701904 
g2	 48 	 21.701904 			 0.0 			 0.0			 21.701904 
g2	 49 	 21.701904 			 0.0 			 0.0			 21.701904 
g2	 50 	 21.701904 			 0.0 			 0.0			 21.701904 
g2	 51 	 21.701904 			 0.0 			 0.0			 21.701904 
g2	 52 	 21.701904 			 0.0 			 0.0			 21.701904 
g2	 53 	 21.701904 			 0.0 			 0.0			 21.701904 
g2	 54 	 21.701904 			 0.0 			 0.0			 21.701904 
g2	 55 	 21.701904 			 0.0 			 0.0			 21.701904 
g2	 56 	 21.701904 			 0.0 			 0.0			 21.701904 
g2	 57 	 -31.625517 			 0.0 			 0.0			 -31.625517 
g2	 58 	 183.394681 			 0.0 			 0.0			 183.394681 
g2	 59 	 121.676013 			 0.0 			 0.0			 121.676013 
g2	 60 	 44.222249 			 0.0 			 0.0			 44.222249 
g2	 61 	 251.898652 			 0.0 			 0.0			 251.898652 
g2	 62 	 4.987727 			 0.0 			 0.0			 4.987727 
g2	 63 	 99.235622 			 0.0 			 0.0			 99.235622 
g2	 64 	 -31.923381 			 0.0 			 0.0			 -31.923381 
g2	 65 	 -1.232471 			 0.0 			 0.0			 -1.232471 
g2	 66 	 76.88838 			 0.0 			 0.0			 76.88838 
g2	 67 	 164.943343 			 0.0 			 0.0			 164.943343 
g2	 68 	 199.367204 			 0.0 			 0.0			 199.367204 
g2	 69 	 113.781684 			 0.0 			 0.0			 113.781684 
g2	 70 	 34.289855 			 0.0 			 0.0			 34.289855 
g2	 71 	 99.695779 			 0.0 			 0.0			 99.695779 
g2	 72 	 -106.233899 			 0.0 			 0.0			 -106.233899 
g2	 73 	 19.647062 			 0.0 			 0.0			 19.647062 
g2	 74 	 19.647062 			 0.0 			 0.0			 19.647062 
g2	 75 	 96.482838 			 0.0 			 0.0			 96.482838 
g2	 76 	 275.960873 			 0.0 			 0.0			 275.960873 
g2	 77 	 33.960506 			 0.0 			 0.0			 33.960506 
g2	 78 	 21.701904 			 0.0 			 0.0			 21.701904 
g2	 79 	 21.701904 			 0.0 			 0.0			 21.701904 
g2	 80 	 21.701904 			 0.0 			 0.0			 21.701904 
g2	 81 	 271.059994 			 0.0 			 0.0			 271.059994 
g2	 82 	 21.701904 			 0.0 			 0.0			 21.701904 
g2	 83 	 37.463591 			 0.0 			 0.0			 37.463591 
g2	 84 	 21.701904 			 0.0 			 0.0			 21.701904 
g2	 85 	 21.701904 			 0.0 			 0.0			 21.701904 
g2	 86 	 21.701904 			 0.0 			 0.0			 21.701904 
g2	 87 	 21.701904 			 0.0 			 0.0			 21.701904 
g2	 88 	 21.701904 			 0.0 			 0.0			 21.701904 
g2	 89 	 -85.951116 			 0.0 			 0.0			 -85.951116 
g2	 90 	 -123.743556 			 0.0 			 0.0			 -123.743556 
g2	 91 	 -85.951116 			 0.0 			 0.0			 -85.951116 
g2	 92 	 -85.951116 			 0.0 			 0.0			 -85.951116 
g2	 93 	 0.0 			 0.0 			 0.0			 0.0 
g2	 94 	 0.0 			 0.0 			 0.0			 0.0 
g2	 95 	 0.0 			 0.0 			 0.0			 0.0 
g2	 96 	 0.0 			 0.0 			 0.0			 0.0 
----------------------------------------------------------------------------------------------------
g3	 1 	 0.0 			 0.0 			 0.0			 0.0 
g3	 2 	 0.0 			 0.0 			 0.0			 0.0 
g3	 3 	 0.0 			 0.0 			 0.0			 0.0 
g3	 4 	 0.0 			 0.0 			 0.0			 0.0 
g3	 5 	 0.0 			 0.0 			 0.0			 0.0 
g3	 6 	 0.0 			 0.0 			 0.0			 0.0 
g3	 7 	 0.0 			 0.0 			 0.0			 0.0 
g3	 8 	 0.0 			 0.0 			 0.0			 0.0 
g3	 9 	 0.0 			 0.0 			 0.0			 0.0 
g3	 10 	 0.0 			 0.0 			 0.0			 0.0 
g3	 11 	 0.0 			 0.0 			 0.0			 0.0 
g3	 12 	 0.0 			 0.0 			 0.0			 0.0 
g3	 13 	 0.0 			 0.0 			 0.0			 0.0 
g3	 14 	 0.0 			 0.0 			 0.0			 0.0 
g3	 15 	 0.0 			 0.0 			 0.0			 0.0 
g3	 16 	 0.0 			 0.0 			 0.0			 0.0 
g3	 17 	 0.0 			 0.0 			 0.0			 0.0 
g3	 18 	 0.0 			 0.0 			 0.0			 0.0 
g3	 19 	 0.0 			 0.0 			 0.0			 0.0 
g3	 20 	 0.0 			 0.0 			 0.0			 0.0 
g3	 21 	 0.0 			 0.0 			 0.0			 0.0 
g3	 22 	 0.0 			 0.0 			 0.0			 0.0 
g3	 23 	 0.0 			 0.0 			 0.0			 0.0 
g3	 24 	 0.0 			 0.0 			 0.0			 0.0 
g3	 25 	 0.0 			 0.0 			 0.0			 0.0 
g3	 26 	 0.0 			 0.0 			 0.0			 0.0 
g3	 27 	 0.0 			 0.0 			 0.0			 0.0 
g3	 28 	 0.0 			 0.0 			 0.0			 0.0 
g3	 29 	 0.0 			 0.0 			 0.0			 0.0 
g3	 30 	 0.0 			 0.0 			 0.0			 0.0 
g3	 31 	 0.0 			 0.0 			 0.0			 0.0 
g3	 32 	 0.0 			 0.0 			 0.0			 0.0 
g3	 33 	 0.0 			 0.0 			 0.0			 0.0 
g3	 34 	 0.0 			 0.0 			 0.0			 0.0 
g3	 35 	 0.0 			 0.0 			 0.0			 0.0 
g3	 36 	 0.0 			 0.0 			 0.0			 0.0 
g3	 37 	 0.0 			 0.0 			 0.0			 0.0 
g3	 38 	 0.0 			 0.0 			 0.0			 0.0 
g3	 39 	 0.0 			 0.0 			 0.0			 0.0 
g3	 40 	 0.0 			 0.0 			 0.0			 0.0 
g3	 41 	 0.0 			 0.0 			 0.0			 0.0 
g3	 42 	 0.0 			 0.0 			 0.0			 0.0 
g3	 43 	 0.0 			 0.0 			 0.0			 0.0 
g3	 44 	 0.0 			 0.0 			 0.0			 0.0 
g3	 45 	 15.56631 			 0.0 			 0.0			 15.56631 
g3	 46 	 15.56631 			 0.0 			 0.0			 15.56631 
g3	 47 	 15.56631 			 0.0 			 0.0			 15.56631 
g3	 48 	 15.56631 			 0.0 			 0.0			 15.56631 
g3	 49 	 15.56631 			 0.0 			 0.0			 15.56631 
g3	 50 	 15.56631 			 0.0 			 0.0			 15.56631 
g3	 51 	 15.56631 			 0.0 			 0.0			 15.56631 
g3	 52 	 15.56631 			 0.0 			 0.0			 15.56631 
g3	 53 	 15.56631 			 0.0 			 0.0			 15.56631 
g3	 54 	 15.56631 			 0.0 			 0.0			 15.56631 
g3	 55 	 15.56631 			 0.0 			 0.0			 15.56631 
g3	 56 	 15.56631 			 0.0 			 0.0			 15.56631 
g3	 57 	 15.56631 			 0.0 			 0.0			 15.56631 
g3	 58 	 16.491381 			 0.0 			 0.0			 16.491381 
g3	 59 	 16.491381 			 0.0 			 0.0			 16.491381 
g3	 60 	 16.062419 			 0.0 			 0.0			 16.062419 
g3	 61 	 17.845414 			 0.0 			 0.0			 17.845414 
g3	 62 	 15.56631 			 0.0 			 0.0			 15.56631 
g3	 63 	 16.491381 			 0.0 			 0.0			 16.491381 
g3	 64 	 16.491381 			 0.0 			 0.0			 16.491381 
g3	 65 	 16.491381 			 0.0 			 0.0			 16.491381 
g3	 66 	 16.491381 			 0.0 			 0.0			 16.491381 
g3	 67 	 16.491381 			 0.0 			 0.0			 16.491381 
g3	 68 	 17.845414 			 0.0 			 0.0			 17.845414 
g3	 69 	 16.491381 			 0.0 			 0.0			 16.491381 
g3	 70 	 16.491381 			 0.0 			 0.0			 16.491381 
g3	 71 	 16.491381 			 0.0 			 0.0			 16.491381 
g3	 72 	 15.56631 			 0.0 			 0.0			 15.56631 
g3	 73 	 15.56631 			 0.0 			 0.0			 15.56631 
g3	 74 	 15.56631 			 0.0 			 0.0			 15.56631 
g3	 75 	 16.491381 			 0.0 			 0.0			 16.491381 
g3	 76 	 17.416451 			 0.0 			 0.0			 17.416451 
g3	 77 	 15.56631 			 0.0 			 0.0			 15.56631 
g3	 78 	 15.56631 			 0.0 			 0.0			 15.56631 
g3	 79 	 15.56631 			 0.0 			 0.0			 15.56631 
g3	 80 	 15.56631 			 0.0 			 0.0			 15.56631 
g3	 81 	 17.845414 			 0.0 			 0.0			 17.845414 
g3	 82 	 15.56631 			 0.0 			 0.0			 15.56631 
g3	 83 	 16.491381 			 0.0 			 0.0			 16.491381 
g3	 84 	 15.56631 			 0.0 			 0.0			 15.56631 
g3	 85 	 15.56631 			 0.0 			 0.0			 15.56631 
g3	 86 	 15.56631 			 0.0 			 0.0			 15.56631 
g3	 87 	 15.56631 			 0.0 			 0.0			 15.56631 
g3	 88 	 15.56631 			 0.0 			 0.0			 15.56631 
g3	 89 	 0.0 			 0.0 			 0.0			 0.0 
g3	 90 	 0.0 			 0.0 			 0.0			 0.0 
g3	 91 	 0.0 			 0.0 			 0.0			 0.0 
g3	 92 	 0.0 			 0.0 			 0.0			 0.0 
g3	 93 	 0.0 			 0.0 			 0.0			 0.0 
g3	 94 	 0.0 			 0.0 			 0.0			 0.0 
g3	 95 	 0.0 			 0.0 			 0.0			 0.0 
g3	 96 	 0.0 			 0.0 			 0.0			 0.0 
----------------------------------------------------------------------------------------------------
g4	 1 	 0.0 			 0.0 			 0.0			 0.0 
g4	 2 	 0.0 			 0.0 			 0.0			 0.0 
g4	 3 	 0.0 			 0.0 			 0.0			 0.0 
g4	 4 	 0.0 			 0.0 			 0.0			 0.0 
g4	 5 	 0.0 			 0.0 			 0.0			 0.0 
g4	 6 	 0.0 			 0.0 			 0.0			 0.0 
g4	 7 	 0.0 			 0.0 			 0.0			 0.0 
g4	 8 	 0.0 			 0.0 			 0.0			 0.0 
g4	 9 	 0.0 			 0.0 			 0.0			 0.0 
g4	 10 	 0.0 			 0.0 			 0.0			 0.0 
g4	 11 	 0.0 			 0.0 			 0.0			 0.0 
g4	 12 	 0.0 			 0.0 			 0.0			 0.0 
g4	 13 	 0.0 			 0.0 			 0.0			 0.0 
g4	 14 	 0.0 			 0.0 			 0.0			 0.0 
g4	 15 	 0.0 			 0.0 			 0.0			 0.0 
g4	 16 	 0.0 			 0.0 			 0.0			 0.0 
g4	 17 	 0.0 			 0.0 			 0.0			 0.0 
g4	 18 	 0.0 			 0.0 			 0.0			 0.0 
g4	 19 	 0.0 			 0.0 			 0.0			 0.0 
g4	 20 	 0.0 			 0.0 			 0.0			 0.0 
g4	 21 	 0.0 			 0.0 			 0.0			 0.0 
g4	 22 	 0.0 			 0.0 			 0.0			 0.0 
g4	 23 	 0.0 			 0.0 			 0.0			 0.0 
g4	 24 	 0.0 			 0.0 			 0.0			 0.0 
g4	 25 	 0.0 			 0.0 			 0.0			 0.0 
g4	 26 	 0.0 			 0.0 			 0.0			 0.0 
g4	 27 	 0.0 			 0.0 			 0.0			 0.0 
g4	 28 	 0.0 			 0.0 			 0.0			 0.0 
g4	 29 	 0.0 			 0.0 			 0.0			 0.0 
g4	 30 	 0.0 			 0.0 			 0.0			 0.0 
g4	 31 	 0.0 			 0.0 			 0.0			 0.0 
g4	 32 	 0.0 			 0.0 			 0.0			 0.0 
g4	 33 	 0.0 			 0.0 			 0.0			 0.0 
g4	 34 	 0.0 			 0.0 			 0.0			 0.0 
g4	 35 	 0.0 			 0.0 			 0.0			 0.0 
g4	 36 	 0.0 			 0.0 			 0.0			 0.0 
g4	 37 	 0.0 			 0.0 			 0.0			 0.0 
g4	 38 	 0.0 			 0.0 			 0.0			 0.0 
g4	 39 	 0.0 			 0.0 			 0.0			 0.0 
g4	 40 	 0.0 			 0.0 			 0.0			 0.0 
g4	 41 	 0.0 			 0.0 			 0.0			 0.0 
g4	 42 	 0.0 			 0.0 			 0.0			 0.0 
g4	 43 	 0.0 			 0.0 			 0.0			 0.0 
g4	 44 	 0.0 			 0.0 			 0.0			 0.0 
g4	 45 	 0.0 			 0.0 			 0.0			 0.0 
g4	 46 	 0.0 			 0.0 			 0.0			 0.0 
g4	 47 	 0.0 			 0.0 			 0.0			 0.0 
g4	 48 	 0.0 			 0.0 			 0.0			 0.0 
g4	 49 	 0.0 			 0.0 			 0.0			 0.0 
g4	 50 	 0.0 			 0.0 			 0.0			 0.0 
g4	 51 	 0.0 			 0.0 			 0.0			 0.0 
g4	 52 	 0.0 			 0.0 			 0.0			 0.0 
g4	 53 	 0.0 			 0.0 			 0.0			 0.0 
g4	 54 	 0.0 			 0.0 			 0.0			 0.0 
g4	 55 	 0.0 			 0.0 			 0.0			 0.0 
g4	 56 	 0.0 			 0.0 			 0.0			 0.0 
g4	 57 	 0.0 			 0.0 			 0.0			 0.0 
g4	 58 	 0.0 			 0.0 			 0.0			 0.0 
g4	 59 	 0.0 			 0.0 			 0.0			 0.0 
g4	 60 	 0.0 			 0.0 			 0.0			 0.0 
g4	 61 	 0.0 			 0.0 			 0.0			 0.0 
g4	 62 	 0.0 			 0.0 			 0.0			 0.0 
g4	 63 	 0.0 			 0.0 			 0.0			 0.0 
g4	 64 	 0.0 			 0.0 			 0.0			 0.0 
g4	 65 	 0.0 			 0.0 			 0.0			 0.0 
g4	 66 	 0.0 			 0.0 			 0.0			 0.0 
g4	 67 	 0.0 			 0.0 			 0.0			 0.0 
g4	 68 	 0.0 			 0.0 			 0.0			 0.0 
g4	 69 	 0.0 			 0.0 			 0.0			 0.0 
g4	 70 	 0.0 			 0.0 			 0.0			 0.0 
g4	 71 	 0.0 			 0.0 			 0.0			 0.0 
g4	 72 	 0.0 			 0.0 			 0.0			 0.0 
g4	 73 	 0.0 			 0.0 			 0.0			 0.0 
g4	 74 	 0.0 			 0.0 			 0.0			 0.0 
g4	 75 	 0.0 			 0.0 			 0.0			 0.0 
g4	 76 	 0.0 			 0.0 			 0.0			 0.0 
g4	 77 	 0.0 			 0.0 			 0.0			 0.0 
g4	 78 	 0.0 			 0.0 			 0.0			 0.0 
g4	 79 	 0.0 			 0.0 			 0.0			 0.0 
g4	 80 	 0.0 			 0.0 			 0.0			 0.0 
g4	 81 	 0.0 			 0.0 			 0.0			 0.0 
g4	 82 	 0.0 			 0.0 			 0.0			 0.0 
g4	 83 	 0.0 			 0.0 			 0.0			 0.0 
g4	 84 	 0.0 			 0.0 			 0.0			 0.0 
g4	 85 	 0.0 			 0.0 			 0.0			 0.0 
g4	 86 	 0.0 			 0.0 			 0.0			 0.0 
g4	 87 	 0.0 			 0.0 			 0.0			 0.0 
g4	 88 	 0.0 			 0.0 			 0.0			 0.0 
g4	 89 	 0.0 			 0.0 			 0.0			 0.0 
g4	 90 	 0.0 			 0.0 			 0.0			 0.0 
g4	 91 	 0.0 			 0.0 			 0.0			 0.0 
g4	 92 	 0.0 			 0.0 			 0.0			 0.0 
g4	 93 	 0.0 			 0.0 			 0.0			 0.0 
g4	 94 	 0.0 			 0.0 			 0.0			 0.0 
g4	 95 	 0.0 			 0.0 			 0.0			 0.0 
g4	 96 	 0.0 			 0.0 			 0.0			 0.0 
----------------------------------------------------------------------------------------------------
g5	 1 	 0.0 			 0.0 			 0.0			 0.0 
g5	 2 	 0.0 			 0.0 			 0.0			 0.0 
g5	 3 	 0.0 			 0.0 			 0.0			 0.0 
g5	 4 	 0.0 			 0.0 			 0.0			 0.0 
g5	 5 	 21.893178 			 0.0 			 0.0			 21.893178 
g5	 6 	 21.893178 			 0.0 			 0.0			 21.893178 
g5	 7 	 21.893178 			 0.0 			 0.0			 21.893178 
g5	 8 	 21.893178 			 0.0 			 0.0			 21.893178 
g5	 9 	 21.893178 			 0.0 			 0.0			 21.893178 
g5	 10 	 21.893178 			 0.0 			 0.0			 21.893178 
g5	 11 	 21.893178 			 0.0 			 0.0			 21.893178 
g5	 12 	 21.893178 			 0.0 			 0.0			 21.893178 
g5	 13 	 21.893178 			 0.0 			 0.0			 21.893178 
g5	 14 	 21.893178 			 0.0 			 0.0			 21.893178 
g5	 15 	 21.893178 			 0.0 			 0.0			 21.893178 
g5	 16 	 21.893178 			 0.0 			 0.0			 21.893178 
g5	 17 	 21.893178 			 0.0 			 0.0			 21.893178 
g5	 18 	 21.893178 			 0.0 			 0.0			 21.893178 
g5	 19 	 21.893178 			 0.0 			 0.0			 21.893178 
g5	 20 	 21.893178 			 0.0 			 0.0			 21.893178 
g5	 21 	 21.893178 			 0.0 			 0.0			 21.893178 
g5	 22 	 21.893178 			 0.0 			 0.0			 21.893178 
g5	 23 	 21.893178 			 0.0 			 0.0			 21.893178 
g5	 24 	 21.893178 			 0.0 			 0.0			 21.893178 
g5	 25 	 21.893178 			 0.0 			 0.0			 21.893178 
g5	 26 	 22.372141 			 0.0 			 0.0			 22.372141 
g5	 27 	 21.893178 			 0.0 			 0.0			 21.893178 
g5	 28 	 21.893178 			 0.0 			 0.0			 21.893178 
g5	 29 	 21.893178 			 0.0 			 0.0			 21.893178 
g5	 30 	 21.893178 			 0.0 			 0.0			 21.893178 
g5	 31 	 22.007089 			 0.0 			 0.0			 22.007089 
g5	 32 	 22.007089 			 0.0 			 0.0			 22.007089 
g5	 33 	 22.007089 			 0.0 			 0.0			 22.007089 
g5	 34 	 22.007089 			 0.0 			 0.0			 22.007089 
g5	 35 	 22.372141 			 0.0 			 0.0			 22.372141 
g5	 36 	 22.372141 			 0.0 			 0.0			 22.372141 
g5	 37 	 22.372141 			 0.0 			 0.0			 22.372141 
g5	 38 	 22.372141 			 0.0 			 0.0			 22.372141 
g5	 39 	 22.372141 			 0.0 			 0.0			 22.372141 
g5	 40 	 22.372141 			 0.0 			 0.0			 22.372141 
g5	 41 	 22.372141 			 0.0 			 0.0			 22.372141 
g5	 42 	 22.372141 			 0.0 			 0.0			 22.372141 
g5	 43 	 22.372141 			 0.0 			 0.0			 22.372141 
g5	 44 	 22.372141 			 0.0 			 0.0			 22.372141 
g5	 45 	 22.372141 			 0.0 			 0.0			 22.372141 
g5	 46 	 22.372141 			 0.0 			 0.0			 22.372141 
g5	 47 	 22.372141 			 0.0 			 0.0			 22.372141 
g5	 48 	 22.372141 			 0.0 			 0.0			 22.372141 
g5	 49 	 22.372141 			 0.0 			 0.0			 22.372141 
g5	 50 	 22.372141 			 0.0 			 0.0			 22.372141 
g5	 51 	 22.372141 			 0.0 			 0.0			 22.372141 
g5	 52 	 22.372141 			 0.0 			 0.0			 22.372141 
g5	 53 	 22.372141 			 0.0 			 0.0			 22.372141 
g5	 54 	 22.372141 			 0.0 			 0.0			 22.372141 
g5	 55 	 22.372141 			 0.0 			 0.0			 22.372141 
g5	 56 	 22.372141 			 0.0 			 0.0			 22.372141 
g5	 57 	 22.372141 			 0.0 			 0.0			 22.372141 
g5	 58 	 23.701668 			 0.0 			 0.0			 23.701668 
g5	 59 	 23.701668 			 0.0 			 0.0			 23.701668 
g5	 60 	 23.085156 			 0.0 			 0.0			 23.085156 
g5	 61 	 84.933286 			 0.0 			 0.0			 84.933286 
g5	 62 	 22.372141 			 0.0 			 0.0			 22.372141 
g5	 63 	 23.701668 			 0.0 			 0.0			 23.701668 
g5	 64 	 23.701668 			 0.0 			 0.0			 23.701668 
g5	 65 	 23.701668 			 0.0 			 0.0			 23.701668 
g5	 66 	 23.701668 			 0.0 			 0.0			 23.701668 
g5	 67 	 23.701668 			 0.0 			 0.0			 23.701668 
g5	 68 	 174.135313 			 0.0 			 0.0			 174.135313 
g5	 69 	 23.701668 			 0.0 			 0.0			 23.701668 
g5	 70 	 23.701668 			 0.0 			 0.0			 23.701668 
g5	 71 	 23.701668 			 0.0 			 0.0			 23.701668 
g5	 72 	 22.372141 			 0.0 			 0.0			 22.372141 
g5	 73 	 22.372141 			 0.0 			 0.0			 22.372141 
g5	 74 	 22.372141 			 0.0 			 0.0			 22.372141 
g5	 75 	 23.701668 			 0.0 			 0.0			 23.701668 
g5	 76 	 25.031192 			 0.0 			 0.0			 25.031192 
g5	 77 	 22.372141 			 0.0 			 0.0			 22.372141 
g5	 78 	 22.372141 			 0.0 			 0.0			 22.372141 
g5	 79 	 22.372141 			 0.0 			 0.0			 22.372141 
g5	 80 	 22.372141 			 0.0 			 0.0			 22.372141 
g5	 81 	 41.044472 			 0.0 			 0.0			 41.044472 
g5	 82 	 22.372141 			 0.0 			 0.0			 22.372141 
g5	 83 	 23.701668 			 0.0 			 0.0			 23.701668 
g5	 84 	 22.372141 			 0.0 			 0.0			 22.372141 
g5	 85 	 7.76606 			 0.0 			 0.0			 7.76606 
g5	 86 	 7.76606 			 0.0 			 0.0			 7.76606 
g5	 87 	 7.76606 			 0.0 			 0.0			 7.76606 
g5	 88 	 7.76606 			 0.0 			 0.0			 7.76606 
g5	 89 	 22.372141 			 0.0 			 0.0			 22.372141 
g5	 90 	 22.007089 			 0.0 			 0.0			 22.007089 
g5	 91 	 22.372141 			 0.0 			 0.0			 22.372141 
g5	 92 	 22.372141 			 0.0 			 0.0			 22.372141 
g5	 93 	 22.372141 			 0.0 			 0.0			 22.372141 
g5	 94 	 22.372141 			 0.0 			 0.0			 22.372141 
g5	 95 	 22.372141 			 0.0 			 0.0			 22.372141 
g5	 96 	 22.372141 			 0.0 			 0.0			 22.372141 
----------------------------------------------------------------------------------------------------------------
unit 	 generation payment 	 up-FRP payment 	 dw-FRP payment 	pre-up total payment
----------------------------------------------------------------------------------------------------------------
 g1 	 15376.937424			 0.000000			 0.000000			 15376.937424
 g2 	 2261.291627			 0.000000			 0.000000			 2261.291627
 g3 	 705.202054			 0.000000			 0.000000			 705.202054
 g4 	 0.000000			 0.000000			 0.000000			 0.000000
 g5 	 2238.336351			 0.000000			 0.000000			 2238.336351
----------------------------------------------------------------------------------------------------
generation payment 	 up-FRP payment 	 dw-FRP payment 	 pre-up total payment
----------------------------------------------------------------------------------------------------
20581.767456 			 0.0 			 0.0 			 20581.767456
 
****************************************************************************************************
 
Generation costs
----------------------------------------------------------------------------------------------------
unit	 time 	 generation cost 	 start-up cost  	total cost
----------------------------------------------------------------------------------------------------
g1	 1 	 2474.619676 			 0.0 			2474.619676
g1	 2 	 2290.399998 			 0.0 			2290.399998
g1	 3 	 2343.972747 			 0.0 			2343.972747
g1	 4 	 2393.97906 			 0.0 			2393.97906
g1	 5 	 2114.094833 			 0.0 			2114.094833
g1	 6 	 2091.533523 			 0.0 			2091.533523
g1	 7 	 2071.322103 			 0.0 			2071.322103
g1	 8 	 2088.201621 			 0.0 			2088.201621
g1	 9 	 2048.904567 			 0.0 			2048.904567
g1	 10 	 1920.33027 			 0.0 			1920.33027
g1	 11 	 1958.86944 			 0.0 			1958.86944
g1	 12 	 1892.981563 			 0.0 			1892.981563
g1	 13 	 1826.56576 			 0.0 			1826.56576
g1	 14 	 1913.376802 			 0.0 			1913.376802
g1	 15 	 1908.637762 			 0.0 			1908.637762
g1	 16 	 1961.780289 			 0.0 			1961.780289
g1	 17 	 1845.151295 			 0.0 			1845.151295
g1	 18 	 1783.983945 			 0.0 			1783.983945
g1	 19 	 1923.758462 			 0.0 			1923.758462
g1	 20 	 1892.553854 			 0.0 			1892.553854
g1	 21 	 2012.68193 			 0.0 			2012.68193
g1	 22 	 2088.378644 			 0.0 			2088.378644
g1	 23 	 1953.073101 			 0.0 			1953.073101
g1	 24 	 2074.217785 			 0.0 			2074.217785
g1	 25 	 2182.022947 			 0.0 			2182.022947
g1	 26 	 2365.691684 			 0.0 			2365.691684
g1	 27 	 2313.017812 			 0.0 			2313.017812
g1	 28 	 2264.414863 			 0.0 			2264.414863
g1	 29 	 2287.469047 			 0.0 			2287.469047
g1	 30 	 2247.530489 			 0.0 			2247.530489
g1	 31 	 2313.086426 			 0.0 			2313.086426
g1	 32 	 2313.086426 			 0.0 			2313.086426
g1	 33 	 2313.086426 			 0.0 			2313.086426
g1	 34 	 2313.086426 			 0.0 			2313.086426
g1	 35 	 2348.819572 			 0.0 			2348.819572
g1	 36 	 2433.527979 			 0.0 			2433.527979
g1	 37 	 2563.876443 			 0.0 			2563.876443
g1	 38 	 2734.137478 			 0.0 			2734.137478
g1	 39 	 2522.035359 			 0.0 			2522.035359
g1	 40 	 2443.440725 			 0.0 			2443.440725
g1	 41 	 2691.443903 			 0.0 			2691.443903
g1	 42 	 2618.426242 			 0.0 			2618.426242
g1	 43 	 2748.395769 			 0.0 			2748.395769
g1	 44 	 2688.181014 			 0.0 			2688.181014
g1	 45 	 2646.717866 			 0.0 			2646.717866
g1	 46 	 2905.645741 			 0.0 			2905.645741
g1	 47 	 2621.44204 			 0.0 			2621.44204
g1	 48 	 2708.851677 			 0.0 			2708.851677
g1	 49 	 2626.895701 			 0.0 			2626.895701
g1	 50 	 3007.21844 			 0.0 			3007.21844
g1	 51 	 2757.490651 			 0.0 			2757.490651
g1	 52 	 3053.969091 			 0.0 			3053.969091
g1	 53 	 3000.832378 			 0.0 			3000.832378
g1	 54 	 2846.54869 			 0.0 			2846.54869
g1	 55 	 2968.93575 			 0.0 			2968.93575
g1	 56 	 2982.361203 			 0.0 			2982.361203
g1	 57 	 2919.051314 			 0.0 			2919.051314
g1	 58 	 3058.233409 			 0.0 			3058.233409
g1	 59 	 3058.233409 			 0.0 			3058.233409
g1	 60 	 3058.233409 			 0.0 			3058.233409
g1	 61 	 3058.233409 			 0.0 			3058.233409
g1	 62 	 3048.859901 			 0.0 			3048.859901
g1	 63 	 3058.233409 			 0.0 			3058.233409
g1	 64 	 3058.233409 			 0.0 			3058.233409
g1	 65 	 3058.233409 			 0.0 			3058.233409
g1	 66 	 3058.233409 			 0.0 			3058.233409
g1	 67 	 3058.233409 			 0.0 			3058.233409
g1	 68 	 3058.233409 			 0.0 			3058.233409
g1	 69 	 3058.233409 			 0.0 			3058.233409
g1	 70 	 3058.233409 			 0.0 			3058.233409
g1	 71 	 3058.233409 			 0.0 			3058.233409
g1	 72 	 3032.962102 			 0.0 			3032.962102
g1	 73 	 3034.723522 			 0.0 			3034.723522
g1	 74 	 2946.178957 			 0.0 			2946.178957
g1	 75 	 3058.233409 			 0.0 			3058.233409
g1	 76 	 3058.233409 			 0.0 			3058.233409
g1	 77 	 3030.836266 			 0.0 			3030.836266
g1	 78 	 3024.185405 			 0.0 			3024.185405
g1	 79 	 2648.411139 			 0.0 			2648.411139
g1	 80 	 2974.804002 			 0.0 			2974.804002
g1	 81 	 3058.233409 			 0.0 			3058.233409
g1	 82 	 2714.429329 			 0.0 			2714.429329
g1	 83 	 3058.233409 			 0.0 			3058.233409
g1	 84 	 2928.589101 			 0.0 			2928.589101
g1	 85 	 2441.117981 			 0.0 			2441.117981
g1	 86 	 2503.424787 			 0.0 			2503.424787
g1	 87 	 2725.367189 			 0.0 			2725.367189
g1	 88 	 2505.299818 			 0.0 			2505.299818
g1	 89 	 2792.655554 			 0.0 			2792.655554
g1	 90 	 2313.086426 			 0.0 			2313.086426
g1	 91 	 2440.70755 			 0.0 			2440.70755
g1	 92 	 2572.724014 			 0.0 			2572.724014
g1	 93 	 2461.65353 			 0.0 			2461.65353
g1	 94 	 2657.275396 			 0.0 			2657.275396
g1	 95 	 2568.974778 			 0.0 			2568.974778
g1	 96 	 2516.101833 			 0.0 			2516.101833
----------------------------------------------------------------------------------------------------
g2	 1 	 0.0 			 0.0 			0.0
g2	 2 	 0.0 			 0.0 			0.0
g2	 3 	 0.0 			 0.0 			0.0
g2	 4 	 0.0 			 0.0 			0.0
g2	 5 	 0.0 			 0.0 			0.0
g2	 6 	 0.0 			 0.0 			0.0
g2	 7 	 0.0 			 0.0 			0.0
g2	 8 	 0.0 			 0.0 			0.0
g2	 9 	 0.0 			 0.0 			0.0
g2	 10 	 0.0 			 0.0 			0.0
g2	 11 	 0.0 			 0.0 			0.0
g2	 12 	 0.0 			 0.0 			0.0
g2	 13 	 0.0 			 0.0 			0.0
g2	 14 	 0.0 			 0.0 			0.0
g2	 15 	 0.0 			 0.0 			0.0
g2	 16 	 0.0 			 0.0 			0.0
g2	 17 	 0.0 			 0.0 			0.0
g2	 18 	 0.0 			 0.0 			0.0
g2	 19 	 0.0 			 0.0 			0.0
g2	 20 	 0.0 			 0.0 			0.0
g2	 21 	 0.0 			 0.0 			0.0
g2	 22 	 0.0 			 0.0 			0.0
g2	 23 	 0.0 			 0.0 			0.0
g2	 24 	 0.0 			 0.0 			0.0
g2	 25 	 0.0 			 0.0 			0.0
g2	 26 	 0.0 			 0.0 			0.0
g2	 27 	 0.0 			 0.0 			0.0
g2	 28 	 0.0 			 0.0 			0.0
g2	 29 	 238.356787 			 10598.13 			10836.486787
g2	 30 	 238.356787 			 0.0 			238.356787
g2	 31 	 379.3402 			 0.0 			379.3402
g2	 32 	 408.966391 			 0.0 			408.966391
g2	 33 	 501.522645 			 0.0 			501.522645
g2	 34 	 471.225666 			 0.0 			471.225666
g2	 35 	 534.771644 			 0.0 			534.771644
g2	 36 	 534.771644 			 0.0 			534.771644
g2	 37 	 534.771644 			 0.0 			534.771644
g2	 38 	 534.771644 			 0.0 			534.771644
g2	 39 	 534.771644 			 0.0 			534.771644
g2	 40 	 534.771644 			 0.0 			534.771644
g2	 41 	 534.771644 			 0.0 			534.771644
g2	 42 	 534.771644 			 0.0 			534.771644
g2	 43 	 534.771644 			 0.0 			534.771644
g2	 44 	 534.771644 			 0.0 			534.771644
g2	 45 	 534.771644 			 0.0 			534.771644
g2	 46 	 534.771644 			 0.0 			534.771644
g2	 47 	 534.771644 			 0.0 			534.771644
g2	 48 	 534.771644 			 0.0 			534.771644
g2	 49 	 534.771644 			 0.0 			534.771644
g2	 50 	 534.771644 			 0.0 			534.771644
g2	 51 	 534.771644 			 0.0 			534.771644
g2	 52 	 534.771644 			 0.0 			534.771644
g2	 53 	 534.771644 			 0.0 			534.771644
g2	 54 	 534.771644 			 0.0 			534.771644
g2	 55 	 534.771644 			 0.0 			534.771644
g2	 56 	 534.771644 			 0.0 			534.771644
g2	 57 	 534.771644 			 0.0 			534.771644
g2	 58 	 751.671271 			 0.0 			751.671271
g2	 59 	 689.9526 			 0.0 			689.9526
g2	 60 	 613.679836 			 0.0 			613.679836
g2	 61 	 841.181371 			 0.0 			841.181371
g2	 62 	 613.679836 			 0.0 			613.679836
g2	 63 	 707.631326 			 0.0 			707.631326
g2	 64 	 576.472323 			 0.0 			576.472323
g2	 65 	 668.538332 			 0.0 			668.538332
g2	 66 	 746.659181 			 0.0 			746.659181
g2	 67 	 834.714134 			 0.0 			834.714134
g2	 68 	 854.010884 			 0.0 			854.010884
g2	 69 	 761.100469 			 0.0 			761.100469
g2	 70 	 681.608643 			 0.0 			681.608643
g2	 71 	 747.014563 			 0.0 			747.014563
g2	 72 	 534.771644 			 0.0 			534.771644
g2	 73 	 534.771644 			 0.0 			534.771644
g2	 74 	 534.771644 			 0.0 			534.771644
g2	 75 	 610.439835 			 0.0 			610.439835
g2	 76 	 775.260281 			 0.0 			775.260281
g2	 77 	 547.758746 			 0.0 			547.758746
g2	 78 	 534.771644 			 0.0 			534.771644
g2	 79 	 534.771644 			 0.0 			534.771644
g2	 80 	 534.771644 			 0.0 			534.771644
g2	 81 	 762.273179 			 0.0 			762.273179
g2	 82 	 534.771644 			 0.0 			534.771644
g2	 83 	 549.243629 			 0.0 			549.243629
g2	 84 	 534.771644 			 0.0 			534.771644
g2	 85 	 534.771644 			 0.0 			534.771644
g2	 86 	 534.771644 			 0.0 			534.771644
g2	 87 	 534.771644 			 0.0 			534.771644
g2	 88 	 534.771644 			 0.0 			534.771644
g2	 89 	 534.771644 			 0.0 			534.771644
g2	 90 	 495.576721 			 0.0 			495.576721
g2	 91 	 534.771644 			 0.0 			534.771644
g2	 92 	 534.771644 			 0.0 			534.771644
g2	 93 	 0.0 			 0.0 			0.0
g2	 94 	 0.0 			 0.0 			0.0
g2	 95 	 0.0 			 0.0 			0.0
g2	 96 	 0.0 			 0.0 			0.0
----------------------------------------------------------------------------------------------------
g3	 1 	 0.0 			 0.0 			0.0
g3	 2 	 0.0 			 0.0 			0.0
g3	 3 	 0.0 			 0.0 			0.0
g3	 4 	 0.0 			 0.0 			0.0
g3	 5 	 0.0 			 0.0 			0.0
g3	 6 	 0.0 			 0.0 			0.0
g3	 7 	 0.0 			 0.0 			0.0
g3	 8 	 0.0 			 0.0 			0.0
g3	 9 	 0.0 			 0.0 			0.0
g3	 10 	 0.0 			 0.0 			0.0
g3	 11 	 0.0 			 0.0 			0.0
g3	 12 	 0.0 			 0.0 			0.0
g3	 13 	 0.0 			 0.0 			0.0
g3	 14 	 0.0 			 0.0 			0.0
g3	 15 	 0.0 			 0.0 			0.0
g3	 16 	 0.0 			 0.0 			0.0
g3	 17 	 0.0 			 0.0 			0.0
g3	 18 	 0.0 			 0.0 			0.0
g3	 19 	 0.0 			 0.0 			0.0
g3	 20 	 0.0 			 0.0 			0.0
g3	 21 	 0.0 			 0.0 			0.0
g3	 22 	 0.0 			 0.0 			0.0
g3	 23 	 0.0 			 0.0 			0.0
g3	 24 	 0.0 			 0.0 			0.0
g3	 25 	 0.0 			 0.0 			0.0
g3	 26 	 0.0 			 0.0 			0.0
g3	 27 	 0.0 			 0.0 			0.0
g3	 28 	 0.0 			 0.0 			0.0
g3	 29 	 0.0 			 0.0 			0.0
g3	 30 	 0.0 			 0.0 			0.0
g3	 31 	 0.0 			 0.0 			0.0
g3	 32 	 0.0 			 0.0 			0.0
g3	 33 	 0.0 			 0.0 			0.0
g3	 34 	 0.0 			 0.0 			0.0
g3	 35 	 0.0 			 0.0 			0.0
g3	 36 	 0.0 			 0.0 			0.0
g3	 37 	 0.0 			 0.0 			0.0
g3	 38 	 0.0 			 0.0 			0.0
g3	 39 	 0.0 			 0.0 			0.0
g3	 40 	 0.0 			 0.0 			0.0
g3	 41 	 0.0 			 0.0 			0.0
g3	 42 	 0.0 			 0.0 			0.0
g3	 43 	 0.0 			 0.0 			0.0
g3	 44 	 0.0 			 0.0 			0.0
g3	 45 	 350.954412 			 4595.43 			4946.384412
g3	 46 	 350.954412 			 0.0 			350.954412
g3	 47 	 350.954412 			 0.0 			350.954412
g3	 48 	 350.954412 			 0.0 			350.954412
g3	 49 	 350.954412 			 0.0 			350.954412
g3	 50 	 350.954412 			 0.0 			350.954412
g3	 51 	 350.954412 			 0.0 			350.954412
g3	 52 	 350.954412 			 0.0 			350.954412
g3	 53 	 350.954412 			 0.0 			350.954412
g3	 54 	 350.954412 			 0.0 			350.954412
g3	 55 	 350.954412 			 0.0 			350.954412
g3	 56 	 350.954412 			 0.0 			350.954412
g3	 57 	 350.954412 			 0.0 			350.954412
g3	 58 	 350.954412 			 0.0 			350.954412
g3	 59 	 350.954412 			 0.0 			350.954412
g3	 60 	 350.954412 			 0.0 			350.954412
g3	 61 	 350.954412 			 0.0 			350.954412
g3	 62 	 350.954412 			 0.0 			350.954412
g3	 63 	 350.954412 			 0.0 			350.954412
g3	 64 	 350.954412 			 0.0 			350.954412
g3	 65 	 350.954412 			 0.0 			350.954412
g3	 66 	 350.954412 			 0.0 			350.954412
g3	 67 	 350.954412 			 0.0 			350.954412
g3	 68 	 350.954412 			 0.0 			350.954412
g3	 69 	 350.954412 			 0.0 			350.954412
g3	 70 	 350.954412 			 0.0 			350.954412
g3	 71 	 350.954412 			 0.0 			350.954412
g3	 72 	 350.954412 			 0.0 			350.954412
g3	 73 	 350.954412 			 0.0 			350.954412
g3	 74 	 350.954412 			 0.0 			350.954412
g3	 75 	 350.954412 			 0.0 			350.954412
g3	 76 	 350.954412 			 0.0 			350.954412
g3	 77 	 350.954412 			 0.0 			350.954412
g3	 78 	 350.954412 			 0.0 			350.954412
g3	 79 	 350.954412 			 0.0 			350.954412
g3	 80 	 350.954412 			 0.0 			350.954412
g3	 81 	 350.954412 			 0.0 			350.954412
g3	 82 	 350.954412 			 0.0 			350.954412
g3	 83 	 350.954412 			 0.0 			350.954412
g3	 84 	 350.954412 			 0.0 			350.954412
g3	 85 	 350.954412 			 0.0 			350.954412
g3	 86 	 350.954412 			 0.0 			350.954412
g3	 87 	 350.954412 			 0.0 			350.954412
g3	 88 	 350.954412 			 0.0 			350.954412
g3	 89 	 0.0 			 0.0 			0.0
g3	 90 	 0.0 			 0.0 			0.0
g3	 91 	 0.0 			 0.0 			0.0
g3	 92 	 0.0 			 0.0 			0.0
g3	 93 	 0.0 			 0.0 			0.0
g3	 94 	 0.0 			 0.0 			0.0
g3	 95 	 0.0 			 0.0 			0.0
g3	 96 	 0.0 			 0.0 			0.0
----------------------------------------------------------------------------------------------------
g4	 1 	 0.0 			 0.0 			0.0
g4	 2 	 0.0 			 0.0 			0.0
g4	 3 	 0.0 			 0.0 			0.0
g4	 4 	 0.0 			 0.0 			0.0
g4	 5 	 0.0 			 0.0 			0.0
g4	 6 	 0.0 			 0.0 			0.0
g4	 7 	 0.0 			 0.0 			0.0
g4	 8 	 0.0 			 0.0 			0.0
g4	 9 	 0.0 			 0.0 			0.0
g4	 10 	 0.0 			 0.0 			0.0
g4	 11 	 0.0 			 0.0 			0.0
g4	 12 	 0.0 			 0.0 			0.0
g4	 13 	 0.0 			 0.0 			0.0
g4	 14 	 0.0 			 0.0 			0.0
g4	 15 	 0.0 			 0.0 			0.0
g4	 16 	 0.0 			 0.0 			0.0
g4	 17 	 0.0 			 0.0 			0.0
g4	 18 	 0.0 			 0.0 			0.0
g4	 19 	 0.0 			 0.0 			0.0
g4	 20 	 0.0 			 0.0 			0.0
g4	 21 	 0.0 			 0.0 			0.0
g4	 22 	 0.0 			 0.0 			0.0
g4	 23 	 0.0 			 0.0 			0.0
g4	 24 	 0.0 			 0.0 			0.0
g4	 25 	 0.0 			 0.0 			0.0
g4	 26 	 0.0 			 0.0 			0.0
g4	 27 	 0.0 			 0.0 			0.0
g4	 28 	 0.0 			 0.0 			0.0
g4	 29 	 0.0 			 0.0 			0.0
g4	 30 	 0.0 			 0.0 			0.0
g4	 31 	 0.0 			 0.0 			0.0
g4	 32 	 0.0 			 0.0 			0.0
g4	 33 	 0.0 			 0.0 			0.0
g4	 34 	 0.0 			 0.0 			0.0
g4	 35 	 0.0 			 0.0 			0.0
g4	 36 	 0.0 			 0.0 			0.0
g4	 37 	 0.0 			 0.0 			0.0
g4	 38 	 0.0 			 0.0 			0.0
g4	 39 	 0.0 			 0.0 			0.0
g4	 40 	 0.0 			 0.0 			0.0
g4	 41 	 0.0 			 0.0 			0.0
g4	 42 	 0.0 			 0.0 			0.0
g4	 43 	 0.0 			 0.0 			0.0
g4	 44 	 0.0 			 0.0 			0.0
g4	 45 	 0.0 			 0.0 			0.0
g4	 46 	 0.0 			 0.0 			0.0
g4	 47 	 0.0 			 0.0 			0.0
g4	 48 	 0.0 			 0.0 			0.0
g4	 49 	 0.0 			 0.0 			0.0
g4	 50 	 0.0 			 0.0 			0.0
g4	 51 	 0.0 			 0.0 			0.0
g4	 52 	 0.0 			 0.0 			0.0
g4	 53 	 0.0 			 0.0 			0.0
g4	 54 	 0.0 			 0.0 			0.0
g4	 55 	 0.0 			 0.0 			0.0
g4	 56 	 0.0 			 0.0 			0.0
g4	 57 	 0.0 			 0.0 			0.0
g4	 58 	 0.0 			 0.0 			0.0
g4	 59 	 0.0 			 0.0 			0.0
g4	 60 	 0.0 			 0.0 			0.0
g4	 61 	 0.0 			 0.0 			0.0
g4	 62 	 0.0 			 0.0 			0.0
g4	 63 	 0.0 			 0.0 			0.0
g4	 64 	 0.0 			 0.0 			0.0
g4	 65 	 0.0 			 0.0 			0.0
g4	 66 	 0.0 			 0.0 			0.0
g4	 67 	 0.0 			 0.0 			0.0
g4	 68 	 0.0 			 0.0 			0.0
g4	 69 	 0.0 			 0.0 			0.0
g4	 70 	 0.0 			 0.0 			0.0
g4	 71 	 0.0 			 0.0 			0.0
g4	 72 	 0.0 			 0.0 			0.0
g4	 73 	 0.0 			 0.0 			0.0
g4	 74 	 0.0 			 0.0 			0.0
g4	 75 	 0.0 			 0.0 			0.0
g4	 76 	 0.0 			 0.0 			0.0
g4	 77 	 0.0 			 0.0 			0.0
g4	 78 	 0.0 			 0.0 			0.0
g4	 79 	 0.0 			 0.0 			0.0
g4	 80 	 0.0 			 0.0 			0.0
g4	 81 	 0.0 			 0.0 			0.0
g4	 82 	 0.0 			 0.0 			0.0
g4	 83 	 0.0 			 0.0 			0.0
g4	 84 	 0.0 			 0.0 			0.0
g4	 85 	 0.0 			 0.0 			0.0
g4	 86 	 0.0 			 0.0 			0.0
g4	 87 	 0.0 			 0.0 			0.0
g4	 88 	 0.0 			 0.0 			0.0
g4	 89 	 0.0 			 0.0 			0.0
g4	 90 	 0.0 			 0.0 			0.0
g4	 91 	 0.0 			 0.0 			0.0
g4	 92 	 0.0 			 0.0 			0.0
g4	 93 	 0.0 			 0.0 			0.0
g4	 94 	 0.0 			 0.0 			0.0
g4	 95 	 0.0 			 0.0 			0.0
g4	 96 	 0.0 			 0.0 			0.0
----------------------------------------------------------------------------------------------------
g5	 1 	 0.0 			 0.0 			0.0
g5	 2 	 0.0 			 0.0 			0.0
g5	 3 	 0.0 			 0.0 			0.0
g5	 4 	 0.0 			 0.0 			0.0
g5	 5 	 348.846531 			 6821.79 			7170.636531
g5	 6 	 348.846531 			 0.0 			348.846531
g5	 7 	 348.846531 			 0.0 			348.846531
g5	 8 	 348.846531 			 0.0 			348.846531
g5	 9 	 348.846531 			 0.0 			348.846531
g5	 10 	 348.846531 			 0.0 			348.846531
g5	 11 	 348.846531 			 0.0 			348.846531
g5	 12 	 348.846531 			 0.0 			348.846531
g5	 13 	 348.846531 			 0.0 			348.846531
g5	 14 	 348.846531 			 0.0 			348.846531
g5	 15 	 348.846531 			 0.0 			348.846531
g5	 16 	 348.846531 			 0.0 			348.846531
g5	 17 	 348.846531 			 0.0 			348.846531
g5	 18 	 348.846531 			 0.0 			348.846531
g5	 19 	 348.846531 			 0.0 			348.846531
g5	 20 	 348.846531 			 0.0 			348.846531
g5	 21 	 348.846531 			 0.0 			348.846531
g5	 22 	 348.846531 			 0.0 			348.846531
g5	 23 	 348.846531 			 0.0 			348.846531
g5	 24 	 348.846531 			 0.0 			348.846531
g5	 25 	 348.846531 			 0.0 			348.846531
g5	 26 	 348.846531 			 0.0 			348.846531
g5	 27 	 348.846531 			 0.0 			348.846531
g5	 28 	 348.846531 			 0.0 			348.846531
g5	 29 	 348.846531 			 0.0 			348.846531
g5	 30 	 348.846531 			 0.0 			348.846531
g5	 31 	 348.846531 			 0.0 			348.846531
g5	 32 	 348.846531 			 0.0 			348.846531
g5	 33 	 348.846531 			 0.0 			348.846531
g5	 34 	 348.846531 			 0.0 			348.846531
g5	 35 	 348.846531 			 0.0 			348.846531
g5	 36 	 348.846531 			 0.0 			348.846531
g5	 37 	 348.846531 			 0.0 			348.846531
g5	 38 	 348.846531 			 0.0 			348.846531
g5	 39 	 348.846531 			 0.0 			348.846531
g5	 40 	 348.846531 			 0.0 			348.846531
g5	 41 	 348.846531 			 0.0 			348.846531
g5	 42 	 348.846531 			 0.0 			348.846531
g5	 43 	 348.846531 			 0.0 			348.846531
g5	 44 	 348.846531 			 0.0 			348.846531
g5	 45 	 348.846531 			 0.0 			348.846531
g5	 46 	 348.846531 			 0.0 			348.846531
g5	 47 	 348.846531 			 0.0 			348.846531
g5	 48 	 348.846531 			 0.0 			348.846531
g5	 49 	 348.846531 			 0.0 			348.846531
g5	 50 	 348.846531 			 0.0 			348.846531
g5	 51 	 348.846531 			 0.0 			348.846531
g5	 52 	 348.846531 			 0.0 			348.846531
g5	 53 	 348.846531 			 0.0 			348.846531
g5	 54 	 348.846531 			 0.0 			348.846531
g5	 55 	 348.846531 			 0.0 			348.846531
g5	 56 	 348.846531 			 0.0 			348.846531
g5	 57 	 348.846531 			 0.0 			348.846531
g5	 58 	 348.846531 			 0.0 			348.846531
g5	 59 	 348.846531 			 0.0 			348.846531
g5	 60 	 348.846531 			 0.0 			348.846531
g5	 61 	 408.132116 			 0.0 			408.132116
g5	 62 	 348.846531 			 0.0 			348.846531
g5	 63 	 348.846531 			 0.0 			348.846531
g5	 64 	 348.846531 			 0.0 			348.846531
g5	 65 	 348.846531 			 0.0 			348.846531
g5	 66 	 348.846531 			 0.0 			348.846531
g5	 67 	 348.846531 			 0.0 			348.846531
g5	 68 	 497.334147 			 0.0 			497.334147
g5	 69 	 348.846531 			 0.0 			348.846531
g5	 70 	 348.846531 			 0.0 			348.846531
g5	 71 	 348.846531 			 0.0 			348.846531
g5	 72 	 348.846531 			 0.0 			348.846531
g5	 73 	 348.846531 			 0.0 			348.846531
g5	 74 	 348.846531 			 0.0 			348.846531
g5	 75 	 348.846531 			 0.0 			348.846531
g5	 76 	 348.846531 			 0.0 			348.846531
g5	 77 	 348.846531 			 0.0 			348.846531
g5	 78 	 348.846531 			 0.0 			348.846531
g5	 79 	 348.846531 			 0.0 			348.846531
g5	 80 	 348.846531 			 0.0 			348.846531
g5	 81 	 364.243299 			 0.0 			364.243299
g5	 82 	 348.846531 			 0.0 			348.846531
g5	 83 	 348.846531 			 0.0 			348.846531
g5	 84 	 348.846531 			 0.0 			348.846531
g5	 85 	 348.846531 			 0.0 			348.846531
g5	 86 	 348.846531 			 0.0 			348.846531
g5	 87 	 348.846531 			 0.0 			348.846531
g5	 88 	 348.846531 			 0.0 			348.846531
g5	 89 	 348.846531 			 0.0 			348.846531
g5	 90 	 348.846531 			 0.0 			348.846531
g5	 91 	 348.846531 			 0.0 			348.846531
g5	 92 	 348.846531 			 0.0 			348.846531
g5	 93 	 348.846531 			 0.0 			348.846531
g5	 94 	 348.846531 			 0.0 			348.846531
g5	 95 	 348.846531 			 0.0 			348.846531
g5	 96 	 348.846531 			 0.0 			348.846531
----------------------------------------------------------------------------------------------------
 
unit 	 generation 	 generation cost 	 start-up cost 	 total cost
----------------------------------------------------------------------------------------------------
g1 	 6617.210688			246496.443135			 0.000000		 246496.443135
g2 	 588.736091			36387.558108			 10598.130000		 46985.688108
g3 	 240.835393			15441.994128			 4595.430000		 20037.424128
g4 	 0.000000			0.000000			 0.000000		 0.000000
g5 	 536.858996			32317.050821			 6821.790000		 39138.840821
----------------------------------------------------------------------------------------------------
 
generation cost 	 start-up cost 		 total cost
----------------------------------------------------------------------------------------------------
330643.04619199963 			 22015.35 			 352658.3961919997
----------------------------------------------------------------------------------------------------
uplift payment for generator g1: 0.0
uplift payment for generator g2: 21486.510651
uplift payment for generator g3: 9564.366021
uplift payment for generator g4: 0.0
uplift payment for generator g5: 15452.561137
 
****************************************************************************************************
 
rtm Systemwide prices
----------------------------------------------------------------------------------------------------
time	 energy 	 up-FRP 	 dw-FRP
----------------------------------------------------------------------------------------------------
1 	 9.614507 		 0.0 		 0.0
2 	 9.408671 		 0.0 		 0.0
3 	 9.614507 		 0.0 		 0.0
4 	 9.614507 		 0.0 		 0.0
5 	 9.408671 		 0.0 		 0.0
6 	 9.408671 		 0.0 		 0.0
7 	 9.408671 		 0.0 		 0.0
8 	 9.408671 		 0.0 		 0.0
9 	 9.408671 		 0.0 		 0.0
10 	 9.408671 		 0.0 		 0.0
11 	 9.408671 		 0.0 		 0.0
12 	 9.408671 		 0.0 		 0.0
13 	 9.408671 		 0.0 		 0.0
14 	 9.408671 		 0.0 		 0.0
15 	 9.408671 		 0.0 		 0.0
16 	 9.408671 		 0.0 		 0.0
17 	 9.408671 		 0.0 		 0.0
18 	 9.408671 		 0.0 		 0.0
19 	 9.408671 		 0.0 		 0.0
20 	 9.408671 		 0.0 		 0.0
21 	 9.408671 		 0.0 		 0.0
22 	 9.408671 		 0.0 		 0.0
23 	 9.408671 		 0.0 		 0.0
24 	 9.408671 		 0.0 		 0.0
25 	 9.408671 		 0.0 		 0.0
26 	 9.614507 		 0.0 		 0.0
27 	 9.408671 		 0.0 		 0.0
28 	 9.408671 		 0.0 		 0.0
29 	 9.408671 		 0.0 		 0.0
30 	 9.408671 		 0.0 		 0.0
31 	 9.457625 		 0.0 		 0.0
32 	 9.457625 		 0.0 		 0.0
33 	 9.457625 		 0.0 		 0.0
34 	 9.457625 		 0.0 		 0.0
35 	 9.614507 		 0.0 		 0.0
36 	 9.614507 		 0.0 		 0.0
37 	 9.614507 		 0.0 		 0.0
38 	 9.614507 		 0.0 		 0.0
39 	 9.614507 		 0.0 		 0.0
40 	 9.614507 		 0.0 		 0.0
41 	 9.614507 		 0.0 		 0.0
42 	 9.614507 		 0.0 		 0.0
43 	 9.614507 		 0.0 		 0.0
44 	 9.614507 		 0.0 		 0.0
45 	 9.614507 		 0.0 		 0.0
46 	 9.614507 		 0.0 		 0.0
47 	 9.614507 		 0.0 		 0.0
48 	 9.614507 		 0.0 		 0.0
49 	 9.614507 		 0.0 		 0.0
50 	 9.614507 		 0.0 		 0.0
51 	 9.614507 		 0.0 		 0.0
52 	 9.614507 		 0.0 		 0.0
53 	 9.614507 		 0.0 		 0.0
54 	 9.614507 		 0.0 		 0.0
55 	 9.614507 		 0.0 		 0.0
56 	 9.614507 		 0.0 		 0.0
57 	 9.614507 		 0.0 		 0.0
58 	 10.185876 		 0.0 		 0.0
59 	 10.185876 		 0.0 		 0.0
60 	 9.920928 		 0.0 		 0.0
61 	 11.022192 		 0.0 		 0.0
62 	 9.614507 		 0.0 		 0.0
63 	 10.185876 		 0.0 		 0.0
64 	 10.185876 		 0.0 		 0.0
65 	 10.185876 		 0.0 		 0.0
66 	 10.185876 		 0.0 		 0.0
67 	 10.185876 		 0.0 		 0.0
68 	 11.022192 		 0.0 		 0.0
69 	 10.185876 		 0.0 		 0.0
70 	 10.185876 		 0.0 		 0.0
71 	 10.185876 		 0.0 		 0.0
72 	 9.614507 		 0.0 		 0.0
73 	 9.614507 		 0.0 		 0.0
74 	 9.614507 		 0.0 		 0.0
75 	 10.185876 		 0.0 		 0.0
76 	 10.757244 		 0.0 		 0.0
77 	 9.614507 		 0.0 		 0.0
78 	 9.614507 		 0.0 		 0.0
79 	 9.614507 		 0.0 		 0.0
80 	 9.614507 		 0.0 		 0.0
81 	 11.022192 		 0.0 		 0.0
82 	 9.614507 		 0.0 		 0.0
83 	 10.185876 		 0.0 		 0.0
84 	 9.614507 		 0.0 		 0.0
85 	 9.614507 		 0.0 		 0.0
86 	 9.614507 		 0.0 		 0.0
87 	 9.614507 		 0.0 		 0.0
88 	 9.614507 		 0.0 		 0.0
89 	 9.614507 		 0.0 		 0.0
90 	 9.457625 		 0.0 		 0.0
91 	 9.614507 		 0.0 		 0.0
92 	 9.614507 		 0.0 		 0.0
93 	 9.614507 		 0.0 		 0.0
94 	 9.614507 		 0.0 		 0.0
95 	 9.614507 		 0.0 		 0.0
96 	 9.614507 		 0.0 		 0.0
 
****************************************************************************************************
 
rtm Post-uplift payments
----------------------------------------------------------------------------------------------------------------------------------------------------
unit 	 generation payment 	 up-FRP payment 	 dw-FRP payment 	pre-up t. payment 	 uplift payments 	 post-up t. payment 	 profit
----------------------------------------------------------------------------------------------------------------------------------------------------
 g1 	 15376.937424			 0.000000			 0.000000			 15376.937424			 0.000000			 15376.937424		 28833.146996
 g2 	 2261.291627			 0.000000			 0.000000			 2261.291627			 21486.510651			 23747.802278		 0.000000
 g3 	 705.202054			 0.000000			 0.000000			 705.202054			 9564.366021			 10269.568075		 0.000000
 g4 	 0.000000			 0.000000			 0.000000			 0.000000			 0.000000			 0.000000		 0.000000
 g5 	 2238.336351			 0.000000			 0.000000			 2238.336351			 15452.561137			 17690.897488		 0.000000
****************************************************************************************************
 
Total generator payments
----------------------------------------------------------------------------------------------------------------------------------------------------
unit 	 generation payment 	 up-FRP payment 	 dw-FRP payment 	pre-up t. payment 	 uplift payments 	 post-up t. payment 	 profit
----------------------------------------------------------------------------------------------------------------------------------------------------
 g1 	 274921.901406			 407.688725			 0.000000			 275329.590131			 0.000000			 275329.590131		 28833.146996
 g2 	 24981.127699			 518.049758			 0.000000			 25499.177457			 21486.510651			 46985.688108		 -0.000000
 g3 	 10340.729162			 132.328945			 0.000000			 10473.058107			 9564.366021			 20037.424128		 0.000000
 g4 	 0.000000			 0.000000			 0.000000			 0.000000			 0.000000			 0.000000		 0.000000
 g5 	 23075.708657			 610.571027			 0.000000			 23686.279684			 15452.561137			 39138.840821		 0.000000
 
****************************************************************************************************
 
rtm LMP
----------------------------------------------------------------------------------------------------
bus name 	 time 		 LMP
----------------------------------------------------------------------------------------------------
b1 		 1 		 9.614507
b1 		 2 		 9.408671
b1 		 3 		 9.614507
b1 		 4 		 9.614507
b1 		 5 		 9.408671
b1 		 6 		 9.408671
b1 		 7 		 9.408671
b1 		 8 		 9.408671
b1 		 9 		 9.408671
b1 		 10 		 9.408671
b1 		 11 		 9.408671
b1 		 12 		 9.408671
b1 		 13 		 9.408671
b1 		 14 		 9.408671
b1 		 15 		 9.408671
b1 		 16 		 9.408671
b1 		 17 		 9.408671
b1 		 18 		 9.408671
b1 		 19 		 9.408671
b1 		 20 		 9.408671
b1 		 21 		 9.408671
b1 		 22 		 9.408671
b1 		 23 		 9.408671
b1 		 24 		 9.408671
b1 		 25 		 9.408671
b1 		 26 		 9.614507
b1 		 27 		 9.408671
b1 		 28 		 9.408671
b1 		 29 		 9.408671
b1 		 30 		 9.408671
b1 		 31 		 9.457625
b1 		 32 		 9.457625
b1 		 33 		 9.457625
b1 		 34 		 9.457625
b1 		 35 		 9.614507
b1 		 36 		 9.614507
b1 		 37 		 9.614507
b1 		 38 		 9.614507
b1 		 39 		 9.614507
b1 		 40 		 9.614507
b1 		 41 		 9.614507
b1 		 42 		 9.614507
b1 		 43 		 9.614507
b1 		 44 		 9.614507
b1 		 45 		 9.614507
b1 		 46 		 9.614507
b1 		 47 		 9.614507
b1 		 48 		 9.614507
b1 		 49 		 9.614507
b1 		 50 		 9.614507
b1 		 51 		 9.614507
b1 		 52 		 9.614507
b1 		 53 		 9.614507
b1 		 54 		 9.614507
b1 		 55 		 9.614507
b1 		 56 		 9.614507
b1 		 57 		 9.614507
b1 		 58 		 10.185876
b1 		 59 		 10.185876
b1 		 60 		 9.920928
b1 		 61 		 11.022192
b1 		 62 		 9.614507
b1 		 63 		 10.185876
b1 		 64 		 10.185876
b1 		 65 		 10.185876
b1 		 66 		 10.185876
b1 		 67 		 10.185876
b1 		 68 		 11.022192
b1 		 69 		 10.185876
b1 		 70 		 10.185876
b1 		 71 		 10.185876
b1 		 72 		 9.614507
b1 		 73 		 9.614507
b1 		 74 		 9.614507
b1 		 75 		 10.185876
b1 		 76 		 10.757244
b1 		 77 		 9.614507
b1 		 78 		 9.614507
b1 		 79 		 9.614507
b1 		 80 		 9.614507
b1 		 81 		 11.022192
b1 		 82 		 9.614507
b1 		 83 		 10.185876
b1 		 84 		 9.614507
b1 		 85 		 9.614507
b1 		 86 		 9.614507
b1 		 87 		 9.614507
b1 		 88 		 9.614507
b1 		 89 		 9.614507
b1 		 90 		 9.457625
b1 		 91 		 9.614507
b1 		 92 		 9.614507
b1 		 93 		 9.614507
b1 		 94 		 9.614507
b1 		 95 		 9.614507
b1 		 96 		 9.614507
----------------------------------------------------------------------------------------------------
b2 		 1 		 9.614507
b2 		 2 		 9.408671
b2 		 3 		 9.614507
b2 		 4 		 9.614507
b2 		 5 		 9.408671
b2 		 6 		 9.408671
b2 		 7 		 9.408671
b2 		 8 		 9.408671
b2 		 9 		 9.408671
b2 		 10 		 9.408671
b2 		 11 		 9.408671
b2 		 12 		 9.408671
b2 		 13 		 9.408671
b2 		 14 		 9.408671
b2 		 15 		 9.408671
b2 		 16 		 9.408671
b2 		 17 		 9.408671
b2 		 18 		 9.408671
b2 		 19 		 9.408671
b2 		 20 		 9.408671
b2 		 21 		 9.408671
b2 		 22 		 9.408671
b2 		 23 		 9.408671
b2 		 24 		 9.408671
b2 		 25 		 9.408671
b2 		 26 		 9.614507
b2 		 27 		 9.408671
b2 		 28 		 9.408671
b2 		 29 		 9.408671
b2 		 30 		 9.408671
b2 		 31 		 9.457625
b2 		 32 		 9.457625
b2 		 33 		 9.457625
b2 		 34 		 9.457625
b2 		 35 		 9.614507
b2 		 36 		 9.614507
b2 		 37 		 9.614507
b2 		 38 		 9.614507
b2 		 39 		 9.614507
b2 		 40 		 9.614507
b2 		 41 		 9.614507
b2 		 42 		 9.614507
b2 		 43 		 9.614507
b2 		 44 		 9.614507
b2 		 45 		 9.614507
b2 		 46 		 9.614507
b2 		 47 		 9.614507
b2 		 48 		 9.614507
b2 		 49 		 9.614507
b2 		 50 		 9.614507
b2 		 51 		 9.614507
b2 		 52 		 9.614507
b2 		 53 		 9.614507
b2 		 54 		 9.614507
b2 		 55 		 9.614507
b2 		 56 		 9.614507
b2 		 57 		 9.614507
b2 		 58 		 10.185876
b2 		 59 		 10.185876
b2 		 60 		 9.920928
b2 		 61 		 11.022192
b2 		 62 		 9.614507
b2 		 63 		 10.185876
b2 		 64 		 10.185876
b2 		 65 		 10.185876
b2 		 66 		 10.185876
b2 		 67 		 10.185876
b2 		 68 		 11.022192
b2 		 69 		 10.185876
b2 		 70 		 10.185876
b2 		 71 		 10.185876
b2 		 72 		 9.614507
b2 		 73 		 9.614507
b2 		 74 		 9.614507
b2 		 75 		 10.185876
b2 		 76 		 10.757244
b2 		 77 		 9.614507
b2 		 78 		 9.614507
b2 		 79 		 9.614507
b2 		 80 		 9.614507
b2 		 81 		 11.022192
b2 		 82 		 9.614507
b2 		 83 		 10.185876
b2 		 84 		 9.614507
b2 		 85 		 9.614507
b2 		 86 		 9.614507
b2 		 87 		 9.614507
b2 		 88 		 9.614507
b2 		 89 		 9.614507
b2 		 90 		 9.457625
b2 		 91 		 9.614507
b2 		 92 		 9.614507
b2 		 93 		 9.614507
b2 		 94 		 9.614507
b2 		 95 		 9.614507
b2 		 96 		 9.614507
----------------------------------------------------------------------------------------------------
b3 		 1 		 9.614507
b3 		 2 		 9.408671
b3 		 3 		 9.614507
b3 		 4 		 9.614507
b3 		 5 		 9.408671
b3 		 6 		 9.408671
b3 		 7 		 9.408671
b3 		 8 		 9.408671
b3 		 9 		 9.408671
b3 		 10 		 9.408671
b3 		 11 		 9.408671
b3 		 12 		 9.408671
b3 		 13 		 9.408671
b3 		 14 		 9.408671
b3 		 15 		 9.408671
b3 		 16 		 9.408671
b3 		 17 		 9.408671
b3 		 18 		 9.408671
b3 		 19 		 9.408671
b3 		 20 		 9.408671
b3 		 21 		 9.408671
b3 		 22 		 9.408671
b3 		 23 		 9.408671
b3 		 24 		 9.408671
b3 		 25 		 9.408671
b3 		 26 		 9.614507
b3 		 27 		 9.408671
b3 		 28 		 9.408671
b3 		 29 		 9.408671
b3 		 30 		 9.408671
b3 		 31 		 9.457625
b3 		 32 		 9.457625
b3 		 33 		 9.457625
b3 		 34 		 9.457625
b3 		 35 		 9.614507
b3 		 36 		 9.614507
b3 		 37 		 9.614507
b3 		 38 		 9.614507
b3 		 39 		 9.614507
b3 		 40 		 9.614507
b3 		 41 		 9.614507
b3 		 42 		 9.614507
b3 		 43 		 9.614507
b3 		 44 		 9.614507
b3 		 45 		 9.614507
b3 		 46 		 9.614507
b3 		 47 		 9.614507
b3 		 48 		 9.614507
b3 		 49 		 9.614507
b3 		 50 		 9.614507
b3 		 51 		 9.614507
b3 		 52 		 9.614507
b3 		 53 		 9.614507
b3 		 54 		 9.614507
b3 		 55 		 9.614507
b3 		 56 		 9.614507
b3 		 57 		 9.614507
b3 		 58 		 10.185876
b3 		 59 		 10.185876
b3 		 60 		 9.920928
b3 		 61 		 11.022192
b3 		 62 		 9.614507
b3 		 63 		 10.185876
b3 		 64 		 10.185876
b3 		 65 		 10.185876
b3 		 66 		 10.185876
b3 		 67 		 10.185876
b3 		 68 		 11.022192
b3 		 69 		 10.185876
b3 		 70 		 10.185876
b3 		 71 		 10.185876
b3 		 72 		 9.614507
b3 		 73 		 9.614507
b3 		 74 		 9.614507
b3 		 75 		 10.185876
b3 		 76 		 10.757244
b3 		 77 		 9.614507
b3 		 78 		 9.614507
b3 		 79 		 9.614507
b3 		 80 		 9.614507
b3 		 81 		 11.022192
b3 		 82 		 9.614507
b3 		 83 		 10.185876
b3 		 84 		 9.614507
b3 		 85 		 9.614507
b3 		 86 		 9.614507
b3 		 87 		 9.614507
b3 		 88 		 9.614507
b3 		 89 		 9.614507
b3 		 90 		 9.457625
b3 		 91 		 9.614507
b3 		 92 		 9.614507
b3 		 93 		 9.614507
b3 		 94 		 9.614507
b3 		 95 		 9.614507
b3 		 96 		 9.614507
----------------------------------------------------------------------------------------------------
b4 		 1 		 9.614507
b4 		 2 		 9.408671
b4 		 3 		 9.614507
b4 		 4 		 9.614507
b4 		 5 		 9.408671
b4 		 6 		 9.408671
b4 		 7 		 9.408671
b4 		 8 		 9.408671
b4 		 9 		 9.408671
b4 		 10 		 9.408671
b4 		 11 		 9.408671
b4 		 12 		 9.408671
b4 		 13 		 9.408671
b4 		 14 		 9.408671
b4 		 15 		 9.408671
b4 		 16 		 9.408671
b4 		 17 		 9.408671
b4 		 18 		 9.408671
b4 		 19 		 9.408671
b4 		 20 		 9.408671
b4 		 21 		 9.408671
b4 		 22 		 9.408671
b4 		 23 		 9.408671
b4 		 24 		 9.408671
b4 		 25 		 9.408671
b4 		 26 		 9.614507
b4 		 27 		 9.408671
b4 		 28 		 9.408671
b4 		 29 		 9.408671
b4 		 30 		 9.408671
b4 		 31 		 9.457625
b4 		 32 		 9.457625
b4 		 33 		 9.457625
b4 		 34 		 9.457625
b4 		 35 		 9.614507
b4 		 36 		 9.614507
b4 		 37 		 9.614507
b4 		 38 		 9.614507
b4 		 39 		 9.614507
b4 		 40 		 9.614507
b4 		 41 		 9.614507
b4 		 42 		 9.614507
b4 		 43 		 9.614507
b4 		 44 		 9.614507
b4 		 45 		 9.614507
b4 		 46 		 9.614507
b4 		 47 		 9.614507
b4 		 48 		 9.614507
b4 		 49 		 9.614507
b4 		 50 		 9.614507
b4 		 51 		 9.614507
b4 		 52 		 9.614507
b4 		 53 		 9.614507
b4 		 54 		 9.614507
b4 		 55 		 9.614507
b4 		 56 		 9.614507
b4 		 57 		 9.614507
b4 		 58 		 10.185876
b4 		 59 		 10.185876
b4 		 60 		 9.920928
b4 		 61 		 11.022192
b4 		 62 		 9.614507
b4 		 63 		 10.185876
b4 		 64 		 10.185876
b4 		 65 		 10.185876
b4 		 66 		 10.185876
b4 		 67 		 10.185876
b4 		 68 		 11.022192
b4 		 69 		 10.185876
b4 		 70 		 10.185876
b4 		 71 		 10.185876
b4 		 72 		 9.614507
b4 		 73 		 9.614507
b4 		 74 		 9.614507
b4 		 75 		 10.185876
b4 		 76 		 10.757244
b4 		 77 		 9.614507
b4 		 78 		 9.614507
b4 		 79 		 9.614507
b4 		 80 		 9.614507
b4 		 81 		 11.022192
b4 		 82 		 9.614507
b4 		 83 		 10.185876
b4 		 84 		 9.614507
b4 		 85 		 9.614507
b4 		 86 		 9.614507
b4 		 87 		 9.614507
b4 		 88 		 9.614507
b4 		 89 		 9.614507
b4 		 90 		 9.457625
b4 		 91 		 9.614507
b4 		 92 		 9.614507
b4 		 93 		 9.614507
b4 		 94 		 9.614507
b4 		 95 		 9.614507
b4 		 96 		 9.614507
----------------------------------------------------------------------------------------------------
b5 		 1 		 9.614507
b5 		 2 		 9.408671
b5 		 3 		 9.614507
b5 		 4 		 9.614507
b5 		 5 		 9.408671
b5 		 6 		 9.408671
b5 		 7 		 9.408671
b5 		 8 		 9.408671
b5 		 9 		 9.408671
b5 		 10 		 9.408671
b5 		 11 		 9.408671
b5 		 12 		 9.408671
b5 		 13 		 9.408671
b5 		 14 		 9.408671
b5 		 15 		 9.408671
b5 		 16 		 9.408671
b5 		 17 		 9.408671
b5 		 18 		 9.408671
b5 		 19 		 9.408671
b5 		 20 		 9.408671
b5 		 21 		 9.408671
b5 		 22 		 9.408671
b5 		 23 		 9.408671
b5 		 24 		 9.408671
b5 		 25 		 9.408671
b5 		 26 		 9.614507
b5 		 27 		 9.408671
b5 		 28 		 9.408671
b5 		 29 		 9.408671
b5 		 30 		 9.408671
b5 		 31 		 9.457625
b5 		 32 		 9.457625
b5 		 33 		 9.457625
b5 		 34 		 9.457625
b5 		 35 		 9.614507
b5 		 36 		 9.614507
b5 		 37 		 9.614507
b5 		 38 		 9.614507
b5 		 39 		 9.614507
b5 		 40 		 9.614507
b5 		 41 		 9.614507
b5 		 42 		 9.614507
b5 		 43 		 9.614507
b5 		 44 		 9.614507
b5 		 45 		 9.614507
b5 		 46 		 9.614507
b5 		 47 		 9.614507
b5 		 48 		 9.614507
b5 		 49 		 9.614507
b5 		 50 		 9.614507
b5 		 51 		 9.614507
b5 		 52 		 9.614507
b5 		 53 		 9.614507
b5 		 54 		 9.614507
b5 		 55 		 9.614507
b5 		 56 		 9.614507
b5 		 57 		 9.614507
b5 		 58 		 10.185876
b5 		 59 		 10.185876
b5 		 60 		 9.920928
b5 		 61 		 11.022192
b5 		 62 		 9.614507
b5 		 63 		 10.185876
b5 		 64 		 10.185876
b5 		 65 		 10.185876
b5 		 66 		 10.185876
b5 		 67 		 10.185876
b5 		 68 		 11.022192
b5 		 69 		 10.185876
b5 		 70 		 10.185876
b5 		 71 		 10.185876
b5 		 72 		 9.614507
b5 		 73 		 9.614507
b5 		 74 		 9.614507
b5 		 75 		 10.185876
b5 		 76 		 10.757244
b5 		 77 		 9.614507
b5 		 78 		 9.614507
b5 		 79 		 9.614507
b5 		 80 		 9.614507
b5 		 81 		 11.022192
b5 		 82 		 9.614507
b5 		 83 		 10.185876
b5 		 84 		 9.614507
b5 		 85 		 9.614507
b5 		 86 		 9.614507
b5 		 87 		 9.614507
b5 		 88 		 9.614507
b5 		 89 		 9.614507
b5 		 90 		 9.457625
b5 		 91 		 9.614507
b5 		 92 		 9.614507
b5 		 93 		 9.614507
b5 		 94 		 9.614507
b5 		 95 		 9.614507
b5 		 96 		 9.614507
----------------------------------------------------------------------------------------------------
b6 		 1 		 9.614507
b6 		 2 		 9.408671
b6 		 3 		 9.614507
b6 		 4 		 9.614507
b6 		 5 		 9.408671
b6 		 6 		 9.408671
b6 		 7 		 9.408671
b6 		 8 		 9.408671
b6 		 9 		 9.408671
b6 		 10 		 9.408671
b6 		 11 		 9.408671
b6 		 12 		 9.408671
b6 		 13 		 9.408671
b6 		 14 		 9.408671
b6 		 15 		 9.408671
b6 		 16 		 9.408671
b6 		 17 		 9.408671
b6 		 18 		 9.408671
b6 		 19 		 9.408671
b6 		 20 		 9.408671
b6 		 21 		 9.408671
b6 		 22 		 9.408671
b6 		 23 		 9.408671
b6 		 24 		 9.408671
b6 		 25 		 9.408671
b6 		 26 		 9.614507
b6 		 27 		 9.408671
b6 		 28 		 9.408671
b6 		 29 		 9.408671
b6 		 30 		 9.408671
b6 		 31 		 9.457625
b6 		 32 		 9.457625
b6 		 33 		 9.457625
b6 		 34 		 9.457625
b6 		 35 		 9.614507
b6 		 36 		 9.614507
b6 		 37 		 9.614507
b6 		 38 		 9.614507
b6 		 39 		 9.614507
b6 		 40 		 9.614507
b6 		 41 		 9.614507
b6 		 42 		 9.614507
b6 		 43 		 9.614507
b6 		 44 		 9.614507
b6 		 45 		 9.614507
b6 		 46 		 9.614507
b6 		 47 		 9.614507
b6 		 48 		 9.614507
b6 		 49 		 9.614507
b6 		 50 		 9.614507
b6 		 51 		 9.614507
b6 		 52 		 9.614507
b6 		 53 		 9.614507
b6 		 54 		 9.614507
b6 		 55 		 9.614507
b6 		 56 		 9.614507
b6 		 57 		 9.614507
b6 		 58 		 10.185876
b6 		 59 		 10.185876
b6 		 60 		 9.920928
b6 		 61 		 11.022192
b6 		 62 		 9.614507
b6 		 63 		 10.185876
b6 		 64 		 10.185876
b6 		 65 		 10.185876
b6 		 66 		 10.185876
b6 		 67 		 10.185876
b6 		 68 		 11.022192
b6 		 69 		 10.185876
b6 		 70 		 10.185876
b6 		 71 		 10.185876
b6 		 72 		 9.614507
b6 		 73 		 9.614507
b6 		 74 		 9.614507
b6 		 75 		 10.185876
b6 		 76 		 10.757244
b6 		 77 		 9.614507
b6 		 78 		 9.614507
b6 		 79 		 9.614507
b6 		 80 		 9.614507
b6 		 81 		 11.022192
b6 		 82 		 9.614507
b6 		 83 		 10.185876
b6 		 84 		 9.614507
b6 		 85 		 9.614507
b6 		 86 		 9.614507
b6 		 87 		 9.614507
b6 		 88 		 9.614507
b6 		 89 		 9.614507
b6 		 90 		 9.457625
b6 		 91 		 9.614507
b6 		 92 		 9.614507
b6 		 93 		 9.614507
b6 		 94 		 9.614507
b6 		 95 		 9.614507
b6 		 96 		 9.614507
----------------------------------------------------------------------------------------------------
b7 		 1 		 9.614507
b7 		 2 		 9.408671
b7 		 3 		 9.614507
b7 		 4 		 9.614507
b7 		 5 		 9.408671
b7 		 6 		 9.408671
b7 		 7 		 9.408671
b7 		 8 		 9.408671
b7 		 9 		 9.408671
b7 		 10 		 9.408671
b7 		 11 		 9.408671
b7 		 12 		 9.408671
b7 		 13 		 9.408671
b7 		 14 		 9.408671
b7 		 15 		 9.408671
b7 		 16 		 9.408671
b7 		 17 		 9.408671
b7 		 18 		 9.408671
b7 		 19 		 9.408671
b7 		 20 		 9.408671
b7 		 21 		 9.408671
b7 		 22 		 9.408671
b7 		 23 		 9.408671
b7 		 24 		 9.408671
b7 		 25 		 9.408671
b7 		 26 		 9.614507
b7 		 27 		 9.408671
b7 		 28 		 9.408671
b7 		 29 		 9.408671
b7 		 30 		 9.408671
b7 		 31 		 9.457625
b7 		 32 		 9.457625
b7 		 33 		 9.457625
b7 		 34 		 9.457625
b7 		 35 		 9.614507
b7 		 36 		 9.614507
b7 		 37 		 9.614507
b7 		 38 		 9.614507
b7 		 39 		 9.614507
b7 		 40 		 9.614507
b7 		 41 		 9.614507
b7 		 42 		 9.614507
b7 		 43 		 9.614507
b7 		 44 		 9.614507
b7 		 45 		 9.614507
b7 		 46 		 9.614507
b7 		 47 		 9.614507
b7 		 48 		 9.614507
b7 		 49 		 9.614507
b7 		 50 		 9.614507
b7 		 51 		 9.614507
b7 		 52 		 9.614507
b7 		 53 		 9.614507
b7 		 54 		 9.614507
b7 		 55 		 9.614507
b7 		 56 		 9.614507
b7 		 57 		 9.614507
b7 		 58 		 10.185876
b7 		 59 		 10.185876
b7 		 60 		 9.920928
b7 		 61 		 11.022192
b7 		 62 		 9.614507
b7 		 63 		 10.185876
b7 		 64 		 10.185876
b7 		 65 		 10.185876
b7 		 66 		 10.185876
b7 		 67 		 10.185876
b7 		 68 		 11.022192
b7 		 69 		 10.185876
b7 		 70 		 10.185876
b7 		 71 		 10.185876
b7 		 72 		 9.614507
b7 		 73 		 9.614507
b7 		 74 		 9.614507
b7 		 75 		 10.185876
b7 		 76 		 10.757244
b7 		 77 		 9.614507
b7 		 78 		 9.614507
b7 		 79 		 9.614507
b7 		 80 		 9.614507
b7 		 81 		 11.022192
b7 		 82 		 9.614507
b7 		 83 		 10.185876
b7 		 84 		 9.614507
b7 		 85 		 9.614507
b7 		 86 		 9.614507
b7 		 87 		 9.614507
b7 		 88 		 9.614507
b7 		 89 		 9.614507
b7 		 90 		 9.457625
b7 		 91 		 9.614507
b7 		 92 		 9.614507
b7 		 93 		 9.614507
b7 		 94 		 9.614507
b7 		 95 		 9.614507
b7 		 96 		 9.614507
----------------------------------------------------------------------------------------------------
b8 		 1 		 9.614507
b8 		 2 		 9.408671
b8 		 3 		 9.614507
b8 		 4 		 9.614507
b8 		 5 		 9.408671
b8 		 6 		 9.408671
b8 		 7 		 9.408671
b8 		 8 		 9.408671
b8 		 9 		 9.408671
b8 		 10 		 9.408671
b8 		 11 		 9.408671
b8 		 12 		 9.408671
b8 		 13 		 9.408671
b8 		 14 		 9.408671
b8 		 15 		 9.408671
b8 		 16 		 9.408671
b8 		 17 		 9.408671
b8 		 18 		 9.408671
b8 		 19 		 9.408671
b8 		 20 		 9.408671
b8 		 21 		 9.408671
b8 		 22 		 9.408671
b8 		 23 		 9.408671
b8 		 24 		 9.408671
b8 		 25 		 9.408671
b8 		 26 		 9.614507
b8 		 27 		 9.408671
b8 		 28 		 9.408671
b8 		 29 		 9.408671
b8 		 30 		 9.408671
b8 		 31 		 9.457625
b8 		 32 		 9.457625
b8 		 33 		 9.457625
b8 		 34 		 9.457625
b8 		 35 		 9.614507
b8 		 36 		 9.614507
b8 		 37 		 9.614507
b8 		 38 		 9.614507
b8 		 39 		 9.614507
b8 		 40 		 9.614507
b8 		 41 		 9.614507
b8 		 42 		 9.614507
b8 		 43 		 9.614507
b8 		 44 		 9.614507
b8 		 45 		 9.614507
b8 		 46 		 9.614507
b8 		 47 		 9.614507
b8 		 48 		 9.614507
b8 		 49 		 9.614507
b8 		 50 		 9.614507
b8 		 51 		 9.614507
b8 		 52 		 9.614507
b8 		 53 		 9.614507
b8 		 54 		 9.614507
b8 		 55 		 9.614507
b8 		 56 		 9.614507
b8 		 57 		 9.614507
b8 		 58 		 10.185876
b8 		 59 		 10.185876
b8 		 60 		 9.920928
b8 		 61 		 11.022192
b8 		 62 		 9.614507
b8 		 63 		 10.185876
b8 		 64 		 10.185876
b8 		 65 		 10.185876
b8 		 66 		 10.185876
b8 		 67 		 10.185876
b8 		 68 		 11.022192
b8 		 69 		 10.185876
b8 		 70 		 10.185876
b8 		 71 		 10.185876
b8 		 72 		 9.614507
b8 		 73 		 9.614507
b8 		 74 		 9.614507
b8 		 75 		 10.185876
b8 		 76 		 10.757244
b8 		 77 		 9.614507
b8 		 78 		 9.614507
b8 		 79 		 9.614507
b8 		 80 		 9.614507
b8 		 81 		 11.022192
b8 		 82 		 9.614507
b8 		 83 		 10.185876
b8 		 84 		 9.614507
b8 		 85 		 9.614507
b8 		 86 		 9.614507
b8 		 87 		 9.614507
b8 		 88 		 9.614507
b8 		 89 		 9.614507
b8 		 90 		 9.457625
b8 		 91 		 9.614507
b8 		 92 		 9.614507
b8 		 93 		 9.614507
b8 		 94 		 9.614507
b8 		 95 		 9.614507
b8 		 96 		 9.614507
----------------------------------------------------------------------------------------------------
b9 		 1 		 9.614507
b9 		 2 		 9.408671
b9 		 3 		 9.614507
b9 		 4 		 9.614507
b9 		 5 		 9.408671
b9 		 6 		 9.408671
b9 		 7 		 9.408671
b9 		 8 		 9.408671
b9 		 9 		 9.408671
b9 		 10 		 9.408671
b9 		 11 		 9.408671
b9 		 12 		 9.408671
b9 		 13 		 9.408671
b9 		 14 		 9.408671
b9 		 15 		 9.408671
b9 		 16 		 9.408671
b9 		 17 		 9.408671
b9 		 18 		 9.408671
b9 		 19 		 9.408671
b9 		 20 		 9.408671
b9 		 21 		 9.408671
b9 		 22 		 9.408671
b9 		 23 		 9.408671
b9 		 24 		 9.408671
b9 		 25 		 9.408671
b9 		 26 		 9.614507
b9 		 27 		 9.408671
b9 		 28 		 9.408671
b9 		 29 		 9.408671
b9 		 30 		 9.408671
b9 		 31 		 9.457625
b9 		 32 		 9.457625
b9 		 33 		 9.457625
b9 		 34 		 9.457625
b9 		 35 		 9.614507
b9 		 36 		 9.614507
b9 		 37 		 9.614507
b9 		 38 		 9.614507
b9 		 39 		 9.614507
b9 		 40 		 9.614507
b9 		 41 		 9.614507
b9 		 42 		 9.614507
b9 		 43 		 9.614507
b9 		 44 		 9.614507
b9 		 45 		 9.614507
b9 		 46 		 9.614507
b9 		 47 		 9.614507
b9 		 48 		 9.614507
b9 		 49 		 9.614507
b9 		 50 		 9.614507
b9 		 51 		 9.614507
b9 		 52 		 9.614507
b9 		 53 		 9.614507
b9 		 54 		 9.614507
b9 		 55 		 9.614507
b9 		 56 		 9.614507
b9 		 57 		 9.614507
b9 		 58 		 10.185876
b9 		 59 		 10.185876
b9 		 60 		 9.920928
b9 		 61 		 11.022192
b9 		 62 		 9.614507
b9 		 63 		 10.185876
b9 		 64 		 10.185876
b9 		 65 		 10.185876
b9 		 66 		 10.185876
b9 		 67 		 10.185876
b9 		 68 		 11.022192
b9 		 69 		 10.185876
b9 		 70 		 10.185876
b9 		 71 		 10.185876
b9 		 72 		 9.614507
b9 		 73 		 9.614507
b9 		 74 		 9.614507
b9 		 75 		 10.185876
b9 		 76 		 10.757244
b9 		 77 		 9.614507
b9 		 78 		 9.614507
b9 		 79 		 9.614507
b9 		 80 		 9.614507
b9 		 81 		 11.022192
b9 		 82 		 9.614507
b9 		 83 		 10.185876
b9 		 84 		 9.614507
b9 		 85 		 9.614507
b9 		 86 		 9.614507
b9 		 87 		 9.614507
b9 		 88 		 9.614507
b9 		 89 		 9.614507
b9 		 90 		 9.457625
b9 		 91 		 9.614507
b9 		 92 		 9.614507
b9 		 93 		 9.614507
b9 		 94 		 9.614507
b9 		 95 		 9.614507
b9 		 96 		 9.614507
----------------------------------------------------------------------------------------------------
b10 		 1 		 9.614507
b10 		 2 		 9.408671
b10 		 3 		 9.614507
b10 		 4 		 9.614507
b10 		 5 		 9.408671
b10 		 6 		 9.408671
b10 		 7 		 9.408671
b10 		 8 		 9.408671
b10 		 9 		 9.408671
b10 		 10 		 9.408671
b10 		 11 		 9.408671
b10 		 12 		 9.408671
b10 		 13 		 9.408671
b10 		 14 		 9.408671
b10 		 15 		 9.408671
b10 		 16 		 9.408671
b10 		 17 		 9.408671
b10 		 18 		 9.408671
b10 		 19 		 9.408671
b10 		 20 		 9.408671
b10 		 21 		 9.408671
b10 		 22 		 9.408671
b10 		 23 		 9.408671
b10 		 24 		 9.408671
b10 		 25 		 9.408671
b10 		 26 		 9.614507
b10 		 27 		 9.408671
b10 		 28 		 9.408671
b10 		 29 		 9.408671
b10 		 30 		 9.408671
b10 		 31 		 9.457625
b10 		 32 		 9.457625
b10 		 33 		 9.457625
b10 		 34 		 9.457625
b10 		 35 		 9.614507
b10 		 36 		 9.614507
b10 		 37 		 9.614507
b10 		 38 		 9.614507
b10 		 39 		 9.614507
b10 		 40 		 9.614507
b10 		 41 		 9.614507
b10 		 42 		 9.614507
b10 		 43 		 9.614507
b10 		 44 		 9.614507
b10 		 45 		 9.614507
b10 		 46 		 9.614507
b10 		 47 		 9.614507
b10 		 48 		 9.614507
b10 		 49 		 9.614507
b10 		 50 		 9.614507
b10 		 51 		 9.614507
b10 		 52 		 9.614507
b10 		 53 		 9.614507
b10 		 54 		 9.614507
b10 		 55 		 9.614507
b10 		 56 		 9.614507
b10 		 57 		 9.614507
b10 		 58 		 10.185876
b10 		 59 		 10.185876
b10 		 60 		 9.920928
b10 		 61 		 11.022192
b10 		 62 		 9.614507
b10 		 63 		 10.185876
b10 		 64 		 10.185876
b10 		 65 		 10.185876
b10 		 66 		 10.185876
b10 		 67 		 10.185876
b10 		 68 		 11.022192
b10 		 69 		 10.185876
b10 		 70 		 10.185876
b10 		 71 		 10.185876
b10 		 72 		 9.614507
b10 		 73 		 9.614507
b10 		 74 		 9.614507
b10 		 75 		 10.185876
b10 		 76 		 10.757244
b10 		 77 		 9.614507
b10 		 78 		 9.614507
b10 		 79 		 9.614507
b10 		 80 		 9.614507
b10 		 81 		 11.022192
b10 		 82 		 9.614507
b10 		 83 		 10.185876
b10 		 84 		 9.614507
b10 		 85 		 9.614507
b10 		 86 		 9.614507
b10 		 87 		 9.614507
b10 		 88 		 9.614507
b10 		 89 		 9.614507
b10 		 90 		 9.457625
b10 		 91 		 9.614507
b10 		 92 		 9.614507
b10 		 93 		 9.614507
b10 		 94 		 9.614507
b10 		 95 		 9.614507
b10 		 96 		 9.614507
----------------------------------------------------------------------------------------------------
b11 		 1 		 9.614507
b11 		 2 		 9.408671
b11 		 3 		 9.614507
b11 		 4 		 9.614507
b11 		 5 		 9.408671
b11 		 6 		 9.408671
b11 		 7 		 9.408671
b11 		 8 		 9.408671
b11 		 9 		 9.408671
b11 		 10 		 9.408671
b11 		 11 		 9.408671
b11 		 12 		 9.408671
b11 		 13 		 9.408671
b11 		 14 		 9.408671
b11 		 15 		 9.408671
b11 		 16 		 9.408671
b11 		 17 		 9.408671
b11 		 18 		 9.408671
b11 		 19 		 9.408671
b11 		 20 		 9.408671
b11 		 21 		 9.408671
b11 		 22 		 9.408671
b11 		 23 		 9.408671
b11 		 24 		 9.408671
b11 		 25 		 9.408671
b11 		 26 		 9.614507
b11 		 27 		 9.408671
b11 		 28 		 9.408671
b11 		 29 		 9.408671
b11 		 30 		 9.408671
b11 		 31 		 9.457625
b11 		 32 		 9.457625
b11 		 33 		 9.457625
b11 		 34 		 9.457625
b11 		 35 		 9.614507
b11 		 36 		 9.614507
b11 		 37 		 9.614507
b11 		 38 		 9.614507
b11 		 39 		 9.614507
b11 		 40 		 9.614507
b11 		 41 		 9.614507
b11 		 42 		 9.614507
b11 		 43 		 9.614507
b11 		 44 		 9.614507
b11 		 45 		 9.614507
b11 		 46 		 9.614507
b11 		 47 		 9.614507
b11 		 48 		 9.614507
b11 		 49 		 9.614507
b11 		 50 		 9.614507
b11 		 51 		 9.614507
b11 		 52 		 9.614507
b11 		 53 		 9.614507
b11 		 54 		 9.614507
b11 		 55 		 9.614507
b11 		 56 		 9.614507
b11 		 57 		 9.614507
b11 		 58 		 10.185876
b11 		 59 		 10.185876
b11 		 60 		 9.920928
b11 		 61 		 11.022192
b11 		 62 		 9.614507
b11 		 63 		 10.185876
b11 		 64 		 10.185876
b11 		 65 		 10.185876
b11 		 66 		 10.185876
b11 		 67 		 10.185876
b11 		 68 		 11.022192
b11 		 69 		 10.185876
b11 		 70 		 10.185876
b11 		 71 		 10.185876
b11 		 72 		 9.614507
b11 		 73 		 9.614507
b11 		 74 		 9.614507
b11 		 75 		 10.185876
b11 		 76 		 10.757244
b11 		 77 		 9.614507
b11 		 78 		 9.614507
b11 		 79 		 9.614507
b11 		 80 		 9.614507
b11 		 81 		 11.022192
b11 		 82 		 9.614507
b11 		 83 		 10.185876
b11 		 84 		 9.614507
b11 		 85 		 9.614507
b11 		 86 		 9.614507
b11 		 87 		 9.614507
b11 		 88 		 9.614507
b11 		 89 		 9.614507
b11 		 90 		 9.457625
b11 		 91 		 9.614507
b11 		 92 		 9.614507
b11 		 93 		 9.614507
b11 		 94 		 9.614507
b11 		 95 		 9.614507
b11 		 96 		 9.614507
----------------------------------------------------------------------------------------------------
b12 		 1 		 9.614507
b12 		 2 		 9.408671
b12 		 3 		 9.614507
b12 		 4 		 9.614507
b12 		 5 		 9.408671
b12 		 6 		 9.408671
b12 		 7 		 9.408671
b12 		 8 		 9.408671
b12 		 9 		 9.408671
b12 		 10 		 9.408671
b12 		 11 		 9.408671
b12 		 12 		 9.408671
b12 		 13 		 9.408671
b12 		 14 		 9.408671
b12 		 15 		 9.408671
b12 		 16 		 9.408671
b12 		 17 		 9.408671
b12 		 18 		 9.408671
b12 		 19 		 9.408671
b12 		 20 		 9.408671
b12 		 21 		 9.408671
b12 		 22 		 9.408671
b12 		 23 		 9.408671
b12 		 24 		 9.408671
b12 		 25 		 9.408671
b12 		 26 		 9.614507
b12 		 27 		 9.408671
b12 		 28 		 9.408671
b12 		 29 		 9.408671
b12 		 30 		 9.408671
b12 		 31 		 9.457625
b12 		 32 		 9.457625
b12 		 33 		 9.457625
b12 		 34 		 9.457625
b12 		 35 		 9.614507
b12 		 36 		 9.614507
b12 		 37 		 9.614507
b12 		 38 		 9.614507
b12 		 39 		 9.614507
b12 		 40 		 9.614507
b12 		 41 		 9.614507
b12 		 42 		 9.614507
b12 		 43 		 9.614507
b12 		 44 		 9.614507
b12 		 45 		 9.614507
b12 		 46 		 9.614507
b12 		 47 		 9.614507
b12 		 48 		 9.614507
b12 		 49 		 9.614507
b12 		 50 		 9.614507
b12 		 51 		 9.614507
b12 		 52 		 9.614507
b12 		 53 		 9.614507
b12 		 54 		 9.614507
b12 		 55 		 9.614507
b12 		 56 		 9.614507
b12 		 57 		 9.614507
b12 		 58 		 10.185876
b12 		 59 		 10.185876
b12 		 60 		 9.920928
b12 		 61 		 11.022192
b12 		 62 		 9.614507
b12 		 63 		 10.185876
b12 		 64 		 10.185876
b12 		 65 		 10.185876
b12 		 66 		 10.185876
b12 		 67 		 10.185876
b12 		 68 		 11.022192
b12 		 69 		 10.185876
b12 		 70 		 10.185876
b12 		 71 		 10.185876
b12 		 72 		 9.614507
b12 		 73 		 9.614507
b12 		 74 		 9.614507
b12 		 75 		 10.185876
b12 		 76 		 10.757244
b12 		 77 		 9.614507
b12 		 78 		 9.614507
b12 		 79 		 9.614507
b12 		 80 		 9.614507
b12 		 81 		 11.022192
b12 		 82 		 9.614507
b12 		 83 		 10.185876
b12 		 84 		 9.614507
b12 		 85 		 9.614507
b12 		 86 		 9.614507
b12 		 87 		 9.614507
b12 		 88 		 9.614507
b12 		 89 		 9.614507
b12 		 90 		 9.457625
b12 		 91 		 9.614507
b12 		 92 		 9.614507
b12 		 93 		 9.614507
b12 		 94 		 9.614507
b12 		 95 		 9.614507
b12 		 96 		 9.614507
----------------------------------------------------------------------------------------------------
b13 		 1 		 9.614507
b13 		 2 		 9.408671
b13 		 3 		 9.614507
b13 		 4 		 9.614507
b13 		 5 		 9.408671
b13 		 6 		 9.408671
b13 		 7 		 9.408671
b13 		 8 		 9.408671
b13 		 9 		 9.408671
b13 		 10 		 9.408671
b13 		 11 		 9.408671
b13 		 12 		 9.408671
b13 		 13 		 9.408671
b13 		 14 		 9.408671
b13 		 15 		 9.408671
b13 		 16 		 9.408671
b13 		 17 		 9.408671
b13 		 18 		 9.408671
b13 		 19 		 9.408671
b13 		 20 		 9.408671
b13 		 21 		 9.408671
b13 		 22 		 9.408671
b13 		 23 		 9.408671
b13 		 24 		 9.408671
b13 		 25 		 9.408671
b13 		 26 		 9.614507
b13 		 27 		 9.408671
b13 		 28 		 9.408671
b13 		 29 		 9.408671
b13 		 30 		 9.408671
b13 		 31 		 9.457625
b13 		 32 		 9.457625
b13 		 33 		 9.457625
b13 		 34 		 9.457625
b13 		 35 		 9.614507
b13 		 36 		 9.614507
b13 		 37 		 9.614507
b13 		 38 		 9.614507
b13 		 39 		 9.614507
b13 		 40 		 9.614507
b13 		 41 		 9.614507
b13 		 42 		 9.614507
b13 		 43 		 9.614507
b13 		 44 		 9.614507
b13 		 45 		 9.614507
b13 		 46 		 9.614507
b13 		 47 		 9.614507
b13 		 48 		 9.614507
b13 		 49 		 9.614507
b13 		 50 		 9.614507
b13 		 51 		 9.614507
b13 		 52 		 9.614507
b13 		 53 		 9.614507
b13 		 54 		 9.614507
b13 		 55 		 9.614507
b13 		 56 		 9.614507
b13 		 57 		 9.614507
b13 		 58 		 10.185876
b13 		 59 		 10.185876
b13 		 60 		 9.920928
b13 		 61 		 11.022192
b13 		 62 		 9.614507
b13 		 63 		 10.185876
b13 		 64 		 10.185876
b13 		 65 		 10.185876
b13 		 66 		 10.185876
b13 		 67 		 10.185876
b13 		 68 		 11.022192
b13 		 69 		 10.185876
b13 		 70 		 10.185876
b13 		 71 		 10.185876
b13 		 72 		 9.614507
b13 		 73 		 9.614507
b13 		 74 		 9.614507
b13 		 75 		 10.185876
b13 		 76 		 10.757244
b13 		 77 		 9.614507
b13 		 78 		 9.614507
b13 		 79 		 9.614507
b13 		 80 		 9.614507
b13 		 81 		 11.022192
b13 		 82 		 9.614507
b13 		 83 		 10.185876
b13 		 84 		 9.614507
b13 		 85 		 9.614507
b13 		 86 		 9.614507
b13 		 87 		 9.614507
b13 		 88 		 9.614507
b13 		 89 		 9.614507
b13 		 90 		 9.457625
b13 		 91 		 9.614507
b13 		 92 		 9.614507
b13 		 93 		 9.614507
b13 		 94 		 9.614507
b13 		 95 		 9.614507
b13 		 96 		 9.614507
----------------------------------------------------------------------------------------------------
b14 		 1 		 9.614507
b14 		 2 		 9.408671
b14 		 3 		 9.614507
b14 		 4 		 9.614507
b14 		 5 		 9.408671
b14 		 6 		 9.408671
b14 		 7 		 9.408671
b14 		 8 		 9.408671
b14 		 9 		 9.408671
b14 		 10 		 9.408671
b14 		 11 		 9.408671
b14 		 12 		 9.408671
b14 		 13 		 9.408671
b14 		 14 		 9.408671
b14 		 15 		 9.408671
b14 		 16 		 9.408671
b14 		 17 		 9.408671
b14 		 18 		 9.408671
b14 		 19 		 9.408671
b14 		 20 		 9.408671
b14 		 21 		 9.408671
b14 		 22 		 9.408671
b14 		 23 		 9.408671
b14 		 24 		 9.408671
b14 		 25 		 9.408671
b14 		 26 		 9.614507
b14 		 27 		 9.408671
b14 		 28 		 9.408671
b14 		 29 		 9.408671
b14 		 30 		 9.408671
b14 		 31 		 9.457625
b14 		 32 		 9.457625
b14 		 33 		 9.457625
b14 		 34 		 9.457625
b14 		 35 		 9.614507
b14 		 36 		 9.614507
b14 		 37 		 9.614507
b14 		 38 		 9.614507
b14 		 39 		 9.614507
b14 		 40 		 9.614507
b14 		 41 		 9.614507
b14 		 42 		 9.614507
b14 		 43 		 9.614507
b14 		 44 		 9.614507
b14 		 45 		 9.614507
b14 		 46 		 9.614507
b14 		 47 		 9.614507
b14 		 48 		 9.614507
b14 		 49 		 9.614507
b14 		 50 		 9.614507
b14 		 51 		 9.614507
b14 		 52 		 9.614507
b14 		 53 		 9.614507
b14 		 54 		 9.614507
b14 		 55 		 9.614507
b14 		 56 		 9.614507
b14 		 57 		 9.614507
b14 		 58 		 10.185876
b14 		 59 		 10.185876
b14 		 60 		 9.920928
b14 		 61 		 11.022192
b14 		 62 		 9.614507
b14 		 63 		 10.185876
b14 		 64 		 10.185876
b14 		 65 		 10.185876
b14 		 66 		 10.185876
b14 		 67 		 10.185876
b14 		 68 		 11.022192
b14 		 69 		 10.185876
b14 		 70 		 10.185876
b14 		 71 		 10.185876
b14 		 72 		 9.614507
b14 		 73 		 9.614507
b14 		 74 		 9.614507
b14 		 75 		 10.185876
b14 		 76 		 10.757244
b14 		 77 		 9.614507
b14 		 78 		 9.614507
b14 		 79 		 9.614507
b14 		 80 		 9.614507
b14 		 81 		 11.022192
b14 		 82 		 9.614507
b14 		 83 		 10.185876
b14 		 84 		 9.614507
b14 		 85 		 9.614507
b14 		 86 		 9.614507
b14 		 87 		 9.614507
b14 		 88 		 9.614507
b14 		 89 		 9.614507
b14 		 90 		 9.457625
b14 		 91 		 9.614507
b14 		 92 		 9.614507
b14 		 93 		 9.614507
b14 		 94 		 9.614507
b14 		 95 		 9.614507
b14 		 96 		 9.614507
----------------------------------------------------------------------------------------------------
Total overall payments
----------------------------------------------------------------------------------------------------------------------------------------------------
total generation payment 	 total up-FRP payment 	 total dw-FRP payment 	 total pre-up t. payment 	 uplift payment 	 total post-up t. payment 	 profit
----------------------------------------------------------------------------------------------------------------------------------------------------
333319.46692399995 			 1668.638455 			 0.0 			 334988.105379			 46503.437808999995 			 381491.543188 			 28833.146995999992
