****************************************************************************************************
 
Generation payment
----------------------------------------------------------------------------------------------------------------
unit	 time 	 generation payment 	 up-FRP payment 	 dw-FRP payment 	pre-up total payment
----------------------------------------------------------------------------------------------------------------
g1	 1 	 231.587947 			 0.0 			 0.0			 231.587947 
g1	 2 	 171.705692 			 0.0 			 0.0			 171.705692 
g1	 3 	 157.396892 			 0.0 			 0.0			 157.396892 
g1	 4 	 136.743162 			 0.0 			 0.0			 136.743162 
g1	 5 	 151.671728 			 0.0 			 0.0			 151.671728 
g1	 6 	 200.721144 			 0.0 			 0.0			 200.721144 
g1	 7 	 154.098836 			 0.0 			 0.0			 154.098836 
g1	 8 	 181.729327 			 0.0 			 0.0			 181.729327 
g1	 9 	 163.772822 			 0.0 			 0.0			 163.772822 
g1	 10 	 111.406276 			 0.0 			 0.0			 111.406276 
g1	 11 	 136.166069 			 0.0 			 0.0			 136.166069 
g1	 12 	 208.181617 			 0.0 			 0.0			 208.181617 
g1	 13 	 164.387472 			 0.0 			 0.0			 164.387472 
g1	 14 	 168.002302 			 0.0 			 0.0			 168.002302 
g1	 15 	 192.570365 			 0.0 			 0.0			 192.570365 
g1	 16 	 255.245926 			 0.0 			 0.0			 255.245926 
g1	 17 	 216.892504 			 0.0 			 0.0			 216.892504 
g1	 18 	 162.564739 			 0.0 			 0.0			 162.564739 
g1	 19 	 163.282226 			 0.0 			 0.0			 163.282226 
g1	 20 	 174.708417 			 0.0 			 0.0			 174.708417 
g1	 21 	 153.12661 			 0.0 			 0.0			 153.12661 
g1	 22 	 102.667691 			 0.0 			 0.0			 102.667691 
g1	 23 	 179.643594 			 0.0 			 0.0			 179.643594 
g1	 24 	 177.098483 			 0.0 			 0.0			 177.098483 
g1	 25 	 166.228721 			 0.0 			 0.0			 166.228721 
g1	 26 	 141.117792 			 0.0 			 0.0			 141.117792 
g1	 27 	 129.763126 			 0.0 			 0.0			 129.763126 
g1	 28 	 240.654802 			 0.0 			 0.0			 240.654802 
g1	 29 	 168.724262 			 0.0 			 0.0			 168.724262 
g1	 30 	 183.098969 			 0.0 			 0.0			 183.098969 
g1	 31 	 170.341192 			 0.0 			 0.0			 170.341192 
g1	 32 	 235.99342 			 0.0 			 0.0			 235.99342 
g1	 33 	 168.788353 			 0.0 			 0.0			 168.788353 
g1	 34 	 133.72038 			 0.0 			 0.0			 133.72038 
g1	 35 	 185.92775 			 0.0 			 0.0			 185.92775 
g1	 36 	 86.715065 			 0.0 			 0.0			 86.715065 
g1	 37 	 84.649062 			 0.0 			 0.0			 84.649062 
g1	 38 	 184.322675 			 0.0 			 0.0			 184.322675 
g1	 39 	 166.805187 			 0.0 			 0.0			 166.805187 
g1	 40 	 213.644441 			 0.0 			 0.0			 213.644441 
g1	 41 	 247.969641 			 0.0 			 0.0			 247.969641 
g1	 42 	 123.096091 			 0.0 			 0.0			 123.096091 
g1	 43 	 86.706557 			 0.0 			 0.0			 86.706557 
g1	 44 	 212.741341 			 0.0 			 0.0			 212.741341 
g1	 45 	 172.152509 			 0.0 			 0.0			 172.152509 
g1	 46 	 172.152509 			 0.0 			 0.0			 172.152509 
g1	 47 	 172.152509 			 0.0 			 0.0			 172.152509 
g1	 48 	 172.152509 			 0.0 			 0.0			 172.152509 
g1	 49 	 172.152509 			 0.0 			 0.0			 172.152509 
g1	 50 	 194.259418 			 0.0 			 0.0			 194.259418 
g1	 51 	 194.259418 			 0.0 			 0.0			 194.259418 
g1	 52 	 194.259418 			 0.0 			 0.0			 194.259418 
g1	 53 	 194.259418 			 0.0 			 0.0			 194.259418 
g1	 54 	 194.259418 			 0.0 			 0.0			 194.259418 
g1	 55 	 194.259418 			 0.0 			 0.0			 194.259418 
g1	 56 	 194.259418 			 0.0 			 0.0			 194.259418 
g1	 57 	 194.259418 			 0.0 			 0.0			 194.259418 
g1	 58 	 194.259418 			 0.0 			 0.0			 194.259418 
g1	 59 	 194.259418 			 0.0 			 0.0			 194.259418 
g1	 60 	 194.259418 			 0.0 			 0.0			 194.259418 
g1	 61 	 194.259418 			 0.0 			 0.0			 194.259418 
g1	 62 	 224.729059 			 0.0 			 0.0			 224.729059 
g1	 63 	 194.259418 			 0.0 			 0.0			 194.259418 
g1	 64 	 194.259418 			 0.0 			 0.0			 194.259418 
g1	 65 	 224.729059 			 0.0 			 0.0			 224.729059 
g1	 66 	 194.259418 			 0.0 			 0.0			 194.259418 
g1	 67 	 194.259418 			 0.0 			 0.0			 194.259418 
g1	 68 	 194.259418 			 0.0 			 0.0			 194.259418 
g1	 69 	 194.259418 			 0.0 			 0.0			 194.259418 
g1	 70 	 194.259418 			 0.0 			 0.0			 194.259418 
g1	 71 	 194.259418 			 0.0 			 0.0			 194.259418 
g1	 72 	 194.259418 			 0.0 			 0.0			 194.259418 
g1	 73 	 194.259418 			 0.0 			 0.0			 194.259418 
g1	 74 	 194.259418 			 0.0 			 0.0			 194.259418 
g1	 75 	 194.259418 			 0.0 			 0.0			 194.259418 
g1	 76 	 194.259418 			 0.0 			 0.0			 194.259418 
g1	 77 	 194.259418 			 0.0 			 0.0			 194.259418 
g1	 78 	 172.152509 			 0.0 			 0.0			 172.152509 
g1	 79 	 194.259418 			 0.0 			 0.0			 194.259418 
g1	 80 	 172.152509 			 0.0 			 0.0			 172.152509 
g1	 81 	 172.152509 			 0.0 			 0.0			 172.152509 
g1	 82 	 172.152509 			 0.0 			 0.0			 172.152509 
g1	 83 	 172.152509 			 0.0 			 0.0			 172.152509 
g1	 84 	 172.152509 			 0.0 			 0.0			 172.152509 
g1	 85 	 151.223783 			 0.0 			 0.0			 151.223783 
g1	 86 	 172.152509 			 0.0 			 0.0			 172.152509 
g1	 87 	 172.152509 			 0.0 			 0.0			 172.152509 
g1	 88 	 109.837378 			 0.0 			 0.0			 109.837378 
g1	 89 	 220.311592 			 0.0 			 0.0			 220.311592 
g1	 90 	 267.991701 			 0.0 			 0.0			 267.991701 
g1	 91 	 121.855656 			 0.0 			 0.0			 121.855656 
g1	 92 	 175.369002 			 0.0 			 0.0			 175.369002 
g1	 93 	 53.665246 			 0.0 			 0.0			 53.665246 
g1	 94 	 150.025642 			 0.0 			 0.0			 150.025642 
g1	 95 	 150.09179 			 0.0 			 0.0			 150.09179 
g1	 96 	 116.107027 			 0.0 			 0.0			 116.107027 
----------------------------------------------------------------------------------------------------
g2	 1 	 0.0 			 0.0 			 0.0			 0.0 
g2	 2 	 0.0 			 0.0 			 0.0			 0.0 
g2	 3 	 0.0 			 0.0 			 0.0			 0.0 
g2	 4 	 0.0 			 0.0 			 0.0			 0.0 
g2	 5 	 0.0 			 0.0 			 0.0			 0.0 
g2	 6 	 0.0 			 0.0 			 0.0			 0.0 
g2	 7 	 0.0 			 0.0 			 0.0			 0.0 
g2	 8 	 0.0 			 0.0 			 0.0			 0.0 
g2	 9 	 0.0 			 0.0 			 0.0			 0.0 
g2	 10 	 0.0 			 0.0 			 0.0			 0.0 
g2	 11 	 0.0 			 0.0 			 0.0			 0.0 
g2	 12 	 0.0 			 0.0 			 0.0			 0.0 
g2	 13 	 0.0 			 0.0 			 0.0			 0.0 
g2	 14 	 0.0 			 0.0 			 0.0			 0.0 
g2	 15 	 0.0 			 0.0 			 0.0			 0.0 
g2	 16 	 0.0 			 0.0 			 0.0			 0.0 
g2	 17 	 0.0 			 0.0 			 0.0			 0.0 
g2	 18 	 0.0 			 0.0 			 0.0			 0.0 
g2	 19 	 0.0 			 0.0 			 0.0			 0.0 
g2	 20 	 0.0 			 0.0 			 0.0			 0.0 
g2	 21 	 0.0 			 0.0 			 0.0			 0.0 
g2	 22 	 0.0 			 0.0 			 0.0			 0.0 
g2	 23 	 0.0 			 0.0 			 0.0			 0.0 
g2	 24 	 0.0 			 0.0 			 0.0			 0.0 
g2	 25 	 0.0 			 0.0 			 0.0			 0.0 
g2	 26 	 0.0 			 0.0 			 0.0			 0.0 
g2	 27 	 0.0 			 0.0 			 0.0			 0.0 
g2	 28 	 0.0 			 0.0 			 0.0			 0.0 
g2	 29 	 0.0 			 0.0 			 0.0			 0.0 
g2	 30 	 0.0 			 0.0 			 0.0			 0.0 
g2	 31 	 0.0 			 0.0 			 0.0			 0.0 
g2	 32 	 0.0 			 0.0 			 0.0			 0.0 
g2	 33 	 0.0 			 0.0 			 0.0			 0.0 
g2	 34 	 0.0 			 0.0 			 0.0			 0.0 
g2	 35 	 0.0 			 0.0 			 0.0			 0.0 
g2	 36 	 0.0 			 0.0 			 0.0			 0.0 
g2	 37 	 21.701904 			 0.0 			 0.0			 21.701904 
g2	 38 	 21.701904 			 0.0 			 0.0			 21.701904 
g2	 39 	 21.701904 			 0.0 			 0.0			 21.701904 
g2	 40 	 21.701904 			 0.0 			 0.0			 21.701904 
g2	 41 	 32.627194 			 0.0 			 0.0			 32.627194 
g2	 42 	 21.701904 			 0.0 			 0.0			 21.701904 
g2	 43 	 21.701904 			 0.0 			 0.0			 21.701904 
g2	 44 	 21.701904 			 0.0 			 0.0			 21.701904 
g2	 45 	 -12.187594 			 0.0 			 0.0			 -12.187594 
g2	 46 	 21.779308 			 0.0 			 0.0			 21.779308 
g2	 47 	 69.815695 			 0.0 			 0.0			 69.815695 
g2	 48 	 24.444524 			 0.0 			 0.0			 24.444524 
g2	 49 	 -38.49704 			 0.0 			 0.0			 -38.49704 
g2	 50 	 82.623647 			 0.0 			 0.0			 82.623647 
g2	 51 	 165.652052 			 0.0 			 0.0			 165.652052 
g2	 52 	 88.511416 			 0.0 			 0.0			 88.511416 
g2	 53 	 -38.082368 			 0.0 			 0.0			 -38.082368 
g2	 54 	 -8.567064 			 0.0 			 0.0			 -8.567064 
g2	 55 	 -83.135976 			 0.0 			 0.0			 -83.135976 
g2	 56 	 -81.659563 			 0.0 			 0.0			 -81.659563 
g2	 57 	 20.394279 			 0.0 			 0.0			 20.394279 
g2	 58 	 57.789461 			 0.0 			 0.0			 57.789461 
g2	 59 	 -23.918077 			 0.0 			 0.0			 -23.918077 
g2	 60 	 -52.580188 			 0.0 			 0.0			 -52.580188 
g2	 61 	 54.830508 			 0.0 			 0.0			 54.830508 
g2	 62 	 286.087175 			 0.0 			 0.0			 286.087175 
g2	 63 	 27.65658 			 0.0 			 0.0			 27.65658 
g2	 64 	 -79.615224 			 0.0 			 0.0			 -79.615224 
g2	 65 	 66.843396 			 0.0 			 0.0			 66.843396 
g2	 66 	 -3.994633 			 0.0 			 0.0			 -3.994633 
g2	 67 	 -80.088497 			 0.0 			 0.0			 -80.088497 
g2	 68 	 -243.515538 			 0.0 			 0.0			 -243.515538 
g2	 69 	 -54.079291 			 0.0 			 0.0			 -54.079291 
g2	 70 	 57.415956 			 0.0 			 0.0			 57.415956 
g2	 71 	 -15.580155 			 0.0 			 0.0			 -15.580155 
g2	 72 	 3.858879 			 0.0 			 0.0			 3.858879 
g2	 73 	 -58.199472 			 0.0 			 0.0			 -58.199472 
g2	 74 	 23.39807 			 0.0 			 0.0			 23.39807 
g2	 75 	 129.577254 			 0.0 			 0.0			 129.577254 
g2	 76 	 -60.559076 			 0.0 			 0.0			 -60.559076 
g2	 77 	 64.574984 			 0.0 			 0.0			 64.574984 
g2	 78 	 -3.291556 			 0.0 			 0.0			 -3.291556 
g2	 79 	 53.976478 			 0.0 			 0.0			 53.976478 
g2	 80 	 -44.677962 			 0.0 			 0.0			 -44.677962 
g2	 81 	 -19.761435 			 0.0 			 0.0			 -19.761435 
g2	 82 	 -15.356491 			 0.0 			 0.0			 -15.356491 
g2	 83 	 -22.808539 			 0.0 			 0.0			 -22.808539 
g2	 84 	 -61.422401 			 0.0 			 0.0			 -61.422401 
g2	 85 	 -0.276581 			 0.0 			 0.0			 -0.276581 
g2	 86 	 204.522968 			 0.0 			 0.0			 204.522968 
g2	 87 	 76.176856 			 0.0 			 0.0			 76.176856 
g2	 88 	 -0.276581 			 0.0 			 0.0			 -0.276581 
g2	 89 	 21.701904 			 0.0 			 0.0			 21.701904 
g2	 90 	 21.701904 			 0.0 			 0.0			 21.701904 
g2	 91 	 21.701904 			 0.0 			 0.0			 21.701904 
g2	 92 	 21.701904 			 0.0 			 0.0			 21.701904 
g2	 93 	 0.0 			 0.0 			 0.0			 0.0 
g2	 94 	 0.0 			 0.0 			 0.0			 0.0 
g2	 95 	 0.0 			 0.0 			 0.0			 0.0 
g2	 96 	 0.0 			 0.0 			 0.0			 0.0 
----------------------------------------------------------------------------------------------------
g3	 1 	 0.0 			 0.0 			 0.0			 0.0 
g3	 2 	 0.0 			 0.0 			 0.0			 0.0 
g3	 3 	 0.0 			 0.0 			 0.0			 0.0 
g3	 4 	 0.0 			 0.0 			 0.0			 0.0 
g3	 5 	 0.0 			 0.0 			 0.0			 0.0 
g3	 6 	 0.0 			 0.0 			 0.0			 0.0 
g3	 7 	 0.0 			 0.0 			 0.0			 0.0 
g3	 8 	 0.0 			 0.0 			 0.0			 0.0 
g3	 9 	 0.0 			 0.0 			 0.0			 0.0 
g3	 10 	 0.0 			 0.0 			 0.0			 0.0 
g3	 11 	 0.0 			 0.0 			 0.0			 0.0 
g3	 12 	 0.0 			 0.0 			 0.0			 0.0 
g3	 13 	 0.0 			 0.0 			 0.0			 0.0 
g3	 14 	 0.0 			 0.0 			 0.0			 0.0 
g3	 15 	 0.0 			 0.0 			 0.0			 0.0 
g3	 16 	 0.0 			 0.0 			 0.0			 0.0 
g3	 17 	 0.0 			 0.0 			 0.0			 0.0 
g3	 18 	 0.0 			 0.0 			 0.0			 0.0 
g3	 19 	 0.0 			 0.0 			 0.0			 0.0 
g3	 20 	 0.0 			 0.0 			 0.0			 0.0 
g3	 21 	 0.0 			 0.0 			 0.0			 0.0 
g3	 22 	 0.0 			 0.0 			 0.0			 0.0 
g3	 23 	 0.0 			 0.0 			 0.0			 0.0 
g3	 24 	 0.0 			 0.0 			 0.0			 0.0 
g3	 25 	 0.0 			 0.0 			 0.0			 0.0 
g3	 26 	 0.0 			 0.0 			 0.0			 0.0 
g3	 27 	 0.0 			 0.0 			 0.0			 0.0 
g3	 28 	 0.0 			 0.0 			 0.0			 0.0 
g3	 29 	 0.0 			 0.0 			 0.0			 0.0 
g3	 30 	 0.0 			 0.0 			 0.0			 0.0 
g3	 31 	 0.0 			 0.0 			 0.0			 0.0 
g3	 32 	 0.0 			 0.0 			 0.0			 0.0 
g3	 33 	 0.0 			 0.0 			 0.0			 0.0 
g3	 34 	 0.0 			 0.0 			 0.0			 0.0 
g3	 35 	 0.0 			 0.0 			 0.0			 0.0 
g3	 36 	 0.0 			 0.0 			 0.0			 0.0 
g3	 37 	 0.0 			 0.0 			 0.0			 0.0 
g3	 38 	 0.0 			 0.0 			 0.0			 0.0 
g3	 39 	 0.0 			 0.0 			 0.0			 0.0 
g3	 40 	 0.0 			 0.0 			 0.0			 0.0 
g3	 41 	 0.0 			 0.0 			 0.0			 0.0 
g3	 42 	 0.0 			 0.0 			 0.0			 0.0 
g3	 43 	 0.0 			 0.0 			 0.0			 0.0 
g3	 44 	 0.0 			 0.0 			 0.0			 0.0 
g3	 45 	 0.0 			 0.0 			 0.0			 0.0 
g3	 46 	 0.0 			 0.0 			 0.0			 0.0 
g3	 47 	 0.0 			 0.0 			 0.0			 0.0 
g3	 48 	 0.0 			 0.0 			 0.0			 0.0 
g3	 49 	 0.0 			 0.0 			 0.0			 0.0 
g3	 50 	 0.0 			 0.0 			 0.0			 0.0 
g3	 51 	 0.0 			 0.0 			 0.0			 0.0 
g3	 52 	 0.0 			 0.0 			 0.0			 0.0 
g3	 53 	 0.0 			 0.0 			 0.0			 0.0 
g3	 54 	 0.0 			 0.0 			 0.0			 0.0 
g3	 55 	 0.0 			 0.0 			 0.0			 0.0 
g3	 56 	 0.0 			 0.0 			 0.0			 0.0 
g3	 57 	 0.0 			 0.0 			 0.0			 0.0 
g3	 58 	 0.0 			 0.0 			 0.0			 0.0 
g3	 59 	 0.0 			 0.0 			 0.0			 0.0 
g3	 60 	 0.0 			 0.0 			 0.0			 0.0 
g3	 61 	 0.0 			 0.0 			 0.0			 0.0 
g3	 62 	 0.0 			 0.0 			 0.0			 0.0 
g3	 63 	 0.0 			 0.0 			 0.0			 0.0 
g3	 64 	 0.0 			 0.0 			 0.0			 0.0 
g3	 65 	 0.0 			 0.0 			 0.0			 0.0 
g3	 66 	 0.0 			 0.0 			 0.0			 0.0 
g3	 67 	 0.0 			 0.0 			 0.0			 0.0 
g3	 68 	 0.0 			 0.0 			 0.0			 0.0 
g3	 69 	 0.0 			 0.0 			 0.0			 0.0 
g3	 70 	 0.0 			 0.0 			 0.0			 0.0 
g3	 71 	 0.0 			 0.0 			 0.0			 0.0 
g3	 72 	 0.0 			 0.0 			 0.0			 0.0 
g3	 73 	 0.0 			 0.0 			 0.0			 0.0 
g3	 74 	 0.0 			 0.0 			 0.0			 0.0 
g3	 75 	 0.0 			 0.0 			 0.0			 0.0 
g3	 76 	 0.0 			 0.0 			 0.0			 0.0 
g3	 77 	 0.0 			 0.0 			 0.0			 0.0 
g3	 78 	 0.0 			 0.0 			 0.0			 0.0 
g3	 79 	 0.0 			 0.0 			 0.0			 0.0 
g3	 80 	 0.0 			 0.0 			 0.0			 0.0 
g3	 81 	 0.0 			 0.0 			 0.0			 0.0 
g3	 82 	 0.0 			 0.0 			 0.0			 0.0 
g3	 83 	 0.0 			 0.0 			 0.0			 0.0 
g3	 84 	 0.0 			 0.0 			 0.0			 0.0 
g3	 85 	 0.0 			 0.0 			 0.0			 0.0 
g3	 86 	 0.0 			 0.0 			 0.0			 0.0 
g3	 87 	 0.0 			 0.0 			 0.0			 0.0 
g3	 88 	 0.0 			 0.0 			 0.0			 0.0 
g3	 89 	 0.0 			 0.0 			 0.0			 0.0 
g3	 90 	 0.0 			 0.0 			 0.0			 0.0 
g3	 91 	 0.0 			 0.0 			 0.0			 0.0 
g3	 92 	 0.0 			 0.0 			 0.0			 0.0 
g3	 93 	 0.0 			 0.0 			 0.0			 0.0 
g3	 94 	 0.0 			 0.0 			 0.0			 0.0 
g3	 95 	 0.0 			 0.0 			 0.0			 0.0 
g3	 96 	 0.0 			 0.0 			 0.0			 0.0 
----------------------------------------------------------------------------------------------------
g4	 1 	 0.0 			 0.0 			 0.0			 0.0 
g4	 2 	 0.0 			 0.0 			 0.0			 0.0 
g4	 3 	 0.0 			 0.0 			 0.0			 0.0 
g4	 4 	 0.0 			 0.0 			 0.0			 0.0 
g4	 5 	 0.0 			 0.0 			 0.0			 0.0 
g4	 6 	 0.0 			 0.0 			 0.0			 0.0 
g4	 7 	 0.0 			 0.0 			 0.0			 0.0 
g4	 8 	 0.0 			 0.0 			 0.0			 0.0 
g4	 9 	 0.0 			 0.0 			 0.0			 0.0 
g4	 10 	 0.0 			 0.0 			 0.0			 0.0 
g4	 11 	 0.0 			 0.0 			 0.0			 0.0 
g4	 12 	 0.0 			 0.0 			 0.0			 0.0 
g4	 13 	 0.0 			 0.0 			 0.0			 0.0 
g4	 14 	 0.0 			 0.0 			 0.0			 0.0 
g4	 15 	 0.0 			 0.0 			 0.0			 0.0 
g4	 16 	 0.0 			 0.0 			 0.0			 0.0 
g4	 17 	 0.0 			 0.0 			 0.0			 0.0 
g4	 18 	 0.0 			 0.0 			 0.0			 0.0 
g4	 19 	 0.0 			 0.0 			 0.0			 0.0 
g4	 20 	 0.0 			 0.0 			 0.0			 0.0 
g4	 21 	 0.0 			 0.0 			 0.0			 0.0 
g4	 22 	 0.0 			 0.0 			 0.0			 0.0 
g4	 23 	 0.0 			 0.0 			 0.0			 0.0 
g4	 24 	 0.0 			 0.0 			 0.0			 0.0 
g4	 25 	 0.0 			 0.0 			 0.0			 0.0 
g4	 26 	 0.0 			 0.0 			 0.0			 0.0 
g4	 27 	 0.0 			 0.0 			 0.0			 0.0 
g4	 28 	 0.0 			 0.0 			 0.0			 0.0 
g4	 29 	 0.0 			 0.0 			 0.0			 0.0 
g4	 30 	 0.0 			 0.0 			 0.0			 0.0 
g4	 31 	 0.0 			 0.0 			 0.0			 0.0 
g4	 32 	 0.0 			 0.0 			 0.0			 0.0 
g4	 33 	 0.0 			 0.0 			 0.0			 0.0 
g4	 34 	 0.0 			 0.0 			 0.0			 0.0 
g4	 35 	 0.0 			 0.0 			 0.0			 0.0 
g4	 36 	 0.0 			 0.0 			 0.0			 0.0 
g4	 37 	 0.0 			 0.0 			 0.0			 0.0 
g4	 38 	 0.0 			 0.0 			 0.0			 0.0 
g4	 39 	 0.0 			 0.0 			 0.0			 0.0 
g4	 40 	 0.0 			 0.0 			 0.0			 0.0 
g4	 41 	 0.0 			 0.0 			 0.0			 0.0 
g4	 42 	 0.0 			 0.0 			 0.0			 0.0 
g4	 43 	 0.0 			 0.0 			 0.0			 0.0 
g4	 44 	 0.0 			 0.0 			 0.0			 0.0 
g4	 45 	 0.0 			 0.0 			 0.0			 0.0 
g4	 46 	 0.0 			 0.0 			 0.0			 0.0 
g4	 47 	 0.0 			 0.0 			 0.0			 0.0 
g4	 48 	 0.0 			 0.0 			 0.0			 0.0 
g4	 49 	 0.0 			 0.0 			 0.0			 0.0 
g4	 50 	 0.0 			 0.0 			 0.0			 0.0 
g4	 51 	 0.0 			 0.0 			 0.0			 0.0 
g4	 52 	 0.0 			 0.0 			 0.0			 0.0 
g4	 53 	 0.0 			 0.0 			 0.0			 0.0 
g4	 54 	 0.0 			 0.0 			 0.0			 0.0 
g4	 55 	 0.0 			 0.0 			 0.0			 0.0 
g4	 56 	 0.0 			 0.0 			 0.0			 0.0 
g4	 57 	 0.0 			 0.0 			 0.0			 0.0 
g4	 58 	 0.0 			 0.0 			 0.0			 0.0 
g4	 59 	 0.0 			 0.0 			 0.0			 0.0 
g4	 60 	 0.0 			 0.0 			 0.0			 0.0 
g4	 61 	 0.0 			 0.0 			 0.0			 0.0 
g4	 62 	 0.0 			 0.0 			 0.0			 0.0 
g4	 63 	 0.0 			 0.0 			 0.0			 0.0 
g4	 64 	 0.0 			 0.0 			 0.0			 0.0 
g4	 65 	 0.0 			 0.0 			 0.0			 0.0 
g4	 66 	 0.0 			 0.0 			 0.0			 0.0 
g4	 67 	 0.0 			 0.0 			 0.0			 0.0 
g4	 68 	 0.0 			 0.0 			 0.0			 0.0 
g4	 69 	 0.0 			 0.0 			 0.0			 0.0 
g4	 70 	 0.0 			 0.0 			 0.0			 0.0 
g4	 71 	 0.0 			 0.0 			 0.0			 0.0 
g4	 72 	 0.0 			 0.0 			 0.0			 0.0 
g4	 73 	 0.0 			 0.0 			 0.0			 0.0 
g4	 74 	 0.0 			 0.0 			 0.0			 0.0 
g4	 75 	 0.0 			 0.0 			 0.0			 0.0 
g4	 76 	 0.0 			 0.0 			 0.0			 0.0 
g4	 77 	 0.0 			 0.0 			 0.0			 0.0 
g4	 78 	 0.0 			 0.0 			 0.0			 0.0 
g4	 79 	 0.0 			 0.0 			 0.0			 0.0 
g4	 80 	 0.0 			 0.0 			 0.0			 0.0 
g4	 81 	 0.0 			 0.0 			 0.0			 0.0 
g4	 82 	 0.0 			 0.0 			 0.0			 0.0 
g4	 83 	 0.0 			 0.0 			 0.0			 0.0 
g4	 84 	 0.0 			 0.0 			 0.0			 0.0 
g4	 85 	 0.0 			 0.0 			 0.0			 0.0 
g4	 86 	 0.0 			 0.0 			 0.0			 0.0 
g4	 87 	 0.0 			 0.0 			 0.0			 0.0 
g4	 88 	 0.0 			 0.0 			 0.0			 0.0 
g4	 89 	 0.0 			 0.0 			 0.0			 0.0 
g4	 90 	 0.0 			 0.0 			 0.0			 0.0 
g4	 91 	 0.0 			 0.0 			 0.0			 0.0 
g4	 92 	 0.0 			 0.0 			 0.0			 0.0 
g4	 93 	 0.0 			 0.0 			 0.0			 0.0 
g4	 94 	 0.0 			 0.0 			 0.0			 0.0 
g4	 95 	 0.0 			 0.0 			 0.0			 0.0 
g4	 96 	 0.0 			 0.0 			 0.0			 0.0 
----------------------------------------------------------------------------------------------------
g5	 1 	 0.0 			 0.0 			 0.0			 0.0 
g5	 2 	 0.0 			 0.0 			 0.0			 0.0 
g5	 3 	 0.0 			 0.0 			 0.0			 0.0 
g5	 4 	 0.0 			 0.0 			 0.0			 0.0 
g5	 5 	 0.0 			 0.0 			 0.0			 0.0 
g5	 6 	 0.0 			 0.0 			 0.0			 0.0 
g5	 7 	 0.0 			 0.0 			 0.0			 0.0 
g5	 8 	 0.0 			 0.0 			 0.0			 0.0 
g5	 9 	 0.0 			 0.0 			 0.0			 0.0 
g5	 10 	 0.0 			 0.0 			 0.0			 0.0 
g5	 11 	 0.0 			 0.0 			 0.0			 0.0 
g5	 12 	 0.0 			 0.0 			 0.0			 0.0 
g5	 13 	 0.0 			 0.0 			 0.0			 0.0 
g5	 14 	 0.0 			 0.0 			 0.0			 0.0 
g5	 15 	 0.0 			 0.0 			 0.0			 0.0 
g5	 16 	 0.0 			 0.0 			 0.0			 0.0 
g5	 17 	 0.0 			 0.0 			 0.0			 0.0 
g5	 18 	 0.0 			 0.0 			 0.0			 0.0 
g5	 19 	 0.0 			 0.0 			 0.0			 0.0 
g5	 20 	 0.0 			 0.0 			 0.0			 0.0 
g5	 21 	 0.0 			 0.0 			 0.0			 0.0 
g5	 22 	 0.0 			 0.0 			 0.0			 0.0 
g5	 23 	 0.0 			 0.0 			 0.0			 0.0 
g5	 24 	 0.0 			 0.0 			 0.0			 0.0 
g5	 25 	 0.0 			 0.0 			 0.0			 0.0 
g5	 26 	 0.0 			 0.0 			 0.0			 0.0 
g5	 27 	 0.0 			 0.0 			 0.0			 0.0 
g5	 28 	 0.0 			 0.0 			 0.0			 0.0 
g5	 29 	 0.0 			 0.0 			 0.0			 0.0 
g5	 30 	 0.0 			 0.0 			 0.0			 0.0 
g5	 31 	 0.0 			 0.0 			 0.0			 0.0 
g5	 32 	 0.0 			 0.0 			 0.0			 0.0 
g5	 33 	 0.0 			 0.0 			 0.0			 0.0 
g5	 34 	 0.0 			 0.0 			 0.0			 0.0 
g5	 35 	 0.0 			 0.0 			 0.0			 0.0 
g5	 36 	 0.0 			 0.0 			 0.0			 0.0 
g5	 37 	 0.0 			 0.0 			 0.0			 0.0 
g5	 38 	 0.0 			 0.0 			 0.0			 0.0 
g5	 39 	 0.0 			 0.0 			 0.0			 0.0 
g5	 40 	 0.0 			 0.0 			 0.0			 0.0 
g5	 41 	 0.0 			 0.0 			 0.0			 0.0 
g5	 42 	 0.0 			 0.0 			 0.0			 0.0 
g5	 43 	 0.0 			 0.0 			 0.0			 0.0 
g5	 44 	 0.0 			 0.0 			 0.0			 0.0 
g5	 45 	 0.0 			 0.0 			 0.0			 0.0 
g5	 46 	 0.0 			 0.0 			 0.0			 0.0 
g5	 47 	 0.0 			 0.0 			 0.0			 0.0 
g5	 48 	 0.0 			 0.0 			 0.0			 0.0 
g5	 49 	 0.0 			 0.0 			 0.0			 0.0 
g5	 50 	 0.0 			 0.0 			 0.0			 0.0 
g5	 51 	 0.0 			 0.0 			 0.0			 0.0 
g5	 52 	 0.0 			 0.0 			 0.0			 0.0 
g5	 53 	 0.0 			 0.0 			 0.0			 0.0 
g5	 54 	 0.0 			 0.0 			 0.0			 0.0 
g5	 55 	 0.0 			 0.0 			 0.0			 0.0 
g5	 56 	 0.0 			 0.0 			 0.0			 0.0 
g5	 57 	 0.0 			 0.0 			 0.0			 0.0 
g5	 58 	 0.0 			 0.0 			 0.0			 0.0 
g5	 59 	 0.0 			 0.0 			 0.0			 0.0 
g5	 60 	 0.0 			 0.0 			 0.0			 0.0 
g5	 61 	 0.0 			 0.0 			 0.0			 0.0 
g5	 62 	 0.0 			 0.0 			 0.0			 0.0 
g5	 63 	 0.0 			 0.0 			 0.0			 0.0 
g5	 64 	 0.0 			 0.0 			 0.0			 0.0 
g5	 65 	 0.0 			 0.0 			 0.0			 0.0 
g5	 66 	 0.0 			 0.0 			 0.0			 0.0 
g5	 67 	 0.0 			 0.0 			 0.0			 0.0 
g5	 68 	 0.0 			 0.0 			 0.0			 0.0 
g5	 69 	 0.0 			 0.0 			 0.0			 0.0 
g5	 70 	 0.0 			 0.0 			 0.0			 0.0 
g5	 71 	 0.0 			 0.0 			 0.0			 0.0 
g5	 72 	 0.0 			 0.0 			 0.0			 0.0 
g5	 73 	 0.0 			 0.0 			 0.0			 0.0 
g5	 74 	 0.0 			 0.0 			 0.0			 0.0 
g5	 75 	 0.0 			 0.0 			 0.0			 0.0 
g5	 76 	 0.0 			 0.0 			 0.0			 0.0 
g5	 77 	 0.0 			 0.0 			 0.0			 0.0 
g5	 78 	 0.0 			 0.0 			 0.0			 0.0 
g5	 79 	 0.0 			 0.0 			 0.0			 0.0 
g5	 80 	 0.0 			 0.0 			 0.0			 0.0 
g5	 81 	 0.0 			 0.0 			 0.0			 0.0 
g5	 82 	 0.0 			 0.0 			 0.0			 0.0 
g5	 83 	 0.0 			 0.0 			 0.0			 0.0 
g5	 84 	 0.0 			 0.0 			 0.0			 0.0 
g5	 85 	 0.0 			 0.0 			 0.0			 0.0 
g5	 86 	 0.0 			 0.0 			 0.0			 0.0 
g5	 87 	 0.0 			 0.0 			 0.0			 0.0 
g5	 88 	 0.0 			 0.0 			 0.0			 0.0 
g5	 89 	 0.0 			 0.0 			 0.0			 0.0 
g5	 90 	 0.0 			 0.0 			 0.0			 0.0 
g5	 91 	 0.0 			 0.0 			 0.0			 0.0 
g5	 92 	 0.0 			 0.0 			 0.0			 0.0 
g5	 93 	 0.0 			 0.0 			 0.0			 0.0 
g5	 94 	 0.0 			 0.0 			 0.0			 0.0 
g5	 95 	 0.0 			 0.0 			 0.0			 0.0 
g5	 96 	 0.0 			 0.0 			 0.0			 0.0 
----------------------------------------------------------------------------------------------------------------
unit 	 generation payment 	 up-FRP payment 	 dw-FRP payment 	pre-up total payment
----------------------------------------------------------------------------------------------------------------
 g1 	 16895.304506			 0.000000			 0.000000			 16895.304506
 g2 	 749.146322			 0.000000			 0.000000			 749.146322
 g3 	 0.000000			 0.000000			 0.000000			 0.000000
 g4 	 0.000000			 0.000000			 0.000000			 0.000000
 g5 	 0.000000			 0.000000			 0.000000			 0.000000
----------------------------------------------------------------------------------------------------
generation payment 	 up-FRP payment 	 dw-FRP payment 	 pre-up total payment
----------------------------------------------------------------------------------------------------
17644.450828 			 0.0 			 0.0 			 17644.450828
 
****************************************************************************************************
 
Generation costs
----------------------------------------------------------------------------------------------------
unit	 time 	 generation cost 	 start-up cost  	total cost
----------------------------------------------------------------------------------------------------
g1	 1 	 2462.30138 			 0.0 			2462.30138
g1	 2 	 2402.419131 			 0.0 			2402.419131
g1	 3 	 2388.110327 			 0.0 			2388.110327
g1	 4 	 2367.456602 			 0.0 			2367.456602
g1	 5 	 2262.010011 			 0.0 			2262.010011
g1	 6 	 2311.059426 			 0.0 			2311.059426
g1	 7 	 2264.437122 			 0.0 			2264.437122
g1	 8 	 2292.06761 			 0.0 			2292.06761
g1	 9 	 2160.982188 			 0.0 			2160.982188
g1	 10 	 2108.615639 			 0.0 			2108.615639
g1	 11 	 2133.375437 			 0.0 			2133.375437
g1	 12 	 2205.390979 			 0.0 			2205.390979
g1	 13 	 2104.734879 			 0.0 			2104.734879
g1	 14 	 2108.349709 			 0.0 			2108.349709
g1	 15 	 2132.917766 			 0.0 			2132.917766
g1	 16 	 2195.593332 			 0.0 			2195.593332
g1	 17 	 2172.11408 			 0.0 			2172.11408
g1	 18 	 2117.786307 			 0.0 			2117.786307
g1	 19 	 2118.503797 			 0.0 			2118.503797
g1	 20 	 2129.929987 			 0.0 			2129.929987
g1	 21 	 2235.926653 			 0.0 			2235.926653
g1	 22 	 2185.46774 			 0.0 			2185.46774
g1	 23 	 2262.443644 			 0.0 			2262.443644
g1	 24 	 2259.898525 			 0.0 			2259.898525
g1	 25 	 2455.56921 			 0.0 			2455.56921
g1	 26 	 2430.458283 			 0.0 			2430.458283
g1	 27 	 2419.10362 			 0.0 			2419.10362
g1	 28 	 2529.995299 			 0.0 			2529.995299
g1	 29 	 2652.533161 			 0.0 			2652.533161
g1	 30 	 2666.907864 			 0.0 			2666.907864
g1	 31 	 2654.15009 			 0.0 			2654.15009
g1	 32 	 2719.802318 			 0.0 			2719.802318
g1	 33 	 2872.948202 			 0.0 			2872.948202
g1	 34 	 2837.880229 			 0.0 			2837.880229
g1	 35 	 2890.087599 			 0.0 			2890.087599
g1	 36 	 2790.874913 			 0.0 			2790.874913
g1	 37 	 2668.581437 			 0.0 			2668.581437
g1	 38 	 2768.255055 			 0.0 			2768.255055
g1	 39 	 2750.737564 			 0.0 			2750.737564
g1	 40 	 2797.57682 			 0.0 			2797.57682
g1	 41 	 3058.233409 			 0.0 			3058.233409
g1	 42 	 2947.269529 			 0.0 			2947.269529
g1	 43 	 2910.879992 			 0.0 			2910.879992
g1	 44 	 3036.914776 			 0.0 			3036.914776
g1	 45 	 3058.233409 			 0.0 			3058.233409
g1	 46 	 3058.233409 			 0.0 			3058.233409
g1	 47 	 3058.233409 			 0.0 			3058.233409
g1	 48 	 3058.233409 			 0.0 			3058.233409
g1	 49 	 3058.233409 			 0.0 			3058.233409
g1	 50 	 3058.233409 			 0.0 			3058.233409
g1	 51 	 3058.233409 			 0.0 			3058.233409
g1	 52 	 3058.233409 			 0.0 			3058.233409
g1	 53 	 3058.233409 			 0.0 			3058.233409
g1	 54 	 3058.233409 			 0.0 			3058.233409
g1	 55 	 3058.233409 			 0.0 			3058.233409
g1	 56 	 3058.233409 			 0.0 			3058.233409
g1	 57 	 3058.233409 			 0.0 			3058.233409
g1	 58 	 3058.233409 			 0.0 			3058.233409
g1	 59 	 3058.233409 			 0.0 			3058.233409
g1	 60 	 3058.233409 			 0.0 			3058.233409
g1	 61 	 3058.233409 			 0.0 			3058.233409
g1	 62 	 3058.233409 			 0.0 			3058.233409
g1	 63 	 3058.233409 			 0.0 			3058.233409
g1	 64 	 3058.233409 			 0.0 			3058.233409
g1	 65 	 3058.233409 			 0.0 			3058.233409
g1	 66 	 3058.233409 			 0.0 			3058.233409
g1	 67 	 3058.233409 			 0.0 			3058.233409
g1	 68 	 3058.233409 			 0.0 			3058.233409
g1	 69 	 3058.233409 			 0.0 			3058.233409
g1	 70 	 3058.233409 			 0.0 			3058.233409
g1	 71 	 3058.233409 			 0.0 			3058.233409
g1	 72 	 3058.233409 			 0.0 			3058.233409
g1	 73 	 3058.233409 			 0.0 			3058.233409
g1	 74 	 3058.233409 			 0.0 			3058.233409
g1	 75 	 3058.233409 			 0.0 			3058.233409
g1	 76 	 3058.233409 			 0.0 			3058.233409
g1	 77 	 3058.233409 			 0.0 			3058.233409
g1	 78 	 3058.233409 			 0.0 			3058.233409
g1	 79 	 3058.233409 			 0.0 			3058.233409
g1	 80 	 3058.233409 			 0.0 			3058.233409
g1	 81 	 3058.233409 			 0.0 			3058.233409
g1	 82 	 3058.233409 			 0.0 			3058.233409
g1	 83 	 3058.233409 			 0.0 			3058.233409
g1	 84 	 3058.233409 			 0.0 			3058.233409
g1	 85 	 3046.961442 			 0.0 			3046.961442
g1	 86 	 3058.233409 			 0.0 			3058.233409
g1	 87 	 3058.233409 			 0.0 			3058.233409
g1	 88 	 3005.575042 			 0.0 			3005.575042
g1	 89 	 2798.424882 			 0.0 			2798.424882
g1	 90 	 2846.104998 			 0.0 			2846.104998
g1	 91 	 2699.968949 			 0.0 			2699.968949
g1	 92 	 2753.482291 			 0.0 			2753.482291
g1	 93 	 2698.155725 			 0.0 			2698.155725
g1	 94 	 2794.516123 			 0.0 			2794.516123
g1	 95 	 2794.582272 			 0.0 			2794.582272
g1	 96 	 2760.59751 			 0.0 			2760.59751
----------------------------------------------------------------------------------------------------
g2	 1 	 0.0 			 0.0 			0.0
g2	 2 	 0.0 			 0.0 			0.0
g2	 3 	 0.0 			 0.0 			0.0
g2	 4 	 0.0 			 0.0 			0.0
g2	 5 	 0.0 			 0.0 			0.0
g2	 6 	 0.0 			 0.0 			0.0
g2	 7 	 0.0 			 0.0 			0.0
g2	 8 	 0.0 			 0.0 			0.0
g2	 9 	 0.0 			 0.0 			0.0
g2	 10 	 0.0 			 0.0 			0.0
g2	 11 	 0.0 			 0.0 			0.0
g2	 12 	 0.0 			 0.0 			0.0
g2	 13 	 0.0 			 0.0 			0.0
g2	 14 	 0.0 			 0.0 			0.0
g2	 15 	 0.0 			 0.0 			0.0
g2	 16 	 0.0 			 0.0 			0.0
g2	 17 	 0.0 			 0.0 			0.0
g2	 18 	 0.0 			 0.0 			0.0
g2	 19 	 0.0 			 0.0 			0.0
g2	 20 	 0.0 			 0.0 			0.0
g2	 21 	 0.0 			 0.0 			0.0
g2	 22 	 0.0 			 0.0 			0.0
g2	 23 	 0.0 			 0.0 			0.0
g2	 24 	 0.0 			 0.0 			0.0
g2	 25 	 0.0 			 0.0 			0.0
g2	 26 	 0.0 			 0.0 			0.0
g2	 27 	 0.0 			 0.0 			0.0
g2	 28 	 0.0 			 0.0 			0.0
g2	 29 	 0.0 			 0.0 			0.0
g2	 30 	 0.0 			 0.0 			0.0
g2	 31 	 0.0 			 0.0 			0.0
g2	 32 	 0.0 			 0.0 			0.0
g2	 33 	 0.0 			 0.0 			0.0
g2	 34 	 0.0 			 0.0 			0.0
g2	 35 	 0.0 			 0.0 			0.0
g2	 36 	 0.0 			 0.0 			0.0
g2	 37 	 534.771644 			 10598.13 			11132.901644
g2	 38 	 534.771644 			 0.0 			534.771644
g2	 39 	 534.771644 			 0.0 			534.771644
g2	 40 	 534.771644 			 0.0 			534.771644
g2	 41 	 544.407236 			 0.0 			544.407236
g2	 42 	 534.771644 			 0.0 			534.771644
g2	 43 	 534.771644 			 0.0 			534.771644
g2	 44 	 534.771644 			 0.0 			534.771644
g2	 45 	 618.206267 			 0.0 			618.206267
g2	 46 	 652.173168 			 0.0 			652.173168
g2	 47 	 700.209554 			 0.0 			700.209554
g2	 48 	 654.838392 			 0.0 			654.838392
g2	 49 	 766.084167 			 0.0 			766.084167
g2	 50 	 880.857353 			 0.0 			880.857353
g2	 51 	 963.885756 			 0.0 			963.885756
g2	 52 	 886.745124 			 0.0 			886.745124
g2	 53 	 912.162533 			 0.0 			912.162533
g2	 54 	 941.677843 			 0.0 			941.677843
g2	 55 	 867.108932 			 0.0 			867.108932
g2	 56 	 868.585344 			 0.0 			868.585344
g2	 57 	 1069.384479 			 0.0 			1069.384479
g2	 58 	 1106.779658 			 0.0 			1106.779658
g2	 59 	 1025.072119 			 0.0 			1025.072119
g2	 60 	 996.410008 			 0.0 			996.410008
g2	 61 	 1149.091695 			 0.0 			1149.091695
g2	 62 	 1361.528845 			 0.0 			1361.528845
g2	 63 	 1121.917766 			 0.0 			1121.917766
g2	 64 	 1014.64596 			 0.0 			1014.64596
g2	 65 	 1222.404542 			 0.0 			1222.404542
g2	 66 	 1159.523107 			 0.0 			1159.523107
g2	 67 	 1083.429245 			 0.0 			1083.429245
g2	 68 	 920.002209 			 0.0 			920.002209
g2	 69 	 1084.10327 			 0.0 			1084.10327
g2	 70 	 1195.598524 			 0.0 			1195.598524
g2	 71 	 1122.602411 			 0.0 			1122.602411
g2	 72 	 1142.041447 			 0.0 			1142.041447
g2	 73 	 906.374529 			 0.0 			906.374529
g2	 74 	 987.972065 			 0.0 			987.972065
g2	 75 	 1094.151243 			 0.0 			1094.151243
g2	 76 	 904.014919 			 0.0 			904.014919
g2	 77 	 891.882025 			 0.0 			891.882025
g2	 78 	 827.054413 			 0.0 			827.054413
g2	 79 	 881.283519 			 0.0 			881.283519
g2	 80 	 785.668006 			 0.0 			785.668006
g2	 81 	 764.944071 			 0.0 			764.944071
g2	 82 	 769.349014 			 0.0 			769.349014
g2	 83 	 761.896961 			 0.0 			761.896961
g2	 84 	 723.283098 			 0.0 			723.283098
g2	 85 	 534.771644 			 0.0 			534.771644
g2	 86 	 739.587628 			 0.0 			739.587628
g2	 87 	 611.241517 			 0.0 			611.241517
g2	 88 	 534.771644 			 0.0 			534.771644
g2	 89 	 534.771644 			 0.0 			534.771644
g2	 90 	 534.771644 			 0.0 			534.771644
g2	 91 	 534.771644 			 0.0 			534.771644
g2	 92 	 534.771644 			 0.0 			534.771644
g2	 93 	 0.0 			 0.0 			0.0
g2	 94 	 0.0 			 0.0 			0.0
g2	 95 	 0.0 			 0.0 			0.0
g2	 96 	 0.0 			 0.0 			0.0
----------------------------------------------------------------------------------------------------
g3	 1 	 0.0 			 0.0 			0.0
g3	 2 	 0.0 			 0.0 			0.0
g3	 3 	 0.0 			 0.0 			0.0
g3	 4 	 0.0 			 0.0 			0.0
g3	 5 	 0.0 			 0.0 			0.0
g3	 6 	 0.0 			 0.0 			0.0
g3	 7 	 0.0 			 0.0 			0.0
g3	 8 	 0.0 			 0.0 			0.0
g3	 9 	 0.0 			 0.0 			0.0
g3	 10 	 0.0 			 0.0 			0.0
g3	 11 	 0.0 			 0.0 			0.0
g3	 12 	 0.0 			 0.0 			0.0
g3	 13 	 0.0 			 0.0 			0.0
g3	 14 	 0.0 			 0.0 			0.0
g3	 15 	 0.0 			 0.0 			0.0
g3	 16 	 0.0 			 0.0 			0.0
g3	 17 	 0.0 			 0.0 			0.0
g3	 18 	 0.0 			 0.0 			0.0
g3	 19 	 0.0 			 0.0 			0.0
g3	 20 	 0.0 			 0.0 			0.0
g3	 21 	 0.0 			 0.0 			0.0
g3	 22 	 0.0 			 0.0 			0.0
g3	 23 	 0.0 			 0.0 			0.0
g3	 24 	 0.0 			 0.0 			0.0
g3	 25 	 0.0 			 0.0 			0.0
g3	 26 	 0.0 			 0.0 			0.0
g3	 27 	 0.0 			 0.0 			0.0
g3	 28 	 0.0 			 0.0 			0.0
g3	 29 	 0.0 			 0.0 			0.0
g3	 30 	 0.0 			 0.0 			0.0
g3	 31 	 0.0 			 0.0 			0.0
g3	 32 	 0.0 			 0.0 			0.0
g3	 33 	 0.0 			 0.0 			0.0
g3	 34 	 0.0 			 0.0 			0.0
g3	 35 	 0.0 			 0.0 			0.0
g3	 36 	 0.0 			 0.0 			0.0
g3	 37 	 0.0 			 0.0 			0.0
g3	 38 	 0.0 			 0.0 			0.0
g3	 39 	 0.0 			 0.0 			0.0
g3	 40 	 0.0 			 0.0 			0.0
g3	 41 	 0.0 			 0.0 			0.0
g3	 42 	 0.0 			 0.0 			0.0
g3	 43 	 0.0 			 0.0 			0.0
g3	 44 	 0.0 			 0.0 			0.0
g3	 45 	 0.0 			 0.0 			0.0
g3	 46 	 0.0 			 0.0 			0.0
g3	 47 	 0.0 			 0.0 			0.0
g3	 48 	 0.0 			 0.0 			0.0
g3	 49 	 0.0 			 0.0 			0.0
g3	 50 	 0.0 			 0.0 			0.0
g3	 51 	 0.0 			 0.0 			0.0
g3	 52 	 0.0 			 0.0 			0.0
g3	 53 	 0.0 			 0.0 			0.0
g3	 54 	 0.0 			 0.0 			0.0
g3	 55 	 0.0 			 0.0 			0.0
g3	 56 	 0.0 			 0.0 			0.0
g3	 57 	 0.0 			 0.0 			0.0
g3	 58 	 0.0 			 0.0 			0.0
g3	 59 	 0.0 			 0.0 			0.0
g3	 60 	 0.0 			 0.0 			0.0
g3	 61 	 0.0 			 0.0 			0.0
g3	 62 	 0.0 			 0.0 			0.0
g3	 63 	 0.0 			 0.0 			0.0
g3	 64 	 0.0 			 0.0 			0.0
g3	 65 	 0.0 			 0.0 			0.0
g3	 66 	 0.0 			 0.0 			0.0
g3	 67 	 0.0 			 0.0 			0.0
g3	 68 	 0.0 			 0.0 			0.0
g3	 69 	 0.0 			 0.0 			0.0
g3	 70 	 0.0 			 0.0 			0.0
g3	 71 	 0.0 			 0.0 			0.0
g3	 72 	 0.0 			 0.0 			0.0
g3	 73 	 0.0 			 0.0 			0.0
g3	 74 	 0.0 			 0.0 			0.0
g3	 75 	 0.0 			 0.0 			0.0
g3	 76 	 0.0 			 0.0 			0.0
g3	 77 	 0.0 			 0.0 			0.0
g3	 78 	 0.0 			 0.0 			0.0
g3	 79 	 0.0 			 0.0 			0.0
g3	 80 	 0.0 			 0.0 			0.0
g3	 81 	 0.0 			 0.0 			0.0
g3	 82 	 0.0 			 0.0 			0.0
g3	 83 	 0.0 			 0.0 			0.0
g3	 84 	 0.0 			 0.0 			0.0
g3	 85 	 0.0 			 0.0 			0.0
g3	 86 	 0.0 			 0.0 			0.0
g3	 87 	 0.0 			 0.0 			0.0
g3	 88 	 0.0 			 0.0 			0.0
g3	 89 	 0.0 			 0.0 			0.0
g3	 90 	 0.0 			 0.0 			0.0
g3	 91 	 0.0 			 0.0 			0.0
g3	 92 	 0.0 			 0.0 			0.0
g3	 93 	 0.0 			 0.0 			0.0
g3	 94 	 0.0 			 0.0 			0.0
g3	 95 	 0.0 			 0.0 			0.0
g3	 96 	 0.0 			 0.0 			0.0
----------------------------------------------------------------------------------------------------
g4	 1 	 0.0 			 0.0 			0.0
g4	 2 	 0.0 			 0.0 			0.0
g4	 3 	 0.0 			 0.0 			0.0
g4	 4 	 0.0 			 0.0 			0.0
g4	 5 	 0.0 			 0.0 			0.0
g4	 6 	 0.0 			 0.0 			0.0
g4	 7 	 0.0 			 0.0 			0.0
g4	 8 	 0.0 			 0.0 			0.0
g4	 9 	 0.0 			 0.0 			0.0
g4	 10 	 0.0 			 0.0 			0.0
g4	 11 	 0.0 			 0.0 			0.0
g4	 12 	 0.0 			 0.0 			0.0
g4	 13 	 0.0 			 0.0 			0.0
g4	 14 	 0.0 			 0.0 			0.0
g4	 15 	 0.0 			 0.0 			0.0
g4	 16 	 0.0 			 0.0 			0.0
g4	 17 	 0.0 			 0.0 			0.0
g4	 18 	 0.0 			 0.0 			0.0
g4	 19 	 0.0 			 0.0 			0.0
g4	 20 	 0.0 			 0.0 			0.0
g4	 21 	 0.0 			 0.0 			0.0
g4	 22 	 0.0 			 0.0 			0.0
g4	 23 	 0.0 			 0.0 			0.0
g4	 24 	 0.0 			 0.0 			0.0
g4	 25 	 0.0 			 0.0 			0.0
g4	 26 	 0.0 			 0.0 			0.0
g4	 27 	 0.0 			 0.0 			0.0
g4	 28 	 0.0 			 0.0 			0.0
g4	 29 	 0.0 			 0.0 			0.0
g4	 30 	 0.0 			 0.0 			0.0
g4	 31 	 0.0 			 0.0 			0.0
g4	 32 	 0.0 			 0.0 			0.0
g4	 33 	 0.0 			 0.0 			0.0
g4	 34 	 0.0 			 0.0 			0.0
g4	 35 	 0.0 			 0.0 			0.0
g4	 36 	 0.0 			 0.0 			0.0
g4	 37 	 0.0 			 0.0 			0.0
g4	 38 	 0.0 			 0.0 			0.0
g4	 39 	 0.0 			 0.0 			0.0
g4	 40 	 0.0 			 0.0 			0.0
g4	 41 	 0.0 			 0.0 			0.0
g4	 42 	 0.0 			 0.0 			0.0
g4	 43 	 0.0 			 0.0 			0.0
g4	 44 	 0.0 			 0.0 			0.0
g4	 45 	 0.0 			 0.0 			0.0
g4	 46 	 0.0 			 0.0 			0.0
g4	 47 	 0.0 			 0.0 			0.0
g4	 48 	 0.0 			 0.0 			0.0
g4	 49 	 0.0 			 0.0 			0.0
g4	 50 	 0.0 			 0.0 			0.0
g4	 51 	 0.0 			 0.0 			0.0
g4	 52 	 0.0 			 0.0 			0.0
g4	 53 	 0.0 			 0.0 			0.0
g4	 54 	 0.0 			 0.0 			0.0
g4	 55 	 0.0 			 0.0 			0.0
g4	 56 	 0.0 			 0.0 			0.0
g4	 57 	 0.0 			 0.0 			0.0
g4	 58 	 0.0 			 0.0 			0.0
g4	 59 	 0.0 			 0.0 			0.0
g4	 60 	 0.0 			 0.0 			0.0
g4	 61 	 0.0 			 0.0 			0.0
g4	 62 	 0.0 			 0.0 			0.0
g4	 63 	 0.0 			 0.0 			0.0
g4	 64 	 0.0 			 0.0 			0.0
g4	 65 	 0.0 			 0.0 			0.0
g4	 66 	 0.0 			 0.0 			0.0
g4	 67 	 0.0 			 0.0 			0.0
g4	 68 	 0.0 			 0.0 			0.0
g4	 69 	 0.0 			 0.0 			0.0
g4	 70 	 0.0 			 0.0 			0.0
g4	 71 	 0.0 			 0.0 			0.0
g4	 72 	 0.0 			 0.0 			0.0
g4	 73 	 0.0 			 0.0 			0.0
g4	 74 	 0.0 			 0.0 			0.0
g4	 75 	 0.0 			 0.0 			0.0
g4	 76 	 0.0 			 0.0 			0.0
g4	 77 	 0.0 			 0.0 			0.0
g4	 78 	 0.0 			 0.0 			0.0
g4	 79 	 0.0 			 0.0 			0.0
g4	 80 	 0.0 			 0.0 			0.0
g4	 81 	 0.0 			 0.0 			0.0
g4	 82 	 0.0 			 0.0 			0.0
g4	 83 	 0.0 			 0.0 			0.0
g4	 84 	 0.0 			 0.0 			0.0
g4	 85 	 0.0 			 0.0 			0.0
g4	 86 	 0.0 			 0.0 			0.0
g4	 87 	 0.0 			 0.0 			0.0
g4	 88 	 0.0 			 0.0 			0.0
g4	 89 	 0.0 			 0.0 			0.0
g4	 90 	 0.0 			 0.0 			0.0
g4	 91 	 0.0 			 0.0 			0.0
g4	 92 	 0.0 			 0.0 			0.0
g4	 93 	 0.0 			 0.0 			0.0
g4	 94 	 0.0 			 0.0 			0.0
g4	 95 	 0.0 			 0.0 			0.0
g4	 96 	 0.0 			 0.0 			0.0
----------------------------------------------------------------------------------------------------
g5	 1 	 0.0 			 0.0 			0.0
g5	 2 	 0.0 			 0.0 			0.0
g5	 3 	 0.0 			 0.0 			0.0
g5	 4 	 0.0 			 0.0 			0.0
g5	 5 	 0.0 			 0.0 			0.0
g5	 6 	 0.0 			 0.0 			0.0
g5	 7 	 0.0 			 0.0 			0.0
g5	 8 	 0.0 			 0.0 			0.0
g5	 9 	 0.0 			 0.0 			0.0
g5	 10 	 0.0 			 0.0 			0.0
g5	 11 	 0.0 			 0.0 			0.0
g5	 12 	 0.0 			 0.0 			0.0
g5	 13 	 0.0 			 0.0 			0.0
g5	 14 	 0.0 			 0.0 			0.0
g5	 15 	 0.0 			 0.0 			0.0
g5	 16 	 0.0 			 0.0 			0.0
g5	 17 	 0.0 			 0.0 			0.0
g5	 18 	 0.0 			 0.0 			0.0
g5	 19 	 0.0 			 0.0 			0.0
g5	 20 	 0.0 			 0.0 			0.0
g5	 21 	 0.0 			 0.0 			0.0
g5	 22 	 0.0 			 0.0 			0.0
g5	 23 	 0.0 			 0.0 			0.0
g5	 24 	 0.0 			 0.0 			0.0
g5	 25 	 0.0 			 0.0 			0.0
g5	 26 	 0.0 			 0.0 			0.0
g5	 27 	 0.0 			 0.0 			0.0
g5	 28 	 0.0 			 0.0 			0.0
g5	 29 	 0.0 			 0.0 			0.0
g5	 30 	 0.0 			 0.0 			0.0
g5	 31 	 0.0 			 0.0 			0.0
g5	 32 	 0.0 			 0.0 			0.0
g5	 33 	 0.0 			 0.0 			0.0
g5	 34 	 0.0 			 0.0 			0.0
g5	 35 	 0.0 			 0.0 			0.0
g5	 36 	 0.0 			 0.0 			0.0
g5	 37 	 0.0 			 0.0 			0.0
g5	 38 	 0.0 			 0.0 			0.0
g5	 39 	 0.0 			 0.0 			0.0
g5	 40 	 0.0 			 0.0 			0.0
g5	 41 	 0.0 			 0.0 			0.0
g5	 42 	 0.0 			 0.0 			0.0
g5	 43 	 0.0 			 0.0 			0.0
g5	 44 	 0.0 			 0.0 			0.0
g5	 45 	 0.0 			 0.0 			0.0
g5	 46 	 0.0 			 0.0 			0.0
g5	 47 	 0.0 			 0.0 			0.0
g5	 48 	 0.0 			 0.0 			0.0
g5	 49 	 0.0 			 0.0 			0.0
g5	 50 	 0.0 			 0.0 			0.0
g5	 51 	 0.0 			 0.0 			0.0
g5	 52 	 0.0 			 0.0 			0.0
g5	 53 	 0.0 			 0.0 			0.0
g5	 54 	 0.0 			 0.0 			0.0
g5	 55 	 0.0 			 0.0 			0.0
g5	 56 	 0.0 			 0.0 			0.0
g5	 57 	 0.0 			 0.0 			0.0
g5	 58 	 0.0 			 0.0 			0.0
g5	 59 	 0.0 			 0.0 			0.0
g5	 60 	 0.0 			 0.0 			0.0
g5	 61 	 0.0 			 0.0 			0.0
g5	 62 	 0.0 			 0.0 			0.0
g5	 63 	 0.0 			 0.0 			0.0
g5	 64 	 0.0 			 0.0 			0.0
g5	 65 	 0.0 			 0.0 			0.0
g5	 66 	 0.0 			 0.0 			0.0
g5	 67 	 0.0 			 0.0 			0.0
g5	 68 	 0.0 			 0.0 			0.0
g5	 69 	 0.0 			 0.0 			0.0
g5	 70 	 0.0 			 0.0 			0.0
g5	 71 	 0.0 			 0.0 			0.0
g5	 72 	 0.0 			 0.0 			0.0
g5	 73 	 0.0 			 0.0 			0.0
g5	 74 	 0.0 			 0.0 			0.0
g5	 75 	 0.0 			 0.0 			0.0
g5	 76 	 0.0 			 0.0 			0.0
g5	 77 	 0.0 			 0.0 			0.0
g5	 78 	 0.0 			 0.0 			0.0
g5	 79 	 0.0 			 0.0 			0.0
g5	 80 	 0.0 			 0.0 			0.0
g5	 81 	 0.0 			 0.0 			0.0
g5	 82 	 0.0 			 0.0 			0.0
g5	 83 	 0.0 			 0.0 			0.0
g5	 84 	 0.0 			 0.0 			0.0
g5	 85 	 0.0 			 0.0 			0.0
g5	 86 	 0.0 			 0.0 			0.0
g5	 87 	 0.0 			 0.0 			0.0
g5	 88 	 0.0 			 0.0 			0.0
g5	 89 	 0.0 			 0.0 			0.0
g5	 90 	 0.0 			 0.0 			0.0
g5	 91 	 0.0 			 0.0 			0.0
g5	 92 	 0.0 			 0.0 			0.0
g5	 93 	 0.0 			 0.0 			0.0
g5	 94 	 0.0 			 0.0 			0.0
g5	 95 	 0.0 			 0.0 			0.0
g5	 96 	 0.0 			 0.0 			0.0
----------------------------------------------------------------------------------------------------
 
unit 	 generation 	 generation cost 	 start-up cost 	 total cost
----------------------------------------------------------------------------------------------------
g1 	 7098.017262			264884.824053			 0.000000		 264884.824053
g2 	 865.483318			46632.211334			 10598.130000		 57230.341334
g3 	 0.000000			0.000000			 0.000000		 0.000000
g4 	 0.000000			0.000000			 0.000000		 0.000000
g5 	 0.000000			0.000000			 0.000000		 0.000000
----------------------------------------------------------------------------------------------------
 
generation cost 	 start-up cost 		 total cost
----------------------------------------------------------------------------------------------------
311517.0353870003 			 10598.13 			 322115.1653870002
----------------------------------------------------------------------------------------------------
uplift payment for generator g1: 0.0
uplift payment for generator g2: 18176.030493
uplift payment for generator g3: 0.0
uplift payment for generator g4: 0.0
uplift payment for generator g5: 0.0
 
****************************************************************************************************
 
rtm Systemwide prices
----------------------------------------------------------------------------------------------------
time	 energy 	 up-FRP 	 dw-FRP
----------------------------------------------------------------------------------------------------
1 	 9.614507 		 0.0 		 0.0
2 	 9.614507 		 0.0 		 0.0
3 	 9.614507 		 0.0 		 0.0
4 	 9.614507 		 0.0 		 0.0
5 	 9.408671 		 0.0 		 0.0
6 	 9.408671 		 0.0 		 0.0
7 	 9.408671 		 0.0 		 0.0
8 	 9.408671 		 0.0 		 0.0
9 	 9.408671 		 0.0 		 0.0
10 	 9.408671 		 0.0 		 0.0
11 	 9.408671 		 0.0 		 0.0
12 	 9.408671 		 0.0 		 0.0
13 	 9.408671 		 0.0 		 0.0
14 	 9.408671 		 0.0 		 0.0
15 	 9.408671 		 0.0 		 0.0
16 	 9.408671 		 0.0 		 0.0
17 	 9.408671 		 0.0 		 0.0
18 	 9.408671 		 0.0 		 0.0
19 	 9.408671 		 0.0 		 0.0
20 	 9.408671 		 0.0 		 0.0
21 	 9.408671 		 0.0 		 0.0
22 	 9.408671 		 0.0 		 0.0
23 	 9.408671 		 0.0 		 0.0
24 	 9.408671 		 0.0 		 0.0
25 	 9.614507 		 0.0 		 0.0
26 	 9.614507 		 0.0 		 0.0
27 	 9.614507 		 0.0 		 0.0
28 	 9.614507 		 0.0 		 0.0
29 	 9.614507 		 0.0 		 0.0
30 	 9.614507 		 0.0 		 0.0
31 	 9.614507 		 0.0 		 0.0
32 	 9.614507 		 0.0 		 0.0
33 	 9.614507 		 0.0 		 0.0
34 	 9.614507 		 0.0 		 0.0
35 	 9.614507 		 0.0 		 0.0
36 	 9.614507 		 0.0 		 0.0
37 	 9.614507 		 0.0 		 0.0
38 	 9.614507 		 0.0 		 0.0
39 	 9.614507 		 0.0 		 0.0
40 	 9.614507 		 0.0 		 0.0
41 	 10.185876 		 0.0 		 0.0
42 	 9.614507 		 0.0 		 0.0
43 	 9.614507 		 0.0 		 0.0
44 	 9.614507 		 0.0 		 0.0
45 	 10.185876 		 0.0 		 0.0
46 	 10.185876 		 0.0 		 0.0
47 	 10.185876 		 0.0 		 0.0
48 	 10.185876 		 0.0 		 0.0
49 	 10.185876 		 0.0 		 0.0
50 	 11.493892 		 0.0 		 0.0
51 	 11.493892 		 0.0 		 0.0
52 	 11.493892 		 0.0 		 0.0
53 	 11.493892 		 0.0 		 0.0
54 	 11.493892 		 0.0 		 0.0
55 	 11.493892 		 0.0 		 0.0
56 	 11.493892 		 0.0 		 0.0
57 	 11.493892 		 0.0 		 0.0
58 	 11.493892 		 0.0 		 0.0
59 	 11.493892 		 0.0 		 0.0
60 	 11.493892 		 0.0 		 0.0
61 	 11.493892 		 0.0 		 0.0
62 	 13.296712 		 0.0 		 0.0
63 	 11.493892 		 0.0 		 0.0
64 	 11.493892 		 0.0 		 0.0
65 	 13.296712 		 0.0 		 0.0
66 	 11.493892 		 0.0 		 0.0
67 	 11.493892 		 0.0 		 0.0
68 	 11.493892 		 0.0 		 0.0
69 	 11.493892 		 0.0 		 0.0
70 	 11.493892 		 0.0 		 0.0
71 	 11.493892 		 0.0 		 0.0
72 	 11.493892 		 0.0 		 0.0
73 	 11.493892 		 0.0 		 0.0
74 	 11.493892 		 0.0 		 0.0
75 	 11.493892 		 0.0 		 0.0
76 	 11.493892 		 0.0 		 0.0
77 	 11.493892 		 0.0 		 0.0
78 	 10.185876 		 0.0 		 0.0
79 	 11.493892 		 0.0 		 0.0
80 	 10.185876 		 0.0 		 0.0
81 	 10.185876 		 0.0 		 0.0
82 	 10.185876 		 0.0 		 0.0
83 	 10.185876 		 0.0 		 0.0
84 	 10.185876 		 0.0 		 0.0
85 	 9.614507 		 0.0 		 0.0
86 	 10.185876 		 0.0 		 0.0
87 	 10.185876 		 0.0 		 0.0
88 	 9.614507 		 0.0 		 0.0
89 	 9.614507 		 0.0 		 0.0
90 	 9.614507 		 0.0 		 0.0
91 	 9.614507 		 0.0 		 0.0
92 	 9.614507 		 0.0 		 0.0
93 	 9.614507 		 0.0 		 0.0
94 	 9.614507 		 0.0 		 0.0
95 	 9.614507 		 0.0 		 0.0
96 	 9.614507 		 0.0 		 0.0
 
****************************************************************************************************
 
rtm Post-uplift payments
----------------------------------------------------------------------------------------------------------------------------------------------------
unit 	 generation payment 	 up-FRP payment 	 dw-FRP payment 	pre-up t. payment 	 uplift payments 	 post-up t. payment 	 profit
----------------------------------------------------------------------------------------------------------------------------------------------------
 g1 	 16895.304506			 0.000000			 0.000000			 16895.304506			 0.000000			 16895.304506		 42251.529754
 g2 	 749.146322			 0.000000			 0.000000			 749.146322			 18176.030493			 18925.176815		 0.000000
 g3 	 0.000000			 0.000000			 0.000000			 0.000000			 0.000000			 0.000000		 0.000000
 g4 	 0.000000			 0.000000			 0.000000			 0.000000			 0.000000			 0.000000		 0.000000
 g5 	 0.000000			 0.000000			 0.000000			 0.000000			 0.000000			 0.000000		 0.000000
****************************************************************************************************
 
Total generator payments
----------------------------------------------------------------------------------------------------------------------------------------------------
unit 	 generation payment 	 up-FRP payment 	 dw-FRP payment 	pre-up t. payment 	 uplift payments 	 post-up t. payment 	 profit
----------------------------------------------------------------------------------------------------------------------------------------------------
 g1 	 307136.353807			 0.000000			 0.000000			 307136.353807			 0.000000			 307136.353807		 42251.529754
 g2 	 39054.310841			 0.000000			 0.000000			 39054.310841			 18176.030493			 57230.341334		 0.000000
 g3 	 0.000000			 0.000000			 0.000000			 0.000000			 0.000000			 0.000000		 0.000000
 g4 	 0.000000			 0.000000			 0.000000			 0.000000			 0.000000			 0.000000		 0.000000
 g5 	 0.000000			 0.000000			 0.000000			 0.000000			 0.000000			 0.000000		 0.000000
 
****************************************************************************************************
 
rtm LMP
----------------------------------------------------------------------------------------------------
bus name 	 time 		 LMP
----------------------------------------------------------------------------------------------------
b1 		 1 		 9.614507
b1 		 2 		 9.614507
b1 		 3 		 9.614507
b1 		 4 		 9.614507
b1 		 5 		 9.408671
b1 		 6 		 9.408671
b1 		 7 		 9.408671
b1 		 8 		 9.408671
b1 		 9 		 9.408671
b1 		 10 		 9.408671
b1 		 11 		 9.408671
b1 		 12 		 9.408671
b1 		 13 		 9.408671
b1 		 14 		 9.408671
b1 		 15 		 9.408671
b1 		 16 		 9.408671
b1 		 17 		 9.408671
b1 		 18 		 9.408671
b1 		 19 		 9.408671
b1 		 20 		 9.408671
b1 		 21 		 9.408671
b1 		 22 		 9.408671
b1 		 23 		 9.408671
b1 		 24 		 9.408671
b1 		 25 		 9.614507
b1 		 26 		 9.614507
b1 		 27 		 9.614507
b1 		 28 		 9.614507
b1 		 29 		 9.614507
b1 		 30 		 9.614507
b1 		 31 		 9.614507
b1 		 32 		 9.614507
b1 		 33 		 9.614507
b1 		 34 		 9.614507
b1 		 35 		 9.614507
b1 		 36 		 9.614507
b1 		 37 		 9.614507
b1 		 38 		 9.614507
b1 		 39 		 9.614507
b1 		 40 		 9.614507
b1 		 41 		 10.185876
b1 		 42 		 9.614507
b1 		 43 		 9.614507
b1 		 44 		 9.614507
b1 		 45 		 10.185876
b1 		 46 		 10.185876
b1 		 47 		 10.185876
b1 		 48 		 10.185876
b1 		 49 		 10.185876
b1 		 50 		 11.493892
b1 		 51 		 11.493892
b1 		 52 		 11.493892
b1 		 53 		 11.493892
b1 		 54 		 11.493892
b1 		 55 		 11.493892
b1 		 56 		 11.493892
b1 		 57 		 11.493892
b1 		 58 		 11.493892
b1 		 59 		 11.493892
b1 		 60 		 11.493892
b1 		 61 		 11.493892
b1 		 62 		 13.296712
b1 		 63 		 11.493892
b1 		 64 		 11.493892
b1 		 65 		 13.296712
b1 		 66 		 11.493892
b1 		 67 		 11.493892
b1 		 68 		 11.493892
b1 		 69 		 11.493892
b1 		 70 		 11.493892
b1 		 71 		 11.493892
b1 		 72 		 11.493892
b1 		 73 		 11.493892
b1 		 74 		 11.493892
b1 		 75 		 11.493892
b1 		 76 		 11.493892
b1 		 77 		 11.493892
b1 		 78 		 10.185876
b1 		 79 		 11.493892
b1 		 80 		 10.185876
b1 		 81 		 10.185876
b1 		 82 		 10.185876
b1 		 83 		 10.185876
b1 		 84 		 10.185876
b1 		 85 		 9.614507
b1 		 86 		 10.185876
b1 		 87 		 10.185876
b1 		 88 		 9.614507
b1 		 89 		 9.614507
b1 		 90 		 9.614507
b1 		 91 		 9.614507
b1 		 92 		 9.614507
b1 		 93 		 9.614507
b1 		 94 		 9.614507
b1 		 95 		 9.614507
b1 		 96 		 9.614507
----------------------------------------------------------------------------------------------------
b2 		 1 		 9.614507
b2 		 2 		 9.614507
b2 		 3 		 9.614507
b2 		 4 		 9.614507
b2 		 5 		 9.408671
b2 		 6 		 9.408671
b2 		 7 		 9.408671
b2 		 8 		 9.408671
b2 		 9 		 9.408671
b2 		 10 		 9.408671
b2 		 11 		 9.408671
b2 		 12 		 9.408671
b2 		 13 		 9.408671
b2 		 14 		 9.408671
b2 		 15 		 9.408671
b2 		 16 		 9.408671
b2 		 17 		 9.408671
b2 		 18 		 9.408671
b2 		 19 		 9.408671
b2 		 20 		 9.408671
b2 		 21 		 9.408671
b2 		 22 		 9.408671
b2 		 23 		 9.408671
b2 		 24 		 9.408671
b2 		 25 		 9.614507
b2 		 26 		 9.614507
b2 		 27 		 9.614507
b2 		 28 		 9.614507
b2 		 29 		 9.614507
b2 		 30 		 9.614507
b2 		 31 		 9.614507
b2 		 32 		 9.614507
b2 		 33 		 9.614507
b2 		 34 		 9.614507
b2 		 35 		 9.614507
b2 		 36 		 9.614507
b2 		 37 		 9.614507
b2 		 38 		 9.614507
b2 		 39 		 9.614507
b2 		 40 		 9.614507
b2 		 41 		 10.185876
b2 		 42 		 9.614507
b2 		 43 		 9.614507
b2 		 44 		 9.614507
b2 		 45 		 10.185876
b2 		 46 		 10.185876
b2 		 47 		 10.185876
b2 		 48 		 10.185876
b2 		 49 		 10.185876
b2 		 50 		 11.493892
b2 		 51 		 11.493892
b2 		 52 		 11.493892
b2 		 53 		 11.493892
b2 		 54 		 11.493892
b2 		 55 		 11.493892
b2 		 56 		 11.493892
b2 		 57 		 11.493892
b2 		 58 		 11.493892
b2 		 59 		 11.493892
b2 		 60 		 11.493892
b2 		 61 		 11.493892
b2 		 62 		 13.296712
b2 		 63 		 11.493892
b2 		 64 		 11.493892
b2 		 65 		 13.296712
b2 		 66 		 11.493892
b2 		 67 		 11.493892
b2 		 68 		 11.493892
b2 		 69 		 11.493892
b2 		 70 		 11.493892
b2 		 71 		 11.493892
b2 		 72 		 11.493892
b2 		 73 		 11.493892
b2 		 74 		 11.493892
b2 		 75 		 11.493892
b2 		 76 		 11.493892
b2 		 77 		 11.493892
b2 		 78 		 10.185876
b2 		 79 		 11.493892
b2 		 80 		 10.185876
b2 		 81 		 10.185876
b2 		 82 		 10.185876
b2 		 83 		 10.185876
b2 		 84 		 10.185876
b2 		 85 		 9.614507
b2 		 86 		 10.185876
b2 		 87 		 10.185876
b2 		 88 		 9.614507
b2 		 89 		 9.614507
b2 		 90 		 9.614507
b2 		 91 		 9.614507
b2 		 92 		 9.614507
b2 		 93 		 9.614507
b2 		 94 		 9.614507
b2 		 95 		 9.614507
b2 		 96 		 9.614507
----------------------------------------------------------------------------------------------------
b3 		 1 		 9.614507
b3 		 2 		 9.614507
b3 		 3 		 9.614507
b3 		 4 		 9.614507
b3 		 5 		 9.408671
b3 		 6 		 9.408671
b3 		 7 		 9.408671
b3 		 8 		 9.408671
b3 		 9 		 9.408671
b3 		 10 		 9.408671
b3 		 11 		 9.408671
b3 		 12 		 9.408671
b3 		 13 		 9.408671
b3 		 14 		 9.408671
b3 		 15 		 9.408671
b3 		 16 		 9.408671
b3 		 17 		 9.408671
b3 		 18 		 9.408671
b3 		 19 		 9.408671
b3 		 20 		 9.408671
b3 		 21 		 9.408671
b3 		 22 		 9.408671
b3 		 23 		 9.408671
b3 		 24 		 9.408671
b3 		 25 		 9.614507
b3 		 26 		 9.614507
b3 		 27 		 9.614507
b3 		 28 		 9.614507
b3 		 29 		 9.614507
b3 		 30 		 9.614507
b3 		 31 		 9.614507
b3 		 32 		 9.614507
b3 		 33 		 9.614507
b3 		 34 		 9.614507
b3 		 35 		 9.614507
b3 		 36 		 9.614507
b3 		 37 		 9.614507
b3 		 38 		 9.614507
b3 		 39 		 9.614507
b3 		 40 		 9.614507
b3 		 41 		 10.185876
b3 		 42 		 9.614507
b3 		 43 		 9.614507
b3 		 44 		 9.614507
b3 		 45 		 10.185876
b3 		 46 		 10.185876
b3 		 47 		 10.185876
b3 		 48 		 10.185876
b3 		 49 		 10.185876
b3 		 50 		 11.493892
b3 		 51 		 11.493892
b3 		 52 		 11.493892
b3 		 53 		 11.493892
b3 		 54 		 11.493892
b3 		 55 		 11.493892
b3 		 56 		 11.493892
b3 		 57 		 11.493892
b3 		 58 		 11.493892
b3 		 59 		 11.493892
b3 		 60 		 11.493892
b3 		 61 		 11.493892
b3 		 62 		 13.296712
b3 		 63 		 11.493892
b3 		 64 		 11.493892
b3 		 65 		 13.296712
b3 		 66 		 11.493892
b3 		 67 		 11.493892
b3 		 68 		 11.493892
b3 		 69 		 11.493892
b3 		 70 		 11.493892
b3 		 71 		 11.493892
b3 		 72 		 11.493892
b3 		 73 		 11.493892
b3 		 74 		 11.493892
b3 		 75 		 11.493892
b3 		 76 		 11.493892
b3 		 77 		 11.493892
b3 		 78 		 10.185876
b3 		 79 		 11.493892
b3 		 80 		 10.185876
b3 		 81 		 10.185876
b3 		 82 		 10.185876
b3 		 83 		 10.185876
b3 		 84 		 10.185876
b3 		 85 		 9.614507
b3 		 86 		 10.185876
b3 		 87 		 10.185876
b3 		 88 		 9.614507
b3 		 89 		 9.614507
b3 		 90 		 9.614507
b3 		 91 		 9.614507
b3 		 92 		 9.614507
b3 		 93 		 9.614507
b3 		 94 		 9.614507
b3 		 95 		 9.614507
b3 		 96 		 9.614507
----------------------------------------------------------------------------------------------------
b4 		 1 		 9.614507
b4 		 2 		 9.614507
b4 		 3 		 9.614507
b4 		 4 		 9.614507
b4 		 5 		 9.408671
b4 		 6 		 9.408671
b4 		 7 		 9.408671
b4 		 8 		 9.408671
b4 		 9 		 9.408671
b4 		 10 		 9.408671
b4 		 11 		 9.408671
b4 		 12 		 9.408671
b4 		 13 		 9.408671
b4 		 14 		 9.408671
b4 		 15 		 9.408671
b4 		 16 		 9.408671
b4 		 17 		 9.408671
b4 		 18 		 9.408671
b4 		 19 		 9.408671
b4 		 20 		 9.408671
b4 		 21 		 9.408671
b4 		 22 		 9.408671
b4 		 23 		 9.408671
b4 		 24 		 9.408671
b4 		 25 		 9.614507
b4 		 26 		 9.614507
b4 		 27 		 9.614507
b4 		 28 		 9.614507
b4 		 29 		 9.614507
b4 		 30 		 9.614507
b4 		 31 		 9.614507
b4 		 32 		 9.614507
b4 		 33 		 9.614507
b4 		 34 		 9.614507
b4 		 35 		 9.614507
b4 		 36 		 9.614507
b4 		 37 		 9.614507
b4 		 38 		 9.614507
b4 		 39 		 9.614507
b4 		 40 		 9.614507
b4 		 41 		 10.185876
b4 		 42 		 9.614507
b4 		 43 		 9.614507
b4 		 44 		 9.614507
b4 		 45 		 10.185876
b4 		 46 		 10.185876
b4 		 47 		 10.185876
b4 		 48 		 10.185876
b4 		 49 		 10.185876
b4 		 50 		 11.493892
b4 		 51 		 11.493892
b4 		 52 		 11.493892
b4 		 53 		 11.493892
b4 		 54 		 11.493892
b4 		 55 		 11.493892
b4 		 56 		 11.493892
b4 		 57 		 11.493892
b4 		 58 		 11.493892
b4 		 59 		 11.493892
b4 		 60 		 11.493892
b4 		 61 		 11.493892
b4 		 62 		 13.296712
b4 		 63 		 11.493892
b4 		 64 		 11.493892
b4 		 65 		 13.296712
b4 		 66 		 11.493892
b4 		 67 		 11.493892
b4 		 68 		 11.493892
b4 		 69 		 11.493892
b4 		 70 		 11.493892
b4 		 71 		 11.493892
b4 		 72 		 11.493892
b4 		 73 		 11.493892
b4 		 74 		 11.493892
b4 		 75 		 11.493892
b4 		 76 		 11.493892
b4 		 77 		 11.493892
b4 		 78 		 10.185876
b4 		 79 		 11.493892
b4 		 80 		 10.185876
b4 		 81 		 10.185876
b4 		 82 		 10.185876
b4 		 83 		 10.185876
b4 		 84 		 10.185876
b4 		 85 		 9.614507
b4 		 86 		 10.185876
b4 		 87 		 10.185876
b4 		 88 		 9.614507
b4 		 89 		 9.614507
b4 		 90 		 9.614507
b4 		 91 		 9.614507
b4 		 92 		 9.614507
b4 		 93 		 9.614507
b4 		 94 		 9.614507
b4 		 95 		 9.614507
b4 		 96 		 9.614507
----------------------------------------------------------------------------------------------------
b5 		 1 		 9.614507
b5 		 2 		 9.614507
b5 		 3 		 9.614507
b5 		 4 		 9.614507
b5 		 5 		 9.408671
b5 		 6 		 9.408671
b5 		 7 		 9.408671
b5 		 8 		 9.408671
b5 		 9 		 9.408671
b5 		 10 		 9.408671
b5 		 11 		 9.408671
b5 		 12 		 9.408671
b5 		 13 		 9.408671
b5 		 14 		 9.408671
b5 		 15 		 9.408671
b5 		 16 		 9.408671
b5 		 17 		 9.408671
b5 		 18 		 9.408671
b5 		 19 		 9.408671
b5 		 20 		 9.408671
b5 		 21 		 9.408671
b5 		 22 		 9.408671
b5 		 23 		 9.408671
b5 		 24 		 9.408671
b5 		 25 		 9.614507
b5 		 26 		 9.614507
b5 		 27 		 9.614507
b5 		 28 		 9.614507
b5 		 29 		 9.614507
b5 		 30 		 9.614507
b5 		 31 		 9.614507
b5 		 32 		 9.614507
b5 		 33 		 9.614507
b5 		 34 		 9.614507
b5 		 35 		 9.614507
b5 		 36 		 9.614507
b5 		 37 		 9.614507
b5 		 38 		 9.614507
b5 		 39 		 9.614507
b5 		 40 		 9.614507
b5 		 41 		 10.185876
b5 		 42 		 9.614507
b5 		 43 		 9.614507
b5 		 44 		 9.614507
b5 		 45 		 10.185876
b5 		 46 		 10.185876
b5 		 47 		 10.185876
b5 		 48 		 10.185876
b5 		 49 		 10.185876
b5 		 50 		 11.493892
b5 		 51 		 11.493892
b5 		 52 		 11.493892
b5 		 53 		 11.493892
b5 		 54 		 11.493892
b5 		 55 		 11.493892
b5 		 56 		 11.493892
b5 		 57 		 11.493892
b5 		 58 		 11.493892
b5 		 59 		 11.493892
b5 		 60 		 11.493892
b5 		 61 		 11.493892
b5 		 62 		 13.296712
b5 		 63 		 11.493892
b5 		 64 		 11.493892
b5 		 65 		 13.296712
b5 		 66 		 11.493892
b5 		 67 		 11.493892
b5 		 68 		 11.493892
b5 		 69 		 11.493892
b5 		 70 		 11.493892
b5 		 71 		 11.493892
b5 		 72 		 11.493892
b5 		 73 		 11.493892
b5 		 74 		 11.493892
b5 		 75 		 11.493892
b5 		 76 		 11.493892
b5 		 77 		 11.493892
b5 		 78 		 10.185876
b5 		 79 		 11.493892
b5 		 80 		 10.185876
b5 		 81 		 10.185876
b5 		 82 		 10.185876
b5 		 83 		 10.185876
b5 		 84 		 10.185876
b5 		 85 		 9.614507
b5 		 86 		 10.185876
b5 		 87 		 10.185876
b5 		 88 		 9.614507
b5 		 89 		 9.614507
b5 		 90 		 9.614507
b5 		 91 		 9.614507
b5 		 92 		 9.614507
b5 		 93 		 9.614507
b5 		 94 		 9.614507
b5 		 95 		 9.614507
b5 		 96 		 9.614507
----------------------------------------------------------------------------------------------------
b6 		 1 		 9.614507
b6 		 2 		 9.614507
b6 		 3 		 9.614507
b6 		 4 		 9.614507
b6 		 5 		 9.408671
b6 		 6 		 9.408671
b6 		 7 		 9.408671
b6 		 8 		 9.408671
b6 		 9 		 9.408671
b6 		 10 		 9.408671
b6 		 11 		 9.408671
b6 		 12 		 9.408671
b6 		 13 		 9.408671
b6 		 14 		 9.408671
b6 		 15 		 9.408671
b6 		 16 		 9.408671
b6 		 17 		 9.408671
b6 		 18 		 9.408671
b6 		 19 		 9.408671
b6 		 20 		 9.408671
b6 		 21 		 9.408671
b6 		 22 		 9.408671
b6 		 23 		 9.408671
b6 		 24 		 9.408671
b6 		 25 		 9.614507
b6 		 26 		 9.614507
b6 		 27 		 9.614507
b6 		 28 		 9.614507
b6 		 29 		 9.614507
b6 		 30 		 9.614507
b6 		 31 		 9.614507
b6 		 32 		 9.614507
b6 		 33 		 9.614507
b6 		 34 		 9.614507
b6 		 35 		 9.614507
b6 		 36 		 9.614507
b6 		 37 		 9.614507
b6 		 38 		 9.614507
b6 		 39 		 9.614507
b6 		 40 		 9.614507
b6 		 41 		 10.185876
b6 		 42 		 9.614507
b6 		 43 		 9.614507
b6 		 44 		 9.614507
b6 		 45 		 10.185876
b6 		 46 		 10.185876
b6 		 47 		 10.185876
b6 		 48 		 10.185876
b6 		 49 		 10.185876
b6 		 50 		 11.493892
b6 		 51 		 11.493892
b6 		 52 		 11.493892
b6 		 53 		 11.493892
b6 		 54 		 11.493892
b6 		 55 		 11.493892
b6 		 56 		 11.493892
b6 		 57 		 11.493892
b6 		 58 		 11.493892
b6 		 59 		 11.493892
b6 		 60 		 11.493892
b6 		 61 		 11.493892
b6 		 62 		 13.296712
b6 		 63 		 11.493892
b6 		 64 		 11.493892
b6 		 65 		 13.296712
b6 		 66 		 11.493892
b6 		 67 		 11.493892
b6 		 68 		 11.493892
b6 		 69 		 11.493892
b6 		 70 		 11.493892
b6 		 71 		 11.493892
b6 		 72 		 11.493892
b6 		 73 		 11.493892
b6 		 74 		 11.493892
b6 		 75 		 11.493892
b6 		 76 		 11.493892
b6 		 77 		 11.493892
b6 		 78 		 10.185876
b6 		 79 		 11.493892
b6 		 80 		 10.185876
b6 		 81 		 10.185876
b6 		 82 		 10.185876
b6 		 83 		 10.185876
b6 		 84 		 10.185876
b6 		 85 		 9.614507
b6 		 86 		 10.185876
b6 		 87 		 10.185876
b6 		 88 		 9.614507
b6 		 89 		 9.614507
b6 		 90 		 9.614507
b6 		 91 		 9.614507
b6 		 92 		 9.614507
b6 		 93 		 9.614507
b6 		 94 		 9.614507
b6 		 95 		 9.614507
b6 		 96 		 9.614507
----------------------------------------------------------------------------------------------------
b7 		 1 		 9.614507
b7 		 2 		 9.614507
b7 		 3 		 9.614507
b7 		 4 		 9.614507
b7 		 5 		 9.408671
b7 		 6 		 9.408671
b7 		 7 		 9.408671
b7 		 8 		 9.408671
b7 		 9 		 9.408671
b7 		 10 		 9.408671
b7 		 11 		 9.408671
b7 		 12 		 9.408671
b7 		 13 		 9.408671
b7 		 14 		 9.408671
b7 		 15 		 9.408671
b7 		 16 		 9.408671
b7 		 17 		 9.408671
b7 		 18 		 9.408671
b7 		 19 		 9.408671
b7 		 20 		 9.408671
b7 		 21 		 9.408671
b7 		 22 		 9.408671
b7 		 23 		 9.408671
b7 		 24 		 9.408671
b7 		 25 		 9.614507
b7 		 26 		 9.614507
b7 		 27 		 9.614507
b7 		 28 		 9.614507
b7 		 29 		 9.614507
b7 		 30 		 9.614507
b7 		 31 		 9.614507
b7 		 32 		 9.614507
b7 		 33 		 9.614507
b7 		 34 		 9.614507
b7 		 35 		 9.614507
b7 		 36 		 9.614507
b7 		 37 		 9.614507
b7 		 38 		 9.614507
b7 		 39 		 9.614507
b7 		 40 		 9.614507
b7 		 41 		 10.185876
b7 		 42 		 9.614507
b7 		 43 		 9.614507
b7 		 44 		 9.614507
b7 		 45 		 10.185876
b7 		 46 		 10.185876
b7 		 47 		 10.185876
b7 		 48 		 10.185876
b7 		 49 		 10.185876
b7 		 50 		 11.493892
b7 		 51 		 11.493892
b7 		 52 		 11.493892
b7 		 53 		 11.493892
b7 		 54 		 11.493892
b7 		 55 		 11.493892
b7 		 56 		 11.493892
b7 		 57 		 11.493892
b7 		 58 		 11.493892
b7 		 59 		 11.493892
b7 		 60 		 11.493892
b7 		 61 		 11.493892
b7 		 62 		 13.296712
b7 		 63 		 11.493892
b7 		 64 		 11.493892
b7 		 65 		 13.296712
b7 		 66 		 11.493892
b7 		 67 		 11.493892
b7 		 68 		 11.493892
b7 		 69 		 11.493892
b7 		 70 		 11.493892
b7 		 71 		 11.493892
b7 		 72 		 11.493892
b7 		 73 		 11.493892
b7 		 74 		 11.493892
b7 		 75 		 11.493892
b7 		 76 		 11.493892
b7 		 77 		 11.493892
b7 		 78 		 10.185876
b7 		 79 		 11.493892
b7 		 80 		 10.185876
b7 		 81 		 10.185876
b7 		 82 		 10.185876
b7 		 83 		 10.185876
b7 		 84 		 10.185876
b7 		 85 		 9.614507
b7 		 86 		 10.185876
b7 		 87 		 10.185876
b7 		 88 		 9.614507
b7 		 89 		 9.614507
b7 		 90 		 9.614507
b7 		 91 		 9.614507
b7 		 92 		 9.614507
b7 		 93 		 9.614507
b7 		 94 		 9.614507
b7 		 95 		 9.614507
b7 		 96 		 9.614507
----------------------------------------------------------------------------------------------------
b8 		 1 		 9.614507
b8 		 2 		 9.614507
b8 		 3 		 9.614507
b8 		 4 		 9.614507
b8 		 5 		 9.408671
b8 		 6 		 9.408671
b8 		 7 		 9.408671
b8 		 8 		 9.408671
b8 		 9 		 9.408671
b8 		 10 		 9.408671
b8 		 11 		 9.408671
b8 		 12 		 9.408671
b8 		 13 		 9.408671
b8 		 14 		 9.408671
b8 		 15 		 9.408671
b8 		 16 		 9.408671
b8 		 17 		 9.408671
b8 		 18 		 9.408671
b8 		 19 		 9.408671
b8 		 20 		 9.408671
b8 		 21 		 9.408671
b8 		 22 		 9.408671
b8 		 23 		 9.408671
b8 		 24 		 9.408671
b8 		 25 		 9.614507
b8 		 26 		 9.614507
b8 		 27 		 9.614507
b8 		 28 		 9.614507
b8 		 29 		 9.614507
b8 		 30 		 9.614507
b8 		 31 		 9.614507
b8 		 32 		 9.614507
b8 		 33 		 9.614507
b8 		 34 		 9.614507
b8 		 35 		 9.614507
b8 		 36 		 9.614507
b8 		 37 		 9.614507
b8 		 38 		 9.614507
b8 		 39 		 9.614507
b8 		 40 		 9.614507
b8 		 41 		 10.185876
b8 		 42 		 9.614507
b8 		 43 		 9.614507
b8 		 44 		 9.614507
b8 		 45 		 10.185876
b8 		 46 		 10.185876
b8 		 47 		 10.185876
b8 		 48 		 10.185876
b8 		 49 		 10.185876
b8 		 50 		 11.493892
b8 		 51 		 11.493892
b8 		 52 		 11.493892
b8 		 53 		 11.493892
b8 		 54 		 11.493892
b8 		 55 		 11.493892
b8 		 56 		 11.493892
b8 		 57 		 11.493892
b8 		 58 		 11.493892
b8 		 59 		 11.493892
b8 		 60 		 11.493892
b8 		 61 		 11.493892
b8 		 62 		 13.296712
b8 		 63 		 11.493892
b8 		 64 		 11.493892
b8 		 65 		 13.296712
b8 		 66 		 11.493892
b8 		 67 		 11.493892
b8 		 68 		 11.493892
b8 		 69 		 11.493892
b8 		 70 		 11.493892
b8 		 71 		 11.493892
b8 		 72 		 11.493892
b8 		 73 		 11.493892
b8 		 74 		 11.493892
b8 		 75 		 11.493892
b8 		 76 		 11.493892
b8 		 77 		 11.493892
b8 		 78 		 10.185876
b8 		 79 		 11.493892
b8 		 80 		 10.185876
b8 		 81 		 10.185876
b8 		 82 		 10.185876
b8 		 83 		 10.185876
b8 		 84 		 10.185876
b8 		 85 		 9.614507
b8 		 86 		 10.185876
b8 		 87 		 10.185876
b8 		 88 		 9.614507
b8 		 89 		 9.614507
b8 		 90 		 9.614507
b8 		 91 		 9.614507
b8 		 92 		 9.614507
b8 		 93 		 9.614507
b8 		 94 		 9.614507
b8 		 95 		 9.614507
b8 		 96 		 9.614507
----------------------------------------------------------------------------------------------------
b9 		 1 		 9.614507
b9 		 2 		 9.614507
b9 		 3 		 9.614507
b9 		 4 		 9.614507
b9 		 5 		 9.408671
b9 		 6 		 9.408671
b9 		 7 		 9.408671
b9 		 8 		 9.408671
b9 		 9 		 9.408671
b9 		 10 		 9.408671
b9 		 11 		 9.408671
b9 		 12 		 9.408671
b9 		 13 		 9.408671
b9 		 14 		 9.408671
b9 		 15 		 9.408671
b9 		 16 		 9.408671
b9 		 17 		 9.408671
b9 		 18 		 9.408671
b9 		 19 		 9.408671
b9 		 20 		 9.408671
b9 		 21 		 9.408671
b9 		 22 		 9.408671
b9 		 23 		 9.408671
b9 		 24 		 9.408671
b9 		 25 		 9.614507
b9 		 26 		 9.614507
b9 		 27 		 9.614507
b9 		 28 		 9.614507
b9 		 29 		 9.614507
b9 		 30 		 9.614507
b9 		 31 		 9.614507
b9 		 32 		 9.614507
b9 		 33 		 9.614507
b9 		 34 		 9.614507
b9 		 35 		 9.614507
b9 		 36 		 9.614507
b9 		 37 		 9.614507
b9 		 38 		 9.614507
b9 		 39 		 9.614507
b9 		 40 		 9.614507
b9 		 41 		 10.185876
b9 		 42 		 9.614507
b9 		 43 		 9.614507
b9 		 44 		 9.614507
b9 		 45 		 10.185876
b9 		 46 		 10.185876
b9 		 47 		 10.185876
b9 		 48 		 10.185876
b9 		 49 		 10.185876
b9 		 50 		 11.493892
b9 		 51 		 11.493892
b9 		 52 		 11.493892
b9 		 53 		 11.493892
b9 		 54 		 11.493892
b9 		 55 		 11.493892
b9 		 56 		 11.493892
b9 		 57 		 11.493892
b9 		 58 		 11.493892
b9 		 59 		 11.493892
b9 		 60 		 11.493892
b9 		 61 		 11.493892
b9 		 62 		 13.296712
b9 		 63 		 11.493892
b9 		 64 		 11.493892
b9 		 65 		 13.296712
b9 		 66 		 11.493892
b9 		 67 		 11.493892
b9 		 68 		 11.493892
b9 		 69 		 11.493892
b9 		 70 		 11.493892
b9 		 71 		 11.493892
b9 		 72 		 11.493892
b9 		 73 		 11.493892
b9 		 74 		 11.493892
b9 		 75 		 11.493892
b9 		 76 		 11.493892
b9 		 77 		 11.493892
b9 		 78 		 10.185876
b9 		 79 		 11.493892
b9 		 80 		 10.185876
b9 		 81 		 10.185876
b9 		 82 		 10.185876
b9 		 83 		 10.185876
b9 		 84 		 10.185876
b9 		 85 		 9.614507
b9 		 86 		 10.185876
b9 		 87 		 10.185876
b9 		 88 		 9.614507
b9 		 89 		 9.614507
b9 		 90 		 9.614507
b9 		 91 		 9.614507
b9 		 92 		 9.614507
b9 		 93 		 9.614507
b9 		 94 		 9.614507
b9 		 95 		 9.614507
b9 		 96 		 9.614507
----------------------------------------------------------------------------------------------------
b10 		 1 		 9.614507
b10 		 2 		 9.614507
b10 		 3 		 9.614507
b10 		 4 		 9.614507
b10 		 5 		 9.408671
b10 		 6 		 9.408671
b10 		 7 		 9.408671
b10 		 8 		 9.408671
b10 		 9 		 9.408671
b10 		 10 		 9.408671
b10 		 11 		 9.408671
b10 		 12 		 9.408671
b10 		 13 		 9.408671
b10 		 14 		 9.408671
b10 		 15 		 9.408671
b10 		 16 		 9.408671
b10 		 17 		 9.408671
b10 		 18 		 9.408671
b10 		 19 		 9.408671
b10 		 20 		 9.408671
b10 		 21 		 9.408671
b10 		 22 		 9.408671
b10 		 23 		 9.408671
b10 		 24 		 9.408671
b10 		 25 		 9.614507
b10 		 26 		 9.614507
b10 		 27 		 9.614507
b10 		 28 		 9.614507
b10 		 29 		 9.614507
b10 		 30 		 9.614507
b10 		 31 		 9.614507
b10 		 32 		 9.614507
b10 		 33 		 9.614507
b10 		 34 		 9.614507
b10 		 35 		 9.614507
b10 		 36 		 9.614507
b10 		 37 		 9.614507
b10 		 38 		 9.614507
b10 		 39 		 9.614507
b10 		 40 		 9.614507
b10 		 41 		 10.185876
b10 		 42 		 9.614507
b10 		 43 		 9.614507
b10 		 44 		 9.614507
b10 		 45 		 10.185876
b10 		 46 		 10.185876
b10 		 47 		 10.185876
b10 		 48 		 10.185876
b10 		 49 		 10.185876
b10 		 50 		 11.493892
b10 		 51 		 11.493892
b10 		 52 		 11.493892
b10 		 53 		 11.493892
b10 		 54 		 11.493892
b10 		 55 		 11.493892
b10 		 56 		 11.493892
b10 		 57 		 11.493892
b10 		 58 		 11.493892
b10 		 59 		 11.493892
b10 		 60 		 11.493892
b10 		 61 		 11.493892
b10 		 62 		 13.296712
b10 		 63 		 11.493892
b10 		 64 		 11.493892
b10 		 65 		 13.296712
b10 		 66 		 11.493892
b10 		 67 		 11.493892
b10 		 68 		 11.493892
b10 		 69 		 11.493892
b10 		 70 		 11.493892
b10 		 71 		 11.493892
b10 		 72 		 11.493892
b10 		 73 		 11.493892
b10 		 74 		 11.493892
b10 		 75 		 11.493892
b10 		 76 		 11.493892
b10 		 77 		 11.493892
b10 		 78 		 10.185876
b10 		 79 		 11.493892
b10 		 80 		 10.185876
b10 		 81 		 10.185876
b10 		 82 		 10.185876
b10 		 83 		 10.185876
b10 		 84 		 10.185876
b10 		 85 		 9.614507
b10 		 86 		 10.185876
b10 		 87 		 10.185876
b10 		 88 		 9.614507
b10 		 89 		 9.614507
b10 		 90 		 9.614507
b10 		 91 		 9.614507
b10 		 92 		 9.614507
b10 		 93 		 9.614507
b10 		 94 		 9.614507
b10 		 95 		 9.614507
b10 		 96 		 9.614507
----------------------------------------------------------------------------------------------------
b11 		 1 		 9.614507
b11 		 2 		 9.614507
b11 		 3 		 9.614507
b11 		 4 		 9.614507
b11 		 5 		 9.408671
b11 		 6 		 9.408671
b11 		 7 		 9.408671
b11 		 8 		 9.408671
b11 		 9 		 9.408671
b11 		 10 		 9.408671
b11 		 11 		 9.408671
b11 		 12 		 9.408671
b11 		 13 		 9.408671
b11 		 14 		 9.408671
b11 		 15 		 9.408671
b11 		 16 		 9.408671
b11 		 17 		 9.408671
b11 		 18 		 9.408671
b11 		 19 		 9.408671
b11 		 20 		 9.408671
b11 		 21 		 9.408671
b11 		 22 		 9.408671
b11 		 23 		 9.408671
b11 		 24 		 9.408671
b11 		 25 		 9.614507
b11 		 26 		 9.614507
b11 		 27 		 9.614507
b11 		 28 		 9.614507
b11 		 29 		 9.614507
b11 		 30 		 9.614507
b11 		 31 		 9.614507
b11 		 32 		 9.614507
b11 		 33 		 9.614507
b11 		 34 		 9.614507
b11 		 35 		 9.614507
b11 		 36 		 9.614507
b11 		 37 		 9.614507
b11 		 38 		 9.614507
b11 		 39 		 9.614507
b11 		 40 		 9.614507
b11 		 41 		 10.185876
b11 		 42 		 9.614507
b11 		 43 		 9.614507
b11 		 44 		 9.614507
b11 		 45 		 10.185876
b11 		 46 		 10.185876
b11 		 47 		 10.185876
b11 		 48 		 10.185876
b11 		 49 		 10.185876
b11 		 50 		 11.493892
b11 		 51 		 11.493892
b11 		 52 		 11.493892
b11 		 53 		 11.493892
b11 		 54 		 11.493892
b11 		 55 		 11.493892
b11 		 56 		 11.493892
b11 		 57 		 11.493892
b11 		 58 		 11.493892
b11 		 59 		 11.493892
b11 		 60 		 11.493892
b11 		 61 		 11.493892
b11 		 62 		 13.296712
b11 		 63 		 11.493892
b11 		 64 		 11.493892
b11 		 65 		 13.296712
b11 		 66 		 11.493892
b11 		 67 		 11.493892
b11 		 68 		 11.493892
b11 		 69 		 11.493892
b11 		 70 		 11.493892
b11 		 71 		 11.493892
b11 		 72 		 11.493892
b11 		 73 		 11.493892
b11 		 74 		 11.493892
b11 		 75 		 11.493892
b11 		 76 		 11.493892
b11 		 77 		 11.493892
b11 		 78 		 10.185876
b11 		 79 		 11.493892
b11 		 80 		 10.185876
b11 		 81 		 10.185876
b11 		 82 		 10.185876
b11 		 83 		 10.185876
b11 		 84 		 10.185876
b11 		 85 		 9.614507
b11 		 86 		 10.185876
b11 		 87 		 10.185876
b11 		 88 		 9.614507
b11 		 89 		 9.614507
b11 		 90 		 9.614507
b11 		 91 		 9.614507
b11 		 92 		 9.614507
b11 		 93 		 9.614507
b11 		 94 		 9.614507
b11 		 95 		 9.614507
b11 		 96 		 9.614507
----------------------------------------------------------------------------------------------------
b12 		 1 		 9.614507
b12 		 2 		 9.614507
b12 		 3 		 9.614507
b12 		 4 		 9.614507
b12 		 5 		 9.408671
b12 		 6 		 9.408671
b12 		 7 		 9.408671
b12 		 8 		 9.408671
b12 		 9 		 9.408671
b12 		 10 		 9.408671
b12 		 11 		 9.408671
b12 		 12 		 9.408671
b12 		 13 		 9.408671
b12 		 14 		 9.408671
b12 		 15 		 9.408671
b12 		 16 		 9.408671
b12 		 17 		 9.408671
b12 		 18 		 9.408671
b12 		 19 		 9.408671
b12 		 20 		 9.408671
b12 		 21 		 9.408671
b12 		 22 		 9.408671
b12 		 23 		 9.408671
b12 		 24 		 9.408671
b12 		 25 		 9.614507
b12 		 26 		 9.614507
b12 		 27 		 9.614507
b12 		 28 		 9.614507
b12 		 29 		 9.614507
b12 		 30 		 9.614507
b12 		 31 		 9.614507
b12 		 32 		 9.614507
b12 		 33 		 9.614507
b12 		 34 		 9.614507
b12 		 35 		 9.614507
b12 		 36 		 9.614507
b12 		 37 		 9.614507
b12 		 38 		 9.614507
b12 		 39 		 9.614507
b12 		 40 		 9.614507
b12 		 41 		 10.185876
b12 		 42 		 9.614507
b12 		 43 		 9.614507
b12 		 44 		 9.614507
b12 		 45 		 10.185876
b12 		 46 		 10.185876
b12 		 47 		 10.185876
b12 		 48 		 10.185876
b12 		 49 		 10.185876
b12 		 50 		 11.493892
b12 		 51 		 11.493892
b12 		 52 		 11.493892
b12 		 53 		 11.493892
b12 		 54 		 11.493892
b12 		 55 		 11.493892
b12 		 56 		 11.493892
b12 		 57 		 11.493892
b12 		 58 		 11.493892
b12 		 59 		 11.493892
b12 		 60 		 11.493892
b12 		 61 		 11.493892
b12 		 62 		 13.296712
b12 		 63 		 11.493892
b12 		 64 		 11.493892
b12 		 65 		 13.296712
b12 		 66 		 11.493892
b12 		 67 		 11.493892
b12 		 68 		 11.493892
b12 		 69 		 11.493892
b12 		 70 		 11.493892
b12 		 71 		 11.493892
b12 		 72 		 11.493892
b12 		 73 		 11.493892
b12 		 74 		 11.493892
b12 		 75 		 11.493892
b12 		 76 		 11.493892
b12 		 77 		 11.493892
b12 		 78 		 10.185876
b12 		 79 		 11.493892
b12 		 80 		 10.185876
b12 		 81 		 10.185876
b12 		 82 		 10.185876
b12 		 83 		 10.185876
b12 		 84 		 10.185876
b12 		 85 		 9.614507
b12 		 86 		 10.185876
b12 		 87 		 10.185876
b12 		 88 		 9.614507
b12 		 89 		 9.614507
b12 		 90 		 9.614507
b12 		 91 		 9.614507
b12 		 92 		 9.614507
b12 		 93 		 9.614507
b12 		 94 		 9.614507
b12 		 95 		 9.614507
b12 		 96 		 9.614507
----------------------------------------------------------------------------------------------------
b13 		 1 		 9.614507
b13 		 2 		 9.614507
b13 		 3 		 9.614507
b13 		 4 		 9.614507
b13 		 5 		 9.408671
b13 		 6 		 9.408671
b13 		 7 		 9.408671
b13 		 8 		 9.408671
b13 		 9 		 9.408671
b13 		 10 		 9.408671
b13 		 11 		 9.408671
b13 		 12 		 9.408671
b13 		 13 		 9.408671
b13 		 14 		 9.408671
b13 		 15 		 9.408671
b13 		 16 		 9.408671
b13 		 17 		 9.408671
b13 		 18 		 9.408671
b13 		 19 		 9.408671
b13 		 20 		 9.408671
b13 		 21 		 9.408671
b13 		 22 		 9.408671
b13 		 23 		 9.408671
b13 		 24 		 9.408671
b13 		 25 		 9.614507
b13 		 26 		 9.614507
b13 		 27 		 9.614507
b13 		 28 		 9.614507
b13 		 29 		 9.614507
b13 		 30 		 9.614507
b13 		 31 		 9.614507
b13 		 32 		 9.614507
b13 		 33 		 9.614507
b13 		 34 		 9.614507
b13 		 35 		 9.614507
b13 		 36 		 9.614507
b13 		 37 		 9.614507
b13 		 38 		 9.614507
b13 		 39 		 9.614507
b13 		 40 		 9.614507
b13 		 41 		 10.185876
b13 		 42 		 9.614507
b13 		 43 		 9.614507
b13 		 44 		 9.614507
b13 		 45 		 10.185876
b13 		 46 		 10.185876
b13 		 47 		 10.185876
b13 		 48 		 10.185876
b13 		 49 		 10.185876
b13 		 50 		 11.493892
b13 		 51 		 11.493892
b13 		 52 		 11.493892
b13 		 53 		 11.493892
b13 		 54 		 11.493892
b13 		 55 		 11.493892
b13 		 56 		 11.493892
b13 		 57 		 11.493892
b13 		 58 		 11.493892
b13 		 59 		 11.493892
b13 		 60 		 11.493892
b13 		 61 		 11.493892
b13 		 62 		 13.296712
b13 		 63 		 11.493892
b13 		 64 		 11.493892
b13 		 65 		 13.296712
b13 		 66 		 11.493892
b13 		 67 		 11.493892
b13 		 68 		 11.493892
b13 		 69 		 11.493892
b13 		 70 		 11.493892
b13 		 71 		 11.493892
b13 		 72 		 11.493892
b13 		 73 		 11.493892
b13 		 74 		 11.493892
b13 		 75 		 11.493892
b13 		 76 		 11.493892
b13 		 77 		 11.493892
b13 		 78 		 10.185876
b13 		 79 		 11.493892
b13 		 80 		 10.185876
b13 		 81 		 10.185876
b13 		 82 		 10.185876
b13 		 83 		 10.185876
b13 		 84 		 10.185876
b13 		 85 		 9.614507
b13 		 86 		 10.185876
b13 		 87 		 10.185876
b13 		 88 		 9.614507
b13 		 89 		 9.614507
b13 		 90 		 9.614507
b13 		 91 		 9.614507
b13 		 92 		 9.614507
b13 		 93 		 9.614507
b13 		 94 		 9.614507
b13 		 95 		 9.614507
b13 		 96 		 9.614507
----------------------------------------------------------------------------------------------------
b14 		 1 		 9.614507
b14 		 2 		 9.614507
b14 		 3 		 9.614507
b14 		 4 		 9.614507
b14 		 5 		 9.408671
b14 		 6 		 9.408671
b14 		 7 		 9.408671
b14 		 8 		 9.408671
b14 		 9 		 9.408671
b14 		 10 		 9.408671
b14 		 11 		 9.408671
b14 		 12 		 9.408671
b14 		 13 		 9.408671
b14 		 14 		 9.408671
b14 		 15 		 9.408671
b14 		 16 		 9.408671
b14 		 17 		 9.408671
b14 		 18 		 9.408671
b14 		 19 		 9.408671
b14 		 20 		 9.408671
b14 		 21 		 9.408671
b14 		 22 		 9.408671
b14 		 23 		 9.408671
b14 		 24 		 9.408671
b14 		 25 		 9.614507
b14 		 26 		 9.614507
b14 		 27 		 9.614507
b14 		 28 		 9.614507
b14 		 29 		 9.614507
b14 		 30 		 9.614507
b14 		 31 		 9.614507
b14 		 32 		 9.614507
b14 		 33 		 9.614507
b14 		 34 		 9.614507
b14 		 35 		 9.614507
b14 		 36 		 9.614507
b14 		 37 		 9.614507
b14 		 38 		 9.614507
b14 		 39 		 9.614507
b14 		 40 		 9.614507
b14 		 41 		 10.185876
b14 		 42 		 9.614507
b14 		 43 		 9.614507
b14 		 44 		 9.614507
b14 		 45 		 10.185876
b14 		 46 		 10.185876
b14 		 47 		 10.185876
b14 		 48 		 10.185876
b14 		 49 		 10.185876
b14 		 50 		 11.493892
b14 		 51 		 11.493892
b14 		 52 		 11.493892
b14 		 53 		 11.493892
b14 		 54 		 11.493892
b14 		 55 		 11.493892
b14 		 56 		 11.493892
b14 		 57 		 11.493892
b14 		 58 		 11.493892
b14 		 59 		 11.493892
b14 		 60 		 11.493892
b14 		 61 		 11.493892
b14 		 62 		 13.296712
b14 		 63 		 11.493892
b14 		 64 		 11.493892
b14 		 65 		 13.296712
b14 		 66 		 11.493892
b14 		 67 		 11.493892
b14 		 68 		 11.493892
b14 		 69 		 11.493892
b14 		 70 		 11.493892
b14 		 71 		 11.493892
b14 		 72 		 11.493892
b14 		 73 		 11.493892
b14 		 74 		 11.493892
b14 		 75 		 11.493892
b14 		 76 		 11.493892
b14 		 77 		 11.493892
b14 		 78 		 10.185876
b14 		 79 		 11.493892
b14 		 80 		 10.185876
b14 		 81 		 10.185876
b14 		 82 		 10.185876
b14 		 83 		 10.185876
b14 		 84 		 10.185876
b14 		 85 		 9.614507
b14 		 86 		 10.185876
b14 		 87 		 10.185876
b14 		 88 		 9.614507
b14 		 89 		 9.614507
b14 		 90 		 9.614507
b14 		 91 		 9.614507
b14 		 92 		 9.614507
b14 		 93 		 9.614507
b14 		 94 		 9.614507
b14 		 95 		 9.614507
b14 		 96 		 9.614507
----------------------------------------------------------------------------------------------------
Total overall payments
----------------------------------------------------------------------------------------------------------------------------------------------------
total generation payment 	 total up-FRP payment 	 total dw-FRP payment 	 total pre-up t. payment 	 uplift payment 	 total post-up t. payment 	 profit
----------------------------------------------------------------------------------------------------------------------------------------------------
346190.66464800003 			 0.0 			 0.0 			 346190.66464800003			 18176.030493 			 364366.69514100003 			 42251.52975400002
