****************************************************************************************************
 
Generation payment
----------------------------------------------------------------------------------------------------------------
unit	 time 	 generation payment 	 up-FRP payment 	 dw-FRP payment 	pre-up total payment
----------------------------------------------------------------------------------------------------------------
g1	 1 	 40.243577 			 0.0 			 0.0			 40.243577 
g1	 2 	 -78.945138 			 0.0 			 0.0			 -78.945138 
g1	 3 	 410.927067 			 0.0 			 0.0			 410.927067 
g1	 4 	 214.558059 			 0.0 			 0.0			 214.558059 
g1	 5 	 41.21521 			 0.0 			 0.0			 41.21521 
g1	 6 	 168.408879 			 0.0 			 0.0			 168.408879 
g1	 7 	 -56.357093 			 0.0 			 0.0			 -56.357093 
g1	 8 	 90.110709 			 0.0 			 0.0			 90.110709 
g1	 9 	 19.813927 			 0.0 			 0.0			 19.813927 
g1	 10 	 113.464884 			 0.0 			 0.0			 113.464884 
g1	 11 	 159.508022 			 0.0 			 0.0			 159.508022 
g1	 12 	 184.654417 			 0.0 			 0.0			 184.654417 
g1	 13 	 240.534076 			 0.0 			 0.0			 240.534076 
g1	 14 	 59.104048 			 0.0 			 0.0			 59.104048 
g1	 15 	 -14.522604 			 0.0 			 0.0			 -14.522604 
g1	 16 	 145.783095 			 0.0 			 0.0			 145.783095 
g1	 17 	 -67.28119 			 0.0 			 0.0			 -67.28119 
g1	 18 	 290.732149 			 0.0 			 0.0			 290.732149 
g1	 19 	 48.486758 			 0.0 			 0.0			 48.486758 
g1	 20 	 64.002005 			 0.0 			 0.0			 64.002005 
g1	 21 	 205.163814 			 0.0 			 0.0			 205.163814 
g1	 22 	 207.02341 			 0.0 			 0.0			 207.02341 
g1	 23 	 13.70945 			 0.0 			 0.0			 13.70945 
g1	 24 	 -137.879849 			 0.0 			 0.0			 -137.879849 
g1	 25 	 -239.376734 			 0.0 			 0.0			 -239.376734 
g1	 26 	 57.124238 			 0.0 			 0.0			 57.124238 
g1	 27 	 291.924459 			 0.0 			 0.0			 291.924459 
g1	 28 	 -15.025723 			 0.0 			 0.0			 -15.025723 
g1	 29 	 19.595119 			 0.0 			 0.0			 19.595119 
g1	 30 	 61.431902 			 0.0 			 0.0			 61.431902 
g1	 31 	 157.048088 			 0.0 			 0.0			 157.048088 
g1	 32 	 251.920774 			 0.0 			 0.0			 251.920774 
g1	 33 	 159.359482 			 0.0 			 0.0			 159.359482 
g1	 34 	 151.746052 			 0.0 			 0.0			 151.746052 
g1	 35 	 151.746052 			 0.0 			 0.0			 151.746052 
g1	 36 	 228.241791 			 0.0 			 0.0			 228.241791 
g1	 37 	 402.784407 			 0.0 			 0.0			 402.784407 
g1	 38 	 245.716398 			 0.0 			 0.0			 245.716398 
g1	 39 	 9.943708 			 0.0 			 0.0			 9.943708 
g1	 40 	 268.110854 			 0.0 			 0.0			 268.110854 
g1	 41 	 706.494417 			 0.0 			 0.0			 706.494417 
g1	 42 	 403.844925 			 0.0 			 0.0			 403.844925 
g1	 43 	 286.507646 			 0.0 			 0.0			 286.507646 
g1	 44 	 18.453075 			 0.0 			 0.0			 18.453075 
g1	 45 	 307.716017 			 0.0 			 0.0			 307.716017 
g1	 46 	 512.063462 			 0.0 			 0.0			 512.063462 
g1	 47 	 462.552413 			 0.0 			 0.0			 462.552413 
g1	 48 	 -45.472638 			 0.0 			 0.0			 -45.472638 
g1	 49 	 -212.835237 			 0.0 			 0.0			 -212.835237 
g1	 50 	 393.487074 			 0.0 			 0.0			 393.487074 
g1	 51 	 393.487074 			 0.0 			 0.0			 393.487074 
g1	 52 	 -227.142311 			 0.0 			 0.0			 -227.142311 
g1	 53 	 236.602644 			 0.0 			 0.0			 236.602644 
g1	 54 	 203.163938 			 0.0 			 0.0			 203.163938 
g1	 55 	 203.163938 			 0.0 			 0.0			 203.163938 
g1	 56 	 203.163938 			 0.0 			 0.0			 203.163938 
g1	 57 	 165.924859 			 0.0 			 0.0			 165.924859 
g1	 58 	 200.487051 			 0.0 			 0.0			 200.487051 
g1	 59 	 186.287169 			 0.0 			 0.0			 186.287169 
g1	 60 	 181.809257 			 0.0 			 0.0			 181.809257 
g1	 61 	 -197.019016 			 0.0 			 0.0			 -197.019016 
g1	 62 	 172.152509 			 0.0 			 0.0			 172.152509 
g1	 63 	 -360.449108 			 0.0 			 0.0			 -360.449108 
g1	 64 	 186.287169 			 0.0 			 0.0			 186.287169 
g1	 65 	 61.649161 			 0.0 			 0.0			 61.649161 
g1	 66 	 -86.099362 			 0.0 			 0.0			 -86.099362 
g1	 67 	 213.57293 			 0.0 			 0.0			 213.57293 
g1	 68 	 -14.883257 			 0.0 			 0.0			 -14.883257 
g1	 69 	 24.841607 			 0.0 			 0.0			 24.841607 
g1	 70 	 172.152509 			 0.0 			 0.0			 172.152509 
g1	 71 	 186.287169 			 0.0 			 0.0			 186.287169 
g1	 72 	 53.161224 			 0.0 			 0.0			 53.161224 
g1	 73 	 -119.672451 			 0.0 			 0.0			 -119.672451 
g1	 74 	 75.561093 			 0.0 			 0.0			 75.561093 
g1	 75 	 211.833531 			 0.0 			 0.0			 211.833531 
g1	 76 	 -292.766142 			 0.0 			 0.0			 -292.766142 
g1	 77 	 53.892629 			 0.0 			 0.0			 53.892629 
g1	 78 	 123.042009 			 0.0 			 0.0			 123.042009 
g1	 79 	 -85.222048 			 0.0 			 0.0			 -85.222048 
g1	 80 	 -85.098549 			 0.0 			 0.0			 -85.098549 
g1	 81 	 172.152509 			 0.0 			 0.0			 172.152509 
g1	 82 	 186.287169 			 0.0 			 0.0			 186.287169 
g1	 83 	 12.544701 			 0.0 			 0.0			 12.544701 
g1	 84 	 186.287169 			 0.0 			 0.0			 186.287169 
g1	 85 	 -182.066347 			 0.0 			 0.0			 -182.066347 
g1	 86 	 60.046779 			 0.0 			 0.0			 60.046779 
g1	 87 	 -12.011894 			 0.0 			 0.0			 -12.011894 
g1	 88 	 305.242286 			 0.0 			 0.0			 305.242286 
g1	 89 	 88.431527 			 0.0 			 0.0			 88.431527 
g1	 90 	 139.999269 			 0.0 			 0.0			 139.999269 
g1	 91 	 -25.313112 			 0.0 			 0.0			 -25.313112 
g1	 92 	 -42.026782 			 0.0 			 0.0			 -42.026782 
g1	 93 	 215.897091 			 0.0 			 0.0			 215.897091 
g1	 94 	 159.844266 			 0.0 			 0.0			 159.844266 
g1	 95 	 164.076206 			 0.0 			 0.0			 164.076206 
g1	 96 	 206.58871 			 0.0 			 0.0			 206.58871 
----------------------------------------------------------------------------------------------------
g2	 1 	 0.0 			 0.0 			 0.0			 0.0 
g2	 2 	 0.0 			 0.0 			 0.0			 0.0 
g2	 3 	 0.0 			 0.0 			 0.0			 0.0 
g2	 4 	 0.0 			 0.0 			 0.0			 0.0 
g2	 5 	 0.0 			 0.0 			 0.0			 0.0 
g2	 6 	 0.0 			 0.0 			 0.0			 0.0 
g2	 7 	 0.0 			 0.0 			 0.0			 0.0 
g2	 8 	 0.0 			 0.0 			 0.0			 0.0 
g2	 9 	 0.0 			 0.0 			 0.0			 0.0 
g2	 10 	 0.0 			 0.0 			 0.0			 0.0 
g2	 11 	 0.0 			 0.0 			 0.0			 0.0 
g2	 12 	 0.0 			 0.0 			 0.0			 0.0 
g2	 13 	 0.0 			 0.0 			 0.0			 0.0 
g2	 14 	 0.0 			 0.0 			 0.0			 0.0 
g2	 15 	 0.0 			 0.0 			 0.0			 0.0 
g2	 16 	 0.0 			 0.0 			 0.0			 0.0 
g2	 17 	 0.0 			 0.0 			 0.0			 0.0 
g2	 18 	 0.0 			 0.0 			 0.0			 0.0 
g2	 19 	 0.0 			 0.0 			 0.0			 0.0 
g2	 20 	 0.0 			 0.0 			 0.0			 0.0 
g2	 21 	 0.0 			 0.0 			 0.0			 0.0 
g2	 22 	 0.0 			 0.0 			 0.0			 0.0 
g2	 23 	 0.0 			 0.0 			 0.0			 0.0 
g2	 24 	 0.0 			 0.0 			 0.0			 0.0 
g2	 25 	 0.0 			 0.0 			 0.0			 0.0 
g2	 26 	 0.0 			 0.0 			 0.0			 0.0 
g2	 27 	 0.0 			 0.0 			 0.0			 0.0 
g2	 28 	 0.0 			 0.0 			 0.0			 0.0 
g2	 29 	 0.0 			 0.0 			 0.0			 0.0 
g2	 30 	 0.0 			 0.0 			 0.0			 0.0 
g2	 31 	 0.0 			 0.0 			 0.0			 0.0 
g2	 32 	 0.0 			 0.0 			 0.0			 0.0 
g2	 33 	 21.701904 			 0.0 			 0.0			 21.701904 
g2	 34 	 -46.326275 			 0.0 			 0.0			 -46.326275 
g2	 35 	 -76.67934 			 0.0 			 0.0			 -76.67934 
g2	 36 	 21.701904 			 0.0 			 0.0			 21.701904 
g2	 37 	 21.701904 			 0.0 			 0.0			 21.701904 
g2	 38 	 21.701904 			 0.0 			 0.0			 21.701904 
g2	 39 	 21.701904 			 0.0 			 0.0			 21.701904 
g2	 40 	 21.701904 			 0.0 			 0.0			 21.701904 
g2	 41 	 45.515139 			 0.0 			 0.0			 45.515139 
g2	 42 	 21.701904 			 0.0 			 0.0			 21.701904 
g2	 43 	 21.701904 			 0.0 			 0.0			 21.701904 
g2	 44 	 21.701904 			 0.0 			 0.0			 21.701904 
g2	 45 	 21.701904 			 0.0 			 0.0			 21.701904 
g2	 46 	 95.614299 			 0.0 			 0.0			 95.614299 
g2	 47 	 21.701904 			 0.0 			 0.0			 21.701904 
g2	 48 	 21.701904 			 0.0 			 0.0			 21.701904 
g2	 49 	 99.724962 			 0.0 			 0.0			 99.724962 
g2	 50 	 398.558544 			 0.0 			 0.0			 398.558544 
g2	 51 	 453.344341 			 0.0 			 0.0			 453.344341 
g2	 52 	 150.068035 			 0.0 			 0.0			 150.068035 
g2	 53 	 453.344341 			 0.0 			 0.0			 453.344341 
g2	 54 	 191.571056 			 0.0 			 0.0			 191.571056 
g2	 55 	 340.416631 			 0.0 			 0.0			 340.416631 
g2	 56 	 274.554298 			 0.0 			 0.0			 274.554298 
g2	 57 	 79.04564 			 0.0 			 0.0			 79.04564 
g2	 58 	 360.456835 			 0.0 			 0.0			 360.456835 
g2	 59 	 309.19464 			 0.0 			 0.0			 309.19464 
g2	 60 	 297.815397 			 0.0 			 0.0			 297.815397 
g2	 61 	 13.569934 			 0.0 			 0.0			 13.569934 
g2	 62 	 48.976483 			 0.0 			 0.0			 48.976483 
g2	 63 	 -69.494176 			 0.0 			 0.0			 -69.494176 
g2	 64 	 166.511659 			 0.0 			 0.0			 166.511659 
g2	 65 	 -127.426484 			 0.0 			 0.0			 -127.426484 
g2	 66 	 5.514564 			 0.0 			 0.0			 5.514564 
g2	 67 	 289.487062 			 0.0 			 0.0			 289.487062 
g2	 68 	 5.514564 			 0.0 			 0.0			 5.514564 
g2	 69 	 -106.233899 			 0.0 			 0.0			 -106.233899 
g2	 70 	 66.605219 			 0.0 			 0.0			 66.605219 
g2	 71 	 223.662651 			 0.0 			 0.0			 223.662651 
g2	 72 	 -19.642149 			 0.0 			 0.0			 -19.642149 
g2	 73 	 21.701904 			 0.0 			 0.0			 21.701904 
g2	 74 	 93.775094 			 0.0 			 0.0			 93.775094 
g2	 75 	 363.518198 			 0.0 			 0.0			 363.518198 
g2	 76 	 93.775094 			 0.0 			 0.0			 93.775094 
g2	 77 	 21.701904 			 0.0 			 0.0			 21.701904 
g2	 78 	 21.701904 			 0.0 			 0.0			 21.701904 
g2	 79 	 21.701904 			 0.0 			 0.0			 21.701904 
g2	 80 	 21.701904 			 0.0 			 0.0			 21.701904 
g2	 81 	 168.090534 			 0.0 			 0.0			 168.090534 
g2	 82 	 329.846624 			 0.0 			 0.0			 329.846624 
g2	 83 	 72.980675 			 0.0 			 0.0			 72.980675 
g2	 84 	 283.022578 			 0.0 			 0.0			 283.022578 
g2	 85 	 65.590962 			 0.0 			 0.0			 65.590962 
g2	 86 	 21.701904 			 0.0 			 0.0			 21.701904 
g2	 87 	 21.701904 			 0.0 			 0.0			 21.701904 
g2	 88 	 22.056021 			 0.0 			 0.0			 22.056021 
g2	 89 	 14.854127 			 0.0 			 0.0			 14.854127 
g2	 90 	 21.701904 			 0.0 			 0.0			 21.701904 
g2	 91 	 21.701904 			 0.0 			 0.0			 21.701904 
g2	 92 	 -135.05288 			 0.0 			 0.0			 -135.05288 
g2	 93 	 73.138718 			 0.0 			 0.0			 73.138718 
g2	 94 	 -97.878995 			 0.0 			 0.0			 -97.878995 
g2	 95 	 73.138718 			 0.0 			 0.0			 73.138718 
g2	 96 	 73.138718 			 0.0 			 0.0			 73.138718 
----------------------------------------------------------------------------------------------------
g3	 1 	 0.0 			 0.0 			 0.0			 0.0 
g3	 2 	 0.0 			 0.0 			 0.0			 0.0 
g3	 3 	 0.0 			 0.0 			 0.0			 0.0 
g3	 4 	 0.0 			 0.0 			 0.0			 0.0 
g3	 5 	 0.0 			 0.0 			 0.0			 0.0 
g3	 6 	 0.0 			 0.0 			 0.0			 0.0 
g3	 7 	 0.0 			 0.0 			 0.0			 0.0 
g3	 8 	 0.0 			 0.0 			 0.0			 0.0 
g3	 9 	 0.0 			 0.0 			 0.0			 0.0 
g3	 10 	 0.0 			 0.0 			 0.0			 0.0 
g3	 11 	 0.0 			 0.0 			 0.0			 0.0 
g3	 12 	 0.0 			 0.0 			 0.0			 0.0 
g3	 13 	 0.0 			 0.0 			 0.0			 0.0 
g3	 14 	 0.0 			 0.0 			 0.0			 0.0 
g3	 15 	 0.0 			 0.0 			 0.0			 0.0 
g3	 16 	 0.0 			 0.0 			 0.0			 0.0 
g3	 17 	 0.0 			 0.0 			 0.0			 0.0 
g3	 18 	 0.0 			 0.0 			 0.0			 0.0 
g3	 19 	 0.0 			 0.0 			 0.0			 0.0 
g3	 20 	 0.0 			 0.0 			 0.0			 0.0 
g3	 21 	 0.0 			 0.0 			 0.0			 0.0 
g3	 22 	 0.0 			 0.0 			 0.0			 0.0 
g3	 23 	 0.0 			 0.0 			 0.0			 0.0 
g3	 24 	 0.0 			 0.0 			 0.0			 0.0 
g3	 25 	 0.0 			 0.0 			 0.0			 0.0 
g3	 26 	 0.0 			 0.0 			 0.0			 0.0 
g3	 27 	 0.0 			 0.0 			 0.0			 0.0 
g3	 28 	 0.0 			 0.0 			 0.0			 0.0 
g3	 29 	 0.0 			 0.0 			 0.0			 0.0 
g3	 30 	 0.0 			 0.0 			 0.0			 0.0 
g3	 31 	 0.0 			 0.0 			 0.0			 0.0 
g3	 32 	 0.0 			 0.0 			 0.0			 0.0 
g3	 33 	 0.0 			 0.0 			 0.0			 0.0 
g3	 34 	 0.0 			 0.0 			 0.0			 0.0 
g3	 35 	 0.0 			 0.0 			 0.0			 0.0 
g3	 36 	 0.0 			 0.0 			 0.0			 0.0 
g3	 37 	 0.0 			 0.0 			 0.0			 0.0 
g3	 38 	 0.0 			 0.0 			 0.0			 0.0 
g3	 39 	 0.0 			 0.0 			 0.0			 0.0 
g3	 40 	 0.0 			 0.0 			 0.0			 0.0 
g3	 41 	 16.491381 			 0.0 			 0.0			 16.491381 
g3	 42 	 15.56631 			 0.0 			 0.0			 15.56631 
g3	 43 	 15.56631 			 0.0 			 0.0			 15.56631 
g3	 44 	 15.56631 			 0.0 			 0.0			 15.56631 
g3	 45 	 15.56631 			 0.0 			 0.0			 15.56631 
g3	 46 	 16.491381 			 0.0 			 0.0			 16.491381 
g3	 47 	 15.56631 			 0.0 			 0.0			 15.56631 
g3	 48 	 15.56631 			 0.0 			 0.0			 15.56631 
g3	 49 	 -53.344675 			 0.0 			 0.0			 -53.344675 
g3	 50 	 33.582456 			 0.0 			 0.0			 33.582456 
g3	 51 	 136.273864 			 0.0 			 0.0			 136.273864 
g3	 52 	 15.298225 			 0.0 			 0.0			 15.298225 
g3	 53 	 76.183383 			 0.0 			 0.0			 76.183383 
g3	 54 	 16.491381 			 0.0 			 0.0			 16.491381 
g3	 55 	 16.491381 			 0.0 			 0.0			 16.491381 
g3	 56 	 16.491381 			 0.0 			 0.0			 16.491381 
g3	 57 	 15.894803 			 0.0 			 0.0			 15.894803 
g3	 58 	 130.40529 			 0.0 			 0.0			 130.40529 
g3	 59 	 17.845414 			 0.0 			 0.0			 17.845414 
g3	 60 	 17.416451 			 0.0 			 0.0			 17.416451 
g3	 61 	 15.56631 			 0.0 			 0.0			 15.56631 
g3	 62 	 16.491381 			 0.0 			 0.0			 16.491381 
g3	 63 	 15.56631 			 0.0 			 0.0			 15.56631 
g3	 64 	 17.845414 			 0.0 			 0.0			 17.845414 
g3	 65 	 15.56631 			 0.0 			 0.0			 15.56631 
g3	 66 	 15.56631 			 0.0 			 0.0			 15.56631 
g3	 67 	 203.374463 			 0.0 			 0.0			 203.374463 
g3	 68 	 15.56631 			 0.0 			 0.0			 15.56631 
g3	 69 	 15.56631 			 0.0 			 0.0			 15.56631 
g3	 70 	 16.491381 			 0.0 			 0.0			 16.491381 
g3	 71 	 17.845414 			 0.0 			 0.0			 17.845414 
g3	 72 	 15.56631 			 0.0 			 0.0			 15.56631 
g3	 73 	 15.56631 			 0.0 			 0.0			 15.56631 
g3	 74 	 15.56631 			 0.0 			 0.0			 15.56631 
g3	 75 	 18.341523 			 0.0 			 0.0			 18.341523 
g3	 76 	 15.56631 			 0.0 			 0.0			 15.56631 
g3	 77 	 15.56631 			 0.0 			 0.0			 15.56631 
g3	 78 	 15.56631 			 0.0 			 0.0			 15.56631 
g3	 79 	 15.56631 			 0.0 			 0.0			 15.56631 
g3	 80 	 15.56631 			 0.0 			 0.0			 15.56631 
g3	 81 	 0.0 			 0.0 			 0.0			 0.0 
g3	 82 	 0.0 			 0.0 			 0.0			 0.0 
g3	 83 	 0.0 			 0.0 			 0.0			 0.0 
g3	 84 	 0.0 			 0.0 			 0.0			 0.0 
g3	 85 	 0.0 			 0.0 			 0.0			 0.0 
g3	 86 	 0.0 			 0.0 			 0.0			 0.0 
g3	 87 	 0.0 			 0.0 			 0.0			 0.0 
g3	 88 	 0.0 			 0.0 			 0.0			 0.0 
g3	 89 	 0.0 			 0.0 			 0.0			 0.0 
g3	 90 	 0.0 			 0.0 			 0.0			 0.0 
g3	 91 	 0.0 			 0.0 			 0.0			 0.0 
g3	 92 	 0.0 			 0.0 			 0.0			 0.0 
g3	 93 	 0.0 			 0.0 			 0.0			 0.0 
g3	 94 	 0.0 			 0.0 			 0.0			 0.0 
g3	 95 	 0.0 			 0.0 			 0.0			 0.0 
g3	 96 	 0.0 			 0.0 			 0.0			 0.0 
----------------------------------------------------------------------------------------------------
g4	 1 	 0.0 			 0.0 			 0.0			 0.0 
g4	 2 	 0.0 			 0.0 			 0.0			 0.0 
g4	 3 	 0.0 			 0.0 			 0.0			 0.0 
g4	 4 	 0.0 			 0.0 			 0.0			 0.0 
g4	 5 	 0.0 			 0.0 			 0.0			 0.0 
g4	 6 	 0.0 			 0.0 			 0.0			 0.0 
g4	 7 	 0.0 			 0.0 			 0.0			 0.0 
g4	 8 	 0.0 			 0.0 			 0.0			 0.0 
g4	 9 	 0.0 			 0.0 			 0.0			 0.0 
g4	 10 	 0.0 			 0.0 			 0.0			 0.0 
g4	 11 	 0.0 			 0.0 			 0.0			 0.0 
g4	 12 	 0.0 			 0.0 			 0.0			 0.0 
g4	 13 	 0.0 			 0.0 			 0.0			 0.0 
g4	 14 	 0.0 			 0.0 			 0.0			 0.0 
g4	 15 	 0.0 			 0.0 			 0.0			 0.0 
g4	 16 	 0.0 			 0.0 			 0.0			 0.0 
g4	 17 	 0.0 			 0.0 			 0.0			 0.0 
g4	 18 	 0.0 			 0.0 			 0.0			 0.0 
g4	 19 	 0.0 			 0.0 			 0.0			 0.0 
g4	 20 	 0.0 			 0.0 			 0.0			 0.0 
g4	 21 	 0.0 			 0.0 			 0.0			 0.0 
g4	 22 	 0.0 			 0.0 			 0.0			 0.0 
g4	 23 	 0.0 			 0.0 			 0.0			 0.0 
g4	 24 	 0.0 			 0.0 			 0.0			 0.0 
g4	 25 	 0.0 			 0.0 			 0.0			 0.0 
g4	 26 	 0.0 			 0.0 			 0.0			 0.0 
g4	 27 	 0.0 			 0.0 			 0.0			 0.0 
g4	 28 	 0.0 			 0.0 			 0.0			 0.0 
g4	 29 	 0.0 			 0.0 			 0.0			 0.0 
g4	 30 	 0.0 			 0.0 			 0.0			 0.0 
g4	 31 	 0.0 			 0.0 			 0.0			 0.0 
g4	 32 	 0.0 			 0.0 			 0.0			 0.0 
g4	 33 	 0.0 			 0.0 			 0.0			 0.0 
g4	 34 	 0.0 			 0.0 			 0.0			 0.0 
g4	 35 	 0.0 			 0.0 			 0.0			 0.0 
g4	 36 	 0.0 			 0.0 			 0.0			 0.0 
g4	 37 	 0.0 			 0.0 			 0.0			 0.0 
g4	 38 	 0.0 			 0.0 			 0.0			 0.0 
g4	 39 	 0.0 			 0.0 			 0.0			 0.0 
g4	 40 	 0.0 			 0.0 			 0.0			 0.0 
g4	 41 	 0.0 			 0.0 			 0.0			 0.0 
g4	 42 	 0.0 			 0.0 			 0.0			 0.0 
g4	 43 	 0.0 			 0.0 			 0.0			 0.0 
g4	 44 	 0.0 			 0.0 			 0.0			 0.0 
g4	 45 	 0.0 			 0.0 			 0.0			 0.0 
g4	 46 	 0.0 			 0.0 			 0.0			 0.0 
g4	 47 	 0.0 			 0.0 			 0.0			 0.0 
g4	 48 	 0.0 			 0.0 			 0.0			 0.0 
g4	 49 	 0.0 			 0.0 			 0.0			 0.0 
g4	 50 	 0.0 			 0.0 			 0.0			 0.0 
g4	 51 	 0.0 			 0.0 			 0.0			 0.0 
g4	 52 	 0.0 			 0.0 			 0.0			 0.0 
g4	 53 	 0.0 			 0.0 			 0.0			 0.0 
g4	 54 	 0.0 			 0.0 			 0.0			 0.0 
g4	 55 	 0.0 			 0.0 			 0.0			 0.0 
g4	 56 	 0.0 			 0.0 			 0.0			 0.0 
g4	 57 	 0.0 			 0.0 			 0.0			 0.0 
g4	 58 	 0.0 			 0.0 			 0.0			 0.0 
g4	 59 	 0.0 			 0.0 			 0.0			 0.0 
g4	 60 	 0.0 			 0.0 			 0.0			 0.0 
g4	 61 	 0.0 			 0.0 			 0.0			 0.0 
g4	 62 	 0.0 			 0.0 			 0.0			 0.0 
g4	 63 	 0.0 			 0.0 			 0.0			 0.0 
g4	 64 	 0.0 			 0.0 			 0.0			 0.0 
g4	 65 	 0.0 			 0.0 			 0.0			 0.0 
g4	 66 	 0.0 			 0.0 			 0.0			 0.0 
g4	 67 	 0.0 			 0.0 			 0.0			 0.0 
g4	 68 	 0.0 			 0.0 			 0.0			 0.0 
g4	 69 	 0.0 			 0.0 			 0.0			 0.0 
g4	 70 	 0.0 			 0.0 			 0.0			 0.0 
g4	 71 	 0.0 			 0.0 			 0.0			 0.0 
g4	 72 	 0.0 			 0.0 			 0.0			 0.0 
g4	 73 	 0.0 			 0.0 			 0.0			 0.0 
g4	 74 	 0.0 			 0.0 			 0.0			 0.0 
g4	 75 	 0.0 			 0.0 			 0.0			 0.0 
g4	 76 	 0.0 			 0.0 			 0.0			 0.0 
g4	 77 	 0.0 			 0.0 			 0.0			 0.0 
g4	 78 	 0.0 			 0.0 			 0.0			 0.0 
g4	 79 	 0.0 			 0.0 			 0.0			 0.0 
g4	 80 	 0.0 			 0.0 			 0.0			 0.0 
g4	 81 	 0.0 			 0.0 			 0.0			 0.0 
g4	 82 	 0.0 			 0.0 			 0.0			 0.0 
g4	 83 	 0.0 			 0.0 			 0.0			 0.0 
g4	 84 	 0.0 			 0.0 			 0.0			 0.0 
g4	 85 	 0.0 			 0.0 			 0.0			 0.0 
g4	 86 	 0.0 			 0.0 			 0.0			 0.0 
g4	 87 	 0.0 			 0.0 			 0.0			 0.0 
g4	 88 	 0.0 			 0.0 			 0.0			 0.0 
g4	 89 	 0.0 			 0.0 			 0.0			 0.0 
g4	 90 	 0.0 			 0.0 			 0.0			 0.0 
g4	 91 	 0.0 			 0.0 			 0.0			 0.0 
g4	 92 	 0.0 			 0.0 			 0.0			 0.0 
g4	 93 	 0.0 			 0.0 			 0.0			 0.0 
g4	 94 	 0.0 			 0.0 			 0.0			 0.0 
g4	 95 	 0.0 			 0.0 			 0.0			 0.0 
g4	 96 	 0.0 			 0.0 			 0.0			 0.0 
----------------------------------------------------------------------------------------------------
g5	 1 	 0.0 			 0.0 			 0.0			 0.0 
g5	 2 	 0.0 			 0.0 			 0.0			 0.0 
g5	 3 	 0.0 			 0.0 			 0.0			 0.0 
g5	 4 	 0.0 			 0.0 			 0.0			 0.0 
g5	 5 	 21.893178 			 0.0 			 0.0			 21.893178 
g5	 6 	 21.893178 			 0.0 			 0.0			 21.893178 
g5	 7 	 21.893178 			 0.0 			 0.0			 21.893178 
g5	 8 	 21.893178 			 0.0 			 0.0			 21.893178 
g5	 9 	 21.893178 			 0.0 			 0.0			 21.893178 
g5	 10 	 21.893178 			 0.0 			 0.0			 21.893178 
g5	 11 	 21.893178 			 0.0 			 0.0			 21.893178 
g5	 12 	 21.893178 			 0.0 			 0.0			 21.893178 
g5	 13 	 21.893178 			 0.0 			 0.0			 21.893178 
g5	 14 	 21.893178 			 0.0 			 0.0			 21.893178 
g5	 15 	 21.893178 			 0.0 			 0.0			 21.893178 
g5	 16 	 21.893178 			 0.0 			 0.0			 21.893178 
g5	 17 	 21.893178 			 0.0 			 0.0			 21.893178 
g5	 18 	 21.893178 			 0.0 			 0.0			 21.893178 
g5	 19 	 21.893178 			 0.0 			 0.0			 21.893178 
g5	 20 	 21.893178 			 0.0 			 0.0			 21.893178 
g5	 21 	 21.893178 			 0.0 			 0.0			 21.893178 
g5	 22 	 21.893178 			 0.0 			 0.0			 21.893178 
g5	 23 	 21.893178 			 0.0 			 0.0			 21.893178 
g5	 24 	 21.893178 			 0.0 			 0.0			 21.893178 
g5	 25 	 19.679411 			 0.0 			 0.0			 19.679411 
g5	 26 	 19.679411 			 0.0 			 0.0			 19.679411 
g5	 27 	 20.109943 			 0.0 			 0.0			 20.109943 
g5	 28 	 19.679411 			 0.0 			 0.0			 19.679411 
g5	 29 	 21.893178 			 0.0 			 0.0			 21.893178 
g5	 30 	 22.372141 			 0.0 			 0.0			 22.372141 
g5	 31 	 22.372141 			 0.0 			 0.0			 22.372141 
g5	 32 	 22.372141 			 0.0 			 0.0			 22.372141 
g5	 33 	 22.372141 			 0.0 			 0.0			 22.372141 
g5	 34 	 22.007089 			 0.0 			 0.0			 22.007089 
g5	 35 	 22.007089 			 0.0 			 0.0			 22.007089 
g5	 36 	 22.372141 			 0.0 			 0.0			 22.372141 
g5	 37 	 22.372141 			 0.0 			 0.0			 22.372141 
g5	 38 	 22.372141 			 0.0 			 0.0			 22.372141 
g5	 39 	 22.372141 			 0.0 			 0.0			 22.372141 
g5	 40 	 22.372141 			 0.0 			 0.0			 22.372141 
g5	 41 	 23.701668 			 0.0 			 0.0			 23.701668 
g5	 42 	 22.372141 			 0.0 			 0.0			 22.372141 
g5	 43 	 22.372141 			 0.0 			 0.0			 22.372141 
g5	 44 	 22.372141 			 0.0 			 0.0			 22.372141 
g5	 45 	 22.372141 			 0.0 			 0.0			 22.372141 
g5	 46 	 23.701668 			 0.0 			 0.0			 23.701668 
g5	 47 	 22.372141 			 0.0 			 0.0			 22.372141 
g5	 48 	 22.372141 			 0.0 			 0.0			 22.372141 
g5	 49 	 20.601954 			 0.0 			 0.0			 20.601954 
g5	 50 	 205.093386 			 0.0 			 0.0			 205.093386 
g5	 51 	 205.093386 			 0.0 			 0.0			 205.093386 
g5	 52 	 21.986845 			 0.0 			 0.0			 21.986845 
g5	 53 	 205.093386 			 0.0 			 0.0			 205.093386 
g5	 54 	 23.701668 			 0.0 			 0.0			 23.701668 
g5	 55 	 23.701668 			 0.0 			 0.0			 23.701668 
g5	 56 	 23.701668 			 0.0 			 0.0			 23.701668 
g5	 57 	 22.844255 			 0.0 			 0.0			 22.844255 
g5	 58 	 205.093386 			 0.0 			 0.0			 205.093386 
g5	 59 	 171.583984 			 0.0 			 0.0			 171.583984 
g5	 60 	 25.031192 			 0.0 			 0.0			 25.031192 
g5	 61 	 22.372141 			 0.0 			 0.0			 22.372141 
g5	 62 	 23.701668 			 0.0 			 0.0			 23.701668 
g5	 63 	 22.372141 			 0.0 			 0.0			 22.372141 
g5	 64 	 118.807833 			 0.0 			 0.0			 118.807833 
g5	 65 	 22.372141 			 0.0 			 0.0			 22.372141 
g5	 66 	 22.372141 			 0.0 			 0.0			 22.372141 
g5	 67 	 218.479923 			 0.0 			 0.0			 218.479923 
g5	 68 	 22.372141 			 0.0 			 0.0			 22.372141 
g5	 69 	 22.372141 			 0.0 			 0.0			 22.372141 
g5	 70 	 23.701668 			 0.0 			 0.0			 23.701668 
g5	 71 	 31.810509 			 0.0 			 0.0			 31.810509 
g5	 72 	 22.372141 			 0.0 			 0.0			 22.372141 
g5	 73 	 22.372141 			 0.0 			 0.0			 22.372141 
g5	 74 	 22.372141 			 0.0 			 0.0			 22.372141 
g5	 75 	 195.865092 			 0.0 			 0.0			 195.865092 
g5	 76 	 22.372141 			 0.0 			 0.0			 22.372141 
g5	 77 	 22.372141 			 0.0 			 0.0			 22.372141 
g5	 78 	 22.372141 			 0.0 			 0.0			 22.372141 
g5	 79 	 22.372141 			 0.0 			 0.0			 22.372141 
g5	 80 	 22.372141 			 0.0 			 0.0			 22.372141 
g5	 81 	 23.701668 			 0.0 			 0.0			 23.701668 
g5	 82 	 79.909338 			 0.0 			 0.0			 79.909338 
g5	 83 	 22.372141 			 0.0 			 0.0			 22.372141 
g5	 84 	 56.635506 			 0.0 			 0.0			 56.635506 
g5	 85 	 21.755629 			 0.0 			 0.0			 21.755629 
g5	 86 	 22.372141 			 0.0 			 0.0			 22.372141 
g5	 87 	 22.372141 			 0.0 			 0.0			 22.372141 
g5	 88 	 22.737194 			 0.0 			 0.0			 22.737194 
g5	 89 	 22.007089 			 0.0 			 0.0			 22.007089 
g5	 90 	 22.372141 			 0.0 			 0.0			 22.372141 
g5	 91 	 22.372141 			 0.0 			 0.0			 22.372141 
g5	 92 	 22.007089 			 0.0 			 0.0			 22.007089 
g5	 93 	 22.372141 			 0.0 			 0.0			 22.372141 
g5	 94 	 22.007089 			 0.0 			 0.0			 22.007089 
g5	 95 	 22.372141 			 0.0 			 0.0			 22.372141 
g5	 96 	 22.372141 			 0.0 			 0.0			 22.372141 
----------------------------------------------------------------------------------------------------------------
unit 	 generation payment 	 up-FRP payment 	 dw-FRP payment 	pre-up total payment
----------------------------------------------------------------------------------------------------------------
 g1 	 11073.710414			 0.000000			 0.000000			 11073.710414
 g2 	 5872.998141			 0.000000			 0.000000			 5872.998141
 g3 	 1073.727892			 0.000000			 0.000000			 1073.727892
 g4 	 0.000000			 0.000000			 0.000000			 0.000000
 g5 	 3494.745718			 0.000000			 0.000000			 3494.745718
----------------------------------------------------------------------------------------------------
generation payment 	 up-FRP payment 	 dw-FRP payment 	 pre-up total payment
----------------------------------------------------------------------------------------------------
21515.182165 			 0.0 			 0.0 			 21515.182165
 
****************************************************************************************************
 
Generation costs
----------------------------------------------------------------------------------------------------
unit	 time 	 generation cost 	 start-up cost  	total cost
----------------------------------------------------------------------------------------------------
g1	 1 	 2272.720523 			 0.0 			2272.720523
g1	 2 	 2153.53181 			 0.0 			2153.53181
g1	 3 	 2641.640507 			 0.0 			2641.640507
g1	 4 	 2445.271499 			 0.0 			2445.271499
g1	 5 	 1934.009817 			 0.0 			1934.009817
g1	 6 	 2061.203487 			 0.0 			2061.203487
g1	 7 	 1836.437513 			 0.0 			1836.437513
g1	 8 	 1982.905317 			 0.0 			1982.905317
g1	 9 	 1799.479613 			 0.0 			1799.479613
g1	 10 	 1893.130568 			 0.0 			1893.130568
g1	 11 	 1939.173708 			 0.0 			1939.173708
g1	 12 	 1964.320107 			 0.0 			1964.320107
g1	 13 	 1963.337797 			 0.0 			1963.337797
g1	 14 	 1781.907769 			 0.0 			1781.907769
g1	 15 	 1708.281122 			 0.0 			1708.281122
g1	 16 	 1868.586817 			 0.0 			1868.586817
g1	 17 	 1670.396698 			 0.0 			1670.396698
g1	 18 	 2028.410047 			 0.0 			2028.410047
g1	 19 	 1786.164649 			 0.0 			1786.164649
g1	 20 	 1801.679899 			 0.0 			1801.679899
g1	 21 	 2070.42018 			 0.0 			2070.42018
g1	 22 	 2072.279779 			 0.0 			2072.279779
g1	 23 	 1878.96582 			 0.0 			1878.96582
g1	 24 	 1727.376516 			 0.0 			1727.376516
g1	 25 	 1830.714683 			 0.0 			1830.714683
g1	 26 	 2127.215652 			 0.0 			2127.215652
g1	 27 	 2356.699809 			 0.0 			2356.699809
g1	 28 	 2055.065694 			 0.0 			2055.065694
g1	 29 	 2282.205354 			 0.0 			2282.205354
g1	 30 	 2322.937849 			 0.0 			2322.937849
g1	 31 	 2418.55404 			 0.0 			2418.55404
g1	 32 	 2513.426732 			 0.0 			2513.426732
g1	 33 	 2318.182706 			 0.0 			2318.182706
g1	 34 	 2313.086426 			 0.0 			2313.086426
g1	 35 	 2313.086426 			 0.0 			2313.086426
g1	 36 	 2387.065018 			 0.0 			2387.065018
g1	 37 	 2764.413843 			 0.0 			2764.413843
g1	 38 	 2607.345827 			 0.0 			2607.345827
g1	 39 	 2371.573133 			 0.0 			2371.573133
g1	 40 	 2629.740286 			 0.0 			2629.740286
g1	 41 	 3058.233409 			 0.0 			3058.233409
g1	 42 	 2795.214177 			 0.0 			2795.214177
g1	 43 	 2677.876897 			 0.0 			2677.876897
g1	 44 	 2409.822314 			 0.0 			2409.822314
g1	 45 	 2882.609776 			 0.0 			2882.609776
g1	 46 	 3058.233409 			 0.0 			3058.233409
g1	 47 	 3037.44617 			 0.0 			3037.44617
g1	 48 	 2529.421106 			 0.0 			2529.421106
g1	 49 	 2508.187447 			 0.0 			2508.187447
g1	 50 	 3058.233409 			 0.0 			3058.233409
g1	 51 	 3058.233409 			 0.0 			3058.233409
g1	 52 	 2508.187447 			 0.0 			2508.187447
g1	 53 	 3058.233409 			 0.0 			3058.233409
g1	 54 	 3058.233409 			 0.0 			3058.233409
g1	 55 	 3058.233409 			 0.0 			3058.233409
g1	 56 	 3058.233409 			 0.0 			3058.233409
g1	 57 	 3058.233409 			 0.0 			3058.233409
g1	 58 	 3058.233409 			 0.0 			3058.233409
g1	 59 	 3058.233409 			 0.0 			3058.233409
g1	 60 	 3058.233409 			 0.0 			3058.233409
g1	 61 	 2698.718641 			 0.0 			2698.718641
g1	 62 	 3058.233409 			 0.0 			3058.233409
g1	 63 	 2535.288545 			 0.0 			2535.288545
g1	 64 	 3058.233409 			 0.0 			3058.233409
g1	 65 	 2957.386821 			 0.0 			2957.386821
g1	 66 	 2809.638292 			 0.0 			2809.638292
g1	 67 	 3058.233409 			 0.0 			3058.233409
g1	 68 	 2880.854408 			 0.0 			2880.854408
g1	 69 	 2920.579267 			 0.0 			2920.579267
g1	 70 	 3058.233409 			 0.0 			3058.233409
g1	 71 	 3058.233409 			 0.0 			3058.233409
g1	 72 	 2948.898887 			 0.0 			2948.898887
g1	 73 	 2758.779452 			 0.0 			2758.779452
g1	 74 	 2954.013005 			 0.0 			2954.013005
g1	 75 	 3058.233409 			 0.0 			3058.233409
g1	 76 	 2585.685758 			 0.0 			2585.685758
g1	 77 	 2817.522326 			 0.0 			2817.522326
g1	 78 	 2886.671712 			 0.0 			2886.671712
g1	 79 	 2678.407649 			 0.0 			2678.407649
g1	 80 	 2678.531146 			 0.0 			2678.531146
g1	 81 	 3058.233409 			 0.0 			3058.233409
g1	 82 	 3058.233409 			 0.0 			3058.233409
g1	 83 	 2908.282358 			 0.0 			2908.282358
g1	 84 	 3058.233409 			 0.0 			3058.233409
g1	 85 	 2508.187447 			 0.0 			2508.187447
g1	 86 	 2755.459984 			 0.0 			2755.459984
g1	 87 	 2683.401308 			 0.0 			2683.401308
g1	 88 	 2995.754725 			 0.0 			2995.754725
g1	 89 	 2445.708763 			 0.0 			2445.708763
g1	 90 	 2495.809619 			 0.0 			2495.809619
g1	 91 	 2330.497227 			 0.0 			2330.497227
g1	 92 	 2313.086426 			 0.0 			2313.086426
g1	 93 	 2366.487769 			 0.0 			2366.487769
g1	 94 	 2313.086426 			 0.0 			2313.086426
g1	 95 	 2314.666889 			 0.0 			2314.666889
g1	 96 	 2357.179387 			 0.0 			2357.179387
----------------------------------------------------------------------------------------------------
g2	 1 	 0.0 			 0.0 			0.0
g2	 2 	 0.0 			 0.0 			0.0
g2	 3 	 0.0 			 0.0 			0.0
g2	 4 	 0.0 			 0.0 			0.0
g2	 5 	 0.0 			 0.0 			0.0
g2	 6 	 0.0 			 0.0 			0.0
g2	 7 	 0.0 			 0.0 			0.0
g2	 8 	 0.0 			 0.0 			0.0
g2	 9 	 0.0 			 0.0 			0.0
g2	 10 	 0.0 			 0.0 			0.0
g2	 11 	 0.0 			 0.0 			0.0
g2	 12 	 0.0 			 0.0 			0.0
g2	 13 	 0.0 			 0.0 			0.0
g2	 14 	 0.0 			 0.0 			0.0
g2	 15 	 0.0 			 0.0 			0.0
g2	 16 	 0.0 			 0.0 			0.0
g2	 17 	 0.0 			 0.0 			0.0
g2	 18 	 0.0 			 0.0 			0.0
g2	 19 	 0.0 			 0.0 			0.0
g2	 20 	 0.0 			 0.0 			0.0
g2	 21 	 0.0 			 0.0 			0.0
g2	 22 	 0.0 			 0.0 			0.0
g2	 23 	 0.0 			 0.0 			0.0
g2	 24 	 0.0 			 0.0 			0.0
g2	 25 	 0.0 			 0.0 			0.0
g2	 26 	 0.0 			 0.0 			0.0
g2	 27 	 0.0 			 0.0 			0.0
g2	 28 	 0.0 			 0.0 			0.0
g2	 29 	 0.0 			 0.0 			0.0
g2	 30 	 0.0 			 0.0 			0.0
g2	 31 	 0.0 			 0.0 			0.0
g2	 32 	 0.0 			 0.0 			0.0
g2	 33 	 534.771644 			 10598.13 			11132.901644
g2	 34 	 467.097577 			 0.0 			467.097577
g2	 35 	 436.744517 			 0.0 			436.744517
g2	 36 	 534.771644 			 0.0 			534.771644
g2	 37 	 534.771644 			 0.0 			534.771644
g2	 38 	 534.771644 			 0.0 			534.771644
g2	 39 	 534.771644 			 0.0 			534.771644
g2	 40 	 534.771644 			 0.0 			534.771644
g2	 41 	 557.295177 			 0.0 			557.295177
g2	 42 	 534.771644 			 0.0 			534.771644
g2	 43 	 534.771644 			 0.0 			534.771644
g2	 44 	 534.771644 			 0.0 			534.771644
g2	 45 	 534.771644 			 0.0 			534.771644
g2	 46 	 607.394336 			 0.0 			607.394336
g2	 47 	 534.771644 			 0.0 			534.771644
g2	 48 	 534.771644 			 0.0 			534.771644
g2	 49 	 626.50935 			 0.0 			626.50935
g2	 50 	 854.010884 			 0.0 			854.010884
g2	 51 	 907.094889 			 0.0 			907.094889
g2	 52 	 673.552343 			 0.0 			673.552343
g2	 53 	 907.094889 			 0.0 			907.094889
g2	 54 	 703.351095 			 0.0 			703.351095
g2	 55 	 852.196671 			 0.0 			852.196671
g2	 56 	 786.33433 			 0.0 			786.33433
g2	 57 	 650.28905 			 0.0 			650.28905
g2	 58 	 880.844247 			 0.0 			880.844247
g2	 59 	 854.010884 			 0.0 			854.010884
g2	 60 	 850.273602 			 0.0 			850.273602
g2	 61 	 622.772068 			 0.0 			622.772068
g2	 62 	 657.372189 			 0.0 			657.372189
g2	 63 	 534.771644 			 0.0 			534.771644
g2	 64 	 762.273179 			 0.0 			762.273179
g2	 65 	 534.771644 			 0.0 			534.771644
g2	 66 	 675.613085 			 0.0 			675.613085
g2	 67 	 909.420261 			 0.0 			909.420261
g2	 68 	 675.613085 			 0.0 			675.613085
g2	 69 	 534.771644 			 0.0 			534.771644
g2	 70 	 713.924003 			 0.0 			713.924003
g2	 71 	 854.010884 			 0.0 			854.010884
g2	 72 	 626.50935 			 0.0 			626.50935
g2	 73 	 534.771644 			 0.0 			534.771644
g2	 74 	 611.12798 			 0.0 			611.12798
g2	 75 	 838.629514 			 0.0 			838.629514
g2	 76 	 611.12798 			 0.0 			611.12798
g2	 77 	 534.771644 			 0.0 			534.771644
g2	 78 	 534.771644 			 0.0 			534.771644
g2	 79 	 534.771644 			 0.0 			534.771644
g2	 80 	 534.771644 			 0.0 			534.771644
g2	 81 	 717.282128 			 0.0 			717.282128
g2	 82 	 854.010884 			 0.0 			854.010884
g2	 83 	 626.50935 			 0.0 			626.50935
g2	 84 	 810.739647 			 0.0 			810.739647
g2	 85 	 583.238112 			 0.0 			583.238112
g2	 86 	 534.771644 			 0.0 			534.771644
g2	 87 	 534.771644 			 0.0 			534.771644
g2	 88 	 534.771644 			 0.0 			534.771644
g2	 89 	 528.277982 			 0.0 			528.277982
g2	 90 	 534.771644 			 0.0 			534.771644
g2	 91 	 534.771644 			 0.0 			534.771644
g2	 92 	 378.37098 			 0.0 			378.37098
g2	 93 	 534.771644 			 0.0 			534.771644
g2	 94 	 364.947356 			 0.0 			364.947356
g2	 95 	 534.771644 			 0.0 			534.771644
g2	 96 	 534.771644 			 0.0 			534.771644
----------------------------------------------------------------------------------------------------
g3	 1 	 0.0 			 0.0 			0.0
g3	 2 	 0.0 			 0.0 			0.0
g3	 3 	 0.0 			 0.0 			0.0
g3	 4 	 0.0 			 0.0 			0.0
g3	 5 	 0.0 			 0.0 			0.0
g3	 6 	 0.0 			 0.0 			0.0
g3	 7 	 0.0 			 0.0 			0.0
g3	 8 	 0.0 			 0.0 			0.0
g3	 9 	 0.0 			 0.0 			0.0
g3	 10 	 0.0 			 0.0 			0.0
g3	 11 	 0.0 			 0.0 			0.0
g3	 12 	 0.0 			 0.0 			0.0
g3	 13 	 0.0 			 0.0 			0.0
g3	 14 	 0.0 			 0.0 			0.0
g3	 15 	 0.0 			 0.0 			0.0
g3	 16 	 0.0 			 0.0 			0.0
g3	 17 	 0.0 			 0.0 			0.0
g3	 18 	 0.0 			 0.0 			0.0
g3	 19 	 0.0 			 0.0 			0.0
g3	 20 	 0.0 			 0.0 			0.0
g3	 21 	 0.0 			 0.0 			0.0
g3	 22 	 0.0 			 0.0 			0.0
g3	 23 	 0.0 			 0.0 			0.0
g3	 24 	 0.0 			 0.0 			0.0
g3	 25 	 0.0 			 0.0 			0.0
g3	 26 	 0.0 			 0.0 			0.0
g3	 27 	 0.0 			 0.0 			0.0
g3	 28 	 0.0 			 0.0 			0.0
g3	 29 	 0.0 			 0.0 			0.0
g3	 30 	 0.0 			 0.0 			0.0
g3	 31 	 0.0 			 0.0 			0.0
g3	 32 	 0.0 			 0.0 			0.0
g3	 33 	 0.0 			 0.0 			0.0
g3	 34 	 0.0 			 0.0 			0.0
g3	 35 	 0.0 			 0.0 			0.0
g3	 36 	 0.0 			 0.0 			0.0
g3	 37 	 0.0 			 0.0 			0.0
g3	 38 	 0.0 			 0.0 			0.0
g3	 39 	 0.0 			 0.0 			0.0
g3	 40 	 0.0 			 0.0 			0.0
g3	 41 	 350.954412 			 4595.43 			4946.384412
g3	 42 	 350.954412 			 0.0 			350.954412
g3	 43 	 350.954412 			 0.0 			350.954412
g3	 44 	 350.954412 			 0.0 			350.954412
g3	 45 	 350.954412 			 0.0 			350.954412
g3	 46 	 350.954412 			 0.0 			350.954412
g3	 47 	 350.954412 			 0.0 			350.954412
g3	 48 	 350.954412 			 0.0 			350.954412
g3	 49 	 283.275102 			 0.0 			283.275102
g3	 50 	 365.331181 			 0.0 			365.331181
g3	 51 	 468.022585 			 0.0 			468.022585
g3	 52 	 350.954412 			 0.0 			350.954412
g3	 53 	 407.932108 			 0.0 			407.932108
g3	 54 	 350.954412 			 0.0 			350.954412
g3	 55 	 350.954412 			 0.0 			350.954412
g3	 56 	 350.954412 			 0.0 			350.954412
g3	 57 	 350.954412 			 0.0 			350.954412
g3	 58 	 462.154015 			 0.0 			462.154015
g3	 59 	 350.954412 			 0.0 			350.954412
g3	 60 	 350.954412 			 0.0 			350.954412
g3	 61 	 350.954412 			 0.0 			350.954412
g3	 62 	 350.954412 			 0.0 			350.954412
g3	 63 	 350.954412 			 0.0 			350.954412
g3	 64 	 350.954412 			 0.0 			350.954412
g3	 65 	 350.954412 			 0.0 			350.954412
g3	 66 	 350.954412 			 0.0 			350.954412
g3	 67 	 522.662177 			 0.0 			522.662177
g3	 68 	 350.954412 			 0.0 			350.954412
g3	 69 	 350.954412 			 0.0 			350.954412
g3	 70 	 350.954412 			 0.0 			350.954412
g3	 71 	 350.954412 			 0.0 			350.954412
g3	 72 	 350.954412 			 0.0 			350.954412
g3	 73 	 350.954412 			 0.0 			350.954412
g3	 74 	 350.954412 			 0.0 			350.954412
g3	 75 	 350.954412 			 0.0 			350.954412
g3	 76 	 350.954412 			 0.0 			350.954412
g3	 77 	 350.954412 			 0.0 			350.954412
g3	 78 	 350.954412 			 0.0 			350.954412
g3	 79 	 350.954412 			 0.0 			350.954412
g3	 80 	 350.954412 			 0.0 			350.954412
g3	 81 	 0.0 			 0.0 			0.0
g3	 82 	 0.0 			 0.0 			0.0
g3	 83 	 0.0 			 0.0 			0.0
g3	 84 	 0.0 			 0.0 			0.0
g3	 85 	 0.0 			 0.0 			0.0
g3	 86 	 0.0 			 0.0 			0.0
g3	 87 	 0.0 			 0.0 			0.0
g3	 88 	 0.0 			 0.0 			0.0
g3	 89 	 0.0 			 0.0 			0.0
g3	 90 	 0.0 			 0.0 			0.0
g3	 91 	 0.0 			 0.0 			0.0
g3	 92 	 0.0 			 0.0 			0.0
g3	 93 	 0.0 			 0.0 			0.0
g3	 94 	 0.0 			 0.0 			0.0
g3	 95 	 0.0 			 0.0 			0.0
g3	 96 	 0.0 			 0.0 			0.0
----------------------------------------------------------------------------------------------------
g4	 1 	 0.0 			 0.0 			0.0
g4	 2 	 0.0 			 0.0 			0.0
g4	 3 	 0.0 			 0.0 			0.0
g4	 4 	 0.0 			 0.0 			0.0
g4	 5 	 0.0 			 0.0 			0.0
g4	 6 	 0.0 			 0.0 			0.0
g4	 7 	 0.0 			 0.0 			0.0
g4	 8 	 0.0 			 0.0 			0.0
g4	 9 	 0.0 			 0.0 			0.0
g4	 10 	 0.0 			 0.0 			0.0
g4	 11 	 0.0 			 0.0 			0.0
g4	 12 	 0.0 			 0.0 			0.0
g4	 13 	 0.0 			 0.0 			0.0
g4	 14 	 0.0 			 0.0 			0.0
g4	 15 	 0.0 			 0.0 			0.0
g4	 16 	 0.0 			 0.0 			0.0
g4	 17 	 0.0 			 0.0 			0.0
g4	 18 	 0.0 			 0.0 			0.0
g4	 19 	 0.0 			 0.0 			0.0
g4	 20 	 0.0 			 0.0 			0.0
g4	 21 	 0.0 			 0.0 			0.0
g4	 22 	 0.0 			 0.0 			0.0
g4	 23 	 0.0 			 0.0 			0.0
g4	 24 	 0.0 			 0.0 			0.0
g4	 25 	 0.0 			 0.0 			0.0
g4	 26 	 0.0 			 0.0 			0.0
g4	 27 	 0.0 			 0.0 			0.0
g4	 28 	 0.0 			 0.0 			0.0
g4	 29 	 0.0 			 0.0 			0.0
g4	 30 	 0.0 			 0.0 			0.0
g4	 31 	 0.0 			 0.0 			0.0
g4	 32 	 0.0 			 0.0 			0.0
g4	 33 	 0.0 			 0.0 			0.0
g4	 34 	 0.0 			 0.0 			0.0
g4	 35 	 0.0 			 0.0 			0.0
g4	 36 	 0.0 			 0.0 			0.0
g4	 37 	 0.0 			 0.0 			0.0
g4	 38 	 0.0 			 0.0 			0.0
g4	 39 	 0.0 			 0.0 			0.0
g4	 40 	 0.0 			 0.0 			0.0
g4	 41 	 0.0 			 0.0 			0.0
g4	 42 	 0.0 			 0.0 			0.0
g4	 43 	 0.0 			 0.0 			0.0
g4	 44 	 0.0 			 0.0 			0.0
g4	 45 	 0.0 			 0.0 			0.0
g4	 46 	 0.0 			 0.0 			0.0
g4	 47 	 0.0 			 0.0 			0.0
g4	 48 	 0.0 			 0.0 			0.0
g4	 49 	 0.0 			 0.0 			0.0
g4	 50 	 0.0 			 0.0 			0.0
g4	 51 	 0.0 			 0.0 			0.0
g4	 52 	 0.0 			 0.0 			0.0
g4	 53 	 0.0 			 0.0 			0.0
g4	 54 	 0.0 			 0.0 			0.0
g4	 55 	 0.0 			 0.0 			0.0
g4	 56 	 0.0 			 0.0 			0.0
g4	 57 	 0.0 			 0.0 			0.0
g4	 58 	 0.0 			 0.0 			0.0
g4	 59 	 0.0 			 0.0 			0.0
g4	 60 	 0.0 			 0.0 			0.0
g4	 61 	 0.0 			 0.0 			0.0
g4	 62 	 0.0 			 0.0 			0.0
g4	 63 	 0.0 			 0.0 			0.0
g4	 64 	 0.0 			 0.0 			0.0
g4	 65 	 0.0 			 0.0 			0.0
g4	 66 	 0.0 			 0.0 			0.0
g4	 67 	 0.0 			 0.0 			0.0
g4	 68 	 0.0 			 0.0 			0.0
g4	 69 	 0.0 			 0.0 			0.0
g4	 70 	 0.0 			 0.0 			0.0
g4	 71 	 0.0 			 0.0 			0.0
g4	 72 	 0.0 			 0.0 			0.0
g4	 73 	 0.0 			 0.0 			0.0
g4	 74 	 0.0 			 0.0 			0.0
g4	 75 	 0.0 			 0.0 			0.0
g4	 76 	 0.0 			 0.0 			0.0
g4	 77 	 0.0 			 0.0 			0.0
g4	 78 	 0.0 			 0.0 			0.0
g4	 79 	 0.0 			 0.0 			0.0
g4	 80 	 0.0 			 0.0 			0.0
g4	 81 	 0.0 			 0.0 			0.0
g4	 82 	 0.0 			 0.0 			0.0
g4	 83 	 0.0 			 0.0 			0.0
g4	 84 	 0.0 			 0.0 			0.0
g4	 85 	 0.0 			 0.0 			0.0
g4	 86 	 0.0 			 0.0 			0.0
g4	 87 	 0.0 			 0.0 			0.0
g4	 88 	 0.0 			 0.0 			0.0
g4	 89 	 0.0 			 0.0 			0.0
g4	 90 	 0.0 			 0.0 			0.0
g4	 91 	 0.0 			 0.0 			0.0
g4	 92 	 0.0 			 0.0 			0.0
g4	 93 	 0.0 			 0.0 			0.0
g4	 94 	 0.0 			 0.0 			0.0
g4	 95 	 0.0 			 0.0 			0.0
g4	 96 	 0.0 			 0.0 			0.0
----------------------------------------------------------------------------------------------------
g5	 1 	 0.0 			 0.0 			0.0
g5	 2 	 0.0 			 0.0 			0.0
g5	 3 	 0.0 			 0.0 			0.0
g5	 4 	 0.0 			 0.0 			0.0
g5	 5 	 348.846531 			 6821.79 			7170.636531
g5	 6 	 348.846531 			 0.0 			348.846531
g5	 7 	 348.846531 			 0.0 			348.846531
g5	 8 	 348.846531 			 0.0 			348.846531
g5	 9 	 348.846531 			 0.0 			348.846531
g5	 10 	 348.846531 			 0.0 			348.846531
g5	 11 	 348.846531 			 0.0 			348.846531
g5	 12 	 348.846531 			 0.0 			348.846531
g5	 13 	 348.846531 			 0.0 			348.846531
g5	 14 	 348.846531 			 0.0 			348.846531
g5	 15 	 348.846531 			 0.0 			348.846531
g5	 16 	 348.846531 			 0.0 			348.846531
g5	 17 	 348.846531 			 0.0 			348.846531
g5	 18 	 348.846531 			 0.0 			348.846531
g5	 19 	 348.846531 			 0.0 			348.846531
g5	 20 	 348.846531 			 0.0 			348.846531
g5	 21 	 348.846531 			 0.0 			348.846531
g5	 22 	 348.846531 			 0.0 			348.846531
g5	 23 	 348.846531 			 0.0 			348.846531
g5	 24 	 348.846531 			 0.0 			348.846531
g5	 25 	 348.846531 			 0.0 			348.846531
g5	 26 	 348.846531 			 0.0 			348.846531
g5	 27 	 348.846531 			 0.0 			348.846531
g5	 28 	 348.846531 			 0.0 			348.846531
g5	 29 	 348.846531 			 0.0 			348.846531
g5	 30 	 348.846531 			 0.0 			348.846531
g5	 31 	 348.846531 			 0.0 			348.846531
g5	 32 	 348.846531 			 0.0 			348.846531
g5	 33 	 348.846531 			 0.0 			348.846531
g5	 34 	 348.846531 			 0.0 			348.846531
g5	 35 	 348.846531 			 0.0 			348.846531
g5	 36 	 348.846531 			 0.0 			348.846531
g5	 37 	 348.846531 			 0.0 			348.846531
g5	 38 	 348.846531 			 0.0 			348.846531
g5	 39 	 348.846531 			 0.0 			348.846531
g5	 40 	 348.846531 			 0.0 			348.846531
g5	 41 	 348.846531 			 0.0 			348.846531
g5	 42 	 348.846531 			 0.0 			348.846531
g5	 43 	 348.846531 			 0.0 			348.846531
g5	 44 	 348.846531 			 0.0 			348.846531
g5	 45 	 348.846531 			 0.0 			348.846531
g5	 46 	 348.846531 			 0.0 			348.846531
g5	 47 	 348.846531 			 0.0 			348.846531
g5	 48 	 348.846531 			 0.0 			348.846531
g5	 49 	 348.846531 			 0.0 			348.846531
g5	 50 	 513.766082 			 0.0 			513.766082
g5	 51 	 513.766082 			 0.0 			513.766082
g5	 52 	 348.846531 			 0.0 			348.846531
g5	 53 	 513.766082 			 0.0 			513.766082
g5	 54 	 348.846531 			 0.0 			348.846531
g5	 55 	 348.846531 			 0.0 			348.846531
g5	 56 	 348.846531 			 0.0 			348.846531
g5	 57 	 348.846531 			 0.0 			348.846531
g5	 58 	 513.766082 			 0.0 			513.766082
g5	 59 	 494.782818 			 0.0 			494.782818
g5	 60 	 348.846531 			 0.0 			348.846531
g5	 61 	 348.846531 			 0.0 			348.846531
g5	 62 	 348.846531 			 0.0 			348.846531
g5	 63 	 348.846531 			 0.0 			348.846531
g5	 64 	 442.006666 			 0.0 			442.006666
g5	 65 	 348.846531 			 0.0 			348.846531
g5	 66 	 348.846531 			 0.0 			348.846531
g5	 67 	 513.766082 			 0.0 			513.766082
g5	 68 	 348.846531 			 0.0 			348.846531
g5	 69 	 348.846531 			 0.0 			348.846531
g5	 70 	 348.846531 			 0.0 			348.846531
g5	 71 	 355.009337 			 0.0 			355.009337
g5	 72 	 348.846531 			 0.0 			348.846531
g5	 73 	 348.846531 			 0.0 			348.846531
g5	 74 	 348.846531 			 0.0 			348.846531
g5	 75 	 513.766082 			 0.0 			513.766082
g5	 76 	 348.846531 			 0.0 			348.846531
g5	 77 	 348.846531 			 0.0 			348.846531
g5	 78 	 348.846531 			 0.0 			348.846531
g5	 79 	 348.846531 			 0.0 			348.846531
g5	 80 	 348.846531 			 0.0 			348.846531
g5	 81 	 348.846531 			 0.0 			348.846531
g5	 82 	 403.108162 			 0.0 			403.108162
g5	 83 	 348.846531 			 0.0 			348.846531
g5	 84 	 379.834331 			 0.0 			379.834331
g5	 85 	 348.846531 			 0.0 			348.846531
g5	 86 	 348.846531 			 0.0 			348.846531
g5	 87 	 348.846531 			 0.0 			348.846531
g5	 88 	 348.846531 			 0.0 			348.846531
g5	 89 	 348.846531 			 0.0 			348.846531
g5	 90 	 348.846531 			 0.0 			348.846531
g5	 91 	 348.846531 			 0.0 			348.846531
g5	 92 	 348.846531 			 0.0 			348.846531
g5	 93 	 348.846531 			 0.0 			348.846531
g5	 94 	 348.846531 			 0.0 			348.846531
g5	 95 	 348.846531 			 0.0 			348.846531
g5	 96 	 348.846531 			 0.0 			348.846531
----------------------------------------------------------------------------------------------------
 
unit 	 generation 	 generation cost 	 start-up cost 	 total cost
----------------------------------------------------------------------------------------------------
g1 	 6508.334030			242363.196200			 0.000000		 242363.196200
g2 	 678.072229			40009.469890			 10598.130000		 50607.599890
g3 	 226.963537			14441.827176			 4595.430000		 19037.257176
g4 	 0.000000			0.000000			 0.000000		 0.000000
g5 	 561.737350			33413.906817			 6821.790000		 40235.696817
----------------------------------------------------------------------------------------------------
 
generation cost 	 start-up cost 		 total cost
----------------------------------------------------------------------------------------------------
330228.4000829995 			 22015.35 			 352243.7500829995
----------------------------------------------------------------------------------------------------
uplift payment for generator g1: 0.0
uplift payment for generator g2: 21963.76434
uplift payment for generator g3: 9343.325742
uplift payment for generator g4: 0.0
uplift payment for generator g5: 15607.713324
 
****************************************************************************************************
 
rtm Systemwide prices
----------------------------------------------------------------------------------------------------
time	 energy 	 up-FRP 	 dw-FRP
----------------------------------------------------------------------------------------------------
1 	 9.408671 		 0.0 		 0.0
2 	 9.408671 		 0.0 		 0.0
3 	 9.614507 		 0.0 		 0.0
4 	 9.614507 		 0.0 		 0.0
5 	 9.408671 		 0.0 		 0.0
6 	 9.408671 		 0.0 		 0.0
7 	 9.408671 		 0.0 		 0.0
8 	 9.408671 		 0.0 		 0.0
9 	 9.408671 		 0.0 		 0.0
10 	 9.408671 		 0.0 		 0.0
11 	 9.408671 		 0.0 		 0.0
12 	 9.408671 		 0.0 		 0.0
13 	 9.408671 		 0.0 		 0.0
14 	 9.408671 		 0.0 		 0.0
15 	 9.408671 		 0.0 		 0.0
16 	 9.408671 		 0.0 		 0.0
17 	 9.408671 		 0.0 		 0.0
18 	 9.408671 		 0.0 		 0.0
19 	 9.408671 		 0.0 		 0.0
20 	 9.408671 		 0.0 		 0.0
21 	 9.408671 		 0.0 		 0.0
22 	 9.408671 		 0.0 		 0.0
23 	 9.408671 		 0.0 		 0.0
24 	 9.408671 		 0.0 		 0.0
25 	 9.408671 		 0.0 		 0.0
26 	 9.408671 		 0.0 		 0.0
27 	 9.614507 		 0.0 		 0.0
28 	 9.408671 		 0.0 		 0.0
29 	 9.408671 		 0.0 		 0.0
30 	 9.614507 		 0.0 		 0.0
31 	 9.614507 		 0.0 		 0.0
32 	 9.614507 		 0.0 		 0.0
33 	 9.614507 		 0.0 		 0.0
34 	 9.457625 		 0.0 		 0.0
35 	 9.457625 		 0.0 		 0.0
36 	 9.614507 		 0.0 		 0.0
37 	 9.614507 		 0.0 		 0.0
38 	 9.614507 		 0.0 		 0.0
39 	 9.614507 		 0.0 		 0.0
40 	 9.614507 		 0.0 		 0.0
41 	 10.185876 		 0.0 		 0.0
42 	 9.614507 		 0.0 		 0.0
43 	 9.614507 		 0.0 		 0.0
44 	 9.614507 		 0.0 		 0.0
45 	 9.614507 		 0.0 		 0.0
46 	 10.185876 		 0.0 		 0.0
47 	 9.614507 		 0.0 		 0.0
48 	 9.614507 		 0.0 		 0.0
49 	 8.853763 		 0.0 		 0.0
50 	 11.862367 		 0.0 		 0.0
51 	 11.862367 		 0.0 		 0.0
52 	 9.448925 		 0.0 		 0.0
53 	 11.862367 		 0.0 		 0.0
54 	 10.185876 		 0.0 		 0.0
55 	 10.185876 		 0.0 		 0.0
56 	 10.185876 		 0.0 		 0.0
57 	 9.8174 		 0.0 		 0.0
58 	 11.862367 		 0.0 		 0.0
59 	 11.022192 		 0.0 		 0.0
60 	 10.757244 		 0.0 		 0.0
61 	 9.614507 		 0.0 		 0.0
62 	 10.185876 		 0.0 		 0.0
63 	 9.614507 		 0.0 		 0.0
64 	 11.022192 		 0.0 		 0.0
65 	 9.614507 		 0.0 		 0.0
66 	 9.614507 		 0.0 		 0.0
67 	 12.636629 		 0.0 		 0.0
68 	 9.614507 		 0.0 		 0.0
69 	 9.614507 		 0.0 		 0.0
70 	 10.185876 		 0.0 		 0.0
71 	 11.022192 		 0.0 		 0.0
72 	 9.614507 		 0.0 		 0.0
73 	 9.614507 		 0.0 		 0.0
74 	 9.614507 		 0.0 		 0.0
75 	 11.328613 		 0.0 		 0.0
76 	 9.614507 		 0.0 		 0.0
77 	 9.614507 		 0.0 		 0.0
78 	 9.614507 		 0.0 		 0.0
79 	 9.614507 		 0.0 		 0.0
80 	 9.614507 		 0.0 		 0.0
81 	 10.185876 		 0.0 		 0.0
82 	 11.022192 		 0.0 		 0.0
83 	 9.614507 		 0.0 		 0.0
84 	 11.022192 		 0.0 		 0.0
85 	 9.349559 		 0.0 		 0.0
86 	 9.614507 		 0.0 		 0.0
87 	 9.614507 		 0.0 		 0.0
88 	 9.77139 		 0.0 		 0.0
89 	 9.457625 		 0.0 		 0.0
90 	 9.614507 		 0.0 		 0.0
91 	 9.614507 		 0.0 		 0.0
92 	 9.457625 		 0.0 		 0.0
93 	 9.614507 		 0.0 		 0.0
94 	 9.457625 		 0.0 		 0.0
95 	 9.614507 		 0.0 		 0.0
96 	 9.614507 		 0.0 		 0.0
 
****************************************************************************************************
 
rtm Post-uplift payments
----------------------------------------------------------------------------------------------------------------------------------------------------
unit 	 generation payment 	 up-FRP payment 	 dw-FRP payment 	pre-up t. payment 	 uplift payments 	 post-up t. payment 	 profit
----------------------------------------------------------------------------------------------------------------------------------------------------
 g1 	 11073.710414			 0.000000			 0.000000			 11073.710414			 0.000000			 11073.710414		 28731.608972
 g2 	 5872.998141			 0.000000			 0.000000			 5872.998141			 21963.764340			 27836.762481		 0.000000
 g3 	 1073.727892			 0.000000			 0.000000			 1073.727892			 9343.325742			 10417.053634		 0.000000
 g4 	 0.000000			 0.000000			 0.000000			 0.000000			 0.000000			 0.000000		 0.000000
 g5 	 3494.745718			 0.000000			 0.000000			 3494.745718			 15607.713324			 19102.459042		 0.000000
****************************************************************************************************
 
Total generator payments
----------------------------------------------------------------------------------------------------------------------------------------------------
unit 	 generation payment 	 up-FRP payment 	 dw-FRP payment 	pre-up t. payment 	 uplift payments 	 post-up t. payment 	 profit
----------------------------------------------------------------------------------------------------------------------------------------------------
 g1 	 270536.991727			 557.813445			 0.000000			 271094.805172			 0.000000			 271094.805172		 28731.608972
 g2 	 28643.835550			 0.000000			 0.000000			 28643.835550			 21963.764340			 50607.599890		 0.000000
 g3 	 9693.931434			 0.000000			 0.000000			 9693.931434			 9343.325742			 19037.257176		 0.000000
 g4 	 0.000000			 0.000000			 0.000000			 0.000000			 0.000000			 0.000000		 0.000000
 g5 	 24241.706506			 386.276987			 0.000000			 24627.983493			 15607.713324			 40235.696817		 0.000000
 
****************************************************************************************************
 
rtm LMP
----------------------------------------------------------------------------------------------------
bus name 	 time 		 LMP
----------------------------------------------------------------------------------------------------
b1 		 1 		 9.408671
b1 		 2 		 9.408671
b1 		 3 		 9.614507
b1 		 4 		 9.614507
b1 		 5 		 9.408671
b1 		 6 		 9.408671
b1 		 7 		 9.408671
b1 		 8 		 9.408671
b1 		 9 		 9.408671
b1 		 10 		 9.408671
b1 		 11 		 9.408671
b1 		 12 		 9.408671
b1 		 13 		 9.408671
b1 		 14 		 9.408671
b1 		 15 		 9.408671
b1 		 16 		 9.408671
b1 		 17 		 9.408671
b1 		 18 		 9.408671
b1 		 19 		 9.408671
b1 		 20 		 9.408671
b1 		 21 		 9.408671
b1 		 22 		 9.408671
b1 		 23 		 9.408671
b1 		 24 		 9.408671
b1 		 25 		 9.408671
b1 		 26 		 9.408671
b1 		 27 		 9.614507
b1 		 28 		 9.408671
b1 		 29 		 9.408671
b1 		 30 		 9.614507
b1 		 31 		 9.614507
b1 		 32 		 9.614507
b1 		 33 		 9.614507
b1 		 34 		 9.457625
b1 		 35 		 9.457625
b1 		 36 		 9.614507
b1 		 37 		 9.614507
b1 		 38 		 9.614507
b1 		 39 		 9.614507
b1 		 40 		 9.614507
b1 		 41 		 10.185876
b1 		 42 		 9.614507
b1 		 43 		 9.614507
b1 		 44 		 9.614507
b1 		 45 		 9.614507
b1 		 46 		 10.185876
b1 		 47 		 9.614507
b1 		 48 		 9.614507
b1 		 49 		 8.853763
b1 		 50 		 11.862367
b1 		 51 		 11.862367
b1 		 52 		 9.448925
b1 		 53 		 11.862367
b1 		 54 		 10.185876
b1 		 55 		 10.185876
b1 		 56 		 10.185876
b1 		 57 		 9.8174
b1 		 58 		 11.862367
b1 		 59 		 11.022192
b1 		 60 		 10.757244
b1 		 61 		 9.614507
b1 		 62 		 10.185876
b1 		 63 		 9.614507
b1 		 64 		 11.022192
b1 		 65 		 9.614507
b1 		 66 		 9.614507
b1 		 67 		 12.636629
b1 		 68 		 9.614507
b1 		 69 		 9.614507
b1 		 70 		 10.185876
b1 		 71 		 11.022192
b1 		 72 		 9.614507
b1 		 73 		 9.614507
b1 		 74 		 9.614507
b1 		 75 		 11.328613
b1 		 76 		 9.614507
b1 		 77 		 9.614507
b1 		 78 		 9.614507
b1 		 79 		 9.614507
b1 		 80 		 9.614507
b1 		 81 		 10.185876
b1 		 82 		 11.022192
b1 		 83 		 9.614507
b1 		 84 		 11.022192
b1 		 85 		 9.349559
b1 		 86 		 9.614507
b1 		 87 		 9.614507
b1 		 88 		 9.77139
b1 		 89 		 9.457625
b1 		 90 		 9.614507
b1 		 91 		 9.614507
b1 		 92 		 9.457625
b1 		 93 		 9.614507
b1 		 94 		 9.457625
b1 		 95 		 9.614507
b1 		 96 		 9.614507
----------------------------------------------------------------------------------------------------
b2 		 1 		 9.408671
b2 		 2 		 9.408671
b2 		 3 		 9.614507
b2 		 4 		 9.614507
b2 		 5 		 9.408671
b2 		 6 		 9.408671
b2 		 7 		 9.408671
b2 		 8 		 9.408671
b2 		 9 		 9.408671
b2 		 10 		 9.408671
b2 		 11 		 9.408671
b2 		 12 		 9.408671
b2 		 13 		 9.408671
b2 		 14 		 9.408671
b2 		 15 		 9.408671
b2 		 16 		 9.408671
b2 		 17 		 9.408671
b2 		 18 		 9.408671
b2 		 19 		 9.408671
b2 		 20 		 9.408671
b2 		 21 		 9.408671
b2 		 22 		 9.408671
b2 		 23 		 9.408671
b2 		 24 		 9.408671
b2 		 25 		 9.408671
b2 		 26 		 9.408671
b2 		 27 		 9.614507
b2 		 28 		 9.408671
b2 		 29 		 9.408671
b2 		 30 		 9.614507
b2 		 31 		 9.614507
b2 		 32 		 9.614507
b2 		 33 		 9.614507
b2 		 34 		 9.457625
b2 		 35 		 9.457625
b2 		 36 		 9.614507
b2 		 37 		 9.614507
b2 		 38 		 9.614507
b2 		 39 		 9.614507
b2 		 40 		 9.614507
b2 		 41 		 10.185876
b2 		 42 		 9.614507
b2 		 43 		 9.614507
b2 		 44 		 9.614507
b2 		 45 		 9.614507
b2 		 46 		 10.185876
b2 		 47 		 9.614507
b2 		 48 		 9.614507
b2 		 49 		 8.853763
b2 		 50 		 11.862367
b2 		 51 		 11.862367
b2 		 52 		 9.448925
b2 		 53 		 11.862367
b2 		 54 		 10.185876
b2 		 55 		 10.185876
b2 		 56 		 10.185876
b2 		 57 		 9.8174
b2 		 58 		 11.862367
b2 		 59 		 11.022192
b2 		 60 		 10.757244
b2 		 61 		 9.614507
b2 		 62 		 10.185876
b2 		 63 		 9.614507
b2 		 64 		 11.022192
b2 		 65 		 9.614507
b2 		 66 		 9.614507
b2 		 67 		 12.636629
b2 		 68 		 9.614507
b2 		 69 		 9.614507
b2 		 70 		 10.185876
b2 		 71 		 11.022192
b2 		 72 		 9.614507
b2 		 73 		 9.614507
b2 		 74 		 9.614507
b2 		 75 		 11.328613
b2 		 76 		 9.614507
b2 		 77 		 9.614507
b2 		 78 		 9.614507
b2 		 79 		 9.614507
b2 		 80 		 9.614507
b2 		 81 		 10.185876
b2 		 82 		 11.022192
b2 		 83 		 9.614507
b2 		 84 		 11.022192
b2 		 85 		 9.349559
b2 		 86 		 9.614507
b2 		 87 		 9.614507
b2 		 88 		 9.77139
b2 		 89 		 9.457625
b2 		 90 		 9.614507
b2 		 91 		 9.614507
b2 		 92 		 9.457625
b2 		 93 		 9.614507
b2 		 94 		 9.457625
b2 		 95 		 9.614507
b2 		 96 		 9.614507
----------------------------------------------------------------------------------------------------
b3 		 1 		 9.408671
b3 		 2 		 9.408671
b3 		 3 		 9.614507
b3 		 4 		 9.614507
b3 		 5 		 9.408671
b3 		 6 		 9.408671
b3 		 7 		 9.408671
b3 		 8 		 9.408671
b3 		 9 		 9.408671
b3 		 10 		 9.408671
b3 		 11 		 9.408671
b3 		 12 		 9.408671
b3 		 13 		 9.408671
b3 		 14 		 9.408671
b3 		 15 		 9.408671
b3 		 16 		 9.408671
b3 		 17 		 9.408671
b3 		 18 		 9.408671
b3 		 19 		 9.408671
b3 		 20 		 9.408671
b3 		 21 		 9.408671
b3 		 22 		 9.408671
b3 		 23 		 9.408671
b3 		 24 		 9.408671
b3 		 25 		 9.408671
b3 		 26 		 9.408671
b3 		 27 		 9.614507
b3 		 28 		 9.408671
b3 		 29 		 9.408671
b3 		 30 		 9.614507
b3 		 31 		 9.614507
b3 		 32 		 9.614507
b3 		 33 		 9.614507
b3 		 34 		 9.457625
b3 		 35 		 9.457625
b3 		 36 		 9.614507
b3 		 37 		 9.614507
b3 		 38 		 9.614507
b3 		 39 		 9.614507
b3 		 40 		 9.614507
b3 		 41 		 10.185876
b3 		 42 		 9.614507
b3 		 43 		 9.614507
b3 		 44 		 9.614507
b3 		 45 		 9.614507
b3 		 46 		 10.185876
b3 		 47 		 9.614507
b3 		 48 		 9.614507
b3 		 49 		 8.853763
b3 		 50 		 11.862367
b3 		 51 		 11.862367
b3 		 52 		 9.448925
b3 		 53 		 11.862367
b3 		 54 		 10.185876
b3 		 55 		 10.185876
b3 		 56 		 10.185876
b3 		 57 		 9.8174
b3 		 58 		 11.862367
b3 		 59 		 11.022192
b3 		 60 		 10.757244
b3 		 61 		 9.614507
b3 		 62 		 10.185876
b3 		 63 		 9.614507
b3 		 64 		 11.022192
b3 		 65 		 9.614507
b3 		 66 		 9.614507
b3 		 67 		 12.636629
b3 		 68 		 9.614507
b3 		 69 		 9.614507
b3 		 70 		 10.185876
b3 		 71 		 11.022192
b3 		 72 		 9.614507
b3 		 73 		 9.614507
b3 		 74 		 9.614507
b3 		 75 		 11.328613
b3 		 76 		 9.614507
b3 		 77 		 9.614507
b3 		 78 		 9.614507
b3 		 79 		 9.614507
b3 		 80 		 9.614507
b3 		 81 		 10.185876
b3 		 82 		 11.022192
b3 		 83 		 9.614507
b3 		 84 		 11.022192
b3 		 85 		 9.349559
b3 		 86 		 9.614507
b3 		 87 		 9.614507
b3 		 88 		 9.77139
b3 		 89 		 9.457625
b3 		 90 		 9.614507
b3 		 91 		 9.614507
b3 		 92 		 9.457625
b3 		 93 		 9.614507
b3 		 94 		 9.457625
b3 		 95 		 9.614507
b3 		 96 		 9.614507
----------------------------------------------------------------------------------------------------
b4 		 1 		 9.408671
b4 		 2 		 9.408671
b4 		 3 		 9.614507
b4 		 4 		 9.614507
b4 		 5 		 9.408671
b4 		 6 		 9.408671
b4 		 7 		 9.408671
b4 		 8 		 9.408671
b4 		 9 		 9.408671
b4 		 10 		 9.408671
b4 		 11 		 9.408671
b4 		 12 		 9.408671
b4 		 13 		 9.408671
b4 		 14 		 9.408671
b4 		 15 		 9.408671
b4 		 16 		 9.408671
b4 		 17 		 9.408671
b4 		 18 		 9.408671
b4 		 19 		 9.408671
b4 		 20 		 9.408671
b4 		 21 		 9.408671
b4 		 22 		 9.408671
b4 		 23 		 9.408671
b4 		 24 		 9.408671
b4 		 25 		 9.408671
b4 		 26 		 9.408671
b4 		 27 		 9.614507
b4 		 28 		 9.408671
b4 		 29 		 9.408671
b4 		 30 		 9.614507
b4 		 31 		 9.614507
b4 		 32 		 9.614507
b4 		 33 		 9.614507
b4 		 34 		 9.457625
b4 		 35 		 9.457625
b4 		 36 		 9.614507
b4 		 37 		 9.614507
b4 		 38 		 9.614507
b4 		 39 		 9.614507
b4 		 40 		 9.614507
b4 		 41 		 10.185876
b4 		 42 		 9.614507
b4 		 43 		 9.614507
b4 		 44 		 9.614507
b4 		 45 		 9.614507
b4 		 46 		 10.185876
b4 		 47 		 9.614507
b4 		 48 		 9.614507
b4 		 49 		 8.853763
b4 		 50 		 11.862367
b4 		 51 		 11.862367
b4 		 52 		 9.448925
b4 		 53 		 11.862367
b4 		 54 		 10.185876
b4 		 55 		 10.185876
b4 		 56 		 10.185876
b4 		 57 		 9.8174
b4 		 58 		 11.862367
b4 		 59 		 11.022192
b4 		 60 		 10.757244
b4 		 61 		 9.614507
b4 		 62 		 10.185876
b4 		 63 		 9.614507
b4 		 64 		 11.022192
b4 		 65 		 9.614507
b4 		 66 		 9.614507
b4 		 67 		 12.636629
b4 		 68 		 9.614507
b4 		 69 		 9.614507
b4 		 70 		 10.185876
b4 		 71 		 11.022192
b4 		 72 		 9.614507
b4 		 73 		 9.614507
b4 		 74 		 9.614507
b4 		 75 		 11.328613
b4 		 76 		 9.614507
b4 		 77 		 9.614507
b4 		 78 		 9.614507
b4 		 79 		 9.614507
b4 		 80 		 9.614507
b4 		 81 		 10.185876
b4 		 82 		 11.022192
b4 		 83 		 9.614507
b4 		 84 		 11.022192
b4 		 85 		 9.349559
b4 		 86 		 9.614507
b4 		 87 		 9.614507
b4 		 88 		 9.77139
b4 		 89 		 9.457625
b4 		 90 		 9.614507
b4 		 91 		 9.614507
b4 		 92 		 9.457625
b4 		 93 		 9.614507
b4 		 94 		 9.457625
b4 		 95 		 9.614507
b4 		 96 		 9.614507
----------------------------------------------------------------------------------------------------
b5 		 1 		 9.408671
b5 		 2 		 9.408671
b5 		 3 		 9.614507
b5 		 4 		 9.614507
b5 		 5 		 9.408671
b5 		 6 		 9.408671
b5 		 7 		 9.408671
b5 		 8 		 9.408671
b5 		 9 		 9.408671
b5 		 10 		 9.408671
b5 		 11 		 9.408671
b5 		 12 		 9.408671
b5 		 13 		 9.408671
b5 		 14 		 9.408671
b5 		 15 		 9.408671
b5 		 16 		 9.408671
b5 		 17 		 9.408671
b5 		 18 		 9.408671
b5 		 19 		 9.408671
b5 		 20 		 9.408671
b5 		 21 		 9.408671
b5 		 22 		 9.408671
b5 		 23 		 9.408671
b5 		 24 		 9.408671
b5 		 25 		 9.408671
b5 		 26 		 9.408671
b5 		 27 		 9.614507
b5 		 28 		 9.408671
b5 		 29 		 9.408671
b5 		 30 		 9.614507
b5 		 31 		 9.614507
b5 		 32 		 9.614507
b5 		 33 		 9.614507
b5 		 34 		 9.457625
b5 		 35 		 9.457625
b5 		 36 		 9.614507
b5 		 37 		 9.614507
b5 		 38 		 9.614507
b5 		 39 		 9.614507
b5 		 40 		 9.614507
b5 		 41 		 10.185876
b5 		 42 		 9.614507
b5 		 43 		 9.614507
b5 		 44 		 9.614507
b5 		 45 		 9.614507
b5 		 46 		 10.185876
b5 		 47 		 9.614507
b5 		 48 		 9.614507
b5 		 49 		 8.853763
b5 		 50 		 11.862367
b5 		 51 		 11.862367
b5 		 52 		 9.448925
b5 		 53 		 11.862367
b5 		 54 		 10.185876
b5 		 55 		 10.185876
b5 		 56 		 10.185876
b5 		 57 		 9.8174
b5 		 58 		 11.862367
b5 		 59 		 11.022192
b5 		 60 		 10.757244
b5 		 61 		 9.614507
b5 		 62 		 10.185876
b5 		 63 		 9.614507
b5 		 64 		 11.022192
b5 		 65 		 9.614507
b5 		 66 		 9.614507
b5 		 67 		 12.636629
b5 		 68 		 9.614507
b5 		 69 		 9.614507
b5 		 70 		 10.185876
b5 		 71 		 11.022192
b5 		 72 		 9.614507
b5 		 73 		 9.614507
b5 		 74 		 9.614507
b5 		 75 		 11.328613
b5 		 76 		 9.614507
b5 		 77 		 9.614507
b5 		 78 		 9.614507
b5 		 79 		 9.614507
b5 		 80 		 9.614507
b5 		 81 		 10.185876
b5 		 82 		 11.022192
b5 		 83 		 9.614507
b5 		 84 		 11.022192
b5 		 85 		 9.349559
b5 		 86 		 9.614507
b5 		 87 		 9.614507
b5 		 88 		 9.77139
b5 		 89 		 9.457625
b5 		 90 		 9.614507
b5 		 91 		 9.614507
b5 		 92 		 9.457625
b5 		 93 		 9.614507
b5 		 94 		 9.457625
b5 		 95 		 9.614507
b5 		 96 		 9.614507
----------------------------------------------------------------------------------------------------
b6 		 1 		 9.408671
b6 		 2 		 9.408671
b6 		 3 		 9.614507
b6 		 4 		 9.614507
b6 		 5 		 9.408671
b6 		 6 		 9.408671
b6 		 7 		 9.408671
b6 		 8 		 9.408671
b6 		 9 		 9.408671
b6 		 10 		 9.408671
b6 		 11 		 9.408671
b6 		 12 		 9.408671
b6 		 13 		 9.408671
b6 		 14 		 9.408671
b6 		 15 		 9.408671
b6 		 16 		 9.408671
b6 		 17 		 9.408671
b6 		 18 		 9.408671
b6 		 19 		 9.408671
b6 		 20 		 9.408671
b6 		 21 		 9.408671
b6 		 22 		 9.408671
b6 		 23 		 9.408671
b6 		 24 		 9.408671
b6 		 25 		 9.408671
b6 		 26 		 9.408671
b6 		 27 		 9.614507
b6 		 28 		 9.408671
b6 		 29 		 9.408671
b6 		 30 		 9.614507
b6 		 31 		 9.614507
b6 		 32 		 9.614507
b6 		 33 		 9.614507
b6 		 34 		 9.457625
b6 		 35 		 9.457625
b6 		 36 		 9.614507
b6 		 37 		 9.614507
b6 		 38 		 9.614507
b6 		 39 		 9.614507
b6 		 40 		 9.614507
b6 		 41 		 10.185876
b6 		 42 		 9.614507
b6 		 43 		 9.614507
b6 		 44 		 9.614507
b6 		 45 		 9.614507
b6 		 46 		 10.185876
b6 		 47 		 9.614507
b6 		 48 		 9.614507
b6 		 49 		 8.853763
b6 		 50 		 11.862367
b6 		 51 		 11.862367
b6 		 52 		 9.448925
b6 		 53 		 11.862367
b6 		 54 		 10.185876
b6 		 55 		 10.185876
b6 		 56 		 10.185876
b6 		 57 		 9.8174
b6 		 58 		 11.862367
b6 		 59 		 11.022192
b6 		 60 		 10.757244
b6 		 61 		 9.614507
b6 		 62 		 10.185876
b6 		 63 		 9.614507
b6 		 64 		 11.022192
b6 		 65 		 9.614507
b6 		 66 		 9.614507
b6 		 67 		 12.636629
b6 		 68 		 9.614507
b6 		 69 		 9.614507
b6 		 70 		 10.185876
b6 		 71 		 11.022192
b6 		 72 		 9.614507
b6 		 73 		 9.614507
b6 		 74 		 9.614507
b6 		 75 		 11.328613
b6 		 76 		 9.614507
b6 		 77 		 9.614507
b6 		 78 		 9.614507
b6 		 79 		 9.614507
b6 		 80 		 9.614507
b6 		 81 		 10.185876
b6 		 82 		 11.022192
b6 		 83 		 9.614507
b6 		 84 		 11.022192
b6 		 85 		 9.349559
b6 		 86 		 9.614507
b6 		 87 		 9.614507
b6 		 88 		 9.77139
b6 		 89 		 9.457625
b6 		 90 		 9.614507
b6 		 91 		 9.614507
b6 		 92 		 9.457625
b6 		 93 		 9.614507
b6 		 94 		 9.457625
b6 		 95 		 9.614507
b6 		 96 		 9.614507
----------------------------------------------------------------------------------------------------
b7 		 1 		 9.408671
b7 		 2 		 9.408671
b7 		 3 		 9.614507
b7 		 4 		 9.614507
b7 		 5 		 9.408671
b7 		 6 		 9.408671
b7 		 7 		 9.408671
b7 		 8 		 9.408671
b7 		 9 		 9.408671
b7 		 10 		 9.408671
b7 		 11 		 9.408671
b7 		 12 		 9.408671
b7 		 13 		 9.408671
b7 		 14 		 9.408671
b7 		 15 		 9.408671
b7 		 16 		 9.408671
b7 		 17 		 9.408671
b7 		 18 		 9.408671
b7 		 19 		 9.408671
b7 		 20 		 9.408671
b7 		 21 		 9.408671
b7 		 22 		 9.408671
b7 		 23 		 9.408671
b7 		 24 		 9.408671
b7 		 25 		 9.408671
b7 		 26 		 9.408671
b7 		 27 		 9.614507
b7 		 28 		 9.408671
b7 		 29 		 9.408671
b7 		 30 		 9.614507
b7 		 31 		 9.614507
b7 		 32 		 9.614507
b7 		 33 		 9.614507
b7 		 34 		 9.457625
b7 		 35 		 9.457625
b7 		 36 		 9.614507
b7 		 37 		 9.614507
b7 		 38 		 9.614507
b7 		 39 		 9.614507
b7 		 40 		 9.614507
b7 		 41 		 10.185876
b7 		 42 		 9.614507
b7 		 43 		 9.614507
b7 		 44 		 9.614507
b7 		 45 		 9.614507
b7 		 46 		 10.185876
b7 		 47 		 9.614507
b7 		 48 		 9.614507
b7 		 49 		 8.853763
b7 		 50 		 11.862367
b7 		 51 		 11.862367
b7 		 52 		 9.448925
b7 		 53 		 11.862367
b7 		 54 		 10.185876
b7 		 55 		 10.185876
b7 		 56 		 10.185876
b7 		 57 		 9.8174
b7 		 58 		 11.862367
b7 		 59 		 11.022192
b7 		 60 		 10.757244
b7 		 61 		 9.614507
b7 		 62 		 10.185876
b7 		 63 		 9.614507
b7 		 64 		 11.022192
b7 		 65 		 9.614507
b7 		 66 		 9.614507
b7 		 67 		 12.636629
b7 		 68 		 9.614507
b7 		 69 		 9.614507
b7 		 70 		 10.185876
b7 		 71 		 11.022192
b7 		 72 		 9.614507
b7 		 73 		 9.614507
b7 		 74 		 9.614507
b7 		 75 		 11.328613
b7 		 76 		 9.614507
b7 		 77 		 9.614507
b7 		 78 		 9.614507
b7 		 79 		 9.614507
b7 		 80 		 9.614507
b7 		 81 		 10.185876
b7 		 82 		 11.022192
b7 		 83 		 9.614507
b7 		 84 		 11.022192
b7 		 85 		 9.349559
b7 		 86 		 9.614507
b7 		 87 		 9.614507
b7 		 88 		 9.77139
b7 		 89 		 9.457625
b7 		 90 		 9.614507
b7 		 91 		 9.614507
b7 		 92 		 9.457625
b7 		 93 		 9.614507
b7 		 94 		 9.457625
b7 		 95 		 9.614507
b7 		 96 		 9.614507
----------------------------------------------------------------------------------------------------
b8 		 1 		 9.408671
b8 		 2 		 9.408671
b8 		 3 		 9.614507
b8 		 4 		 9.614507
b8 		 5 		 9.408671
b8 		 6 		 9.408671
b8 		 7 		 9.408671
b8 		 8 		 9.408671
b8 		 9 		 9.408671
b8 		 10 		 9.408671
b8 		 11 		 9.408671
b8 		 12 		 9.408671
b8 		 13 		 9.408671
b8 		 14 		 9.408671
b8 		 15 		 9.408671
b8 		 16 		 9.408671
b8 		 17 		 9.408671
b8 		 18 		 9.408671
b8 		 19 		 9.408671
b8 		 20 		 9.408671
b8 		 21 		 9.408671
b8 		 22 		 9.408671
b8 		 23 		 9.408671
b8 		 24 		 9.408671
b8 		 25 		 9.408671
b8 		 26 		 9.408671
b8 		 27 		 9.614507
b8 		 28 		 9.408671
b8 		 29 		 9.408671
b8 		 30 		 9.614507
b8 		 31 		 9.614507
b8 		 32 		 9.614507
b8 		 33 		 9.614507
b8 		 34 		 9.457625
b8 		 35 		 9.457625
b8 		 36 		 9.614507
b8 		 37 		 9.614507
b8 		 38 		 9.614507
b8 		 39 		 9.614507
b8 		 40 		 9.614507
b8 		 41 		 10.185876
b8 		 42 		 9.614507
b8 		 43 		 9.614507
b8 		 44 		 9.614507
b8 		 45 		 9.614507
b8 		 46 		 10.185876
b8 		 47 		 9.614507
b8 		 48 		 9.614507
b8 		 49 		 8.853763
b8 		 50 		 11.862367
b8 		 51 		 11.862367
b8 		 52 		 9.448925
b8 		 53 		 11.862367
b8 		 54 		 10.185876
b8 		 55 		 10.185876
b8 		 56 		 10.185876
b8 		 57 		 9.8174
b8 		 58 		 11.862367
b8 		 59 		 11.022192
b8 		 60 		 10.757244
b8 		 61 		 9.614507
b8 		 62 		 10.185876
b8 		 63 		 9.614507
b8 		 64 		 11.022192
b8 		 65 		 9.614507
b8 		 66 		 9.614507
b8 		 67 		 12.636629
b8 		 68 		 9.614507
b8 		 69 		 9.614507
b8 		 70 		 10.185876
b8 		 71 		 11.022192
b8 		 72 		 9.614507
b8 		 73 		 9.614507
b8 		 74 		 9.614507
b8 		 75 		 11.328613
b8 		 76 		 9.614507
b8 		 77 		 9.614507
b8 		 78 		 9.614507
b8 		 79 		 9.614507
b8 		 80 		 9.614507
b8 		 81 		 10.185876
b8 		 82 		 11.022192
b8 		 83 		 9.614507
b8 		 84 		 11.022192
b8 		 85 		 9.349559
b8 		 86 		 9.614507
b8 		 87 		 9.614507
b8 		 88 		 9.77139
b8 		 89 		 9.457625
b8 		 90 		 9.614507
b8 		 91 		 9.614507
b8 		 92 		 9.457625
b8 		 93 		 9.614507
b8 		 94 		 9.457625
b8 		 95 		 9.614507
b8 		 96 		 9.614507
----------------------------------------------------------------------------------------------------
b9 		 1 		 9.408671
b9 		 2 		 9.408671
b9 		 3 		 9.614507
b9 		 4 		 9.614507
b9 		 5 		 9.408671
b9 		 6 		 9.408671
b9 		 7 		 9.408671
b9 		 8 		 9.408671
b9 		 9 		 9.408671
b9 		 10 		 9.408671
b9 		 11 		 9.408671
b9 		 12 		 9.408671
b9 		 13 		 9.408671
b9 		 14 		 9.408671
b9 		 15 		 9.408671
b9 		 16 		 9.408671
b9 		 17 		 9.408671
b9 		 18 		 9.408671
b9 		 19 		 9.408671
b9 		 20 		 9.408671
b9 		 21 		 9.408671
b9 		 22 		 9.408671
b9 		 23 		 9.408671
b9 		 24 		 9.408671
b9 		 25 		 9.408671
b9 		 26 		 9.408671
b9 		 27 		 9.614507
b9 		 28 		 9.408671
b9 		 29 		 9.408671
b9 		 30 		 9.614507
b9 		 31 		 9.614507
b9 		 32 		 9.614507
b9 		 33 		 9.614507
b9 		 34 		 9.457625
b9 		 35 		 9.457625
b9 		 36 		 9.614507
b9 		 37 		 9.614507
b9 		 38 		 9.614507
b9 		 39 		 9.614507
b9 		 40 		 9.614507
b9 		 41 		 10.185876
b9 		 42 		 9.614507
b9 		 43 		 9.614507
b9 		 44 		 9.614507
b9 		 45 		 9.614507
b9 		 46 		 10.185876
b9 		 47 		 9.614507
b9 		 48 		 9.614507
b9 		 49 		 8.853763
b9 		 50 		 11.862367
b9 		 51 		 11.862367
b9 		 52 		 9.448925
b9 		 53 		 11.862367
b9 		 54 		 10.185876
b9 		 55 		 10.185876
b9 		 56 		 10.185876
b9 		 57 		 9.8174
b9 		 58 		 11.862367
b9 		 59 		 11.022192
b9 		 60 		 10.757244
b9 		 61 		 9.614507
b9 		 62 		 10.185876
b9 		 63 		 9.614507
b9 		 64 		 11.022192
b9 		 65 		 9.614507
b9 		 66 		 9.614507
b9 		 67 		 12.636629
b9 		 68 		 9.614507
b9 		 69 		 9.614507
b9 		 70 		 10.185876
b9 		 71 		 11.022192
b9 		 72 		 9.614507
b9 		 73 		 9.614507
b9 		 74 		 9.614507
b9 		 75 		 11.328613
b9 		 76 		 9.614507
b9 		 77 		 9.614507
b9 		 78 		 9.614507
b9 		 79 		 9.614507
b9 		 80 		 9.614507
b9 		 81 		 10.185876
b9 		 82 		 11.022192
b9 		 83 		 9.614507
b9 		 84 		 11.022192
b9 		 85 		 9.349559
b9 		 86 		 9.614507
b9 		 87 		 9.614507
b9 		 88 		 9.77139
b9 		 89 		 9.457625
b9 		 90 		 9.614507
b9 		 91 		 9.614507
b9 		 92 		 9.457625
b9 		 93 		 9.614507
b9 		 94 		 9.457625
b9 		 95 		 9.614507
b9 		 96 		 9.614507
----------------------------------------------------------------------------------------------------
b10 		 1 		 9.408671
b10 		 2 		 9.408671
b10 		 3 		 9.614507
b10 		 4 		 9.614507
b10 		 5 		 9.408671
b10 		 6 		 9.408671
b10 		 7 		 9.408671
b10 		 8 		 9.408671
b10 		 9 		 9.408671
b10 		 10 		 9.408671
b10 		 11 		 9.408671
b10 		 12 		 9.408671
b10 		 13 		 9.408671
b10 		 14 		 9.408671
b10 		 15 		 9.408671
b10 		 16 		 9.408671
b10 		 17 		 9.408671
b10 		 18 		 9.408671
b10 		 19 		 9.408671
b10 		 20 		 9.408671
b10 		 21 		 9.408671
b10 		 22 		 9.408671
b10 		 23 		 9.408671
b10 		 24 		 9.408671
b10 		 25 		 9.408671
b10 		 26 		 9.408671
b10 		 27 		 9.614507
b10 		 28 		 9.408671
b10 		 29 		 9.408671
b10 		 30 		 9.614507
b10 		 31 		 9.614507
b10 		 32 		 9.614507
b10 		 33 		 9.614507
b10 		 34 		 9.457625
b10 		 35 		 9.457625
b10 		 36 		 9.614507
b10 		 37 		 9.614507
b10 		 38 		 9.614507
b10 		 39 		 9.614507
b10 		 40 		 9.614507
b10 		 41 		 10.185876
b10 		 42 		 9.614507
b10 		 43 		 9.614507
b10 		 44 		 9.614507
b10 		 45 		 9.614507
b10 		 46 		 10.185876
b10 		 47 		 9.614507
b10 		 48 		 9.614507
b10 		 49 		 8.853763
b10 		 50 		 11.862367
b10 		 51 		 11.862367
b10 		 52 		 9.448925
b10 		 53 		 11.862367
b10 		 54 		 10.185876
b10 		 55 		 10.185876
b10 		 56 		 10.185876
b10 		 57 		 9.8174
b10 		 58 		 11.862367
b10 		 59 		 11.022192
b10 		 60 		 10.757244
b10 		 61 		 9.614507
b10 		 62 		 10.185876
b10 		 63 		 9.614507
b10 		 64 		 11.022192
b10 		 65 		 9.614507
b10 		 66 		 9.614507
b10 		 67 		 12.636629
b10 		 68 		 9.614507
b10 		 69 		 9.614507
b10 		 70 		 10.185876
b10 		 71 		 11.022192
b10 		 72 		 9.614507
b10 		 73 		 9.614507
b10 		 74 		 9.614507
b10 		 75 		 11.328613
b10 		 76 		 9.614507
b10 		 77 		 9.614507
b10 		 78 		 9.614507
b10 		 79 		 9.614507
b10 		 80 		 9.614507
b10 		 81 		 10.185876
b10 		 82 		 11.022192
b10 		 83 		 9.614507
b10 		 84 		 11.022192
b10 		 85 		 9.349559
b10 		 86 		 9.614507
b10 		 87 		 9.614507
b10 		 88 		 9.77139
b10 		 89 		 9.457625
b10 		 90 		 9.614507
b10 		 91 		 9.614507
b10 		 92 		 9.457625
b10 		 93 		 9.614507
b10 		 94 		 9.457625
b10 		 95 		 9.614507
b10 		 96 		 9.614507
----------------------------------------------------------------------------------------------------
b11 		 1 		 9.408671
b11 		 2 		 9.408671
b11 		 3 		 9.614507
b11 		 4 		 9.614507
b11 		 5 		 9.408671
b11 		 6 		 9.408671
b11 		 7 		 9.408671
b11 		 8 		 9.408671
b11 		 9 		 9.408671
b11 		 10 		 9.408671
b11 		 11 		 9.408671
b11 		 12 		 9.408671
b11 		 13 		 9.408671
b11 		 14 		 9.408671
b11 		 15 		 9.408671
b11 		 16 		 9.408671
b11 		 17 		 9.408671
b11 		 18 		 9.408671
b11 		 19 		 9.408671
b11 		 20 		 9.408671
b11 		 21 		 9.408671
b11 		 22 		 9.408671
b11 		 23 		 9.408671
b11 		 24 		 9.408671
b11 		 25 		 9.408671
b11 		 26 		 9.408671
b11 		 27 		 9.614507
b11 		 28 		 9.408671
b11 		 29 		 9.408671
b11 		 30 		 9.614507
b11 		 31 		 9.614507
b11 		 32 		 9.614507
b11 		 33 		 9.614507
b11 		 34 		 9.457625
b11 		 35 		 9.457625
b11 		 36 		 9.614507
b11 		 37 		 9.614507
b11 		 38 		 9.614507
b11 		 39 		 9.614507
b11 		 40 		 9.614507
b11 		 41 		 10.185876
b11 		 42 		 9.614507
b11 		 43 		 9.614507
b11 		 44 		 9.614507
b11 		 45 		 9.614507
b11 		 46 		 10.185876
b11 		 47 		 9.614507
b11 		 48 		 9.614507
b11 		 49 		 8.853763
b11 		 50 		 11.862367
b11 		 51 		 11.862367
b11 		 52 		 9.448925
b11 		 53 		 11.862367
b11 		 54 		 10.185876
b11 		 55 		 10.185876
b11 		 56 		 10.185876
b11 		 57 		 9.8174
b11 		 58 		 11.862367
b11 		 59 		 11.022192
b11 		 60 		 10.757244
b11 		 61 		 9.614507
b11 		 62 		 10.185876
b11 		 63 		 9.614507
b11 		 64 		 11.022192
b11 		 65 		 9.614507
b11 		 66 		 9.614507
b11 		 67 		 12.636629
b11 		 68 		 9.614507
b11 		 69 		 9.614507
b11 		 70 		 10.185876
b11 		 71 		 11.022192
b11 		 72 		 9.614507
b11 		 73 		 9.614507
b11 		 74 		 9.614507
b11 		 75 		 11.328613
b11 		 76 		 9.614507
b11 		 77 		 9.614507
b11 		 78 		 9.614507
b11 		 79 		 9.614507
b11 		 80 		 9.614507
b11 		 81 		 10.185876
b11 		 82 		 11.022192
b11 		 83 		 9.614507
b11 		 84 		 11.022192
b11 		 85 		 9.349559
b11 		 86 		 9.614507
b11 		 87 		 9.614507
b11 		 88 		 9.77139
b11 		 89 		 9.457625
b11 		 90 		 9.614507
b11 		 91 		 9.614507
b11 		 92 		 9.457625
b11 		 93 		 9.614507
b11 		 94 		 9.457625
b11 		 95 		 9.614507
b11 		 96 		 9.614507
----------------------------------------------------------------------------------------------------
b12 		 1 		 9.408671
b12 		 2 		 9.408671
b12 		 3 		 9.614507
b12 		 4 		 9.614507
b12 		 5 		 9.408671
b12 		 6 		 9.408671
b12 		 7 		 9.408671
b12 		 8 		 9.408671
b12 		 9 		 9.408671
b12 		 10 		 9.408671
b12 		 11 		 9.408671
b12 		 12 		 9.408671
b12 		 13 		 9.408671
b12 		 14 		 9.408671
b12 		 15 		 9.408671
b12 		 16 		 9.408671
b12 		 17 		 9.408671
b12 		 18 		 9.408671
b12 		 19 		 9.408671
b12 		 20 		 9.408671
b12 		 21 		 9.408671
b12 		 22 		 9.408671
b12 		 23 		 9.408671
b12 		 24 		 9.408671
b12 		 25 		 9.408671
b12 		 26 		 9.408671
b12 		 27 		 9.614507
b12 		 28 		 9.408671
b12 		 29 		 9.408671
b12 		 30 		 9.614507
b12 		 31 		 9.614507
b12 		 32 		 9.614507
b12 		 33 		 9.614507
b12 		 34 		 9.457625
b12 		 35 		 9.457625
b12 		 36 		 9.614507
b12 		 37 		 9.614507
b12 		 38 		 9.614507
b12 		 39 		 9.614507
b12 		 40 		 9.614507
b12 		 41 		 10.185876
b12 		 42 		 9.614507
b12 		 43 		 9.614507
b12 		 44 		 9.614507
b12 		 45 		 9.614507
b12 		 46 		 10.185876
b12 		 47 		 9.614507
b12 		 48 		 9.614507
b12 		 49 		 8.853763
b12 		 50 		 11.862367
b12 		 51 		 11.862367
b12 		 52 		 9.448925
b12 		 53 		 11.862367
b12 		 54 		 10.185876
b12 		 55 		 10.185876
b12 		 56 		 10.185876
b12 		 57 		 9.8174
b12 		 58 		 11.862367
b12 		 59 		 11.022192
b12 		 60 		 10.757244
b12 		 61 		 9.614507
b12 		 62 		 10.185876
b12 		 63 		 9.614507
b12 		 64 		 11.022192
b12 		 65 		 9.614507
b12 		 66 		 9.614507
b12 		 67 		 12.636629
b12 		 68 		 9.614507
b12 		 69 		 9.614507
b12 		 70 		 10.185876
b12 		 71 		 11.022192
b12 		 72 		 9.614507
b12 		 73 		 9.614507
b12 		 74 		 9.614507
b12 		 75 		 11.328613
b12 		 76 		 9.614507
b12 		 77 		 9.614507
b12 		 78 		 9.614507
b12 		 79 		 9.614507
b12 		 80 		 9.614507
b12 		 81 		 10.185876
b12 		 82 		 11.022192
b12 		 83 		 9.614507
b12 		 84 		 11.022192
b12 		 85 		 9.349559
b12 		 86 		 9.614507
b12 		 87 		 9.614507
b12 		 88 		 9.77139
b12 		 89 		 9.457625
b12 		 90 		 9.614507
b12 		 91 		 9.614507
b12 		 92 		 9.457625
b12 		 93 		 9.614507
b12 		 94 		 9.457625
b12 		 95 		 9.614507
b12 		 96 		 9.614507
----------------------------------------------------------------------------------------------------
b13 		 1 		 9.408671
b13 		 2 		 9.408671
b13 		 3 		 9.614507
b13 		 4 		 9.614507
b13 		 5 		 9.408671
b13 		 6 		 9.408671
b13 		 7 		 9.408671
b13 		 8 		 9.408671
b13 		 9 		 9.408671
b13 		 10 		 9.408671
b13 		 11 		 9.408671
b13 		 12 		 9.408671
b13 		 13 		 9.408671
b13 		 14 		 9.408671
b13 		 15 		 9.408671
b13 		 16 		 9.408671
b13 		 17 		 9.408671
b13 		 18 		 9.408671
b13 		 19 		 9.408671
b13 		 20 		 9.408671
b13 		 21 		 9.408671
b13 		 22 		 9.408671
b13 		 23 		 9.408671
b13 		 24 		 9.408671
b13 		 25 		 9.408671
b13 		 26 		 9.408671
b13 		 27 		 9.614507
b13 		 28 		 9.408671
b13 		 29 		 9.408671
b13 		 30 		 9.614507
b13 		 31 		 9.614507
b13 		 32 		 9.614507
b13 		 33 		 9.614507
b13 		 34 		 9.457625
b13 		 35 		 9.457625
b13 		 36 		 9.614507
b13 		 37 		 9.614507
b13 		 38 		 9.614507
b13 		 39 		 9.614507
b13 		 40 		 9.614507
b13 		 41 		 10.185876
b13 		 42 		 9.614507
b13 		 43 		 9.614507
b13 		 44 		 9.614507
b13 		 45 		 9.614507
b13 		 46 		 10.185876
b13 		 47 		 9.614507
b13 		 48 		 9.614507
b13 		 49 		 8.853763
b13 		 50 		 11.862367
b13 		 51 		 11.862367
b13 		 52 		 9.448925
b13 		 53 		 11.862367
b13 		 54 		 10.185876
b13 		 55 		 10.185876
b13 		 56 		 10.185876
b13 		 57 		 9.8174
b13 		 58 		 11.862367
b13 		 59 		 11.022192
b13 		 60 		 10.757244
b13 		 61 		 9.614507
b13 		 62 		 10.185876
b13 		 63 		 9.614507
b13 		 64 		 11.022192
b13 		 65 		 9.614507
b13 		 66 		 9.614507
b13 		 67 		 12.636629
b13 		 68 		 9.614507
b13 		 69 		 9.614507
b13 		 70 		 10.185876
b13 		 71 		 11.022192
b13 		 72 		 9.614507
b13 		 73 		 9.614507
b13 		 74 		 9.614507
b13 		 75 		 11.328613
b13 		 76 		 9.614507
b13 		 77 		 9.614507
b13 		 78 		 9.614507
b13 		 79 		 9.614507
b13 		 80 		 9.614507
b13 		 81 		 10.185876
b13 		 82 		 11.022192
b13 		 83 		 9.614507
b13 		 84 		 11.022192
b13 		 85 		 9.349559
b13 		 86 		 9.614507
b13 		 87 		 9.614507
b13 		 88 		 9.77139
b13 		 89 		 9.457625
b13 		 90 		 9.614507
b13 		 91 		 9.614507
b13 		 92 		 9.457625
b13 		 93 		 9.614507
b13 		 94 		 9.457625
b13 		 95 		 9.614507
b13 		 96 		 9.614507
----------------------------------------------------------------------------------------------------
b14 		 1 		 9.408671
b14 		 2 		 9.408671
b14 		 3 		 9.614507
b14 		 4 		 9.614507
b14 		 5 		 9.408671
b14 		 6 		 9.408671
b14 		 7 		 9.408671
b14 		 8 		 9.408671
b14 		 9 		 9.408671
b14 		 10 		 9.408671
b14 		 11 		 9.408671
b14 		 12 		 9.408671
b14 		 13 		 9.408671
b14 		 14 		 9.408671
b14 		 15 		 9.408671
b14 		 16 		 9.408671
b14 		 17 		 9.408671
b14 		 18 		 9.408671
b14 		 19 		 9.408671
b14 		 20 		 9.408671
b14 		 21 		 9.408671
b14 		 22 		 9.408671
b14 		 23 		 9.408671
b14 		 24 		 9.408671
b14 		 25 		 9.408671
b14 		 26 		 9.408671
b14 		 27 		 9.614507
b14 		 28 		 9.408671
b14 		 29 		 9.408671
b14 		 30 		 9.614507
b14 		 31 		 9.614507
b14 		 32 		 9.614507
b14 		 33 		 9.614507
b14 		 34 		 9.457625
b14 		 35 		 9.457625
b14 		 36 		 9.614507
b14 		 37 		 9.614507
b14 		 38 		 9.614507
b14 		 39 		 9.614507
b14 		 40 		 9.614507
b14 		 41 		 10.185876
b14 		 42 		 9.614507
b14 		 43 		 9.614507
b14 		 44 		 9.614507
b14 		 45 		 9.614507
b14 		 46 		 10.185876
b14 		 47 		 9.614507
b14 		 48 		 9.614507
b14 		 49 		 8.853763
b14 		 50 		 11.862367
b14 		 51 		 11.862367
b14 		 52 		 9.448925
b14 		 53 		 11.862367
b14 		 54 		 10.185876
b14 		 55 		 10.185876
b14 		 56 		 10.185876
b14 		 57 		 9.8174
b14 		 58 		 11.862367
b14 		 59 		 11.022192
b14 		 60 		 10.757244
b14 		 61 		 9.614507
b14 		 62 		 10.185876
b14 		 63 		 9.614507
b14 		 64 		 11.022192
b14 		 65 		 9.614507
b14 		 66 		 9.614507
b14 		 67 		 12.636629
b14 		 68 		 9.614507
b14 		 69 		 9.614507
b14 		 70 		 10.185876
b14 		 71 		 11.022192
b14 		 72 		 9.614507
b14 		 73 		 9.614507
b14 		 74 		 9.614507
b14 		 75 		 11.328613
b14 		 76 		 9.614507
b14 		 77 		 9.614507
b14 		 78 		 9.614507
b14 		 79 		 9.614507
b14 		 80 		 9.614507
b14 		 81 		 10.185876
b14 		 82 		 11.022192
b14 		 83 		 9.614507
b14 		 84 		 11.022192
b14 		 85 		 9.349559
b14 		 86 		 9.614507
b14 		 87 		 9.614507
b14 		 88 		 9.77139
b14 		 89 		 9.457625
b14 		 90 		 9.614507
b14 		 91 		 9.614507
b14 		 92 		 9.457625
b14 		 93 		 9.614507
b14 		 94 		 9.457625
b14 		 95 		 9.614507
b14 		 96 		 9.614507
----------------------------------------------------------------------------------------------------
Total overall payments
----------------------------------------------------------------------------------------------------------------------------------------------------
total generation payment 	 total up-FRP payment 	 total dw-FRP payment 	 total pre-up t. payment 	 uplift payment 	 total post-up t. payment 	 profit
----------------------------------------------------------------------------------------------------------------------------------------------------
333116.46521699993 			 944.090432 			 0.0 			 334060.55564899987			 46914.803406000006 			 380975.3590549999 			 28731.608971999995
