****************************************************************************************************
 
Generation payment
----------------------------------------------------------------------------------------------------------------
unit	 time 	 generation payment 	 up-FRP payment 	 dw-FRP payment 	pre-up total payment
----------------------------------------------------------------------------------------------------------------
g1	 1 	 224.367654 			 0.0 			 0.0			 224.367654 
g1	 2 	 66.221651 			 0.0 			 0.0			 66.221651 
g1	 3 	 139.099678 			 0.0 			 0.0			 139.099678 
g1	 4 	 234.865446 			 0.0 			 0.0			 234.865446 
g1	 5 	 142.724515 			 0.0 			 0.0			 142.724515 
g1	 6 	 257.507389 			 0.0 			 0.0			 257.507389 
g1	 7 	 84.944013 			 0.0 			 0.0			 84.944013 
g1	 8 	 332.354682 			 0.0 			 0.0			 332.354682 
g1	 9 	 115.120904 			 0.0 			 0.0			 115.120904 
g1	 10 	 61.186761 			 0.0 			 0.0			 61.186761 
g1	 11 	 61.100229 			 0.0 			 0.0			 61.100229 
g1	 12 	 69.425097 			 0.0 			 0.0			 69.425097 
g1	 13 	 99.270323 			 0.0 			 0.0			 99.270323 
g1	 14 	 166.774574 			 0.0 			 0.0			 166.774574 
g1	 15 	 134.07407 			 0.0 			 0.0			 134.07407 
g1	 16 	 172.410895 			 0.0 			 0.0			 172.410895 
g1	 17 	 264.186741 			 0.0 			 0.0			 264.186741 
g1	 18 	 159.764342 			 0.0 			 0.0			 159.764342 
g1	 19 	 136.869791 			 0.0 			 0.0			 136.869791 
g1	 20 	 117.934539 			 0.0 			 0.0			 117.934539 
g1	 21 	 160.47052 			 0.0 			 0.0			 160.47052 
g1	 22 	 118.949857 			 0.0 			 0.0			 118.949857 
g1	 23 	 165.592017 			 0.0 			 0.0			 165.592017 
g1	 24 	 18.473596 			 0.0 			 0.0			 18.473596 
g1	 25 	 135.826256 			 0.0 			 0.0			 135.826256 
g1	 26 	 116.757525 			 0.0 			 0.0			 116.757525 
g1	 27 	 253.824139 			 0.0 			 0.0			 253.824139 
g1	 28 	 280.426249 			 0.0 			 0.0			 280.426249 
g1	 29 	 270.572754 			 0.0 			 0.0			 270.572754 
g1	 30 	 202.737109 			 0.0 			 0.0			 202.737109 
g1	 31 	 162.296637 			 0.0 			 0.0			 162.296637 
g1	 32 	 181.926269 			 0.0 			 0.0			 181.926269 
g1	 33 	 98.374857 			 0.0 			 0.0			 98.374857 
g1	 34 	 65.977824 			 0.0 			 0.0			 65.977824 
g1	 35 	 200.046567 			 0.0 			 0.0			 200.046567 
g1	 36 	 -66.996558 			 0.0 			 0.0			 -66.996558 
g1	 37 	 218.245405 			 0.0 			 0.0			 218.245405 
g1	 38 	 98.901097 			 0.0 			 0.0			 98.901097 
g1	 39 	 -35.644218 			 0.0 			 0.0			 -35.644218 
g1	 40 	 107.254421 			 0.0 			 0.0			 107.254421 
g1	 41 	 197.662611 			 0.0 			 0.0			 197.662611 
g1	 42 	 174.697006 			 0.0 			 0.0			 174.697006 
g1	 43 	 247.969641 			 0.0 			 0.0			 247.969641 
g1	 44 	 52.664039 			 0.0 			 0.0			 52.664039 
g1	 45 	 181.809257 			 0.0 			 0.0			 181.809257 
g1	 46 	 172.152509 			 0.0 			 0.0			 172.152509 
g1	 47 	 172.152509 			 0.0 			 0.0			 172.152509 
g1	 48 	 172.152509 			 0.0 			 0.0			 172.152509 
g1	 49 	 194.259418 			 0.0 			 0.0			 194.259418 
g1	 50 	 194.259418 			 0.0 			 0.0			 194.259418 
g1	 51 	 172.152509 			 0.0 			 0.0			 172.152509 
g1	 52 	 194.259418 			 0.0 			 0.0			 194.259418 
g1	 53 	 124.005575 			 0.0 			 0.0			 124.005575 
g1	 54 	 256.492733 			 0.0 			 0.0			 256.492733 
g1	 55 	 194.259418 			 0.0 			 0.0			 194.259418 
g1	 56 	 256.492733 			 0.0 			 0.0			 256.492733 
g1	 57 	 107.336298 			 0.0 			 0.0			 107.336298 
g1	 58 	 194.259418 			 0.0 			 0.0			 194.259418 
g1	 59 	 117.471518 			 0.0 			 0.0			 117.471518 
g1	 60 	 70.48173 			 0.0 			 0.0			 70.48173 
g1	 61 	 320.020064 			 0.0 			 0.0			 320.020064 
g1	 62 	 71.721501 			 0.0 			 0.0			 71.721501 
g1	 63 	 226.023075 			 0.0 			 0.0			 226.023075 
g1	 64 	 33.124323 			 0.0 			 0.0			 33.124323 
g1	 65 	 194.259418 			 0.0 			 0.0			 194.259418 
g1	 66 	 -64.500228 			 0.0 			 0.0			 -64.500228 
g1	 67 	 349.195689 			 0.0 			 0.0			 349.195689 
g1	 68 	 132.258658 			 0.0 			 0.0			 132.258658 
g1	 69 	 224.729059 			 0.0 			 0.0			 224.729059 
g1	 70 	 -3.989847 			 0.0 			 0.0			 -3.989847 
g1	 71 	 42252.75 			 0.0 			 0.0			 42252.75 
g1	 72 	 161.488288 			 0.0 			 0.0			 161.488288 
g1	 73 	 -75.163447 			 0.0 			 0.0			 -75.163447 
g1	 74 	 266.149481 			 0.0 			 0.0			 266.149481 
g1	 75 	 10.15516 			 0.0 			 0.0			 10.15516 
g1	 76 	 47.675196 			 0.0 			 0.0			 47.675196 
g1	 77 	 172.152509 			 0.0 			 0.0			 172.152509 
g1	 78 	 194.259418 			 0.0 			 0.0			 194.259418 
g1	 79 	 172.152509 			 0.0 			 0.0			 172.152509 
g1	 80 	 172.152509 			 0.0 			 0.0			 172.152509 
g1	 81 	 172.152509 			 0.0 			 0.0			 172.152509 
g1	 82 	 172.152509 			 0.0 			 0.0			 172.152509 
g1	 83 	 172.152509 			 0.0 			 0.0			 172.152509 
g1	 84 	 172.152509 			 0.0 			 0.0			 172.152509 
g1	 85 	 172.152509 			 0.0 			 0.0			 172.152509 
g1	 86 	 172.152509 			 0.0 			 0.0			 172.152509 
g1	 87 	 137.30738 			 0.0 			 0.0			 137.30738 
g1	 88 	 172.152509 			 0.0 			 0.0			 172.152509 
g1	 89 	 21.289076 			 0.0 			 0.0			 21.289076 
g1	 90 	 302.951164 			 0.0 			 0.0			 302.951164 
g1	 91 	 7.240406 			 0.0 			 0.0			 7.240406 
g1	 92 	 347.578292 			 0.0 			 0.0			 347.578292 
g1	 93 	 103.90465 			 0.0 			 0.0			 103.90465 
g1	 94 	 98.625699 			 0.0 			 0.0			 98.625699 
g1	 95 	 366.855734 			 0.0 			 0.0			 366.855734 
g1	 96 	 215.167975 			 0.0 			 0.0			 215.167975 
----------------------------------------------------------------------------------------------------
g2	 1 	 0.0 			 0.0 			 0.0			 0.0 
g2	 2 	 0.0 			 0.0 			 0.0			 0.0 
g2	 3 	 0.0 			 0.0 			 0.0			 0.0 
g2	 4 	 0.0 			 0.0 			 0.0			 0.0 
g2	 5 	 0.0 			 0.0 			 0.0			 0.0 
g2	 6 	 0.0 			 0.0 			 0.0			 0.0 
g2	 7 	 0.0 			 0.0 			 0.0			 0.0 
g2	 8 	 0.0 			 0.0 			 0.0			 0.0 
g2	 9 	 0.0 			 0.0 			 0.0			 0.0 
g2	 10 	 0.0 			 0.0 			 0.0			 0.0 
g2	 11 	 0.0 			 0.0 			 0.0			 0.0 
g2	 12 	 0.0 			 0.0 			 0.0			 0.0 
g2	 13 	 0.0 			 0.0 			 0.0			 0.0 
g2	 14 	 0.0 			 0.0 			 0.0			 0.0 
g2	 15 	 0.0 			 0.0 			 0.0			 0.0 
g2	 16 	 0.0 			 0.0 			 0.0			 0.0 
g2	 17 	 0.0 			 0.0 			 0.0			 0.0 
g2	 18 	 0.0 			 0.0 			 0.0			 0.0 
g2	 19 	 0.0 			 0.0 			 0.0			 0.0 
g2	 20 	 0.0 			 0.0 			 0.0			 0.0 
g2	 21 	 0.0 			 0.0 			 0.0			 0.0 
g2	 22 	 0.0 			 0.0 			 0.0			 0.0 
g2	 23 	 0.0 			 0.0 			 0.0			 0.0 
g2	 24 	 0.0 			 0.0 			 0.0			 0.0 
g2	 25 	 0.0 			 0.0 			 0.0			 0.0 
g2	 26 	 0.0 			 0.0 			 0.0			 0.0 
g2	 27 	 0.0 			 0.0 			 0.0			 0.0 
g2	 28 	 0.0 			 0.0 			 0.0			 0.0 
g2	 29 	 0.0 			 0.0 			 0.0			 0.0 
g2	 30 	 0.0 			 0.0 			 0.0			 0.0 
g2	 31 	 0.0 			 0.0 			 0.0			 0.0 
g2	 32 	 0.0 			 0.0 			 0.0			 0.0 
g2	 33 	 0.0 			 0.0 			 0.0			 0.0 
g2	 34 	 0.0 			 0.0 			 0.0			 0.0 
g2	 35 	 0.0 			 0.0 			 0.0			 0.0 
g2	 36 	 0.0 			 0.0 			 0.0			 0.0 
g2	 37 	 21.701904 			 0.0 			 0.0			 21.701904 
g2	 38 	 21.701904 			 0.0 			 0.0			 21.701904 
g2	 39 	 21.701904 			 0.0 			 0.0			 21.701904 
g2	 40 	 21.701904 			 0.0 			 0.0			 21.701904 
g2	 41 	 21.701904 			 0.0 			 0.0			 21.701904 
g2	 42 	 21.701904 			 0.0 			 0.0			 21.701904 
g2	 43 	 63.642005 			 0.0 			 0.0			 63.642005 
g2	 44 	 28.204464 			 0.0 			 0.0			 28.204464 
g2	 45 	 146.5524 			 0.0 			 0.0			 146.5524 
g2	 46 	 2.206312 			 0.0 			 0.0			 2.206312 
g2	 47 	 178.957489 			 0.0 			 0.0			 178.957489 
g2	 48 	 103.641614 			 0.0 			 0.0			 103.641614 
g2	 49 	 163.85789 			 0.0 			 0.0			 163.85789 
g2	 50 	 122.02633 			 0.0 			 0.0			 122.02633 
g2	 51 	 -84.443713 			 0.0 			 0.0			 -84.443713 
g2	 52 	 145.640577 			 0.0 			 0.0			 145.640577 
g2	 53 	 22.819552 			 0.0 			 0.0			 22.819552 
g2	 54 	 374.977834 			 0.0 			 0.0			 374.977834 
g2	 55 	 91.54208 			 0.0 			 0.0			 91.54208 
g2	 56 	 393.726354 			 0.0 			 0.0			 393.726354 
g2	 57 	 -47.901993 			 0.0 			 0.0			 -47.901993 
g2	 58 	 -188.189896 			 0.0 			 0.0			 -188.189896 
g2	 59 	 -87.924743 			 0.0 			 0.0			 -87.924743 
g2	 60 	 126.81527 			 0.0 			 0.0			 126.81527 
g2	 61 	 598.082206 			 0.0 			 0.0			 598.082206 
g2	 62 	 88.946612 			 0.0 			 0.0			 88.946612 
g2	 63 	 101.520737 			 0.0 			 0.0			 101.520737 
g2	 64 	 -141.753272 			 0.0 			 0.0			 -141.753272 
g2	 65 	 -83.733187 			 0.0 			 0.0			 -83.733187 
g2	 66 	 126.704463 			 0.0 			 0.0			 126.704463 
g2	 67 	 733.748074 			 0.0 			 0.0			 733.748074 
g2	 68 	 126.704463 			 0.0 			 0.0			 126.704463 
g2	 69 	 197.609498 			 0.0 			 0.0			 197.609498 
g2	 70 	 150.217202 			 0.0 			 0.0			 150.217202 
g2	 71 	 94897.5375 			 0.0 			 0.0			 94897.5375 
g2	 72 	 150.217202 			 0.0 			 0.0			 150.217202 
g2	 73 	 80.69874 			 0.0 			 0.0			 80.69874 
g2	 74 	 417.517138 			 0.0 			 0.0			 417.517138 
g2	 75 	 40.172218 			 0.0 			 0.0			 40.172218 
g2	 76 	 -174.567796 			 0.0 			 0.0			 -174.567796 
g2	 77 	 6.163402 			 0.0 			 0.0			 6.163402 
g2	 78 	 56.939419 			 0.0 			 0.0			 56.939419 
g2	 79 	 -4.773366 			 0.0 			 0.0			 -4.773366 
g2	 80 	 -129.852033 			 0.0 			 0.0			 -129.852033 
g2	 81 	 -90.227916 			 0.0 			 0.0			 -90.227916 
g2	 82 	 -118.678952 			 0.0 			 0.0			 -118.678952 
g2	 83 	 -18.448883 			 0.0 			 0.0			 -18.448883 
g2	 84 	 -34.302801 			 0.0 			 0.0			 -34.302801 
g2	 85 	 158.993009 			 0.0 			 0.0			 158.993009 
g2	 86 	 40.642491 			 0.0 			 0.0			 40.642491 
g2	 87 	 -0.276581 			 0.0 			 0.0			 -0.276581 
g2	 88 	 113.342979 			 0.0 			 0.0			 113.342979 
g2	 89 	 21.701904 			 0.0 			 0.0			 21.701904 
g2	 90 	 21.701904 			 0.0 			 0.0			 21.701904 
g2	 91 	 21.701904 			 0.0 			 0.0			 21.701904 
g2	 92 	 21.701904 			 0.0 			 0.0			 21.701904 
g2	 93 	 0.0 			 0.0 			 0.0			 0.0 
g2	 94 	 0.0 			 0.0 			 0.0			 0.0 
g2	 95 	 0.0 			 0.0 			 0.0			 0.0 
g2	 96 	 0.0 			 0.0 			 0.0			 0.0 
----------------------------------------------------------------------------------------------------
g3	 1 	 0.0 			 0.0 			 0.0			 0.0 
g3	 2 	 0.0 			 0.0 			 0.0			 0.0 
g3	 3 	 0.0 			 0.0 			 0.0			 0.0 
g3	 4 	 0.0 			 0.0 			 0.0			 0.0 
g3	 5 	 0.0 			 0.0 			 0.0			 0.0 
g3	 6 	 0.0 			 0.0 			 0.0			 0.0 
g3	 7 	 0.0 			 0.0 			 0.0			 0.0 
g3	 8 	 0.0 			 0.0 			 0.0			 0.0 
g3	 9 	 0.0 			 0.0 			 0.0			 0.0 
g3	 10 	 0.0 			 0.0 			 0.0			 0.0 
g3	 11 	 0.0 			 0.0 			 0.0			 0.0 
g3	 12 	 0.0 			 0.0 			 0.0			 0.0 
g3	 13 	 0.0 			 0.0 			 0.0			 0.0 
g3	 14 	 0.0 			 0.0 			 0.0			 0.0 
g3	 15 	 0.0 			 0.0 			 0.0			 0.0 
g3	 16 	 0.0 			 0.0 			 0.0			 0.0 
g3	 17 	 0.0 			 0.0 			 0.0			 0.0 
g3	 18 	 0.0 			 0.0 			 0.0			 0.0 
g3	 19 	 0.0 			 0.0 			 0.0			 0.0 
g3	 20 	 0.0 			 0.0 			 0.0			 0.0 
g3	 21 	 0.0 			 0.0 			 0.0			 0.0 
g3	 22 	 0.0 			 0.0 			 0.0			 0.0 
g3	 23 	 0.0 			 0.0 			 0.0			 0.0 
g3	 24 	 0.0 			 0.0 			 0.0			 0.0 
g3	 25 	 0.0 			 0.0 			 0.0			 0.0 
g3	 26 	 0.0 			 0.0 			 0.0			 0.0 
g3	 27 	 0.0 			 0.0 			 0.0			 0.0 
g3	 28 	 0.0 			 0.0 			 0.0			 0.0 
g3	 29 	 0.0 			 0.0 			 0.0			 0.0 
g3	 30 	 0.0 			 0.0 			 0.0			 0.0 
g3	 31 	 0.0 			 0.0 			 0.0			 0.0 
g3	 32 	 0.0 			 0.0 			 0.0			 0.0 
g3	 33 	 0.0 			 0.0 			 0.0			 0.0 
g3	 34 	 0.0 			 0.0 			 0.0			 0.0 
g3	 35 	 0.0 			 0.0 			 0.0			 0.0 
g3	 36 	 0.0 			 0.0 			 0.0			 0.0 
g3	 37 	 0.0 			 0.0 			 0.0			 0.0 
g3	 38 	 0.0 			 0.0 			 0.0			 0.0 
g3	 39 	 0.0 			 0.0 			 0.0			 0.0 
g3	 40 	 0.0 			 0.0 			 0.0			 0.0 
g3	 41 	 0.0 			 0.0 			 0.0			 0.0 
g3	 42 	 0.0 			 0.0 			 0.0			 0.0 
g3	 43 	 0.0 			 0.0 			 0.0			 0.0 
g3	 44 	 0.0 			 0.0 			 0.0			 0.0 
g3	 45 	 0.0 			 0.0 			 0.0			 0.0 
g3	 46 	 0.0 			 0.0 			 0.0			 0.0 
g3	 47 	 0.0 			 0.0 			 0.0			 0.0 
g3	 48 	 0.0 			 0.0 			 0.0			 0.0 
g3	 49 	 0.0 			 0.0 			 0.0			 0.0 
g3	 50 	 0.0 			 0.0 			 0.0			 0.0 
g3	 51 	 0.0 			 0.0 			 0.0			 0.0 
g3	 52 	 0.0 			 0.0 			 0.0			 0.0 
g3	 53 	 0.0 			 0.0 			 0.0			 0.0 
g3	 54 	 0.0 			 0.0 			 0.0			 0.0 
g3	 55 	 0.0 			 0.0 			 0.0			 0.0 
g3	 56 	 0.0 			 0.0 			 0.0			 0.0 
g3	 57 	 0.0 			 0.0 			 0.0			 0.0 
g3	 58 	 0.0 			 0.0 			 0.0			 0.0 
g3	 59 	 0.0 			 0.0 			 0.0			 0.0 
g3	 60 	 0.0 			 0.0 			 0.0			 0.0 
g3	 61 	 0.0 			 0.0 			 0.0			 0.0 
g3	 62 	 0.0 			 0.0 			 0.0			 0.0 
g3	 63 	 0.0 			 0.0 			 0.0			 0.0 
g3	 64 	 0.0 			 0.0 			 0.0			 0.0 
g3	 65 	 0.0 			 0.0 			 0.0			 0.0 
g3	 66 	 0.0 			 0.0 			 0.0			 0.0 
g3	 67 	 0.0 			 0.0 			 0.0			 0.0 
g3	 68 	 0.0 			 0.0 			 0.0			 0.0 
g3	 69 	 0.0 			 0.0 			 0.0			 0.0 
g3	 70 	 0.0 			 0.0 			 0.0			 0.0 
g3	 71 	 0.0 			 0.0 			 0.0			 0.0 
g3	 72 	 0.0 			 0.0 			 0.0			 0.0 
g3	 73 	 0.0 			 0.0 			 0.0			 0.0 
g3	 74 	 0.0 			 0.0 			 0.0			 0.0 
g3	 75 	 0.0 			 0.0 			 0.0			 0.0 
g3	 76 	 0.0 			 0.0 			 0.0			 0.0 
g3	 77 	 0.0 			 0.0 			 0.0			 0.0 
g3	 78 	 0.0 			 0.0 			 0.0			 0.0 
g3	 79 	 0.0 			 0.0 			 0.0			 0.0 
g3	 80 	 0.0 			 0.0 			 0.0			 0.0 
g3	 81 	 0.0 			 0.0 			 0.0			 0.0 
g3	 82 	 0.0 			 0.0 			 0.0			 0.0 
g3	 83 	 0.0 			 0.0 			 0.0			 0.0 
g3	 84 	 0.0 			 0.0 			 0.0			 0.0 
g3	 85 	 0.0 			 0.0 			 0.0			 0.0 
g3	 86 	 0.0 			 0.0 			 0.0			 0.0 
g3	 87 	 0.0 			 0.0 			 0.0			 0.0 
g3	 88 	 0.0 			 0.0 			 0.0			 0.0 
g3	 89 	 0.0 			 0.0 			 0.0			 0.0 
g3	 90 	 0.0 			 0.0 			 0.0			 0.0 
g3	 91 	 0.0 			 0.0 			 0.0			 0.0 
g3	 92 	 0.0 			 0.0 			 0.0			 0.0 
g3	 93 	 0.0 			 0.0 			 0.0			 0.0 
g3	 94 	 0.0 			 0.0 			 0.0			 0.0 
g3	 95 	 0.0 			 0.0 			 0.0			 0.0 
g3	 96 	 0.0 			 0.0 			 0.0			 0.0 
----------------------------------------------------------------------------------------------------
g4	 1 	 0.0 			 0.0 			 0.0			 0.0 
g4	 2 	 0.0 			 0.0 			 0.0			 0.0 
g4	 3 	 0.0 			 0.0 			 0.0			 0.0 
g4	 4 	 0.0 			 0.0 			 0.0			 0.0 
g4	 5 	 0.0 			 0.0 			 0.0			 0.0 
g4	 6 	 0.0 			 0.0 			 0.0			 0.0 
g4	 7 	 0.0 			 0.0 			 0.0			 0.0 
g4	 8 	 0.0 			 0.0 			 0.0			 0.0 
g4	 9 	 0.0 			 0.0 			 0.0			 0.0 
g4	 10 	 0.0 			 0.0 			 0.0			 0.0 
g4	 11 	 0.0 			 0.0 			 0.0			 0.0 
g4	 12 	 0.0 			 0.0 			 0.0			 0.0 
g4	 13 	 0.0 			 0.0 			 0.0			 0.0 
g4	 14 	 0.0 			 0.0 			 0.0			 0.0 
g4	 15 	 0.0 			 0.0 			 0.0			 0.0 
g4	 16 	 0.0 			 0.0 			 0.0			 0.0 
g4	 17 	 0.0 			 0.0 			 0.0			 0.0 
g4	 18 	 0.0 			 0.0 			 0.0			 0.0 
g4	 19 	 0.0 			 0.0 			 0.0			 0.0 
g4	 20 	 0.0 			 0.0 			 0.0			 0.0 
g4	 21 	 0.0 			 0.0 			 0.0			 0.0 
g4	 22 	 0.0 			 0.0 			 0.0			 0.0 
g4	 23 	 0.0 			 0.0 			 0.0			 0.0 
g4	 24 	 0.0 			 0.0 			 0.0			 0.0 
g4	 25 	 0.0 			 0.0 			 0.0			 0.0 
g4	 26 	 0.0 			 0.0 			 0.0			 0.0 
g4	 27 	 0.0 			 0.0 			 0.0			 0.0 
g4	 28 	 0.0 			 0.0 			 0.0			 0.0 
g4	 29 	 0.0 			 0.0 			 0.0			 0.0 
g4	 30 	 0.0 			 0.0 			 0.0			 0.0 
g4	 31 	 0.0 			 0.0 			 0.0			 0.0 
g4	 32 	 0.0 			 0.0 			 0.0			 0.0 
g4	 33 	 0.0 			 0.0 			 0.0			 0.0 
g4	 34 	 0.0 			 0.0 			 0.0			 0.0 
g4	 35 	 0.0 			 0.0 			 0.0			 0.0 
g4	 36 	 0.0 			 0.0 			 0.0			 0.0 
g4	 37 	 0.0 			 0.0 			 0.0			 0.0 
g4	 38 	 0.0 			 0.0 			 0.0			 0.0 
g4	 39 	 0.0 			 0.0 			 0.0			 0.0 
g4	 40 	 0.0 			 0.0 			 0.0			 0.0 
g4	 41 	 0.0 			 0.0 			 0.0			 0.0 
g4	 42 	 0.0 			 0.0 			 0.0			 0.0 
g4	 43 	 0.0 			 0.0 			 0.0			 0.0 
g4	 44 	 0.0 			 0.0 			 0.0			 0.0 
g4	 45 	 0.0 			 0.0 			 0.0			 0.0 
g4	 46 	 0.0 			 0.0 			 0.0			 0.0 
g4	 47 	 0.0 			 0.0 			 0.0			 0.0 
g4	 48 	 0.0 			 0.0 			 0.0			 0.0 
g4	 49 	 0.0 			 0.0 			 0.0			 0.0 
g4	 50 	 0.0 			 0.0 			 0.0			 0.0 
g4	 51 	 0.0 			 0.0 			 0.0			 0.0 
g4	 52 	 0.0 			 0.0 			 0.0			 0.0 
g4	 53 	 0.0 			 0.0 			 0.0			 0.0 
g4	 54 	 0.0 			 0.0 			 0.0			 0.0 
g4	 55 	 0.0 			 0.0 			 0.0			 0.0 
g4	 56 	 0.0 			 0.0 			 0.0			 0.0 
g4	 57 	 0.0 			 0.0 			 0.0			 0.0 
g4	 58 	 0.0 			 0.0 			 0.0			 0.0 
g4	 59 	 0.0 			 0.0 			 0.0			 0.0 
g4	 60 	 0.0 			 0.0 			 0.0			 0.0 
g4	 61 	 0.0 			 0.0 			 0.0			 0.0 
g4	 62 	 0.0 			 0.0 			 0.0			 0.0 
g4	 63 	 0.0 			 0.0 			 0.0			 0.0 
g4	 64 	 0.0 			 0.0 			 0.0			 0.0 
g4	 65 	 0.0 			 0.0 			 0.0			 0.0 
g4	 66 	 0.0 			 0.0 			 0.0			 0.0 
g4	 67 	 0.0 			 0.0 			 0.0			 0.0 
g4	 68 	 0.0 			 0.0 			 0.0			 0.0 
g4	 69 	 0.0 			 0.0 			 0.0			 0.0 
g4	 70 	 0.0 			 0.0 			 0.0			 0.0 
g4	 71 	 0.0 			 0.0 			 0.0			 0.0 
g4	 72 	 0.0 			 0.0 			 0.0			 0.0 
g4	 73 	 0.0 			 0.0 			 0.0			 0.0 
g4	 74 	 0.0 			 0.0 			 0.0			 0.0 
g4	 75 	 0.0 			 0.0 			 0.0			 0.0 
g4	 76 	 0.0 			 0.0 			 0.0			 0.0 
g4	 77 	 0.0 			 0.0 			 0.0			 0.0 
g4	 78 	 0.0 			 0.0 			 0.0			 0.0 
g4	 79 	 0.0 			 0.0 			 0.0			 0.0 
g4	 80 	 0.0 			 0.0 			 0.0			 0.0 
g4	 81 	 0.0 			 0.0 			 0.0			 0.0 
g4	 82 	 0.0 			 0.0 			 0.0			 0.0 
g4	 83 	 0.0 			 0.0 			 0.0			 0.0 
g4	 84 	 0.0 			 0.0 			 0.0			 0.0 
g4	 85 	 0.0 			 0.0 			 0.0			 0.0 
g4	 86 	 0.0 			 0.0 			 0.0			 0.0 
g4	 87 	 0.0 			 0.0 			 0.0			 0.0 
g4	 88 	 0.0 			 0.0 			 0.0			 0.0 
g4	 89 	 0.0 			 0.0 			 0.0			 0.0 
g4	 90 	 0.0 			 0.0 			 0.0			 0.0 
g4	 91 	 0.0 			 0.0 			 0.0			 0.0 
g4	 92 	 0.0 			 0.0 			 0.0			 0.0 
g4	 93 	 0.0 			 0.0 			 0.0			 0.0 
g4	 94 	 0.0 			 0.0 			 0.0			 0.0 
g4	 95 	 0.0 			 0.0 			 0.0			 0.0 
g4	 96 	 0.0 			 0.0 			 0.0			 0.0 
----------------------------------------------------------------------------------------------------
g5	 1 	 0.0 			 0.0 			 0.0			 0.0 
g5	 2 	 0.0 			 0.0 			 0.0			 0.0 
g5	 3 	 0.0 			 0.0 			 0.0			 0.0 
g5	 4 	 0.0 			 0.0 			 0.0			 0.0 
g5	 5 	 0.0 			 0.0 			 0.0			 0.0 
g5	 6 	 0.0 			 0.0 			 0.0			 0.0 
g5	 7 	 0.0 			 0.0 			 0.0			 0.0 
g5	 8 	 0.0 			 0.0 			 0.0			 0.0 
g5	 9 	 0.0 			 0.0 			 0.0			 0.0 
g5	 10 	 0.0 			 0.0 			 0.0			 0.0 
g5	 11 	 0.0 			 0.0 			 0.0			 0.0 
g5	 12 	 0.0 			 0.0 			 0.0			 0.0 
g5	 13 	 0.0 			 0.0 			 0.0			 0.0 
g5	 14 	 0.0 			 0.0 			 0.0			 0.0 
g5	 15 	 0.0 			 0.0 			 0.0			 0.0 
g5	 16 	 0.0 			 0.0 			 0.0			 0.0 
g5	 17 	 0.0 			 0.0 			 0.0			 0.0 
g5	 18 	 0.0 			 0.0 			 0.0			 0.0 
g5	 19 	 0.0 			 0.0 			 0.0			 0.0 
g5	 20 	 0.0 			 0.0 			 0.0			 0.0 
g5	 21 	 0.0 			 0.0 			 0.0			 0.0 
g5	 22 	 0.0 			 0.0 			 0.0			 0.0 
g5	 23 	 0.0 			 0.0 			 0.0			 0.0 
g5	 24 	 0.0 			 0.0 			 0.0			 0.0 
g5	 25 	 0.0 			 0.0 			 0.0			 0.0 
g5	 26 	 0.0 			 0.0 			 0.0			 0.0 
g5	 27 	 0.0 			 0.0 			 0.0			 0.0 
g5	 28 	 0.0 			 0.0 			 0.0			 0.0 
g5	 29 	 0.0 			 0.0 			 0.0			 0.0 
g5	 30 	 0.0 			 0.0 			 0.0			 0.0 
g5	 31 	 0.0 			 0.0 			 0.0			 0.0 
g5	 32 	 0.0 			 0.0 			 0.0			 0.0 
g5	 33 	 0.0 			 0.0 			 0.0			 0.0 
g5	 34 	 0.0 			 0.0 			 0.0			 0.0 
g5	 35 	 0.0 			 0.0 			 0.0			 0.0 
g5	 36 	 0.0 			 0.0 			 0.0			 0.0 
g5	 37 	 0.0 			 0.0 			 0.0			 0.0 
g5	 38 	 0.0 			 0.0 			 0.0			 0.0 
g5	 39 	 0.0 			 0.0 			 0.0			 0.0 
g5	 40 	 0.0 			 0.0 			 0.0			 0.0 
g5	 41 	 0.0 			 0.0 			 0.0			 0.0 
g5	 42 	 0.0 			 0.0 			 0.0			 0.0 
g5	 43 	 0.0 			 0.0 			 0.0			 0.0 
g5	 44 	 0.0 			 0.0 			 0.0			 0.0 
g5	 45 	 0.0 			 0.0 			 0.0			 0.0 
g5	 46 	 0.0 			 0.0 			 0.0			 0.0 
g5	 47 	 0.0 			 0.0 			 0.0			 0.0 
g5	 48 	 0.0 			 0.0 			 0.0			 0.0 
g5	 49 	 0.0 			 0.0 			 0.0			 0.0 
g5	 50 	 0.0 			 0.0 			 0.0			 0.0 
g5	 51 	 0.0 			 0.0 			 0.0			 0.0 
g5	 52 	 0.0 			 0.0 			 0.0			 0.0 
g5	 53 	 0.0 			 0.0 			 0.0			 0.0 
g5	 54 	 0.0 			 0.0 			 0.0			 0.0 
g5	 55 	 0.0 			 0.0 			 0.0			 0.0 
g5	 56 	 0.0 			 0.0 			 0.0			 0.0 
g5	 57 	 0.0 			 0.0 			 0.0			 0.0 
g5	 58 	 0.0 			 0.0 			 0.0			 0.0 
g5	 59 	 0.0 			 0.0 			 0.0			 0.0 
g5	 60 	 0.0 			 0.0 			 0.0			 0.0 
g5	 61 	 0.0 			 0.0 			 0.0			 0.0 
g5	 62 	 0.0 			 0.0 			 0.0			 0.0 
g5	 63 	 0.0 			 0.0 			 0.0			 0.0 
g5	 64 	 0.0 			 0.0 			 0.0			 0.0 
g5	 65 	 0.0 			 0.0 			 0.0			 0.0 
g5	 66 	 0.0 			 0.0 			 0.0			 0.0 
g5	 67 	 0.0 			 0.0 			 0.0			 0.0 
g5	 68 	 0.0 			 0.0 			 0.0			 0.0 
g5	 69 	 0.0 			 0.0 			 0.0			 0.0 
g5	 70 	 0.0 			 0.0 			 0.0			 0.0 
g5	 71 	 0.0 			 0.0 			 0.0			 0.0 
g5	 72 	 0.0 			 0.0 			 0.0			 0.0 
g5	 73 	 0.0 			 0.0 			 0.0			 0.0 
g5	 74 	 0.0 			 0.0 			 0.0			 0.0 
g5	 75 	 0.0 			 0.0 			 0.0			 0.0 
g5	 76 	 0.0 			 0.0 			 0.0			 0.0 
g5	 77 	 0.0 			 0.0 			 0.0			 0.0 
g5	 78 	 0.0 			 0.0 			 0.0			 0.0 
g5	 79 	 0.0 			 0.0 			 0.0			 0.0 
g5	 80 	 0.0 			 0.0 			 0.0			 0.0 
g5	 81 	 0.0 			 0.0 			 0.0			 0.0 
g5	 82 	 0.0 			 0.0 			 0.0			 0.0 
g5	 83 	 0.0 			 0.0 			 0.0			 0.0 
g5	 84 	 0.0 			 0.0 			 0.0			 0.0 
g5	 85 	 0.0 			 0.0 			 0.0			 0.0 
g5	 86 	 0.0 			 0.0 			 0.0			 0.0 
g5	 87 	 0.0 			 0.0 			 0.0			 0.0 
g5	 88 	 0.0 			 0.0 			 0.0			 0.0 
g5	 89 	 0.0 			 0.0 			 0.0			 0.0 
g5	 90 	 0.0 			 0.0 			 0.0			 0.0 
g5	 91 	 0.0 			 0.0 			 0.0			 0.0 
g5	 92 	 0.0 			 0.0 			 0.0			 0.0 
g5	 93 	 0.0 			 0.0 			 0.0			 0.0 
g5	 94 	 0.0 			 0.0 			 0.0			 0.0 
g5	 95 	 0.0 			 0.0 			 0.0			 0.0 
g5	 96 	 0.0 			 0.0 			 0.0			 0.0 
----------------------------------------------------------------------------------------------------------------
unit 	 generation payment 	 up-FRP payment 	 dw-FRP payment 	pre-up total payment
----------------------------------------------------------------------------------------------------------------
 g1 	 56903.807158			 0.000000			 0.000000			 56903.807158
 g2 	 99062.311432			 0.000000			 0.000000			 99062.311432
 g3 	 0.000000			 0.000000			 0.000000			 0.000000
 g4 	 0.000000			 0.000000			 0.000000			 0.000000
 g5 	 0.000000			 0.000000			 0.000000			 0.000000
----------------------------------------------------------------------------------------------------
generation payment 	 up-FRP payment 	 dw-FRP payment 	 pre-up total payment
----------------------------------------------------------------------------------------------------
155966.11859 			 0.0 			 0.0 			 155966.11859
 
****************************************************************************************************
 
Generation costs
----------------------------------------------------------------------------------------------------
unit	 time 	 generation cost 	 start-up cost  	total cost
----------------------------------------------------------------------------------------------------
g1	 1 	 2455.081088 			 0.0 			2455.081088
g1	 2 	 2298.6986 			 0.0 			2298.6986
g1	 3 	 2369.813114 			 0.0 			2369.813114
g1	 4 	 2465.578889 			 0.0 			2465.578889
g1	 5 	 2253.0628 			 0.0 			2253.0628
g1	 6 	 2363.410102 			 0.0 			2363.410102
g1	 7 	 2195.282302 			 0.0 			2195.282302
g1	 8 	 2438.257401 			 0.0 			2438.257401
g1	 9 	 2112.330266 			 0.0 			2112.330266
g1	 10 	 2058.39613 			 0.0 			2058.39613
g1	 11 	 2058.309592 			 0.0 			2058.309592
g1	 12 	 2066.634464 			 0.0 			2066.634464
g1	 13 	 2039.617728 			 0.0 			2039.617728
g1	 14 	 2107.121973 			 0.0 			2107.121973
g1	 15 	 2074.421469 			 0.0 			2074.421469
g1	 16 	 2112.758301 			 0.0 			2112.758301
g1	 17 	 2219.408316 			 0.0 			2219.408316
g1	 18 	 2114.985918 			 0.0 			2114.985918
g1	 19 	 2092.091363 			 0.0 			2092.091363
g1	 20 	 2073.15611 			 0.0 			2073.15611
g1	 21 	 2243.270568 			 0.0 			2243.270568
g1	 22 	 2201.749902 			 0.0 			2201.749902
g1	 23 	 2248.392063 			 0.0 			2248.392063
g1	 24 	 2101.273644 			 0.0 			2101.273644
g1	 25 	 2425.166748 			 0.0 			2425.166748
g1	 26 	 2406.098014 			 0.0 			2406.098014
g1	 27 	 2543.164632 			 0.0 			2543.164632
g1	 28 	 2569.766744 			 0.0 			2569.766744
g1	 29 	 2754.381653 			 0.0 			2754.381653
g1	 30 	 2686.54601 			 0.0 			2686.54601
g1	 31 	 2646.105533 			 0.0 			2646.105533
g1	 32 	 2665.735165 			 0.0 			2665.735165
g1	 33 	 2802.5347 			 0.0 			2802.5347
g1	 34 	 2770.13767 			 0.0 			2770.13767
g1	 35 	 2904.206418 			 0.0 			2904.206418
g1	 36 	 2637.163288 			 0.0 			2637.163288
g1	 37 	 2802.177783 			 0.0 			2802.177783
g1	 38 	 2682.833474 			 0.0 			2682.833474
g1	 39 	 2548.288158 			 0.0 			2548.288158
g1	 40 	 2691.186796 			 0.0 			2691.186796
g1	 41 	 3021.836049 			 0.0 			3021.836049
g1	 42 	 2998.870438 			 0.0 			2998.870438
g1	 43 	 3058.233409 			 0.0 			3058.233409
g1	 44 	 2876.837474 			 0.0 			2876.837474
g1	 45 	 3058.233409 			 0.0 			3058.233409
g1	 46 	 3058.233409 			 0.0 			3058.233409
g1	 47 	 3058.233409 			 0.0 			3058.233409
g1	 48 	 3058.233409 			 0.0 			3058.233409
g1	 49 	 3058.233409 			 0.0 			3058.233409
g1	 50 	 3058.233409 			 0.0 			3058.233409
g1	 51 	 3058.233409 			 0.0 			3058.233409
g1	 52 	 3058.233409 			 0.0 			3058.233409
g1	 53 	 3019.743234 			 0.0 			3019.743234
g1	 54 	 3058.233409 			 0.0 			3058.233409
g1	 55 	 3058.233409 			 0.0 			3058.233409
g1	 56 	 3058.233409 			 0.0 			3058.233409
g1	 57 	 3003.073966 			 0.0 			3003.073966
g1	 58 	 3058.233409 			 0.0 			3058.233409
g1	 59 	 3013.209185 			 0.0 			3013.209185
g1	 60 	 2966.219388 			 0.0 			2966.219388
g1	 61 	 3058.233409 			 0.0 			3058.233409
g1	 62 	 2967.459165 			 0.0 			2967.459165
g1	 63 	 3058.233409 			 0.0 			3058.233409
g1	 64 	 2928.861987 			 0.0 			2928.861987
g1	 65 	 3058.233409 			 0.0 			3058.233409
g1	 66 	 2831.237429 			 0.0 			2831.237429
g1	 67 	 3058.233409 			 0.0 			3058.233409
g1	 68 	 3027.996323 			 0.0 			3027.996323
g1	 69 	 3058.233409 			 0.0 			3058.233409
g1	 70 	 2891.747809 			 0.0 			2891.747809
g1	 71 	 3058.233409 			 0.0 			3058.233409
g1	 72 	 3057.225953 			 0.0 			3057.225953
g1	 73 	 2820.574214 			 0.0 			2820.574214
g1	 74 	 3058.233409 			 0.0 			3058.233409
g1	 75 	 2905.892817 			 0.0 			2905.892817
g1	 76 	 2943.412859 			 0.0 			2943.412859
g1	 77 	 3058.233409 			 0.0 			3058.233409
g1	 78 	 3058.233409 			 0.0 			3058.233409
g1	 79 	 3058.233409 			 0.0 			3058.233409
g1	 80 	 3058.233409 			 0.0 			3058.233409
g1	 81 	 3058.233409 			 0.0 			3058.233409
g1	 82 	 3058.233409 			 0.0 			3058.233409
g1	 83 	 3058.233409 			 0.0 			3058.233409
g1	 84 	 3058.233409 			 0.0 			3058.233409
g1	 85 	 3058.233409 			 0.0 			3058.233409
g1	 86 	 3058.233409 			 0.0 			3058.233409
g1	 87 	 3033.045043 			 0.0 			3033.045043
g1	 88 	 3058.233409 			 0.0 			3058.233409
g1	 89 	 2599.402365 			 0.0 			2599.402365
g1	 90 	 2881.064456 			 0.0 			2881.064456
g1	 91 	 2585.353695 			 0.0 			2585.353695
g1	 92 	 2925.691586 			 0.0 			2925.691586
g1	 93 	 2748.395137 			 0.0 			2748.395137
g1	 94 	 2743.116182 			 0.0 			2743.116182
g1	 95 	 3011.346228 			 0.0 			3011.346228
g1	 96 	 2859.658459 			 0.0 			2859.658459
----------------------------------------------------------------------------------------------------
g2	 1 	 0.0 			 0.0 			0.0
g2	 2 	 0.0 			 0.0 			0.0
g2	 3 	 0.0 			 0.0 			0.0
g2	 4 	 0.0 			 0.0 			0.0
g2	 5 	 0.0 			 0.0 			0.0
g2	 6 	 0.0 			 0.0 			0.0
g2	 7 	 0.0 			 0.0 			0.0
g2	 8 	 0.0 			 0.0 			0.0
g2	 9 	 0.0 			 0.0 			0.0
g2	 10 	 0.0 			 0.0 			0.0
g2	 11 	 0.0 			 0.0 			0.0
g2	 12 	 0.0 			 0.0 			0.0
g2	 13 	 0.0 			 0.0 			0.0
g2	 14 	 0.0 			 0.0 			0.0
g2	 15 	 0.0 			 0.0 			0.0
g2	 16 	 0.0 			 0.0 			0.0
g2	 17 	 0.0 			 0.0 			0.0
g2	 18 	 0.0 			 0.0 			0.0
g2	 19 	 0.0 			 0.0 			0.0
g2	 20 	 0.0 			 0.0 			0.0
g2	 21 	 0.0 			 0.0 			0.0
g2	 22 	 0.0 			 0.0 			0.0
g2	 23 	 0.0 			 0.0 			0.0
g2	 24 	 0.0 			 0.0 			0.0
g2	 25 	 0.0 			 0.0 			0.0
g2	 26 	 0.0 			 0.0 			0.0
g2	 27 	 0.0 			 0.0 			0.0
g2	 28 	 0.0 			 0.0 			0.0
g2	 29 	 0.0 			 0.0 			0.0
g2	 30 	 0.0 			 0.0 			0.0
g2	 31 	 0.0 			 0.0 			0.0
g2	 32 	 0.0 			 0.0 			0.0
g2	 33 	 0.0 			 0.0 			0.0
g2	 34 	 0.0 			 0.0 			0.0
g2	 35 	 0.0 			 0.0 			0.0
g2	 36 	 0.0 			 0.0 			0.0
g2	 37 	 534.771644 			 10598.13 			11132.901644
g2	 38 	 534.771644 			 0.0 			534.771644
g2	 39 	 534.771644 			 0.0 			534.771644
g2	 40 	 534.771644 			 0.0 			534.771644
g2	 41 	 534.771644 			 0.0 			534.771644
g2	 42 	 534.771644 			 0.0 			534.771644
g2	 43 	 575.422045 			 0.0 			575.422045
g2	 44 	 541.66064 			 0.0 			541.66064
g2	 45 	 769.162175 			 0.0 			769.162175
g2	 46 	 632.600173 			 0.0 			632.600173
g2	 47 	 809.351344 			 0.0 			809.351344
g2	 48 	 734.03548 			 0.0 			734.03548
g2	 49 	 962.09159 			 0.0 			962.09159
g2	 50 	 920.260032 			 0.0 			920.260032
g2	 51 	 720.137491 			 0.0 			720.137491
g2	 52 	 943.874278 			 0.0 			943.874278
g2	 53 	 977.525084 			 0.0 			977.525084
g2	 54 	 1237.37754 			 0.0 			1237.37754
g2	 55 	 1041.786988 			 0.0 			1041.786988
g2	 56 	 1253.804275 			 0.0 			1253.804275
g2	 57 	 991.724618 			 0.0 			991.724618
g2	 58 	 860.8003 			 0.0 			860.8003
g2	 59 	 943.878463 			 0.0 			943.878463
g2	 60 	 1200.594537 			 0.0 			1200.594537
g2	 61 	 1495.435502 			 0.0 			1495.435502
g2	 62 	 1200.594537 			 0.0 			1200.594537
g2	 63 	 1181.514926 			 0.0 			1181.514926
g2	 64 	 924.798852 			 0.0 			924.798852
g2	 65 	 1079.784563 			 0.0 			1079.784563
g2	 66 	 1330.791423 			 0.0 			1330.791423
g2	 67 	 1627.773488 			 0.0 			1627.773488
g2	 68 	 1330.791423 			 0.0 			1330.791423
g2	 69 	 1323.861628 			 0.0 			1323.861628
g2	 70 	 1334.000163 			 0.0 			1334.000163
g2	 71 	 1630.982228 			 0.0 			1630.982228
g2	 72 	 1334.000163 			 0.0 			1334.000163
g2	 73 	 1061.047233 			 0.0 			1061.047233
g2	 74 	 1277.952619 			 0.0 			1277.952619
g2	 75 	 1012.598835 			 0.0 			1012.598835
g2	 76 	 767.049837 			 0.0 			767.049837
g2	 77 	 836.509368 			 0.0 			836.509368
g2	 78 	 884.246459 			 0.0 			884.246459
g2	 79 	 825.572602 			 0.0 			825.572602
g2	 80 	 700.493934 			 0.0 			700.493934
g2	 81 	 694.477592 			 0.0 			694.477592
g2	 82 	 666.026556 			 0.0 			666.026556
g2	 83 	 766.256621 			 0.0 			766.256621
g2	 84 	 750.402705 			 0.0 			750.402705
g2	 85 	 694.057664 			 0.0 			694.057664
g2	 86 	 575.707148 			 0.0 			575.707148
g2	 87 	 534.771644 			 0.0 			534.771644
g2	 88 	 648.407641 			 0.0 			648.407641
g2	 89 	 534.771644 			 0.0 			534.771644
g2	 90 	 534.771644 			 0.0 			534.771644
g2	 91 	 534.771644 			 0.0 			534.771644
g2	 92 	 534.771644 			 0.0 			534.771644
g2	 93 	 0.0 			 0.0 			0.0
g2	 94 	 0.0 			 0.0 			0.0
g2	 95 	 0.0 			 0.0 			0.0
g2	 96 	 0.0 			 0.0 			0.0
----------------------------------------------------------------------------------------------------
g3	 1 	 0.0 			 0.0 			0.0
g3	 2 	 0.0 			 0.0 			0.0
g3	 3 	 0.0 			 0.0 			0.0
g3	 4 	 0.0 			 0.0 			0.0
g3	 5 	 0.0 			 0.0 			0.0
g3	 6 	 0.0 			 0.0 			0.0
g3	 7 	 0.0 			 0.0 			0.0
g3	 8 	 0.0 			 0.0 			0.0
g3	 9 	 0.0 			 0.0 			0.0
g3	 10 	 0.0 			 0.0 			0.0
g3	 11 	 0.0 			 0.0 			0.0
g3	 12 	 0.0 			 0.0 			0.0
g3	 13 	 0.0 			 0.0 			0.0
g3	 14 	 0.0 			 0.0 			0.0
g3	 15 	 0.0 			 0.0 			0.0
g3	 16 	 0.0 			 0.0 			0.0
g3	 17 	 0.0 			 0.0 			0.0
g3	 18 	 0.0 			 0.0 			0.0
g3	 19 	 0.0 			 0.0 			0.0
g3	 20 	 0.0 			 0.0 			0.0
g3	 21 	 0.0 			 0.0 			0.0
g3	 22 	 0.0 			 0.0 			0.0
g3	 23 	 0.0 			 0.0 			0.0
g3	 24 	 0.0 			 0.0 			0.0
g3	 25 	 0.0 			 0.0 			0.0
g3	 26 	 0.0 			 0.0 			0.0
g3	 27 	 0.0 			 0.0 			0.0
g3	 28 	 0.0 			 0.0 			0.0
g3	 29 	 0.0 			 0.0 			0.0
g3	 30 	 0.0 			 0.0 			0.0
g3	 31 	 0.0 			 0.0 			0.0
g3	 32 	 0.0 			 0.0 			0.0
g3	 33 	 0.0 			 0.0 			0.0
g3	 34 	 0.0 			 0.0 			0.0
g3	 35 	 0.0 			 0.0 			0.0
g3	 36 	 0.0 			 0.0 			0.0
g3	 37 	 0.0 			 0.0 			0.0
g3	 38 	 0.0 			 0.0 			0.0
g3	 39 	 0.0 			 0.0 			0.0
g3	 40 	 0.0 			 0.0 			0.0
g3	 41 	 0.0 			 0.0 			0.0
g3	 42 	 0.0 			 0.0 			0.0
g3	 43 	 0.0 			 0.0 			0.0
g3	 44 	 0.0 			 0.0 			0.0
g3	 45 	 0.0 			 0.0 			0.0
g3	 46 	 0.0 			 0.0 			0.0
g3	 47 	 0.0 			 0.0 			0.0
g3	 48 	 0.0 			 0.0 			0.0
g3	 49 	 0.0 			 0.0 			0.0
g3	 50 	 0.0 			 0.0 			0.0
g3	 51 	 0.0 			 0.0 			0.0
g3	 52 	 0.0 			 0.0 			0.0
g3	 53 	 0.0 			 0.0 			0.0
g3	 54 	 0.0 			 0.0 			0.0
g3	 55 	 0.0 			 0.0 			0.0
g3	 56 	 0.0 			 0.0 			0.0
g3	 57 	 0.0 			 0.0 			0.0
g3	 58 	 0.0 			 0.0 			0.0
g3	 59 	 0.0 			 0.0 			0.0
g3	 60 	 0.0 			 0.0 			0.0
g3	 61 	 0.0 			 0.0 			0.0
g3	 62 	 0.0 			 0.0 			0.0
g3	 63 	 0.0 			 0.0 			0.0
g3	 64 	 0.0 			 0.0 			0.0
g3	 65 	 0.0 			 0.0 			0.0
g3	 66 	 0.0 			 0.0 			0.0
g3	 67 	 0.0 			 0.0 			0.0
g3	 68 	 0.0 			 0.0 			0.0
g3	 69 	 0.0 			 0.0 			0.0
g3	 70 	 0.0 			 0.0 			0.0
g3	 71 	 0.0 			 0.0 			0.0
g3	 72 	 0.0 			 0.0 			0.0
g3	 73 	 0.0 			 0.0 			0.0
g3	 74 	 0.0 			 0.0 			0.0
g3	 75 	 0.0 			 0.0 			0.0
g3	 76 	 0.0 			 0.0 			0.0
g3	 77 	 0.0 			 0.0 			0.0
g3	 78 	 0.0 			 0.0 			0.0
g3	 79 	 0.0 			 0.0 			0.0
g3	 80 	 0.0 			 0.0 			0.0
g3	 81 	 0.0 			 0.0 			0.0
g3	 82 	 0.0 			 0.0 			0.0
g3	 83 	 0.0 			 0.0 			0.0
g3	 84 	 0.0 			 0.0 			0.0
g3	 85 	 0.0 			 0.0 			0.0
g3	 86 	 0.0 			 0.0 			0.0
g3	 87 	 0.0 			 0.0 			0.0
g3	 88 	 0.0 			 0.0 			0.0
g3	 89 	 0.0 			 0.0 			0.0
g3	 90 	 0.0 			 0.0 			0.0
g3	 91 	 0.0 			 0.0 			0.0
g3	 92 	 0.0 			 0.0 			0.0
g3	 93 	 0.0 			 0.0 			0.0
g3	 94 	 0.0 			 0.0 			0.0
g3	 95 	 0.0 			 0.0 			0.0
g3	 96 	 0.0 			 0.0 			0.0
----------------------------------------------------------------------------------------------------
g4	 1 	 0.0 			 0.0 			0.0
g4	 2 	 0.0 			 0.0 			0.0
g4	 3 	 0.0 			 0.0 			0.0
g4	 4 	 0.0 			 0.0 			0.0
g4	 5 	 0.0 			 0.0 			0.0
g4	 6 	 0.0 			 0.0 			0.0
g4	 7 	 0.0 			 0.0 			0.0
g4	 8 	 0.0 			 0.0 			0.0
g4	 9 	 0.0 			 0.0 			0.0
g4	 10 	 0.0 			 0.0 			0.0
g4	 11 	 0.0 			 0.0 			0.0
g4	 12 	 0.0 			 0.0 			0.0
g4	 13 	 0.0 			 0.0 			0.0
g4	 14 	 0.0 			 0.0 			0.0
g4	 15 	 0.0 			 0.0 			0.0
g4	 16 	 0.0 			 0.0 			0.0
g4	 17 	 0.0 			 0.0 			0.0
g4	 18 	 0.0 			 0.0 			0.0
g4	 19 	 0.0 			 0.0 			0.0
g4	 20 	 0.0 			 0.0 			0.0
g4	 21 	 0.0 			 0.0 			0.0
g4	 22 	 0.0 			 0.0 			0.0
g4	 23 	 0.0 			 0.0 			0.0
g4	 24 	 0.0 			 0.0 			0.0
g4	 25 	 0.0 			 0.0 			0.0
g4	 26 	 0.0 			 0.0 			0.0
g4	 27 	 0.0 			 0.0 			0.0
g4	 28 	 0.0 			 0.0 			0.0
g4	 29 	 0.0 			 0.0 			0.0
g4	 30 	 0.0 			 0.0 			0.0
g4	 31 	 0.0 			 0.0 			0.0
g4	 32 	 0.0 			 0.0 			0.0
g4	 33 	 0.0 			 0.0 			0.0
g4	 34 	 0.0 			 0.0 			0.0
g4	 35 	 0.0 			 0.0 			0.0
g4	 36 	 0.0 			 0.0 			0.0
g4	 37 	 0.0 			 0.0 			0.0
g4	 38 	 0.0 			 0.0 			0.0
g4	 39 	 0.0 			 0.0 			0.0
g4	 40 	 0.0 			 0.0 			0.0
g4	 41 	 0.0 			 0.0 			0.0
g4	 42 	 0.0 			 0.0 			0.0
g4	 43 	 0.0 			 0.0 			0.0
g4	 44 	 0.0 			 0.0 			0.0
g4	 45 	 0.0 			 0.0 			0.0
g4	 46 	 0.0 			 0.0 			0.0
g4	 47 	 0.0 			 0.0 			0.0
g4	 48 	 0.0 			 0.0 			0.0
g4	 49 	 0.0 			 0.0 			0.0
g4	 50 	 0.0 			 0.0 			0.0
g4	 51 	 0.0 			 0.0 			0.0
g4	 52 	 0.0 			 0.0 			0.0
g4	 53 	 0.0 			 0.0 			0.0
g4	 54 	 0.0 			 0.0 			0.0
g4	 55 	 0.0 			 0.0 			0.0
g4	 56 	 0.0 			 0.0 			0.0
g4	 57 	 0.0 			 0.0 			0.0
g4	 58 	 0.0 			 0.0 			0.0
g4	 59 	 0.0 			 0.0 			0.0
g4	 60 	 0.0 			 0.0 			0.0
g4	 61 	 0.0 			 0.0 			0.0
g4	 62 	 0.0 			 0.0 			0.0
g4	 63 	 0.0 			 0.0 			0.0
g4	 64 	 0.0 			 0.0 			0.0
g4	 65 	 0.0 			 0.0 			0.0
g4	 66 	 0.0 			 0.0 			0.0
g4	 67 	 0.0 			 0.0 			0.0
g4	 68 	 0.0 			 0.0 			0.0
g4	 69 	 0.0 			 0.0 			0.0
g4	 70 	 0.0 			 0.0 			0.0
g4	 71 	 0.0 			 0.0 			0.0
g4	 72 	 0.0 			 0.0 			0.0
g4	 73 	 0.0 			 0.0 			0.0
g4	 74 	 0.0 			 0.0 			0.0
g4	 75 	 0.0 			 0.0 			0.0
g4	 76 	 0.0 			 0.0 			0.0
g4	 77 	 0.0 			 0.0 			0.0
g4	 78 	 0.0 			 0.0 			0.0
g4	 79 	 0.0 			 0.0 			0.0
g4	 80 	 0.0 			 0.0 			0.0
g4	 81 	 0.0 			 0.0 			0.0
g4	 82 	 0.0 			 0.0 			0.0
g4	 83 	 0.0 			 0.0 			0.0
g4	 84 	 0.0 			 0.0 			0.0
g4	 85 	 0.0 			 0.0 			0.0
g4	 86 	 0.0 			 0.0 			0.0
g4	 87 	 0.0 			 0.0 			0.0
g4	 88 	 0.0 			 0.0 			0.0
g4	 89 	 0.0 			 0.0 			0.0
g4	 90 	 0.0 			 0.0 			0.0
g4	 91 	 0.0 			 0.0 			0.0
g4	 92 	 0.0 			 0.0 			0.0
g4	 93 	 0.0 			 0.0 			0.0
g4	 94 	 0.0 			 0.0 			0.0
g4	 95 	 0.0 			 0.0 			0.0
g4	 96 	 0.0 			 0.0 			0.0
----------------------------------------------------------------------------------------------------
g5	 1 	 0.0 			 0.0 			0.0
g5	 2 	 0.0 			 0.0 			0.0
g5	 3 	 0.0 			 0.0 			0.0
g5	 4 	 0.0 			 0.0 			0.0
g5	 5 	 0.0 			 0.0 			0.0
g5	 6 	 0.0 			 0.0 			0.0
g5	 7 	 0.0 			 0.0 			0.0
g5	 8 	 0.0 			 0.0 			0.0
g5	 9 	 0.0 			 0.0 			0.0
g5	 10 	 0.0 			 0.0 			0.0
g5	 11 	 0.0 			 0.0 			0.0
g5	 12 	 0.0 			 0.0 			0.0
g5	 13 	 0.0 			 0.0 			0.0
g5	 14 	 0.0 			 0.0 			0.0
g5	 15 	 0.0 			 0.0 			0.0
g5	 16 	 0.0 			 0.0 			0.0
g5	 17 	 0.0 			 0.0 			0.0
g5	 18 	 0.0 			 0.0 			0.0
g5	 19 	 0.0 			 0.0 			0.0
g5	 20 	 0.0 			 0.0 			0.0
g5	 21 	 0.0 			 0.0 			0.0
g5	 22 	 0.0 			 0.0 			0.0
g5	 23 	 0.0 			 0.0 			0.0
g5	 24 	 0.0 			 0.0 			0.0
g5	 25 	 0.0 			 0.0 			0.0
g5	 26 	 0.0 			 0.0 			0.0
g5	 27 	 0.0 			 0.0 			0.0
g5	 28 	 0.0 			 0.0 			0.0
g5	 29 	 0.0 			 0.0 			0.0
g5	 30 	 0.0 			 0.0 			0.0
g5	 31 	 0.0 			 0.0 			0.0
g5	 32 	 0.0 			 0.0 			0.0
g5	 33 	 0.0 			 0.0 			0.0
g5	 34 	 0.0 			 0.0 			0.0
g5	 35 	 0.0 			 0.0 			0.0
g5	 36 	 0.0 			 0.0 			0.0
g5	 37 	 0.0 			 0.0 			0.0
g5	 38 	 0.0 			 0.0 			0.0
g5	 39 	 0.0 			 0.0 			0.0
g5	 40 	 0.0 			 0.0 			0.0
g5	 41 	 0.0 			 0.0 			0.0
g5	 42 	 0.0 			 0.0 			0.0
g5	 43 	 0.0 			 0.0 			0.0
g5	 44 	 0.0 			 0.0 			0.0
g5	 45 	 0.0 			 0.0 			0.0
g5	 46 	 0.0 			 0.0 			0.0
g5	 47 	 0.0 			 0.0 			0.0
g5	 48 	 0.0 			 0.0 			0.0
g5	 49 	 0.0 			 0.0 			0.0
g5	 50 	 0.0 			 0.0 			0.0
g5	 51 	 0.0 			 0.0 			0.0
g5	 52 	 0.0 			 0.0 			0.0
g5	 53 	 0.0 			 0.0 			0.0
g5	 54 	 0.0 			 0.0 			0.0
g5	 55 	 0.0 			 0.0 			0.0
g5	 56 	 0.0 			 0.0 			0.0
g5	 57 	 0.0 			 0.0 			0.0
g5	 58 	 0.0 			 0.0 			0.0
g5	 59 	 0.0 			 0.0 			0.0
g5	 60 	 0.0 			 0.0 			0.0
g5	 61 	 0.0 			 0.0 			0.0
g5	 62 	 0.0 			 0.0 			0.0
g5	 63 	 0.0 			 0.0 			0.0
g5	 64 	 0.0 			 0.0 			0.0
g5	 65 	 0.0 			 0.0 			0.0
g5	 66 	 0.0 			 0.0 			0.0
g5	 67 	 0.0 			 0.0 			0.0
g5	 68 	 0.0 			 0.0 			0.0
g5	 69 	 0.0 			 0.0 			0.0
g5	 70 	 0.0 			 0.0 			0.0
g5	 71 	 0.0 			 0.0 			0.0
g5	 72 	 0.0 			 0.0 			0.0
g5	 73 	 0.0 			 0.0 			0.0
g5	 74 	 0.0 			 0.0 			0.0
g5	 75 	 0.0 			 0.0 			0.0
g5	 76 	 0.0 			 0.0 			0.0
g5	 77 	 0.0 			 0.0 			0.0
g5	 78 	 0.0 			 0.0 			0.0
g5	 79 	 0.0 			 0.0 			0.0
g5	 80 	 0.0 			 0.0 			0.0
g5	 81 	 0.0 			 0.0 			0.0
g5	 82 	 0.0 			 0.0 			0.0
g5	 83 	 0.0 			 0.0 			0.0
g5	 84 	 0.0 			 0.0 			0.0
g5	 85 	 0.0 			 0.0 			0.0
g5	 86 	 0.0 			 0.0 			0.0
g5	 87 	 0.0 			 0.0 			0.0
g5	 88 	 0.0 			 0.0 			0.0
g5	 89 	 0.0 			 0.0 			0.0
g5	 90 	 0.0 			 0.0 			0.0
g5	 91 	 0.0 			 0.0 			0.0
g5	 92 	 0.0 			 0.0 			0.0
g5	 93 	 0.0 			 0.0 			0.0
g5	 94 	 0.0 			 0.0 			0.0
g5	 95 	 0.0 			 0.0 			0.0
g5	 96 	 0.0 			 0.0 			0.0
----------------------------------------------------------------------------------------------------
 
unit 	 generation 	 generation cost 	 start-up cost 	 total cost
----------------------------------------------------------------------------------------------------
g1 	 7042.457137			262765.102009			 0.000000		 262765.102009
g2 	 932.849362			49953.710847			 10598.130000		 60551.840847
g3 	 0.000000			0.000000			 0.000000		 0.000000
g4 	 0.000000			0.000000			 0.000000		 0.000000
g5 	 0.000000			0.000000			 0.000000		 0.000000
----------------------------------------------------------------------------------------------------
 
generation cost 	 start-up cost 		 total cost
----------------------------------------------------------------------------------------------------
312718.81285600003 			 10598.13 			 323316.94285600004
----------------------------------------------------------------------------------------------------
uplift payment for generator g1: 0.0
uplift payment for generator g2: 0.0
uplift payment for generator g3: 0.0
uplift payment for generator g4: 0.0
uplift payment for generator g5: 0.0
 
****************************************************************************************************
 
rtm Systemwide prices
----------------------------------------------------------------------------------------------------
time	 energy 	 up-FRP 	 dw-FRP
----------------------------------------------------------------------------------------------------
1 	 9.614507 		 0.0 		 0.0
2 	 9.408671 		 0.0 		 0.0
3 	 9.614507 		 0.0 		 0.0
4 	 9.614507 		 0.0 		 0.0
5 	 9.408671 		 0.0 		 0.0
6 	 9.614507 		 0.0 		 0.0
7 	 9.408671 		 0.0 		 0.0
8 	 9.614507 		 0.0 		 0.0
9 	 9.408671 		 0.0 		 0.0
10 	 9.408671 		 0.0 		 0.0
11 	 9.408671 		 0.0 		 0.0
12 	 9.408671 		 0.0 		 0.0
13 	 9.408671 		 0.0 		 0.0
14 	 9.408671 		 0.0 		 0.0
15 	 9.408671 		 0.0 		 0.0
16 	 9.408671 		 0.0 		 0.0
17 	 9.408671 		 0.0 		 0.0
18 	 9.408671 		 0.0 		 0.0
19 	 9.408671 		 0.0 		 0.0
20 	 9.408671 		 0.0 		 0.0
21 	 9.408671 		 0.0 		 0.0
22 	 9.408671 		 0.0 		 0.0
23 	 9.408671 		 0.0 		 0.0
24 	 9.408671 		 0.0 		 0.0
25 	 9.614507 		 0.0 		 0.0
26 	 9.614507 		 0.0 		 0.0
27 	 9.614507 		 0.0 		 0.0
28 	 9.614507 		 0.0 		 0.0
29 	 9.614507 		 0.0 		 0.0
30 	 9.614507 		 0.0 		 0.0
31 	 9.614507 		 0.0 		 0.0
32 	 9.614507 		 0.0 		 0.0
33 	 9.614507 		 0.0 		 0.0
34 	 9.614507 		 0.0 		 0.0
35 	 9.614507 		 0.0 		 0.0
36 	 9.614507 		 0.0 		 0.0
37 	 9.614507 		 0.0 		 0.0
38 	 9.614507 		 0.0 		 0.0
39 	 9.614507 		 0.0 		 0.0
40 	 9.614507 		 0.0 		 0.0
41 	 9.614507 		 0.0 		 0.0
42 	 9.614507 		 0.0 		 0.0
43 	 10.185876 		 0.0 		 0.0
44 	 9.614507 		 0.0 		 0.0
45 	 10.757244 		 0.0 		 0.0
46 	 10.185876 		 0.0 		 0.0
47 	 10.185876 		 0.0 		 0.0
48 	 10.185876 		 0.0 		 0.0
49 	 11.493892 		 0.0 		 0.0
50 	 11.493892 		 0.0 		 0.0
51 	 10.185876 		 0.0 		 0.0
52 	 11.493892 		 0.0 		 0.0
53 	 9.614507 		 0.0 		 0.0
54 	 15.176097 		 0.0 		 0.0
55 	 11.493892 		 0.0 		 0.0
56 	 15.176097 		 0.0 		 0.0
57 	 9.614507 		 0.0 		 0.0
58 	 11.493892 		 0.0 		 0.0
59 	 9.614507 		 0.0 		 0.0
60 	 9.614507 		 0.0 		 0.0
61 	 18.934866 		 0.0 		 0.0
62 	 9.614507 		 0.0 		 0.0
63 	 13.373276 		 0.0 		 0.0
64 	 9.614507 		 0.0 		 0.0
65 	 11.493892 		 0.0 		 0.0
66 	 9.614507 		 0.0 		 0.0
67 	 20.661122 		 0.0 		 0.0
68 	 9.614507 		 0.0 		 0.0
69 	 13.296712 		 0.0 		 0.0
70 	 9.614507 		 0.0 		 0.0
71 	 2500.0 		 0.0 		 0.0
72 	 9.614507 		 0.0 		 0.0
73 	 9.614507 		 0.0 		 0.0
74 	 15.747465 		 0.0 		 0.0
75 	 9.614507 		 0.0 		 0.0
76 	 9.614507 		 0.0 		 0.0
77 	 10.185876 		 0.0 		 0.0
78 	 11.493892 		 0.0 		 0.0
79 	 10.185876 		 0.0 		 0.0
80 	 10.185876 		 0.0 		 0.0
81 	 10.185876 		 0.0 		 0.0
82 	 10.185876 		 0.0 		 0.0
83 	 10.185876 		 0.0 		 0.0
84 	 10.185876 		 0.0 		 0.0
85 	 10.185876 		 0.0 		 0.0
86 	 10.185876 		 0.0 		 0.0
87 	 9.614507 		 0.0 		 0.0
88 	 10.185876 		 0.0 		 0.0
89 	 9.614507 		 0.0 		 0.0
90 	 9.614507 		 0.0 		 0.0
91 	 9.614507 		 0.0 		 0.0
92 	 9.614507 		 0.0 		 0.0
93 	 9.614507 		 0.0 		 0.0
94 	 9.614507 		 0.0 		 0.0
95 	 9.614507 		 0.0 		 0.0
96 	 9.614507 		 0.0 		 0.0
 
****************************************************************************************************
 
rtm Post-uplift payments
----------------------------------------------------------------------------------------------------------------------------------------------------
unit 	 generation payment 	 up-FRP payment 	 dw-FRP payment 	pre-up t. payment 	 uplift payments 	 post-up t. payment 	 profit
----------------------------------------------------------------------------------------------------------------------------------------------------
 g1 	 56903.807158			 0.000000			 0.000000			 56903.807158			 0.000000			 56903.807158		 84379.754450
 g2 	 99062.311432			 0.000000			 0.000000			 99062.311432			 0.000000			 99062.311432		 76815.635104
 g3 	 0.000000			 0.000000			 0.000000			 0.000000			 0.000000			 0.000000		 0.000000
 g4 	 0.000000			 0.000000			 0.000000			 0.000000			 0.000000			 0.000000		 0.000000
 g5 	 0.000000			 0.000000			 0.000000			 0.000000			 0.000000			 0.000000		 0.000000
****************************************************************************************************
 
Total generator payments
----------------------------------------------------------------------------------------------------------------------------------------------------
unit 	 generation payment 	 up-FRP payment 	 dw-FRP payment 	pre-up t. payment 	 uplift payments 	 post-up t. payment 	 profit
----------------------------------------------------------------------------------------------------------------------------------------------------
 g1 	 347144.856459			 0.000000			 0.000000			 347144.856459			 0.000000			 347144.856459		 84379.754450
 g2 	 137367.475951			 0.000000			 0.000000			 137367.475951			 0.000000			 137367.475951		 76815.635104
 g3 	 0.000000			 0.000000			 0.000000			 0.000000			 0.000000			 0.000000		 0.000000
 g4 	 0.000000			 0.000000			 0.000000			 0.000000			 0.000000			 0.000000		 0.000000
 g5 	 0.000000			 0.000000			 0.000000			 0.000000			 0.000000			 0.000000		 0.000000
 
****************************************************************************************************
 
rtm LMP
----------------------------------------------------------------------------------------------------
bus name 	 time 		 LMP
----------------------------------------------------------------------------------------------------
b1 		 1 		 9.614507
b1 		 2 		 9.408671
b1 		 3 		 9.614507
b1 		 4 		 9.614507
b1 		 5 		 9.408671
b1 		 6 		 9.614507
b1 		 7 		 9.408671
b1 		 8 		 9.614507
b1 		 9 		 9.408671
b1 		 10 		 9.408671
b1 		 11 		 9.408671
b1 		 12 		 9.408671
b1 		 13 		 9.408671
b1 		 14 		 9.408671
b1 		 15 		 9.408671
b1 		 16 		 9.408671
b1 		 17 		 9.408671
b1 		 18 		 9.408671
b1 		 19 		 9.408671
b1 		 20 		 9.408671
b1 		 21 		 9.408671
b1 		 22 		 9.408671
b1 		 23 		 9.408671
b1 		 24 		 9.408671
b1 		 25 		 9.614507
b1 		 26 		 9.614507
b1 		 27 		 9.614507
b1 		 28 		 9.614507
b1 		 29 		 9.614507
b1 		 30 		 9.614507
b1 		 31 		 9.614507
b1 		 32 		 9.614507
b1 		 33 		 9.614507
b1 		 34 		 9.614507
b1 		 35 		 9.614507
b1 		 36 		 9.614507
b1 		 37 		 9.614507
b1 		 38 		 9.614507
b1 		 39 		 9.614507
b1 		 40 		 9.614507
b1 		 41 		 9.614507
b1 		 42 		 9.614507
b1 		 43 		 10.185876
b1 		 44 		 9.614507
b1 		 45 		 10.757244
b1 		 46 		 10.185876
b1 		 47 		 10.185876
b1 		 48 		 10.185876
b1 		 49 		 11.493892
b1 		 50 		 11.493892
b1 		 51 		 10.185876
b1 		 52 		 11.493892
b1 		 53 		 9.614507
b1 		 54 		 15.176097
b1 		 55 		 11.493892
b1 		 56 		 15.176097
b1 		 57 		 9.614507
b1 		 58 		 11.493892
b1 		 59 		 9.614507
b1 		 60 		 9.614507
b1 		 61 		 18.934866
b1 		 62 		 9.614507
b1 		 63 		 13.373276
b1 		 64 		 9.614507
b1 		 65 		 11.493892
b1 		 66 		 9.614507
b1 		 67 		 20.661122
b1 		 68 		 9.614507
b1 		 69 		 13.296712
b1 		 70 		 9.614507
b1 		 71 		 2500.0
b1 		 72 		 9.614507
b1 		 73 		 9.614507
b1 		 74 		 15.747465
b1 		 75 		 9.614507
b1 		 76 		 9.614507
b1 		 77 		 10.185876
b1 		 78 		 11.493892
b1 		 79 		 10.185876
b1 		 80 		 10.185876
b1 		 81 		 10.185876
b1 		 82 		 10.185876
b1 		 83 		 10.185876
b1 		 84 		 10.185876
b1 		 85 		 10.185876
b1 		 86 		 10.185876
b1 		 87 		 9.614507
b1 		 88 		 10.185876
b1 		 89 		 9.614507
b1 		 90 		 9.614507
b1 		 91 		 9.614507
b1 		 92 		 9.614507
b1 		 93 		 9.614507
b1 		 94 		 9.614507
b1 		 95 		 9.614507
b1 		 96 		 9.614507
----------------------------------------------------------------------------------------------------
b2 		 1 		 9.614507
b2 		 2 		 9.408671
b2 		 3 		 9.614507
b2 		 4 		 9.614507
b2 		 5 		 9.408671
b2 		 6 		 9.614507
b2 		 7 		 9.408671
b2 		 8 		 9.614507
b2 		 9 		 9.408671
b2 		 10 		 9.408671
b2 		 11 		 9.408671
b2 		 12 		 9.408671
b2 		 13 		 9.408671
b2 		 14 		 9.408671
b2 		 15 		 9.408671
b2 		 16 		 9.408671
b2 		 17 		 9.408671
b2 		 18 		 9.408671
b2 		 19 		 9.408671
b2 		 20 		 9.408671
b2 		 21 		 9.408671
b2 		 22 		 9.408671
b2 		 23 		 9.408671
b2 		 24 		 9.408671
b2 		 25 		 9.614507
b2 		 26 		 9.614507
b2 		 27 		 9.614507
b2 		 28 		 9.614507
b2 		 29 		 9.614507
b2 		 30 		 9.614507
b2 		 31 		 9.614507
b2 		 32 		 9.614507
b2 		 33 		 9.614507
b2 		 34 		 9.614507
b2 		 35 		 9.614507
b2 		 36 		 9.614507
b2 		 37 		 9.614507
b2 		 38 		 9.614507
b2 		 39 		 9.614507
b2 		 40 		 9.614507
b2 		 41 		 9.614507
b2 		 42 		 9.614507
b2 		 43 		 10.185876
b2 		 44 		 9.614507
b2 		 45 		 10.757244
b2 		 46 		 10.185876
b2 		 47 		 10.185876
b2 		 48 		 10.185876
b2 		 49 		 11.493892
b2 		 50 		 11.493892
b2 		 51 		 10.185876
b2 		 52 		 11.493892
b2 		 53 		 9.614507
b2 		 54 		 15.176097
b2 		 55 		 11.493892
b2 		 56 		 15.176097
b2 		 57 		 9.614507
b2 		 58 		 11.493892
b2 		 59 		 9.614507
b2 		 60 		 9.614507
b2 		 61 		 18.934866
b2 		 62 		 9.614507
b2 		 63 		 13.373276
b2 		 64 		 9.614507
b2 		 65 		 11.493892
b2 		 66 		 9.614507
b2 		 67 		 20.661122
b2 		 68 		 9.614507
b2 		 69 		 13.296712
b2 		 70 		 9.614507
b2 		 71 		 2500.0
b2 		 72 		 9.614507
b2 		 73 		 9.614507
b2 		 74 		 15.747465
b2 		 75 		 9.614507
b2 		 76 		 9.614507
b2 		 77 		 10.185876
b2 		 78 		 11.493892
b2 		 79 		 10.185876
b2 		 80 		 10.185876
b2 		 81 		 10.185876
b2 		 82 		 10.185876
b2 		 83 		 10.185876
b2 		 84 		 10.185876
b2 		 85 		 10.185876
b2 		 86 		 10.185876
b2 		 87 		 9.614507
b2 		 88 		 10.185876
b2 		 89 		 9.614507
b2 		 90 		 9.614507
b2 		 91 		 9.614507
b2 		 92 		 9.614507
b2 		 93 		 9.614507
b2 		 94 		 9.614507
b2 		 95 		 9.614507
b2 		 96 		 9.614507
----------------------------------------------------------------------------------------------------
b3 		 1 		 9.614507
b3 		 2 		 9.408671
b3 		 3 		 9.614507
b3 		 4 		 9.614507
b3 		 5 		 9.408671
b3 		 6 		 9.614507
b3 		 7 		 9.408671
b3 		 8 		 9.614507
b3 		 9 		 9.408671
b3 		 10 		 9.408671
b3 		 11 		 9.408671
b3 		 12 		 9.408671
b3 		 13 		 9.408671
b3 		 14 		 9.408671
b3 		 15 		 9.408671
b3 		 16 		 9.408671
b3 		 17 		 9.408671
b3 		 18 		 9.408671
b3 		 19 		 9.408671
b3 		 20 		 9.408671
b3 		 21 		 9.408671
b3 		 22 		 9.408671
b3 		 23 		 9.408671
b3 		 24 		 9.408671
b3 		 25 		 9.614507
b3 		 26 		 9.614507
b3 		 27 		 9.614507
b3 		 28 		 9.614507
b3 		 29 		 9.614507
b3 		 30 		 9.614507
b3 		 31 		 9.614507
b3 		 32 		 9.614507
b3 		 33 		 9.614507
b3 		 34 		 9.614507
b3 		 35 		 9.614507
b3 		 36 		 9.614507
b3 		 37 		 9.614507
b3 		 38 		 9.614507
b3 		 39 		 9.614507
b3 		 40 		 9.614507
b3 		 41 		 9.614507
b3 		 42 		 9.614507
b3 		 43 		 10.185876
b3 		 44 		 9.614507
b3 		 45 		 10.757244
b3 		 46 		 10.185876
b3 		 47 		 10.185876
b3 		 48 		 10.185876
b3 		 49 		 11.493892
b3 		 50 		 11.493892
b3 		 51 		 10.185876
b3 		 52 		 11.493892
b3 		 53 		 9.614507
b3 		 54 		 15.176097
b3 		 55 		 11.493892
b3 		 56 		 15.176097
b3 		 57 		 9.614507
b3 		 58 		 11.493892
b3 		 59 		 9.614507
b3 		 60 		 9.614507
b3 		 61 		 18.934866
b3 		 62 		 9.614507
b3 		 63 		 13.373276
b3 		 64 		 9.614507
b3 		 65 		 11.493892
b3 		 66 		 9.614507
b3 		 67 		 20.661122
b3 		 68 		 9.614507
b3 		 69 		 13.296712
b3 		 70 		 9.614507
b3 		 71 		 2500.0
b3 		 72 		 9.614507
b3 		 73 		 9.614507
b3 		 74 		 15.747465
b3 		 75 		 9.614507
b3 		 76 		 9.614507
b3 		 77 		 10.185876
b3 		 78 		 11.493892
b3 		 79 		 10.185876
b3 		 80 		 10.185876
b3 		 81 		 10.185876
b3 		 82 		 10.185876
b3 		 83 		 10.185876
b3 		 84 		 10.185876
b3 		 85 		 10.185876
b3 		 86 		 10.185876
b3 		 87 		 9.614507
b3 		 88 		 10.185876
b3 		 89 		 9.614507
b3 		 90 		 9.614507
b3 		 91 		 9.614507
b3 		 92 		 9.614507
b3 		 93 		 9.614507
b3 		 94 		 9.614507
b3 		 95 		 9.614507
b3 		 96 		 9.614507
----------------------------------------------------------------------------------------------------
b4 		 1 		 9.614507
b4 		 2 		 9.408671
b4 		 3 		 9.614507
b4 		 4 		 9.614507
b4 		 5 		 9.408671
b4 		 6 		 9.614507
b4 		 7 		 9.408671
b4 		 8 		 9.614507
b4 		 9 		 9.408671
b4 		 10 		 9.408671
b4 		 11 		 9.408671
b4 		 12 		 9.408671
b4 		 13 		 9.408671
b4 		 14 		 9.408671
b4 		 15 		 9.408671
b4 		 16 		 9.408671
b4 		 17 		 9.408671
b4 		 18 		 9.408671
b4 		 19 		 9.408671
b4 		 20 		 9.408671
b4 		 21 		 9.408671
b4 		 22 		 9.408671
b4 		 23 		 9.408671
b4 		 24 		 9.408671
b4 		 25 		 9.614507
b4 		 26 		 9.614507
b4 		 27 		 9.614507
b4 		 28 		 9.614507
b4 		 29 		 9.614507
b4 		 30 		 9.614507
b4 		 31 		 9.614507
b4 		 32 		 9.614507
b4 		 33 		 9.614507
b4 		 34 		 9.614507
b4 		 35 		 9.614507
b4 		 36 		 9.614507
b4 		 37 		 9.614507
b4 		 38 		 9.614507
b4 		 39 		 9.614507
b4 		 40 		 9.614507
b4 		 41 		 9.614507
b4 		 42 		 9.614507
b4 		 43 		 10.185876
b4 		 44 		 9.614507
b4 		 45 		 10.757244
b4 		 46 		 10.185876
b4 		 47 		 10.185876
b4 		 48 		 10.185876
b4 		 49 		 11.493892
b4 		 50 		 11.493892
b4 		 51 		 10.185876
b4 		 52 		 11.493892
b4 		 53 		 9.614507
b4 		 54 		 15.176097
b4 		 55 		 11.493892
b4 		 56 		 15.176097
b4 		 57 		 9.614507
b4 		 58 		 11.493892
b4 		 59 		 9.614507
b4 		 60 		 9.614507
b4 		 61 		 18.934866
b4 		 62 		 9.614507
b4 		 63 		 13.373276
b4 		 64 		 9.614507
b4 		 65 		 11.493892
b4 		 66 		 9.614507
b4 		 67 		 20.661122
b4 		 68 		 9.614507
b4 		 69 		 13.296712
b4 		 70 		 9.614507
b4 		 71 		 2500.0
b4 		 72 		 9.614507
b4 		 73 		 9.614507
b4 		 74 		 15.747465
b4 		 75 		 9.614507
b4 		 76 		 9.614507
b4 		 77 		 10.185876
b4 		 78 		 11.493892
b4 		 79 		 10.185876
b4 		 80 		 10.185876
b4 		 81 		 10.185876
b4 		 82 		 10.185876
b4 		 83 		 10.185876
b4 		 84 		 10.185876
b4 		 85 		 10.185876
b4 		 86 		 10.185876
b4 		 87 		 9.614507
b4 		 88 		 10.185876
b4 		 89 		 9.614507
b4 		 90 		 9.614507
b4 		 91 		 9.614507
b4 		 92 		 9.614507
b4 		 93 		 9.614507
b4 		 94 		 9.614507
b4 		 95 		 9.614507
b4 		 96 		 9.614507
----------------------------------------------------------------------------------------------------
b5 		 1 		 9.614507
b5 		 2 		 9.408671
b5 		 3 		 9.614507
b5 		 4 		 9.614507
b5 		 5 		 9.408671
b5 		 6 		 9.614507
b5 		 7 		 9.408671
b5 		 8 		 9.614507
b5 		 9 		 9.408671
b5 		 10 		 9.408671
b5 		 11 		 9.408671
b5 		 12 		 9.408671
b5 		 13 		 9.408671
b5 		 14 		 9.408671
b5 		 15 		 9.408671
b5 		 16 		 9.408671
b5 		 17 		 9.408671
b5 		 18 		 9.408671
b5 		 19 		 9.408671
b5 		 20 		 9.408671
b5 		 21 		 9.408671
b5 		 22 		 9.408671
b5 		 23 		 9.408671
b5 		 24 		 9.408671
b5 		 25 		 9.614507
b5 		 26 		 9.614507
b5 		 27 		 9.614507
b5 		 28 		 9.614507
b5 		 29 		 9.614507
b5 		 30 		 9.614507
b5 		 31 		 9.614507
b5 		 32 		 9.614507
b5 		 33 		 9.614507
b5 		 34 		 9.614507
b5 		 35 		 9.614507
b5 		 36 		 9.614507
b5 		 37 		 9.614507
b5 		 38 		 9.614507
b5 		 39 		 9.614507
b5 		 40 		 9.614507
b5 		 41 		 9.614507
b5 		 42 		 9.614507
b5 		 43 		 10.185876
b5 		 44 		 9.614507
b5 		 45 		 10.757244
b5 		 46 		 10.185876
b5 		 47 		 10.185876
b5 		 48 		 10.185876
b5 		 49 		 11.493892
b5 		 50 		 11.493892
b5 		 51 		 10.185876
b5 		 52 		 11.493892
b5 		 53 		 9.614507
b5 		 54 		 15.176097
b5 		 55 		 11.493892
b5 		 56 		 15.176097
b5 		 57 		 9.614507
b5 		 58 		 11.493892
b5 		 59 		 9.614507
b5 		 60 		 9.614507
b5 		 61 		 18.934866
b5 		 62 		 9.614507
b5 		 63 		 13.373276
b5 		 64 		 9.614507
b5 		 65 		 11.493892
b5 		 66 		 9.614507
b5 		 67 		 20.661122
b5 		 68 		 9.614507
b5 		 69 		 13.296712
b5 		 70 		 9.614507
b5 		 71 		 2500.0
b5 		 72 		 9.614507
b5 		 73 		 9.614507
b5 		 74 		 15.747465
b5 		 75 		 9.614507
b5 		 76 		 9.614507
b5 		 77 		 10.185876
b5 		 78 		 11.493892
b5 		 79 		 10.185876
b5 		 80 		 10.185876
b5 		 81 		 10.185876
b5 		 82 		 10.185876
b5 		 83 		 10.185876
b5 		 84 		 10.185876
b5 		 85 		 10.185876
b5 		 86 		 10.185876
b5 		 87 		 9.614507
b5 		 88 		 10.185876
b5 		 89 		 9.614507
b5 		 90 		 9.614507
b5 		 91 		 9.614507
b5 		 92 		 9.614507
b5 		 93 		 9.614507
b5 		 94 		 9.614507
b5 		 95 		 9.614507
b5 		 96 		 9.614507
----------------------------------------------------------------------------------------------------
b6 		 1 		 9.614507
b6 		 2 		 9.408671
b6 		 3 		 9.614507
b6 		 4 		 9.614507
b6 		 5 		 9.408671
b6 		 6 		 9.614507
b6 		 7 		 9.408671
b6 		 8 		 9.614507
b6 		 9 		 9.408671
b6 		 10 		 9.408671
b6 		 11 		 9.408671
b6 		 12 		 9.408671
b6 		 13 		 9.408671
b6 		 14 		 9.408671
b6 		 15 		 9.408671
b6 		 16 		 9.408671
b6 		 17 		 9.408671
b6 		 18 		 9.408671
b6 		 19 		 9.408671
b6 		 20 		 9.408671
b6 		 21 		 9.408671
b6 		 22 		 9.408671
b6 		 23 		 9.408671
b6 		 24 		 9.408671
b6 		 25 		 9.614507
b6 		 26 		 9.614507
b6 		 27 		 9.614507
b6 		 28 		 9.614507
b6 		 29 		 9.614507
b6 		 30 		 9.614507
b6 		 31 		 9.614507
b6 		 32 		 9.614507
b6 		 33 		 9.614507
b6 		 34 		 9.614507
b6 		 35 		 9.614507
b6 		 36 		 9.614507
b6 		 37 		 9.614507
b6 		 38 		 9.614507
b6 		 39 		 9.614507
b6 		 40 		 9.614507
b6 		 41 		 9.614507
b6 		 42 		 9.614507
b6 		 43 		 10.185876
b6 		 44 		 9.614507
b6 		 45 		 10.757244
b6 		 46 		 10.185876
b6 		 47 		 10.185876
b6 		 48 		 10.185876
b6 		 49 		 11.493892
b6 		 50 		 11.493892
b6 		 51 		 10.185876
b6 		 52 		 11.493892
b6 		 53 		 9.614507
b6 		 54 		 15.176097
b6 		 55 		 11.493892
b6 		 56 		 15.176097
b6 		 57 		 9.614507
b6 		 58 		 11.493892
b6 		 59 		 9.614507
b6 		 60 		 9.614507
b6 		 61 		 18.934866
b6 		 62 		 9.614507
b6 		 63 		 13.373276
b6 		 64 		 9.614507
b6 		 65 		 11.493892
b6 		 66 		 9.614507
b6 		 67 		 20.661122
b6 		 68 		 9.614507
b6 		 69 		 13.296712
b6 		 70 		 9.614507
b6 		 71 		 2500.0
b6 		 72 		 9.614507
b6 		 73 		 9.614507
b6 		 74 		 15.747465
b6 		 75 		 9.614507
b6 		 76 		 9.614507
b6 		 77 		 10.185876
b6 		 78 		 11.493892
b6 		 79 		 10.185876
b6 		 80 		 10.185876
b6 		 81 		 10.185876
b6 		 82 		 10.185876
b6 		 83 		 10.185876
b6 		 84 		 10.185876
b6 		 85 		 10.185876
b6 		 86 		 10.185876
b6 		 87 		 9.614507
b6 		 88 		 10.185876
b6 		 89 		 9.614507
b6 		 90 		 9.614507
b6 		 91 		 9.614507
b6 		 92 		 9.614507
b6 		 93 		 9.614507
b6 		 94 		 9.614507
b6 		 95 		 9.614507
b6 		 96 		 9.614507
----------------------------------------------------------------------------------------------------
b7 		 1 		 9.614507
b7 		 2 		 9.408671
b7 		 3 		 9.614507
b7 		 4 		 9.614507
b7 		 5 		 9.408671
b7 		 6 		 9.614507
b7 		 7 		 9.408671
b7 		 8 		 9.614507
b7 		 9 		 9.408671
b7 		 10 		 9.408671
b7 		 11 		 9.408671
b7 		 12 		 9.408671
b7 		 13 		 9.408671
b7 		 14 		 9.408671
b7 		 15 		 9.408671
b7 		 16 		 9.408671
b7 		 17 		 9.408671
b7 		 18 		 9.408671
b7 		 19 		 9.408671
b7 		 20 		 9.408671
b7 		 21 		 9.408671
b7 		 22 		 9.408671
b7 		 23 		 9.408671
b7 		 24 		 9.408671
b7 		 25 		 9.614507
b7 		 26 		 9.614507
b7 		 27 		 9.614507
b7 		 28 		 9.614507
b7 		 29 		 9.614507
b7 		 30 		 9.614507
b7 		 31 		 9.614507
b7 		 32 		 9.614507
b7 		 33 		 9.614507
b7 		 34 		 9.614507
b7 		 35 		 9.614507
b7 		 36 		 9.614507
b7 		 37 		 9.614507
b7 		 38 		 9.614507
b7 		 39 		 9.614507
b7 		 40 		 9.614507
b7 		 41 		 9.614507
b7 		 42 		 9.614507
b7 		 43 		 10.185876
b7 		 44 		 9.614507
b7 		 45 		 10.757244
b7 		 46 		 10.185876
b7 		 47 		 10.185876
b7 		 48 		 10.185876
b7 		 49 		 11.493892
b7 		 50 		 11.493892
b7 		 51 		 10.185876
b7 		 52 		 11.493892
b7 		 53 		 9.614507
b7 		 54 		 15.176097
b7 		 55 		 11.493892
b7 		 56 		 15.176097
b7 		 57 		 9.614507
b7 		 58 		 11.493892
b7 		 59 		 9.614507
b7 		 60 		 9.614507
b7 		 61 		 18.934866
b7 		 62 		 9.614507
b7 		 63 		 13.373276
b7 		 64 		 9.614507
b7 		 65 		 11.493892
b7 		 66 		 9.614507
b7 		 67 		 20.661122
b7 		 68 		 9.614507
b7 		 69 		 13.296712
b7 		 70 		 9.614507
b7 		 71 		 2500.0
b7 		 72 		 9.614507
b7 		 73 		 9.614507
b7 		 74 		 15.747465
b7 		 75 		 9.614507
b7 		 76 		 9.614507
b7 		 77 		 10.185876
b7 		 78 		 11.493892
b7 		 79 		 10.185876
b7 		 80 		 10.185876
b7 		 81 		 10.185876
b7 		 82 		 10.185876
b7 		 83 		 10.185876
b7 		 84 		 10.185876
b7 		 85 		 10.185876
b7 		 86 		 10.185876
b7 		 87 		 9.614507
b7 		 88 		 10.185876
b7 		 89 		 9.614507
b7 		 90 		 9.614507
b7 		 91 		 9.614507
b7 		 92 		 9.614507
b7 		 93 		 9.614507
b7 		 94 		 9.614507
b7 		 95 		 9.614507
b7 		 96 		 9.614507
----------------------------------------------------------------------------------------------------
b8 		 1 		 9.614507
b8 		 2 		 9.408671
b8 		 3 		 9.614507
b8 		 4 		 9.614507
b8 		 5 		 9.408671
b8 		 6 		 9.614507
b8 		 7 		 9.408671
b8 		 8 		 9.614507
b8 		 9 		 9.408671
b8 		 10 		 9.408671
b8 		 11 		 9.408671
b8 		 12 		 9.408671
b8 		 13 		 9.408671
b8 		 14 		 9.408671
b8 		 15 		 9.408671
b8 		 16 		 9.408671
b8 		 17 		 9.408671
b8 		 18 		 9.408671
b8 		 19 		 9.408671
b8 		 20 		 9.408671
b8 		 21 		 9.408671
b8 		 22 		 9.408671
b8 		 23 		 9.408671
b8 		 24 		 9.408671
b8 		 25 		 9.614507
b8 		 26 		 9.614507
b8 		 27 		 9.614507
b8 		 28 		 9.614507
b8 		 29 		 9.614507
b8 		 30 		 9.614507
b8 		 31 		 9.614507
b8 		 32 		 9.614507
b8 		 33 		 9.614507
b8 		 34 		 9.614507
b8 		 35 		 9.614507
b8 		 36 		 9.614507
b8 		 37 		 9.614507
b8 		 38 		 9.614507
b8 		 39 		 9.614507
b8 		 40 		 9.614507
b8 		 41 		 9.614507
b8 		 42 		 9.614507
b8 		 43 		 10.185876
b8 		 44 		 9.614507
b8 		 45 		 10.757244
b8 		 46 		 10.185876
b8 		 47 		 10.185876
b8 		 48 		 10.185876
b8 		 49 		 11.493892
b8 		 50 		 11.493892
b8 		 51 		 10.185876
b8 		 52 		 11.493892
b8 		 53 		 9.614507
b8 		 54 		 15.176097
b8 		 55 		 11.493892
b8 		 56 		 15.176097
b8 		 57 		 9.614507
b8 		 58 		 11.493892
b8 		 59 		 9.614507
b8 		 60 		 9.614507
b8 		 61 		 18.934866
b8 		 62 		 9.614507
b8 		 63 		 13.373276
b8 		 64 		 9.614507
b8 		 65 		 11.493892
b8 		 66 		 9.614507
b8 		 67 		 20.661122
b8 		 68 		 9.614507
b8 		 69 		 13.296712
b8 		 70 		 9.614507
b8 		 71 		 2500.0
b8 		 72 		 9.614507
b8 		 73 		 9.614507
b8 		 74 		 15.747465
b8 		 75 		 9.614507
b8 		 76 		 9.614507
b8 		 77 		 10.185876
b8 		 78 		 11.493892
b8 		 79 		 10.185876
b8 		 80 		 10.185876
b8 		 81 		 10.185876
b8 		 82 		 10.185876
b8 		 83 		 10.185876
b8 		 84 		 10.185876
b8 		 85 		 10.185876
b8 		 86 		 10.185876
b8 		 87 		 9.614507
b8 		 88 		 10.185876
b8 		 89 		 9.614507
b8 		 90 		 9.614507
b8 		 91 		 9.614507
b8 		 92 		 9.614507
b8 		 93 		 9.614507
b8 		 94 		 9.614507
b8 		 95 		 9.614507
b8 		 96 		 9.614507
----------------------------------------------------------------------------------------------------
b9 		 1 		 9.614507
b9 		 2 		 9.408671
b9 		 3 		 9.614507
b9 		 4 		 9.614507
b9 		 5 		 9.408671
b9 		 6 		 9.614507
b9 		 7 		 9.408671
b9 		 8 		 9.614507
b9 		 9 		 9.408671
b9 		 10 		 9.408671
b9 		 11 		 9.408671
b9 		 12 		 9.408671
b9 		 13 		 9.408671
b9 		 14 		 9.408671
b9 		 15 		 9.408671
b9 		 16 		 9.408671
b9 		 17 		 9.408671
b9 		 18 		 9.408671
b9 		 19 		 9.408671
b9 		 20 		 9.408671
b9 		 21 		 9.408671
b9 		 22 		 9.408671
b9 		 23 		 9.408671
b9 		 24 		 9.408671
b9 		 25 		 9.614507
b9 		 26 		 9.614507
b9 		 27 		 9.614507
b9 		 28 		 9.614507
b9 		 29 		 9.614507
b9 		 30 		 9.614507
b9 		 31 		 9.614507
b9 		 32 		 9.614507
b9 		 33 		 9.614507
b9 		 34 		 9.614507
b9 		 35 		 9.614507
b9 		 36 		 9.614507
b9 		 37 		 9.614507
b9 		 38 		 9.614507
b9 		 39 		 9.614507
b9 		 40 		 9.614507
b9 		 41 		 9.614507
b9 		 42 		 9.614507
b9 		 43 		 10.185876
b9 		 44 		 9.614507
b9 		 45 		 10.757244
b9 		 46 		 10.185876
b9 		 47 		 10.185876
b9 		 48 		 10.185876
b9 		 49 		 11.493892
b9 		 50 		 11.493892
b9 		 51 		 10.185876
b9 		 52 		 11.493892
b9 		 53 		 9.614507
b9 		 54 		 15.176097
b9 		 55 		 11.493892
b9 		 56 		 15.176097
b9 		 57 		 9.614507
b9 		 58 		 11.493892
b9 		 59 		 9.614507
b9 		 60 		 9.614507
b9 		 61 		 18.934866
b9 		 62 		 9.614507
b9 		 63 		 13.373276
b9 		 64 		 9.614507
b9 		 65 		 11.493892
b9 		 66 		 9.614507
b9 		 67 		 20.661122
b9 		 68 		 9.614507
b9 		 69 		 13.296712
b9 		 70 		 9.614507
b9 		 71 		 2500.0
b9 		 72 		 9.614507
b9 		 73 		 9.614507
b9 		 74 		 15.747465
b9 		 75 		 9.614507
b9 		 76 		 9.614507
b9 		 77 		 10.185876
b9 		 78 		 11.493892
b9 		 79 		 10.185876
b9 		 80 		 10.185876
b9 		 81 		 10.185876
b9 		 82 		 10.185876
b9 		 83 		 10.185876
b9 		 84 		 10.185876
b9 		 85 		 10.185876
b9 		 86 		 10.185876
b9 		 87 		 9.614507
b9 		 88 		 10.185876
b9 		 89 		 9.614507
b9 		 90 		 9.614507
b9 		 91 		 9.614507
b9 		 92 		 9.614507
b9 		 93 		 9.614507
b9 		 94 		 9.614507
b9 		 95 		 9.614507
b9 		 96 		 9.614507
----------------------------------------------------------------------------------------------------
b10 		 1 		 9.614507
b10 		 2 		 9.408671
b10 		 3 		 9.614507
b10 		 4 		 9.614507
b10 		 5 		 9.408671
b10 		 6 		 9.614507
b10 		 7 		 9.408671
b10 		 8 		 9.614507
b10 		 9 		 9.408671
b10 		 10 		 9.408671
b10 		 11 		 9.408671
b10 		 12 		 9.408671
b10 		 13 		 9.408671
b10 		 14 		 9.408671
b10 		 15 		 9.408671
b10 		 16 		 9.408671
b10 		 17 		 9.408671
b10 		 18 		 9.408671
b10 		 19 		 9.408671
b10 		 20 		 9.408671
b10 		 21 		 9.408671
b10 		 22 		 9.408671
b10 		 23 		 9.408671
b10 		 24 		 9.408671
b10 		 25 		 9.614507
b10 		 26 		 9.614507
b10 		 27 		 9.614507
b10 		 28 		 9.614507
b10 		 29 		 9.614507
b10 		 30 		 9.614507
b10 		 31 		 9.614507
b10 		 32 		 9.614507
b10 		 33 		 9.614507
b10 		 34 		 9.614507
b10 		 35 		 9.614507
b10 		 36 		 9.614507
b10 		 37 		 9.614507
b10 		 38 		 9.614507
b10 		 39 		 9.614507
b10 		 40 		 9.614507
b10 		 41 		 9.614507
b10 		 42 		 9.614507
b10 		 43 		 10.185876
b10 		 44 		 9.614507
b10 		 45 		 10.757244
b10 		 46 		 10.185876
b10 		 47 		 10.185876
b10 		 48 		 10.185876
b10 		 49 		 11.493892
b10 		 50 		 11.493892
b10 		 51 		 10.185876
b10 		 52 		 11.493892
b10 		 53 		 9.614507
b10 		 54 		 15.176097
b10 		 55 		 11.493892
b10 		 56 		 15.176097
b10 		 57 		 9.614507
b10 		 58 		 11.493892
b10 		 59 		 9.614507
b10 		 60 		 9.614507
b10 		 61 		 18.934866
b10 		 62 		 9.614507
b10 		 63 		 13.373276
b10 		 64 		 9.614507
b10 		 65 		 11.493892
b10 		 66 		 9.614507
b10 		 67 		 20.661122
b10 		 68 		 9.614507
b10 		 69 		 13.296712
b10 		 70 		 9.614507
b10 		 71 		 2500.0
b10 		 72 		 9.614507
b10 		 73 		 9.614507
b10 		 74 		 15.747465
b10 		 75 		 9.614507
b10 		 76 		 9.614507
b10 		 77 		 10.185876
b10 		 78 		 11.493892
b10 		 79 		 10.185876
b10 		 80 		 10.185876
b10 		 81 		 10.185876
b10 		 82 		 10.185876
b10 		 83 		 10.185876
b10 		 84 		 10.185876
b10 		 85 		 10.185876
b10 		 86 		 10.185876
b10 		 87 		 9.614507
b10 		 88 		 10.185876
b10 		 89 		 9.614507
b10 		 90 		 9.614507
b10 		 91 		 9.614507
b10 		 92 		 9.614507
b10 		 93 		 9.614507
b10 		 94 		 9.614507
b10 		 95 		 9.614507
b10 		 96 		 9.614507
----------------------------------------------------------------------------------------------------
b11 		 1 		 9.614507
b11 		 2 		 9.408671
b11 		 3 		 9.614507
b11 		 4 		 9.614507
b11 		 5 		 9.408671
b11 		 6 		 9.614507
b11 		 7 		 9.408671
b11 		 8 		 9.614507
b11 		 9 		 9.408671
b11 		 10 		 9.408671
b11 		 11 		 9.408671
b11 		 12 		 9.408671
b11 		 13 		 9.408671
b11 		 14 		 9.408671
b11 		 15 		 9.408671
b11 		 16 		 9.408671
b11 		 17 		 9.408671
b11 		 18 		 9.408671
b11 		 19 		 9.408671
b11 		 20 		 9.408671
b11 		 21 		 9.408671
b11 		 22 		 9.408671
b11 		 23 		 9.408671
b11 		 24 		 9.408671
b11 		 25 		 9.614507
b11 		 26 		 9.614507
b11 		 27 		 9.614507
b11 		 28 		 9.614507
b11 		 29 		 9.614507
b11 		 30 		 9.614507
b11 		 31 		 9.614507
b11 		 32 		 9.614507
b11 		 33 		 9.614507
b11 		 34 		 9.614507
b11 		 35 		 9.614507
b11 		 36 		 9.614507
b11 		 37 		 9.614507
b11 		 38 		 9.614507
b11 		 39 		 9.614507
b11 		 40 		 9.614507
b11 		 41 		 9.614507
b11 		 42 		 9.614507
b11 		 43 		 10.185876
b11 		 44 		 9.614507
b11 		 45 		 10.757244
b11 		 46 		 10.185876
b11 		 47 		 10.185876
b11 		 48 		 10.185876
b11 		 49 		 11.493892
b11 		 50 		 11.493892
b11 		 51 		 10.185876
b11 		 52 		 11.493892
b11 		 53 		 9.614507
b11 		 54 		 15.176097
b11 		 55 		 11.493892
b11 		 56 		 15.176097
b11 		 57 		 9.614507
b11 		 58 		 11.493892
b11 		 59 		 9.614507
b11 		 60 		 9.614507
b11 		 61 		 18.934866
b11 		 62 		 9.614507
b11 		 63 		 13.373276
b11 		 64 		 9.614507
b11 		 65 		 11.493892
b11 		 66 		 9.614507
b11 		 67 		 20.661122
b11 		 68 		 9.614507
b11 		 69 		 13.296712
b11 		 70 		 9.614507
b11 		 71 		 2500.0
b11 		 72 		 9.614507
b11 		 73 		 9.614507
b11 		 74 		 15.747465
b11 		 75 		 9.614507
b11 		 76 		 9.614507
b11 		 77 		 10.185876
b11 		 78 		 11.493892
b11 		 79 		 10.185876
b11 		 80 		 10.185876
b11 		 81 		 10.185876
b11 		 82 		 10.185876
b11 		 83 		 10.185876
b11 		 84 		 10.185876
b11 		 85 		 10.185876
b11 		 86 		 10.185876
b11 		 87 		 9.614507
b11 		 88 		 10.185876
b11 		 89 		 9.614507
b11 		 90 		 9.614507
b11 		 91 		 9.614507
b11 		 92 		 9.614507
b11 		 93 		 9.614507
b11 		 94 		 9.614507
b11 		 95 		 9.614507
b11 		 96 		 9.614507
----------------------------------------------------------------------------------------------------
b12 		 1 		 9.614507
b12 		 2 		 9.408671
b12 		 3 		 9.614507
b12 		 4 		 9.614507
b12 		 5 		 9.408671
b12 		 6 		 9.614507
b12 		 7 		 9.408671
b12 		 8 		 9.614507
b12 		 9 		 9.408671
b12 		 10 		 9.408671
b12 		 11 		 9.408671
b12 		 12 		 9.408671
b12 		 13 		 9.408671
b12 		 14 		 9.408671
b12 		 15 		 9.408671
b12 		 16 		 9.408671
b12 		 17 		 9.408671
b12 		 18 		 9.408671
b12 		 19 		 9.408671
b12 		 20 		 9.408671
b12 		 21 		 9.408671
b12 		 22 		 9.408671
b12 		 23 		 9.408671
b12 		 24 		 9.408671
b12 		 25 		 9.614507
b12 		 26 		 9.614507
b12 		 27 		 9.614507
b12 		 28 		 9.614507
b12 		 29 		 9.614507
b12 		 30 		 9.614507
b12 		 31 		 9.614507
b12 		 32 		 9.614507
b12 		 33 		 9.614507
b12 		 34 		 9.614507
b12 		 35 		 9.614507
b12 		 36 		 9.614507
b12 		 37 		 9.614507
b12 		 38 		 9.614507
b12 		 39 		 9.614507
b12 		 40 		 9.614507
b12 		 41 		 9.614507
b12 		 42 		 9.614507
b12 		 43 		 10.185876
b12 		 44 		 9.614507
b12 		 45 		 10.757244
b12 		 46 		 10.185876
b12 		 47 		 10.185876
b12 		 48 		 10.185876
b12 		 49 		 11.493892
b12 		 50 		 11.493892
b12 		 51 		 10.185876
b12 		 52 		 11.493892
b12 		 53 		 9.614507
b12 		 54 		 15.176097
b12 		 55 		 11.493892
b12 		 56 		 15.176097
b12 		 57 		 9.614507
b12 		 58 		 11.493892
b12 		 59 		 9.614507
b12 		 60 		 9.614507
b12 		 61 		 18.934866
b12 		 62 		 9.614507
b12 		 63 		 13.373276
b12 		 64 		 9.614507
b12 		 65 		 11.493892
b12 		 66 		 9.614507
b12 		 67 		 20.661122
b12 		 68 		 9.614507
b12 		 69 		 13.296712
b12 		 70 		 9.614507
b12 		 71 		 2500.0
b12 		 72 		 9.614507
b12 		 73 		 9.614507
b12 		 74 		 15.747465
b12 		 75 		 9.614507
b12 		 76 		 9.614507
b12 		 77 		 10.185876
b12 		 78 		 11.493892
b12 		 79 		 10.185876
b12 		 80 		 10.185876
b12 		 81 		 10.185876
b12 		 82 		 10.185876
b12 		 83 		 10.185876
b12 		 84 		 10.185876
b12 		 85 		 10.185876
b12 		 86 		 10.185876
b12 		 87 		 9.614507
b12 		 88 		 10.185876
b12 		 89 		 9.614507
b12 		 90 		 9.614507
b12 		 91 		 9.614507
b12 		 92 		 9.614507
b12 		 93 		 9.614507
b12 		 94 		 9.614507
b12 		 95 		 9.614507
b12 		 96 		 9.614507
----------------------------------------------------------------------------------------------------
b13 		 1 		 9.614507
b13 		 2 		 9.408671
b13 		 3 		 9.614507
b13 		 4 		 9.614507
b13 		 5 		 9.408671
b13 		 6 		 9.614507
b13 		 7 		 9.408671
b13 		 8 		 9.614507
b13 		 9 		 9.408671
b13 		 10 		 9.408671
b13 		 11 		 9.408671
b13 		 12 		 9.408671
b13 		 13 		 9.408671
b13 		 14 		 9.408671
b13 		 15 		 9.408671
b13 		 16 		 9.408671
b13 		 17 		 9.408671
b13 		 18 		 9.408671
b13 		 19 		 9.408671
b13 		 20 		 9.408671
b13 		 21 		 9.408671
b13 		 22 		 9.408671
b13 		 23 		 9.408671
b13 		 24 		 9.408671
b13 		 25 		 9.614507
b13 		 26 		 9.614507
b13 		 27 		 9.614507
b13 		 28 		 9.614507
b13 		 29 		 9.614507
b13 		 30 		 9.614507
b13 		 31 		 9.614507
b13 		 32 		 9.614507
b13 		 33 		 9.614507
b13 		 34 		 9.614507
b13 		 35 		 9.614507
b13 		 36 		 9.614507
b13 		 37 		 9.614507
b13 		 38 		 9.614507
b13 		 39 		 9.614507
b13 		 40 		 9.614507
b13 		 41 		 9.614507
b13 		 42 		 9.614507
b13 		 43 		 10.185876
b13 		 44 		 9.614507
b13 		 45 		 10.757244
b13 		 46 		 10.185876
b13 		 47 		 10.185876
b13 		 48 		 10.185876
b13 		 49 		 11.493892
b13 		 50 		 11.493892
b13 		 51 		 10.185876
b13 		 52 		 11.493892
b13 		 53 		 9.614507
b13 		 54 		 15.176097
b13 		 55 		 11.493892
b13 		 56 		 15.176097
b13 		 57 		 9.614507
b13 		 58 		 11.493892
b13 		 59 		 9.614507
b13 		 60 		 9.614507
b13 		 61 		 18.934866
b13 		 62 		 9.614507
b13 		 63 		 13.373276
b13 		 64 		 9.614507
b13 		 65 		 11.493892
b13 		 66 		 9.614507
b13 		 67 		 20.661122
b13 		 68 		 9.614507
b13 		 69 		 13.296712
b13 		 70 		 9.614507
b13 		 71 		 2500.0
b13 		 72 		 9.614507
b13 		 73 		 9.614507
b13 		 74 		 15.747465
b13 		 75 		 9.614507
b13 		 76 		 9.614507
b13 		 77 		 10.185876
b13 		 78 		 11.493892
b13 		 79 		 10.185876
b13 		 80 		 10.185876
b13 		 81 		 10.185876
b13 		 82 		 10.185876
b13 		 83 		 10.185876
b13 		 84 		 10.185876
b13 		 85 		 10.185876
b13 		 86 		 10.185876
b13 		 87 		 9.614507
b13 		 88 		 10.185876
b13 		 89 		 9.614507
b13 		 90 		 9.614507
b13 		 91 		 9.614507
b13 		 92 		 9.614507
b13 		 93 		 9.614507
b13 		 94 		 9.614507
b13 		 95 		 9.614507
b13 		 96 		 9.614507
----------------------------------------------------------------------------------------------------
b14 		 1 		 9.614507
b14 		 2 		 9.408671
b14 		 3 		 9.614507
b14 		 4 		 9.614507
b14 		 5 		 9.408671
b14 		 6 		 9.614507
b14 		 7 		 9.408671
b14 		 8 		 9.614507
b14 		 9 		 9.408671
b14 		 10 		 9.408671
b14 		 11 		 9.408671
b14 		 12 		 9.408671
b14 		 13 		 9.408671
b14 		 14 		 9.408671
b14 		 15 		 9.408671
b14 		 16 		 9.408671
b14 		 17 		 9.408671
b14 		 18 		 9.408671
b14 		 19 		 9.408671
b14 		 20 		 9.408671
b14 		 21 		 9.408671
b14 		 22 		 9.408671
b14 		 23 		 9.408671
b14 		 24 		 9.408671
b14 		 25 		 9.614507
b14 		 26 		 9.614507
b14 		 27 		 9.614507
b14 		 28 		 9.614507
b14 		 29 		 9.614507
b14 		 30 		 9.614507
b14 		 31 		 9.614507
b14 		 32 		 9.614507
b14 		 33 		 9.614507
b14 		 34 		 9.614507
b14 		 35 		 9.614507
b14 		 36 		 9.614507
b14 		 37 		 9.614507
b14 		 38 		 9.614507
b14 		 39 		 9.614507
b14 		 40 		 9.614507
b14 		 41 		 9.614507
b14 		 42 		 9.614507
b14 		 43 		 10.185876
b14 		 44 		 9.614507
b14 		 45 		 10.757244
b14 		 46 		 10.185876
b14 		 47 		 10.185876
b14 		 48 		 10.185876
b14 		 49 		 11.493892
b14 		 50 		 11.493892
b14 		 51 		 10.185876
b14 		 52 		 11.493892
b14 		 53 		 9.614507
b14 		 54 		 15.176097
b14 		 55 		 11.493892
b14 		 56 		 15.176097
b14 		 57 		 9.614507
b14 		 58 		 11.493892
b14 		 59 		 9.614507
b14 		 60 		 9.614507
b14 		 61 		 18.934866
b14 		 62 		 9.614507
b14 		 63 		 13.373276
b14 		 64 		 9.614507
b14 		 65 		 11.493892
b14 		 66 		 9.614507
b14 		 67 		 20.661122
b14 		 68 		 9.614507
b14 		 69 		 13.296712
b14 		 70 		 9.614507
b14 		 71 		 2500.0
b14 		 72 		 9.614507
b14 		 73 		 9.614507
b14 		 74 		 15.747465
b14 		 75 		 9.614507
b14 		 76 		 9.614507
b14 		 77 		 10.185876
b14 		 78 		 11.493892
b14 		 79 		 10.185876
b14 		 80 		 10.185876
b14 		 81 		 10.185876
b14 		 82 		 10.185876
b14 		 83 		 10.185876
b14 		 84 		 10.185876
b14 		 85 		 10.185876
b14 		 86 		 10.185876
b14 		 87 		 9.614507
b14 		 88 		 10.185876
b14 		 89 		 9.614507
b14 		 90 		 9.614507
b14 		 91 		 9.614507
b14 		 92 		 9.614507
b14 		 93 		 9.614507
b14 		 94 		 9.614507
b14 		 95 		 9.614507
b14 		 96 		 9.614507
----------------------------------------------------------------------------------------------------
Total overall payments
----------------------------------------------------------------------------------------------------------------------------------------------------
total generation payment 	 total up-FRP payment 	 total dw-FRP payment 	 total pre-up t. payment 	 uplift payment 	 total post-up t. payment 	 profit
----------------------------------------------------------------------------------------------------------------------------------------------------
484512.33241000003 			 0.0 			 0.0 			 484512.33241000003			 0.0 			 484512.33241000003 			 161195.389554
