****************************************************************************************************
 
Generation payment
----------------------------------------------------------------------------------------------------------------
unit	 time 	 generation payment 	 up-FRP payment 	 dw-FRP payment 	pre-up total payment
----------------------------------------------------------------------------------------------------------------
g1	 1 	 179.51621 			 0.0 			 0.0			 179.51621 
g1	 2 	 335.972236 			 0.0 			 0.0			 335.972236 
g1	 3 	 -86.438288 			 0.0 			 0.0			 -86.438288 
g1	 4 	 175.849064 			 0.0 			 0.0			 175.849064 
g1	 5 	 -86.709954 			 0.0 			 0.0			 -86.709954 
g1	 6 	 91.445931 			 0.0 			 0.0			 91.445931 
g1	 7 	 -75.612625 			 0.0 			 0.0			 -75.612625 
g1	 8 	 231.089483 			 0.0 			 0.0			 231.089483 
g1	 9 	 146.57428 			 0.0 			 0.0			 146.57428 
g1	 10 	 203.077893 			 0.0 			 0.0			 203.077893 
g1	 11 	 209.496329 			 0.0 			 0.0			 209.496329 
g1	 12 	 202.138353 			 0.0 			 0.0			 202.138353 
g1	 13 	 142.084923 			 0.0 			 0.0			 142.084923 
g1	 14 	 -115.692904 			 0.0 			 0.0			 -115.692904 
g1	 15 	 37.82345 			 0.0 			 0.0			 37.82345 
g1	 16 	 81.824624 			 0.0 			 0.0			 81.824624 
g1	 17 	 5.479469 			 0.0 			 0.0			 5.479469 
g1	 18 	 143.024868 			 0.0 			 0.0			 143.024868 
g1	 19 	 344.4684 			 0.0 			 0.0			 344.4684 
g1	 20 	 89.821298 			 0.0 			 0.0			 89.821298 
g1	 21 	 -82559.678147 			 0.0 			 0.0			 -82559.678147 
g1	 22 	 59839.1875 			 0.0 			 0.0			 59839.1875 
g1	 23 	 162.369839 			 0.0 			 0.0			 162.369839 
g1	 24 	 159.735091 			 0.0 			 0.0			 159.735091 
g1	 25 	 66053.3125 			 0.0 			 0.0			 66053.3125 
g1	 26 	 -76385.989055 			 0.0 			 0.0			 -76385.989055 
g1	 27 	 171.589433 			 0.0 			 0.0			 171.589433 
g1	 28 	 430.366533 			 0.0 			 0.0			 430.366533 
g1	 29 	 -79.350382 			 0.0 			 0.0			 -79.350382 
g1	 30 	 130.303337 			 0.0 			 0.0			 130.303337 
g1	 31 	 257.605072 			 0.0 			 0.0			 257.605072 
g1	 32 	 186.170977 			 0.0 			 0.0			 186.170977 
g1	 33 	 67.993765 			 0.0 			 0.0			 67.993765 
g1	 34 	 139.761185 			 0.0 			 0.0			 139.761185 
g1	 35 	 71.762555 			 0.0 			 0.0			 71.762555 
g1	 36 	 25.912471 			 0.0 			 0.0			 25.912471 
g1	 37 	 -57.682264 			 0.0 			 0.0			 -57.682264 
g1	 38 	 254.260012 			 0.0 			 0.0			 254.260012 
g1	 39 	 17.945506 			 0.0 			 0.0			 17.945506 
g1	 40 	 274.498857 			 0.0 			 0.0			 274.498857 
g1	 41 	 247.969641 			 0.0 			 0.0			 247.969641 
g1	 42 	 261.879286 			 0.0 			 0.0			 261.879286 
g1	 43 	 149.725958 			 0.0 			 0.0			 149.725958 
g1	 44 	 247.969641 			 0.0 			 0.0			 247.969641 
g1	 45 	 181.809257 			 0.0 			 0.0			 181.809257 
g1	 46 	 75.22771 			 0.0 			 0.0			 75.22771 
g1	 47 	 172.152509 			 0.0 			 0.0			 172.152509 
g1	 48 	 194.259418 			 0.0 			 0.0			 194.259418 
g1	 49 	 89.561507 			 0.0 			 0.0			 89.561507 
g1	 50 	 -19.840179 			 0.0 			 0.0			 -19.840179 
g1	 51 	 -99601.511174 			 0.0 			 0.0			 -99601.511174 
g1	 52 	 42252.75 			 0.0 			 0.0			 42252.75 
g1	 53 	 256.492733 			 0.0 			 0.0			 256.492733 
g1	 54 	 94.022869 			 0.0 			 0.0			 94.022869 
g1	 55 	 -158.255064 			 0.0 			 0.0			 -158.255064 
g1	 56 	 -322.597986 			 0.0 			 0.0			 -322.597986 
g1	 57 	 318.726031 			 0.0 			 0.0			 318.726031 
g1	 58 	 286.962374 			 0.0 			 0.0			 286.962374 
g1	 59 	 -174.139239 			 0.0 			 0.0			 -174.139239 
g1	 60 	 -170.448739 			 0.0 			 0.0			 -170.448739 
g1	 61 	 42252.75 			 0.0 			 0.0			 42252.75 
g1	 62 	 -73.815839 			 0.0 			 0.0			 -73.815839 
g1	 63 	 -37.699857 			 0.0 			 0.0			 -37.699857 
g1	 64 	 42252.75 			 0.0 			 0.0			 42252.75 
g1	 65 	 -356.244376 			 0.0 			 0.0			 -356.244376 
g1	 66 	 194.259418 			 0.0 			 0.0			 194.259418 
g1	 67 	 194.259418 			 0.0 			 0.0			 194.259418 
g1	 68 	 194.259418 			 0.0 			 0.0			 194.259418 
g1	 69 	 194.259418 			 0.0 			 0.0			 194.259418 
g1	 70 	 224.729059 			 0.0 			 0.0			 224.729059 
g1	 71 	 224.729059 			 0.0 			 0.0			 224.729059 
g1	 72 	 42252.75 			 0.0 			 0.0			 42252.75 
g1	 73 	 -99697.212121 			 0.0 			 0.0			 -99697.212121 
g1	 74 	 -39.684503 			 0.0 			 0.0			 -39.684503 
g1	 75 	 194.259418 			 0.0 			 0.0			 194.259418 
g1	 76 	 17.340196 			 0.0 			 0.0			 17.340196 
g1	 77 	 -177.837661 			 0.0 			 0.0			 -177.837661 
g1	 78 	 42252.75 			 0.0 			 0.0			 42252.75 
g1	 79 	 -206.530484 			 0.0 			 0.0			 -206.530484 
g1	 80 	 194.259418 			 0.0 			 0.0			 194.259418 
g1	 81 	 226.023075 			 0.0 			 0.0			 226.023075 
g1	 82 	 27.265982 			 0.0 			 0.0			 27.265982 
g1	 83 	 194.259418 			 0.0 			 0.0			 194.259418 
g1	 84 	 -52.608957 			 0.0 			 0.0			 -52.608957 
g1	 85 	 -252.076308 			 0.0 			 0.0			 -252.076308 
g1	 86 	 317.226667 			 0.0 			 0.0			 317.226667 
g1	 87 	 -31.200027 			 0.0 			 0.0			 -31.200027 
g1	 88 	 -182.153633 			 0.0 			 0.0			 -182.153633 
g1	 89 	 147.548032 			 0.0 			 0.0			 147.548032 
g1	 90 	 112.054397 			 0.0 			 0.0			 112.054397 
g1	 91 	 26.371295 			 0.0 			 0.0			 26.371295 
g1	 92 	 508.652589 			 0.0 			 0.0			 508.652589 
g1	 93 	 71.090155 			 0.0 			 0.0			 71.090155 
g1	 94 	 107582.9775 			 0.0 			 0.0			 107582.9775 
g1	 95 	 331.000498 			 0.0 			 0.0			 331.000498 
g1	 96 	 43.921039 			 0.0 			 0.0			 43.921039 
----------------------------------------------------------------------------------------------------
g2	 1 	 0.0 			 0.0 			 0.0			 0.0 
g2	 2 	 0.0 			 0.0 			 0.0			 0.0 
g2	 3 	 0.0 			 0.0 			 0.0			 0.0 
g2	 4 	 0.0 			 0.0 			 0.0			 0.0 
g2	 5 	 0.0 			 0.0 			 0.0			 0.0 
g2	 6 	 0.0 			 0.0 			 0.0			 0.0 
g2	 7 	 0.0 			 0.0 			 0.0			 0.0 
g2	 8 	 0.0 			 0.0 			 0.0			 0.0 
g2	 9 	 0.0 			 0.0 			 0.0			 0.0 
g2	 10 	 0.0 			 0.0 			 0.0			 0.0 
g2	 11 	 0.0 			 0.0 			 0.0			 0.0 
g2	 12 	 0.0 			 0.0 			 0.0			 0.0 
g2	 13 	 0.0 			 0.0 			 0.0			 0.0 
g2	 14 	 0.0 			 0.0 			 0.0			 0.0 
g2	 15 	 0.0 			 0.0 			 0.0			 0.0 
g2	 16 	 0.0 			 0.0 			 0.0			 0.0 
g2	 17 	 0.0 			 0.0 			 0.0			 0.0 
g2	 18 	 0.0 			 0.0 			 0.0			 0.0 
g2	 19 	 0.0 			 0.0 			 0.0			 0.0 
g2	 20 	 0.0 			 0.0 			 0.0			 0.0 
g2	 21 	 0.0 			 0.0 			 0.0			 0.0 
g2	 22 	 0.0 			 0.0 			 0.0			 0.0 
g2	 23 	 0.0 			 0.0 			 0.0			 0.0 
g2	 24 	 0.0 			 0.0 			 0.0			 0.0 
g2	 25 	 0.0 			 0.0 			 0.0			 0.0 
g2	 26 	 0.0 			 0.0 			 0.0			 0.0 
g2	 27 	 0.0 			 0.0 			 0.0			 0.0 
g2	 28 	 0.0 			 0.0 			 0.0			 0.0 
g2	 29 	 0.0 			 0.0 			 0.0			 0.0 
g2	 30 	 0.0 			 0.0 			 0.0			 0.0 
g2	 31 	 0.0 			 0.0 			 0.0			 0.0 
g2	 32 	 0.0 			 0.0 			 0.0			 0.0 
g2	 33 	 0.0 			 0.0 			 0.0			 0.0 
g2	 34 	 0.0 			 0.0 			 0.0			 0.0 
g2	 35 	 0.0 			 0.0 			 0.0			 0.0 
g2	 36 	 0.0 			 0.0 			 0.0			 0.0 
g2	 37 	 21.701904 			 0.0 			 0.0			 21.701904 
g2	 38 	 21.701904 			 0.0 			 0.0			 21.701904 
g2	 39 	 21.701904 			 0.0 			 0.0			 21.701904 
g2	 40 	 21.701904 			 0.0 			 0.0			 21.701904 
g2	 41 	 59.969559 			 0.0 			 0.0			 59.969559 
g2	 42 	 293.145506 			 0.0 			 0.0			 293.145506 
g2	 43 	 47.264782 			 0.0 			 0.0			 47.264782 
g2	 44 	 138.936724 			 0.0 			 0.0			 138.936724 
g2	 45 	 215.011953 			 0.0 			 0.0			 215.011953 
g2	 46 	 -22.56868 			 0.0 			 0.0			 -22.56868 
g2	 47 	 200.837158 			 0.0 			 0.0			 200.837158 
g2	 48 	 293.805672 			 0.0 			 0.0			 293.805672 
g2	 49 	 4.388821 			 0.0 			 0.0			 4.388821 
g2	 50 	 219.128834 			 0.0 			 0.0			 219.128834 
g2	 51 	 111505.536057 			 0.0 			 0.0			 111505.536057 
g2	 52 	 168653.6975 			 0.0 			 0.0			 168653.6975 
g2	 53 	 492.429063 			 0.0 			 0.0			 492.429063 
g2	 54 	 97.228385 			 0.0 			 0.0			 97.228385 
g2	 55 	 52.354961 			 0.0 			 0.0			 52.354961 
g2	 56 	 267.094975 			 0.0 			 0.0			 267.094975 
g2	 57 	 783.077805 			 0.0 			 0.0			 783.077805 
g2	 58 	 633.438773 			 0.0 			 0.0			 633.438773 
g2	 59 	 143.951975 			 0.0 			 0.0			 143.951975 
g2	 60 	 224.825584 			 0.0 			 0.0			 224.825584 
g2	 61 	 104450.7375 			 0.0 			 0.0			 104450.7375 
g2	 62 	 186.956925 			 0.0 			 0.0			 186.956925 
g2	 63 	 186.956925 			 0.0 			 0.0			 186.956925 
g2	 64 	 104450.7375 			 0.0 			 0.0			 104450.7375 
g2	 65 	 129.024617 			 0.0 			 0.0			 129.024617 
g2	 66 	 45.702519 			 0.0 			 0.0			 45.702519 
g2	 67 	 -194.518307 			 0.0 			 0.0			 -194.518307 
g2	 68 	 -56.141617 			 0.0 			 0.0			 -56.141617 
g2	 69 	 20.356729 			 0.0 			 0.0			 20.356729 
g2	 70 	 118.435383 			 0.0 			 0.0			 118.435383 
g2	 71 	 280.396502 			 0.0 			 0.0			 280.396502 
g2	 72 	 54947.2975 			 0.0 			 0.0			 54947.2975 
g2	 73 	 36477.509476 			 0.0 			 0.0			 36477.509476 
g2	 74 	 -72.942005 			 0.0 			 0.0			 -72.942005 
g2	 75 	 -3.057145 			 0.0 			 0.0			 -3.057145 
g2	 76 	 80.69874 			 0.0 			 0.0			 80.69874 
g2	 77 	 410.260965 			 0.0 			 0.0			 410.260965 
g2	 78 	 162515.0875 			 0.0 			 0.0			 162515.0875 
g2	 79 	 410.260965 			 0.0 			 0.0			 410.260965 
g2	 80 	 316.112075 			 0.0 			 0.0			 316.112075 
g2	 81 	 439.293514 			 0.0 			 0.0			 439.293514 
g2	 82 	 101.083167 			 0.0 			 0.0			 101.083167 
g2	 83 	 193.205049 			 0.0 			 0.0			 193.205049 
g2	 84 	 55.587676 			 0.0 			 0.0			 55.587676 
g2	 85 	 505.965123 			 0.0 			 0.0			 505.965123 
g2	 86 	 1406.971545 			 0.0 			 0.0			 1406.971545 
g2	 87 	 505.965123 			 0.0 			 0.0			 505.965123 
g2	 88 	 291.225109 			 0.0 			 0.0			 291.225109 
g2	 89 	 98.46358 			 0.0 			 0.0			 98.46358 
g2	 90 	 21.701904 			 0.0 			 0.0			 21.701904 
g2	 91 	 21.701904 			 0.0 			 0.0			 21.701904 
g2	 92 	 51.889653 			 0.0 			 0.0			 51.889653 
g2	 93 	 0.0 			 0.0 			 0.0			 0.0 
g2	 94 	 0.0 			 0.0 			 0.0			 0.0 
g2	 95 	 0.0 			 0.0 			 0.0			 0.0 
g2	 96 	 0.0 			 0.0 			 0.0			 0.0 
----------------------------------------------------------------------------------------------------
g3	 1 	 0.0 			 0.0 			 0.0			 0.0 
g3	 2 	 0.0 			 0.0 			 0.0			 0.0 
g3	 3 	 0.0 			 0.0 			 0.0			 0.0 
g3	 4 	 0.0 			 0.0 			 0.0			 0.0 
g3	 5 	 0.0 			 0.0 			 0.0			 0.0 
g3	 6 	 0.0 			 0.0 			 0.0			 0.0 
g3	 7 	 0.0 			 0.0 			 0.0			 0.0 
g3	 8 	 0.0 			 0.0 			 0.0			 0.0 
g3	 9 	 0.0 			 0.0 			 0.0			 0.0 
g3	 10 	 0.0 			 0.0 			 0.0			 0.0 
g3	 11 	 0.0 			 0.0 			 0.0			 0.0 
g3	 12 	 0.0 			 0.0 			 0.0			 0.0 
g3	 13 	 0.0 			 0.0 			 0.0			 0.0 
g3	 14 	 0.0 			 0.0 			 0.0			 0.0 
g3	 15 	 0.0 			 0.0 			 0.0			 0.0 
g3	 16 	 0.0 			 0.0 			 0.0			 0.0 
g3	 17 	 0.0 			 0.0 			 0.0			 0.0 
g3	 18 	 0.0 			 0.0 			 0.0			 0.0 
g3	 19 	 0.0 			 0.0 			 0.0			 0.0 
g3	 20 	 0.0 			 0.0 			 0.0			 0.0 
g3	 21 	 0.0 			 0.0 			 0.0			 0.0 
g3	 22 	 0.0 			 0.0 			 0.0			 0.0 
g3	 23 	 0.0 			 0.0 			 0.0			 0.0 
g3	 24 	 0.0 			 0.0 			 0.0			 0.0 
g3	 25 	 0.0 			 0.0 			 0.0			 0.0 
g3	 26 	 0.0 			 0.0 			 0.0			 0.0 
g3	 27 	 0.0 			 0.0 			 0.0			 0.0 
g3	 28 	 0.0 			 0.0 			 0.0			 0.0 
g3	 29 	 0.0 			 0.0 			 0.0			 0.0 
g3	 30 	 0.0 			 0.0 			 0.0			 0.0 
g3	 31 	 0.0 			 0.0 			 0.0			 0.0 
g3	 32 	 0.0 			 0.0 			 0.0			 0.0 
g3	 33 	 0.0 			 0.0 			 0.0			 0.0 
g3	 34 	 0.0 			 0.0 			 0.0			 0.0 
g3	 35 	 0.0 			 0.0 			 0.0			 0.0 
g3	 36 	 0.0 			 0.0 			 0.0			 0.0 
g3	 37 	 0.0 			 0.0 			 0.0			 0.0 
g3	 38 	 0.0 			 0.0 			 0.0			 0.0 
g3	 39 	 0.0 			 0.0 			 0.0			 0.0 
g3	 40 	 0.0 			 0.0 			 0.0			 0.0 
g3	 41 	 0.0 			 0.0 			 0.0			 0.0 
g3	 42 	 0.0 			 0.0 			 0.0			 0.0 
g3	 43 	 0.0 			 0.0 			 0.0			 0.0 
g3	 44 	 0.0 			 0.0 			 0.0			 0.0 
g3	 45 	 0.0 			 0.0 			 0.0			 0.0 
g3	 46 	 0.0 			 0.0 			 0.0			 0.0 
g3	 47 	 0.0 			 0.0 			 0.0			 0.0 
g3	 48 	 0.0 			 0.0 			 0.0			 0.0 
g3	 49 	 0.0 			 0.0 			 0.0			 0.0 
g3	 50 	 0.0 			 0.0 			 0.0			 0.0 
g3	 51 	 0.0 			 0.0 			 0.0			 0.0 
g3	 52 	 0.0 			 0.0 			 0.0			 0.0 
g3	 53 	 0.0 			 0.0 			 0.0			 0.0 
g3	 54 	 0.0 			 0.0 			 0.0			 0.0 
g3	 55 	 0.0 			 0.0 			 0.0			 0.0 
g3	 56 	 0.0 			 0.0 			 0.0			 0.0 
g3	 57 	 0.0 			 0.0 			 0.0			 0.0 
g3	 58 	 0.0 			 0.0 			 0.0			 0.0 
g3	 59 	 0.0 			 0.0 			 0.0			 0.0 
g3	 60 	 0.0 			 0.0 			 0.0			 0.0 
g3	 61 	 0.0 			 0.0 			 0.0			 0.0 
g3	 62 	 0.0 			 0.0 			 0.0			 0.0 
g3	 63 	 0.0 			 0.0 			 0.0			 0.0 
g3	 64 	 0.0 			 0.0 			 0.0			 0.0 
g3	 65 	 0.0 			 0.0 			 0.0			 0.0 
g3	 66 	 0.0 			 0.0 			 0.0			 0.0 
g3	 67 	 0.0 			 0.0 			 0.0			 0.0 
g3	 68 	 0.0 			 0.0 			 0.0			 0.0 
g3	 69 	 0.0 			 0.0 			 0.0			 0.0 
g3	 70 	 0.0 			 0.0 			 0.0			 0.0 
g3	 71 	 0.0 			 0.0 			 0.0			 0.0 
g3	 72 	 0.0 			 0.0 			 0.0			 0.0 
g3	 73 	 0.0 			 0.0 			 0.0			 0.0 
g3	 74 	 0.0 			 0.0 			 0.0			 0.0 
g3	 75 	 0.0 			 0.0 			 0.0			 0.0 
g3	 76 	 0.0 			 0.0 			 0.0			 0.0 
g3	 77 	 0.0 			 0.0 			 0.0			 0.0 
g3	 78 	 0.0 			 0.0 			 0.0			 0.0 
g3	 79 	 0.0 			 0.0 			 0.0			 0.0 
g3	 80 	 0.0 			 0.0 			 0.0			 0.0 
g3	 81 	 0.0 			 0.0 			 0.0			 0.0 
g3	 82 	 0.0 			 0.0 			 0.0			 0.0 
g3	 83 	 0.0 			 0.0 			 0.0			 0.0 
g3	 84 	 0.0 			 0.0 			 0.0			 0.0 
g3	 85 	 0.0 			 0.0 			 0.0			 0.0 
g3	 86 	 0.0 			 0.0 			 0.0			 0.0 
g3	 87 	 0.0 			 0.0 			 0.0			 0.0 
g3	 88 	 0.0 			 0.0 			 0.0			 0.0 
g3	 89 	 0.0 			 0.0 			 0.0			 0.0 
g3	 90 	 0.0 			 0.0 			 0.0			 0.0 
g3	 91 	 0.0 			 0.0 			 0.0			 0.0 
g3	 92 	 0.0 			 0.0 			 0.0			 0.0 
g3	 93 	 0.0 			 0.0 			 0.0			 0.0 
g3	 94 	 0.0 			 0.0 			 0.0			 0.0 
g3	 95 	 0.0 			 0.0 			 0.0			 0.0 
g3	 96 	 0.0 			 0.0 			 0.0			 0.0 
----------------------------------------------------------------------------------------------------
g4	 1 	 0.0 			 0.0 			 0.0			 0.0 
g4	 2 	 0.0 			 0.0 			 0.0			 0.0 
g4	 3 	 0.0 			 0.0 			 0.0			 0.0 
g4	 4 	 0.0 			 0.0 			 0.0			 0.0 
g4	 5 	 0.0 			 0.0 			 0.0			 0.0 
g4	 6 	 0.0 			 0.0 			 0.0			 0.0 
g4	 7 	 0.0 			 0.0 			 0.0			 0.0 
g4	 8 	 0.0 			 0.0 			 0.0			 0.0 
g4	 9 	 0.0 			 0.0 			 0.0			 0.0 
g4	 10 	 0.0 			 0.0 			 0.0			 0.0 
g4	 11 	 0.0 			 0.0 			 0.0			 0.0 
g4	 12 	 0.0 			 0.0 			 0.0			 0.0 
g4	 13 	 0.0 			 0.0 			 0.0			 0.0 
g4	 14 	 0.0 			 0.0 			 0.0			 0.0 
g4	 15 	 0.0 			 0.0 			 0.0			 0.0 
g4	 16 	 0.0 			 0.0 			 0.0			 0.0 
g4	 17 	 0.0 			 0.0 			 0.0			 0.0 
g4	 18 	 0.0 			 0.0 			 0.0			 0.0 
g4	 19 	 0.0 			 0.0 			 0.0			 0.0 
g4	 20 	 0.0 			 0.0 			 0.0			 0.0 
g4	 21 	 0.0 			 0.0 			 0.0			 0.0 
g4	 22 	 0.0 			 0.0 			 0.0			 0.0 
g4	 23 	 0.0 			 0.0 			 0.0			 0.0 
g4	 24 	 0.0 			 0.0 			 0.0			 0.0 
g4	 25 	 0.0 			 0.0 			 0.0			 0.0 
g4	 26 	 0.0 			 0.0 			 0.0			 0.0 
g4	 27 	 0.0 			 0.0 			 0.0			 0.0 
g4	 28 	 0.0 			 0.0 			 0.0			 0.0 
g4	 29 	 0.0 			 0.0 			 0.0			 0.0 
g4	 30 	 0.0 			 0.0 			 0.0			 0.0 
g4	 31 	 0.0 			 0.0 			 0.0			 0.0 
g4	 32 	 0.0 			 0.0 			 0.0			 0.0 
g4	 33 	 0.0 			 0.0 			 0.0			 0.0 
g4	 34 	 0.0 			 0.0 			 0.0			 0.0 
g4	 35 	 0.0 			 0.0 			 0.0			 0.0 
g4	 36 	 0.0 			 0.0 			 0.0			 0.0 
g4	 37 	 0.0 			 0.0 			 0.0			 0.0 
g4	 38 	 0.0 			 0.0 			 0.0			 0.0 
g4	 39 	 0.0 			 0.0 			 0.0			 0.0 
g4	 40 	 0.0 			 0.0 			 0.0			 0.0 
g4	 41 	 0.0 			 0.0 			 0.0			 0.0 
g4	 42 	 0.0 			 0.0 			 0.0			 0.0 
g4	 43 	 0.0 			 0.0 			 0.0			 0.0 
g4	 44 	 0.0 			 0.0 			 0.0			 0.0 
g4	 45 	 0.0 			 0.0 			 0.0			 0.0 
g4	 46 	 0.0 			 0.0 			 0.0			 0.0 
g4	 47 	 0.0 			 0.0 			 0.0			 0.0 
g4	 48 	 0.0 			 0.0 			 0.0			 0.0 
g4	 49 	 0.0 			 0.0 			 0.0			 0.0 
g4	 50 	 0.0 			 0.0 			 0.0			 0.0 
g4	 51 	 0.0 			 0.0 			 0.0			 0.0 
g4	 52 	 0.0 			 0.0 			 0.0			 0.0 
g4	 53 	 0.0 			 0.0 			 0.0			 0.0 
g4	 54 	 0.0 			 0.0 			 0.0			 0.0 
g4	 55 	 0.0 			 0.0 			 0.0			 0.0 
g4	 56 	 0.0 			 0.0 			 0.0			 0.0 
g4	 57 	 0.0 			 0.0 			 0.0			 0.0 
g4	 58 	 0.0 			 0.0 			 0.0			 0.0 
g4	 59 	 0.0 			 0.0 			 0.0			 0.0 
g4	 60 	 0.0 			 0.0 			 0.0			 0.0 
g4	 61 	 0.0 			 0.0 			 0.0			 0.0 
g4	 62 	 0.0 			 0.0 			 0.0			 0.0 
g4	 63 	 0.0 			 0.0 			 0.0			 0.0 
g4	 64 	 0.0 			 0.0 			 0.0			 0.0 
g4	 65 	 0.0 			 0.0 			 0.0			 0.0 
g4	 66 	 0.0 			 0.0 			 0.0			 0.0 
g4	 67 	 0.0 			 0.0 			 0.0			 0.0 
g4	 68 	 0.0 			 0.0 			 0.0			 0.0 
g4	 69 	 0.0 			 0.0 			 0.0			 0.0 
g4	 70 	 0.0 			 0.0 			 0.0			 0.0 
g4	 71 	 0.0 			 0.0 			 0.0			 0.0 
g4	 72 	 0.0 			 0.0 			 0.0			 0.0 
g4	 73 	 0.0 			 0.0 			 0.0			 0.0 
g4	 74 	 0.0 			 0.0 			 0.0			 0.0 
g4	 75 	 0.0 			 0.0 			 0.0			 0.0 
g4	 76 	 0.0 			 0.0 			 0.0			 0.0 
g4	 77 	 0.0 			 0.0 			 0.0			 0.0 
g4	 78 	 0.0 			 0.0 			 0.0			 0.0 
g4	 79 	 0.0 			 0.0 			 0.0			 0.0 
g4	 80 	 0.0 			 0.0 			 0.0			 0.0 
g4	 81 	 0.0 			 0.0 			 0.0			 0.0 
g4	 82 	 0.0 			 0.0 			 0.0			 0.0 
g4	 83 	 0.0 			 0.0 			 0.0			 0.0 
g4	 84 	 0.0 			 0.0 			 0.0			 0.0 
g4	 85 	 0.0 			 0.0 			 0.0			 0.0 
g4	 86 	 0.0 			 0.0 			 0.0			 0.0 
g4	 87 	 0.0 			 0.0 			 0.0			 0.0 
g4	 88 	 0.0 			 0.0 			 0.0			 0.0 
g4	 89 	 0.0 			 0.0 			 0.0			 0.0 
g4	 90 	 0.0 			 0.0 			 0.0			 0.0 
g4	 91 	 0.0 			 0.0 			 0.0			 0.0 
g4	 92 	 0.0 			 0.0 			 0.0			 0.0 
g4	 93 	 0.0 			 0.0 			 0.0			 0.0 
g4	 94 	 0.0 			 0.0 			 0.0			 0.0 
g4	 95 	 0.0 			 0.0 			 0.0			 0.0 
g4	 96 	 0.0 			 0.0 			 0.0			 0.0 
----------------------------------------------------------------------------------------------------
g5	 1 	 0.0 			 0.0 			 0.0			 0.0 
g5	 2 	 0.0 			 0.0 			 0.0			 0.0 
g5	 3 	 0.0 			 0.0 			 0.0			 0.0 
g5	 4 	 0.0 			 0.0 			 0.0			 0.0 
g5	 5 	 0.0 			 0.0 			 0.0			 0.0 
g5	 6 	 0.0 			 0.0 			 0.0			 0.0 
g5	 7 	 0.0 			 0.0 			 0.0			 0.0 
g5	 8 	 0.0 			 0.0 			 0.0			 0.0 
g5	 9 	 0.0 			 0.0 			 0.0			 0.0 
g5	 10 	 0.0 			 0.0 			 0.0			 0.0 
g5	 11 	 0.0 			 0.0 			 0.0			 0.0 
g5	 12 	 0.0 			 0.0 			 0.0			 0.0 
g5	 13 	 0.0 			 0.0 			 0.0			 0.0 
g5	 14 	 0.0 			 0.0 			 0.0			 0.0 
g5	 15 	 0.0 			 0.0 			 0.0			 0.0 
g5	 16 	 0.0 			 0.0 			 0.0			 0.0 
g5	 17 	 0.0 			 0.0 			 0.0			 0.0 
g5	 18 	 0.0 			 0.0 			 0.0			 0.0 
g5	 19 	 0.0 			 0.0 			 0.0			 0.0 
g5	 20 	 0.0 			 0.0 			 0.0			 0.0 
g5	 21 	 0.0 			 0.0 			 0.0			 0.0 
g5	 22 	 0.0 			 0.0 			 0.0			 0.0 
g5	 23 	 0.0 			 0.0 			 0.0			 0.0 
g5	 24 	 0.0 			 0.0 			 0.0			 0.0 
g5	 25 	 0.0 			 0.0 			 0.0			 0.0 
g5	 26 	 0.0 			 0.0 			 0.0			 0.0 
g5	 27 	 0.0 			 0.0 			 0.0			 0.0 
g5	 28 	 0.0 			 0.0 			 0.0			 0.0 
g5	 29 	 0.0 			 0.0 			 0.0			 0.0 
g5	 30 	 0.0 			 0.0 			 0.0			 0.0 
g5	 31 	 0.0 			 0.0 			 0.0			 0.0 
g5	 32 	 0.0 			 0.0 			 0.0			 0.0 
g5	 33 	 0.0 			 0.0 			 0.0			 0.0 
g5	 34 	 0.0 			 0.0 			 0.0			 0.0 
g5	 35 	 0.0 			 0.0 			 0.0			 0.0 
g5	 36 	 0.0 			 0.0 			 0.0			 0.0 
g5	 37 	 0.0 			 0.0 			 0.0			 0.0 
g5	 38 	 0.0 			 0.0 			 0.0			 0.0 
g5	 39 	 0.0 			 0.0 			 0.0			 0.0 
g5	 40 	 0.0 			 0.0 			 0.0			 0.0 
g5	 41 	 0.0 			 0.0 			 0.0			 0.0 
g5	 42 	 0.0 			 0.0 			 0.0			 0.0 
g5	 43 	 0.0 			 0.0 			 0.0			 0.0 
g5	 44 	 0.0 			 0.0 			 0.0			 0.0 
g5	 45 	 0.0 			 0.0 			 0.0			 0.0 
g5	 46 	 0.0 			 0.0 			 0.0			 0.0 
g5	 47 	 0.0 			 0.0 			 0.0			 0.0 
g5	 48 	 0.0 			 0.0 			 0.0			 0.0 
g5	 49 	 0.0 			 0.0 			 0.0			 0.0 
g5	 50 	 0.0 			 0.0 			 0.0			 0.0 
g5	 51 	 0.0 			 0.0 			 0.0			 0.0 
g5	 52 	 0.0 			 0.0 			 0.0			 0.0 
g5	 53 	 0.0 			 0.0 			 0.0			 0.0 
g5	 54 	 0.0 			 0.0 			 0.0			 0.0 
g5	 55 	 0.0 			 0.0 			 0.0			 0.0 
g5	 56 	 0.0 			 0.0 			 0.0			 0.0 
g5	 57 	 0.0 			 0.0 			 0.0			 0.0 
g5	 58 	 0.0 			 0.0 			 0.0			 0.0 
g5	 59 	 0.0 			 0.0 			 0.0			 0.0 
g5	 60 	 0.0 			 0.0 			 0.0			 0.0 
g5	 61 	 0.0 			 0.0 			 0.0			 0.0 
g5	 62 	 0.0 			 0.0 			 0.0			 0.0 
g5	 63 	 0.0 			 0.0 			 0.0			 0.0 
g5	 64 	 0.0 			 0.0 			 0.0			 0.0 
g5	 65 	 0.0 			 0.0 			 0.0			 0.0 
g5	 66 	 0.0 			 0.0 			 0.0			 0.0 
g5	 67 	 0.0 			 0.0 			 0.0			 0.0 
g5	 68 	 0.0 			 0.0 			 0.0			 0.0 
g5	 69 	 0.0 			 0.0 			 0.0			 0.0 
g5	 70 	 0.0 			 0.0 			 0.0			 0.0 
g5	 71 	 0.0 			 0.0 			 0.0			 0.0 
g5	 72 	 0.0 			 0.0 			 0.0			 0.0 
g5	 73 	 0.0 			 0.0 			 0.0			 0.0 
g5	 74 	 0.0 			 0.0 			 0.0			 0.0 
g5	 75 	 0.0 			 0.0 			 0.0			 0.0 
g5	 76 	 0.0 			 0.0 			 0.0			 0.0 
g5	 77 	 0.0 			 0.0 			 0.0			 0.0 
g5	 78 	 0.0 			 0.0 			 0.0			 0.0 
g5	 79 	 0.0 			 0.0 			 0.0			 0.0 
g5	 80 	 0.0 			 0.0 			 0.0			 0.0 
g5	 81 	 0.0 			 0.0 			 0.0			 0.0 
g5	 82 	 0.0 			 0.0 			 0.0			 0.0 
g5	 83 	 0.0 			 0.0 			 0.0			 0.0 
g5	 84 	 0.0 			 0.0 			 0.0			 0.0 
g5	 85 	 0.0 			 0.0 			 0.0			 0.0 
g5	 86 	 0.0 			 0.0 			 0.0			 0.0 
g5	 87 	 0.0 			 0.0 			 0.0			 0.0 
g5	 88 	 0.0 			 0.0 			 0.0			 0.0 
g5	 89 	 0.0 			 0.0 			 0.0			 0.0 
g5	 90 	 0.0 			 0.0 			 0.0			 0.0 
g5	 91 	 0.0 			 0.0 			 0.0			 0.0 
g5	 92 	 0.0 			 0.0 			 0.0			 0.0 
g5	 93 	 0.0 			 0.0 			 0.0			 0.0 
g5	 94 	 0.0 			 0.0 			 0.0			 0.0 
g5	 95 	 0.0 			 0.0 			 0.0			 0.0 
g5	 96 	 0.0 			 0.0 			 0.0			 0.0 
----------------------------------------------------------------------------------------------------------------
unit 	 generation payment 	 up-FRP payment 	 dw-FRP payment 	pre-up total payment
----------------------------------------------------------------------------------------------------------------
 g1 	 94922.706081			 0.000000			 0.000000			 94922.706081
 g2 	 752783.289117			 0.000000			 0.000000			 752783.289117
 g3 	 0.000000			 0.000000			 0.000000			 0.000000
 g4 	 0.000000			 0.000000			 0.000000			 0.000000
 g5 	 0.000000			 0.000000			 0.000000			 0.000000
----------------------------------------------------------------------------------------------------
generation payment 	 up-FRP payment 	 dw-FRP payment 	 pre-up total payment
----------------------------------------------------------------------------------------------------
847705.995198 			 0.0 			 0.0 			 847705.995198
 
****************************************************************************************************
 
Generation costs
----------------------------------------------------------------------------------------------------
unit	 time 	 generation cost 	 start-up cost  	total cost
----------------------------------------------------------------------------------------------------
g1	 1 	 2410.229648 			 0.0 			2410.229648
g1	 2 	 2566.685673 			 0.0 			2566.685673
g1	 3 	 2146.038659 			 0.0 			2146.038659
g1	 4 	 2406.562504 			 0.0 			2406.562504
g1	 5 	 2023.628333 			 0.0 			2023.628333
g1	 6 	 2201.784215 			 0.0 			2201.784215
g1	 7 	 2034.725658 			 0.0 			2034.725658
g1	 8 	 2336.992199 			 0.0 			2336.992199
g1	 9 	 2143.783649 			 0.0 			2143.783649
g1	 10 	 2200.28726 			 0.0 			2200.28726
g1	 11 	 2206.705695 			 0.0 			2206.705695
g1	 12 	 2199.347715 			 0.0 			2199.347715
g1	 13 	 2082.43233 			 0.0 			2082.43233
g1	 14 	 1824.6545 			 0.0 			1824.6545
g1	 15 	 1978.170849 			 0.0 			1978.170849
g1	 16 	 2022.172025 			 0.0 			2022.172025
g1	 17 	 1960.701042 			 0.0 			1960.701042
g1	 18 	 2098.246437 			 0.0 			2098.246437
g1	 19 	 2299.689971 			 0.0 			2299.689971
g1	 20 	 2045.042865 			 0.0 			2045.042865
g1	 21 	 1769.732869 			 0.0 			1769.732869
g1	 22 	 2308.002941 			 0.0 			2308.002941
g1	 23 	 2245.169881 			 0.0 			2245.169881
g1	 24 	 2242.535135 			 0.0 			2242.535135
g1	 25 	 2543.368509 			 0.0 			2543.368509
g1	 26 	 2000.168347 			 0.0 			2000.168347
g1	 27 	 2460.929928 			 0.0 			2460.929928
g1	 28 	 2719.707032 			 0.0 			2719.707032
g1	 29 	 2404.458509 			 0.0 			2404.458509
g1	 30 	 2614.112232 			 0.0 			2614.112232
g1	 31 	 2741.413969 			 0.0 			2741.413969
g1	 32 	 2669.979877 			 0.0 			2669.979877
g1	 33 	 2772.153609 			 0.0 			2772.153609
g1	 34 	 2843.921031 			 0.0 			2843.921031
g1	 35 	 2775.922403 			 0.0 			2775.922403
g1	 36 	 2730.072312 			 0.0 			2730.072312
g1	 37 	 2526.250111 			 0.0 			2526.250111
g1	 38 	 2838.192393 			 0.0 			2838.192393
g1	 39 	 2601.87788 			 0.0 			2601.87788
g1	 40 	 2858.431235 			 0.0 			2858.431235
g1	 41 	 3058.233409 			 0.0 			3058.233409
g1	 42 	 3058.233409 			 0.0 			3058.233409
g1	 43 	 2973.899389 			 0.0 			2973.899389
g1	 44 	 3058.233409 			 0.0 			3058.233409
g1	 45 	 3058.233409 			 0.0 			3058.233409
g1	 46 	 2970.965374 			 0.0 			2970.965374
g1	 47 	 3058.233409 			 0.0 			3058.233409
g1	 48 	 3058.233409 			 0.0 			3058.233409
g1	 49 	 2985.299175 			 0.0 			2985.299175
g1	 50 	 2875.897477 			 0.0 			2875.897477
g1	 51 	 2508.187447 			 0.0 			2508.187447
g1	 52 	 3058.233409 			 0.0 			3058.233409
g1	 53 	 3058.233409 			 0.0 			3058.233409
g1	 54 	 2989.76053 			 0.0 			2989.76053
g1	 55 	 2737.482592 			 0.0 			2737.482592
g1	 56 	 2573.139665 			 0.0 			2573.139665
g1	 57 	 3058.233409 			 0.0 			3058.233409
g1	 58 	 3058.233409 			 0.0 			3058.233409
g1	 59 	 2721.598419 			 0.0 			2721.598419
g1	 60 	 2725.288914 			 0.0 			2725.288914
g1	 61 	 3058.233409 			 0.0 			3058.233409
g1	 62 	 2821.921818 			 0.0 			2821.921818
g1	 63 	 2858.037798 			 0.0 			2858.037798
g1	 64 	 3058.233409 			 0.0 			3058.233409
g1	 65 	 2539.493277 			 0.0 			2539.493277
g1	 66 	 3058.233409 			 0.0 			3058.233409
g1	 67 	 3058.233409 			 0.0 			3058.233409
g1	 68 	 3058.233409 			 0.0 			3058.233409
g1	 69 	 3058.233409 			 0.0 			3058.233409
g1	 70 	 3058.233409 			 0.0 			3058.233409
g1	 71 	 3058.233409 			 0.0 			3058.233409
g1	 72 	 3058.233409 			 0.0 			3058.233409
g1	 73 	 2508.187447 			 0.0 			2508.187447
g1	 74 	 2856.053157 			 0.0 			2856.053157
g1	 75 	 3058.233409 			 0.0 			3058.233409
g1	 76 	 2913.077859 			 0.0 			2913.077859
g1	 77 	 2717.899997 			 0.0 			2717.899997
g1	 78 	 3058.233409 			 0.0 			3058.233409
g1	 79 	 2689.207175 			 0.0 			2689.207175
g1	 80 	 3058.233409 			 0.0 			3058.233409
g1	 81 	 3058.233409 			 0.0 			3058.233409
g1	 82 	 2923.003648 			 0.0 			2923.003648
g1	 83 	 3058.233409 			 0.0 			3058.233409
g1	 84 	 2843.128704 			 0.0 			2843.128704
g1	 85 	 2643.661341 			 0.0 			2643.661341
g1	 86 	 3058.233409 			 0.0 			3058.233409
g1	 87 	 2864.537631 			 0.0 			2864.537631
g1	 88 	 2713.584022 			 0.0 			2713.584022
g1	 89 	 2725.661321 			 0.0 			2725.661321
g1	 90 	 2690.16769 			 0.0 			2690.16769
g1	 91 	 2604.484581 			 0.0 			2604.484581
g1	 92 	 3058.233409 			 0.0 			3058.233409
g1	 93 	 2715.580634 			 0.0 			2715.580634
g1	 94 	 3058.233409 			 0.0 			3058.233409
g1	 95 	 2975.490984 			 0.0 			2975.490984
g1	 96 	 2688.411524 			 0.0 			2688.411524
----------------------------------------------------------------------------------------------------
g2	 1 	 0.0 			 0.0 			0.0
g2	 2 	 0.0 			 0.0 			0.0
g2	 3 	 0.0 			 0.0 			0.0
g2	 4 	 0.0 			 0.0 			0.0
g2	 5 	 0.0 			 0.0 			0.0
g2	 6 	 0.0 			 0.0 			0.0
g2	 7 	 0.0 			 0.0 			0.0
g2	 8 	 0.0 			 0.0 			0.0
g2	 9 	 0.0 			 0.0 			0.0
g2	 10 	 0.0 			 0.0 			0.0
g2	 11 	 0.0 			 0.0 			0.0
g2	 12 	 0.0 			 0.0 			0.0
g2	 13 	 0.0 			 0.0 			0.0
g2	 14 	 0.0 			 0.0 			0.0
g2	 15 	 0.0 			 0.0 			0.0
g2	 16 	 0.0 			 0.0 			0.0
g2	 17 	 0.0 			 0.0 			0.0
g2	 18 	 0.0 			 0.0 			0.0
g2	 19 	 0.0 			 0.0 			0.0
g2	 20 	 0.0 			 0.0 			0.0
g2	 21 	 0.0 			 0.0 			0.0
g2	 22 	 0.0 			 0.0 			0.0
g2	 23 	 0.0 			 0.0 			0.0
g2	 24 	 0.0 			 0.0 			0.0
g2	 25 	 0.0 			 0.0 			0.0
g2	 26 	 0.0 			 0.0 			0.0
g2	 27 	 0.0 			 0.0 			0.0
g2	 28 	 0.0 			 0.0 			0.0
g2	 29 	 0.0 			 0.0 			0.0
g2	 30 	 0.0 			 0.0 			0.0
g2	 31 	 0.0 			 0.0 			0.0
g2	 32 	 0.0 			 0.0 			0.0
g2	 33 	 0.0 			 0.0 			0.0
g2	 34 	 0.0 			 0.0 			0.0
g2	 35 	 0.0 			 0.0 			0.0
g2	 36 	 0.0 			 0.0 			0.0
g2	 37 	 534.771644 			 10598.13 			11132.901644
g2	 38 	 534.771644 			 0.0 			534.771644
g2	 39 	 534.771644 			 0.0 			534.771644
g2	 40 	 534.771644 			 0.0 			534.771644
g2	 41 	 571.749599 			 0.0 			571.749599
g2	 42 	 789.355201 			 0.0 			789.355201
g2	 43 	 561.853667 			 0.0 			561.853667
g2	 44 	 650.716766 			 0.0 			650.716766
g2	 45 	 833.985514 			 0.0 			833.985514
g2	 46 	 606.48398 			 0.0 			606.48398
g2	 47 	 831.231016 			 0.0 			831.231016
g2	 48 	 895.483817 			 0.0 			895.483817
g2	 49 	 809.230838 			 0.0 			809.230838
g2	 50 	 1060.196496 			 0.0 			1060.196496
g2	 51 	 1333.015988 			 0.0 			1333.015988
g2	 52 	 1629.998053 			 0.0 			1629.998053
g2	 53 	 1340.283788 			 0.0 			1340.283788
g2	 54 	 1066.4789 			 0.0 			1066.4789
g2	 55 	 1012.833899 			 0.0 			1012.833899
g2	 56 	 1278.224553 			 0.0 			1278.224553
g2	 57 	 1575.206618 			 0.0 			1575.206618
g2	 58 	 1519.135292 			 0.0 			1519.135292
g2	 59 	 1222.153227 			 0.0 			1222.153227
g2	 60 	 1334.000163 			 0.0 			1334.000163
g2	 61 	 1630.982228 			 0.0 			1630.982228
g2	 62 	 1334.000163 			 0.0 			1334.000163
g2	 63 	 1334.000163 			 0.0 			1334.000163
g2	 64 	 1630.982228 			 0.0 			1630.982228
g2	 65 	 1334.000163 			 0.0 			1334.000163
g2	 66 	 1209.22026 			 0.0 			1209.22026
g2	 67 	 968.99944 			 0.0 			968.99944
g2	 68 	 1107.376128 			 0.0 			1107.376128
g2	 69 	 1158.53929 			 0.0 			1158.53929
g2	 70 	 1244.687516 			 0.0 			1244.687516
g2	 71 	 1406.648634 			 0.0 			1406.648634
g2	 72 	 1418.499494 			 0.0 			1418.499494
g2	 73 	 1134.089814 			 0.0 			1134.089814
g2	 74 	 877.37374 			 0.0 			877.37374
g2	 75 	 961.51685 			 0.0 			961.51685
g2	 76 	 1061.047233 			 0.0 			1061.047233
g2	 77 	 1334.000163 			 0.0 			1334.000163
g2	 78 	 1630.982228 			 0.0 			1630.982228
g2	 79 	 1334.000163 			 0.0 			1334.000163
g2	 80 	 1143.419112 			 0.0 			1143.419112
g2	 81 	 1153.364027 			 0.0 			1153.364027
g2	 82 	 896.647953 			 0.0 			896.647953
g2	 83 	 969.010714 			 0.0 			969.010714
g2	 84 	 843.596625 			 0.0 			843.596625
g2	 85 	 1098.975354 			 0.0 			1098.975354
g2	 86 	 1377.877321 			 0.0 			1377.877321
g2	 87 	 1098.975354 			 0.0 			1098.975354
g2	 88 	 843.596625 			 0.0 			843.596625
g2	 89 	 616.09509 			 0.0 			616.09509
g2	 90 	 534.771644 			 0.0 			534.771644
g2	 91 	 534.771644 			 0.0 			534.771644
g2	 92 	 563.669699 			 0.0 			563.669699
g2	 93 	 0.0 			 0.0 			0.0
g2	 94 	 0.0 			 0.0 			0.0
g2	 95 	 0.0 			 0.0 			0.0
g2	 96 	 0.0 			 0.0 			0.0
----------------------------------------------------------------------------------------------------
g3	 1 	 0.0 			 0.0 			0.0
g3	 2 	 0.0 			 0.0 			0.0
g3	 3 	 0.0 			 0.0 			0.0
g3	 4 	 0.0 			 0.0 			0.0
g3	 5 	 0.0 			 0.0 			0.0
g3	 6 	 0.0 			 0.0 			0.0
g3	 7 	 0.0 			 0.0 			0.0
g3	 8 	 0.0 			 0.0 			0.0
g3	 9 	 0.0 			 0.0 			0.0
g3	 10 	 0.0 			 0.0 			0.0
g3	 11 	 0.0 			 0.0 			0.0
g3	 12 	 0.0 			 0.0 			0.0
g3	 13 	 0.0 			 0.0 			0.0
g3	 14 	 0.0 			 0.0 			0.0
g3	 15 	 0.0 			 0.0 			0.0
g3	 16 	 0.0 			 0.0 			0.0
g3	 17 	 0.0 			 0.0 			0.0
g3	 18 	 0.0 			 0.0 			0.0
g3	 19 	 0.0 			 0.0 			0.0
g3	 20 	 0.0 			 0.0 			0.0
g3	 21 	 0.0 			 0.0 			0.0
g3	 22 	 0.0 			 0.0 			0.0
g3	 23 	 0.0 			 0.0 			0.0
g3	 24 	 0.0 			 0.0 			0.0
g3	 25 	 0.0 			 0.0 			0.0
g3	 26 	 0.0 			 0.0 			0.0
g3	 27 	 0.0 			 0.0 			0.0
g3	 28 	 0.0 			 0.0 			0.0
g3	 29 	 0.0 			 0.0 			0.0
g3	 30 	 0.0 			 0.0 			0.0
g3	 31 	 0.0 			 0.0 			0.0
g3	 32 	 0.0 			 0.0 			0.0
g3	 33 	 0.0 			 0.0 			0.0
g3	 34 	 0.0 			 0.0 			0.0
g3	 35 	 0.0 			 0.0 			0.0
g3	 36 	 0.0 			 0.0 			0.0
g3	 37 	 0.0 			 0.0 			0.0
g3	 38 	 0.0 			 0.0 			0.0
g3	 39 	 0.0 			 0.0 			0.0
g3	 40 	 0.0 			 0.0 			0.0
g3	 41 	 0.0 			 0.0 			0.0
g3	 42 	 0.0 			 0.0 			0.0
g3	 43 	 0.0 			 0.0 			0.0
g3	 44 	 0.0 			 0.0 			0.0
g3	 45 	 0.0 			 0.0 			0.0
g3	 46 	 0.0 			 0.0 			0.0
g3	 47 	 0.0 			 0.0 			0.0
g3	 48 	 0.0 			 0.0 			0.0
g3	 49 	 0.0 			 0.0 			0.0
g3	 50 	 0.0 			 0.0 			0.0
g3	 51 	 0.0 			 0.0 			0.0
g3	 52 	 0.0 			 0.0 			0.0
g3	 53 	 0.0 			 0.0 			0.0
g3	 54 	 0.0 			 0.0 			0.0
g3	 55 	 0.0 			 0.0 			0.0
g3	 56 	 0.0 			 0.0 			0.0
g3	 57 	 0.0 			 0.0 			0.0
g3	 58 	 0.0 			 0.0 			0.0
g3	 59 	 0.0 			 0.0 			0.0
g3	 60 	 0.0 			 0.0 			0.0
g3	 61 	 0.0 			 0.0 			0.0
g3	 62 	 0.0 			 0.0 			0.0
g3	 63 	 0.0 			 0.0 			0.0
g3	 64 	 0.0 			 0.0 			0.0
g3	 65 	 0.0 			 0.0 			0.0
g3	 66 	 0.0 			 0.0 			0.0
g3	 67 	 0.0 			 0.0 			0.0
g3	 68 	 0.0 			 0.0 			0.0
g3	 69 	 0.0 			 0.0 			0.0
g3	 70 	 0.0 			 0.0 			0.0
g3	 71 	 0.0 			 0.0 			0.0
g3	 72 	 0.0 			 0.0 			0.0
g3	 73 	 0.0 			 0.0 			0.0
g3	 74 	 0.0 			 0.0 			0.0
g3	 75 	 0.0 			 0.0 			0.0
g3	 76 	 0.0 			 0.0 			0.0
g3	 77 	 0.0 			 0.0 			0.0
g3	 78 	 0.0 			 0.0 			0.0
g3	 79 	 0.0 			 0.0 			0.0
g3	 80 	 0.0 			 0.0 			0.0
g3	 81 	 0.0 			 0.0 			0.0
g3	 82 	 0.0 			 0.0 			0.0
g3	 83 	 0.0 			 0.0 			0.0
g3	 84 	 0.0 			 0.0 			0.0
g3	 85 	 0.0 			 0.0 			0.0
g3	 86 	 0.0 			 0.0 			0.0
g3	 87 	 0.0 			 0.0 			0.0
g3	 88 	 0.0 			 0.0 			0.0
g3	 89 	 0.0 			 0.0 			0.0
g3	 90 	 0.0 			 0.0 			0.0
g3	 91 	 0.0 			 0.0 			0.0
g3	 92 	 0.0 			 0.0 			0.0
g3	 93 	 0.0 			 0.0 			0.0
g3	 94 	 0.0 			 0.0 			0.0
g3	 95 	 0.0 			 0.0 			0.0
g3	 96 	 0.0 			 0.0 			0.0
----------------------------------------------------------------------------------------------------
g4	 1 	 0.0 			 0.0 			0.0
g4	 2 	 0.0 			 0.0 			0.0
g4	 3 	 0.0 			 0.0 			0.0
g4	 4 	 0.0 			 0.0 			0.0
g4	 5 	 0.0 			 0.0 			0.0
g4	 6 	 0.0 			 0.0 			0.0
g4	 7 	 0.0 			 0.0 			0.0
g4	 8 	 0.0 			 0.0 			0.0
g4	 9 	 0.0 			 0.0 			0.0
g4	 10 	 0.0 			 0.0 			0.0
g4	 11 	 0.0 			 0.0 			0.0
g4	 12 	 0.0 			 0.0 			0.0
g4	 13 	 0.0 			 0.0 			0.0
g4	 14 	 0.0 			 0.0 			0.0
g4	 15 	 0.0 			 0.0 			0.0
g4	 16 	 0.0 			 0.0 			0.0
g4	 17 	 0.0 			 0.0 			0.0
g4	 18 	 0.0 			 0.0 			0.0
g4	 19 	 0.0 			 0.0 			0.0
g4	 20 	 0.0 			 0.0 			0.0
g4	 21 	 0.0 			 0.0 			0.0
g4	 22 	 0.0 			 0.0 			0.0
g4	 23 	 0.0 			 0.0 			0.0
g4	 24 	 0.0 			 0.0 			0.0
g4	 25 	 0.0 			 0.0 			0.0
g4	 26 	 0.0 			 0.0 			0.0
g4	 27 	 0.0 			 0.0 			0.0
g4	 28 	 0.0 			 0.0 			0.0
g4	 29 	 0.0 			 0.0 			0.0
g4	 30 	 0.0 			 0.0 			0.0
g4	 31 	 0.0 			 0.0 			0.0
g4	 32 	 0.0 			 0.0 			0.0
g4	 33 	 0.0 			 0.0 			0.0
g4	 34 	 0.0 			 0.0 			0.0
g4	 35 	 0.0 			 0.0 			0.0
g4	 36 	 0.0 			 0.0 			0.0
g4	 37 	 0.0 			 0.0 			0.0
g4	 38 	 0.0 			 0.0 			0.0
g4	 39 	 0.0 			 0.0 			0.0
g4	 40 	 0.0 			 0.0 			0.0
g4	 41 	 0.0 			 0.0 			0.0
g4	 42 	 0.0 			 0.0 			0.0
g4	 43 	 0.0 			 0.0 			0.0
g4	 44 	 0.0 			 0.0 			0.0
g4	 45 	 0.0 			 0.0 			0.0
g4	 46 	 0.0 			 0.0 			0.0
g4	 47 	 0.0 			 0.0 			0.0
g4	 48 	 0.0 			 0.0 			0.0
g4	 49 	 0.0 			 0.0 			0.0
g4	 50 	 0.0 			 0.0 			0.0
g4	 51 	 0.0 			 0.0 			0.0
g4	 52 	 0.0 			 0.0 			0.0
g4	 53 	 0.0 			 0.0 			0.0
g4	 54 	 0.0 			 0.0 			0.0
g4	 55 	 0.0 			 0.0 			0.0
g4	 56 	 0.0 			 0.0 			0.0
g4	 57 	 0.0 			 0.0 			0.0
g4	 58 	 0.0 			 0.0 			0.0
g4	 59 	 0.0 			 0.0 			0.0
g4	 60 	 0.0 			 0.0 			0.0
g4	 61 	 0.0 			 0.0 			0.0
g4	 62 	 0.0 			 0.0 			0.0
g4	 63 	 0.0 			 0.0 			0.0
g4	 64 	 0.0 			 0.0 			0.0
g4	 65 	 0.0 			 0.0 			0.0
g4	 66 	 0.0 			 0.0 			0.0
g4	 67 	 0.0 			 0.0 			0.0
g4	 68 	 0.0 			 0.0 			0.0
g4	 69 	 0.0 			 0.0 			0.0
g4	 70 	 0.0 			 0.0 			0.0
g4	 71 	 0.0 			 0.0 			0.0
g4	 72 	 0.0 			 0.0 			0.0
g4	 73 	 0.0 			 0.0 			0.0
g4	 74 	 0.0 			 0.0 			0.0
g4	 75 	 0.0 			 0.0 			0.0
g4	 76 	 0.0 			 0.0 			0.0
g4	 77 	 0.0 			 0.0 			0.0
g4	 78 	 0.0 			 0.0 			0.0
g4	 79 	 0.0 			 0.0 			0.0
g4	 80 	 0.0 			 0.0 			0.0
g4	 81 	 0.0 			 0.0 			0.0
g4	 82 	 0.0 			 0.0 			0.0
g4	 83 	 0.0 			 0.0 			0.0
g4	 84 	 0.0 			 0.0 			0.0
g4	 85 	 0.0 			 0.0 			0.0
g4	 86 	 0.0 			 0.0 			0.0
g4	 87 	 0.0 			 0.0 			0.0
g4	 88 	 0.0 			 0.0 			0.0
g4	 89 	 0.0 			 0.0 			0.0
g4	 90 	 0.0 			 0.0 			0.0
g4	 91 	 0.0 			 0.0 			0.0
g4	 92 	 0.0 			 0.0 			0.0
g4	 93 	 0.0 			 0.0 			0.0
g4	 94 	 0.0 			 0.0 			0.0
g4	 95 	 0.0 			 0.0 			0.0
g4	 96 	 0.0 			 0.0 			0.0
----------------------------------------------------------------------------------------------------
g5	 1 	 0.0 			 0.0 			0.0
g5	 2 	 0.0 			 0.0 			0.0
g5	 3 	 0.0 			 0.0 			0.0
g5	 4 	 0.0 			 0.0 			0.0
g5	 5 	 0.0 			 0.0 			0.0
g5	 6 	 0.0 			 0.0 			0.0
g5	 7 	 0.0 			 0.0 			0.0
g5	 8 	 0.0 			 0.0 			0.0
g5	 9 	 0.0 			 0.0 			0.0
g5	 10 	 0.0 			 0.0 			0.0
g5	 11 	 0.0 			 0.0 			0.0
g5	 12 	 0.0 			 0.0 			0.0
g5	 13 	 0.0 			 0.0 			0.0
g5	 14 	 0.0 			 0.0 			0.0
g5	 15 	 0.0 			 0.0 			0.0
g5	 16 	 0.0 			 0.0 			0.0
g5	 17 	 0.0 			 0.0 			0.0
g5	 18 	 0.0 			 0.0 			0.0
g5	 19 	 0.0 			 0.0 			0.0
g5	 20 	 0.0 			 0.0 			0.0
g5	 21 	 0.0 			 0.0 			0.0
g5	 22 	 0.0 			 0.0 			0.0
g5	 23 	 0.0 			 0.0 			0.0
g5	 24 	 0.0 			 0.0 			0.0
g5	 25 	 0.0 			 0.0 			0.0
g5	 26 	 0.0 			 0.0 			0.0
g5	 27 	 0.0 			 0.0 			0.0
g5	 28 	 0.0 			 0.0 			0.0
g5	 29 	 0.0 			 0.0 			0.0
g5	 30 	 0.0 			 0.0 			0.0
g5	 31 	 0.0 			 0.0 			0.0
g5	 32 	 0.0 			 0.0 			0.0
g5	 33 	 0.0 			 0.0 			0.0
g5	 34 	 0.0 			 0.0 			0.0
g5	 35 	 0.0 			 0.0 			0.0
g5	 36 	 0.0 			 0.0 			0.0
g5	 37 	 0.0 			 0.0 			0.0
g5	 38 	 0.0 			 0.0 			0.0
g5	 39 	 0.0 			 0.0 			0.0
g5	 40 	 0.0 			 0.0 			0.0
g5	 41 	 0.0 			 0.0 			0.0
g5	 42 	 0.0 			 0.0 			0.0
g5	 43 	 0.0 			 0.0 			0.0
g5	 44 	 0.0 			 0.0 			0.0
g5	 45 	 0.0 			 0.0 			0.0
g5	 46 	 0.0 			 0.0 			0.0
g5	 47 	 0.0 			 0.0 			0.0
g5	 48 	 0.0 			 0.0 			0.0
g5	 49 	 0.0 			 0.0 			0.0
g5	 50 	 0.0 			 0.0 			0.0
g5	 51 	 0.0 			 0.0 			0.0
g5	 52 	 0.0 			 0.0 			0.0
g5	 53 	 0.0 			 0.0 			0.0
g5	 54 	 0.0 			 0.0 			0.0
g5	 55 	 0.0 			 0.0 			0.0
g5	 56 	 0.0 			 0.0 			0.0
g5	 57 	 0.0 			 0.0 			0.0
g5	 58 	 0.0 			 0.0 			0.0
g5	 59 	 0.0 			 0.0 			0.0
g5	 60 	 0.0 			 0.0 			0.0
g5	 61 	 0.0 			 0.0 			0.0
g5	 62 	 0.0 			 0.0 			0.0
g5	 63 	 0.0 			 0.0 			0.0
g5	 64 	 0.0 			 0.0 			0.0
g5	 65 	 0.0 			 0.0 			0.0
g5	 66 	 0.0 			 0.0 			0.0
g5	 67 	 0.0 			 0.0 			0.0
g5	 68 	 0.0 			 0.0 			0.0
g5	 69 	 0.0 			 0.0 			0.0
g5	 70 	 0.0 			 0.0 			0.0
g5	 71 	 0.0 			 0.0 			0.0
g5	 72 	 0.0 			 0.0 			0.0
g5	 73 	 0.0 			 0.0 			0.0
g5	 74 	 0.0 			 0.0 			0.0
g5	 75 	 0.0 			 0.0 			0.0
g5	 76 	 0.0 			 0.0 			0.0
g5	 77 	 0.0 			 0.0 			0.0
g5	 78 	 0.0 			 0.0 			0.0
g5	 79 	 0.0 			 0.0 			0.0
g5	 80 	 0.0 			 0.0 			0.0
g5	 81 	 0.0 			 0.0 			0.0
g5	 82 	 0.0 			 0.0 			0.0
g5	 83 	 0.0 			 0.0 			0.0
g5	 84 	 0.0 			 0.0 			0.0
g5	 85 	 0.0 			 0.0 			0.0
g5	 86 	 0.0 			 0.0 			0.0
g5	 87 	 0.0 			 0.0 			0.0
g5	 88 	 0.0 			 0.0 			0.0
g5	 89 	 0.0 			 0.0 			0.0
g5	 90 	 0.0 			 0.0 			0.0
g5	 91 	 0.0 			 0.0 			0.0
g5	 92 	 0.0 			 0.0 			0.0
g5	 93 	 0.0 			 0.0 			0.0
g5	 94 	 0.0 			 0.0 			0.0
g5	 95 	 0.0 			 0.0 			0.0
g5	 96 	 0.0 			 0.0 			0.0
----------------------------------------------------------------------------------------------------
 
unit 	 generation 	 generation cost 	 start-up cost 	 total cost
----------------------------------------------------------------------------------------------------
g1 	 6886.103199			256779.693063			 0.000000		 256779.693063
g2 	 1127.046828			58846.421011			 10598.130000		 69444.551011
g3 	 0.000000			0.000000			 0.000000		 0.000000
g4 	 0.000000			0.000000			 0.000000		 0.000000
g5 	 0.000000			0.000000			 0.000000		 0.000000
----------------------------------------------------------------------------------------------------
 
generation cost 	 start-up cost 		 total cost
----------------------------------------------------------------------------------------------------
315626.11407399987 			 10598.13 			 326224.2440739998
----------------------------------------------------------------------------------------------------
uplift payment for generator g1: 0.0
uplift payment for generator g2: 0.0
uplift payment for generator g3: 0.0
uplift payment for generator g4: 0.0
uplift payment for generator g5: 0.0
 
****************************************************************************************************
 
rtm Systemwide prices
----------------------------------------------------------------------------------------------------
time	 energy 	 up-FRP 	 dw-FRP
----------------------------------------------------------------------------------------------------
1 	 9.614507 		 0.0 		 0.0
2 	 9.614507 		 0.0 		 0.0
3 	 9.408671 		 0.0 		 0.0
4 	 9.614507 		 0.0 		 0.0
5 	 9.408671 		 0.0 		 0.0
6 	 9.408671 		 0.0 		 0.0
7 	 9.408671 		 0.0 		 0.0
8 	 9.614507 		 0.0 		 0.0
9 	 9.408671 		 0.0 		 0.0
10 	 9.408671 		 0.0 		 0.0
11 	 9.408671 		 0.0 		 0.0
12 	 9.408671 		 0.0 		 0.0
13 	 9.408671 		 0.0 		 0.0
14 	 9.408671 		 0.0 		 0.0
15 	 9.408671 		 0.0 		 0.0
16 	 9.408671 		 0.0 		 0.0
17 	 9.408671 		 0.0 		 0.0
18 	 9.408671 		 0.0 		 0.0
19 	 9.408671 		 0.0 		 0.0
20 	 9.408671 		 0.0 		 0.0
21 	 2481.182658 		 0.0 		 0.0
22 	 2500.0 		 0.0 		 0.0
23 	 9.408671 		 0.0 		 0.0
24 	 9.408671 		 0.0 		 0.0
25 	 2500.0 		 0.0 		 0.0
26 	 2480.976822 		 0.0 		 0.0
27 	 9.614507 		 0.0 		 0.0
28 	 9.614507 		 0.0 		 0.0
29 	 9.614507 		 0.0 		 0.0
30 	 9.614507 		 0.0 		 0.0
31 	 9.614507 		 0.0 		 0.0
32 	 9.614507 		 0.0 		 0.0
33 	 9.614507 		 0.0 		 0.0
34 	 9.614507 		 0.0 		 0.0
35 	 9.614507 		 0.0 		 0.0
36 	 9.614507 		 0.0 		 0.0
37 	 9.614507 		 0.0 		 0.0
38 	 9.614507 		 0.0 		 0.0
39 	 9.614507 		 0.0 		 0.0
40 	 9.614507 		 0.0 		 0.0
41 	 10.185876 		 0.0 		 0.0
42 	 10.757244 		 0.0 		 0.0
43 	 9.614507 		 0.0 		 0.0
44 	 10.185876 		 0.0 		 0.0
45 	 10.757244 		 0.0 		 0.0
46 	 9.614507 		 0.0 		 0.0
47 	 10.185876 		 0.0 		 0.0
48 	 11.493892 		 0.0 		 0.0
49 	 9.614507 		 0.0 		 0.0
50 	 9.614507 		 0.0 		 0.0
51 	 2470.955823 		 0.0 		 0.0
52 	 2500.0 		 0.0 		 0.0
53 	 15.176097 		 0.0 		 0.0
54 	 9.614507 		 0.0 		 0.0
55 	 9.614507 		 0.0 		 0.0
56 	 9.614507 		 0.0 		 0.0
57 	 18.858301 		 0.0 		 0.0
58 	 16.978917 		 0.0 		 0.0
59 	 9.614507 		 0.0 		 0.0
60 	 9.614507 		 0.0 		 0.0
61 	 2500.0 		 0.0 		 0.0
62 	 9.614507 		 0.0 		 0.0
63 	 9.614507 		 0.0 		 0.0
64 	 2500.0 		 0.0 		 0.0
65 	 9.614507 		 0.0 		 0.0
66 	 11.493892 		 0.0 		 0.0
67 	 11.493892 		 0.0 		 0.0
68 	 11.493892 		 0.0 		 0.0
69 	 11.493892 		 0.0 		 0.0
70 	 13.296712 		 0.0 		 0.0
71 	 13.296712 		 0.0 		 0.0
72 	 2500.0 		 0.0 		 0.0
73 	 2473.330012 		 0.0 		 0.0
74 	 9.614507 		 0.0 		 0.0
75 	 11.493892 		 0.0 		 0.0
76 	 9.614507 		 0.0 		 0.0
77 	 9.614507 		 0.0 		 0.0
78 	 2500.0 		 0.0 		 0.0
79 	 9.614507 		 0.0 		 0.0
80 	 11.493892 		 0.0 		 0.0
81 	 13.373276 		 0.0 		 0.0
82 	 9.614507 		 0.0 		 0.0
83 	 11.493892 		 0.0 		 0.0
84 	 9.614507 		 0.0 		 0.0
85 	 9.614507 		 0.0 		 0.0
86 	 18.769587 		 0.0 		 0.0
87 	 9.614507 		 0.0 		 0.0
88 	 9.614507 		 0.0 		 0.0
89 	 9.614507 		 0.0 		 0.0
90 	 9.614507 		 0.0 		 0.0
91 	 9.614507 		 0.0 		 0.0
92 	 10.185876 		 0.0 		 0.0
93 	 9.614507 		 0.0 		 0.0
94 	 2500.0 		 0.0 		 0.0
95 	 9.614507 		 0.0 		 0.0
96 	 9.614507 		 0.0 		 0.0
 
****************************************************************************************************
 
rtm Post-uplift payments
----------------------------------------------------------------------------------------------------------------------------------------------------
unit 	 generation payment 	 up-FRP payment 	 dw-FRP payment 	pre-up t. payment 	 uplift payments 	 post-up t. payment 	 profit
----------------------------------------------------------------------------------------------------------------------------------------------------
 g1 	 94922.706081			 0.000000			 0.000000			 94922.706081			 0.000000			 94922.706081		 128384.062319
 g2 	 752783.289117			 0.000000			 0.000000			 752783.289117			 0.000000			 752783.289117		 721643.902625
 g3 	 0.000000			 0.000000			 0.000000			 0.000000			 0.000000			 0.000000		 0.000000
 g4 	 0.000000			 0.000000			 0.000000			 0.000000			 0.000000			 0.000000		 0.000000
 g5 	 0.000000			 0.000000			 0.000000			 0.000000			 0.000000			 0.000000		 0.000000
****************************************************************************************************
 
Total generator payments
----------------------------------------------------------------------------------------------------------------------------------------------------
unit 	 generation payment 	 up-FRP payment 	 dw-FRP payment 	pre-up t. payment 	 uplift payments 	 post-up t. payment 	 profit
----------------------------------------------------------------------------------------------------------------------------------------------------
 g1 	 385163.755382			 0.000000			 0.000000			 385163.755382			 0.000000			 385163.755382		 128384.062319
 g2 	 791088.453636			 0.000000			 0.000000			 791088.453636			 0.000000			 791088.453636		 721643.902625
 g3 	 0.000000			 0.000000			 0.000000			 0.000000			 0.000000			 0.000000		 0.000000
 g4 	 0.000000			 0.000000			 0.000000			 0.000000			 0.000000			 0.000000		 0.000000
 g5 	 0.000000			 0.000000			 0.000000			 0.000000			 0.000000			 0.000000		 0.000000
 
****************************************************************************************************
 
rtm LMP
----------------------------------------------------------------------------------------------------
bus name 	 time 		 LMP
----------------------------------------------------------------------------------------------------
b1 		 1 		 9.614507
b1 		 2 		 9.614507
b1 		 3 		 9.408671
b1 		 4 		 9.614507
b1 		 5 		 9.408671
b1 		 6 		 9.408671
b1 		 7 		 9.408671
b1 		 8 		 9.614507
b1 		 9 		 9.408671
b1 		 10 		 9.408671
b1 		 11 		 9.408671
b1 		 12 		 9.408671
b1 		 13 		 9.408671
b1 		 14 		 9.408671
b1 		 15 		 9.408671
b1 		 16 		 9.408671
b1 		 17 		 9.408671
b1 		 18 		 9.408671
b1 		 19 		 9.408671
b1 		 20 		 9.408671
b1 		 21 		 2481.182658
b1 		 22 		 2500.0
b1 		 23 		 9.408671
b1 		 24 		 9.408671
b1 		 25 		 2500.0
b1 		 26 		 2480.976822
b1 		 27 		 9.614507
b1 		 28 		 9.614507
b1 		 29 		 9.614507
b1 		 30 		 9.614507
b1 		 31 		 9.614507
b1 		 32 		 9.614507
b1 		 33 		 9.614507
b1 		 34 		 9.614507
b1 		 35 		 9.614507
b1 		 36 		 9.614507
b1 		 37 		 9.614507
b1 		 38 		 9.614507
b1 		 39 		 9.614507
b1 		 40 		 9.614507
b1 		 41 		 10.185876
b1 		 42 		 10.757244
b1 		 43 		 9.614507
b1 		 44 		 10.185876
b1 		 45 		 10.757244
b1 		 46 		 9.614507
b1 		 47 		 10.185876
b1 		 48 		 11.493892
b1 		 49 		 9.614507
b1 		 50 		 9.614507
b1 		 51 		 2470.955823
b1 		 52 		 2500.0
b1 		 53 		 15.176097
b1 		 54 		 9.614507
b1 		 55 		 9.614507
b1 		 56 		 9.614507
b1 		 57 		 18.858301
b1 		 58 		 16.978917
b1 		 59 		 9.614507
b1 		 60 		 9.614507
b1 		 61 		 2500.0
b1 		 62 		 9.614507
b1 		 63 		 9.614507
b1 		 64 		 2500.0
b1 		 65 		 9.614507
b1 		 66 		 11.493892
b1 		 67 		 11.493892
b1 		 68 		 11.493892
b1 		 69 		 11.493892
b1 		 70 		 13.296712
b1 		 71 		 13.296712
b1 		 72 		 2500.0
b1 		 73 		 2473.330012
b1 		 74 		 9.614507
b1 		 75 		 11.493892
b1 		 76 		 9.614507
b1 		 77 		 9.614507
b1 		 78 		 2500.0
b1 		 79 		 9.614507
b1 		 80 		 11.493892
b1 		 81 		 13.373276
b1 		 82 		 9.614507
b1 		 83 		 11.493892
b1 		 84 		 9.614507
b1 		 85 		 9.614507
b1 		 86 		 18.769587
b1 		 87 		 9.614507
b1 		 88 		 9.614507
b1 		 89 		 9.614507
b1 		 90 		 9.614507
b1 		 91 		 9.614507
b1 		 92 		 10.185876
b1 		 93 		 9.614507
b1 		 94 		 2500.0
b1 		 95 		 9.614507
b1 		 96 		 9.614507
----------------------------------------------------------------------------------------------------
b2 		 1 		 9.614507
b2 		 2 		 9.614507
b2 		 3 		 9.408671
b2 		 4 		 9.614507
b2 		 5 		 9.408671
b2 		 6 		 9.408671
b2 		 7 		 9.408671
b2 		 8 		 9.614507
b2 		 9 		 9.408671
b2 		 10 		 9.408671
b2 		 11 		 9.408671
b2 		 12 		 9.408671
b2 		 13 		 9.408671
b2 		 14 		 9.408671
b2 		 15 		 9.408671
b2 		 16 		 9.408671
b2 		 17 		 9.408671
b2 		 18 		 9.408671
b2 		 19 		 9.408671
b2 		 20 		 9.408671
b2 		 21 		 2481.182658
b2 		 22 		 2500.0
b2 		 23 		 9.408671
b2 		 24 		 9.408671
b2 		 25 		 2500.0
b2 		 26 		 2480.976822
b2 		 27 		 9.614507
b2 		 28 		 9.614507
b2 		 29 		 9.614507
b2 		 30 		 9.614507
b2 		 31 		 9.614507
b2 		 32 		 9.614507
b2 		 33 		 9.614507
b2 		 34 		 9.614507
b2 		 35 		 9.614507
b2 		 36 		 9.614507
b2 		 37 		 9.614507
b2 		 38 		 9.614507
b2 		 39 		 9.614507
b2 		 40 		 9.614507
b2 		 41 		 10.185876
b2 		 42 		 10.757244
b2 		 43 		 9.614507
b2 		 44 		 10.185876
b2 		 45 		 10.757244
b2 		 46 		 9.614507
b2 		 47 		 10.185876
b2 		 48 		 11.493892
b2 		 49 		 9.614507
b2 		 50 		 9.614507
b2 		 51 		 2470.955823
b2 		 52 		 2500.0
b2 		 53 		 15.176097
b2 		 54 		 9.614507
b2 		 55 		 9.614507
b2 		 56 		 9.614507
b2 		 57 		 18.858301
b2 		 58 		 16.978917
b2 		 59 		 9.614507
b2 		 60 		 9.614507
b2 		 61 		 2500.0
b2 		 62 		 9.614507
b2 		 63 		 9.614507
b2 		 64 		 2500.0
b2 		 65 		 9.614507
b2 		 66 		 11.493892
b2 		 67 		 11.493892
b2 		 68 		 11.493892
b2 		 69 		 11.493892
b2 		 70 		 13.296712
b2 		 71 		 13.296712
b2 		 72 		 2500.0
b2 		 73 		 2473.330012
b2 		 74 		 9.614507
b2 		 75 		 11.493892
b2 		 76 		 9.614507
b2 		 77 		 9.614507
b2 		 78 		 2500.0
b2 		 79 		 9.614507
b2 		 80 		 11.493892
b2 		 81 		 13.373276
b2 		 82 		 9.614507
b2 		 83 		 11.493892
b2 		 84 		 9.614507
b2 		 85 		 9.614507
b2 		 86 		 18.769587
b2 		 87 		 9.614507
b2 		 88 		 9.614507
b2 		 89 		 9.614507
b2 		 90 		 9.614507
b2 		 91 		 9.614507
b2 		 92 		 10.185876
b2 		 93 		 9.614507
b2 		 94 		 2500.0
b2 		 95 		 9.614507
b2 		 96 		 9.614507
----------------------------------------------------------------------------------------------------
b3 		 1 		 9.614507
b3 		 2 		 9.614507
b3 		 3 		 9.408671
b3 		 4 		 9.614507
b3 		 5 		 9.408671
b3 		 6 		 9.408671
b3 		 7 		 9.408671
b3 		 8 		 9.614507
b3 		 9 		 9.408671
b3 		 10 		 9.408671
b3 		 11 		 9.408671
b3 		 12 		 9.408671
b3 		 13 		 9.408671
b3 		 14 		 9.408671
b3 		 15 		 9.408671
b3 		 16 		 9.408671
b3 		 17 		 9.408671
b3 		 18 		 9.408671
b3 		 19 		 9.408671
b3 		 20 		 9.408671
b3 		 21 		 2481.182658
b3 		 22 		 2500.0
b3 		 23 		 9.408671
b3 		 24 		 9.408671
b3 		 25 		 2500.0
b3 		 26 		 2480.976822
b3 		 27 		 9.614507
b3 		 28 		 9.614507
b3 		 29 		 9.614507
b3 		 30 		 9.614507
b3 		 31 		 9.614507
b3 		 32 		 9.614507
b3 		 33 		 9.614507
b3 		 34 		 9.614507
b3 		 35 		 9.614507
b3 		 36 		 9.614507
b3 		 37 		 9.614507
b3 		 38 		 9.614507
b3 		 39 		 9.614507
b3 		 40 		 9.614507
b3 		 41 		 10.185876
b3 		 42 		 10.757244
b3 		 43 		 9.614507
b3 		 44 		 10.185876
b3 		 45 		 10.757244
b3 		 46 		 9.614507
b3 		 47 		 10.185876
b3 		 48 		 11.493892
b3 		 49 		 9.614507
b3 		 50 		 9.614507
b3 		 51 		 2470.955823
b3 		 52 		 2500.0
b3 		 53 		 15.176097
b3 		 54 		 9.614507
b3 		 55 		 9.614507
b3 		 56 		 9.614507
b3 		 57 		 18.858301
b3 		 58 		 16.978917
b3 		 59 		 9.614507
b3 		 60 		 9.614507
b3 		 61 		 2500.0
b3 		 62 		 9.614507
b3 		 63 		 9.614507
b3 		 64 		 2500.0
b3 		 65 		 9.614507
b3 		 66 		 11.493892
b3 		 67 		 11.493892
b3 		 68 		 11.493892
b3 		 69 		 11.493892
b3 		 70 		 13.296712
b3 		 71 		 13.296712
b3 		 72 		 2500.0
b3 		 73 		 2473.330012
b3 		 74 		 9.614507
b3 		 75 		 11.493892
b3 		 76 		 9.614507
b3 		 77 		 9.614507
b3 		 78 		 2500.0
b3 		 79 		 9.614507
b3 		 80 		 11.493892
b3 		 81 		 13.373276
b3 		 82 		 9.614507
b3 		 83 		 11.493892
b3 		 84 		 9.614507
b3 		 85 		 9.614507
b3 		 86 		 18.769587
b3 		 87 		 9.614507
b3 		 88 		 9.614507
b3 		 89 		 9.614507
b3 		 90 		 9.614507
b3 		 91 		 9.614507
b3 		 92 		 10.185876
b3 		 93 		 9.614507
b3 		 94 		 2500.0
b3 		 95 		 9.614507
b3 		 96 		 9.614507
----------------------------------------------------------------------------------------------------
b4 		 1 		 9.614507
b4 		 2 		 9.614507
b4 		 3 		 9.408671
b4 		 4 		 9.614507
b4 		 5 		 9.408671
b4 		 6 		 9.408671
b4 		 7 		 9.408671
b4 		 8 		 9.614507
b4 		 9 		 9.408671
b4 		 10 		 9.408671
b4 		 11 		 9.408671
b4 		 12 		 9.408671
b4 		 13 		 9.408671
b4 		 14 		 9.408671
b4 		 15 		 9.408671
b4 		 16 		 9.408671
b4 		 17 		 9.408671
b4 		 18 		 9.408671
b4 		 19 		 9.408671
b4 		 20 		 9.408671
b4 		 21 		 2481.182658
b4 		 22 		 2500.0
b4 		 23 		 9.408671
b4 		 24 		 9.408671
b4 		 25 		 2500.0
b4 		 26 		 2480.976822
b4 		 27 		 9.614507
b4 		 28 		 9.614507
b4 		 29 		 9.614507
b4 		 30 		 9.614507
b4 		 31 		 9.614507
b4 		 32 		 9.614507
b4 		 33 		 9.614507
b4 		 34 		 9.614507
b4 		 35 		 9.614507
b4 		 36 		 9.614507
b4 		 37 		 9.614507
b4 		 38 		 9.614507
b4 		 39 		 9.614507
b4 		 40 		 9.614507
b4 		 41 		 10.185876
b4 		 42 		 10.757244
b4 		 43 		 9.614507
b4 		 44 		 10.185876
b4 		 45 		 10.757244
b4 		 46 		 9.614507
b4 		 47 		 10.185876
b4 		 48 		 11.493892
b4 		 49 		 9.614507
b4 		 50 		 9.614507
b4 		 51 		 2470.955823
b4 		 52 		 2500.0
b4 		 53 		 15.176097
b4 		 54 		 9.614507
b4 		 55 		 9.614507
b4 		 56 		 9.614507
b4 		 57 		 18.858301
b4 		 58 		 16.978917
b4 		 59 		 9.614507
b4 		 60 		 9.614507
b4 		 61 		 2500.0
b4 		 62 		 9.614507
b4 		 63 		 9.614507
b4 		 64 		 2500.0
b4 		 65 		 9.614507
b4 		 66 		 11.493892
b4 		 67 		 11.493892
b4 		 68 		 11.493892
b4 		 69 		 11.493892
b4 		 70 		 13.296712
b4 		 71 		 13.296712
b4 		 72 		 2500.0
b4 		 73 		 2473.330012
b4 		 74 		 9.614507
b4 		 75 		 11.493892
b4 		 76 		 9.614507
b4 		 77 		 9.614507
b4 		 78 		 2500.0
b4 		 79 		 9.614507
b4 		 80 		 11.493892
b4 		 81 		 13.373276
b4 		 82 		 9.614507
b4 		 83 		 11.493892
b4 		 84 		 9.614507
b4 		 85 		 9.614507
b4 		 86 		 18.769587
b4 		 87 		 9.614507
b4 		 88 		 9.614507
b4 		 89 		 9.614507
b4 		 90 		 9.614507
b4 		 91 		 9.614507
b4 		 92 		 10.185876
b4 		 93 		 9.614507
b4 		 94 		 2500.0
b4 		 95 		 9.614507
b4 		 96 		 9.614507
----------------------------------------------------------------------------------------------------
b5 		 1 		 9.614507
b5 		 2 		 9.614507
b5 		 3 		 9.408671
b5 		 4 		 9.614507
b5 		 5 		 9.408671
b5 		 6 		 9.408671
b5 		 7 		 9.408671
b5 		 8 		 9.614507
b5 		 9 		 9.408671
b5 		 10 		 9.408671
b5 		 11 		 9.408671
b5 		 12 		 9.408671
b5 		 13 		 9.408671
b5 		 14 		 9.408671
b5 		 15 		 9.408671
b5 		 16 		 9.408671
b5 		 17 		 9.408671
b5 		 18 		 9.408671
b5 		 19 		 9.408671
b5 		 20 		 9.408671
b5 		 21 		 2481.182658
b5 		 22 		 2500.0
b5 		 23 		 9.408671
b5 		 24 		 9.408671
b5 		 25 		 2500.0
b5 		 26 		 2480.976822
b5 		 27 		 9.614507
b5 		 28 		 9.614507
b5 		 29 		 9.614507
b5 		 30 		 9.614507
b5 		 31 		 9.614507
b5 		 32 		 9.614507
b5 		 33 		 9.614507
b5 		 34 		 9.614507
b5 		 35 		 9.614507
b5 		 36 		 9.614507
b5 		 37 		 9.614507
b5 		 38 		 9.614507
b5 		 39 		 9.614507
b5 		 40 		 9.614507
b5 		 41 		 10.185876
b5 		 42 		 10.757244
b5 		 43 		 9.614507
b5 		 44 		 10.185876
b5 		 45 		 10.757244
b5 		 46 		 9.614507
b5 		 47 		 10.185876
b5 		 48 		 11.493892
b5 		 49 		 9.614507
b5 		 50 		 9.614507
b5 		 51 		 2470.955823
b5 		 52 		 2500.0
b5 		 53 		 15.176097
b5 		 54 		 9.614507
b5 		 55 		 9.614507
b5 		 56 		 9.614507
b5 		 57 		 18.858301
b5 		 58 		 16.978917
b5 		 59 		 9.614507
b5 		 60 		 9.614507
b5 		 61 		 2500.0
b5 		 62 		 9.614507
b5 		 63 		 9.614507
b5 		 64 		 2500.0
b5 		 65 		 9.614507
b5 		 66 		 11.493892
b5 		 67 		 11.493892
b5 		 68 		 11.493892
b5 		 69 		 11.493892
b5 		 70 		 13.296712
b5 		 71 		 13.296712
b5 		 72 		 2500.0
b5 		 73 		 2473.330012
b5 		 74 		 9.614507
b5 		 75 		 11.493892
b5 		 76 		 9.614507
b5 		 77 		 9.614507
b5 		 78 		 2500.0
b5 		 79 		 9.614507
b5 		 80 		 11.493892
b5 		 81 		 13.373276
b5 		 82 		 9.614507
b5 		 83 		 11.493892
b5 		 84 		 9.614507
b5 		 85 		 9.614507
b5 		 86 		 18.769587
b5 		 87 		 9.614507
b5 		 88 		 9.614507
b5 		 89 		 9.614507
b5 		 90 		 9.614507
b5 		 91 		 9.614507
b5 		 92 		 10.185876
b5 		 93 		 9.614507
b5 		 94 		 2500.0
b5 		 95 		 9.614507
b5 		 96 		 9.614507
----------------------------------------------------------------------------------------------------
b6 		 1 		 9.614507
b6 		 2 		 9.614507
b6 		 3 		 9.408671
b6 		 4 		 9.614507
b6 		 5 		 9.408671
b6 		 6 		 9.408671
b6 		 7 		 9.408671
b6 		 8 		 9.614507
b6 		 9 		 9.408671
b6 		 10 		 9.408671
b6 		 11 		 9.408671
b6 		 12 		 9.408671
b6 		 13 		 9.408671
b6 		 14 		 9.408671
b6 		 15 		 9.408671
b6 		 16 		 9.408671
b6 		 17 		 9.408671
b6 		 18 		 9.408671
b6 		 19 		 9.408671
b6 		 20 		 9.408671
b6 		 21 		 2481.182658
b6 		 22 		 2500.0
b6 		 23 		 9.408671
b6 		 24 		 9.408671
b6 		 25 		 2500.0
b6 		 26 		 2480.976822
b6 		 27 		 9.614507
b6 		 28 		 9.614507
b6 		 29 		 9.614507
b6 		 30 		 9.614507
b6 		 31 		 9.614507
b6 		 32 		 9.614507
b6 		 33 		 9.614507
b6 		 34 		 9.614507
b6 		 35 		 9.614507
b6 		 36 		 9.614507
b6 		 37 		 9.614507
b6 		 38 		 9.614507
b6 		 39 		 9.614507
b6 		 40 		 9.614507
b6 		 41 		 10.185876
b6 		 42 		 10.757244
b6 		 43 		 9.614507
b6 		 44 		 10.185876
b6 		 45 		 10.757244
b6 		 46 		 9.614507
b6 		 47 		 10.185876
b6 		 48 		 11.493892
b6 		 49 		 9.614507
b6 		 50 		 9.614507
b6 		 51 		 2470.955823
b6 		 52 		 2500.0
b6 		 53 		 15.176097
b6 		 54 		 9.614507
b6 		 55 		 9.614507
b6 		 56 		 9.614507
b6 		 57 		 18.858301
b6 		 58 		 16.978917
b6 		 59 		 9.614507
b6 		 60 		 9.614507
b6 		 61 		 2500.0
b6 		 62 		 9.614507
b6 		 63 		 9.614507
b6 		 64 		 2500.0
b6 		 65 		 9.614507
b6 		 66 		 11.493892
b6 		 67 		 11.493892
b6 		 68 		 11.493892
b6 		 69 		 11.493892
b6 		 70 		 13.296712
b6 		 71 		 13.296712
b6 		 72 		 2500.0
b6 		 73 		 2473.330012
b6 		 74 		 9.614507
b6 		 75 		 11.493892
b6 		 76 		 9.614507
b6 		 77 		 9.614507
b6 		 78 		 2500.0
b6 		 79 		 9.614507
b6 		 80 		 11.493892
b6 		 81 		 13.373276
b6 		 82 		 9.614507
b6 		 83 		 11.493892
b6 		 84 		 9.614507
b6 		 85 		 9.614507
b6 		 86 		 18.769587
b6 		 87 		 9.614507
b6 		 88 		 9.614507
b6 		 89 		 9.614507
b6 		 90 		 9.614507
b6 		 91 		 9.614507
b6 		 92 		 10.185876
b6 		 93 		 9.614507
b6 		 94 		 2500.0
b6 		 95 		 9.614507
b6 		 96 		 9.614507
----------------------------------------------------------------------------------------------------
b7 		 1 		 9.614507
b7 		 2 		 9.614507
b7 		 3 		 9.408671
b7 		 4 		 9.614507
b7 		 5 		 9.408671
b7 		 6 		 9.408671
b7 		 7 		 9.408671
b7 		 8 		 9.614507
b7 		 9 		 9.408671
b7 		 10 		 9.408671
b7 		 11 		 9.408671
b7 		 12 		 9.408671
b7 		 13 		 9.408671
b7 		 14 		 9.408671
b7 		 15 		 9.408671
b7 		 16 		 9.408671
b7 		 17 		 9.408671
b7 		 18 		 9.408671
b7 		 19 		 9.408671
b7 		 20 		 9.408671
b7 		 21 		 2481.182658
b7 		 22 		 2500.0
b7 		 23 		 9.408671
b7 		 24 		 9.408671
b7 		 25 		 2500.0
b7 		 26 		 2480.976822
b7 		 27 		 9.614507
b7 		 28 		 9.614507
b7 		 29 		 9.614507
b7 		 30 		 9.614507
b7 		 31 		 9.614507
b7 		 32 		 9.614507
b7 		 33 		 9.614507
b7 		 34 		 9.614507
b7 		 35 		 9.614507
b7 		 36 		 9.614507
b7 		 37 		 9.614507
b7 		 38 		 9.614507
b7 		 39 		 9.614507
b7 		 40 		 9.614507
b7 		 41 		 10.185876
b7 		 42 		 10.757244
b7 		 43 		 9.614507
b7 		 44 		 10.185876
b7 		 45 		 10.757244
b7 		 46 		 9.614507
b7 		 47 		 10.185876
b7 		 48 		 11.493892
b7 		 49 		 9.614507
b7 		 50 		 9.614507
b7 		 51 		 2470.955823
b7 		 52 		 2500.0
b7 		 53 		 15.176097
b7 		 54 		 9.614507
b7 		 55 		 9.614507
b7 		 56 		 9.614507
b7 		 57 		 18.858301
b7 		 58 		 16.978917
b7 		 59 		 9.614507
b7 		 60 		 9.614507
b7 		 61 		 2500.0
b7 		 62 		 9.614507
b7 		 63 		 9.614507
b7 		 64 		 2500.0
b7 		 65 		 9.614507
b7 		 66 		 11.493892
b7 		 67 		 11.493892
b7 		 68 		 11.493892
b7 		 69 		 11.493892
b7 		 70 		 13.296712
b7 		 71 		 13.296712
b7 		 72 		 2500.0
b7 		 73 		 2473.330012
b7 		 74 		 9.614507
b7 		 75 		 11.493892
b7 		 76 		 9.614507
b7 		 77 		 9.614507
b7 		 78 		 2500.0
b7 		 79 		 9.614507
b7 		 80 		 11.493892
b7 		 81 		 13.373276
b7 		 82 		 9.614507
b7 		 83 		 11.493892
b7 		 84 		 9.614507
b7 		 85 		 9.614507
b7 		 86 		 18.769587
b7 		 87 		 9.614507
b7 		 88 		 9.614507
b7 		 89 		 9.614507
b7 		 90 		 9.614507
b7 		 91 		 9.614507
b7 		 92 		 10.185876
b7 		 93 		 9.614507
b7 		 94 		 2500.0
b7 		 95 		 9.614507
b7 		 96 		 9.614507
----------------------------------------------------------------------------------------------------
b8 		 1 		 9.614507
b8 		 2 		 9.614507
b8 		 3 		 9.408671
b8 		 4 		 9.614507
b8 		 5 		 9.408671
b8 		 6 		 9.408671
b8 		 7 		 9.408671
b8 		 8 		 9.614507
b8 		 9 		 9.408671
b8 		 10 		 9.408671
b8 		 11 		 9.408671
b8 		 12 		 9.408671
b8 		 13 		 9.408671
b8 		 14 		 9.408671
b8 		 15 		 9.408671
b8 		 16 		 9.408671
b8 		 17 		 9.408671
b8 		 18 		 9.408671
b8 		 19 		 9.408671
b8 		 20 		 9.408671
b8 		 21 		 2481.182658
b8 		 22 		 2500.0
b8 		 23 		 9.408671
b8 		 24 		 9.408671
b8 		 25 		 2500.0
b8 		 26 		 2480.976822
b8 		 27 		 9.614507
b8 		 28 		 9.614507
b8 		 29 		 9.614507
b8 		 30 		 9.614507
b8 		 31 		 9.614507
b8 		 32 		 9.614507
b8 		 33 		 9.614507
b8 		 34 		 9.614507
b8 		 35 		 9.614507
b8 		 36 		 9.614507
b8 		 37 		 9.614507
b8 		 38 		 9.614507
b8 		 39 		 9.614507
b8 		 40 		 9.614507
b8 		 41 		 10.185876
b8 		 42 		 10.757244
b8 		 43 		 9.614507
b8 		 44 		 10.185876
b8 		 45 		 10.757244
b8 		 46 		 9.614507
b8 		 47 		 10.185876
b8 		 48 		 11.493892
b8 		 49 		 9.614507
b8 		 50 		 9.614507
b8 		 51 		 2470.955823
b8 		 52 		 2500.0
b8 		 53 		 15.176097
b8 		 54 		 9.614507
b8 		 55 		 9.614507
b8 		 56 		 9.614507
b8 		 57 		 18.858301
b8 		 58 		 16.978917
b8 		 59 		 9.614507
b8 		 60 		 9.614507
b8 		 61 		 2500.0
b8 		 62 		 9.614507
b8 		 63 		 9.614507
b8 		 64 		 2500.0
b8 		 65 		 9.614507
b8 		 66 		 11.493892
b8 		 67 		 11.493892
b8 		 68 		 11.493892
b8 		 69 		 11.493892
b8 		 70 		 13.296712
b8 		 71 		 13.296712
b8 		 72 		 2500.0
b8 		 73 		 2473.330012
b8 		 74 		 9.614507
b8 		 75 		 11.493892
b8 		 76 		 9.614507
b8 		 77 		 9.614507
b8 		 78 		 2500.0
b8 		 79 		 9.614507
b8 		 80 		 11.493892
b8 		 81 		 13.373276
b8 		 82 		 9.614507
b8 		 83 		 11.493892
b8 		 84 		 9.614507
b8 		 85 		 9.614507
b8 		 86 		 18.769587
b8 		 87 		 9.614507
b8 		 88 		 9.614507
b8 		 89 		 9.614507
b8 		 90 		 9.614507
b8 		 91 		 9.614507
b8 		 92 		 10.185876
b8 		 93 		 9.614507
b8 		 94 		 2500.0
b8 		 95 		 9.614507
b8 		 96 		 9.614507
----------------------------------------------------------------------------------------------------
b9 		 1 		 9.614507
b9 		 2 		 9.614507
b9 		 3 		 9.408671
b9 		 4 		 9.614507
b9 		 5 		 9.408671
b9 		 6 		 9.408671
b9 		 7 		 9.408671
b9 		 8 		 9.614507
b9 		 9 		 9.408671
b9 		 10 		 9.408671
b9 		 11 		 9.408671
b9 		 12 		 9.408671
b9 		 13 		 9.408671
b9 		 14 		 9.408671
b9 		 15 		 9.408671
b9 		 16 		 9.408671
b9 		 17 		 9.408671
b9 		 18 		 9.408671
b9 		 19 		 9.408671
b9 		 20 		 9.408671
b9 		 21 		 2481.182658
b9 		 22 		 2500.0
b9 		 23 		 9.408671
b9 		 24 		 9.408671
b9 		 25 		 2500.0
b9 		 26 		 2480.976822
b9 		 27 		 9.614507
b9 		 28 		 9.614507
b9 		 29 		 9.614507
b9 		 30 		 9.614507
b9 		 31 		 9.614507
b9 		 32 		 9.614507
b9 		 33 		 9.614507
b9 		 34 		 9.614507
b9 		 35 		 9.614507
b9 		 36 		 9.614507
b9 		 37 		 9.614507
b9 		 38 		 9.614507
b9 		 39 		 9.614507
b9 		 40 		 9.614507
b9 		 41 		 10.185876
b9 		 42 		 10.757244
b9 		 43 		 9.614507
b9 		 44 		 10.185876
b9 		 45 		 10.757244
b9 		 46 		 9.614507
b9 		 47 		 10.185876
b9 		 48 		 11.493892
b9 		 49 		 9.614507
b9 		 50 		 9.614507
b9 		 51 		 2470.955823
b9 		 52 		 2500.0
b9 		 53 		 15.176097
b9 		 54 		 9.614507
b9 		 55 		 9.614507
b9 		 56 		 9.614507
b9 		 57 		 18.858301
b9 		 58 		 16.978917
b9 		 59 		 9.614507
b9 		 60 		 9.614507
b9 		 61 		 2500.0
b9 		 62 		 9.614507
b9 		 63 		 9.614507
b9 		 64 		 2500.0
b9 		 65 		 9.614507
b9 		 66 		 11.493892
b9 		 67 		 11.493892
b9 		 68 		 11.493892
b9 		 69 		 11.493892
b9 		 70 		 13.296712
b9 		 71 		 13.296712
b9 		 72 		 2500.0
b9 		 73 		 2473.330012
b9 		 74 		 9.614507
b9 		 75 		 11.493892
b9 		 76 		 9.614507
b9 		 77 		 9.614507
b9 		 78 		 2500.0
b9 		 79 		 9.614507
b9 		 80 		 11.493892
b9 		 81 		 13.373276
b9 		 82 		 9.614507
b9 		 83 		 11.493892
b9 		 84 		 9.614507
b9 		 85 		 9.614507
b9 		 86 		 18.769587
b9 		 87 		 9.614507
b9 		 88 		 9.614507
b9 		 89 		 9.614507
b9 		 90 		 9.614507
b9 		 91 		 9.614507
b9 		 92 		 10.185876
b9 		 93 		 9.614507
b9 		 94 		 2500.0
b9 		 95 		 9.614507
b9 		 96 		 9.614507
----------------------------------------------------------------------------------------------------
b10 		 1 		 9.614507
b10 		 2 		 9.614507
b10 		 3 		 9.408671
b10 		 4 		 9.614507
b10 		 5 		 9.408671
b10 		 6 		 9.408671
b10 		 7 		 9.408671
b10 		 8 		 9.614507
b10 		 9 		 9.408671
b10 		 10 		 9.408671
b10 		 11 		 9.408671
b10 		 12 		 9.408671
b10 		 13 		 9.408671
b10 		 14 		 9.408671
b10 		 15 		 9.408671
b10 		 16 		 9.408671
b10 		 17 		 9.408671
b10 		 18 		 9.408671
b10 		 19 		 9.408671
b10 		 20 		 9.408671
b10 		 21 		 2481.182658
b10 		 22 		 2500.0
b10 		 23 		 9.408671
b10 		 24 		 9.408671
b10 		 25 		 2500.0
b10 		 26 		 2480.976822
b10 		 27 		 9.614507
b10 		 28 		 9.614507
b10 		 29 		 9.614507
b10 		 30 		 9.614507
b10 		 31 		 9.614507
b10 		 32 		 9.614507
b10 		 33 		 9.614507
b10 		 34 		 9.614507
b10 		 35 		 9.614507
b10 		 36 		 9.614507
b10 		 37 		 9.614507
b10 		 38 		 9.614507
b10 		 39 		 9.614507
b10 		 40 		 9.614507
b10 		 41 		 10.185876
b10 		 42 		 10.757244
b10 		 43 		 9.614507
b10 		 44 		 10.185876
b10 		 45 		 10.757244
b10 		 46 		 9.614507
b10 		 47 		 10.185876
b10 		 48 		 11.493892
b10 		 49 		 9.614507
b10 		 50 		 9.614507
b10 		 51 		 2470.955823
b10 		 52 		 2500.0
b10 		 53 		 15.176097
b10 		 54 		 9.614507
b10 		 55 		 9.614507
b10 		 56 		 9.614507
b10 		 57 		 18.858301
b10 		 58 		 16.978917
b10 		 59 		 9.614507
b10 		 60 		 9.614507
b10 		 61 		 2500.0
b10 		 62 		 9.614507
b10 		 63 		 9.614507
b10 		 64 		 2500.0
b10 		 65 		 9.614507
b10 		 66 		 11.493892
b10 		 67 		 11.493892
b10 		 68 		 11.493892
b10 		 69 		 11.493892
b10 		 70 		 13.296712
b10 		 71 		 13.296712
b10 		 72 		 2500.0
b10 		 73 		 2473.330012
b10 		 74 		 9.614507
b10 		 75 		 11.493892
b10 		 76 		 9.614507
b10 		 77 		 9.614507
b10 		 78 		 2500.0
b10 		 79 		 9.614507
b10 		 80 		 11.493892
b10 		 81 		 13.373276
b10 		 82 		 9.614507
b10 		 83 		 11.493892
b10 		 84 		 9.614507
b10 		 85 		 9.614507
b10 		 86 		 18.769587
b10 		 87 		 9.614507
b10 		 88 		 9.614507
b10 		 89 		 9.614507
b10 		 90 		 9.614507
b10 		 91 		 9.614507
b10 		 92 		 10.185876
b10 		 93 		 9.614507
b10 		 94 		 2500.0
b10 		 95 		 9.614507
b10 		 96 		 9.614507
----------------------------------------------------------------------------------------------------
b11 		 1 		 9.614507
b11 		 2 		 9.614507
b11 		 3 		 9.408671
b11 		 4 		 9.614507
b11 		 5 		 9.408671
b11 		 6 		 9.408671
b11 		 7 		 9.408671
b11 		 8 		 9.614507
b11 		 9 		 9.408671
b11 		 10 		 9.408671
b11 		 11 		 9.408671
b11 		 12 		 9.408671
b11 		 13 		 9.408671
b11 		 14 		 9.408671
b11 		 15 		 9.408671
b11 		 16 		 9.408671
b11 		 17 		 9.408671
b11 		 18 		 9.408671
b11 		 19 		 9.408671
b11 		 20 		 9.408671
b11 		 21 		 2481.182658
b11 		 22 		 2500.0
b11 		 23 		 9.408671
b11 		 24 		 9.408671
b11 		 25 		 2500.0
b11 		 26 		 2480.976822
b11 		 27 		 9.614507
b11 		 28 		 9.614507
b11 		 29 		 9.614507
b11 		 30 		 9.614507
b11 		 31 		 9.614507
b11 		 32 		 9.614507
b11 		 33 		 9.614507
b11 		 34 		 9.614507
b11 		 35 		 9.614507
b11 		 36 		 9.614507
b11 		 37 		 9.614507
b11 		 38 		 9.614507
b11 		 39 		 9.614507
b11 		 40 		 9.614507
b11 		 41 		 10.185876
b11 		 42 		 10.757244
b11 		 43 		 9.614507
b11 		 44 		 10.185876
b11 		 45 		 10.757244
b11 		 46 		 9.614507
b11 		 47 		 10.185876
b11 		 48 		 11.493892
b11 		 49 		 9.614507
b11 		 50 		 9.614507
b11 		 51 		 2470.955823
b11 		 52 		 2500.0
b11 		 53 		 15.176097
b11 		 54 		 9.614507
b11 		 55 		 9.614507
b11 		 56 		 9.614507
b11 		 57 		 18.858301
b11 		 58 		 16.978917
b11 		 59 		 9.614507
b11 		 60 		 9.614507
b11 		 61 		 2500.0
b11 		 62 		 9.614507
b11 		 63 		 9.614507
b11 		 64 		 2500.0
b11 		 65 		 9.614507
b11 		 66 		 11.493892
b11 		 67 		 11.493892
b11 		 68 		 11.493892
b11 		 69 		 11.493892
b11 		 70 		 13.296712
b11 		 71 		 13.296712
b11 		 72 		 2500.0
b11 		 73 		 2473.330012
b11 		 74 		 9.614507
b11 		 75 		 11.493892
b11 		 76 		 9.614507
b11 		 77 		 9.614507
b11 		 78 		 2500.0
b11 		 79 		 9.614507
b11 		 80 		 11.493892
b11 		 81 		 13.373276
b11 		 82 		 9.614507
b11 		 83 		 11.493892
b11 		 84 		 9.614507
b11 		 85 		 9.614507
b11 		 86 		 18.769587
b11 		 87 		 9.614507
b11 		 88 		 9.614507
b11 		 89 		 9.614507
b11 		 90 		 9.614507
b11 		 91 		 9.614507
b11 		 92 		 10.185876
b11 		 93 		 9.614507
b11 		 94 		 2500.0
b11 		 95 		 9.614507
b11 		 96 		 9.614507
----------------------------------------------------------------------------------------------------
b12 		 1 		 9.614507
b12 		 2 		 9.614507
b12 		 3 		 9.408671
b12 		 4 		 9.614507
b12 		 5 		 9.408671
b12 		 6 		 9.408671
b12 		 7 		 9.408671
b12 		 8 		 9.614507
b12 		 9 		 9.408671
b12 		 10 		 9.408671
b12 		 11 		 9.408671
b12 		 12 		 9.408671
b12 		 13 		 9.408671
b12 		 14 		 9.408671
b12 		 15 		 9.408671
b12 		 16 		 9.408671
b12 		 17 		 9.408671
b12 		 18 		 9.408671
b12 		 19 		 9.408671
b12 		 20 		 9.408671
b12 		 21 		 2481.182658
b12 		 22 		 2500.0
b12 		 23 		 9.408671
b12 		 24 		 9.408671
b12 		 25 		 2500.0
b12 		 26 		 2480.976822
b12 		 27 		 9.614507
b12 		 28 		 9.614507
b12 		 29 		 9.614507
b12 		 30 		 9.614507
b12 		 31 		 9.614507
b12 		 32 		 9.614507
b12 		 33 		 9.614507
b12 		 34 		 9.614507
b12 		 35 		 9.614507
b12 		 36 		 9.614507
b12 		 37 		 9.614507
b12 		 38 		 9.614507
b12 		 39 		 9.614507
b12 		 40 		 9.614507
b12 		 41 		 10.185876
b12 		 42 		 10.757244
b12 		 43 		 9.614507
b12 		 44 		 10.185876
b12 		 45 		 10.757244
b12 		 46 		 9.614507
b12 		 47 		 10.185876
b12 		 48 		 11.493892
b12 		 49 		 9.614507
b12 		 50 		 9.614507
b12 		 51 		 2470.955823
b12 		 52 		 2500.0
b12 		 53 		 15.176097
b12 		 54 		 9.614507
b12 		 55 		 9.614507
b12 		 56 		 9.614507
b12 		 57 		 18.858301
b12 		 58 		 16.978917
b12 		 59 		 9.614507
b12 		 60 		 9.614507
b12 		 61 		 2500.0
b12 		 62 		 9.614507
b12 		 63 		 9.614507
b12 		 64 		 2500.0
b12 		 65 		 9.614507
b12 		 66 		 11.493892
b12 		 67 		 11.493892
b12 		 68 		 11.493892
b12 		 69 		 11.493892
b12 		 70 		 13.296712
b12 		 71 		 13.296712
b12 		 72 		 2500.0
b12 		 73 		 2473.330012
b12 		 74 		 9.614507
b12 		 75 		 11.493892
b12 		 76 		 9.614507
b12 		 77 		 9.614507
b12 		 78 		 2500.0
b12 		 79 		 9.614507
b12 		 80 		 11.493892
b12 		 81 		 13.373276
b12 		 82 		 9.614507
b12 		 83 		 11.493892
b12 		 84 		 9.614507
b12 		 85 		 9.614507
b12 		 86 		 18.769587
b12 		 87 		 9.614507
b12 		 88 		 9.614507
b12 		 89 		 9.614507
b12 		 90 		 9.614507
b12 		 91 		 9.614507
b12 		 92 		 10.185876
b12 		 93 		 9.614507
b12 		 94 		 2500.0
b12 		 95 		 9.614507
b12 		 96 		 9.614507
----------------------------------------------------------------------------------------------------
b13 		 1 		 9.614507
b13 		 2 		 9.614507
b13 		 3 		 9.408671
b13 		 4 		 9.614507
b13 		 5 		 9.408671
b13 		 6 		 9.408671
b13 		 7 		 9.408671
b13 		 8 		 9.614507
b13 		 9 		 9.408671
b13 		 10 		 9.408671
b13 		 11 		 9.408671
b13 		 12 		 9.408671
b13 		 13 		 9.408671
b13 		 14 		 9.408671
b13 		 15 		 9.408671
b13 		 16 		 9.408671
b13 		 17 		 9.408671
b13 		 18 		 9.408671
b13 		 19 		 9.408671
b13 		 20 		 9.408671
b13 		 21 		 2481.182658
b13 		 22 		 2500.0
b13 		 23 		 9.408671
b13 		 24 		 9.408671
b13 		 25 		 2500.0
b13 		 26 		 2480.976822
b13 		 27 		 9.614507
b13 		 28 		 9.614507
b13 		 29 		 9.614507
b13 		 30 		 9.614507
b13 		 31 		 9.614507
b13 		 32 		 9.614507
b13 		 33 		 9.614507
b13 		 34 		 9.614507
b13 		 35 		 9.614507
b13 		 36 		 9.614507
b13 		 37 		 9.614507
b13 		 38 		 9.614507
b13 		 39 		 9.614507
b13 		 40 		 9.614507
b13 		 41 		 10.185876
b13 		 42 		 10.757244
b13 		 43 		 9.614507
b13 		 44 		 10.185876
b13 		 45 		 10.757244
b13 		 46 		 9.614507
b13 		 47 		 10.185876
b13 		 48 		 11.493892
b13 		 49 		 9.614507
b13 		 50 		 9.614507
b13 		 51 		 2470.955823
b13 		 52 		 2500.0
b13 		 53 		 15.176097
b13 		 54 		 9.614507
b13 		 55 		 9.614507
b13 		 56 		 9.614507
b13 		 57 		 18.858301
b13 		 58 		 16.978917
b13 		 59 		 9.614507
b13 		 60 		 9.614507
b13 		 61 		 2500.0
b13 		 62 		 9.614507
b13 		 63 		 9.614507
b13 		 64 		 2500.0
b13 		 65 		 9.614507
b13 		 66 		 11.493892
b13 		 67 		 11.493892
b13 		 68 		 11.493892
b13 		 69 		 11.493892
b13 		 70 		 13.296712
b13 		 71 		 13.296712
b13 		 72 		 2500.0
b13 		 73 		 2473.330012
b13 		 74 		 9.614507
b13 		 75 		 11.493892
b13 		 76 		 9.614507
b13 		 77 		 9.614507
b13 		 78 		 2500.0
b13 		 79 		 9.614507
b13 		 80 		 11.493892
b13 		 81 		 13.373276
b13 		 82 		 9.614507
b13 		 83 		 11.493892
b13 		 84 		 9.614507
b13 		 85 		 9.614507
b13 		 86 		 18.769587
b13 		 87 		 9.614507
b13 		 88 		 9.614507
b13 		 89 		 9.614507
b13 		 90 		 9.614507
b13 		 91 		 9.614507
b13 		 92 		 10.185876
b13 		 93 		 9.614507
b13 		 94 		 2500.0
b13 		 95 		 9.614507
b13 		 96 		 9.614507
----------------------------------------------------------------------------------------------------
b14 		 1 		 9.614507
b14 		 2 		 9.614507
b14 		 3 		 9.408671
b14 		 4 		 9.614507
b14 		 5 		 9.408671
b14 		 6 		 9.408671
b14 		 7 		 9.408671
b14 		 8 		 9.614507
b14 		 9 		 9.408671
b14 		 10 		 9.408671
b14 		 11 		 9.408671
b14 		 12 		 9.408671
b14 		 13 		 9.408671
b14 		 14 		 9.408671
b14 		 15 		 9.408671
b14 		 16 		 9.408671
b14 		 17 		 9.408671
b14 		 18 		 9.408671
b14 		 19 		 9.408671
b14 		 20 		 9.408671
b14 		 21 		 2481.182658
b14 		 22 		 2500.0
b14 		 23 		 9.408671
b14 		 24 		 9.408671
b14 		 25 		 2500.0
b14 		 26 		 2480.976822
b14 		 27 		 9.614507
b14 		 28 		 9.614507
b14 		 29 		 9.614507
b14 		 30 		 9.614507
b14 		 31 		 9.614507
b14 		 32 		 9.614507
b14 		 33 		 9.614507
b14 		 34 		 9.614507
b14 		 35 		 9.614507
b14 		 36 		 9.614507
b14 		 37 		 9.614507
b14 		 38 		 9.614507
b14 		 39 		 9.614507
b14 		 40 		 9.614507
b14 		 41 		 10.185876
b14 		 42 		 10.757244
b14 		 43 		 9.614507
b14 		 44 		 10.185876
b14 		 45 		 10.757244
b14 		 46 		 9.614507
b14 		 47 		 10.185876
b14 		 48 		 11.493892
b14 		 49 		 9.614507
b14 		 50 		 9.614507
b14 		 51 		 2470.955823
b14 		 52 		 2500.0
b14 		 53 		 15.176097
b14 		 54 		 9.614507
b14 		 55 		 9.614507
b14 		 56 		 9.614507
b14 		 57 		 18.858301
b14 		 58 		 16.978917
b14 		 59 		 9.614507
b14 		 60 		 9.614507
b14 		 61 		 2500.0
b14 		 62 		 9.614507
b14 		 63 		 9.614507
b14 		 64 		 2500.0
b14 		 65 		 9.614507
b14 		 66 		 11.493892
b14 		 67 		 11.493892
b14 		 68 		 11.493892
b14 		 69 		 11.493892
b14 		 70 		 13.296712
b14 		 71 		 13.296712
b14 		 72 		 2500.0
b14 		 73 		 2473.330012
b14 		 74 		 9.614507
b14 		 75 		 11.493892
b14 		 76 		 9.614507
b14 		 77 		 9.614507
b14 		 78 		 2500.0
b14 		 79 		 9.614507
b14 		 80 		 11.493892
b14 		 81 		 13.373276
b14 		 82 		 9.614507
b14 		 83 		 11.493892
b14 		 84 		 9.614507
b14 		 85 		 9.614507
b14 		 86 		 18.769587
b14 		 87 		 9.614507
b14 		 88 		 9.614507
b14 		 89 		 9.614507
b14 		 90 		 9.614507
b14 		 91 		 9.614507
b14 		 92 		 10.185876
b14 		 93 		 9.614507
b14 		 94 		 2500.0
b14 		 95 		 9.614507
b14 		 96 		 9.614507
----------------------------------------------------------------------------------------------------
Total overall payments
----------------------------------------------------------------------------------------------------------------------------------------------------
total generation payment 	 total up-FRP payment 	 total dw-FRP payment 	 total pre-up t. payment 	 uplift payment 	 total post-up t. payment 	 profit
----------------------------------------------------------------------------------------------------------------------------------------------------
1.1762522090180002e6 			 0.0 			 0.0 			 1.1762522090180002e6			 0.0 			 1.1762522090180002e6 			 850027.964944
