****************************************************************************************************
 
Generation payment
----------------------------------------------------------------------------------------------------------------
unit	 time 	 generation payment 	 up-FRP payment 	 dw-FRP payment 	pre-up total payment
----------------------------------------------------------------------------------------------------------------
g1	 1 	 446.098934 			 0.0 			 0.0			 446.098934 
g1	 2 	 34.763214 			 0.0 			 0.0			 34.763214 
g1	 3 	 291.783587 			 0.0 			 0.0			 291.783587 
g1	 4 	 254.350744 			 0.0 			 0.0			 254.350744 
g1	 5 	 118152.6625 			 0.0 			 0.0			 118152.6625 
g1	 6 	 -24683.077139 			 0.0 			 0.0			 -24683.077139 
g1	 7 	 -127.927131 			 0.0 			 0.0			 -127.927131 
g1	 8 	 69.831815 			 0.0 			 0.0			 69.831815 
g1	 9 	 86.604408 			 0.0 			 0.0			 86.604408 
g1	 10 	 229.426208 			 0.0 			 0.0			 229.426208 
g1	 11 	 160.529569 			 0.0 			 0.0			 160.529569 
g1	 12 	 -29.284385 			 0.0 			 0.0			 -29.284385 
g1	 13 	 158.906902 			 0.0 			 0.0			 158.906902 
g1	 14 	 321.028606 			 0.0 			 0.0			 321.028606 
g1	 15 	 204.57438 			 0.0 			 0.0			 204.57438 
g1	 16 	 57.110153 			 0.0 			 0.0			 57.110153 
g1	 17 	 -21.963291 			 0.0 			 0.0			 -21.963291 
g1	 18 	 29.691526 			 0.0 			 0.0			 29.691526 
g1	 19 	 -58.50211 			 0.0 			 0.0			 -58.50211 
g1	 20 	 232.566352 			 0.0 			 0.0			 232.566352 
g1	 21 	 68.253943 			 0.0 			 0.0			 68.253943 
g1	 22 	 68.335883 			 0.0 			 0.0			 68.335883 
g1	 23 	 251.170986 			 0.0 			 0.0			 251.170986 
g1	 24 	 181.979504 			 0.0 			 0.0			 181.979504 
g1	 25 	 5.725336 			 0.0 			 0.0			 5.725336 
g1	 26 	 289.80247 			 0.0 			 0.0			 289.80247 
g1	 27 	 122651.6825 			 0.0 			 0.0			 122651.6825 
g1	 28 	 -40513.257132 			 0.0 			 0.0			 -40513.257132 
g1	 29 	 72085.2825 			 0.0 			 0.0			 72085.2825 
g1	 30 	 195.044148 			 0.0 			 0.0			 195.044148 
g1	 31 	 390.493798 			 0.0 			 0.0			 390.493798 
g1	 32 	 103.045142 			 0.0 			 0.0			 103.045142 
g1	 33 	 92067.5275 			 0.0 			 0.0			 92067.5275 
g1	 34 	 -24.918898 			 0.0 			 0.0			 -24.918898 
g1	 35 	 -7.684299 			 0.0 			 0.0			 -7.684299 
g1	 36 	 -36.307724 			 0.0 			 0.0			 -36.307724 
g1	 37 	 200.826092 			 0.0 			 0.0			 200.826092 
g1	 38 	 277.346338 			 0.0 			 0.0			 277.346338 
g1	 39 	 256.423353 			 0.0 			 0.0			 256.423353 
g1	 40 	 369.177561 			 0.0 			 0.0			 369.177561 
g1	 41 	 -86.547927 			 0.0 			 0.0			 -86.547927 
g1	 42 	 307.631897 			 0.0 			 0.0			 307.631897 
g1	 43 	 -85.521655 			 0.0 			 0.0			 -85.521655 
g1	 44 	 247.969641 			 0.0 			 0.0			 247.969641 
g1	 45 	 172.152509 			 0.0 			 0.0			 172.152509 
g1	 46 	 8.670785 			 0.0 			 0.0			 8.670785 
g1	 47 	 -170.710706 			 0.0 			 0.0			 -170.710706 
g1	 48 	 203.916166 			 0.0 			 0.0			 203.916166 
g1	 49 	 -291.146953 			 0.0 			 0.0			 -291.146953 
g1	 50 	 -178.732415 			 0.0 			 0.0			 -178.732415 
g1	 51 	 -265.399538 			 0.0 			 0.0			 -265.399538 
g1	 52 	 -335.023342 			 0.0 			 0.0			 -335.023342 
g1	 53 	 478.43519 			 0.0 			 0.0			 478.43519 
g1	 54 	 -301.506882 			 0.0 			 0.0			 -301.506882 
g1	 55 	 -269.597237 			 0.0 			 0.0			 -269.597237 
g1	 56 	 42252.75 			 0.0 			 0.0			 42252.75 
g1	 57 	 224.729059 			 0.0 			 0.0			 224.729059 
g1	 58 	 194.259418 			 0.0 			 0.0			 194.259418 
g1	 59 	 224.729059 			 0.0 			 0.0			 224.729059 
g1	 60 	 42252.75 			 0.0 			 0.0			 42252.75 
g1	 61 	 -41.070145 			 0.0 			 0.0			 -41.070145 
g1	 62 	 -48.899998 			 0.0 			 0.0			 -48.899998 
g1	 63 	 194.259418 			 0.0 			 0.0			 194.259418 
g1	 64 	 256.492733 			 0.0 			 0.0			 256.492733 
g1	 65 	 18.225221 			 0.0 			 0.0			 18.225221 
g1	 66 	 224.729059 			 0.0 			 0.0			 224.729059 
g1	 67 	 224.729059 			 0.0 			 0.0			 224.729059 
g1	 68 	 42252.75 			 0.0 			 0.0			 42252.75 
g1	 69 	 -97.431779 			 0.0 			 0.0			 -97.431779 
g1	 70 	 224.729059 			 0.0 			 0.0			 224.729059 
g1	 71 	 156.899909 			 0.0 			 0.0			 156.899909 
g1	 72 	 349.195689 			 0.0 			 0.0			 349.195689 
g1	 73 	 -215.160283 			 0.0 			 0.0			 -215.160283 
g1	 74 	 256.492733 			 0.0 			 0.0			 256.492733 
g1	 75 	 -332.696968 			 0.0 			 0.0			 -332.696968 
g1	 76 	 194.259418 			 0.0 			 0.0			 194.259418 
g1	 77 	 194.259418 			 0.0 			 0.0			 194.259418 
g1	 78 	 172.152509 			 0.0 			 0.0			 172.152509 
g1	 79 	 172.152509 			 0.0 			 0.0			 172.152509 
g1	 80 	 194.259418 			 0.0 			 0.0			 194.259418 
g1	 81 	 -91.673372 			 0.0 			 0.0			 -91.673372 
g1	 82 	 -264.360686 			 0.0 			 0.0			 -264.360686 
g1	 83 	 422.379767 			 0.0 			 0.0			 422.379767 
g1	 84 	 -110.801732 			 0.0 			 0.0			 -110.801732 
g1	 85 	 -324.178467 			 0.0 			 0.0			 -324.178467 
g1	 86 	 -1.56853 			 0.0 			 0.0			 -1.56853 
g1	 87 	 172.152509 			 0.0 			 0.0			 172.152509 
g1	 88 	 172.152509 			 0.0 			 0.0			 172.152509 
g1	 89 	 326.765509 			 0.0 			 0.0			 326.765509 
g1	 90 	 508.652589 			 0.0 			 0.0			 508.652589 
g1	 91 	 -68.784843 			 0.0 			 0.0			 -68.784843 
g1	 92 	 -221.35939 			 0.0 			 0.0			 -221.35939 
g1	 93 	 160.950405 			 0.0 			 0.0			 160.950405 
g1	 94 	 207.423345 			 0.0 			 0.0			 207.423345 
g1	 95 	 107582.9775 			 0.0 			 0.0			 107582.9775 
g1	 96 	 154.706878 			 0.0 			 0.0			 154.706878 
----------------------------------------------------------------------------------------------------
g2	 1 	 0.0 			 0.0 			 0.0			 0.0 
g2	 2 	 0.0 			 0.0 			 0.0			 0.0 
g2	 3 	 0.0 			 0.0 			 0.0			 0.0 
g2	 4 	 0.0 			 0.0 			 0.0			 0.0 
g2	 5 	 0.0 			 0.0 			 0.0			 0.0 
g2	 6 	 0.0 			 0.0 			 0.0			 0.0 
g2	 7 	 0.0 			 0.0 			 0.0			 0.0 
g2	 8 	 0.0 			 0.0 			 0.0			 0.0 
g2	 9 	 0.0 			 0.0 			 0.0			 0.0 
g2	 10 	 0.0 			 0.0 			 0.0			 0.0 
g2	 11 	 0.0 			 0.0 			 0.0			 0.0 
g2	 12 	 0.0 			 0.0 			 0.0			 0.0 
g2	 13 	 0.0 			 0.0 			 0.0			 0.0 
g2	 14 	 0.0 			 0.0 			 0.0			 0.0 
g2	 15 	 0.0 			 0.0 			 0.0			 0.0 
g2	 16 	 0.0 			 0.0 			 0.0			 0.0 
g2	 17 	 0.0 			 0.0 			 0.0			 0.0 
g2	 18 	 0.0 			 0.0 			 0.0			 0.0 
g2	 19 	 0.0 			 0.0 			 0.0			 0.0 
g2	 20 	 0.0 			 0.0 			 0.0			 0.0 
g2	 21 	 0.0 			 0.0 			 0.0			 0.0 
g2	 22 	 0.0 			 0.0 			 0.0			 0.0 
g2	 23 	 0.0 			 0.0 			 0.0			 0.0 
g2	 24 	 0.0 			 0.0 			 0.0			 0.0 
g2	 25 	 0.0 			 0.0 			 0.0			 0.0 
g2	 26 	 0.0 			 0.0 			 0.0			 0.0 
g2	 27 	 0.0 			 0.0 			 0.0			 0.0 
g2	 28 	 0.0 			 0.0 			 0.0			 0.0 
g2	 29 	 0.0 			 0.0 			 0.0			 0.0 
g2	 30 	 0.0 			 0.0 			 0.0			 0.0 
g2	 31 	 0.0 			 0.0 			 0.0			 0.0 
g2	 32 	 0.0 			 0.0 			 0.0			 0.0 
g2	 33 	 0.0 			 0.0 			 0.0			 0.0 
g2	 34 	 0.0 			 0.0 			 0.0			 0.0 
g2	 35 	 0.0 			 0.0 			 0.0			 0.0 
g2	 36 	 0.0 			 0.0 			 0.0			 0.0 
g2	 37 	 21.701904 			 0.0 			 0.0			 21.701904 
g2	 38 	 21.701904 			 0.0 			 0.0			 21.701904 
g2	 39 	 21.701904 			 0.0 			 0.0			 21.701904 
g2	 40 	 21.701904 			 0.0 			 0.0			 21.701904 
g2	 41 	 113.137538 			 0.0 			 0.0			 113.137538 
g2	 42 	 430.939099 			 0.0 			 0.0			 430.939099 
g2	 43 	 113.137538 			 0.0 			 0.0			 113.137538 
g2	 44 	 43.606031 			 0.0 			 0.0			 43.606031 
g2	 45 	 -33.912591 			 0.0 			 0.0			 -33.912591 
g2	 46 	 -90.258367 			 0.0 			 0.0			 -90.258367 
g2	 47 	 21.827238 			 0.0 			 0.0			 21.827238 
g2	 48 	 296.868618 			 0.0 			 0.0			 296.868618 
g2	 49 	 153.303083 			 0.0 			 0.0			 153.303083 
g2	 50 	 580.940629 			 0.0 			 0.0			 580.940629 
g2	 51 	 76.253416 			 0.0 			 0.0			 76.253416 
g2	 52 	 405.310167 			 0.0 			 0.0			 405.310167 
g2	 53 	 1451.226374 			 0.0 			 0.0			 1451.226374 
g2	 54 	 278.154562 			 0.0 			 0.0			 278.154562 
g2	 55 	 307.424871 			 0.0 			 0.0			 307.424871 
g2	 56 	 135775.2625 			 0.0 			 0.0			 135775.2625 
g2	 57 	 312.390705 			 0.0 			 0.0			 312.390705 
g2	 58 	 124.487885 			 0.0 			 0.0			 124.487885 
g2	 59 	 430.585377 			 0.0 			 0.0			 430.585377 
g2	 60 	 114297.4875 			 0.0 			 0.0			 114297.4875 
g2	 61 	 186.956925 			 0.0 			 0.0			 186.956925 
g2	 62 	 -27.783089 			 0.0 			 0.0			 -27.783089 
g2	 63 	 51.845223 			 0.0 			 0.0			 51.845223 
g2	 64 	 330.652203 			 0.0 			 0.0			 330.652203 
g2	 65 	 -63.194357 			 0.0 			 0.0			 -63.194357 
g2	 66 	 135.7483 			 0.0 			 0.0			 135.7483 
g2	 67 	 299.096479 			 0.0 			 0.0			 299.096479 
g2	 68 	 89386.9625 			 0.0 			 0.0			 89386.9625 
g2	 69 	 150.217202 			 0.0 			 0.0			 150.217202 
g2	 70 	 197.931903 			 0.0 			 0.0			 197.931903 
g2	 71 	 106.637122 			 0.0 			 0.0			 106.637122 
g2	 72 	 690.624304 			 0.0 			 0.0			 690.624304 
g2	 73 	 251.858674 			 0.0 			 0.0			 251.858674 
g2	 74 	 560.753157 			 0.0 			 0.0			 560.753157 
g2	 75 	 140.513722 			 0.0 			 0.0			 140.513722 
g2	 76 	 237.04273 			 0.0 			 0.0			 237.04273 
g2	 77 	 162.236125 			 0.0 			 0.0			 162.236125 
g2	 78 	 7.42914 			 0.0 			 0.0			 7.42914 
g2	 79 	 13.494585 			 0.0 			 0.0			 13.494585 
g2	 80 	 173.137288 			 0.0 			 0.0			 173.137288 
g2	 81 	 165.267828 			 0.0 			 0.0			 165.267828 
g2	 82 	 380.007842 			 0.0 			 0.0			 380.007842 
g2	 83 	 1545.944862 			 0.0 			 0.0			 1545.944862 
g2	 84 	 380.007842 			 0.0 			 0.0			 380.007842 
g2	 85 	 400.905261 			 0.0 			 0.0			 400.905261 
g2	 86 	 186.165247 			 0.0 			 0.0			 186.165247 
g2	 87 	 11.258897 			 0.0 			 0.0			 11.258897 
g2	 88 	 59.608317 			 0.0 			 0.0			 59.608317 
g2	 89 	 21.701904 			 0.0 			 0.0			 21.701904 
g2	 90 	 53.791774 			 0.0 			 0.0			 53.791774 
g2	 91 	 -88.807155 			 0.0 			 0.0			 -88.807155 
g2	 92 	 21.701904 			 0.0 			 0.0			 21.701904 
g2	 93 	 0.0 			 0.0 			 0.0			 0.0 
g2	 94 	 0.0 			 0.0 			 0.0			 0.0 
g2	 95 	 0.0 			 0.0 			 0.0			 0.0 
g2	 96 	 0.0 			 0.0 			 0.0			 0.0 
----------------------------------------------------------------------------------------------------
g3	 1 	 0.0 			 0.0 			 0.0			 0.0 
g3	 2 	 0.0 			 0.0 			 0.0			 0.0 
g3	 3 	 0.0 			 0.0 			 0.0			 0.0 
g3	 4 	 0.0 			 0.0 			 0.0			 0.0 
g3	 5 	 0.0 			 0.0 			 0.0			 0.0 
g3	 6 	 0.0 			 0.0 			 0.0			 0.0 
g3	 7 	 0.0 			 0.0 			 0.0			 0.0 
g3	 8 	 0.0 			 0.0 			 0.0			 0.0 
g3	 9 	 0.0 			 0.0 			 0.0			 0.0 
g3	 10 	 0.0 			 0.0 			 0.0			 0.0 
g3	 11 	 0.0 			 0.0 			 0.0			 0.0 
g3	 12 	 0.0 			 0.0 			 0.0			 0.0 
g3	 13 	 0.0 			 0.0 			 0.0			 0.0 
g3	 14 	 0.0 			 0.0 			 0.0			 0.0 
g3	 15 	 0.0 			 0.0 			 0.0			 0.0 
g3	 16 	 0.0 			 0.0 			 0.0			 0.0 
g3	 17 	 0.0 			 0.0 			 0.0			 0.0 
g3	 18 	 0.0 			 0.0 			 0.0			 0.0 
g3	 19 	 0.0 			 0.0 			 0.0			 0.0 
g3	 20 	 0.0 			 0.0 			 0.0			 0.0 
g3	 21 	 0.0 			 0.0 			 0.0			 0.0 
g3	 22 	 0.0 			 0.0 			 0.0			 0.0 
g3	 23 	 0.0 			 0.0 			 0.0			 0.0 
g3	 24 	 0.0 			 0.0 			 0.0			 0.0 
g3	 25 	 0.0 			 0.0 			 0.0			 0.0 
g3	 26 	 0.0 			 0.0 			 0.0			 0.0 
g3	 27 	 0.0 			 0.0 			 0.0			 0.0 
g3	 28 	 0.0 			 0.0 			 0.0			 0.0 
g3	 29 	 0.0 			 0.0 			 0.0			 0.0 
g3	 30 	 0.0 			 0.0 			 0.0			 0.0 
g3	 31 	 0.0 			 0.0 			 0.0			 0.0 
g3	 32 	 0.0 			 0.0 			 0.0			 0.0 
g3	 33 	 0.0 			 0.0 			 0.0			 0.0 
g3	 34 	 0.0 			 0.0 			 0.0			 0.0 
g3	 35 	 0.0 			 0.0 			 0.0			 0.0 
g3	 36 	 0.0 			 0.0 			 0.0			 0.0 
g3	 37 	 0.0 			 0.0 			 0.0			 0.0 
g3	 38 	 0.0 			 0.0 			 0.0			 0.0 
g3	 39 	 0.0 			 0.0 			 0.0			 0.0 
g3	 40 	 0.0 			 0.0 			 0.0			 0.0 
g3	 41 	 0.0 			 0.0 			 0.0			 0.0 
g3	 42 	 0.0 			 0.0 			 0.0			 0.0 
g3	 43 	 0.0 			 0.0 			 0.0			 0.0 
g3	 44 	 0.0 			 0.0 			 0.0			 0.0 
g3	 45 	 0.0 			 0.0 			 0.0			 0.0 
g3	 46 	 0.0 			 0.0 			 0.0			 0.0 
g3	 47 	 0.0 			 0.0 			 0.0			 0.0 
g3	 48 	 0.0 			 0.0 			 0.0			 0.0 
g3	 49 	 0.0 			 0.0 			 0.0			 0.0 
g3	 50 	 0.0 			 0.0 			 0.0			 0.0 
g3	 51 	 0.0 			 0.0 			 0.0			 0.0 
g3	 52 	 0.0 			 0.0 			 0.0			 0.0 
g3	 53 	 0.0 			 0.0 			 0.0			 0.0 
g3	 54 	 0.0 			 0.0 			 0.0			 0.0 
g3	 55 	 0.0 			 0.0 			 0.0			 0.0 
g3	 56 	 0.0 			 0.0 			 0.0			 0.0 
g3	 57 	 0.0 			 0.0 			 0.0			 0.0 
g3	 58 	 0.0 			 0.0 			 0.0			 0.0 
g3	 59 	 0.0 			 0.0 			 0.0			 0.0 
g3	 60 	 0.0 			 0.0 			 0.0			 0.0 
g3	 61 	 0.0 			 0.0 			 0.0			 0.0 
g3	 62 	 0.0 			 0.0 			 0.0			 0.0 
g3	 63 	 0.0 			 0.0 			 0.0			 0.0 
g3	 64 	 0.0 			 0.0 			 0.0			 0.0 
g3	 65 	 0.0 			 0.0 			 0.0			 0.0 
g3	 66 	 0.0 			 0.0 			 0.0			 0.0 
g3	 67 	 0.0 			 0.0 			 0.0			 0.0 
g3	 68 	 0.0 			 0.0 			 0.0			 0.0 
g3	 69 	 0.0 			 0.0 			 0.0			 0.0 
g3	 70 	 0.0 			 0.0 			 0.0			 0.0 
g3	 71 	 0.0 			 0.0 			 0.0			 0.0 
g3	 72 	 0.0 			 0.0 			 0.0			 0.0 
g3	 73 	 0.0 			 0.0 			 0.0			 0.0 
g3	 74 	 0.0 			 0.0 			 0.0			 0.0 
g3	 75 	 0.0 			 0.0 			 0.0			 0.0 
g3	 76 	 0.0 			 0.0 			 0.0			 0.0 
g3	 77 	 0.0 			 0.0 			 0.0			 0.0 
g3	 78 	 0.0 			 0.0 			 0.0			 0.0 
g3	 79 	 0.0 			 0.0 			 0.0			 0.0 
g3	 80 	 0.0 			 0.0 			 0.0			 0.0 
g3	 81 	 0.0 			 0.0 			 0.0			 0.0 
g3	 82 	 0.0 			 0.0 			 0.0			 0.0 
g3	 83 	 0.0 			 0.0 			 0.0			 0.0 
g3	 84 	 0.0 			 0.0 			 0.0			 0.0 
g3	 85 	 0.0 			 0.0 			 0.0			 0.0 
g3	 86 	 0.0 			 0.0 			 0.0			 0.0 
g3	 87 	 0.0 			 0.0 			 0.0			 0.0 
g3	 88 	 0.0 			 0.0 			 0.0			 0.0 
g3	 89 	 0.0 			 0.0 			 0.0			 0.0 
g3	 90 	 0.0 			 0.0 			 0.0			 0.0 
g3	 91 	 0.0 			 0.0 			 0.0			 0.0 
g3	 92 	 0.0 			 0.0 			 0.0			 0.0 
g3	 93 	 0.0 			 0.0 			 0.0			 0.0 
g3	 94 	 0.0 			 0.0 			 0.0			 0.0 
g3	 95 	 0.0 			 0.0 			 0.0			 0.0 
g3	 96 	 0.0 			 0.0 			 0.0			 0.0 
----------------------------------------------------------------------------------------------------
g4	 1 	 0.0 			 0.0 			 0.0			 0.0 
g4	 2 	 0.0 			 0.0 			 0.0			 0.0 
g4	 3 	 0.0 			 0.0 			 0.0			 0.0 
g4	 4 	 0.0 			 0.0 			 0.0			 0.0 
g4	 5 	 0.0 			 0.0 			 0.0			 0.0 
g4	 6 	 0.0 			 0.0 			 0.0			 0.0 
g4	 7 	 0.0 			 0.0 			 0.0			 0.0 
g4	 8 	 0.0 			 0.0 			 0.0			 0.0 
g4	 9 	 0.0 			 0.0 			 0.0			 0.0 
g4	 10 	 0.0 			 0.0 			 0.0			 0.0 
g4	 11 	 0.0 			 0.0 			 0.0			 0.0 
g4	 12 	 0.0 			 0.0 			 0.0			 0.0 
g4	 13 	 0.0 			 0.0 			 0.0			 0.0 
g4	 14 	 0.0 			 0.0 			 0.0			 0.0 
g4	 15 	 0.0 			 0.0 			 0.0			 0.0 
g4	 16 	 0.0 			 0.0 			 0.0			 0.0 
g4	 17 	 0.0 			 0.0 			 0.0			 0.0 
g4	 18 	 0.0 			 0.0 			 0.0			 0.0 
g4	 19 	 0.0 			 0.0 			 0.0			 0.0 
g4	 20 	 0.0 			 0.0 			 0.0			 0.0 
g4	 21 	 0.0 			 0.0 			 0.0			 0.0 
g4	 22 	 0.0 			 0.0 			 0.0			 0.0 
g4	 23 	 0.0 			 0.0 			 0.0			 0.0 
g4	 24 	 0.0 			 0.0 			 0.0			 0.0 
g4	 25 	 0.0 			 0.0 			 0.0			 0.0 
g4	 26 	 0.0 			 0.0 			 0.0			 0.0 
g4	 27 	 0.0 			 0.0 			 0.0			 0.0 
g4	 28 	 0.0 			 0.0 			 0.0			 0.0 
g4	 29 	 0.0 			 0.0 			 0.0			 0.0 
g4	 30 	 0.0 			 0.0 			 0.0			 0.0 
g4	 31 	 0.0 			 0.0 			 0.0			 0.0 
g4	 32 	 0.0 			 0.0 			 0.0			 0.0 
g4	 33 	 0.0 			 0.0 			 0.0			 0.0 
g4	 34 	 0.0 			 0.0 			 0.0			 0.0 
g4	 35 	 0.0 			 0.0 			 0.0			 0.0 
g4	 36 	 0.0 			 0.0 			 0.0			 0.0 
g4	 37 	 0.0 			 0.0 			 0.0			 0.0 
g4	 38 	 0.0 			 0.0 			 0.0			 0.0 
g4	 39 	 0.0 			 0.0 			 0.0			 0.0 
g4	 40 	 0.0 			 0.0 			 0.0			 0.0 
g4	 41 	 0.0 			 0.0 			 0.0			 0.0 
g4	 42 	 0.0 			 0.0 			 0.0			 0.0 
g4	 43 	 0.0 			 0.0 			 0.0			 0.0 
g4	 44 	 0.0 			 0.0 			 0.0			 0.0 
g4	 45 	 0.0 			 0.0 			 0.0			 0.0 
g4	 46 	 0.0 			 0.0 			 0.0			 0.0 
g4	 47 	 0.0 			 0.0 			 0.0			 0.0 
g4	 48 	 0.0 			 0.0 			 0.0			 0.0 
g4	 49 	 0.0 			 0.0 			 0.0			 0.0 
g4	 50 	 0.0 			 0.0 			 0.0			 0.0 
g4	 51 	 0.0 			 0.0 			 0.0			 0.0 
g4	 52 	 0.0 			 0.0 			 0.0			 0.0 
g4	 53 	 0.0 			 0.0 			 0.0			 0.0 
g4	 54 	 0.0 			 0.0 			 0.0			 0.0 
g4	 55 	 0.0 			 0.0 			 0.0			 0.0 
g4	 56 	 0.0 			 0.0 			 0.0			 0.0 
g4	 57 	 0.0 			 0.0 			 0.0			 0.0 
g4	 58 	 0.0 			 0.0 			 0.0			 0.0 
g4	 59 	 0.0 			 0.0 			 0.0			 0.0 
g4	 60 	 0.0 			 0.0 			 0.0			 0.0 
g4	 61 	 0.0 			 0.0 			 0.0			 0.0 
g4	 62 	 0.0 			 0.0 			 0.0			 0.0 
g4	 63 	 0.0 			 0.0 			 0.0			 0.0 
g4	 64 	 0.0 			 0.0 			 0.0			 0.0 
g4	 65 	 0.0 			 0.0 			 0.0			 0.0 
g4	 66 	 0.0 			 0.0 			 0.0			 0.0 
g4	 67 	 0.0 			 0.0 			 0.0			 0.0 
g4	 68 	 0.0 			 0.0 			 0.0			 0.0 
g4	 69 	 0.0 			 0.0 			 0.0			 0.0 
g4	 70 	 0.0 			 0.0 			 0.0			 0.0 
g4	 71 	 0.0 			 0.0 			 0.0			 0.0 
g4	 72 	 0.0 			 0.0 			 0.0			 0.0 
g4	 73 	 0.0 			 0.0 			 0.0			 0.0 
g4	 74 	 0.0 			 0.0 			 0.0			 0.0 
g4	 75 	 0.0 			 0.0 			 0.0			 0.0 
g4	 76 	 0.0 			 0.0 			 0.0			 0.0 
g4	 77 	 0.0 			 0.0 			 0.0			 0.0 
g4	 78 	 0.0 			 0.0 			 0.0			 0.0 
g4	 79 	 0.0 			 0.0 			 0.0			 0.0 
g4	 80 	 0.0 			 0.0 			 0.0			 0.0 
g4	 81 	 0.0 			 0.0 			 0.0			 0.0 
g4	 82 	 0.0 			 0.0 			 0.0			 0.0 
g4	 83 	 0.0 			 0.0 			 0.0			 0.0 
g4	 84 	 0.0 			 0.0 			 0.0			 0.0 
g4	 85 	 0.0 			 0.0 			 0.0			 0.0 
g4	 86 	 0.0 			 0.0 			 0.0			 0.0 
g4	 87 	 0.0 			 0.0 			 0.0			 0.0 
g4	 88 	 0.0 			 0.0 			 0.0			 0.0 
g4	 89 	 0.0 			 0.0 			 0.0			 0.0 
g4	 90 	 0.0 			 0.0 			 0.0			 0.0 
g4	 91 	 0.0 			 0.0 			 0.0			 0.0 
g4	 92 	 0.0 			 0.0 			 0.0			 0.0 
g4	 93 	 0.0 			 0.0 			 0.0			 0.0 
g4	 94 	 0.0 			 0.0 			 0.0			 0.0 
g4	 95 	 0.0 			 0.0 			 0.0			 0.0 
g4	 96 	 0.0 			 0.0 			 0.0			 0.0 
----------------------------------------------------------------------------------------------------
g5	 1 	 0.0 			 0.0 			 0.0			 0.0 
g5	 2 	 0.0 			 0.0 			 0.0			 0.0 
g5	 3 	 0.0 			 0.0 			 0.0			 0.0 
g5	 4 	 0.0 			 0.0 			 0.0			 0.0 
g5	 5 	 0.0 			 0.0 			 0.0			 0.0 
g5	 6 	 0.0 			 0.0 			 0.0			 0.0 
g5	 7 	 0.0 			 0.0 			 0.0			 0.0 
g5	 8 	 0.0 			 0.0 			 0.0			 0.0 
g5	 9 	 0.0 			 0.0 			 0.0			 0.0 
g5	 10 	 0.0 			 0.0 			 0.0			 0.0 
g5	 11 	 0.0 			 0.0 			 0.0			 0.0 
g5	 12 	 0.0 			 0.0 			 0.0			 0.0 
g5	 13 	 0.0 			 0.0 			 0.0			 0.0 
g5	 14 	 0.0 			 0.0 			 0.0			 0.0 
g5	 15 	 0.0 			 0.0 			 0.0			 0.0 
g5	 16 	 0.0 			 0.0 			 0.0			 0.0 
g5	 17 	 0.0 			 0.0 			 0.0			 0.0 
g5	 18 	 0.0 			 0.0 			 0.0			 0.0 
g5	 19 	 0.0 			 0.0 			 0.0			 0.0 
g5	 20 	 0.0 			 0.0 			 0.0			 0.0 
g5	 21 	 0.0 			 0.0 			 0.0			 0.0 
g5	 22 	 0.0 			 0.0 			 0.0			 0.0 
g5	 23 	 0.0 			 0.0 			 0.0			 0.0 
g5	 24 	 0.0 			 0.0 			 0.0			 0.0 
g5	 25 	 0.0 			 0.0 			 0.0			 0.0 
g5	 26 	 0.0 			 0.0 			 0.0			 0.0 
g5	 27 	 0.0 			 0.0 			 0.0			 0.0 
g5	 28 	 0.0 			 0.0 			 0.0			 0.0 
g5	 29 	 0.0 			 0.0 			 0.0			 0.0 
g5	 30 	 0.0 			 0.0 			 0.0			 0.0 
g5	 31 	 0.0 			 0.0 			 0.0			 0.0 
g5	 32 	 0.0 			 0.0 			 0.0			 0.0 
g5	 33 	 0.0 			 0.0 			 0.0			 0.0 
g5	 34 	 0.0 			 0.0 			 0.0			 0.0 
g5	 35 	 0.0 			 0.0 			 0.0			 0.0 
g5	 36 	 0.0 			 0.0 			 0.0			 0.0 
g5	 37 	 0.0 			 0.0 			 0.0			 0.0 
g5	 38 	 0.0 			 0.0 			 0.0			 0.0 
g5	 39 	 0.0 			 0.0 			 0.0			 0.0 
g5	 40 	 0.0 			 0.0 			 0.0			 0.0 
g5	 41 	 0.0 			 0.0 			 0.0			 0.0 
g5	 42 	 0.0 			 0.0 			 0.0			 0.0 
g5	 43 	 0.0 			 0.0 			 0.0			 0.0 
g5	 44 	 0.0 			 0.0 			 0.0			 0.0 
g5	 45 	 0.0 			 0.0 			 0.0			 0.0 
g5	 46 	 0.0 			 0.0 			 0.0			 0.0 
g5	 47 	 0.0 			 0.0 			 0.0			 0.0 
g5	 48 	 0.0 			 0.0 			 0.0			 0.0 
g5	 49 	 0.0 			 0.0 			 0.0			 0.0 
g5	 50 	 0.0 			 0.0 			 0.0			 0.0 
g5	 51 	 0.0 			 0.0 			 0.0			 0.0 
g5	 52 	 0.0 			 0.0 			 0.0			 0.0 
g5	 53 	 0.0 			 0.0 			 0.0			 0.0 
g5	 54 	 0.0 			 0.0 			 0.0			 0.0 
g5	 55 	 0.0 			 0.0 			 0.0			 0.0 
g5	 56 	 0.0 			 0.0 			 0.0			 0.0 
g5	 57 	 0.0 			 0.0 			 0.0			 0.0 
g5	 58 	 0.0 			 0.0 			 0.0			 0.0 
g5	 59 	 0.0 			 0.0 			 0.0			 0.0 
g5	 60 	 0.0 			 0.0 			 0.0			 0.0 
g5	 61 	 0.0 			 0.0 			 0.0			 0.0 
g5	 62 	 0.0 			 0.0 			 0.0			 0.0 
g5	 63 	 0.0 			 0.0 			 0.0			 0.0 
g5	 64 	 0.0 			 0.0 			 0.0			 0.0 
g5	 65 	 0.0 			 0.0 			 0.0			 0.0 
g5	 66 	 0.0 			 0.0 			 0.0			 0.0 
g5	 67 	 0.0 			 0.0 			 0.0			 0.0 
g5	 68 	 0.0 			 0.0 			 0.0			 0.0 
g5	 69 	 0.0 			 0.0 			 0.0			 0.0 
g5	 70 	 0.0 			 0.0 			 0.0			 0.0 
g5	 71 	 0.0 			 0.0 			 0.0			 0.0 
g5	 72 	 0.0 			 0.0 			 0.0			 0.0 
g5	 73 	 0.0 			 0.0 			 0.0			 0.0 
g5	 74 	 0.0 			 0.0 			 0.0			 0.0 
g5	 75 	 0.0 			 0.0 			 0.0			 0.0 
g5	 76 	 0.0 			 0.0 			 0.0			 0.0 
g5	 77 	 0.0 			 0.0 			 0.0			 0.0 
g5	 78 	 0.0 			 0.0 			 0.0			 0.0 
g5	 79 	 0.0 			 0.0 			 0.0			 0.0 
g5	 80 	 0.0 			 0.0 			 0.0			 0.0 
g5	 81 	 0.0 			 0.0 			 0.0			 0.0 
g5	 82 	 0.0 			 0.0 			 0.0			 0.0 
g5	 83 	 0.0 			 0.0 			 0.0			 0.0 
g5	 84 	 0.0 			 0.0 			 0.0			 0.0 
g5	 85 	 0.0 			 0.0 			 0.0			 0.0 
g5	 86 	 0.0 			 0.0 			 0.0			 0.0 
g5	 87 	 0.0 			 0.0 			 0.0			 0.0 
g5	 88 	 0.0 			 0.0 			 0.0			 0.0 
g5	 89 	 0.0 			 0.0 			 0.0			 0.0 
g5	 90 	 0.0 			 0.0 			 0.0			 0.0 
g5	 91 	 0.0 			 0.0 			 0.0			 0.0 
g5	 92 	 0.0 			 0.0 			 0.0			 0.0 
g5	 93 	 0.0 			 0.0 			 0.0			 0.0 
g5	 94 	 0.0 			 0.0 			 0.0			 0.0 
g5	 95 	 0.0 			 0.0 			 0.0			 0.0 
g5	 96 	 0.0 			 0.0 			 0.0			 0.0 
----------------------------------------------------------------------------------------------------------------
unit 	 generation payment 	 up-FRP payment 	 dw-FRP payment 	pre-up total payment
----------------------------------------------------------------------------------------------------------------
 g1 	 582248.691882			 0.000000			 0.000000			 582248.691882
 g2 	 351304.694448			 0.000000			 0.000000			 351304.694448
 g3 	 0.000000			 0.000000			 0.000000			 0.000000
 g4 	 0.000000			 0.000000			 0.000000			 0.000000
 g5 	 0.000000			 0.000000			 0.000000			 0.000000
----------------------------------------------------------------------------------------------------
generation payment 	 up-FRP payment 	 dw-FRP payment 	 pre-up total payment
----------------------------------------------------------------------------------------------------
933553.3863299999 			 0.0 			 0.0 			 933553.3863299999
 
****************************************************************************************************
 
Generation costs
----------------------------------------------------------------------------------------------------
unit	 time 	 generation cost 	 start-up cost  	total cost
----------------------------------------------------------------------------------------------------
g1	 1 	 2676.812376 			 0.0 			2676.812376
g1	 2 	 2267.240159 			 0.0 			2267.240159
g1	 3 	 2522.497031 			 0.0 			2522.497031
g1	 4 	 2485.064187 			 0.0 			2485.064187
g1	 5 	 2560.294555 			 0.0 			2560.294555
g1	 6 	 2016.732025 			 0.0 			2016.732025
g1	 7 	 1982.411153 			 0.0 			1982.411153
g1	 8 	 2180.170104 			 0.0 			2180.170104
g1	 9 	 2083.813773 			 0.0 			2083.813773
g1	 10 	 2226.635578 			 0.0 			2226.635578
g1	 11 	 2157.738937 			 0.0 			2157.738937
g1	 12 	 1967.924975 			 0.0 			1967.924975
g1	 13 	 2099.254306 			 0.0 			2099.254306
g1	 14 	 2261.376015 			 0.0 			2261.376015
g1	 15 	 2144.921785 			 0.0 			2144.921785
g1	 16 	 1997.457557 			 0.0 			1997.457557
g1	 17 	 1933.258283 			 0.0 			1933.258283
g1	 18 	 1984.913098 			 0.0 			1984.913098
g1	 19 	 1896.719461 			 0.0 			1896.719461
g1	 20 	 2187.787925 			 0.0 			2187.787925
g1	 21 	 2151.053991 			 0.0 			2151.053991
g1	 22 	 2151.135925 			 0.0 			2151.135925
g1	 23 	 2328.933001 			 0.0 			2328.933001
g1	 24 	 2264.779548 			 0.0 			2264.779548
g1	 25 	 2295.574195 			 0.0 			2295.574195
g1	 26 	 2579.142968 			 0.0 			2579.142968
g1	 27 	 2761.034687 			 0.0 			2761.034687
g1	 28 	 2213.174527 			 0.0 			2213.174527
g1	 29 	 2761.034687 			 0.0 			2761.034687
g1	 30 	 2678.853043 			 0.0 			2678.853043
g1	 31 	 2874.302699 			 0.0 			2874.302699
g1	 32 	 2586.854037 			 0.0 			2586.854037
g1	 33 	 3058.233409 			 0.0 			3058.233409
g1	 34 	 2679.240942 			 0.0 			2679.240942
g1	 35 	 2696.475544 			 0.0 			2696.475544
g1	 36 	 2667.852115 			 0.0 			2667.852115
g1	 37 	 2784.758472 			 0.0 			2784.758472
g1	 38 	 2861.278722 			 0.0 			2861.278722
g1	 39 	 2840.355732 			 0.0 			2840.355732
g1	 40 	 2953.109939 			 0.0 			2953.109939
g1	 41 	 2737.625502 			 0.0 			2737.625502
g1	 42 	 3058.233409 			 0.0 			3058.233409
g1	 43 	 2738.651775 			 0.0 			2738.651775
g1	 44 	 3058.233409 			 0.0 			3058.233409
g1	 45 	 3058.233409 			 0.0 			3058.233409
g1	 46 	 2904.408448 			 0.0 			2904.408448
g1	 47 	 2725.026953 			 0.0 			2725.026953
g1	 48 	 3058.233409 			 0.0 			3058.233409
g1	 49 	 2604.590698 			 0.0 			2604.590698
g1	 50 	 2782.505378 			 0.0 			2782.505378
g1	 51 	 2234.185554 			 0.0 			2234.185554
g1	 52 	 2560.714305 			 0.0 			2560.714305
g1	 53 	 3058.233409 			 0.0 			3058.233409
g1	 54 	 2594.230767 			 0.0 			2594.230767
g1	 55 	 2626.140413 			 0.0 			2626.140413
g1	 56 	 3058.233409 			 0.0 			3058.233409
g1	 57 	 3058.233409 			 0.0 			3058.233409
g1	 58 	 3058.233409 			 0.0 			3058.233409
g1	 59 	 3058.233409 			 0.0 			3058.233409
g1	 60 	 3058.233409 			 0.0 			3058.233409
g1	 61 	 2854.667513 			 0.0 			2854.667513
g1	 62 	 2846.837659 			 0.0 			2846.837659
g1	 63 	 3058.233409 			 0.0 			3058.233409
g1	 64 	 3058.233409 			 0.0 			3058.233409
g1	 65 	 2913.962882 			 0.0 			2913.962882
g1	 66 	 3058.233409 			 0.0 			3058.233409
g1	 67 	 3058.233409 			 0.0 			3058.233409
g1	 68 	 3058.233409 			 0.0 			3058.233409
g1	 69 	 2798.305873 			 0.0 			2798.305873
g1	 70 	 3058.233409 			 0.0 			3058.233409
g1	 71 	 3052.637576 			 0.0 			3052.637576
g1	 72 	 3058.233409 			 0.0 			3058.233409
g1	 73 	 2680.577367 			 0.0 			2680.577367
g1	 74 	 3058.233409 			 0.0 			3058.233409
g1	 75 	 2563.040681 			 0.0 			2563.040681
g1	 76 	 3058.233409 			 0.0 			3058.233409
g1	 77 	 3058.233409 			 0.0 			3058.233409
g1	 78 	 3058.233409 			 0.0 			3058.233409
g1	 79 	 3058.233409 			 0.0 			3058.233409
g1	 80 	 3058.233409 			 0.0 			3058.233409
g1	 81 	 2804.064285 			 0.0 			2804.064285
g1	 82 	 2631.376965 			 0.0 			2631.376965
g1	 83 	 3058.233409 			 0.0 			3058.233409
g1	 84 	 2784.935929 			 0.0 			2784.935929
g1	 85 	 2571.559182 			 0.0 			2571.559182
g1	 86 	 2894.169132 			 0.0 			2894.169132
g1	 87 	 3058.233409 			 0.0 			3058.233409
g1	 88 	 3058.233409 			 0.0 			3058.233409
g1	 89 	 2904.878805 			 0.0 			2904.878805
g1	 90 	 3058.233409 			 0.0 			3058.233409
g1	 91 	 2508.187447 			 0.0 			2508.187447
g1	 92 	 2356.75389 			 0.0 			2356.75389
g1	 93 	 2805.440888 			 0.0 			2805.440888
g1	 94 	 2851.913832 			 0.0 			2851.913832
g1	 95 	 3058.233409 			 0.0 			3058.233409
g1	 96 	 2799.197365 			 0.0 			2799.197365
----------------------------------------------------------------------------------------------------
g2	 1 	 0.0 			 0.0 			0.0
g2	 2 	 0.0 			 0.0 			0.0
g2	 3 	 0.0 			 0.0 			0.0
g2	 4 	 0.0 			 0.0 			0.0
g2	 5 	 0.0 			 0.0 			0.0
g2	 6 	 0.0 			 0.0 			0.0
g2	 7 	 0.0 			 0.0 			0.0
g2	 8 	 0.0 			 0.0 			0.0
g2	 9 	 0.0 			 0.0 			0.0
g2	 10 	 0.0 			 0.0 			0.0
g2	 11 	 0.0 			 0.0 			0.0
g2	 12 	 0.0 			 0.0 			0.0
g2	 13 	 0.0 			 0.0 			0.0
g2	 14 	 0.0 			 0.0 			0.0
g2	 15 	 0.0 			 0.0 			0.0
g2	 16 	 0.0 			 0.0 			0.0
g2	 17 	 0.0 			 0.0 			0.0
g2	 18 	 0.0 			 0.0 			0.0
g2	 19 	 0.0 			 0.0 			0.0
g2	 20 	 0.0 			 0.0 			0.0
g2	 21 	 0.0 			 0.0 			0.0
g2	 22 	 0.0 			 0.0 			0.0
g2	 23 	 0.0 			 0.0 			0.0
g2	 24 	 0.0 			 0.0 			0.0
g2	 25 	 0.0 			 0.0 			0.0
g2	 26 	 0.0 			 0.0 			0.0
g2	 27 	 0.0 			 0.0 			0.0
g2	 28 	 0.0 			 0.0 			0.0
g2	 29 	 0.0 			 0.0 			0.0
g2	 30 	 0.0 			 0.0 			0.0
g2	 31 	 0.0 			 0.0 			0.0
g2	 32 	 0.0 			 0.0 			0.0
g2	 33 	 0.0 			 0.0 			0.0
g2	 34 	 0.0 			 0.0 			0.0
g2	 35 	 0.0 			 0.0 			0.0
g2	 36 	 0.0 			 0.0 			0.0
g2	 37 	 534.771644 			 10598.13 			11132.901644
g2	 38 	 534.771644 			 0.0 			534.771644
g2	 39 	 534.771644 			 0.0 			534.771644
g2	 40 	 534.771644 			 0.0 			534.771644
g2	 41 	 631.641093 			 0.0 			631.641093
g2	 42 	 859.801618 			 0.0 			859.801618
g2	 43 	 631.641093 			 0.0 			631.641093
g2	 44 	 555.386072 			 0.0 			555.386072
g2	 45 	 596.481275 			 0.0 			596.481275
g2	 46 	 534.771644 			 0.0 			534.771644
g2	 47 	 653.518246 			 0.0 			653.518246
g2	 48 	 884.48812 			 0.0 			884.48812
g2	 49 	 981.503533 			 0.0 			981.503533
g2	 50 	 1241.98001 			 0.0 			1241.98001
g2	 51 	 1026.055345 			 0.0 			1026.055345
g2	 52 	 1293.519787 			 0.0 			1293.519787
g2	 53 	 1590.501852 			 0.0 			1590.501852
g2	 54 	 1293.519787 			 0.0 			1293.519787
g2	 55 	 1334.000163 			 0.0 			1334.000163
g2	 56 	 1630.982228 			 0.0 			1630.982228
g2	 57 	 1335.460612 			 0.0 			1335.460612
g2	 58 	 1173.478071 			 0.0 			1173.478071
g2	 59 	 1453.655285 			 0.0 			1453.655285
g2	 60 	 1630.982228 			 0.0 			1630.982228
g2	 61 	 1334.000163 			 0.0 			1334.000163
g2	 62 	 1061.047233 			 0.0 			1061.047233
g2	 63 	 1146.106413 			 0.0 			1146.106413
g2	 64 	 1365.1464 			 0.0 			1365.1464
g2	 65 	 1087.970541 			 0.0 			1087.970541
g2	 66 	 1291.309438 			 0.0 			1291.309438
g2	 67 	 1454.657626 			 0.0 			1454.657626
g2	 68 	 1630.982228 			 0.0 			1630.982228
g2	 69 	 1334.000163 			 0.0 			1334.000163
g2	 70 	 1324.184035 			 0.0 			1324.184035
g2	 71 	 1273.729597 			 0.0 			1273.729597
g2	 72 	 1570.711663 			 0.0 			1570.711663
g2	 73 	 1273.729597 			 0.0 			1273.729597
g2	 74 	 1416.723335 			 0.0 			1416.723335
g2	 75 	 1132.554473 			 0.0 			1132.554473
g2	 76 	 1201.616727 			 0.0 			1201.616727
g2	 77 	 989.543167 			 0.0 			989.543167
g2	 78 	 837.775109 			 0.0 			837.775109
g2	 79 	 843.840554 			 0.0 			843.840554
g2	 80 	 1000.444325 			 0.0 			1000.444325
g2	 81 	 973.379041 			 0.0 			973.379041
g2	 82 	 1232.581189 			 0.0 			1232.581189
g2	 83 	 1529.563255 			 0.0 			1529.563255
g2	 84 	 1232.581189 			 0.0 			1232.581189
g2	 85 	 973.379041 			 0.0 			973.379041
g2	 86 	 732.293294 			 0.0 			732.293294
g2	 87 	 546.323558 			 0.0 			546.323558
g2	 88 	 594.672981 			 0.0 			594.672981
g2	 89 	 534.771644 			 0.0 			534.771644
g2	 90 	 565.571814 			 0.0 			565.571814
g2	 91 	 424.616706 			 0.0 			424.616706
g2	 92 	 534.771644 			 0.0 			534.771644
g2	 93 	 0.0 			 0.0 			0.0
g2	 94 	 0.0 			 0.0 			0.0
g2	 95 	 0.0 			 0.0 			0.0
g2	 96 	 0.0 			 0.0 			0.0
----------------------------------------------------------------------------------------------------
g3	 1 	 0.0 			 0.0 			0.0
g3	 2 	 0.0 			 0.0 			0.0
g3	 3 	 0.0 			 0.0 			0.0
g3	 4 	 0.0 			 0.0 			0.0
g3	 5 	 0.0 			 0.0 			0.0
g3	 6 	 0.0 			 0.0 			0.0
g3	 7 	 0.0 			 0.0 			0.0
g3	 8 	 0.0 			 0.0 			0.0
g3	 9 	 0.0 			 0.0 			0.0
g3	 10 	 0.0 			 0.0 			0.0
g3	 11 	 0.0 			 0.0 			0.0
g3	 12 	 0.0 			 0.0 			0.0
g3	 13 	 0.0 			 0.0 			0.0
g3	 14 	 0.0 			 0.0 			0.0
g3	 15 	 0.0 			 0.0 			0.0
g3	 16 	 0.0 			 0.0 			0.0
g3	 17 	 0.0 			 0.0 			0.0
g3	 18 	 0.0 			 0.0 			0.0
g3	 19 	 0.0 			 0.0 			0.0
g3	 20 	 0.0 			 0.0 			0.0
g3	 21 	 0.0 			 0.0 			0.0
g3	 22 	 0.0 			 0.0 			0.0
g3	 23 	 0.0 			 0.0 			0.0
g3	 24 	 0.0 			 0.0 			0.0
g3	 25 	 0.0 			 0.0 			0.0
g3	 26 	 0.0 			 0.0 			0.0
g3	 27 	 0.0 			 0.0 			0.0
g3	 28 	 0.0 			 0.0 			0.0
g3	 29 	 0.0 			 0.0 			0.0
g3	 30 	 0.0 			 0.0 			0.0
g3	 31 	 0.0 			 0.0 			0.0
g3	 32 	 0.0 			 0.0 			0.0
g3	 33 	 0.0 			 0.0 			0.0
g3	 34 	 0.0 			 0.0 			0.0
g3	 35 	 0.0 			 0.0 			0.0
g3	 36 	 0.0 			 0.0 			0.0
g3	 37 	 0.0 			 0.0 			0.0
g3	 38 	 0.0 			 0.0 			0.0
g3	 39 	 0.0 			 0.0 			0.0
g3	 40 	 0.0 			 0.0 			0.0
g3	 41 	 0.0 			 0.0 			0.0
g3	 42 	 0.0 			 0.0 			0.0
g3	 43 	 0.0 			 0.0 			0.0
g3	 44 	 0.0 			 0.0 			0.0
g3	 45 	 0.0 			 0.0 			0.0
g3	 46 	 0.0 			 0.0 			0.0
g3	 47 	 0.0 			 0.0 			0.0
g3	 48 	 0.0 			 0.0 			0.0
g3	 49 	 0.0 			 0.0 			0.0
g3	 50 	 0.0 			 0.0 			0.0
g3	 51 	 0.0 			 0.0 			0.0
g3	 52 	 0.0 			 0.0 			0.0
g3	 53 	 0.0 			 0.0 			0.0
g3	 54 	 0.0 			 0.0 			0.0
g3	 55 	 0.0 			 0.0 			0.0
g3	 56 	 0.0 			 0.0 			0.0
g3	 57 	 0.0 			 0.0 			0.0
g3	 58 	 0.0 			 0.0 			0.0
g3	 59 	 0.0 			 0.0 			0.0
g3	 60 	 0.0 			 0.0 			0.0
g3	 61 	 0.0 			 0.0 			0.0
g3	 62 	 0.0 			 0.0 			0.0
g3	 63 	 0.0 			 0.0 			0.0
g3	 64 	 0.0 			 0.0 			0.0
g3	 65 	 0.0 			 0.0 			0.0
g3	 66 	 0.0 			 0.0 			0.0
g3	 67 	 0.0 			 0.0 			0.0
g3	 68 	 0.0 			 0.0 			0.0
g3	 69 	 0.0 			 0.0 			0.0
g3	 70 	 0.0 			 0.0 			0.0
g3	 71 	 0.0 			 0.0 			0.0
g3	 72 	 0.0 			 0.0 			0.0
g3	 73 	 0.0 			 0.0 			0.0
g3	 74 	 0.0 			 0.0 			0.0
g3	 75 	 0.0 			 0.0 			0.0
g3	 76 	 0.0 			 0.0 			0.0
g3	 77 	 0.0 			 0.0 			0.0
g3	 78 	 0.0 			 0.0 			0.0
g3	 79 	 0.0 			 0.0 			0.0
g3	 80 	 0.0 			 0.0 			0.0
g3	 81 	 0.0 			 0.0 			0.0
g3	 82 	 0.0 			 0.0 			0.0
g3	 83 	 0.0 			 0.0 			0.0
g3	 84 	 0.0 			 0.0 			0.0
g3	 85 	 0.0 			 0.0 			0.0
g3	 86 	 0.0 			 0.0 			0.0
g3	 87 	 0.0 			 0.0 			0.0
g3	 88 	 0.0 			 0.0 			0.0
g3	 89 	 0.0 			 0.0 			0.0
g3	 90 	 0.0 			 0.0 			0.0
g3	 91 	 0.0 			 0.0 			0.0
g3	 92 	 0.0 			 0.0 			0.0
g3	 93 	 0.0 			 0.0 			0.0
g3	 94 	 0.0 			 0.0 			0.0
g3	 95 	 0.0 			 0.0 			0.0
g3	 96 	 0.0 			 0.0 			0.0
----------------------------------------------------------------------------------------------------
g4	 1 	 0.0 			 0.0 			0.0
g4	 2 	 0.0 			 0.0 			0.0
g4	 3 	 0.0 			 0.0 			0.0
g4	 4 	 0.0 			 0.0 			0.0
g4	 5 	 0.0 			 0.0 			0.0
g4	 6 	 0.0 			 0.0 			0.0
g4	 7 	 0.0 			 0.0 			0.0
g4	 8 	 0.0 			 0.0 			0.0
g4	 9 	 0.0 			 0.0 			0.0
g4	 10 	 0.0 			 0.0 			0.0
g4	 11 	 0.0 			 0.0 			0.0
g4	 12 	 0.0 			 0.0 			0.0
g4	 13 	 0.0 			 0.0 			0.0
g4	 14 	 0.0 			 0.0 			0.0
g4	 15 	 0.0 			 0.0 			0.0
g4	 16 	 0.0 			 0.0 			0.0
g4	 17 	 0.0 			 0.0 			0.0
g4	 18 	 0.0 			 0.0 			0.0
g4	 19 	 0.0 			 0.0 			0.0
g4	 20 	 0.0 			 0.0 			0.0
g4	 21 	 0.0 			 0.0 			0.0
g4	 22 	 0.0 			 0.0 			0.0
g4	 23 	 0.0 			 0.0 			0.0
g4	 24 	 0.0 			 0.0 			0.0
g4	 25 	 0.0 			 0.0 			0.0
g4	 26 	 0.0 			 0.0 			0.0
g4	 27 	 0.0 			 0.0 			0.0
g4	 28 	 0.0 			 0.0 			0.0
g4	 29 	 0.0 			 0.0 			0.0
g4	 30 	 0.0 			 0.0 			0.0
g4	 31 	 0.0 			 0.0 			0.0
g4	 32 	 0.0 			 0.0 			0.0
g4	 33 	 0.0 			 0.0 			0.0
g4	 34 	 0.0 			 0.0 			0.0
g4	 35 	 0.0 			 0.0 			0.0
g4	 36 	 0.0 			 0.0 			0.0
g4	 37 	 0.0 			 0.0 			0.0
g4	 38 	 0.0 			 0.0 			0.0
g4	 39 	 0.0 			 0.0 			0.0
g4	 40 	 0.0 			 0.0 			0.0
g4	 41 	 0.0 			 0.0 			0.0
g4	 42 	 0.0 			 0.0 			0.0
g4	 43 	 0.0 			 0.0 			0.0
g4	 44 	 0.0 			 0.0 			0.0
g4	 45 	 0.0 			 0.0 			0.0
g4	 46 	 0.0 			 0.0 			0.0
g4	 47 	 0.0 			 0.0 			0.0
g4	 48 	 0.0 			 0.0 			0.0
g4	 49 	 0.0 			 0.0 			0.0
g4	 50 	 0.0 			 0.0 			0.0
g4	 51 	 0.0 			 0.0 			0.0
g4	 52 	 0.0 			 0.0 			0.0
g4	 53 	 0.0 			 0.0 			0.0
g4	 54 	 0.0 			 0.0 			0.0
g4	 55 	 0.0 			 0.0 			0.0
g4	 56 	 0.0 			 0.0 			0.0
g4	 57 	 0.0 			 0.0 			0.0
g4	 58 	 0.0 			 0.0 			0.0
g4	 59 	 0.0 			 0.0 			0.0
g4	 60 	 0.0 			 0.0 			0.0
g4	 61 	 0.0 			 0.0 			0.0
g4	 62 	 0.0 			 0.0 			0.0
g4	 63 	 0.0 			 0.0 			0.0
g4	 64 	 0.0 			 0.0 			0.0
g4	 65 	 0.0 			 0.0 			0.0
g4	 66 	 0.0 			 0.0 			0.0
g4	 67 	 0.0 			 0.0 			0.0
g4	 68 	 0.0 			 0.0 			0.0
g4	 69 	 0.0 			 0.0 			0.0
g4	 70 	 0.0 			 0.0 			0.0
g4	 71 	 0.0 			 0.0 			0.0
g4	 72 	 0.0 			 0.0 			0.0
g4	 73 	 0.0 			 0.0 			0.0
g4	 74 	 0.0 			 0.0 			0.0
g4	 75 	 0.0 			 0.0 			0.0
g4	 76 	 0.0 			 0.0 			0.0
g4	 77 	 0.0 			 0.0 			0.0
g4	 78 	 0.0 			 0.0 			0.0
g4	 79 	 0.0 			 0.0 			0.0
g4	 80 	 0.0 			 0.0 			0.0
g4	 81 	 0.0 			 0.0 			0.0
g4	 82 	 0.0 			 0.0 			0.0
g4	 83 	 0.0 			 0.0 			0.0
g4	 84 	 0.0 			 0.0 			0.0
g4	 85 	 0.0 			 0.0 			0.0
g4	 86 	 0.0 			 0.0 			0.0
g4	 87 	 0.0 			 0.0 			0.0
g4	 88 	 0.0 			 0.0 			0.0
g4	 89 	 0.0 			 0.0 			0.0
g4	 90 	 0.0 			 0.0 			0.0
g4	 91 	 0.0 			 0.0 			0.0
g4	 92 	 0.0 			 0.0 			0.0
g4	 93 	 0.0 			 0.0 			0.0
g4	 94 	 0.0 			 0.0 			0.0
g4	 95 	 0.0 			 0.0 			0.0
g4	 96 	 0.0 			 0.0 			0.0
----------------------------------------------------------------------------------------------------
g5	 1 	 0.0 			 0.0 			0.0
g5	 2 	 0.0 			 0.0 			0.0
g5	 3 	 0.0 			 0.0 			0.0
g5	 4 	 0.0 			 0.0 			0.0
g5	 5 	 0.0 			 0.0 			0.0
g5	 6 	 0.0 			 0.0 			0.0
g5	 7 	 0.0 			 0.0 			0.0
g5	 8 	 0.0 			 0.0 			0.0
g5	 9 	 0.0 			 0.0 			0.0
g5	 10 	 0.0 			 0.0 			0.0
g5	 11 	 0.0 			 0.0 			0.0
g5	 12 	 0.0 			 0.0 			0.0
g5	 13 	 0.0 			 0.0 			0.0
g5	 14 	 0.0 			 0.0 			0.0
g5	 15 	 0.0 			 0.0 			0.0
g5	 16 	 0.0 			 0.0 			0.0
g5	 17 	 0.0 			 0.0 			0.0
g5	 18 	 0.0 			 0.0 			0.0
g5	 19 	 0.0 			 0.0 			0.0
g5	 20 	 0.0 			 0.0 			0.0
g5	 21 	 0.0 			 0.0 			0.0
g5	 22 	 0.0 			 0.0 			0.0
g5	 23 	 0.0 			 0.0 			0.0
g5	 24 	 0.0 			 0.0 			0.0
g5	 25 	 0.0 			 0.0 			0.0
g5	 26 	 0.0 			 0.0 			0.0
g5	 27 	 0.0 			 0.0 			0.0
g5	 28 	 0.0 			 0.0 			0.0
g5	 29 	 0.0 			 0.0 			0.0
g5	 30 	 0.0 			 0.0 			0.0
g5	 31 	 0.0 			 0.0 			0.0
g5	 32 	 0.0 			 0.0 			0.0
g5	 33 	 0.0 			 0.0 			0.0
g5	 34 	 0.0 			 0.0 			0.0
g5	 35 	 0.0 			 0.0 			0.0
g5	 36 	 0.0 			 0.0 			0.0
g5	 37 	 0.0 			 0.0 			0.0
g5	 38 	 0.0 			 0.0 			0.0
g5	 39 	 0.0 			 0.0 			0.0
g5	 40 	 0.0 			 0.0 			0.0
g5	 41 	 0.0 			 0.0 			0.0
g5	 42 	 0.0 			 0.0 			0.0
g5	 43 	 0.0 			 0.0 			0.0
g5	 44 	 0.0 			 0.0 			0.0
g5	 45 	 0.0 			 0.0 			0.0
g5	 46 	 0.0 			 0.0 			0.0
g5	 47 	 0.0 			 0.0 			0.0
g5	 48 	 0.0 			 0.0 			0.0
g5	 49 	 0.0 			 0.0 			0.0
g5	 50 	 0.0 			 0.0 			0.0
g5	 51 	 0.0 			 0.0 			0.0
g5	 52 	 0.0 			 0.0 			0.0
g5	 53 	 0.0 			 0.0 			0.0
g5	 54 	 0.0 			 0.0 			0.0
g5	 55 	 0.0 			 0.0 			0.0
g5	 56 	 0.0 			 0.0 			0.0
g5	 57 	 0.0 			 0.0 			0.0
g5	 58 	 0.0 			 0.0 			0.0
g5	 59 	 0.0 			 0.0 			0.0
g5	 60 	 0.0 			 0.0 			0.0
g5	 61 	 0.0 			 0.0 			0.0
g5	 62 	 0.0 			 0.0 			0.0
g5	 63 	 0.0 			 0.0 			0.0
g5	 64 	 0.0 			 0.0 			0.0
g5	 65 	 0.0 			 0.0 			0.0
g5	 66 	 0.0 			 0.0 			0.0
g5	 67 	 0.0 			 0.0 			0.0
g5	 68 	 0.0 			 0.0 			0.0
g5	 69 	 0.0 			 0.0 			0.0
g5	 70 	 0.0 			 0.0 			0.0
g5	 71 	 0.0 			 0.0 			0.0
g5	 72 	 0.0 			 0.0 			0.0
g5	 73 	 0.0 			 0.0 			0.0
g5	 74 	 0.0 			 0.0 			0.0
g5	 75 	 0.0 			 0.0 			0.0
g5	 76 	 0.0 			 0.0 			0.0
g5	 77 	 0.0 			 0.0 			0.0
g5	 78 	 0.0 			 0.0 			0.0
g5	 79 	 0.0 			 0.0 			0.0
g5	 80 	 0.0 			 0.0 			0.0
g5	 81 	 0.0 			 0.0 			0.0
g5	 82 	 0.0 			 0.0 			0.0
g5	 83 	 0.0 			 0.0 			0.0
g5	 84 	 0.0 			 0.0 			0.0
g5	 85 	 0.0 			 0.0 			0.0
g5	 86 	 0.0 			 0.0 			0.0
g5	 87 	 0.0 			 0.0 			0.0
g5	 88 	 0.0 			 0.0 			0.0
g5	 89 	 0.0 			 0.0 			0.0
g5	 90 	 0.0 			 0.0 			0.0
g5	 91 	 0.0 			 0.0 			0.0
g5	 92 	 0.0 			 0.0 			0.0
g5	 93 	 0.0 			 0.0 			0.0
g5	 94 	 0.0 			 0.0 			0.0
g5	 95 	 0.0 			 0.0 			0.0
g5	 96 	 0.0 			 0.0 			0.0
----------------------------------------------------------------------------------------------------
 
unit 	 generation 	 generation cost 	 start-up cost 	 total cost
----------------------------------------------------------------------------------------------------
g1 	 6907.147830			257581.323982			 0.000000		 257581.323982
g2 	 1102.656620			57917.032781			 10598.130000		 68515.162781
g3 	 0.000000			0.000000			 0.000000		 0.000000
g4 	 0.000000			0.000000			 0.000000		 0.000000
g5 	 0.000000			0.000000			 0.000000		 0.000000
----------------------------------------------------------------------------------------------------
 
generation cost 	 start-up cost 		 total cost
----------------------------------------------------------------------------------------------------
315498.3567629998 			 10598.13 			 326096.4867629997
----------------------------------------------------------------------------------------------------
uplift payment for generator g1: 0.0
uplift payment for generator g2: 0.0
uplift payment for generator g3: 0.0
uplift payment for generator g4: 0.0
uplift payment for generator g5: 0.0
 
****************************************************************************************************
 
rtm Systemwide prices
----------------------------------------------------------------------------------------------------
time	 energy 	 up-FRP 	 dw-FRP
----------------------------------------------------------------------------------------------------
1 	 9.614507 		 0.0 		 0.0
2 	 9.408671 		 0.0 		 0.0
3 	 9.614507 		 0.0 		 0.0
4 	 9.614507 		 0.0 		 0.0
5 	 2500.0 		 0.0 		 0.0
6 	 2480.976822 		 0.0 		 0.0
7 	 9.408671 		 0.0 		 0.0
8 	 9.408671 		 0.0 		 0.0
9 	 9.408671 		 0.0 		 0.0
10 	 9.408671 		 0.0 		 0.0
11 	 9.408671 		 0.0 		 0.0
12 	 9.408671 		 0.0 		 0.0
13 	 9.408671 		 0.0 		 0.0
14 	 9.408671 		 0.0 		 0.0
15 	 9.408671 		 0.0 		 0.0
16 	 9.408671 		 0.0 		 0.0
17 	 9.408671 		 0.0 		 0.0
18 	 9.408671 		 0.0 		 0.0
19 	 9.408671 		 0.0 		 0.0
20 	 9.408671 		 0.0 		 0.0
21 	 9.408671 		 0.0 		 0.0
22 	 9.408671 		 0.0 		 0.0
23 	 9.614507 		 0.0 		 0.0
24 	 9.408671 		 0.0 		 0.0
25 	 9.408671 		 0.0 		 0.0
26 	 9.614507 		 0.0 		 0.0
27 	 2500.0 		 0.0 		 0.0
28 	 4971.362314 		 0.0 		 0.0
29 	 2500.0 		 0.0 		 0.0
30 	 9.614507 		 0.0 		 0.0
31 	 9.614507 		 0.0 		 0.0
32 	 9.614507 		 0.0 		 0.0
33 	 2500.0 		 0.0 		 0.0
34 	 9.614507 		 0.0 		 0.0
35 	 9.614507 		 0.0 		 0.0
36 	 9.614507 		 0.0 		 0.0
37 	 9.614507 		 0.0 		 0.0
38 	 9.614507 		 0.0 		 0.0
39 	 9.614507 		 0.0 		 0.0
40 	 9.614507 		 0.0 		 0.0
41 	 9.614507 		 0.0 		 0.0
42 	 12.636629 		 0.0 		 0.0
43 	 9.614507 		 0.0 		 0.0
44 	 10.185876 		 0.0 		 0.0
45 	 10.185876 		 0.0 		 0.0
46 	 9.614507 		 0.0 		 0.0
47 	 9.614507 		 0.0 		 0.0
48 	 12.06526 		 0.0 		 0.0
49 	 9.614507 		 0.0 		 0.0
50 	 15.176097 		 0.0 		 0.0
51 	 3.847082 		 0.0 		 0.0
52 	 9.614507 		 0.0 		 0.0
53 	 28.307932 		 0.0 		 0.0
54 	 9.614507 		 0.0 		 0.0
55 	 9.614507 		 0.0 		 0.0
56 	 2500.0 		 0.0 		 0.0
57 	 13.296712 		 0.0 		 0.0
58 	 11.493892 		 0.0 		 0.0
59 	 13.296712 		 0.0 		 0.0
60 	 2500.0 		 0.0 		 0.0
61 	 9.614507 		 0.0 		 0.0
62 	 9.614507 		 0.0 		 0.0
63 	 11.493892 		 0.0 		 0.0
64 	 15.176097 		 0.0 		 0.0
65 	 9.614507 		 0.0 		 0.0
66 	 13.296712 		 0.0 		 0.0
67 	 13.296712 		 0.0 		 0.0
68 	 2500.0 		 0.0 		 0.0
69 	 9.614507 		 0.0 		 0.0
70 	 13.296712 		 0.0 		 0.0
71 	 9.614507 		 0.0 		 0.0
72 	 20.661122 		 0.0 		 0.0
73 	 9.614507 		 0.0 		 0.0
74 	 15.176097 		 0.0 		 0.0
75 	 9.614507 		 0.0 		 0.0
76 	 11.493892 		 0.0 		 0.0
77 	 11.493892 		 0.0 		 0.0
78 	 10.185876 		 0.0 		 0.0
79 	 10.185876 		 0.0 		 0.0
80 	 11.493892 		 0.0 		 0.0
81 	 9.614507 		 0.0 		 0.0
82 	 9.614507 		 0.0 		 0.0
83 	 24.991259 		 0.0 		 0.0
84 	 9.614507 		 0.0 		 0.0
85 	 9.614507 		 0.0 		 0.0
86 	 9.614507 		 0.0 		 0.0
87 	 10.185876 		 0.0 		 0.0
88 	 10.185876 		 0.0 		 0.0
89 	 9.614507 		 0.0 		 0.0
90 	 10.185876 		 0.0 		 0.0
91 	 9.457625 		 0.0 		 0.0
92 	 9.614507 		 0.0 		 0.0
93 	 9.614507 		 0.0 		 0.0
94 	 9.614507 		 0.0 		 0.0
95 	 2500.0 		 0.0 		 0.0
96 	 9.614507 		 0.0 		 0.0
 
****************************************************************************************************
 
rtm Post-uplift payments
----------------------------------------------------------------------------------------------------------------------------------------------------
unit 	 generation payment 	 up-FRP payment 	 dw-FRP payment 	pre-up t. payment 	 uplift payments 	 post-up t. payment 	 profit
----------------------------------------------------------------------------------------------------------------------------------------------------
 g1 	 582248.691882			 0.000000			 0.000000			 582248.691882			 0.000000			 582248.691882		 614908.417201
 g2 	 351304.694448			 0.000000			 0.000000			 351304.694448			 0.000000			 351304.694448		 321094.696186
 g3 	 0.000000			 0.000000			 0.000000			 0.000000			 0.000000			 0.000000		 0.000000
 g4 	 0.000000			 0.000000			 0.000000			 0.000000			 0.000000			 0.000000		 0.000000
 g5 	 0.000000			 0.000000			 0.000000			 0.000000			 0.000000			 0.000000		 0.000000
****************************************************************************************************
 
Total generator payments
----------------------------------------------------------------------------------------------------------------------------------------------------
unit 	 generation payment 	 up-FRP payment 	 dw-FRP payment 	pre-up t. payment 	 uplift payments 	 post-up t. payment 	 profit
----------------------------------------------------------------------------------------------------------------------------------------------------
 g1 	 872489.741183			 0.000000			 0.000000			 872489.741183			 0.000000			 872489.741183		 614908.417201
 g2 	 389609.858967			 0.000000			 0.000000			 389609.858967			 0.000000			 389609.858967		 321094.696186
 g3 	 0.000000			 0.000000			 0.000000			 0.000000			 0.000000			 0.000000		 0.000000
 g4 	 0.000000			 0.000000			 0.000000			 0.000000			 0.000000			 0.000000		 0.000000
 g5 	 0.000000			 0.000000			 0.000000			 0.000000			 0.000000			 0.000000		 0.000000
 
****************************************************************************************************
 
rtm LMP
----------------------------------------------------------------------------------------------------
bus name 	 time 		 LMP
----------------------------------------------------------------------------------------------------
b1 		 1 		 9.614507
b1 		 2 		 9.408671
b1 		 3 		 9.614507
b1 		 4 		 9.614507
b1 		 5 		 2500.0
b1 		 6 		 2480.976822
b1 		 7 		 9.408671
b1 		 8 		 9.408671
b1 		 9 		 9.408671
b1 		 10 		 9.408671
b1 		 11 		 9.408671
b1 		 12 		 9.408671
b1 		 13 		 9.408671
b1 		 14 		 9.408671
b1 		 15 		 9.408671
b1 		 16 		 9.408671
b1 		 17 		 9.408671
b1 		 18 		 9.408671
b1 		 19 		 9.408671
b1 		 20 		 9.408671
b1 		 21 		 9.408671
b1 		 22 		 9.408671
b1 		 23 		 9.614507
b1 		 24 		 9.408671
b1 		 25 		 9.408671
b1 		 26 		 9.614507
b1 		 27 		 2500.0
b1 		 28 		 4971.362314
b1 		 29 		 2500.0
b1 		 30 		 9.614507
b1 		 31 		 9.614507
b1 		 32 		 9.614507
b1 		 33 		 2500.0
b1 		 34 		 9.614507
b1 		 35 		 9.614507
b1 		 36 		 9.614507
b1 		 37 		 9.614507
b1 		 38 		 9.614507
b1 		 39 		 9.614507
b1 		 40 		 9.614507
b1 		 41 		 9.614507
b1 		 42 		 12.636629
b1 		 43 		 9.614507
b1 		 44 		 10.185876
b1 		 45 		 10.185876
b1 		 46 		 9.614507
b1 		 47 		 9.614507
b1 		 48 		 12.06526
b1 		 49 		 9.614507
b1 		 50 		 15.176097
b1 		 51 		 3.847082
b1 		 52 		 9.614507
b1 		 53 		 28.307932
b1 		 54 		 9.614507
b1 		 55 		 9.614507
b1 		 56 		 2500.0
b1 		 57 		 13.296712
b1 		 58 		 11.493892
b1 		 59 		 13.296712
b1 		 60 		 2500.0
b1 		 61 		 9.614507
b1 		 62 		 9.614507
b1 		 63 		 11.493892
b1 		 64 		 15.176097
b1 		 65 		 9.614507
b1 		 66 		 13.296712
b1 		 67 		 13.296712
b1 		 68 		 2500.0
b1 		 69 		 9.614507
b1 		 70 		 13.296712
b1 		 71 		 9.614507
b1 		 72 		 20.661122
b1 		 73 		 9.614507
b1 		 74 		 15.176097
b1 		 75 		 9.614507
b1 		 76 		 11.493892
b1 		 77 		 11.493892
b1 		 78 		 10.185876
b1 		 79 		 10.185876
b1 		 80 		 11.493892
b1 		 81 		 9.614507
b1 		 82 		 9.614507
b1 		 83 		 24.991259
b1 		 84 		 9.614507
b1 		 85 		 9.614507
b1 		 86 		 9.614507
b1 		 87 		 10.185876
b1 		 88 		 10.185876
b1 		 89 		 9.614507
b1 		 90 		 10.185876
b1 		 91 		 9.457625
b1 		 92 		 9.614507
b1 		 93 		 9.614507
b1 		 94 		 9.614507
b1 		 95 		 2500.0
b1 		 96 		 9.614507
----------------------------------------------------------------------------------------------------
b2 		 1 		 9.614507
b2 		 2 		 9.408671
b2 		 3 		 9.614507
b2 		 4 		 9.614507
b2 		 5 		 2500.0
b2 		 6 		 2480.976822
b2 		 7 		 9.408671
b2 		 8 		 9.408671
b2 		 9 		 9.408671
b2 		 10 		 9.408671
b2 		 11 		 9.408671
b2 		 12 		 9.408671
b2 		 13 		 9.408671
b2 		 14 		 9.408671
b2 		 15 		 9.408671
b2 		 16 		 9.408671
b2 		 17 		 9.408671
b2 		 18 		 9.408671
b2 		 19 		 9.408671
b2 		 20 		 9.408671
b2 		 21 		 9.408671
b2 		 22 		 9.408671
b2 		 23 		 9.614507
b2 		 24 		 9.408671
b2 		 25 		 9.408671
b2 		 26 		 9.614507
b2 		 27 		 2500.0
b2 		 28 		 4971.362314
b2 		 29 		 2500.0
b2 		 30 		 9.614507
b2 		 31 		 9.614507
b2 		 32 		 9.614507
b2 		 33 		 2500.0
b2 		 34 		 9.614507
b2 		 35 		 9.614507
b2 		 36 		 9.614507
b2 		 37 		 9.614507
b2 		 38 		 9.614507
b2 		 39 		 9.614507
b2 		 40 		 9.614507
b2 		 41 		 9.614507
b2 		 42 		 12.636629
b2 		 43 		 9.614507
b2 		 44 		 10.185876
b2 		 45 		 10.185876
b2 		 46 		 9.614507
b2 		 47 		 9.614507
b2 		 48 		 12.06526
b2 		 49 		 9.614507
b2 		 50 		 15.176097
b2 		 51 		 3.847082
b2 		 52 		 9.614507
b2 		 53 		 28.307932
b2 		 54 		 9.614507
b2 		 55 		 9.614507
b2 		 56 		 2500.0
b2 		 57 		 13.296712
b2 		 58 		 11.493892
b2 		 59 		 13.296712
b2 		 60 		 2500.0
b2 		 61 		 9.614507
b2 		 62 		 9.614507
b2 		 63 		 11.493892
b2 		 64 		 15.176097
b2 		 65 		 9.614507
b2 		 66 		 13.296712
b2 		 67 		 13.296712
b2 		 68 		 2500.0
b2 		 69 		 9.614507
b2 		 70 		 13.296712
b2 		 71 		 9.614507
b2 		 72 		 20.661122
b2 		 73 		 9.614507
b2 		 74 		 15.176097
b2 		 75 		 9.614507
b2 		 76 		 11.493892
b2 		 77 		 11.493892
b2 		 78 		 10.185876
b2 		 79 		 10.185876
b2 		 80 		 11.493892
b2 		 81 		 9.614507
b2 		 82 		 9.614507
b2 		 83 		 24.991259
b2 		 84 		 9.614507
b2 		 85 		 9.614507
b2 		 86 		 9.614507
b2 		 87 		 10.185876
b2 		 88 		 10.185876
b2 		 89 		 9.614507
b2 		 90 		 10.185876
b2 		 91 		 9.457625
b2 		 92 		 9.614507
b2 		 93 		 9.614507
b2 		 94 		 9.614507
b2 		 95 		 2500.0
b2 		 96 		 9.614507
----------------------------------------------------------------------------------------------------
b3 		 1 		 9.614507
b3 		 2 		 9.408671
b3 		 3 		 9.614507
b3 		 4 		 9.614507
b3 		 5 		 2500.0
b3 		 6 		 2480.976822
b3 		 7 		 9.408671
b3 		 8 		 9.408671
b3 		 9 		 9.408671
b3 		 10 		 9.408671
b3 		 11 		 9.408671
b3 		 12 		 9.408671
b3 		 13 		 9.408671
b3 		 14 		 9.408671
b3 		 15 		 9.408671
b3 		 16 		 9.408671
b3 		 17 		 9.408671
b3 		 18 		 9.408671
b3 		 19 		 9.408671
b3 		 20 		 9.408671
b3 		 21 		 9.408671
b3 		 22 		 9.408671
b3 		 23 		 9.614507
b3 		 24 		 9.408671
b3 		 25 		 9.408671
b3 		 26 		 9.614507
b3 		 27 		 2500.0
b3 		 28 		 4971.362314
b3 		 29 		 2500.0
b3 		 30 		 9.614507
b3 		 31 		 9.614507
b3 		 32 		 9.614507
b3 		 33 		 2500.0
b3 		 34 		 9.614507
b3 		 35 		 9.614507
b3 		 36 		 9.614507
b3 		 37 		 9.614507
b3 		 38 		 9.614507
b3 		 39 		 9.614507
b3 		 40 		 9.614507
b3 		 41 		 9.614507
b3 		 42 		 12.636629
b3 		 43 		 9.614507
b3 		 44 		 10.185876
b3 		 45 		 10.185876
b3 		 46 		 9.614507
b3 		 47 		 9.614507
b3 		 48 		 12.06526
b3 		 49 		 9.614507
b3 		 50 		 15.176097
b3 		 51 		 3.847082
b3 		 52 		 9.614507
b3 		 53 		 28.307932
b3 		 54 		 9.614507
b3 		 55 		 9.614507
b3 		 56 		 2500.0
b3 		 57 		 13.296712
b3 		 58 		 11.493892
b3 		 59 		 13.296712
b3 		 60 		 2500.0
b3 		 61 		 9.614507
b3 		 62 		 9.614507
b3 		 63 		 11.493892
b3 		 64 		 15.176097
b3 		 65 		 9.614507
b3 		 66 		 13.296712
b3 		 67 		 13.296712
b3 		 68 		 2500.0
b3 		 69 		 9.614507
b3 		 70 		 13.296712
b3 		 71 		 9.614507
b3 		 72 		 20.661122
b3 		 73 		 9.614507
b3 		 74 		 15.176097
b3 		 75 		 9.614507
b3 		 76 		 11.493892
b3 		 77 		 11.493892
b3 		 78 		 10.185876
b3 		 79 		 10.185876
b3 		 80 		 11.493892
b3 		 81 		 9.614507
b3 		 82 		 9.614507
b3 		 83 		 24.991259
b3 		 84 		 9.614507
b3 		 85 		 9.614507
b3 		 86 		 9.614507
b3 		 87 		 10.185876
b3 		 88 		 10.185876
b3 		 89 		 9.614507
b3 		 90 		 10.185876
b3 		 91 		 9.457625
b3 		 92 		 9.614507
b3 		 93 		 9.614507
b3 		 94 		 9.614507
b3 		 95 		 2500.0
b3 		 96 		 9.614507
----------------------------------------------------------------------------------------------------
b4 		 1 		 9.614507
b4 		 2 		 9.408671
b4 		 3 		 9.614507
b4 		 4 		 9.614507
b4 		 5 		 2500.0
b4 		 6 		 2480.976822
b4 		 7 		 9.408671
b4 		 8 		 9.408671
b4 		 9 		 9.408671
b4 		 10 		 9.408671
b4 		 11 		 9.408671
b4 		 12 		 9.408671
b4 		 13 		 9.408671
b4 		 14 		 9.408671
b4 		 15 		 9.408671
b4 		 16 		 9.408671
b4 		 17 		 9.408671
b4 		 18 		 9.408671
b4 		 19 		 9.408671
b4 		 20 		 9.408671
b4 		 21 		 9.408671
b4 		 22 		 9.408671
b4 		 23 		 9.614507
b4 		 24 		 9.408671
b4 		 25 		 9.408671
b4 		 26 		 9.614507
b4 		 27 		 2500.0
b4 		 28 		 4971.362314
b4 		 29 		 2500.0
b4 		 30 		 9.614507
b4 		 31 		 9.614507
b4 		 32 		 9.614507
b4 		 33 		 2500.0
b4 		 34 		 9.614507
b4 		 35 		 9.614507
b4 		 36 		 9.614507
b4 		 37 		 9.614507
b4 		 38 		 9.614507
b4 		 39 		 9.614507
b4 		 40 		 9.614507
b4 		 41 		 9.614507
b4 		 42 		 12.636629
b4 		 43 		 9.614507
b4 		 44 		 10.185876
b4 		 45 		 10.185876
b4 		 46 		 9.614507
b4 		 47 		 9.614507
b4 		 48 		 12.06526
b4 		 49 		 9.614507
b4 		 50 		 15.176097
b4 		 51 		 3.847082
b4 		 52 		 9.614507
b4 		 53 		 28.307932
b4 		 54 		 9.614507
b4 		 55 		 9.614507
b4 		 56 		 2500.0
b4 		 57 		 13.296712
b4 		 58 		 11.493892
b4 		 59 		 13.296712
b4 		 60 		 2500.0
b4 		 61 		 9.614507
b4 		 62 		 9.614507
b4 		 63 		 11.493892
b4 		 64 		 15.176097
b4 		 65 		 9.614507
b4 		 66 		 13.296712
b4 		 67 		 13.296712
b4 		 68 		 2500.0
b4 		 69 		 9.614507
b4 		 70 		 13.296712
b4 		 71 		 9.614507
b4 		 72 		 20.661122
b4 		 73 		 9.614507
b4 		 74 		 15.176097
b4 		 75 		 9.614507
b4 		 76 		 11.493892
b4 		 77 		 11.493892
b4 		 78 		 10.185876
b4 		 79 		 10.185876
b4 		 80 		 11.493892
b4 		 81 		 9.614507
b4 		 82 		 9.614507
b4 		 83 		 24.991259
b4 		 84 		 9.614507
b4 		 85 		 9.614507
b4 		 86 		 9.614507
b4 		 87 		 10.185876
b4 		 88 		 10.185876
b4 		 89 		 9.614507
b4 		 90 		 10.185876
b4 		 91 		 9.457625
b4 		 92 		 9.614507
b4 		 93 		 9.614507
b4 		 94 		 9.614507
b4 		 95 		 2500.0
b4 		 96 		 9.614507
----------------------------------------------------------------------------------------------------
b5 		 1 		 9.614507
b5 		 2 		 9.408671
b5 		 3 		 9.614507
b5 		 4 		 9.614507
b5 		 5 		 2500.0
b5 		 6 		 2480.976822
b5 		 7 		 9.408671
b5 		 8 		 9.408671
b5 		 9 		 9.408671
b5 		 10 		 9.408671
b5 		 11 		 9.408671
b5 		 12 		 9.408671
b5 		 13 		 9.408671
b5 		 14 		 9.408671
b5 		 15 		 9.408671
b5 		 16 		 9.408671
b5 		 17 		 9.408671
b5 		 18 		 9.408671
b5 		 19 		 9.408671
b5 		 20 		 9.408671
b5 		 21 		 9.408671
b5 		 22 		 9.408671
b5 		 23 		 9.614507
b5 		 24 		 9.408671
b5 		 25 		 9.408671
b5 		 26 		 9.614507
b5 		 27 		 2500.0
b5 		 28 		 4971.362314
b5 		 29 		 2500.0
b5 		 30 		 9.614507
b5 		 31 		 9.614507
b5 		 32 		 9.614507
b5 		 33 		 2500.0
b5 		 34 		 9.614507
b5 		 35 		 9.614507
b5 		 36 		 9.614507
b5 		 37 		 9.614507
b5 		 38 		 9.614507
b5 		 39 		 9.614507
b5 		 40 		 9.614507
b5 		 41 		 9.614507
b5 		 42 		 12.636629
b5 		 43 		 9.614507
b5 		 44 		 10.185876
b5 		 45 		 10.185876
b5 		 46 		 9.614507
b5 		 47 		 9.614507
b5 		 48 		 12.06526
b5 		 49 		 9.614507
b5 		 50 		 15.176097
b5 		 51 		 3.847082
b5 		 52 		 9.614507
b5 		 53 		 28.307932
b5 		 54 		 9.614507
b5 		 55 		 9.614507
b5 		 56 		 2500.0
b5 		 57 		 13.296712
b5 		 58 		 11.493892
b5 		 59 		 13.296712
b5 		 60 		 2500.0
b5 		 61 		 9.614507
b5 		 62 		 9.614507
b5 		 63 		 11.493892
b5 		 64 		 15.176097
b5 		 65 		 9.614507
b5 		 66 		 13.296712
b5 		 67 		 13.296712
b5 		 68 		 2500.0
b5 		 69 		 9.614507
b5 		 70 		 13.296712
b5 		 71 		 9.614507
b5 		 72 		 20.661122
b5 		 73 		 9.614507
b5 		 74 		 15.176097
b5 		 75 		 9.614507
b5 		 76 		 11.493892
b5 		 77 		 11.493892
b5 		 78 		 10.185876
b5 		 79 		 10.185876
b5 		 80 		 11.493892
b5 		 81 		 9.614507
b5 		 82 		 9.614507
b5 		 83 		 24.991259
b5 		 84 		 9.614507
b5 		 85 		 9.614507
b5 		 86 		 9.614507
b5 		 87 		 10.185876
b5 		 88 		 10.185876
b5 		 89 		 9.614507
b5 		 90 		 10.185876
b5 		 91 		 9.457625
b5 		 92 		 9.614507
b5 		 93 		 9.614507
b5 		 94 		 9.614507
b5 		 95 		 2500.0
b5 		 96 		 9.614507
----------------------------------------------------------------------------------------------------
b6 		 1 		 9.614507
b6 		 2 		 9.408671
b6 		 3 		 9.614507
b6 		 4 		 9.614507
b6 		 5 		 2500.0
b6 		 6 		 2480.976822
b6 		 7 		 9.408671
b6 		 8 		 9.408671
b6 		 9 		 9.408671
b6 		 10 		 9.408671
b6 		 11 		 9.408671
b6 		 12 		 9.408671
b6 		 13 		 9.408671
b6 		 14 		 9.408671
b6 		 15 		 9.408671
b6 		 16 		 9.408671
b6 		 17 		 9.408671
b6 		 18 		 9.408671
b6 		 19 		 9.408671
b6 		 20 		 9.408671
b6 		 21 		 9.408671
b6 		 22 		 9.408671
b6 		 23 		 9.614507
b6 		 24 		 9.408671
b6 		 25 		 9.408671
b6 		 26 		 9.614507
b6 		 27 		 2500.0
b6 		 28 		 4971.362314
b6 		 29 		 2500.0
b6 		 30 		 9.614507
b6 		 31 		 9.614507
b6 		 32 		 9.614507
b6 		 33 		 2500.0
b6 		 34 		 9.614507
b6 		 35 		 9.614507
b6 		 36 		 9.614507
b6 		 37 		 9.614507
b6 		 38 		 9.614507
b6 		 39 		 9.614507
b6 		 40 		 9.614507
b6 		 41 		 9.614507
b6 		 42 		 12.636629
b6 		 43 		 9.614507
b6 		 44 		 10.185876
b6 		 45 		 10.185876
b6 		 46 		 9.614507
b6 		 47 		 9.614507
b6 		 48 		 12.06526
b6 		 49 		 9.614507
b6 		 50 		 15.176097
b6 		 51 		 3.847082
b6 		 52 		 9.614507
b6 		 53 		 28.307932
b6 		 54 		 9.614507
b6 		 55 		 9.614507
b6 		 56 		 2500.0
b6 		 57 		 13.296712
b6 		 58 		 11.493892
b6 		 59 		 13.296712
b6 		 60 		 2500.0
b6 		 61 		 9.614507
b6 		 62 		 9.614507
b6 		 63 		 11.493892
b6 		 64 		 15.176097
b6 		 65 		 9.614507
b6 		 66 		 13.296712
b6 		 67 		 13.296712
b6 		 68 		 2500.0
b6 		 69 		 9.614507
b6 		 70 		 13.296712
b6 		 71 		 9.614507
b6 		 72 		 20.661122
b6 		 73 		 9.614507
b6 		 74 		 15.176097
b6 		 75 		 9.614507
b6 		 76 		 11.493892
b6 		 77 		 11.493892
b6 		 78 		 10.185876
b6 		 79 		 10.185876
b6 		 80 		 11.493892
b6 		 81 		 9.614507
b6 		 82 		 9.614507
b6 		 83 		 24.991259
b6 		 84 		 9.614507
b6 		 85 		 9.614507
b6 		 86 		 9.614507
b6 		 87 		 10.185876
b6 		 88 		 10.185876
b6 		 89 		 9.614507
b6 		 90 		 10.185876
b6 		 91 		 9.457625
b6 		 92 		 9.614507
b6 		 93 		 9.614507
b6 		 94 		 9.614507
b6 		 95 		 2500.0
b6 		 96 		 9.614507
----------------------------------------------------------------------------------------------------
b7 		 1 		 9.614507
b7 		 2 		 9.408671
b7 		 3 		 9.614507
b7 		 4 		 9.614507
b7 		 5 		 2500.0
b7 		 6 		 2480.976822
b7 		 7 		 9.408671
b7 		 8 		 9.408671
b7 		 9 		 9.408671
b7 		 10 		 9.408671
b7 		 11 		 9.408671
b7 		 12 		 9.408671
b7 		 13 		 9.408671
b7 		 14 		 9.408671
b7 		 15 		 9.408671
b7 		 16 		 9.408671
b7 		 17 		 9.408671
b7 		 18 		 9.408671
b7 		 19 		 9.408671
b7 		 20 		 9.408671
b7 		 21 		 9.408671
b7 		 22 		 9.408671
b7 		 23 		 9.614507
b7 		 24 		 9.408671
b7 		 25 		 9.408671
b7 		 26 		 9.614507
b7 		 27 		 2500.0
b7 		 28 		 4971.362314
b7 		 29 		 2500.0
b7 		 30 		 9.614507
b7 		 31 		 9.614507
b7 		 32 		 9.614507
b7 		 33 		 2500.0
b7 		 34 		 9.614507
b7 		 35 		 9.614507
b7 		 36 		 9.614507
b7 		 37 		 9.614507
b7 		 38 		 9.614507
b7 		 39 		 9.614507
b7 		 40 		 9.614507
b7 		 41 		 9.614507
b7 		 42 		 12.636629
b7 		 43 		 9.614507
b7 		 44 		 10.185876
b7 		 45 		 10.185876
b7 		 46 		 9.614507
b7 		 47 		 9.614507
b7 		 48 		 12.06526
b7 		 49 		 9.614507
b7 		 50 		 15.176097
b7 		 51 		 3.847082
b7 		 52 		 9.614507
b7 		 53 		 28.307932
b7 		 54 		 9.614507
b7 		 55 		 9.614507
b7 		 56 		 2500.0
b7 		 57 		 13.296712
b7 		 58 		 11.493892
b7 		 59 		 13.296712
b7 		 60 		 2500.0
b7 		 61 		 9.614507
b7 		 62 		 9.614507
b7 		 63 		 11.493892
b7 		 64 		 15.176097
b7 		 65 		 9.614507
b7 		 66 		 13.296712
b7 		 67 		 13.296712
b7 		 68 		 2500.0
b7 		 69 		 9.614507
b7 		 70 		 13.296712
b7 		 71 		 9.614507
b7 		 72 		 20.661122
b7 		 73 		 9.614507
b7 		 74 		 15.176097
b7 		 75 		 9.614507
b7 		 76 		 11.493892
b7 		 77 		 11.493892
b7 		 78 		 10.185876
b7 		 79 		 10.185876
b7 		 80 		 11.493892
b7 		 81 		 9.614507
b7 		 82 		 9.614507
b7 		 83 		 24.991259
b7 		 84 		 9.614507
b7 		 85 		 9.614507
b7 		 86 		 9.614507
b7 		 87 		 10.185876
b7 		 88 		 10.185876
b7 		 89 		 9.614507
b7 		 90 		 10.185876
b7 		 91 		 9.457625
b7 		 92 		 9.614507
b7 		 93 		 9.614507
b7 		 94 		 9.614507
b7 		 95 		 2500.0
b7 		 96 		 9.614507
----------------------------------------------------------------------------------------------------
b8 		 1 		 9.614507
b8 		 2 		 9.408671
b8 		 3 		 9.614507
b8 		 4 		 9.614507
b8 		 5 		 2500.0
b8 		 6 		 2480.976822
b8 		 7 		 9.408671
b8 		 8 		 9.408671
b8 		 9 		 9.408671
b8 		 10 		 9.408671
b8 		 11 		 9.408671
b8 		 12 		 9.408671
b8 		 13 		 9.408671
b8 		 14 		 9.408671
b8 		 15 		 9.408671
b8 		 16 		 9.408671
b8 		 17 		 9.408671
b8 		 18 		 9.408671
b8 		 19 		 9.408671
b8 		 20 		 9.408671
b8 		 21 		 9.408671
b8 		 22 		 9.408671
b8 		 23 		 9.614507
b8 		 24 		 9.408671
b8 		 25 		 9.408671
b8 		 26 		 9.614507
b8 		 27 		 2500.0
b8 		 28 		 4971.362314
b8 		 29 		 2500.0
b8 		 30 		 9.614507
b8 		 31 		 9.614507
b8 		 32 		 9.614507
b8 		 33 		 2500.0
b8 		 34 		 9.614507
b8 		 35 		 9.614507
b8 		 36 		 9.614507
b8 		 37 		 9.614507
b8 		 38 		 9.614507
b8 		 39 		 9.614507
b8 		 40 		 9.614507
b8 		 41 		 9.614507
b8 		 42 		 12.636629
b8 		 43 		 9.614507
b8 		 44 		 10.185876
b8 		 45 		 10.185876
b8 		 46 		 9.614507
b8 		 47 		 9.614507
b8 		 48 		 12.06526
b8 		 49 		 9.614507
b8 		 50 		 15.176097
b8 		 51 		 3.847082
b8 		 52 		 9.614507
b8 		 53 		 28.307932
b8 		 54 		 9.614507
b8 		 55 		 9.614507
b8 		 56 		 2500.0
b8 		 57 		 13.296712
b8 		 58 		 11.493892
b8 		 59 		 13.296712
b8 		 60 		 2500.0
b8 		 61 		 9.614507
b8 		 62 		 9.614507
b8 		 63 		 11.493892
b8 		 64 		 15.176097
b8 		 65 		 9.614507
b8 		 66 		 13.296712
b8 		 67 		 13.296712
b8 		 68 		 2500.0
b8 		 69 		 9.614507
b8 		 70 		 13.296712
b8 		 71 		 9.614507
b8 		 72 		 20.661122
b8 		 73 		 9.614507
b8 		 74 		 15.176097
b8 		 75 		 9.614507
b8 		 76 		 11.493892
b8 		 77 		 11.493892
b8 		 78 		 10.185876
b8 		 79 		 10.185876
b8 		 80 		 11.493892
b8 		 81 		 9.614507
b8 		 82 		 9.614507
b8 		 83 		 24.991259
b8 		 84 		 9.614507
b8 		 85 		 9.614507
b8 		 86 		 9.614507
b8 		 87 		 10.185876
b8 		 88 		 10.185876
b8 		 89 		 9.614507
b8 		 90 		 10.185876
b8 		 91 		 9.457625
b8 		 92 		 9.614507
b8 		 93 		 9.614507
b8 		 94 		 9.614507
b8 		 95 		 2500.0
b8 		 96 		 9.614507
----------------------------------------------------------------------------------------------------
b9 		 1 		 9.614507
b9 		 2 		 9.408671
b9 		 3 		 9.614507
b9 		 4 		 9.614507
b9 		 5 		 2500.0
b9 		 6 		 2480.976822
b9 		 7 		 9.408671
b9 		 8 		 9.408671
b9 		 9 		 9.408671
b9 		 10 		 9.408671
b9 		 11 		 9.408671
b9 		 12 		 9.408671
b9 		 13 		 9.408671
b9 		 14 		 9.408671
b9 		 15 		 9.408671
b9 		 16 		 9.408671
b9 		 17 		 9.408671
b9 		 18 		 9.408671
b9 		 19 		 9.408671
b9 		 20 		 9.408671
b9 		 21 		 9.408671
b9 		 22 		 9.408671
b9 		 23 		 9.614507
b9 		 24 		 9.408671
b9 		 25 		 9.408671
b9 		 26 		 9.614507
b9 		 27 		 2500.0
b9 		 28 		 4971.362314
b9 		 29 		 2500.0
b9 		 30 		 9.614507
b9 		 31 		 9.614507
b9 		 32 		 9.614507
b9 		 33 		 2500.0
b9 		 34 		 9.614507
b9 		 35 		 9.614507
b9 		 36 		 9.614507
b9 		 37 		 9.614507
b9 		 38 		 9.614507
b9 		 39 		 9.614507
b9 		 40 		 9.614507
b9 		 41 		 9.614507
b9 		 42 		 12.636629
b9 		 43 		 9.614507
b9 		 44 		 10.185876
b9 		 45 		 10.185876
b9 		 46 		 9.614507
b9 		 47 		 9.614507
b9 		 48 		 12.06526
b9 		 49 		 9.614507
b9 		 50 		 15.176097
b9 		 51 		 3.847082
b9 		 52 		 9.614507
b9 		 53 		 28.307932
b9 		 54 		 9.614507
b9 		 55 		 9.614507
b9 		 56 		 2500.0
b9 		 57 		 13.296712
b9 		 58 		 11.493892
b9 		 59 		 13.296712
b9 		 60 		 2500.0
b9 		 61 		 9.614507
b9 		 62 		 9.614507
b9 		 63 		 11.493892
b9 		 64 		 15.176097
b9 		 65 		 9.614507
b9 		 66 		 13.296712
b9 		 67 		 13.296712
b9 		 68 		 2500.0
b9 		 69 		 9.614507
b9 		 70 		 13.296712
b9 		 71 		 9.614507
b9 		 72 		 20.661122
b9 		 73 		 9.614507
b9 		 74 		 15.176097
b9 		 75 		 9.614507
b9 		 76 		 11.493892
b9 		 77 		 11.493892
b9 		 78 		 10.185876
b9 		 79 		 10.185876
b9 		 80 		 11.493892
b9 		 81 		 9.614507
b9 		 82 		 9.614507
b9 		 83 		 24.991259
b9 		 84 		 9.614507
b9 		 85 		 9.614507
b9 		 86 		 9.614507
b9 		 87 		 10.185876
b9 		 88 		 10.185876
b9 		 89 		 9.614507
b9 		 90 		 10.185876
b9 		 91 		 9.457625
b9 		 92 		 9.614507
b9 		 93 		 9.614507
b9 		 94 		 9.614507
b9 		 95 		 2500.0
b9 		 96 		 9.614507
----------------------------------------------------------------------------------------------------
b10 		 1 		 9.614507
b10 		 2 		 9.408671
b10 		 3 		 9.614507
b10 		 4 		 9.614507
b10 		 5 		 2500.0
b10 		 6 		 2480.976822
b10 		 7 		 9.408671
b10 		 8 		 9.408671
b10 		 9 		 9.408671
b10 		 10 		 9.408671
b10 		 11 		 9.408671
b10 		 12 		 9.408671
b10 		 13 		 9.408671
b10 		 14 		 9.408671
b10 		 15 		 9.408671
b10 		 16 		 9.408671
b10 		 17 		 9.408671
b10 		 18 		 9.408671
b10 		 19 		 9.408671
b10 		 20 		 9.408671
b10 		 21 		 9.408671
b10 		 22 		 9.408671
b10 		 23 		 9.614507
b10 		 24 		 9.408671
b10 		 25 		 9.408671
b10 		 26 		 9.614507
b10 		 27 		 2500.0
b10 		 28 		 4971.362314
b10 		 29 		 2500.0
b10 		 30 		 9.614507
b10 		 31 		 9.614507
b10 		 32 		 9.614507
b10 		 33 		 2500.0
b10 		 34 		 9.614507
b10 		 35 		 9.614507
b10 		 36 		 9.614507
b10 		 37 		 9.614507
b10 		 38 		 9.614507
b10 		 39 		 9.614507
b10 		 40 		 9.614507
b10 		 41 		 9.614507
b10 		 42 		 12.636629
b10 		 43 		 9.614507
b10 		 44 		 10.185876
b10 		 45 		 10.185876
b10 		 46 		 9.614507
b10 		 47 		 9.614507
b10 		 48 		 12.06526
b10 		 49 		 9.614507
b10 		 50 		 15.176097
b10 		 51 		 3.847082
b10 		 52 		 9.614507
b10 		 53 		 28.307932
b10 		 54 		 9.614507
b10 		 55 		 9.614507
b10 		 56 		 2500.0
b10 		 57 		 13.296712
b10 		 58 		 11.493892
b10 		 59 		 13.296712
b10 		 60 		 2500.0
b10 		 61 		 9.614507
b10 		 62 		 9.614507
b10 		 63 		 11.493892
b10 		 64 		 15.176097
b10 		 65 		 9.614507
b10 		 66 		 13.296712
b10 		 67 		 13.296712
b10 		 68 		 2500.0
b10 		 69 		 9.614507
b10 		 70 		 13.296712
b10 		 71 		 9.614507
b10 		 72 		 20.661122
b10 		 73 		 9.614507
b10 		 74 		 15.176097
b10 		 75 		 9.614507
b10 		 76 		 11.493892
b10 		 77 		 11.493892
b10 		 78 		 10.185876
b10 		 79 		 10.185876
b10 		 80 		 11.493892
b10 		 81 		 9.614507
b10 		 82 		 9.614507
b10 		 83 		 24.991259
b10 		 84 		 9.614507
b10 		 85 		 9.614507
b10 		 86 		 9.614507
b10 		 87 		 10.185876
b10 		 88 		 10.185876
b10 		 89 		 9.614507
b10 		 90 		 10.185876
b10 		 91 		 9.457625
b10 		 92 		 9.614507
b10 		 93 		 9.614507
b10 		 94 		 9.614507
b10 		 95 		 2500.0
b10 		 96 		 9.614507
----------------------------------------------------------------------------------------------------
b11 		 1 		 9.614507
b11 		 2 		 9.408671
b11 		 3 		 9.614507
b11 		 4 		 9.614507
b11 		 5 		 2500.0
b11 		 6 		 2480.976822
b11 		 7 		 9.408671
b11 		 8 		 9.408671
b11 		 9 		 9.408671
b11 		 10 		 9.408671
b11 		 11 		 9.408671
b11 		 12 		 9.408671
b11 		 13 		 9.408671
b11 		 14 		 9.408671
b11 		 15 		 9.408671
b11 		 16 		 9.408671
b11 		 17 		 9.408671
b11 		 18 		 9.408671
b11 		 19 		 9.408671
b11 		 20 		 9.408671
b11 		 21 		 9.408671
b11 		 22 		 9.408671
b11 		 23 		 9.614507
b11 		 24 		 9.408671
b11 		 25 		 9.408671
b11 		 26 		 9.614507
b11 		 27 		 2500.0
b11 		 28 		 4971.362314
b11 		 29 		 2500.0
b11 		 30 		 9.614507
b11 		 31 		 9.614507
b11 		 32 		 9.614507
b11 		 33 		 2500.0
b11 		 34 		 9.614507
b11 		 35 		 9.614507
b11 		 36 		 9.614507
b11 		 37 		 9.614507
b11 		 38 		 9.614507
b11 		 39 		 9.614507
b11 		 40 		 9.614507
b11 		 41 		 9.614507
b11 		 42 		 12.636629
b11 		 43 		 9.614507
b11 		 44 		 10.185876
b11 		 45 		 10.185876
b11 		 46 		 9.614507
b11 		 47 		 9.614507
b11 		 48 		 12.06526
b11 		 49 		 9.614507
b11 		 50 		 15.176097
b11 		 51 		 3.847082
b11 		 52 		 9.614507
b11 		 53 		 28.307932
b11 		 54 		 9.614507
b11 		 55 		 9.614507
b11 		 56 		 2500.0
b11 		 57 		 13.296712
b11 		 58 		 11.493892
b11 		 59 		 13.296712
b11 		 60 		 2500.0
b11 		 61 		 9.614507
b11 		 62 		 9.614507
b11 		 63 		 11.493892
b11 		 64 		 15.176097
b11 		 65 		 9.614507
b11 		 66 		 13.296712
b11 		 67 		 13.296712
b11 		 68 		 2500.0
b11 		 69 		 9.614507
b11 		 70 		 13.296712
b11 		 71 		 9.614507
b11 		 72 		 20.661122
b11 		 73 		 9.614507
b11 		 74 		 15.176097
b11 		 75 		 9.614507
b11 		 76 		 11.493892
b11 		 77 		 11.493892
b11 		 78 		 10.185876
b11 		 79 		 10.185876
b11 		 80 		 11.493892
b11 		 81 		 9.614507
b11 		 82 		 9.614507
b11 		 83 		 24.991259
b11 		 84 		 9.614507
b11 		 85 		 9.614507
b11 		 86 		 9.614507
b11 		 87 		 10.185876
b11 		 88 		 10.185876
b11 		 89 		 9.614507
b11 		 90 		 10.185876
b11 		 91 		 9.457625
b11 		 92 		 9.614507
b11 		 93 		 9.614507
b11 		 94 		 9.614507
b11 		 95 		 2500.0
b11 		 96 		 9.614507
----------------------------------------------------------------------------------------------------
b12 		 1 		 9.614507
b12 		 2 		 9.408671
b12 		 3 		 9.614507
b12 		 4 		 9.614507
b12 		 5 		 2500.0
b12 		 6 		 2480.976822
b12 		 7 		 9.408671
b12 		 8 		 9.408671
b12 		 9 		 9.408671
b12 		 10 		 9.408671
b12 		 11 		 9.408671
b12 		 12 		 9.408671
b12 		 13 		 9.408671
b12 		 14 		 9.408671
b12 		 15 		 9.408671
b12 		 16 		 9.408671
b12 		 17 		 9.408671
b12 		 18 		 9.408671
b12 		 19 		 9.408671
b12 		 20 		 9.408671
b12 		 21 		 9.408671
b12 		 22 		 9.408671
b12 		 23 		 9.614507
b12 		 24 		 9.408671
b12 		 25 		 9.408671
b12 		 26 		 9.614507
b12 		 27 		 2500.0
b12 		 28 		 4971.362314
b12 		 29 		 2500.0
b12 		 30 		 9.614507
b12 		 31 		 9.614507
b12 		 32 		 9.614507
b12 		 33 		 2500.0
b12 		 34 		 9.614507
b12 		 35 		 9.614507
b12 		 36 		 9.614507
b12 		 37 		 9.614507
b12 		 38 		 9.614507
b12 		 39 		 9.614507
b12 		 40 		 9.614507
b12 		 41 		 9.614507
b12 		 42 		 12.636629
b12 		 43 		 9.614507
b12 		 44 		 10.185876
b12 		 45 		 10.185876
b12 		 46 		 9.614507
b12 		 47 		 9.614507
b12 		 48 		 12.06526
b12 		 49 		 9.614507
b12 		 50 		 15.176097
b12 		 51 		 3.847082
b12 		 52 		 9.614507
b12 		 53 		 28.307932
b12 		 54 		 9.614507
b12 		 55 		 9.614507
b12 		 56 		 2500.0
b12 		 57 		 13.296712
b12 		 58 		 11.493892
b12 		 59 		 13.296712
b12 		 60 		 2500.0
b12 		 61 		 9.614507
b12 		 62 		 9.614507
b12 		 63 		 11.493892
b12 		 64 		 15.176097
b12 		 65 		 9.614507
b12 		 66 		 13.296712
b12 		 67 		 13.296712
b12 		 68 		 2500.0
b12 		 69 		 9.614507
b12 		 70 		 13.296712
b12 		 71 		 9.614507
b12 		 72 		 20.661122
b12 		 73 		 9.614507
b12 		 74 		 15.176097
b12 		 75 		 9.614507
b12 		 76 		 11.493892
b12 		 77 		 11.493892
b12 		 78 		 10.185876
b12 		 79 		 10.185876
b12 		 80 		 11.493892
b12 		 81 		 9.614507
b12 		 82 		 9.614507
b12 		 83 		 24.991259
b12 		 84 		 9.614507
b12 		 85 		 9.614507
b12 		 86 		 9.614507
b12 		 87 		 10.185876
b12 		 88 		 10.185876
b12 		 89 		 9.614507
b12 		 90 		 10.185876
b12 		 91 		 9.457625
b12 		 92 		 9.614507
b12 		 93 		 9.614507
b12 		 94 		 9.614507
b12 		 95 		 2500.0
b12 		 96 		 9.614507
----------------------------------------------------------------------------------------------------
b13 		 1 		 9.614507
b13 		 2 		 9.408671
b13 		 3 		 9.614507
b13 		 4 		 9.614507
b13 		 5 		 2500.0
b13 		 6 		 2480.976822
b13 		 7 		 9.408671
b13 		 8 		 9.408671
b13 		 9 		 9.408671
b13 		 10 		 9.408671
b13 		 11 		 9.408671
b13 		 12 		 9.408671
b13 		 13 		 9.408671
b13 		 14 		 9.408671
b13 		 15 		 9.408671
b13 		 16 		 9.408671
b13 		 17 		 9.408671
b13 		 18 		 9.408671
b13 		 19 		 9.408671
b13 		 20 		 9.408671
b13 		 21 		 9.408671
b13 		 22 		 9.408671
b13 		 23 		 9.614507
b13 		 24 		 9.408671
b13 		 25 		 9.408671
b13 		 26 		 9.614507
b13 		 27 		 2500.0
b13 		 28 		 4971.362314
b13 		 29 		 2500.0
b13 		 30 		 9.614507
b13 		 31 		 9.614507
b13 		 32 		 9.614507
b13 		 33 		 2500.0
b13 		 34 		 9.614507
b13 		 35 		 9.614507
b13 		 36 		 9.614507
b13 		 37 		 9.614507
b13 		 38 		 9.614507
b13 		 39 		 9.614507
b13 		 40 		 9.614507
b13 		 41 		 9.614507
b13 		 42 		 12.636629
b13 		 43 		 9.614507
b13 		 44 		 10.185876
b13 		 45 		 10.185876
b13 		 46 		 9.614507
b13 		 47 		 9.614507
b13 		 48 		 12.06526
b13 		 49 		 9.614507
b13 		 50 		 15.176097
b13 		 51 		 3.847082
b13 		 52 		 9.614507
b13 		 53 		 28.307932
b13 		 54 		 9.614507
b13 		 55 		 9.614507
b13 		 56 		 2500.0
b13 		 57 		 13.296712
b13 		 58 		 11.493892
b13 		 59 		 13.296712
b13 		 60 		 2500.0
b13 		 61 		 9.614507
b13 		 62 		 9.614507
b13 		 63 		 11.493892
b13 		 64 		 15.176097
b13 		 65 		 9.614507
b13 		 66 		 13.296712
b13 		 67 		 13.296712
b13 		 68 		 2500.0
b13 		 69 		 9.614507
b13 		 70 		 13.296712
b13 		 71 		 9.614507
b13 		 72 		 20.661122
b13 		 73 		 9.614507
b13 		 74 		 15.176097
b13 		 75 		 9.614507
b13 		 76 		 11.493892
b13 		 77 		 11.493892
b13 		 78 		 10.185876
b13 		 79 		 10.185876
b13 		 80 		 11.493892
b13 		 81 		 9.614507
b13 		 82 		 9.614507
b13 		 83 		 24.991259
b13 		 84 		 9.614507
b13 		 85 		 9.614507
b13 		 86 		 9.614507
b13 		 87 		 10.185876
b13 		 88 		 10.185876
b13 		 89 		 9.614507
b13 		 90 		 10.185876
b13 		 91 		 9.457625
b13 		 92 		 9.614507
b13 		 93 		 9.614507
b13 		 94 		 9.614507
b13 		 95 		 2500.0
b13 		 96 		 9.614507
----------------------------------------------------------------------------------------------------
b14 		 1 		 9.614507
b14 		 2 		 9.408671
b14 		 3 		 9.614507
b14 		 4 		 9.614507
b14 		 5 		 2500.0
b14 		 6 		 2480.976822
b14 		 7 		 9.408671
b14 		 8 		 9.408671
b14 		 9 		 9.408671
b14 		 10 		 9.408671
b14 		 11 		 9.408671
b14 		 12 		 9.408671
b14 		 13 		 9.408671
b14 		 14 		 9.408671
b14 		 15 		 9.408671
b14 		 16 		 9.408671
b14 		 17 		 9.408671
b14 		 18 		 9.408671
b14 		 19 		 9.408671
b14 		 20 		 9.408671
b14 		 21 		 9.408671
b14 		 22 		 9.408671
b14 		 23 		 9.614507
b14 		 24 		 9.408671
b14 		 25 		 9.408671
b14 		 26 		 9.614507
b14 		 27 		 2500.0
b14 		 28 		 4971.362314
b14 		 29 		 2500.0
b14 		 30 		 9.614507
b14 		 31 		 9.614507
b14 		 32 		 9.614507
b14 		 33 		 2500.0
b14 		 34 		 9.614507
b14 		 35 		 9.614507
b14 		 36 		 9.614507
b14 		 37 		 9.614507
b14 		 38 		 9.614507
b14 		 39 		 9.614507
b14 		 40 		 9.614507
b14 		 41 		 9.614507
b14 		 42 		 12.636629
b14 		 43 		 9.614507
b14 		 44 		 10.185876
b14 		 45 		 10.185876
b14 		 46 		 9.614507
b14 		 47 		 9.614507
b14 		 48 		 12.06526
b14 		 49 		 9.614507
b14 		 50 		 15.176097
b14 		 51 		 3.847082
b14 		 52 		 9.614507
b14 		 53 		 28.307932
b14 		 54 		 9.614507
b14 		 55 		 9.614507
b14 		 56 		 2500.0
b14 		 57 		 13.296712
b14 		 58 		 11.493892
b14 		 59 		 13.296712
b14 		 60 		 2500.0
b14 		 61 		 9.614507
b14 		 62 		 9.614507
b14 		 63 		 11.493892
b14 		 64 		 15.176097
b14 		 65 		 9.614507
b14 		 66 		 13.296712
b14 		 67 		 13.296712
b14 		 68 		 2500.0
b14 		 69 		 9.614507
b14 		 70 		 13.296712
b14 		 71 		 9.614507
b14 		 72 		 20.661122
b14 		 73 		 9.614507
b14 		 74 		 15.176097
b14 		 75 		 9.614507
b14 		 76 		 11.493892
b14 		 77 		 11.493892
b14 		 78 		 10.185876
b14 		 79 		 10.185876
b14 		 80 		 11.493892
b14 		 81 		 9.614507
b14 		 82 		 9.614507
b14 		 83 		 24.991259
b14 		 84 		 9.614507
b14 		 85 		 9.614507
b14 		 86 		 9.614507
b14 		 87 		 10.185876
b14 		 88 		 10.185876
b14 		 89 		 9.614507
b14 		 90 		 10.185876
b14 		 91 		 9.457625
b14 		 92 		 9.614507
b14 		 93 		 9.614507
b14 		 94 		 9.614507
b14 		 95 		 2500.0
b14 		 96 		 9.614507
----------------------------------------------------------------------------------------------------
Total overall payments
----------------------------------------------------------------------------------------------------------------------------------------------------
total generation payment 	 total up-FRP payment 	 total dw-FRP payment 	 total pre-up t. payment 	 uplift payment 	 total post-up t. payment 	 profit
----------------------------------------------------------------------------------------------------------------------------------------------------
1.26209960015e6 			 0.0 			 0.0 			 1.26209960015e6			 0.0 			 1.26209960015e6 			 936003.1133869999
