****************************************************************************************************
 
Generation payment
----------------------------------------------------------------------------------------------------------------
unit	 time 	 generation payment 	 up-FRP payment 	 dw-FRP payment 	pre-up total payment
----------------------------------------------------------------------------------------------------------------
g1	 1 	 199.785494 			 0.0 			 0.0			 199.785494 
g1	 2 	 194.16144 			 0.0 			 0.0			 194.16144 
g1	 3 	 172.973913 			 0.0 			 0.0			 172.973913 
g1	 4 	 146.214528 			 0.0 			 0.0			 146.214528 
g1	 5 	 123.772723 			 0.0 			 0.0			 123.772723 
g1	 6 	 190.762743 			 0.0 			 0.0			 190.762743 
g1	 7 	 174.871403 			 0.0 			 0.0			 174.871403 
g1	 8 	 168.986599 			 0.0 			 0.0			 168.986599 
g1	 9 	 167.336083 			 0.0 			 0.0			 167.336083 
g1	 10 	 182.974696 			 0.0 			 0.0			 182.974696 
g1	 11 	 88.547327 			 0.0 			 0.0			 88.547327 
g1	 12 	 182.495108 			 0.0 			 0.0			 182.495108 
g1	 13 	 195.247009 			 0.0 			 0.0			 195.247009 
g1	 14 	 128.58968 			 0.0 			 0.0			 128.58968 
g1	 15 	 145.248466 			 0.0 			 0.0			 145.248466 
g1	 16 	 143.701483 			 0.0 			 0.0			 143.701483 
g1	 17 	 163.809459 			 0.0 			 0.0			 163.809459 
g1	 18 	 183.442195 			 0.0 			 0.0			 183.442195 
g1	 19 	 145.81373 			 0.0 			 0.0			 145.81373 
g1	 20 	 162.76633 			 0.0 			 0.0			 162.76633 
g1	 21 	 190.732814 			 0.0 			 0.0			 190.732814 
g1	 22 	 159.496073 			 0.0 			 0.0			 159.496073 
g1	 23 	 180.146459 			 0.0 			 0.0			 180.146459 
g1	 24 	 121.088147 			 0.0 			 0.0			 121.088147 
g1	 25 	 151.40455 			 0.0 			 0.0			 151.40455 
g1	 26 	 117.878369 			 0.0 			 0.0			 117.878369 
g1	 27 	 167.999517 			 0.0 			 0.0			 167.999517 
g1	 28 	 153.570737 			 0.0 			 0.0			 153.570737 
g1	 29 	 164.774046 			 0.0 			 0.0			 164.774046 
g1	 30 	 141.586682 			 0.0 			 0.0			 141.586682 
g1	 31 	 119.459875 			 0.0 			 0.0			 119.459875 
g1	 32 	 162.738309 			 0.0 			 0.0			 162.738309 
g1	 33 	 178.320944 			 0.0 			 0.0			 178.320944 
g1	 34 	 187.235717 			 0.0 			 0.0			 187.235717 
g1	 35 	 168.86973 			 0.0 			 0.0			 168.86973 
g1	 36 	 163.375972 			 0.0 			 0.0			 163.375972 
g1	 37 	 198.217685 			 0.0 			 0.0			 198.217685 
g1	 38 	 112.872822 			 0.0 			 0.0			 112.872822 
g1	 39 	 187.73147 			 0.0 			 0.0			 187.73147 
g1	 40 	 144.47761 			 0.0 			 0.0			 144.47761 
g1	 41 	 205.42572 			 0.0 			 0.0			 205.42572 
g1	 42 	 107.160805 			 0.0 			 0.0			 107.160805 
g1	 43 	 182.922303 			 0.0 			 0.0			 182.922303 
g1	 44 	 156.260573 			 0.0 			 0.0			 156.260573 
g1	 45 	 122.941057 			 0.0 			 0.0			 122.941057 
g1	 46 	 174.2754 			 0.0 			 0.0			 174.2754 
g1	 47 	 209.446968 			 0.0 			 0.0			 209.446968 
g1	 48 	 213.997303 			 0.0 			 0.0			 213.997303 
g1	 49 	 140.543642 			 0.0 			 0.0			 140.543642 
g1	 50 	 180.054065 			 0.0 			 0.0			 180.054065 
g1	 51 	 107.473747 			 0.0 			 0.0			 107.473747 
g1	 52 	 184.91191 			 0.0 			 0.0			 184.91191 
g1	 53 	 203.163938 			 0.0 			 0.0			 203.163938 
g1	 54 	 179.970216 			 0.0 			 0.0			 179.970216 
g1	 55 	 102.334082 			 0.0 			 0.0			 102.334082 
g1	 56 	 126.614596 			 0.0 			 0.0			 126.614596 
g1	 57 	 136.90932 			 0.0 			 0.0			 136.90932 
g1	 58 	 172.152509 			 0.0 			 0.0			 172.152509 
g1	 59 	 146.240497 			 0.0 			 0.0			 146.240497 
g1	 60 	 172.152509 			 0.0 			 0.0			 172.152509 
g1	 61 	 172.152509 			 0.0 			 0.0			 172.152509 
g1	 62 	 172.152509 			 0.0 			 0.0			 172.152509 
g1	 63 	 172.152509 			 0.0 			 0.0			 172.152509 
g1	 64 	 172.152509 			 0.0 			 0.0			 172.152509 
g1	 65 	 172.152509 			 0.0 			 0.0			 172.152509 
g1	 66 	 172.152509 			 0.0 			 0.0			 172.152509 
g1	 67 	 172.152509 			 0.0 			 0.0			 172.152509 
g1	 68 	 172.152509 			 0.0 			 0.0			 172.152509 
g1	 69 	 172.152509 			 0.0 			 0.0			 172.152509 
g1	 70 	 172.152509 			 0.0 			 0.0			 172.152509 
g1	 71 	 172.152509 			 0.0 			 0.0			 172.152509 
g1	 72 	 172.152509 			 0.0 			 0.0			 172.152509 
g1	 73 	 172.152509 			 0.0 			 0.0			 172.152509 
g1	 74 	 172.152509 			 0.0 			 0.0			 172.152509 
g1	 75 	 172.152509 			 0.0 			 0.0			 172.152509 
g1	 76 	 172.152509 			 0.0 			 0.0			 172.152509 
g1	 77 	 172.152509 			 0.0 			 0.0			 172.152509 
g1	 78 	 172.152509 			 0.0 			 0.0			 172.152509 
g1	 79 	 172.152509 			 0.0 			 0.0			 172.152509 
g1	 80 	 172.152509 			 0.0 			 0.0			 172.152509 
g1	 81 	 172.152509 			 0.0 			 0.0			 172.152509 
g1	 82 	 114.569138 			 0.0 			 0.0			 114.569138 
g1	 83 	 172.152509 			 0.0 			 0.0			 172.152509 
g1	 84 	 172.152509 			 0.0 			 0.0			 172.152509 
g1	 85 	 104.526536 			 0.0 			 0.0			 104.526536 
g1	 86 	 161.195517 			 0.0 			 0.0			 161.195517 
g1	 87 	 195.611712 			 0.0 			 0.0			 195.611712 
g1	 88 	 163.636554 			 0.0 			 0.0			 163.636554 
g1	 89 	 553.80716 			 0.0 			 0.0			 553.80716 
g1	 90 	 521.802245 			 0.0 			 0.0			 521.802245 
g1	 91 	 512.877867 			 0.0 			 0.0			 512.877867 
g1	 92 	 507.24216 			 0.0 			 0.0			 507.24216 
g1	 93 	 181.635372 			 0.0 			 0.0			 181.635372 
g1	 94 	 160.599831 			 0.0 			 0.0			 160.599831 
g1	 95 	 201.170147 			 0.0 			 0.0			 201.170147 
g1	 96 	 184.262805 			 0.0 			 0.0			 184.262805 
----------------------------------------------------------------------------------------------------
g2	 1 	 0.0 			 0.0 			 0.0			 0.0 
g2	 2 	 0.0 			 0.0 			 0.0			 0.0 
g2	 3 	 0.0 			 0.0 			 0.0			 0.0 
g2	 4 	 0.0 			 0.0 			 0.0			 0.0 
g2	 5 	 0.0 			 0.0 			 0.0			 0.0 
g2	 6 	 0.0 			 0.0 			 0.0			 0.0 
g2	 7 	 0.0 			 0.0 			 0.0			 0.0 
g2	 8 	 0.0 			 0.0 			 0.0			 0.0 
g2	 9 	 0.0 			 0.0 			 0.0			 0.0 
g2	 10 	 0.0 			 0.0 			 0.0			 0.0 
g2	 11 	 0.0 			 0.0 			 0.0			 0.0 
g2	 12 	 0.0 			 0.0 			 0.0			 0.0 
g2	 13 	 0.0 			 0.0 			 0.0			 0.0 
g2	 14 	 0.0 			 0.0 			 0.0			 0.0 
g2	 15 	 0.0 			 0.0 			 0.0			 0.0 
g2	 16 	 0.0 			 0.0 			 0.0			 0.0 
g2	 17 	 0.0 			 0.0 			 0.0			 0.0 
g2	 18 	 0.0 			 0.0 			 0.0			 0.0 
g2	 19 	 0.0 			 0.0 			 0.0			 0.0 
g2	 20 	 0.0 			 0.0 			 0.0			 0.0 
g2	 21 	 0.0 			 0.0 			 0.0			 0.0 
g2	 22 	 0.0 			 0.0 			 0.0			 0.0 
g2	 23 	 0.0 			 0.0 			 0.0			 0.0 
g2	 24 	 0.0 			 0.0 			 0.0			 0.0 
g2	 25 	 0.0 			 0.0 			 0.0			 0.0 
g2	 26 	 0.0 			 0.0 			 0.0			 0.0 
g2	 27 	 0.0 			 0.0 			 0.0			 0.0 
g2	 28 	 0.0 			 0.0 			 0.0			 0.0 
g2	 29 	 0.0 			 0.0 			 0.0			 0.0 
g2	 30 	 0.0 			 0.0 			 0.0			 0.0 
g2	 31 	 0.0 			 0.0 			 0.0			 0.0 
g2	 32 	 0.0 			 0.0 			 0.0			 0.0 
g2	 33 	 21.701904 			 0.0 			 0.0			 21.701904 
g2	 34 	 21.701904 			 0.0 			 0.0			 21.701904 
g2	 35 	 21.701904 			 0.0 			 0.0			 21.701904 
g2	 36 	 21.701904 			 0.0 			 0.0			 21.701904 
g2	 37 	 21.701904 			 0.0 			 0.0			 21.701904 
g2	 38 	 21.701904 			 0.0 			 0.0			 21.701904 
g2	 39 	 21.701904 			 0.0 			 0.0			 21.701904 
g2	 40 	 21.701904 			 0.0 			 0.0			 21.701904 
g2	 41 	 21.701904 			 0.0 			 0.0			 21.701904 
g2	 42 	 21.701904 			 0.0 			 0.0			 21.701904 
g2	 43 	 21.701904 			 0.0 			 0.0			 21.701904 
g2	 44 	 21.701904 			 0.0 			 0.0			 21.701904 
g2	 45 	 21.701904 			 0.0 			 0.0			 21.701904 
g2	 46 	 21.701904 			 0.0 			 0.0			 21.701904 
g2	 47 	 21.701904 			 0.0 			 0.0			 21.701904 
g2	 48 	 21.701904 			 0.0 			 0.0			 21.701904 
g2	 49 	 21.701904 			 0.0 			 0.0			 21.701904 
g2	 50 	 21.701904 			 0.0 			 0.0			 21.701904 
g2	 51 	 21.701904 			 0.0 			 0.0			 21.701904 
g2	 52 	 21.701904 			 0.0 			 0.0			 21.701904 
g2	 53 	 53.233272 			 0.0 			 0.0			 53.233272 
g2	 54 	 21.701904 			 0.0 			 0.0			 21.701904 
g2	 55 	 21.701904 			 0.0 			 0.0			 21.701904 
g2	 56 	 21.701904 			 0.0 			 0.0			 21.701904 
g2	 57 	 -31.625517 			 0.0 			 0.0			 -31.625517 
g2	 58 	 130.078149 			 0.0 			 0.0			 130.078149 
g2	 59 	 -31.625517 			 0.0 			 0.0			 -31.625517 
g2	 60 	 69.648626 			 0.0 			 0.0			 69.648626 
g2	 61 	 -1.331783 			 0.0 			 0.0			 -1.331783 
g2	 62 	 88.310649 			 0.0 			 0.0			 88.310649 
g2	 63 	 51.176968 			 0.0 			 0.0			 51.176968 
g2	 64 	 -12.768159 			 0.0 			 0.0			 -12.768159 
g2	 65 	 19.457417 			 0.0 			 0.0			 19.457417 
g2	 66 	 34.7236 			 0.0 			 0.0			 34.7236 
g2	 67 	 37.621706 			 0.0 			 0.0			 37.621706 
g2	 68 	 35.945274 			 0.0 			 0.0			 35.945274 
g2	 69 	 -54.489058 			 0.0 			 0.0			 -54.489058 
g2	 70 	 34.757825 			 0.0 			 0.0			 34.757825 
g2	 71 	 -35.928742 			 0.0 			 0.0			 -35.928742 
g2	 72 	 87.879073 			 0.0 			 0.0			 87.879073 
g2	 73 	 -64.392246 			 0.0 			 0.0			 -64.392246 
g2	 74 	 56.233186 			 0.0 			 0.0			 56.233186 
g2	 75 	 -14.505136 			 0.0 			 0.0			 -14.505136 
g2	 76 	 54.296179 			 0.0 			 0.0			 54.296179 
g2	 77 	 38.689899 			 0.0 			 0.0			 38.689899 
g2	 78 	 48.275572 			 0.0 			 0.0			 48.275572 
g2	 79 	 -43.141249 			 0.0 			 0.0			 -43.141249 
g2	 80 	 28.520188 			 0.0 			 0.0			 28.520188 
g2	 81 	 113.145413 			 0.0 			 0.0			 113.145413 
g2	 82 	 -13.611075 			 0.0 			 0.0			 -13.611075 
g2	 83 	 42.48756 			 0.0 			 0.0			 42.48756 
g2	 84 	 0.08877 			 0.0 			 0.0			 0.08877 
g2	 85 	 21.701904 			 0.0 			 0.0			 21.701904 
g2	 86 	 21.701904 			 0.0 			 0.0			 21.701904 
g2	 87 	 21.701904 			 0.0 			 0.0			 21.701904 
g2	 88 	 21.701904 			 0.0 			 0.0			 21.701904 
g2	 89 	 -346.520629 			 0.0 			 0.0			 -346.520629 
g2	 90 	 -346.520629 			 0.0 			 0.0			 -346.520629 
g2	 91 	 -346.520629 			 0.0 			 0.0			 -346.520629 
g2	 92 	 -346.520629 			 0.0 			 0.0			 -346.520629 
g2	 93 	 0.0 			 0.0 			 0.0			 0.0 
g2	 94 	 0.0 			 0.0 			 0.0			 0.0 
g2	 95 	 0.0 			 0.0 			 0.0			 0.0 
g2	 96 	 0.0 			 0.0 			 0.0			 0.0 
----------------------------------------------------------------------------------------------------
g3	 1 	 0.0 			 0.0 			 0.0			 0.0 
g3	 2 	 0.0 			 0.0 			 0.0			 0.0 
g3	 3 	 0.0 			 0.0 			 0.0			 0.0 
g3	 4 	 0.0 			 0.0 			 0.0			 0.0 
g3	 5 	 0.0 			 0.0 			 0.0			 0.0 
g3	 6 	 0.0 			 0.0 			 0.0			 0.0 
g3	 7 	 0.0 			 0.0 			 0.0			 0.0 
g3	 8 	 0.0 			 0.0 			 0.0			 0.0 
g3	 9 	 0.0 			 0.0 			 0.0			 0.0 
g3	 10 	 0.0 			 0.0 			 0.0			 0.0 
g3	 11 	 0.0 			 0.0 			 0.0			 0.0 
g3	 12 	 0.0 			 0.0 			 0.0			 0.0 
g3	 13 	 0.0 			 0.0 			 0.0			 0.0 
g3	 14 	 0.0 			 0.0 			 0.0			 0.0 
g3	 15 	 0.0 			 0.0 			 0.0			 0.0 
g3	 16 	 0.0 			 0.0 			 0.0			 0.0 
g3	 17 	 0.0 			 0.0 			 0.0			 0.0 
g3	 18 	 0.0 			 0.0 			 0.0			 0.0 
g3	 19 	 0.0 			 0.0 			 0.0			 0.0 
g3	 20 	 0.0 			 0.0 			 0.0			 0.0 
g3	 21 	 0.0 			 0.0 			 0.0			 0.0 
g3	 22 	 0.0 			 0.0 			 0.0			 0.0 
g3	 23 	 0.0 			 0.0 			 0.0			 0.0 
g3	 24 	 0.0 			 0.0 			 0.0			 0.0 
g3	 25 	 0.0 			 0.0 			 0.0			 0.0 
g3	 26 	 0.0 			 0.0 			 0.0			 0.0 
g3	 27 	 0.0 			 0.0 			 0.0			 0.0 
g3	 28 	 0.0 			 0.0 			 0.0			 0.0 
g3	 29 	 0.0 			 0.0 			 0.0			 0.0 
g3	 30 	 0.0 			 0.0 			 0.0			 0.0 
g3	 31 	 0.0 			 0.0 			 0.0			 0.0 
g3	 32 	 0.0 			 0.0 			 0.0			 0.0 
g3	 33 	 0.0 			 0.0 			 0.0			 0.0 
g3	 34 	 0.0 			 0.0 			 0.0			 0.0 
g3	 35 	 0.0 			 0.0 			 0.0			 0.0 
g3	 36 	 0.0 			 0.0 			 0.0			 0.0 
g3	 37 	 0.0 			 0.0 			 0.0			 0.0 
g3	 38 	 0.0 			 0.0 			 0.0			 0.0 
g3	 39 	 0.0 			 0.0 			 0.0			 0.0 
g3	 40 	 0.0 			 0.0 			 0.0			 0.0 
g3	 41 	 15.56631 			 0.0 			 0.0			 15.56631 
g3	 42 	 15.56631 			 0.0 			 0.0			 15.56631 
g3	 43 	 15.56631 			 0.0 			 0.0			 15.56631 
g3	 44 	 15.56631 			 0.0 			 0.0			 15.56631 
g3	 45 	 15.56631 			 0.0 			 0.0			 15.56631 
g3	 46 	 15.56631 			 0.0 			 0.0			 15.56631 
g3	 47 	 15.56631 			 0.0 			 0.0			 15.56631 
g3	 48 	 15.56631 			 0.0 			 0.0			 15.56631 
g3	 49 	 15.56631 			 0.0 			 0.0			 15.56631 
g3	 50 	 15.56631 			 0.0 			 0.0			 15.56631 
g3	 51 	 15.56631 			 0.0 			 0.0			 15.56631 
g3	 52 	 15.56631 			 0.0 			 0.0			 15.56631 
g3	 53 	 16.491381 			 0.0 			 0.0			 16.491381 
g3	 54 	 15.56631 			 0.0 			 0.0			 15.56631 
g3	 55 	 15.56631 			 0.0 			 0.0			 15.56631 
g3	 56 	 15.56631 			 0.0 			 0.0			 15.56631 
g3	 57 	 15.56631 			 0.0 			 0.0			 15.56631 
g3	 58 	 16.491381 			 0.0 			 0.0			 16.491381 
g3	 59 	 15.56631 			 0.0 			 0.0			 15.56631 
g3	 60 	 16.491381 			 0.0 			 0.0			 16.491381 
g3	 61 	 16.491381 			 0.0 			 0.0			 16.491381 
g3	 62 	 16.491381 			 0.0 			 0.0			 16.491381 
g3	 63 	 16.491381 			 0.0 			 0.0			 16.491381 
g3	 64 	 16.491381 			 0.0 			 0.0			 16.491381 
g3	 65 	 16.491381 			 0.0 			 0.0			 16.491381 
g3	 66 	 16.491381 			 0.0 			 0.0			 16.491381 
g3	 67 	 16.491381 			 0.0 			 0.0			 16.491381 
g3	 68 	 16.491381 			 0.0 			 0.0			 16.491381 
g3	 69 	 16.491381 			 0.0 			 0.0			 16.491381 
g3	 70 	 16.491381 			 0.0 			 0.0			 16.491381 
g3	 71 	 16.491381 			 0.0 			 0.0			 16.491381 
g3	 72 	 16.491381 			 0.0 			 0.0			 16.491381 
g3	 73 	 0.0 			 0.0 			 0.0			 0.0 
g3	 74 	 0.0 			 0.0 			 0.0			 0.0 
g3	 75 	 0.0 			 0.0 			 0.0			 0.0 
g3	 76 	 0.0 			 0.0 			 0.0			 0.0 
g3	 77 	 0.0 			 0.0 			 0.0			 0.0 
g3	 78 	 0.0 			 0.0 			 0.0			 0.0 
g3	 79 	 0.0 			 0.0 			 0.0			 0.0 
g3	 80 	 0.0 			 0.0 			 0.0			 0.0 
g3	 81 	 0.0 			 0.0 			 0.0			 0.0 
g3	 82 	 0.0 			 0.0 			 0.0			 0.0 
g3	 83 	 0.0 			 0.0 			 0.0			 0.0 
g3	 84 	 0.0 			 0.0 			 0.0			 0.0 
g3	 85 	 0.0 			 0.0 			 0.0			 0.0 
g3	 86 	 0.0 			 0.0 			 0.0			 0.0 
g3	 87 	 0.0 			 0.0 			 0.0			 0.0 
g3	 88 	 0.0 			 0.0 			 0.0			 0.0 
g3	 89 	 0.0 			 0.0 			 0.0			 0.0 
g3	 90 	 0.0 			 0.0 			 0.0			 0.0 
g3	 91 	 0.0 			 0.0 			 0.0			 0.0 
g3	 92 	 0.0 			 0.0 			 0.0			 0.0 
g3	 93 	 0.0 			 0.0 			 0.0			 0.0 
g3	 94 	 0.0 			 0.0 			 0.0			 0.0 
g3	 95 	 0.0 			 0.0 			 0.0			 0.0 
g3	 96 	 0.0 			 0.0 			 0.0			 0.0 
----------------------------------------------------------------------------------------------------
g4	 1 	 0.0 			 0.0 			 0.0			 0.0 
g4	 2 	 0.0 			 0.0 			 0.0			 0.0 
g4	 3 	 0.0 			 0.0 			 0.0			 0.0 
g4	 4 	 0.0 			 0.0 			 0.0			 0.0 
g4	 5 	 0.0 			 0.0 			 0.0			 0.0 
g4	 6 	 0.0 			 0.0 			 0.0			 0.0 
g4	 7 	 0.0 			 0.0 			 0.0			 0.0 
g4	 8 	 0.0 			 0.0 			 0.0			 0.0 
g4	 9 	 0.0 			 0.0 			 0.0			 0.0 
g4	 10 	 0.0 			 0.0 			 0.0			 0.0 
g4	 11 	 0.0 			 0.0 			 0.0			 0.0 
g4	 12 	 0.0 			 0.0 			 0.0			 0.0 
g4	 13 	 0.0 			 0.0 			 0.0			 0.0 
g4	 14 	 0.0 			 0.0 			 0.0			 0.0 
g4	 15 	 0.0 			 0.0 			 0.0			 0.0 
g4	 16 	 0.0 			 0.0 			 0.0			 0.0 
g4	 17 	 0.0 			 0.0 			 0.0			 0.0 
g4	 18 	 0.0 			 0.0 			 0.0			 0.0 
g4	 19 	 0.0 			 0.0 			 0.0			 0.0 
g4	 20 	 0.0 			 0.0 			 0.0			 0.0 
g4	 21 	 0.0 			 0.0 			 0.0			 0.0 
g4	 22 	 0.0 			 0.0 			 0.0			 0.0 
g4	 23 	 0.0 			 0.0 			 0.0			 0.0 
g4	 24 	 0.0 			 0.0 			 0.0			 0.0 
g4	 25 	 0.0 			 0.0 			 0.0			 0.0 
g4	 26 	 0.0 			 0.0 			 0.0			 0.0 
g4	 27 	 0.0 			 0.0 			 0.0			 0.0 
g4	 28 	 0.0 			 0.0 			 0.0			 0.0 
g4	 29 	 0.0 			 0.0 			 0.0			 0.0 
g4	 30 	 0.0 			 0.0 			 0.0			 0.0 
g4	 31 	 0.0 			 0.0 			 0.0			 0.0 
g4	 32 	 0.0 			 0.0 			 0.0			 0.0 
g4	 33 	 0.0 			 0.0 			 0.0			 0.0 
g4	 34 	 0.0 			 0.0 			 0.0			 0.0 
g4	 35 	 0.0 			 0.0 			 0.0			 0.0 
g4	 36 	 0.0 			 0.0 			 0.0			 0.0 
g4	 37 	 0.0 			 0.0 			 0.0			 0.0 
g4	 38 	 0.0 			 0.0 			 0.0			 0.0 
g4	 39 	 0.0 			 0.0 			 0.0			 0.0 
g4	 40 	 0.0 			 0.0 			 0.0			 0.0 
g4	 41 	 0.0 			 0.0 			 0.0			 0.0 
g4	 42 	 0.0 			 0.0 			 0.0			 0.0 
g4	 43 	 0.0 			 0.0 			 0.0			 0.0 
g4	 44 	 0.0 			 0.0 			 0.0			 0.0 
g4	 45 	 0.0 			 0.0 			 0.0			 0.0 
g4	 46 	 0.0 			 0.0 			 0.0			 0.0 
g4	 47 	 0.0 			 0.0 			 0.0			 0.0 
g4	 48 	 0.0 			 0.0 			 0.0			 0.0 
g4	 49 	 0.0 			 0.0 			 0.0			 0.0 
g4	 50 	 0.0 			 0.0 			 0.0			 0.0 
g4	 51 	 0.0 			 0.0 			 0.0			 0.0 
g4	 52 	 0.0 			 0.0 			 0.0			 0.0 
g4	 53 	 0.0 			 0.0 			 0.0			 0.0 
g4	 54 	 0.0 			 0.0 			 0.0			 0.0 
g4	 55 	 0.0 			 0.0 			 0.0			 0.0 
g4	 56 	 0.0 			 0.0 			 0.0			 0.0 
g4	 57 	 0.0 			 0.0 			 0.0			 0.0 
g4	 58 	 0.0 			 0.0 			 0.0			 0.0 
g4	 59 	 0.0 			 0.0 			 0.0			 0.0 
g4	 60 	 0.0 			 0.0 			 0.0			 0.0 
g4	 61 	 0.0 			 0.0 			 0.0			 0.0 
g4	 62 	 0.0 			 0.0 			 0.0			 0.0 
g4	 63 	 0.0 			 0.0 			 0.0			 0.0 
g4	 64 	 0.0 			 0.0 			 0.0			 0.0 
g4	 65 	 0.0 			 0.0 			 0.0			 0.0 
g4	 66 	 0.0 			 0.0 			 0.0			 0.0 
g4	 67 	 0.0 			 0.0 			 0.0			 0.0 
g4	 68 	 0.0 			 0.0 			 0.0			 0.0 
g4	 69 	 0.0 			 0.0 			 0.0			 0.0 
g4	 70 	 0.0 			 0.0 			 0.0			 0.0 
g4	 71 	 0.0 			 0.0 			 0.0			 0.0 
g4	 72 	 0.0 			 0.0 			 0.0			 0.0 
g4	 73 	 0.0 			 0.0 			 0.0			 0.0 
g4	 74 	 0.0 			 0.0 			 0.0			 0.0 
g4	 75 	 0.0 			 0.0 			 0.0			 0.0 
g4	 76 	 0.0 			 0.0 			 0.0			 0.0 
g4	 77 	 0.0 			 0.0 			 0.0			 0.0 
g4	 78 	 0.0 			 0.0 			 0.0			 0.0 
g4	 79 	 0.0 			 0.0 			 0.0			 0.0 
g4	 80 	 0.0 			 0.0 			 0.0			 0.0 
g4	 81 	 0.0 			 0.0 			 0.0			 0.0 
g4	 82 	 0.0 			 0.0 			 0.0			 0.0 
g4	 83 	 0.0 			 0.0 			 0.0			 0.0 
g4	 84 	 0.0 			 0.0 			 0.0			 0.0 
g4	 85 	 0.0 			 0.0 			 0.0			 0.0 
g4	 86 	 0.0 			 0.0 			 0.0			 0.0 
g4	 87 	 0.0 			 0.0 			 0.0			 0.0 
g4	 88 	 0.0 			 0.0 			 0.0			 0.0 
g4	 89 	 0.0 			 0.0 			 0.0			 0.0 
g4	 90 	 0.0 			 0.0 			 0.0			 0.0 
g4	 91 	 0.0 			 0.0 			 0.0			 0.0 
g4	 92 	 0.0 			 0.0 			 0.0			 0.0 
g4	 93 	 0.0 			 0.0 			 0.0			 0.0 
g4	 94 	 0.0 			 0.0 			 0.0			 0.0 
g4	 95 	 0.0 			 0.0 			 0.0			 0.0 
g4	 96 	 0.0 			 0.0 			 0.0			 0.0 
----------------------------------------------------------------------------------------------------
g5	 1 	 0.0 			 0.0 			 0.0			 0.0 
g5	 2 	 0.0 			 0.0 			 0.0			 0.0 
g5	 3 	 0.0 			 0.0 			 0.0			 0.0 
g5	 4 	 0.0 			 0.0 			 0.0			 0.0 
g5	 5 	 0.0 			 0.0 			 0.0			 0.0 
g5	 6 	 0.0 			 0.0 			 0.0			 0.0 
g5	 7 	 0.0 			 0.0 			 0.0			 0.0 
g5	 8 	 0.0 			 0.0 			 0.0			 0.0 
g5	 9 	 0.0 			 0.0 			 0.0			 0.0 
g5	 10 	 0.0 			 0.0 			 0.0			 0.0 
g5	 11 	 0.0 			 0.0 			 0.0			 0.0 
g5	 12 	 0.0 			 0.0 			 0.0			 0.0 
g5	 13 	 0.0 			 0.0 			 0.0			 0.0 
g5	 14 	 0.0 			 0.0 			 0.0			 0.0 
g5	 15 	 0.0 			 0.0 			 0.0			 0.0 
g5	 16 	 0.0 			 0.0 			 0.0			 0.0 
g5	 17 	 0.0 			 0.0 			 0.0			 0.0 
g5	 18 	 0.0 			 0.0 			 0.0			 0.0 
g5	 19 	 0.0 			 0.0 			 0.0			 0.0 
g5	 20 	 0.0 			 0.0 			 0.0			 0.0 
g5	 21 	 21.893178 			 0.0 			 0.0			 21.893178 
g5	 22 	 21.893178 			 0.0 			 0.0			 21.893178 
g5	 23 	 21.893178 			 0.0 			 0.0			 21.893178 
g5	 24 	 21.893178 			 0.0 			 0.0			 21.893178 
g5	 25 	 21.893178 			 0.0 			 0.0			 21.893178 
g5	 26 	 21.893178 			 0.0 			 0.0			 21.893178 
g5	 27 	 21.893178 			 0.0 			 0.0			 21.893178 
g5	 28 	 21.893178 			 0.0 			 0.0			 21.893178 
g5	 29 	 22.372141 			 0.0 			 0.0			 22.372141 
g5	 30 	 22.372141 			 0.0 			 0.0			 22.372141 
g5	 31 	 22.372141 			 0.0 			 0.0			 22.372141 
g5	 32 	 22.372141 			 0.0 			 0.0			 22.372141 
g5	 33 	 22.372141 			 0.0 			 0.0			 22.372141 
g5	 34 	 22.372141 			 0.0 			 0.0			 22.372141 
g5	 35 	 22.372141 			 0.0 			 0.0			 22.372141 
g5	 36 	 22.372141 			 0.0 			 0.0			 22.372141 
g5	 37 	 22.372141 			 0.0 			 0.0			 22.372141 
g5	 38 	 22.372141 			 0.0 			 0.0			 22.372141 
g5	 39 	 22.372141 			 0.0 			 0.0			 22.372141 
g5	 40 	 22.372141 			 0.0 			 0.0			 22.372141 
g5	 41 	 22.372141 			 0.0 			 0.0			 22.372141 
g5	 42 	 22.372141 			 0.0 			 0.0			 22.372141 
g5	 43 	 22.372141 			 0.0 			 0.0			 22.372141 
g5	 44 	 22.372141 			 0.0 			 0.0			 22.372141 
g5	 45 	 22.372141 			 0.0 			 0.0			 22.372141 
g5	 46 	 22.372141 			 0.0 			 0.0			 22.372141 
g5	 47 	 22.372141 			 0.0 			 0.0			 22.372141 
g5	 48 	 22.372141 			 0.0 			 0.0			 22.372141 
g5	 49 	 22.372141 			 0.0 			 0.0			 22.372141 
g5	 50 	 22.372141 			 0.0 			 0.0			 22.372141 
g5	 51 	 22.372141 			 0.0 			 0.0			 22.372141 
g5	 52 	 22.372141 			 0.0 			 0.0			 22.372141 
g5	 53 	 23.701668 			 0.0 			 0.0			 23.701668 
g5	 54 	 22.372141 			 0.0 			 0.0			 22.372141 
g5	 55 	 22.372141 			 0.0 			 0.0			 22.372141 
g5	 56 	 22.372141 			 0.0 			 0.0			 22.372141 
g5	 57 	 22.372141 			 0.0 			 0.0			 22.372141 
g5	 58 	 23.701668 			 0.0 			 0.0			 23.701668 
g5	 59 	 22.372141 			 0.0 			 0.0			 22.372141 
g5	 60 	 23.701668 			 0.0 			 0.0			 23.701668 
g5	 61 	 23.701668 			 0.0 			 0.0			 23.701668 
g5	 62 	 23.701668 			 0.0 			 0.0			 23.701668 
g5	 63 	 23.701668 			 0.0 			 0.0			 23.701668 
g5	 64 	 23.701668 			 0.0 			 0.0			 23.701668 
g5	 65 	 23.701668 			 0.0 			 0.0			 23.701668 
g5	 66 	 23.701668 			 0.0 			 0.0			 23.701668 
g5	 67 	 23.701668 			 0.0 			 0.0			 23.701668 
g5	 68 	 23.701668 			 0.0 			 0.0			 23.701668 
g5	 69 	 23.701668 			 0.0 			 0.0			 23.701668 
g5	 70 	 23.701668 			 0.0 			 0.0			 23.701668 
g5	 71 	 23.701668 			 0.0 			 0.0			 23.701668 
g5	 72 	 23.701668 			 0.0 			 0.0			 23.701668 
g5	 73 	 23.701668 			 0.0 			 0.0			 23.701668 
g5	 74 	 23.701668 			 0.0 			 0.0			 23.701668 
g5	 75 	 23.701668 			 0.0 			 0.0			 23.701668 
g5	 76 	 23.701668 			 0.0 			 0.0			 23.701668 
g5	 77 	 23.701668 			 0.0 			 0.0			 23.701668 
g5	 78 	 23.701668 			 0.0 			 0.0			 23.701668 
g5	 79 	 23.701668 			 0.0 			 0.0			 23.701668 
g5	 80 	 23.701668 			 0.0 			 0.0			 23.701668 
g5	 81 	 23.701668 			 0.0 			 0.0			 23.701668 
g5	 82 	 22.372141 			 0.0 			 0.0			 22.372141 
g5	 83 	 23.701668 			 0.0 			 0.0			 23.701668 
g5	 84 	 23.701668 			 0.0 			 0.0			 23.701668 
g5	 85 	 22.372141 			 0.0 			 0.0			 22.372141 
g5	 86 	 22.372141 			 0.0 			 0.0			 22.372141 
g5	 87 	 22.372141 			 0.0 			 0.0			 22.372141 
g5	 88 	 22.372141 			 0.0 			 0.0			 22.372141 
g5	 89 	 0.0 			 0.0 			 0.0			 0.0 
g5	 90 	 0.0 			 0.0 			 0.0			 0.0 
g5	 91 	 0.0 			 0.0 			 0.0			 0.0 
g5	 92 	 0.0 			 0.0 			 0.0			 0.0 
g5	 93 	 0.0 			 0.0 			 0.0			 0.0 
g5	 94 	 0.0 			 0.0 			 0.0			 0.0 
g5	 95 	 0.0 			 0.0 			 0.0			 0.0 
g5	 96 	 0.0 			 0.0 			 0.0			 0.0 
----------------------------------------------------------------------------------------------------------------
unit 	 generation payment 	 up-FRP payment 	 dw-FRP payment 	pre-up total payment
----------------------------------------------------------------------------------------------------------------
 g1 	 17180.873848			 0.000000			 0.000000			 17180.873848
 g2 	 -78.980264			 0.000000			 0.000000			 -78.980264
 g3 	 511.997985			 0.000000			 0.000000			 511.997985
 g4 	 0.000000			 0.000000			 0.000000			 0.000000
 g5 	 1552.041586			 0.000000			 0.000000			 1552.041586
----------------------------------------------------------------------------------------------------
generation payment 	 up-FRP payment 	 dw-FRP payment 	 pre-up total payment
----------------------------------------------------------------------------------------------------
19165.933155 			 0.0 			 0.0 			 19165.933155
 
****************************************************************************************************
 
Generation costs
----------------------------------------------------------------------------------------------------
unit	 time 	 generation cost 	 start-up cost  	total cost
----------------------------------------------------------------------------------------------------
g1	 1 	 2430.498929 			 0.0 			2430.498929
g1	 2 	 2424.87488 			 0.0 			2424.87488
g1	 3 	 2403.687345 			 0.0 			2403.687345
g1	 4 	 2376.927963 			 0.0 			2376.927963
g1	 5 	 2234.111006 			 0.0 			2234.111006
g1	 6 	 2301.101025 			 0.0 			2301.101025
g1	 7 	 2285.209688 			 0.0 			2285.209688
g1	 8 	 2279.324882 			 0.0 			2279.324882
g1	 9 	 2164.545452 			 0.0 			2164.545452
g1	 10 	 2180.184063 			 0.0 			2180.184063
g1	 11 	 2085.756689 			 0.0 			2085.756689
g1	 12 	 2179.704472 			 0.0 			2179.704472
g1	 13 	 2135.594409 			 0.0 			2135.594409
g1	 14 	 2068.937086 			 0.0 			2068.937086
g1	 15 	 2085.595874 			 0.0 			2085.595874
g1	 16 	 2084.048887 			 0.0 			2084.048887
g1	 17 	 2119.031034 			 0.0 			2119.031034
g1	 18 	 2138.663763 			 0.0 			2138.663763
g1	 19 	 2101.035297 			 0.0 			2101.035297
g1	 20 	 2117.987905 			 0.0 			2117.987905
g1	 21 	 2055.989178 			 0.0 			2055.989178
g1	 22 	 2024.752435 			 0.0 			2024.752435
g1	 23 	 2045.402829 			 0.0 			2045.402829
g1	 24 	 1986.344511 			 0.0 			1986.344511
g1	 25 	 2223.709728 			 0.0 			2223.709728
g1	 26 	 2190.183554 			 0.0 			2190.183554
g1	 27 	 2240.304698 			 0.0 			2240.304698
g1	 28 	 2225.875922 			 0.0 			2225.875922
g1	 29 	 2426.279997 			 0.0 			2426.279997
g1	 30 	 2403.092633 			 0.0 			2403.092633
g1	 31 	 2380.965828 			 0.0 			2380.965828
g1	 32 	 2424.244258 			 0.0 			2424.244258
g1	 33 	 2337.144168 			 0.0 			2337.144168
g1	 34 	 2346.058949 			 0.0 			2346.058949
g1	 35 	 2327.692959 			 0.0 			2327.692959
g1	 36 	 2322.199198 			 0.0 			2322.199198
g1	 37 	 2559.84712 			 0.0 			2559.84712
g1	 38 	 2474.502253 			 0.0 			2474.502253
g1	 39 	 2549.360904 			 0.0 			2549.360904
g1	 40 	 2506.107039 			 0.0 			2506.107039
g1	 41 	 2596.794973 			 0.0 			2596.794973
g1	 42 	 2498.530055 			 0.0 			2498.530055
g1	 43 	 2574.291547 			 0.0 			2574.291547
g1	 44 	 2547.629823 			 0.0 			2547.629823
g1	 45 	 2697.834802 			 0.0 			2697.834802
g1	 46 	 2749.169154 			 0.0 			2749.169154
g1	 47 	 2784.340717 			 0.0 			2784.340717
g1	 48 	 2788.891053 			 0.0 			2788.891053
g1	 49 	 2879.853831 			 0.0 			2879.853831
g1	 50 	 2919.36425 			 0.0 			2919.36425
g1	 51 	 2846.783934 			 0.0 			2846.783934
g1	 52 	 2924.222095 			 0.0 			2924.222095
g1	 53 	 3058.233409 			 0.0 			3058.233409
g1	 54 	 3046.436018 			 0.0 			3046.436018
g1	 55 	 2968.79988 			 0.0 			2968.79988
g1	 56 	 2993.080392 			 0.0 			2993.080392
g1	 57 	 3032.646985 			 0.0 			3032.646985
g1	 58 	 3058.233409 			 0.0 			3058.233409
g1	 59 	 3041.978165 			 0.0 			3041.978165
g1	 60 	 3058.233409 			 0.0 			3058.233409
g1	 61 	 3058.233409 			 0.0 			3058.233409
g1	 62 	 3058.233409 			 0.0 			3058.233409
g1	 63 	 3058.233409 			 0.0 			3058.233409
g1	 64 	 3058.233409 			 0.0 			3058.233409
g1	 65 	 3058.233409 			 0.0 			3058.233409
g1	 66 	 3058.233409 			 0.0 			3058.233409
g1	 67 	 3058.233409 			 0.0 			3058.233409
g1	 68 	 3058.233409 			 0.0 			3058.233409
g1	 69 	 3058.233409 			 0.0 			3058.233409
g1	 70 	 3058.233409 			 0.0 			3058.233409
g1	 71 	 3058.233409 			 0.0 			3058.233409
g1	 72 	 3058.233409 			 0.0 			3058.233409
g1	 73 	 3058.233409 			 0.0 			3058.233409
g1	 74 	 3058.233409 			 0.0 			3058.233409
g1	 75 	 3058.233409 			 0.0 			3058.233409
g1	 76 	 3058.233409 			 0.0 			3058.233409
g1	 77 	 3058.233409 			 0.0 			3058.233409
g1	 78 	 3058.233409 			 0.0 			3058.233409
g1	 79 	 3058.233409 			 0.0 			3058.233409
g1	 80 	 3058.233409 			 0.0 			3058.233409
g1	 81 	 3058.233409 			 0.0 			3058.233409
g1	 82 	 3010.306798 			 0.0 			3010.306798
g1	 83 	 3058.233409 			 0.0 			3058.233409
g1	 84 	 3058.233409 			 0.0 			3058.233409
g1	 85 	 2799.939743 			 0.0 			2799.939743
g1	 86 	 2856.608723 			 0.0 			2856.608723
g1	 87 	 2891.024919 			 0.0 			2891.024919
g1	 88 	 2859.049757 			 0.0 			2859.049757
g1	 89 	 2763.697917 			 0.0 			2763.697917
g1	 90 	 2731.693003 			 0.0 			2731.693003
g1	 91 	 2722.768626 			 0.0 			2722.768626
g1	 92 	 2717.132923 			 0.0 			2717.132923
g1	 93 	 2826.125856 			 0.0 			2826.125856
g1	 94 	 2805.090314 			 0.0 			2805.090314
g1	 95 	 2845.660635 			 0.0 			2845.660635
g1	 96 	 2828.753295 			 0.0 			2828.753295
----------------------------------------------------------------------------------------------------
g2	 1 	 0.0 			 0.0 			0.0
g2	 2 	 0.0 			 0.0 			0.0
g2	 3 	 0.0 			 0.0 			0.0
g2	 4 	 0.0 			 0.0 			0.0
g2	 5 	 0.0 			 0.0 			0.0
g2	 6 	 0.0 			 0.0 			0.0
g2	 7 	 0.0 			 0.0 			0.0
g2	 8 	 0.0 			 0.0 			0.0
g2	 9 	 0.0 			 0.0 			0.0
g2	 10 	 0.0 			 0.0 			0.0
g2	 11 	 0.0 			 0.0 			0.0
g2	 12 	 0.0 			 0.0 			0.0
g2	 13 	 0.0 			 0.0 			0.0
g2	 14 	 0.0 			 0.0 			0.0
g2	 15 	 0.0 			 0.0 			0.0
g2	 16 	 0.0 			 0.0 			0.0
g2	 17 	 0.0 			 0.0 			0.0
g2	 18 	 0.0 			 0.0 			0.0
g2	 19 	 0.0 			 0.0 			0.0
g2	 20 	 0.0 			 0.0 			0.0
g2	 21 	 0.0 			 0.0 			0.0
g2	 22 	 0.0 			 0.0 			0.0
g2	 23 	 0.0 			 0.0 			0.0
g2	 24 	 0.0 			 0.0 			0.0
g2	 25 	 0.0 			 0.0 			0.0
g2	 26 	 0.0 			 0.0 			0.0
g2	 27 	 0.0 			 0.0 			0.0
g2	 28 	 0.0 			 0.0 			0.0
g2	 29 	 0.0 			 0.0 			0.0
g2	 30 	 0.0 			 0.0 			0.0
g2	 31 	 0.0 			 0.0 			0.0
g2	 32 	 0.0 			 0.0 			0.0
g2	 33 	 534.771644 			 10598.13 			11132.901644
g2	 34 	 534.771644 			 0.0 			534.771644
g2	 35 	 534.771644 			 0.0 			534.771644
g2	 36 	 534.771644 			 0.0 			534.771644
g2	 37 	 534.771644 			 0.0 			534.771644
g2	 38 	 534.771644 			 0.0 			534.771644
g2	 39 	 534.771644 			 0.0 			534.771644
g2	 40 	 534.771644 			 0.0 			534.771644
g2	 41 	 534.771644 			 0.0 			534.771644
g2	 42 	 534.771644 			 0.0 			534.771644
g2	 43 	 534.771644 			 0.0 			534.771644
g2	 44 	 534.771644 			 0.0 			534.771644
g2	 45 	 534.771644 			 0.0 			534.771644
g2	 46 	 534.771644 			 0.0 			534.771644
g2	 47 	 534.771644 			 0.0 			534.771644
g2	 48 	 534.771644 			 0.0 			534.771644
g2	 49 	 534.771644 			 0.0 			534.771644
g2	 50 	 534.771644 			 0.0 			534.771644
g2	 51 	 534.771644 			 0.0 			534.771644
g2	 52 	 534.771644 			 0.0 			534.771644
g2	 53 	 565.013319 			 0.0 			565.013319
g2	 54 	 534.771644 			 0.0 			534.771644
g2	 55 	 534.771644 			 0.0 			534.771644
g2	 56 	 534.771644 			 0.0 			534.771644
g2	 57 	 534.771644 			 0.0 			534.771644
g2	 58 	 698.354741 			 0.0 			698.354741
g2	 59 	 534.771644 			 0.0 			534.771644
g2	 60 	 637.925224 			 0.0 			637.925224
g2	 61 	 607.063916 			 0.0 			607.063916
g2	 62 	 696.706349 			 0.0 			696.706349
g2	 63 	 659.572669 			 0.0 			659.572669
g2	 64 	 595.627544 			 0.0 			595.627544
g2	 65 	 689.228217 			 0.0 			689.228217
g2	 66 	 704.494402 			 0.0 			704.494402
g2	 67 	 707.39251 			 0.0 			707.39251
g2	 68 	 705.716071 			 0.0 			705.716071
g2	 69 	 592.829728 			 0.0 			592.829728
g2	 70 	 682.076615 			 0.0 			682.076615
g2	 71 	 611.390042 			 0.0 			611.390042
g2	 72 	 735.197861 			 0.0 			735.197861
g2	 73 	 652.085652 			 0.0 			652.085652
g2	 74 	 772.711081 			 0.0 			772.711081
g2	 75 	 701.972768 			 0.0 			701.972768
g2	 76 	 770.774075 			 0.0 			770.774075
g2	 77 	 633.521953 			 0.0 			633.521953
g2	 78 	 643.107625 			 0.0 			643.107625
g2	 79 	 551.690809 			 0.0 			551.690809
g2	 80 	 623.352243 			 0.0 			623.352243
g2	 81 	 662.337004 			 0.0 			662.337004
g2	 82 	 534.771644 			 0.0 			534.771644
g2	 83 	 591.679151 			 0.0 			591.679151
g2	 84 	 549.280365 			 0.0 			549.280365
g2	 85 	 534.771644 			 0.0 			534.771644
g2	 86 	 534.771644 			 0.0 			534.771644
g2	 87 	 534.771644 			 0.0 			534.771644
g2	 88 	 534.771644 			 0.0 			534.771644
g2	 89 	 534.771644 			 0.0 			534.771644
g2	 90 	 534.771644 			 0.0 			534.771644
g2	 91 	 534.771644 			 0.0 			534.771644
g2	 92 	 534.771644 			 0.0 			534.771644
g2	 93 	 0.0 			 0.0 			0.0
g2	 94 	 0.0 			 0.0 			0.0
g2	 95 	 0.0 			 0.0 			0.0
g2	 96 	 0.0 			 0.0 			0.0
----------------------------------------------------------------------------------------------------
g3	 1 	 0.0 			 0.0 			0.0
g3	 2 	 0.0 			 0.0 			0.0
g3	 3 	 0.0 			 0.0 			0.0
g3	 4 	 0.0 			 0.0 			0.0
g3	 5 	 0.0 			 0.0 			0.0
g3	 6 	 0.0 			 0.0 			0.0
g3	 7 	 0.0 			 0.0 			0.0
g3	 8 	 0.0 			 0.0 			0.0
g3	 9 	 0.0 			 0.0 			0.0
g3	 10 	 0.0 			 0.0 			0.0
g3	 11 	 0.0 			 0.0 			0.0
g3	 12 	 0.0 			 0.0 			0.0
g3	 13 	 0.0 			 0.0 			0.0
g3	 14 	 0.0 			 0.0 			0.0
g3	 15 	 0.0 			 0.0 			0.0
g3	 16 	 0.0 			 0.0 			0.0
g3	 17 	 0.0 			 0.0 			0.0
g3	 18 	 0.0 			 0.0 			0.0
g3	 19 	 0.0 			 0.0 			0.0
g3	 20 	 0.0 			 0.0 			0.0
g3	 21 	 0.0 			 0.0 			0.0
g3	 22 	 0.0 			 0.0 			0.0
g3	 23 	 0.0 			 0.0 			0.0
g3	 24 	 0.0 			 0.0 			0.0
g3	 25 	 0.0 			 0.0 			0.0
g3	 26 	 0.0 			 0.0 			0.0
g3	 27 	 0.0 			 0.0 			0.0
g3	 28 	 0.0 			 0.0 			0.0
g3	 29 	 0.0 			 0.0 			0.0
g3	 30 	 0.0 			 0.0 			0.0
g3	 31 	 0.0 			 0.0 			0.0
g3	 32 	 0.0 			 0.0 			0.0
g3	 33 	 0.0 			 0.0 			0.0
g3	 34 	 0.0 			 0.0 			0.0
g3	 35 	 0.0 			 0.0 			0.0
g3	 36 	 0.0 			 0.0 			0.0
g3	 37 	 0.0 			 0.0 			0.0
g3	 38 	 0.0 			 0.0 			0.0
g3	 39 	 0.0 			 0.0 			0.0
g3	 40 	 0.0 			 0.0 			0.0
g3	 41 	 350.954412 			 4595.43 			4946.384412
g3	 42 	 350.954412 			 0.0 			350.954412
g3	 43 	 350.954412 			 0.0 			350.954412
g3	 44 	 350.954412 			 0.0 			350.954412
g3	 45 	 350.954412 			 0.0 			350.954412
g3	 46 	 350.954412 			 0.0 			350.954412
g3	 47 	 350.954412 			 0.0 			350.954412
g3	 48 	 350.954412 			 0.0 			350.954412
g3	 49 	 350.954412 			 0.0 			350.954412
g3	 50 	 350.954412 			 0.0 			350.954412
g3	 51 	 350.954412 			 0.0 			350.954412
g3	 52 	 350.954412 			 0.0 			350.954412
g3	 53 	 350.954412 			 0.0 			350.954412
g3	 54 	 350.954412 			 0.0 			350.954412
g3	 55 	 350.954412 			 0.0 			350.954412
g3	 56 	 350.954412 			 0.0 			350.954412
g3	 57 	 350.954412 			 0.0 			350.954412
g3	 58 	 350.954412 			 0.0 			350.954412
g3	 59 	 350.954412 			 0.0 			350.954412
g3	 60 	 350.954412 			 0.0 			350.954412
g3	 61 	 350.954412 			 0.0 			350.954412
g3	 62 	 350.954412 			 0.0 			350.954412
g3	 63 	 350.954412 			 0.0 			350.954412
g3	 64 	 350.954412 			 0.0 			350.954412
g3	 65 	 350.954412 			 0.0 			350.954412
g3	 66 	 350.954412 			 0.0 			350.954412
g3	 67 	 350.954412 			 0.0 			350.954412
g3	 68 	 350.954412 			 0.0 			350.954412
g3	 69 	 350.954412 			 0.0 			350.954412
g3	 70 	 350.954412 			 0.0 			350.954412
g3	 71 	 350.954412 			 0.0 			350.954412
g3	 72 	 350.954412 			 0.0 			350.954412
g3	 73 	 0.0 			 0.0 			0.0
g3	 74 	 0.0 			 0.0 			0.0
g3	 75 	 0.0 			 0.0 			0.0
g3	 76 	 0.0 			 0.0 			0.0
g3	 77 	 0.0 			 0.0 			0.0
g3	 78 	 0.0 			 0.0 			0.0
g3	 79 	 0.0 			 0.0 			0.0
g3	 80 	 0.0 			 0.0 			0.0
g3	 81 	 0.0 			 0.0 			0.0
g3	 82 	 0.0 			 0.0 			0.0
g3	 83 	 0.0 			 0.0 			0.0
g3	 84 	 0.0 			 0.0 			0.0
g3	 85 	 0.0 			 0.0 			0.0
g3	 86 	 0.0 			 0.0 			0.0
g3	 87 	 0.0 			 0.0 			0.0
g3	 88 	 0.0 			 0.0 			0.0
g3	 89 	 0.0 			 0.0 			0.0
g3	 90 	 0.0 			 0.0 			0.0
g3	 91 	 0.0 			 0.0 			0.0
g3	 92 	 0.0 			 0.0 			0.0
g3	 93 	 0.0 			 0.0 			0.0
g3	 94 	 0.0 			 0.0 			0.0
g3	 95 	 0.0 			 0.0 			0.0
g3	 96 	 0.0 			 0.0 			0.0
----------------------------------------------------------------------------------------------------
g4	 1 	 0.0 			 0.0 			0.0
g4	 2 	 0.0 			 0.0 			0.0
g4	 3 	 0.0 			 0.0 			0.0
g4	 4 	 0.0 			 0.0 			0.0
g4	 5 	 0.0 			 0.0 			0.0
g4	 6 	 0.0 			 0.0 			0.0
g4	 7 	 0.0 			 0.0 			0.0
g4	 8 	 0.0 			 0.0 			0.0
g4	 9 	 0.0 			 0.0 			0.0
g4	 10 	 0.0 			 0.0 			0.0
g4	 11 	 0.0 			 0.0 			0.0
g4	 12 	 0.0 			 0.0 			0.0
g4	 13 	 0.0 			 0.0 			0.0
g4	 14 	 0.0 			 0.0 			0.0
g4	 15 	 0.0 			 0.0 			0.0
g4	 16 	 0.0 			 0.0 			0.0
g4	 17 	 0.0 			 0.0 			0.0
g4	 18 	 0.0 			 0.0 			0.0
g4	 19 	 0.0 			 0.0 			0.0
g4	 20 	 0.0 			 0.0 			0.0
g4	 21 	 0.0 			 0.0 			0.0
g4	 22 	 0.0 			 0.0 			0.0
g4	 23 	 0.0 			 0.0 			0.0
g4	 24 	 0.0 			 0.0 			0.0
g4	 25 	 0.0 			 0.0 			0.0
g4	 26 	 0.0 			 0.0 			0.0
g4	 27 	 0.0 			 0.0 			0.0
g4	 28 	 0.0 			 0.0 			0.0
g4	 29 	 0.0 			 0.0 			0.0
g4	 30 	 0.0 			 0.0 			0.0
g4	 31 	 0.0 			 0.0 			0.0
g4	 32 	 0.0 			 0.0 			0.0
g4	 33 	 0.0 			 0.0 			0.0
g4	 34 	 0.0 			 0.0 			0.0
g4	 35 	 0.0 			 0.0 			0.0
g4	 36 	 0.0 			 0.0 			0.0
g4	 37 	 0.0 			 0.0 			0.0
g4	 38 	 0.0 			 0.0 			0.0
g4	 39 	 0.0 			 0.0 			0.0
g4	 40 	 0.0 			 0.0 			0.0
g4	 41 	 0.0 			 0.0 			0.0
g4	 42 	 0.0 			 0.0 			0.0
g4	 43 	 0.0 			 0.0 			0.0
g4	 44 	 0.0 			 0.0 			0.0
g4	 45 	 0.0 			 0.0 			0.0
g4	 46 	 0.0 			 0.0 			0.0
g4	 47 	 0.0 			 0.0 			0.0
g4	 48 	 0.0 			 0.0 			0.0
g4	 49 	 0.0 			 0.0 			0.0
g4	 50 	 0.0 			 0.0 			0.0
g4	 51 	 0.0 			 0.0 			0.0
g4	 52 	 0.0 			 0.0 			0.0
g4	 53 	 0.0 			 0.0 			0.0
g4	 54 	 0.0 			 0.0 			0.0
g4	 55 	 0.0 			 0.0 			0.0
g4	 56 	 0.0 			 0.0 			0.0
g4	 57 	 0.0 			 0.0 			0.0
g4	 58 	 0.0 			 0.0 			0.0
g4	 59 	 0.0 			 0.0 			0.0
g4	 60 	 0.0 			 0.0 			0.0
g4	 61 	 0.0 			 0.0 			0.0
g4	 62 	 0.0 			 0.0 			0.0
g4	 63 	 0.0 			 0.0 			0.0
g4	 64 	 0.0 			 0.0 			0.0
g4	 65 	 0.0 			 0.0 			0.0
g4	 66 	 0.0 			 0.0 			0.0
g4	 67 	 0.0 			 0.0 			0.0
g4	 68 	 0.0 			 0.0 			0.0
g4	 69 	 0.0 			 0.0 			0.0
g4	 70 	 0.0 			 0.0 			0.0
g4	 71 	 0.0 			 0.0 			0.0
g4	 72 	 0.0 			 0.0 			0.0
g4	 73 	 0.0 			 0.0 			0.0
g4	 74 	 0.0 			 0.0 			0.0
g4	 75 	 0.0 			 0.0 			0.0
g4	 76 	 0.0 			 0.0 			0.0
g4	 77 	 0.0 			 0.0 			0.0
g4	 78 	 0.0 			 0.0 			0.0
g4	 79 	 0.0 			 0.0 			0.0
g4	 80 	 0.0 			 0.0 			0.0
g4	 81 	 0.0 			 0.0 			0.0
g4	 82 	 0.0 			 0.0 			0.0
g4	 83 	 0.0 			 0.0 			0.0
g4	 84 	 0.0 			 0.0 			0.0
g4	 85 	 0.0 			 0.0 			0.0
g4	 86 	 0.0 			 0.0 			0.0
g4	 87 	 0.0 			 0.0 			0.0
g4	 88 	 0.0 			 0.0 			0.0
g4	 89 	 0.0 			 0.0 			0.0
g4	 90 	 0.0 			 0.0 			0.0
g4	 91 	 0.0 			 0.0 			0.0
g4	 92 	 0.0 			 0.0 			0.0
g4	 93 	 0.0 			 0.0 			0.0
g4	 94 	 0.0 			 0.0 			0.0
g4	 95 	 0.0 			 0.0 			0.0
g4	 96 	 0.0 			 0.0 			0.0
----------------------------------------------------------------------------------------------------
g5	 1 	 0.0 			 0.0 			0.0
g5	 2 	 0.0 			 0.0 			0.0
g5	 3 	 0.0 			 0.0 			0.0
g5	 4 	 0.0 			 0.0 			0.0
g5	 5 	 0.0 			 0.0 			0.0
g5	 6 	 0.0 			 0.0 			0.0
g5	 7 	 0.0 			 0.0 			0.0
g5	 8 	 0.0 			 0.0 			0.0
g5	 9 	 0.0 			 0.0 			0.0
g5	 10 	 0.0 			 0.0 			0.0
g5	 11 	 0.0 			 0.0 			0.0
g5	 12 	 0.0 			 0.0 			0.0
g5	 13 	 0.0 			 0.0 			0.0
g5	 14 	 0.0 			 0.0 			0.0
g5	 15 	 0.0 			 0.0 			0.0
g5	 16 	 0.0 			 0.0 			0.0
g5	 17 	 0.0 			 0.0 			0.0
g5	 18 	 0.0 			 0.0 			0.0
g5	 19 	 0.0 			 0.0 			0.0
g5	 20 	 0.0 			 0.0 			0.0
g5	 21 	 348.846531 			 6821.79 			7170.636531
g5	 22 	 348.846531 			 0.0 			348.846531
g5	 23 	 348.846531 			 0.0 			348.846531
g5	 24 	 348.846531 			 0.0 			348.846531
g5	 25 	 348.846531 			 0.0 			348.846531
g5	 26 	 348.846531 			 0.0 			348.846531
g5	 27 	 348.846531 			 0.0 			348.846531
g5	 28 	 348.846531 			 0.0 			348.846531
g5	 29 	 348.846531 			 0.0 			348.846531
g5	 30 	 348.846531 			 0.0 			348.846531
g5	 31 	 348.846531 			 0.0 			348.846531
g5	 32 	 348.846531 			 0.0 			348.846531
g5	 33 	 348.846531 			 0.0 			348.846531
g5	 34 	 348.846531 			 0.0 			348.846531
g5	 35 	 348.846531 			 0.0 			348.846531
g5	 36 	 348.846531 			 0.0 			348.846531
g5	 37 	 348.846531 			 0.0 			348.846531
g5	 38 	 348.846531 			 0.0 			348.846531
g5	 39 	 348.846531 			 0.0 			348.846531
g5	 40 	 348.846531 			 0.0 			348.846531
g5	 41 	 348.846531 			 0.0 			348.846531
g5	 42 	 348.846531 			 0.0 			348.846531
g5	 43 	 348.846531 			 0.0 			348.846531
g5	 44 	 348.846531 			 0.0 			348.846531
g5	 45 	 348.846531 			 0.0 			348.846531
g5	 46 	 348.846531 			 0.0 			348.846531
g5	 47 	 348.846531 			 0.0 			348.846531
g5	 48 	 348.846531 			 0.0 			348.846531
g5	 49 	 348.846531 			 0.0 			348.846531
g5	 50 	 348.846531 			 0.0 			348.846531
g5	 51 	 348.846531 			 0.0 			348.846531
g5	 52 	 348.846531 			 0.0 			348.846531
g5	 53 	 348.846531 			 0.0 			348.846531
g5	 54 	 348.846531 			 0.0 			348.846531
g5	 55 	 348.846531 			 0.0 			348.846531
g5	 56 	 348.846531 			 0.0 			348.846531
g5	 57 	 348.846531 			 0.0 			348.846531
g5	 58 	 348.846531 			 0.0 			348.846531
g5	 59 	 348.846531 			 0.0 			348.846531
g5	 60 	 348.846531 			 0.0 			348.846531
g5	 61 	 348.846531 			 0.0 			348.846531
g5	 62 	 348.846531 			 0.0 			348.846531
g5	 63 	 348.846531 			 0.0 			348.846531
g5	 64 	 348.846531 			 0.0 			348.846531
g5	 65 	 348.846531 			 0.0 			348.846531
g5	 66 	 348.846531 			 0.0 			348.846531
g5	 67 	 348.846531 			 0.0 			348.846531
g5	 68 	 348.846531 			 0.0 			348.846531
g5	 69 	 348.846531 			 0.0 			348.846531
g5	 70 	 348.846531 			 0.0 			348.846531
g5	 71 	 348.846531 			 0.0 			348.846531
g5	 72 	 348.846531 			 0.0 			348.846531
g5	 73 	 348.846531 			 0.0 			348.846531
g5	 74 	 348.846531 			 0.0 			348.846531
g5	 75 	 348.846531 			 0.0 			348.846531
g5	 76 	 348.846531 			 0.0 			348.846531
g5	 77 	 348.846531 			 0.0 			348.846531
g5	 78 	 348.846531 			 0.0 			348.846531
g5	 79 	 348.846531 			 0.0 			348.846531
g5	 80 	 348.846531 			 0.0 			348.846531
g5	 81 	 348.846531 			 0.0 			348.846531
g5	 82 	 348.846531 			 0.0 			348.846531
g5	 83 	 348.846531 			 0.0 			348.846531
g5	 84 	 348.846531 			 0.0 			348.846531
g5	 85 	 348.846531 			 0.0 			348.846531
g5	 86 	 348.846531 			 0.0 			348.846531
g5	 87 	 348.846531 			 0.0 			348.846531
g5	 88 	 348.846531 			 0.0 			348.846531
g5	 89 	 0.0 			 0.0 			0.0
g5	 90 	 0.0 			 0.0 			0.0
g5	 91 	 0.0 			 0.0 			0.0
g5	 92 	 0.0 			 0.0 			0.0
g5	 93 	 0.0 			 0.0 			0.0
g5	 94 	 0.0 			 0.0 			0.0
g5	 95 	 0.0 			 0.0 			0.0
g5	 96 	 0.0 			 0.0 			0.0
----------------------------------------------------------------------------------------------------
 
unit 	 generation 	 generation cost 	 start-up cost 	 total cost
----------------------------------------------------------------------------------------------------
g1 	 6822.201531			254309.447627			 0.000000		 254309.447627
g2 	 580.973350			35223.337830			 10598.130000		 45821.467830
g3 	 175.153013			11230.541184			 4595.430000		 15825.971184
g4 	 0.000000			0.000000			 0.000000		 0.000000
g5 	 393.067469			23721.564108			 6821.790000		 30543.354108
----------------------------------------------------------------------------------------------------
 
generation cost 	 start-up cost 		 total cost
----------------------------------------------------------------------------------------------------
324484.8907489995 			 22015.35 			 346500.2407489992
----------------------------------------------------------------------------------------------------
uplift payment for generator g1: 0.0
uplift payment for generator g2: 20880.314308
uplift payment for generator g3: 8377.779599
uplift payment for generator g4: 0.0
uplift payment for generator g5: 13542.879449
 
****************************************************************************************************
 
rtm Systemwide prices
----------------------------------------------------------------------------------------------------
time	 energy 	 up-FRP 	 dw-FRP
----------------------------------------------------------------------------------------------------
1 	 9.614507 		 0.0 		 0.0
2 	 9.614507 		 0.0 		 0.0
3 	 9.614507 		 0.0 		 0.0
4 	 9.614507 		 0.0 		 0.0
5 	 9.408671 		 0.0 		 0.0
6 	 9.408671 		 0.0 		 0.0
7 	 9.408671 		 0.0 		 0.0
8 	 9.408671 		 0.0 		 0.0
9 	 9.408671 		 0.0 		 0.0
10 	 9.408671 		 0.0 		 0.0
11 	 9.408671 		 0.0 		 0.0
12 	 9.408671 		 0.0 		 0.0
13 	 9.408671 		 0.0 		 0.0
14 	 9.408671 		 0.0 		 0.0
15 	 9.408671 		 0.0 		 0.0
16 	 9.408671 		 0.0 		 0.0
17 	 9.408671 		 0.0 		 0.0
18 	 9.408671 		 0.0 		 0.0
19 	 9.408671 		 0.0 		 0.0
20 	 9.408671 		 0.0 		 0.0
21 	 9.408671 		 0.0 		 0.0
22 	 9.408671 		 0.0 		 0.0
23 	 9.408671 		 0.0 		 0.0
24 	 9.408671 		 0.0 		 0.0
25 	 9.408671 		 0.0 		 0.0
26 	 9.408671 		 0.0 		 0.0
27 	 9.408671 		 0.0 		 0.0
28 	 9.408671 		 0.0 		 0.0
29 	 9.614507 		 0.0 		 0.0
30 	 9.614507 		 0.0 		 0.0
31 	 9.614507 		 0.0 		 0.0
32 	 9.614507 		 0.0 		 0.0
33 	 9.614507 		 0.0 		 0.0
34 	 9.614507 		 0.0 		 0.0
35 	 9.614507 		 0.0 		 0.0
36 	 9.614507 		 0.0 		 0.0
37 	 9.614507 		 0.0 		 0.0
38 	 9.614507 		 0.0 		 0.0
39 	 9.614507 		 0.0 		 0.0
40 	 9.614507 		 0.0 		 0.0
41 	 9.614507 		 0.0 		 0.0
42 	 9.614507 		 0.0 		 0.0
43 	 9.614507 		 0.0 		 0.0
44 	 9.614507 		 0.0 		 0.0
45 	 9.614507 		 0.0 		 0.0
46 	 9.614507 		 0.0 		 0.0
47 	 9.614507 		 0.0 		 0.0
48 	 9.614507 		 0.0 		 0.0
49 	 9.614507 		 0.0 		 0.0
50 	 9.614507 		 0.0 		 0.0
51 	 9.614507 		 0.0 		 0.0
52 	 9.614507 		 0.0 		 0.0
53 	 10.185876 		 0.0 		 0.0
54 	 9.614507 		 0.0 		 0.0
55 	 9.614507 		 0.0 		 0.0
56 	 9.614507 		 0.0 		 0.0
57 	 9.614507 		 0.0 		 0.0
58 	 10.185876 		 0.0 		 0.0
59 	 9.614507 		 0.0 		 0.0
60 	 10.185876 		 0.0 		 0.0
61 	 10.185876 		 0.0 		 0.0
62 	 10.185876 		 0.0 		 0.0
63 	 10.185876 		 0.0 		 0.0
64 	 10.185876 		 0.0 		 0.0
65 	 10.185876 		 0.0 		 0.0
66 	 10.185876 		 0.0 		 0.0
67 	 10.185876 		 0.0 		 0.0
68 	 10.185876 		 0.0 		 0.0
69 	 10.185876 		 0.0 		 0.0
70 	 10.185876 		 0.0 		 0.0
71 	 10.185876 		 0.0 		 0.0
72 	 10.185876 		 0.0 		 0.0
73 	 10.185876 		 0.0 		 0.0
74 	 10.185876 		 0.0 		 0.0
75 	 10.185876 		 0.0 		 0.0
76 	 10.185876 		 0.0 		 0.0
77 	 10.185876 		 0.0 		 0.0
78 	 10.185876 		 0.0 		 0.0
79 	 10.185876 		 0.0 		 0.0
80 	 10.185876 		 0.0 		 0.0
81 	 10.185876 		 0.0 		 0.0
82 	 9.614507 		 0.0 		 0.0
83 	 10.185876 		 0.0 		 0.0
84 	 10.185876 		 0.0 		 0.0
85 	 9.614507 		 0.0 		 0.0
86 	 9.614507 		 0.0 		 0.0
87 	 9.614507 		 0.0 		 0.0
88 	 9.614507 		 0.0 		 0.0
89 	 9.614507 		 0.0 		 0.0
90 	 9.614507 		 0.0 		 0.0
91 	 9.614507 		 0.0 		 0.0
92 	 9.614507 		 0.0 		 0.0
93 	 9.614507 		 0.0 		 0.0
94 	 9.614507 		 0.0 		 0.0
95 	 9.614507 		 0.0 		 0.0
96 	 9.614507 		 0.0 		 0.0
 
****************************************************************************************************
 
rtm Post-uplift payments
----------------------------------------------------------------------------------------------------------------------------------------------------
unit 	 generation payment 	 up-FRP payment 	 dw-FRP payment 	pre-up t. payment 	 uplift payments 	 post-up t. payment 	 profit
----------------------------------------------------------------------------------------------------------------------------------------------------
 g1 	 17180.873848			 0.000000			 0.000000			 17180.873848			 0.000000			 17180.873848		 30370.026707
 g2 	 -78.980264			 0.000000			 0.000000			 -78.980264			 20880.314308			 20801.334044		 -0.000000
 g3 	 511.997985			 0.000000			 0.000000			 511.997985			 8377.779599			 8889.777584		 -0.000000
 g4 	 0.000000			 0.000000			 0.000000			 0.000000			 0.000000			 0.000000		 0.000000
 g5 	 1552.041586			 0.000000			 0.000000			 1552.041586			 13542.879449			 15094.921035		 0.000000
****************************************************************************************************
 
Total generator payments
----------------------------------------------------------------------------------------------------------------------------------------------------
unit 	 generation payment 	 up-FRP payment 	 dw-FRP payment 	pre-up t. payment 	 uplift payments 	 post-up t. payment 	 profit
----------------------------------------------------------------------------------------------------------------------------------------------------
 g1 	 284143.213858			 536.260476			 0.000000			 284679.474334			 0.000000			 284679.474334		 30370.026707
 g2 	 24941.153522			 0.000000			 0.000000			 24941.153522			 20880.314308			 45821.467830		 -0.000000
 g3 	 7448.191585			 0.000000			 0.000000			 7448.191585			 8377.779599			 15825.971184		 -0.000000
 g4 	 0.000000			 0.000000			 0.000000			 0.000000			 0.000000			 0.000000		 0.000000
 g5 	 17000.474659			 0.000000			 0.000000			 17000.474659			 13542.879449			 30543.354108		 0.000000
 
****************************************************************************************************
 
rtm LMP
----------------------------------------------------------------------------------------------------
bus name 	 time 		 LMP
----------------------------------------------------------------------------------------------------
b1 		 1 		 9.614507
b1 		 2 		 9.614507
b1 		 3 		 9.614507
b1 		 4 		 9.614507
b1 		 5 		 9.408671
b1 		 6 		 9.408671
b1 		 7 		 9.408671
b1 		 8 		 9.408671
b1 		 9 		 9.408671
b1 		 10 		 9.408671
b1 		 11 		 9.408671
b1 		 12 		 9.408671
b1 		 13 		 9.408671
b1 		 14 		 9.408671
b1 		 15 		 9.408671
b1 		 16 		 9.408671
b1 		 17 		 9.408671
b1 		 18 		 9.408671
b1 		 19 		 9.408671
b1 		 20 		 9.408671
b1 		 21 		 9.408671
b1 		 22 		 9.408671
b1 		 23 		 9.408671
b1 		 24 		 9.408671
b1 		 25 		 9.408671
b1 		 26 		 9.408671
b1 		 27 		 9.408671
b1 		 28 		 9.408671
b1 		 29 		 9.614507
b1 		 30 		 9.614507
b1 		 31 		 9.614507
b1 		 32 		 9.614507
b1 		 33 		 9.614507
b1 		 34 		 9.614507
b1 		 35 		 9.614507
b1 		 36 		 9.614507
b1 		 37 		 9.614507
b1 		 38 		 9.614507
b1 		 39 		 9.614507
b1 		 40 		 9.614507
b1 		 41 		 9.614507
b1 		 42 		 9.614507
b1 		 43 		 9.614507
b1 		 44 		 9.614507
b1 		 45 		 9.614507
b1 		 46 		 9.614507
b1 		 47 		 9.614507
b1 		 48 		 9.614507
b1 		 49 		 9.614507
b1 		 50 		 9.614507
b1 		 51 		 9.614507
b1 		 52 		 9.614507
b1 		 53 		 10.185876
b1 		 54 		 9.614507
b1 		 55 		 9.614507
b1 		 56 		 9.614507
b1 		 57 		 9.614507
b1 		 58 		 10.185876
b1 		 59 		 9.614507
b1 		 60 		 10.185876
b1 		 61 		 10.185876
b1 		 62 		 10.185876
b1 		 63 		 10.185876
b1 		 64 		 10.185876
b1 		 65 		 10.185876
b1 		 66 		 10.185876
b1 		 67 		 10.185876
b1 		 68 		 10.185876
b1 		 69 		 10.185876
b1 		 70 		 10.185876
b1 		 71 		 10.185876
b1 		 72 		 10.185876
b1 		 73 		 10.185876
b1 		 74 		 10.185876
b1 		 75 		 10.185876
b1 		 76 		 10.185876
b1 		 77 		 10.185876
b1 		 78 		 10.185876
b1 		 79 		 10.185876
b1 		 80 		 10.185876
b1 		 81 		 10.185876
b1 		 82 		 9.614507
b1 		 83 		 10.185876
b1 		 84 		 10.185876
b1 		 85 		 9.614507
b1 		 86 		 9.614507
b1 		 87 		 9.614507
b1 		 88 		 9.614507
b1 		 89 		 9.614507
b1 		 90 		 9.614507
b1 		 91 		 9.614507
b1 		 92 		 9.614507
b1 		 93 		 9.614507
b1 		 94 		 9.614507
b1 		 95 		 9.614507
b1 		 96 		 9.614507
----------------------------------------------------------------------------------------------------
b2 		 1 		 9.614507
b2 		 2 		 9.614507
b2 		 3 		 9.614507
b2 		 4 		 9.614507
b2 		 5 		 9.408671
b2 		 6 		 9.408671
b2 		 7 		 9.408671
b2 		 8 		 9.408671
b2 		 9 		 9.408671
b2 		 10 		 9.408671
b2 		 11 		 9.408671
b2 		 12 		 9.408671
b2 		 13 		 9.408671
b2 		 14 		 9.408671
b2 		 15 		 9.408671
b2 		 16 		 9.408671
b2 		 17 		 9.408671
b2 		 18 		 9.408671
b2 		 19 		 9.408671
b2 		 20 		 9.408671
b2 		 21 		 9.408671
b2 		 22 		 9.408671
b2 		 23 		 9.408671
b2 		 24 		 9.408671
b2 		 25 		 9.408671
b2 		 26 		 9.408671
b2 		 27 		 9.408671
b2 		 28 		 9.408671
b2 		 29 		 9.614507
b2 		 30 		 9.614507
b2 		 31 		 9.614507
b2 		 32 		 9.614507
b2 		 33 		 9.614507
b2 		 34 		 9.614507
b2 		 35 		 9.614507
b2 		 36 		 9.614507
b2 		 37 		 9.614507
b2 		 38 		 9.614507
b2 		 39 		 9.614507
b2 		 40 		 9.614507
b2 		 41 		 9.614507
b2 		 42 		 9.614507
b2 		 43 		 9.614507
b2 		 44 		 9.614507
b2 		 45 		 9.614507
b2 		 46 		 9.614507
b2 		 47 		 9.614507
b2 		 48 		 9.614507
b2 		 49 		 9.614507
b2 		 50 		 9.614507
b2 		 51 		 9.614507
b2 		 52 		 9.614507
b2 		 53 		 10.185876
b2 		 54 		 9.614507
b2 		 55 		 9.614507
b2 		 56 		 9.614507
b2 		 57 		 9.614507
b2 		 58 		 10.185876
b2 		 59 		 9.614507
b2 		 60 		 10.185876
b2 		 61 		 10.185876
b2 		 62 		 10.185876
b2 		 63 		 10.185876
b2 		 64 		 10.185876
b2 		 65 		 10.185876
b2 		 66 		 10.185876
b2 		 67 		 10.185876
b2 		 68 		 10.185876
b2 		 69 		 10.185876
b2 		 70 		 10.185876
b2 		 71 		 10.185876
b2 		 72 		 10.185876
b2 		 73 		 10.185876
b2 		 74 		 10.185876
b2 		 75 		 10.185876
b2 		 76 		 10.185876
b2 		 77 		 10.185876
b2 		 78 		 10.185876
b2 		 79 		 10.185876
b2 		 80 		 10.185876
b2 		 81 		 10.185876
b2 		 82 		 9.614507
b2 		 83 		 10.185876
b2 		 84 		 10.185876
b2 		 85 		 9.614507
b2 		 86 		 9.614507
b2 		 87 		 9.614507
b2 		 88 		 9.614507
b2 		 89 		 9.614507
b2 		 90 		 9.614507
b2 		 91 		 9.614507
b2 		 92 		 9.614507
b2 		 93 		 9.614507
b2 		 94 		 9.614507
b2 		 95 		 9.614507
b2 		 96 		 9.614507
----------------------------------------------------------------------------------------------------
b3 		 1 		 9.614507
b3 		 2 		 9.614507
b3 		 3 		 9.614507
b3 		 4 		 9.614507
b3 		 5 		 9.408671
b3 		 6 		 9.408671
b3 		 7 		 9.408671
b3 		 8 		 9.408671
b3 		 9 		 9.408671
b3 		 10 		 9.408671
b3 		 11 		 9.408671
b3 		 12 		 9.408671
b3 		 13 		 9.408671
b3 		 14 		 9.408671
b3 		 15 		 9.408671
b3 		 16 		 9.408671
b3 		 17 		 9.408671
b3 		 18 		 9.408671
b3 		 19 		 9.408671
b3 		 20 		 9.408671
b3 		 21 		 9.408671
b3 		 22 		 9.408671
b3 		 23 		 9.408671
b3 		 24 		 9.408671
b3 		 25 		 9.408671
b3 		 26 		 9.408671
b3 		 27 		 9.408671
b3 		 28 		 9.408671
b3 		 29 		 9.614507
b3 		 30 		 9.614507
b3 		 31 		 9.614507
b3 		 32 		 9.614507
b3 		 33 		 9.614507
b3 		 34 		 9.614507
b3 		 35 		 9.614507
b3 		 36 		 9.614507
b3 		 37 		 9.614507
b3 		 38 		 9.614507
b3 		 39 		 9.614507
b3 		 40 		 9.614507
b3 		 41 		 9.614507
b3 		 42 		 9.614507
b3 		 43 		 9.614507
b3 		 44 		 9.614507
b3 		 45 		 9.614507
b3 		 46 		 9.614507
b3 		 47 		 9.614507
b3 		 48 		 9.614507
b3 		 49 		 9.614507
b3 		 50 		 9.614507
b3 		 51 		 9.614507
b3 		 52 		 9.614507
b3 		 53 		 10.185876
b3 		 54 		 9.614507
b3 		 55 		 9.614507
b3 		 56 		 9.614507
b3 		 57 		 9.614507
b3 		 58 		 10.185876
b3 		 59 		 9.614507
b3 		 60 		 10.185876
b3 		 61 		 10.185876
b3 		 62 		 10.185876
b3 		 63 		 10.185876
b3 		 64 		 10.185876
b3 		 65 		 10.185876
b3 		 66 		 10.185876
b3 		 67 		 10.185876
b3 		 68 		 10.185876
b3 		 69 		 10.185876
b3 		 70 		 10.185876
b3 		 71 		 10.185876
b3 		 72 		 10.185876
b3 		 73 		 10.185876
b3 		 74 		 10.185876
b3 		 75 		 10.185876
b3 		 76 		 10.185876
b3 		 77 		 10.185876
b3 		 78 		 10.185876
b3 		 79 		 10.185876
b3 		 80 		 10.185876
b3 		 81 		 10.185876
b3 		 82 		 9.614507
b3 		 83 		 10.185876
b3 		 84 		 10.185876
b3 		 85 		 9.614507
b3 		 86 		 9.614507
b3 		 87 		 9.614507
b3 		 88 		 9.614507
b3 		 89 		 9.614507
b3 		 90 		 9.614507
b3 		 91 		 9.614507
b3 		 92 		 9.614507
b3 		 93 		 9.614507
b3 		 94 		 9.614507
b3 		 95 		 9.614507
b3 		 96 		 9.614507
----------------------------------------------------------------------------------------------------
b4 		 1 		 9.614507
b4 		 2 		 9.614507
b4 		 3 		 9.614507
b4 		 4 		 9.614507
b4 		 5 		 9.408671
b4 		 6 		 9.408671
b4 		 7 		 9.408671
b4 		 8 		 9.408671
b4 		 9 		 9.408671
b4 		 10 		 9.408671
b4 		 11 		 9.408671
b4 		 12 		 9.408671
b4 		 13 		 9.408671
b4 		 14 		 9.408671
b4 		 15 		 9.408671
b4 		 16 		 9.408671
b4 		 17 		 9.408671
b4 		 18 		 9.408671
b4 		 19 		 9.408671
b4 		 20 		 9.408671
b4 		 21 		 9.408671
b4 		 22 		 9.408671
b4 		 23 		 9.408671
b4 		 24 		 9.408671
b4 		 25 		 9.408671
b4 		 26 		 9.408671
b4 		 27 		 9.408671
b4 		 28 		 9.408671
b4 		 29 		 9.614507
b4 		 30 		 9.614507
b4 		 31 		 9.614507
b4 		 32 		 9.614507
b4 		 33 		 9.614507
b4 		 34 		 9.614507
b4 		 35 		 9.614507
b4 		 36 		 9.614507
b4 		 37 		 9.614507
b4 		 38 		 9.614507
b4 		 39 		 9.614507
b4 		 40 		 9.614507
b4 		 41 		 9.614507
b4 		 42 		 9.614507
b4 		 43 		 9.614507
b4 		 44 		 9.614507
b4 		 45 		 9.614507
b4 		 46 		 9.614507
b4 		 47 		 9.614507
b4 		 48 		 9.614507
b4 		 49 		 9.614507
b4 		 50 		 9.614507
b4 		 51 		 9.614507
b4 		 52 		 9.614507
b4 		 53 		 10.185876
b4 		 54 		 9.614507
b4 		 55 		 9.614507
b4 		 56 		 9.614507
b4 		 57 		 9.614507
b4 		 58 		 10.185876
b4 		 59 		 9.614507
b4 		 60 		 10.185876
b4 		 61 		 10.185876
b4 		 62 		 10.185876
b4 		 63 		 10.185876
b4 		 64 		 10.185876
b4 		 65 		 10.185876
b4 		 66 		 10.185876
b4 		 67 		 10.185876
b4 		 68 		 10.185876
b4 		 69 		 10.185876
b4 		 70 		 10.185876
b4 		 71 		 10.185876
b4 		 72 		 10.185876
b4 		 73 		 10.185876
b4 		 74 		 10.185876
b4 		 75 		 10.185876
b4 		 76 		 10.185876
b4 		 77 		 10.185876
b4 		 78 		 10.185876
b4 		 79 		 10.185876
b4 		 80 		 10.185876
b4 		 81 		 10.185876
b4 		 82 		 9.614507
b4 		 83 		 10.185876
b4 		 84 		 10.185876
b4 		 85 		 9.614507
b4 		 86 		 9.614507
b4 		 87 		 9.614507
b4 		 88 		 9.614507
b4 		 89 		 9.614507
b4 		 90 		 9.614507
b4 		 91 		 9.614507
b4 		 92 		 9.614507
b4 		 93 		 9.614507
b4 		 94 		 9.614507
b4 		 95 		 9.614507
b4 		 96 		 9.614507
----------------------------------------------------------------------------------------------------
b5 		 1 		 9.614507
b5 		 2 		 9.614507
b5 		 3 		 9.614507
b5 		 4 		 9.614507
b5 		 5 		 9.408671
b5 		 6 		 9.408671
b5 		 7 		 9.408671
b5 		 8 		 9.408671
b5 		 9 		 9.408671
b5 		 10 		 9.408671
b5 		 11 		 9.408671
b5 		 12 		 9.408671
b5 		 13 		 9.408671
b5 		 14 		 9.408671
b5 		 15 		 9.408671
b5 		 16 		 9.408671
b5 		 17 		 9.408671
b5 		 18 		 9.408671
b5 		 19 		 9.408671
b5 		 20 		 9.408671
b5 		 21 		 9.408671
b5 		 22 		 9.408671
b5 		 23 		 9.408671
b5 		 24 		 9.408671
b5 		 25 		 9.408671
b5 		 26 		 9.408671
b5 		 27 		 9.408671
b5 		 28 		 9.408671
b5 		 29 		 9.614507
b5 		 30 		 9.614507
b5 		 31 		 9.614507
b5 		 32 		 9.614507
b5 		 33 		 9.614507
b5 		 34 		 9.614507
b5 		 35 		 9.614507
b5 		 36 		 9.614507
b5 		 37 		 9.614507
b5 		 38 		 9.614507
b5 		 39 		 9.614507
b5 		 40 		 9.614507
b5 		 41 		 9.614507
b5 		 42 		 9.614507
b5 		 43 		 9.614507
b5 		 44 		 9.614507
b5 		 45 		 9.614507
b5 		 46 		 9.614507
b5 		 47 		 9.614507
b5 		 48 		 9.614507
b5 		 49 		 9.614507
b5 		 50 		 9.614507
b5 		 51 		 9.614507
b5 		 52 		 9.614507
b5 		 53 		 10.185876
b5 		 54 		 9.614507
b5 		 55 		 9.614507
b5 		 56 		 9.614507
b5 		 57 		 9.614507
b5 		 58 		 10.185876
b5 		 59 		 9.614507
b5 		 60 		 10.185876
b5 		 61 		 10.185876
b5 		 62 		 10.185876
b5 		 63 		 10.185876
b5 		 64 		 10.185876
b5 		 65 		 10.185876
b5 		 66 		 10.185876
b5 		 67 		 10.185876
b5 		 68 		 10.185876
b5 		 69 		 10.185876
b5 		 70 		 10.185876
b5 		 71 		 10.185876
b5 		 72 		 10.185876
b5 		 73 		 10.185876
b5 		 74 		 10.185876
b5 		 75 		 10.185876
b5 		 76 		 10.185876
b5 		 77 		 10.185876
b5 		 78 		 10.185876
b5 		 79 		 10.185876
b5 		 80 		 10.185876
b5 		 81 		 10.185876
b5 		 82 		 9.614507
b5 		 83 		 10.185876
b5 		 84 		 10.185876
b5 		 85 		 9.614507
b5 		 86 		 9.614507
b5 		 87 		 9.614507
b5 		 88 		 9.614507
b5 		 89 		 9.614507
b5 		 90 		 9.614507
b5 		 91 		 9.614507
b5 		 92 		 9.614507
b5 		 93 		 9.614507
b5 		 94 		 9.614507
b5 		 95 		 9.614507
b5 		 96 		 9.614507
----------------------------------------------------------------------------------------------------
b6 		 1 		 9.614507
b6 		 2 		 9.614507
b6 		 3 		 9.614507
b6 		 4 		 9.614507
b6 		 5 		 9.408671
b6 		 6 		 9.408671
b6 		 7 		 9.408671
b6 		 8 		 9.408671
b6 		 9 		 9.408671
b6 		 10 		 9.408671
b6 		 11 		 9.408671
b6 		 12 		 9.408671
b6 		 13 		 9.408671
b6 		 14 		 9.408671
b6 		 15 		 9.408671
b6 		 16 		 9.408671
b6 		 17 		 9.408671
b6 		 18 		 9.408671
b6 		 19 		 9.408671
b6 		 20 		 9.408671
b6 		 21 		 9.408671
b6 		 22 		 9.408671
b6 		 23 		 9.408671
b6 		 24 		 9.408671
b6 		 25 		 9.408671
b6 		 26 		 9.408671
b6 		 27 		 9.408671
b6 		 28 		 9.408671
b6 		 29 		 9.614507
b6 		 30 		 9.614507
b6 		 31 		 9.614507
b6 		 32 		 9.614507
b6 		 33 		 9.614507
b6 		 34 		 9.614507
b6 		 35 		 9.614507
b6 		 36 		 9.614507
b6 		 37 		 9.614507
b6 		 38 		 9.614507
b6 		 39 		 9.614507
b6 		 40 		 9.614507
b6 		 41 		 9.614507
b6 		 42 		 9.614507
b6 		 43 		 9.614507
b6 		 44 		 9.614507
b6 		 45 		 9.614507
b6 		 46 		 9.614507
b6 		 47 		 9.614507
b6 		 48 		 9.614507
b6 		 49 		 9.614507
b6 		 50 		 9.614507
b6 		 51 		 9.614507
b6 		 52 		 9.614507
b6 		 53 		 10.185876
b6 		 54 		 9.614507
b6 		 55 		 9.614507
b6 		 56 		 9.614507
b6 		 57 		 9.614507
b6 		 58 		 10.185876
b6 		 59 		 9.614507
b6 		 60 		 10.185876
b6 		 61 		 10.185876
b6 		 62 		 10.185876
b6 		 63 		 10.185876
b6 		 64 		 10.185876
b6 		 65 		 10.185876
b6 		 66 		 10.185876
b6 		 67 		 10.185876
b6 		 68 		 10.185876
b6 		 69 		 10.185876
b6 		 70 		 10.185876
b6 		 71 		 10.185876
b6 		 72 		 10.185876
b6 		 73 		 10.185876
b6 		 74 		 10.185876
b6 		 75 		 10.185876
b6 		 76 		 10.185876
b6 		 77 		 10.185876
b6 		 78 		 10.185876
b6 		 79 		 10.185876
b6 		 80 		 10.185876
b6 		 81 		 10.185876
b6 		 82 		 9.614507
b6 		 83 		 10.185876
b6 		 84 		 10.185876
b6 		 85 		 9.614507
b6 		 86 		 9.614507
b6 		 87 		 9.614507
b6 		 88 		 9.614507
b6 		 89 		 9.614507
b6 		 90 		 9.614507
b6 		 91 		 9.614507
b6 		 92 		 9.614507
b6 		 93 		 9.614507
b6 		 94 		 9.614507
b6 		 95 		 9.614507
b6 		 96 		 9.614507
----------------------------------------------------------------------------------------------------
b7 		 1 		 9.614507
b7 		 2 		 9.614507
b7 		 3 		 9.614507
b7 		 4 		 9.614507
b7 		 5 		 9.408671
b7 		 6 		 9.408671
b7 		 7 		 9.408671
b7 		 8 		 9.408671
b7 		 9 		 9.408671
b7 		 10 		 9.408671
b7 		 11 		 9.408671
b7 		 12 		 9.408671
b7 		 13 		 9.408671
b7 		 14 		 9.408671
b7 		 15 		 9.408671
b7 		 16 		 9.408671
b7 		 17 		 9.408671
b7 		 18 		 9.408671
b7 		 19 		 9.408671
b7 		 20 		 9.408671
b7 		 21 		 9.408671
b7 		 22 		 9.408671
b7 		 23 		 9.408671
b7 		 24 		 9.408671
b7 		 25 		 9.408671
b7 		 26 		 9.408671
b7 		 27 		 9.408671
b7 		 28 		 9.408671
b7 		 29 		 9.614507
b7 		 30 		 9.614507
b7 		 31 		 9.614507
b7 		 32 		 9.614507
b7 		 33 		 9.614507
b7 		 34 		 9.614507
b7 		 35 		 9.614507
b7 		 36 		 9.614507
b7 		 37 		 9.614507
b7 		 38 		 9.614507
b7 		 39 		 9.614507
b7 		 40 		 9.614507
b7 		 41 		 9.614507
b7 		 42 		 9.614507
b7 		 43 		 9.614507
b7 		 44 		 9.614507
b7 		 45 		 9.614507
b7 		 46 		 9.614507
b7 		 47 		 9.614507
b7 		 48 		 9.614507
b7 		 49 		 9.614507
b7 		 50 		 9.614507
b7 		 51 		 9.614507
b7 		 52 		 9.614507
b7 		 53 		 10.185876
b7 		 54 		 9.614507
b7 		 55 		 9.614507
b7 		 56 		 9.614507
b7 		 57 		 9.614507
b7 		 58 		 10.185876
b7 		 59 		 9.614507
b7 		 60 		 10.185876
b7 		 61 		 10.185876
b7 		 62 		 10.185876
b7 		 63 		 10.185876
b7 		 64 		 10.185876
b7 		 65 		 10.185876
b7 		 66 		 10.185876
b7 		 67 		 10.185876
b7 		 68 		 10.185876
b7 		 69 		 10.185876
b7 		 70 		 10.185876
b7 		 71 		 10.185876
b7 		 72 		 10.185876
b7 		 73 		 10.185876
b7 		 74 		 10.185876
b7 		 75 		 10.185876
b7 		 76 		 10.185876
b7 		 77 		 10.185876
b7 		 78 		 10.185876
b7 		 79 		 10.185876
b7 		 80 		 10.185876
b7 		 81 		 10.185876
b7 		 82 		 9.614507
b7 		 83 		 10.185876
b7 		 84 		 10.185876
b7 		 85 		 9.614507
b7 		 86 		 9.614507
b7 		 87 		 9.614507
b7 		 88 		 9.614507
b7 		 89 		 9.614507
b7 		 90 		 9.614507
b7 		 91 		 9.614507
b7 		 92 		 9.614507
b7 		 93 		 9.614507
b7 		 94 		 9.614507
b7 		 95 		 9.614507
b7 		 96 		 9.614507
----------------------------------------------------------------------------------------------------
b8 		 1 		 9.614507
b8 		 2 		 9.614507
b8 		 3 		 9.614507
b8 		 4 		 9.614507
b8 		 5 		 9.408671
b8 		 6 		 9.408671
b8 		 7 		 9.408671
b8 		 8 		 9.408671
b8 		 9 		 9.408671
b8 		 10 		 9.408671
b8 		 11 		 9.408671
b8 		 12 		 9.408671
b8 		 13 		 9.408671
b8 		 14 		 9.408671
b8 		 15 		 9.408671
b8 		 16 		 9.408671
b8 		 17 		 9.408671
b8 		 18 		 9.408671
b8 		 19 		 9.408671
b8 		 20 		 9.408671
b8 		 21 		 9.408671
b8 		 22 		 9.408671
b8 		 23 		 9.408671
b8 		 24 		 9.408671
b8 		 25 		 9.408671
b8 		 26 		 9.408671
b8 		 27 		 9.408671
b8 		 28 		 9.408671
b8 		 29 		 9.614507
b8 		 30 		 9.614507
b8 		 31 		 9.614507
b8 		 32 		 9.614507
b8 		 33 		 9.614507
b8 		 34 		 9.614507
b8 		 35 		 9.614507
b8 		 36 		 9.614507
b8 		 37 		 9.614507
b8 		 38 		 9.614507
b8 		 39 		 9.614507
b8 		 40 		 9.614507
b8 		 41 		 9.614507
b8 		 42 		 9.614507
b8 		 43 		 9.614507
b8 		 44 		 9.614507
b8 		 45 		 9.614507
b8 		 46 		 9.614507
b8 		 47 		 9.614507
b8 		 48 		 9.614507
b8 		 49 		 9.614507
b8 		 50 		 9.614507
b8 		 51 		 9.614507
b8 		 52 		 9.614507
b8 		 53 		 10.185876
b8 		 54 		 9.614507
b8 		 55 		 9.614507
b8 		 56 		 9.614507
b8 		 57 		 9.614507
b8 		 58 		 10.185876
b8 		 59 		 9.614507
b8 		 60 		 10.185876
b8 		 61 		 10.185876
b8 		 62 		 10.185876
b8 		 63 		 10.185876
b8 		 64 		 10.185876
b8 		 65 		 10.185876
b8 		 66 		 10.185876
b8 		 67 		 10.185876
b8 		 68 		 10.185876
b8 		 69 		 10.185876
b8 		 70 		 10.185876
b8 		 71 		 10.185876
b8 		 72 		 10.185876
b8 		 73 		 10.185876
b8 		 74 		 10.185876
b8 		 75 		 10.185876
b8 		 76 		 10.185876
b8 		 77 		 10.185876
b8 		 78 		 10.185876
b8 		 79 		 10.185876
b8 		 80 		 10.185876
b8 		 81 		 10.185876
b8 		 82 		 9.614507
b8 		 83 		 10.185876
b8 		 84 		 10.185876
b8 		 85 		 9.614507
b8 		 86 		 9.614507
b8 		 87 		 9.614507
b8 		 88 		 9.614507
b8 		 89 		 9.614507
b8 		 90 		 9.614507
b8 		 91 		 9.614507
b8 		 92 		 9.614507
b8 		 93 		 9.614507
b8 		 94 		 9.614507
b8 		 95 		 9.614507
b8 		 96 		 9.614507
----------------------------------------------------------------------------------------------------
b9 		 1 		 9.614507
b9 		 2 		 9.614507
b9 		 3 		 9.614507
b9 		 4 		 9.614507
b9 		 5 		 9.408671
b9 		 6 		 9.408671
b9 		 7 		 9.408671
b9 		 8 		 9.408671
b9 		 9 		 9.408671
b9 		 10 		 9.408671
b9 		 11 		 9.408671
b9 		 12 		 9.408671
b9 		 13 		 9.408671
b9 		 14 		 9.408671
b9 		 15 		 9.408671
b9 		 16 		 9.408671
b9 		 17 		 9.408671
b9 		 18 		 9.408671
b9 		 19 		 9.408671
b9 		 20 		 9.408671
b9 		 21 		 9.408671
b9 		 22 		 9.408671
b9 		 23 		 9.408671
b9 		 24 		 9.408671
b9 		 25 		 9.408671
b9 		 26 		 9.408671
b9 		 27 		 9.408671
b9 		 28 		 9.408671
b9 		 29 		 9.614507
b9 		 30 		 9.614507
b9 		 31 		 9.614507
b9 		 32 		 9.614507
b9 		 33 		 9.614507
b9 		 34 		 9.614507
b9 		 35 		 9.614507
b9 		 36 		 9.614507
b9 		 37 		 9.614507
b9 		 38 		 9.614507
b9 		 39 		 9.614507
b9 		 40 		 9.614507
b9 		 41 		 9.614507
b9 		 42 		 9.614507
b9 		 43 		 9.614507
b9 		 44 		 9.614507
b9 		 45 		 9.614507
b9 		 46 		 9.614507
b9 		 47 		 9.614507
b9 		 48 		 9.614507
b9 		 49 		 9.614507
b9 		 50 		 9.614507
b9 		 51 		 9.614507
b9 		 52 		 9.614507
b9 		 53 		 10.185876
b9 		 54 		 9.614507
b9 		 55 		 9.614507
b9 		 56 		 9.614507
b9 		 57 		 9.614507
b9 		 58 		 10.185876
b9 		 59 		 9.614507
b9 		 60 		 10.185876
b9 		 61 		 10.185876
b9 		 62 		 10.185876
b9 		 63 		 10.185876
b9 		 64 		 10.185876
b9 		 65 		 10.185876
b9 		 66 		 10.185876
b9 		 67 		 10.185876
b9 		 68 		 10.185876
b9 		 69 		 10.185876
b9 		 70 		 10.185876
b9 		 71 		 10.185876
b9 		 72 		 10.185876
b9 		 73 		 10.185876
b9 		 74 		 10.185876
b9 		 75 		 10.185876
b9 		 76 		 10.185876
b9 		 77 		 10.185876
b9 		 78 		 10.185876
b9 		 79 		 10.185876
b9 		 80 		 10.185876
b9 		 81 		 10.185876
b9 		 82 		 9.614507
b9 		 83 		 10.185876
b9 		 84 		 10.185876
b9 		 85 		 9.614507
b9 		 86 		 9.614507
b9 		 87 		 9.614507
b9 		 88 		 9.614507
b9 		 89 		 9.614507
b9 		 90 		 9.614507
b9 		 91 		 9.614507
b9 		 92 		 9.614507
b9 		 93 		 9.614507
b9 		 94 		 9.614507
b9 		 95 		 9.614507
b9 		 96 		 9.614507
----------------------------------------------------------------------------------------------------
b10 		 1 		 9.614507
b10 		 2 		 9.614507
b10 		 3 		 9.614507
b10 		 4 		 9.614507
b10 		 5 		 9.408671
b10 		 6 		 9.408671
b10 		 7 		 9.408671
b10 		 8 		 9.408671
b10 		 9 		 9.408671
b10 		 10 		 9.408671
b10 		 11 		 9.408671
b10 		 12 		 9.408671
b10 		 13 		 9.408671
b10 		 14 		 9.408671
b10 		 15 		 9.408671
b10 		 16 		 9.408671
b10 		 17 		 9.408671
b10 		 18 		 9.408671
b10 		 19 		 9.408671
b10 		 20 		 9.408671
b10 		 21 		 9.408671
b10 		 22 		 9.408671
b10 		 23 		 9.408671
b10 		 24 		 9.408671
b10 		 25 		 9.408671
b10 		 26 		 9.408671
b10 		 27 		 9.408671
b10 		 28 		 9.408671
b10 		 29 		 9.614507
b10 		 30 		 9.614507
b10 		 31 		 9.614507
b10 		 32 		 9.614507
b10 		 33 		 9.614507
b10 		 34 		 9.614507
b10 		 35 		 9.614507
b10 		 36 		 9.614507
b10 		 37 		 9.614507
b10 		 38 		 9.614507
b10 		 39 		 9.614507
b10 		 40 		 9.614507
b10 		 41 		 9.614507
b10 		 42 		 9.614507
b10 		 43 		 9.614507
b10 		 44 		 9.614507
b10 		 45 		 9.614507
b10 		 46 		 9.614507
b10 		 47 		 9.614507
b10 		 48 		 9.614507
b10 		 49 		 9.614507
b10 		 50 		 9.614507
b10 		 51 		 9.614507
b10 		 52 		 9.614507
b10 		 53 		 10.185876
b10 		 54 		 9.614507
b10 		 55 		 9.614507
b10 		 56 		 9.614507
b10 		 57 		 9.614507
b10 		 58 		 10.185876
b10 		 59 		 9.614507
b10 		 60 		 10.185876
b10 		 61 		 10.185876
b10 		 62 		 10.185876
b10 		 63 		 10.185876
b10 		 64 		 10.185876
b10 		 65 		 10.185876
b10 		 66 		 10.185876
b10 		 67 		 10.185876
b10 		 68 		 10.185876
b10 		 69 		 10.185876
b10 		 70 		 10.185876
b10 		 71 		 10.185876
b10 		 72 		 10.185876
b10 		 73 		 10.185876
b10 		 74 		 10.185876
b10 		 75 		 10.185876
b10 		 76 		 10.185876
b10 		 77 		 10.185876
b10 		 78 		 10.185876
b10 		 79 		 10.185876
b10 		 80 		 10.185876
b10 		 81 		 10.185876
b10 		 82 		 9.614507
b10 		 83 		 10.185876
b10 		 84 		 10.185876
b10 		 85 		 9.614507
b10 		 86 		 9.614507
b10 		 87 		 9.614507
b10 		 88 		 9.614507
b10 		 89 		 9.614507
b10 		 90 		 9.614507
b10 		 91 		 9.614507
b10 		 92 		 9.614507
b10 		 93 		 9.614507
b10 		 94 		 9.614507
b10 		 95 		 9.614507
b10 		 96 		 9.614507
----------------------------------------------------------------------------------------------------
b11 		 1 		 9.614507
b11 		 2 		 9.614507
b11 		 3 		 9.614507
b11 		 4 		 9.614507
b11 		 5 		 9.408671
b11 		 6 		 9.408671
b11 		 7 		 9.408671
b11 		 8 		 9.408671
b11 		 9 		 9.408671
b11 		 10 		 9.408671
b11 		 11 		 9.408671
b11 		 12 		 9.408671
b11 		 13 		 9.408671
b11 		 14 		 9.408671
b11 		 15 		 9.408671
b11 		 16 		 9.408671
b11 		 17 		 9.408671
b11 		 18 		 9.408671
b11 		 19 		 9.408671
b11 		 20 		 9.408671
b11 		 21 		 9.408671
b11 		 22 		 9.408671
b11 		 23 		 9.408671
b11 		 24 		 9.408671
b11 		 25 		 9.408671
b11 		 26 		 9.408671
b11 		 27 		 9.408671
b11 		 28 		 9.408671
b11 		 29 		 9.614507
b11 		 30 		 9.614507
b11 		 31 		 9.614507
b11 		 32 		 9.614507
b11 		 33 		 9.614507
b11 		 34 		 9.614507
b11 		 35 		 9.614507
b11 		 36 		 9.614507
b11 		 37 		 9.614507
b11 		 38 		 9.614507
b11 		 39 		 9.614507
b11 		 40 		 9.614507
b11 		 41 		 9.614507
b11 		 42 		 9.614507
b11 		 43 		 9.614507
b11 		 44 		 9.614507
b11 		 45 		 9.614507
b11 		 46 		 9.614507
b11 		 47 		 9.614507
b11 		 48 		 9.614507
b11 		 49 		 9.614507
b11 		 50 		 9.614507
b11 		 51 		 9.614507
b11 		 52 		 9.614507
b11 		 53 		 10.185876
b11 		 54 		 9.614507
b11 		 55 		 9.614507
b11 		 56 		 9.614507
b11 		 57 		 9.614507
b11 		 58 		 10.185876
b11 		 59 		 9.614507
b11 		 60 		 10.185876
b11 		 61 		 10.185876
b11 		 62 		 10.185876
b11 		 63 		 10.185876
b11 		 64 		 10.185876
b11 		 65 		 10.185876
b11 		 66 		 10.185876
b11 		 67 		 10.185876
b11 		 68 		 10.185876
b11 		 69 		 10.185876
b11 		 70 		 10.185876
b11 		 71 		 10.185876
b11 		 72 		 10.185876
b11 		 73 		 10.185876
b11 		 74 		 10.185876
b11 		 75 		 10.185876
b11 		 76 		 10.185876
b11 		 77 		 10.185876
b11 		 78 		 10.185876
b11 		 79 		 10.185876
b11 		 80 		 10.185876
b11 		 81 		 10.185876
b11 		 82 		 9.614507
b11 		 83 		 10.185876
b11 		 84 		 10.185876
b11 		 85 		 9.614507
b11 		 86 		 9.614507
b11 		 87 		 9.614507
b11 		 88 		 9.614507
b11 		 89 		 9.614507
b11 		 90 		 9.614507
b11 		 91 		 9.614507
b11 		 92 		 9.614507
b11 		 93 		 9.614507
b11 		 94 		 9.614507
b11 		 95 		 9.614507
b11 		 96 		 9.614507
----------------------------------------------------------------------------------------------------
b12 		 1 		 9.614507
b12 		 2 		 9.614507
b12 		 3 		 9.614507
b12 		 4 		 9.614507
b12 		 5 		 9.408671
b12 		 6 		 9.408671
b12 		 7 		 9.408671
b12 		 8 		 9.408671
b12 		 9 		 9.408671
b12 		 10 		 9.408671
b12 		 11 		 9.408671
b12 		 12 		 9.408671
b12 		 13 		 9.408671
b12 		 14 		 9.408671
b12 		 15 		 9.408671
b12 		 16 		 9.408671
b12 		 17 		 9.408671
b12 		 18 		 9.408671
b12 		 19 		 9.408671
b12 		 20 		 9.408671
b12 		 21 		 9.408671
b12 		 22 		 9.408671
b12 		 23 		 9.408671
b12 		 24 		 9.408671
b12 		 25 		 9.408671
b12 		 26 		 9.408671
b12 		 27 		 9.408671
b12 		 28 		 9.408671
b12 		 29 		 9.614507
b12 		 30 		 9.614507
b12 		 31 		 9.614507
b12 		 32 		 9.614507
b12 		 33 		 9.614507
b12 		 34 		 9.614507
b12 		 35 		 9.614507
b12 		 36 		 9.614507
b12 		 37 		 9.614507
b12 		 38 		 9.614507
b12 		 39 		 9.614507
b12 		 40 		 9.614507
b12 		 41 		 9.614507
b12 		 42 		 9.614507
b12 		 43 		 9.614507
b12 		 44 		 9.614507
b12 		 45 		 9.614507
b12 		 46 		 9.614507
b12 		 47 		 9.614507
b12 		 48 		 9.614507
b12 		 49 		 9.614507
b12 		 50 		 9.614507
b12 		 51 		 9.614507
b12 		 52 		 9.614507
b12 		 53 		 10.185876
b12 		 54 		 9.614507
b12 		 55 		 9.614507
b12 		 56 		 9.614507
b12 		 57 		 9.614507
b12 		 58 		 10.185876
b12 		 59 		 9.614507
b12 		 60 		 10.185876
b12 		 61 		 10.185876
b12 		 62 		 10.185876
b12 		 63 		 10.185876
b12 		 64 		 10.185876
b12 		 65 		 10.185876
b12 		 66 		 10.185876
b12 		 67 		 10.185876
b12 		 68 		 10.185876
b12 		 69 		 10.185876
b12 		 70 		 10.185876
b12 		 71 		 10.185876
b12 		 72 		 10.185876
b12 		 73 		 10.185876
b12 		 74 		 10.185876
b12 		 75 		 10.185876
b12 		 76 		 10.185876
b12 		 77 		 10.185876
b12 		 78 		 10.185876
b12 		 79 		 10.185876
b12 		 80 		 10.185876
b12 		 81 		 10.185876
b12 		 82 		 9.614507
b12 		 83 		 10.185876
b12 		 84 		 10.185876
b12 		 85 		 9.614507
b12 		 86 		 9.614507
b12 		 87 		 9.614507
b12 		 88 		 9.614507
b12 		 89 		 9.614507
b12 		 90 		 9.614507
b12 		 91 		 9.614507
b12 		 92 		 9.614507
b12 		 93 		 9.614507
b12 		 94 		 9.614507
b12 		 95 		 9.614507
b12 		 96 		 9.614507
----------------------------------------------------------------------------------------------------
b13 		 1 		 9.614507
b13 		 2 		 9.614507
b13 		 3 		 9.614507
b13 		 4 		 9.614507
b13 		 5 		 9.408671
b13 		 6 		 9.408671
b13 		 7 		 9.408671
b13 		 8 		 9.408671
b13 		 9 		 9.408671
b13 		 10 		 9.408671
b13 		 11 		 9.408671
b13 		 12 		 9.408671
b13 		 13 		 9.408671
b13 		 14 		 9.408671
b13 		 15 		 9.408671
b13 		 16 		 9.408671
b13 		 17 		 9.408671
b13 		 18 		 9.408671
b13 		 19 		 9.408671
b13 		 20 		 9.408671
b13 		 21 		 9.408671
b13 		 22 		 9.408671
b13 		 23 		 9.408671
b13 		 24 		 9.408671
b13 		 25 		 9.408671
b13 		 26 		 9.408671
b13 		 27 		 9.408671
b13 		 28 		 9.408671
b13 		 29 		 9.614507
b13 		 30 		 9.614507
b13 		 31 		 9.614507
b13 		 32 		 9.614507
b13 		 33 		 9.614507
b13 		 34 		 9.614507
b13 		 35 		 9.614507
b13 		 36 		 9.614507
b13 		 37 		 9.614507
b13 		 38 		 9.614507
b13 		 39 		 9.614507
b13 		 40 		 9.614507
b13 		 41 		 9.614507
b13 		 42 		 9.614507
b13 		 43 		 9.614507
b13 		 44 		 9.614507
b13 		 45 		 9.614507
b13 		 46 		 9.614507
b13 		 47 		 9.614507
b13 		 48 		 9.614507
b13 		 49 		 9.614507
b13 		 50 		 9.614507
b13 		 51 		 9.614507
b13 		 52 		 9.614507
b13 		 53 		 10.185876
b13 		 54 		 9.614507
b13 		 55 		 9.614507
b13 		 56 		 9.614507
b13 		 57 		 9.614507
b13 		 58 		 10.185876
b13 		 59 		 9.614507
b13 		 60 		 10.185876
b13 		 61 		 10.185876
b13 		 62 		 10.185876
b13 		 63 		 10.185876
b13 		 64 		 10.185876
b13 		 65 		 10.185876
b13 		 66 		 10.185876
b13 		 67 		 10.185876
b13 		 68 		 10.185876
b13 		 69 		 10.185876
b13 		 70 		 10.185876
b13 		 71 		 10.185876
b13 		 72 		 10.185876
b13 		 73 		 10.185876
b13 		 74 		 10.185876
b13 		 75 		 10.185876
b13 		 76 		 10.185876
b13 		 77 		 10.185876
b13 		 78 		 10.185876
b13 		 79 		 10.185876
b13 		 80 		 10.185876
b13 		 81 		 10.185876
b13 		 82 		 9.614507
b13 		 83 		 10.185876
b13 		 84 		 10.185876
b13 		 85 		 9.614507
b13 		 86 		 9.614507
b13 		 87 		 9.614507
b13 		 88 		 9.614507
b13 		 89 		 9.614507
b13 		 90 		 9.614507
b13 		 91 		 9.614507
b13 		 92 		 9.614507
b13 		 93 		 9.614507
b13 		 94 		 9.614507
b13 		 95 		 9.614507
b13 		 96 		 9.614507
----------------------------------------------------------------------------------------------------
b14 		 1 		 9.614507
b14 		 2 		 9.614507
b14 		 3 		 9.614507
b14 		 4 		 9.614507
b14 		 5 		 9.408671
b14 		 6 		 9.408671
b14 		 7 		 9.408671
b14 		 8 		 9.408671
b14 		 9 		 9.408671
b14 		 10 		 9.408671
b14 		 11 		 9.408671
b14 		 12 		 9.408671
b14 		 13 		 9.408671
b14 		 14 		 9.408671
b14 		 15 		 9.408671
b14 		 16 		 9.408671
b14 		 17 		 9.408671
b14 		 18 		 9.408671
b14 		 19 		 9.408671
b14 		 20 		 9.408671
b14 		 21 		 9.408671
b14 		 22 		 9.408671
b14 		 23 		 9.408671
b14 		 24 		 9.408671
b14 		 25 		 9.408671
b14 		 26 		 9.408671
b14 		 27 		 9.408671
b14 		 28 		 9.408671
b14 		 29 		 9.614507
b14 		 30 		 9.614507
b14 		 31 		 9.614507
b14 		 32 		 9.614507
b14 		 33 		 9.614507
b14 		 34 		 9.614507
b14 		 35 		 9.614507
b14 		 36 		 9.614507
b14 		 37 		 9.614507
b14 		 38 		 9.614507
b14 		 39 		 9.614507
b14 		 40 		 9.614507
b14 		 41 		 9.614507
b14 		 42 		 9.614507
b14 		 43 		 9.614507
b14 		 44 		 9.614507
b14 		 45 		 9.614507
b14 		 46 		 9.614507
b14 		 47 		 9.614507
b14 		 48 		 9.614507
b14 		 49 		 9.614507
b14 		 50 		 9.614507
b14 		 51 		 9.614507
b14 		 52 		 9.614507
b14 		 53 		 10.185876
b14 		 54 		 9.614507
b14 		 55 		 9.614507
b14 		 56 		 9.614507
b14 		 57 		 9.614507
b14 		 58 		 10.185876
b14 		 59 		 9.614507
b14 		 60 		 10.185876
b14 		 61 		 10.185876
b14 		 62 		 10.185876
b14 		 63 		 10.185876
b14 		 64 		 10.185876
b14 		 65 		 10.185876
b14 		 66 		 10.185876
b14 		 67 		 10.185876
b14 		 68 		 10.185876
b14 		 69 		 10.185876
b14 		 70 		 10.185876
b14 		 71 		 10.185876
b14 		 72 		 10.185876
b14 		 73 		 10.185876
b14 		 74 		 10.185876
b14 		 75 		 10.185876
b14 		 76 		 10.185876
b14 		 77 		 10.185876
b14 		 78 		 10.185876
b14 		 79 		 10.185876
b14 		 80 		 10.185876
b14 		 81 		 10.185876
b14 		 82 		 9.614507
b14 		 83 		 10.185876
b14 		 84 		 10.185876
b14 		 85 		 9.614507
b14 		 86 		 9.614507
b14 		 87 		 9.614507
b14 		 88 		 9.614507
b14 		 89 		 9.614507
b14 		 90 		 9.614507
b14 		 91 		 9.614507
b14 		 92 		 9.614507
b14 		 93 		 9.614507
b14 		 94 		 9.614507
b14 		 95 		 9.614507
b14 		 96 		 9.614507
----------------------------------------------------------------------------------------------------
Total overall payments
----------------------------------------------------------------------------------------------------------------------------------------------------
total generation payment 	 total up-FRP payment 	 total dw-FRP payment 	 total pre-up t. payment 	 uplift payment 	 total post-up t. payment 	 profit
----------------------------------------------------------------------------------------------------------------------------------------------------
333533.03362400003 			 536.260476 			 0.0 			 334069.29410000006			 42800.973356 			 376870.2674560001 			 30370.026707000005
