****************************************************************************************************
 
Generation payment
----------------------------------------------------------------------------------------------------------------
unit	 time 	 generation payment 	 up-FRP payment 	 dw-FRP payment 	pre-up total payment
----------------------------------------------------------------------------------------------------------------
g1	 1 	 162.037488 			 0.0 			 0.0			 162.037488 
g1	 2 	 112.979505 			 0.0 			 0.0			 112.979505 
g1	 3 	 184.166651 			 0.0 			 0.0			 184.166651 
g1	 4 	 147.344993 			 0.0 			 0.0			 147.344993 
g1	 5 	 145.571287 			 0.0 			 0.0			 145.571287 
g1	 6 	 170.964829 			 0.0 			 0.0			 170.964829 
g1	 7 	 151.013535 			 0.0 			 0.0			 151.013535 
g1	 8 	 177.002599 			 0.0 			 0.0			 177.002599 
g1	 9 	 113.529926 			 0.0 			 0.0			 113.529926 
g1	 10 	 216.940347 			 0.0 			 0.0			 216.940347 
g1	 11 	 129.06192 			 0.0 			 0.0			 129.06192 
g1	 12 	 160.910911 			 0.0 			 0.0			 160.910911 
g1	 13 	 182.223602 			 0.0 			 0.0			 182.223602 
g1	 14 	 148.458102 			 0.0 			 0.0			 148.458102 
g1	 15 	 187.111501 			 0.0 			 0.0			 187.111501 
g1	 16 	 113.883466 			 0.0 			 0.0			 113.883466 
g1	 17 	 192.248936 			 0.0 			 0.0			 192.248936 
g1	 18 	 157.546342 			 0.0 			 0.0			 157.546342 
g1	 19 	 171.458925 			 0.0 			 0.0			 171.458925 
g1	 20 	 170.995614 			 0.0 			 0.0			 170.995614 
g1	 21 	 152.72214 			 0.0 			 0.0			 152.72214 
g1	 22 	 148.651582 			 0.0 			 0.0			 148.651582 
g1	 23 	 193.222546 			 0.0 			 0.0			 193.222546 
g1	 24 	 137.090612 			 0.0 			 0.0			 137.090612 
g1	 25 	 170.961122 			 0.0 			 0.0			 170.961122 
g1	 26 	 153.350517 			 0.0 			 0.0			 153.350517 
g1	 27 	 169.992942 			 0.0 			 0.0			 169.992942 
g1	 28 	 139.260581 			 0.0 			 0.0			 139.260581 
g1	 29 	 134.097961 			 0.0 			 0.0			 134.097961 
g1	 30 	 172.595294 			 0.0 			 0.0			 172.595294 
g1	 31 	 150.505089 			 0.0 			 0.0			 150.505089 
g1	 32 	 183.690742 			 0.0 			 0.0			 183.690742 
g1	 33 	 151.746052 			 0.0 			 0.0			 151.746052 
g1	 34 	 191.131505 			 0.0 			 0.0			 191.131505 
g1	 35 	 173.66035 			 0.0 			 0.0			 173.66035 
g1	 36 	 209.97917 			 0.0 			 0.0			 209.97917 
g1	 37 	 220.740803 			 0.0 			 0.0			 220.740803 
g1	 38 	 127.716582 			 0.0 			 0.0			 127.716582 
g1	 39 	 187.268608 			 0.0 			 0.0			 187.268608 
g1	 40 	 92.564464 			 0.0 			 0.0			 92.564464 
g1	 41 	 245.829464 			 0.0 			 0.0			 245.829464 
g1	 42 	 151.268288 			 0.0 			 0.0			 151.268288 
g1	 43 	 266.33641 			 0.0 			 0.0			 266.33641 
g1	 44 	 139.876184 			 0.0 			 0.0			 139.876184 
g1	 45 	 139.39643 			 0.0 			 0.0			 139.39643 
g1	 46 	 202.127434 			 0.0 			 0.0			 202.127434 
g1	 47 	 117.577344 			 0.0 			 0.0			 117.577344 
g1	 48 	 184.189187 			 0.0 			 0.0			 184.189187 
g1	 49 	 182.896661 			 0.0 			 0.0			 182.896661 
g1	 50 	 200.653079 			 0.0 			 0.0			 200.653079 
g1	 51 	 123.93313 			 0.0 			 0.0			 123.93313 
g1	 52 	 148.599128 			 0.0 			 0.0			 148.599128 
g1	 53 	 203.163938 			 0.0 			 0.0			 203.163938 
g1	 54 	 132.150033 			 0.0 			 0.0			 132.150033 
g1	 55 	 143.439368 			 0.0 			 0.0			 143.439368 
g1	 56 	 173.889656 			 0.0 			 0.0			 173.889656 
g1	 57 	 116.540122 			 0.0 			 0.0			 116.540122 
g1	 58 	 172.152509 			 0.0 			 0.0			 172.152509 
g1	 59 	 121.363874 			 0.0 			 0.0			 121.363874 
g1	 60 	 172.152509 			 0.0 			 0.0			 172.152509 
g1	 61 	 172.152509 			 0.0 			 0.0			 172.152509 
g1	 62 	 172.152509 			 0.0 			 0.0			 172.152509 
g1	 63 	 172.152509 			 0.0 			 0.0			 172.152509 
g1	 64 	 172.152509 			 0.0 			 0.0			 172.152509 
g1	 65 	 172.152509 			 0.0 			 0.0			 172.152509 
g1	 66 	 172.152509 			 0.0 			 0.0			 172.152509 
g1	 67 	 172.152509 			 0.0 			 0.0			 172.152509 
g1	 68 	 172.152509 			 0.0 			 0.0			 172.152509 
g1	 69 	 172.152509 			 0.0 			 0.0			 172.152509 
g1	 70 	 172.152509 			 0.0 			 0.0			 172.152509 
g1	 71 	 172.152509 			 0.0 			 0.0			 172.152509 
g1	 72 	 172.152509 			 0.0 			 0.0			 172.152509 
g1	 73 	 172.152509 			 0.0 			 0.0			 172.152509 
g1	 74 	 186.287169 			 0.0 			 0.0			 186.287169 
g1	 75 	 172.152509 			 0.0 			 0.0			 172.152509 
g1	 76 	 172.152509 			 0.0 			 0.0			 172.152509 
g1	 77 	 172.152509 			 0.0 			 0.0			 172.152509 
g1	 78 	 172.152509 			 0.0 			 0.0			 172.152509 
g1	 79 	 172.152509 			 0.0 			 0.0			 172.152509 
g1	 80 	 172.152509 			 0.0 			 0.0			 172.152509 
g1	 81 	 172.152509 			 0.0 			 0.0			 172.152509 
g1	 82 	 144.012912 			 0.0 			 0.0			 144.012912 
g1	 83 	 172.152509 			 0.0 			 0.0			 172.152509 
g1	 84 	 123.626292 			 0.0 			 0.0			 123.626292 
g1	 85 	 162.495196 			 0.0 			 0.0			 162.495196 
g1	 86 	 202.377267 			 0.0 			 0.0			 202.377267 
g1	 87 	 214.311745 			 0.0 			 0.0			 214.311745 
g1	 88 	 124.921674 			 0.0 			 0.0			 124.921674 
g1	 89 	 477.65563 			 0.0 			 0.0			 477.65563 
g1	 90 	 499.423932 			 0.0 			 0.0			 499.423932 
g1	 91 	 540.016034 			 0.0 			 0.0			 540.016034 
g1	 92 	 541.542645 			 0.0 			 0.0			 541.542645 
g1	 93 	 184.615206 			 0.0 			 0.0			 184.615206 
g1	 94 	 154.535086 			 0.0 			 0.0			 154.535086 
g1	 95 	 175.211939 			 0.0 			 0.0			 175.211939 
g1	 96 	 155.125946 			 0.0 			 0.0			 155.125946 
----------------------------------------------------------------------------------------------------
g2	 1 	 0.0 			 0.0 			 0.0			 0.0 
g2	 2 	 0.0 			 0.0 			 0.0			 0.0 
g2	 3 	 0.0 			 0.0 			 0.0			 0.0 
g2	 4 	 0.0 			 0.0 			 0.0			 0.0 
g2	 5 	 0.0 			 0.0 			 0.0			 0.0 
g2	 6 	 0.0 			 0.0 			 0.0			 0.0 
g2	 7 	 0.0 			 0.0 			 0.0			 0.0 
g2	 8 	 0.0 			 0.0 			 0.0			 0.0 
g2	 9 	 0.0 			 0.0 			 0.0			 0.0 
g2	 10 	 0.0 			 0.0 			 0.0			 0.0 
g2	 11 	 0.0 			 0.0 			 0.0			 0.0 
g2	 12 	 0.0 			 0.0 			 0.0			 0.0 
g2	 13 	 0.0 			 0.0 			 0.0			 0.0 
g2	 14 	 0.0 			 0.0 			 0.0			 0.0 
g2	 15 	 0.0 			 0.0 			 0.0			 0.0 
g2	 16 	 0.0 			 0.0 			 0.0			 0.0 
g2	 17 	 0.0 			 0.0 			 0.0			 0.0 
g2	 18 	 0.0 			 0.0 			 0.0			 0.0 
g2	 19 	 0.0 			 0.0 			 0.0			 0.0 
g2	 20 	 0.0 			 0.0 			 0.0			 0.0 
g2	 21 	 0.0 			 0.0 			 0.0			 0.0 
g2	 22 	 0.0 			 0.0 			 0.0			 0.0 
g2	 23 	 0.0 			 0.0 			 0.0			 0.0 
g2	 24 	 0.0 			 0.0 			 0.0			 0.0 
g2	 25 	 0.0 			 0.0 			 0.0			 0.0 
g2	 26 	 0.0 			 0.0 			 0.0			 0.0 
g2	 27 	 0.0 			 0.0 			 0.0			 0.0 
g2	 28 	 0.0 			 0.0 			 0.0			 0.0 
g2	 29 	 0.0 			 0.0 			 0.0			 0.0 
g2	 30 	 0.0 			 0.0 			 0.0			 0.0 
g2	 31 	 0.0 			 0.0 			 0.0			 0.0 
g2	 32 	 0.0 			 0.0 			 0.0			 0.0 
g2	 33 	 0.191356 			 0.0 			 0.0			 0.191356 
g2	 34 	 21.701904 			 0.0 			 0.0			 21.701904 
g2	 35 	 21.701904 			 0.0 			 0.0			 21.701904 
g2	 36 	 21.701904 			 0.0 			 0.0			 21.701904 
g2	 37 	 21.701904 			 0.0 			 0.0			 21.701904 
g2	 38 	 21.701904 			 0.0 			 0.0			 21.701904 
g2	 39 	 21.701904 			 0.0 			 0.0			 21.701904 
g2	 40 	 21.701904 			 0.0 			 0.0			 21.701904 
g2	 41 	 21.701904 			 0.0 			 0.0			 21.701904 
g2	 42 	 21.701904 			 0.0 			 0.0			 21.701904 
g2	 43 	 21.701904 			 0.0 			 0.0			 21.701904 
g2	 44 	 21.701904 			 0.0 			 0.0			 21.701904 
g2	 45 	 21.701904 			 0.0 			 0.0			 21.701904 
g2	 46 	 21.701904 			 0.0 			 0.0			 21.701904 
g2	 47 	 21.701904 			 0.0 			 0.0			 21.701904 
g2	 48 	 21.701904 			 0.0 			 0.0			 21.701904 
g2	 49 	 21.701904 			 0.0 			 0.0			 21.701904 
g2	 50 	 21.701904 			 0.0 			 0.0			 21.701904 
g2	 51 	 21.701904 			 0.0 			 0.0			 21.701904 
g2	 52 	 21.701904 			 0.0 			 0.0			 21.701904 
g2	 53 	 40.149892 			 0.0 			 0.0			 40.149892 
g2	 54 	 21.701904 			 0.0 			 0.0			 21.701904 
g2	 55 	 21.701904 			 0.0 			 0.0			 21.701904 
g2	 56 	 21.701904 			 0.0 			 0.0			 21.701904 
g2	 57 	 -31.625517 			 0.0 			 0.0			 -31.625517 
g2	 58 	 43.850237 			 0.0 			 0.0			 43.850237 
g2	 59 	 -31.625517 			 0.0 			 0.0			 -31.625517 
g2	 60 	 113.544628 			 0.0 			 0.0			 113.544628 
g2	 61 	 46.292953 			 0.0 			 0.0			 46.292953 
g2	 62 	 -12.430823 			 0.0 			 0.0			 -12.430823 
g2	 63 	 -5.549102 			 0.0 			 0.0			 -5.549102 
g2	 64 	 50.52439 			 0.0 			 0.0			 50.52439 
g2	 65 	 54.491554 			 0.0 			 0.0			 54.491554 
g2	 66 	 77.215479 			 0.0 			 0.0			 77.215479 
g2	 67 	 66.197733 			 0.0 			 0.0			 66.197733 
g2	 68 	 2.499532 			 0.0 			 0.0			 2.499532 
g2	 69 	 -45.704036 			 0.0 			 0.0			 -45.704036 
g2	 70 	 104.843008 			 0.0 			 0.0			 104.843008 
g2	 71 	 -14.225849 			 0.0 			 0.0			 -14.225849 
g2	 72 	 56.392381 			 0.0 			 0.0			 56.392381 
g2	 73 	 39.36289 			 0.0 			 0.0			 39.36289 
g2	 74 	 148.825197 			 0.0 			 0.0			 148.825197 
g2	 75 	 -11.204708 			 0.0 			 0.0			 -11.204708 
g2	 76 	 103.997448 			 0.0 			 0.0			 103.997448 
g2	 77 	 55.525777 			 0.0 			 0.0			 55.525777 
g2	 78 	 38.261797 			 0.0 			 0.0			 38.261797 
g2	 79 	 -22.444231 			 0.0 			 0.0			 -22.444231 
g2	 80 	 47.538909 			 0.0 			 0.0			 47.538909 
g2	 81 	 61.913309 			 0.0 			 0.0			 61.913309 
g2	 82 	 -13.611075 			 0.0 			 0.0			 -13.611075 
g2	 83 	 79.513026 			 0.0 			 0.0			 79.513026 
g2	 84 	 -13.611075 			 0.0 			 0.0			 -13.611075 
g2	 85 	 21.701904 			 0.0 			 0.0			 21.701904 
g2	 86 	 21.701904 			 0.0 			 0.0			 21.701904 
g2	 87 	 21.701904 			 0.0 			 0.0			 21.701904 
g2	 88 	 21.701904 			 0.0 			 0.0			 21.701904 
g2	 89 	 -346.520629 			 0.0 			 0.0			 -346.520629 
g2	 90 	 -346.520629 			 0.0 			 0.0			 -346.520629 
g2	 91 	 -346.520629 			 0.0 			 0.0			 -346.520629 
g2	 92 	 -346.520629 			 0.0 			 0.0			 -346.520629 
g2	 93 	 0.0 			 0.0 			 0.0			 0.0 
g2	 94 	 0.0 			 0.0 			 0.0			 0.0 
g2	 95 	 0.0 			 0.0 			 0.0			 0.0 
g2	 96 	 0.0 			 0.0 			 0.0			 0.0 
----------------------------------------------------------------------------------------------------
g3	 1 	 0.0 			 0.0 			 0.0			 0.0 
g3	 2 	 0.0 			 0.0 			 0.0			 0.0 
g3	 3 	 0.0 			 0.0 			 0.0			 0.0 
g3	 4 	 0.0 			 0.0 			 0.0			 0.0 
g3	 5 	 0.0 			 0.0 			 0.0			 0.0 
g3	 6 	 0.0 			 0.0 			 0.0			 0.0 
g3	 7 	 0.0 			 0.0 			 0.0			 0.0 
g3	 8 	 0.0 			 0.0 			 0.0			 0.0 
g3	 9 	 0.0 			 0.0 			 0.0			 0.0 
g3	 10 	 0.0 			 0.0 			 0.0			 0.0 
g3	 11 	 0.0 			 0.0 			 0.0			 0.0 
g3	 12 	 0.0 			 0.0 			 0.0			 0.0 
g3	 13 	 0.0 			 0.0 			 0.0			 0.0 
g3	 14 	 0.0 			 0.0 			 0.0			 0.0 
g3	 15 	 0.0 			 0.0 			 0.0			 0.0 
g3	 16 	 0.0 			 0.0 			 0.0			 0.0 
g3	 17 	 0.0 			 0.0 			 0.0			 0.0 
g3	 18 	 0.0 			 0.0 			 0.0			 0.0 
g3	 19 	 0.0 			 0.0 			 0.0			 0.0 
g3	 20 	 0.0 			 0.0 			 0.0			 0.0 
g3	 21 	 0.0 			 0.0 			 0.0			 0.0 
g3	 22 	 0.0 			 0.0 			 0.0			 0.0 
g3	 23 	 0.0 			 0.0 			 0.0			 0.0 
g3	 24 	 0.0 			 0.0 			 0.0			 0.0 
g3	 25 	 0.0 			 0.0 			 0.0			 0.0 
g3	 26 	 0.0 			 0.0 			 0.0			 0.0 
g3	 27 	 0.0 			 0.0 			 0.0			 0.0 
g3	 28 	 0.0 			 0.0 			 0.0			 0.0 
g3	 29 	 0.0 			 0.0 			 0.0			 0.0 
g3	 30 	 0.0 			 0.0 			 0.0			 0.0 
g3	 31 	 0.0 			 0.0 			 0.0			 0.0 
g3	 32 	 0.0 			 0.0 			 0.0			 0.0 
g3	 33 	 0.0 			 0.0 			 0.0			 0.0 
g3	 34 	 0.0 			 0.0 			 0.0			 0.0 
g3	 35 	 0.0 			 0.0 			 0.0			 0.0 
g3	 36 	 0.0 			 0.0 			 0.0			 0.0 
g3	 37 	 0.0 			 0.0 			 0.0			 0.0 
g3	 38 	 0.0 			 0.0 			 0.0			 0.0 
g3	 39 	 0.0 			 0.0 			 0.0			 0.0 
g3	 40 	 0.0 			 0.0 			 0.0			 0.0 
g3	 41 	 15.56631 			 0.0 			 0.0			 15.56631 
g3	 42 	 15.56631 			 0.0 			 0.0			 15.56631 
g3	 43 	 15.56631 			 0.0 			 0.0			 15.56631 
g3	 44 	 15.56631 			 0.0 			 0.0			 15.56631 
g3	 45 	 15.56631 			 0.0 			 0.0			 15.56631 
g3	 46 	 15.56631 			 0.0 			 0.0			 15.56631 
g3	 47 	 15.56631 			 0.0 			 0.0			 15.56631 
g3	 48 	 15.56631 			 0.0 			 0.0			 15.56631 
g3	 49 	 15.56631 			 0.0 			 0.0			 15.56631 
g3	 50 	 15.56631 			 0.0 			 0.0			 15.56631 
g3	 51 	 15.56631 			 0.0 			 0.0			 15.56631 
g3	 52 	 15.56631 			 0.0 			 0.0			 15.56631 
g3	 53 	 16.491381 			 0.0 			 0.0			 16.491381 
g3	 54 	 15.56631 			 0.0 			 0.0			 15.56631 
g3	 55 	 15.56631 			 0.0 			 0.0			 15.56631 
g3	 56 	 15.56631 			 0.0 			 0.0			 15.56631 
g3	 57 	 15.56631 			 0.0 			 0.0			 15.56631 
g3	 58 	 16.491381 			 0.0 			 0.0			 16.491381 
g3	 59 	 15.56631 			 0.0 			 0.0			 15.56631 
g3	 60 	 16.491381 			 0.0 			 0.0			 16.491381 
g3	 61 	 16.491381 			 0.0 			 0.0			 16.491381 
g3	 62 	 16.491381 			 0.0 			 0.0			 16.491381 
g3	 63 	 16.491381 			 0.0 			 0.0			 16.491381 
g3	 64 	 16.491381 			 0.0 			 0.0			 16.491381 
g3	 65 	 16.491381 			 0.0 			 0.0			 16.491381 
g3	 66 	 16.491381 			 0.0 			 0.0			 16.491381 
g3	 67 	 16.491381 			 0.0 			 0.0			 16.491381 
g3	 68 	 16.491381 			 0.0 			 0.0			 16.491381 
g3	 69 	 16.491381 			 0.0 			 0.0			 16.491381 
g3	 70 	 16.491381 			 0.0 			 0.0			 16.491381 
g3	 71 	 16.491381 			 0.0 			 0.0			 16.491381 
g3	 72 	 16.491381 			 0.0 			 0.0			 16.491381 
g3	 73 	 0.0 			 0.0 			 0.0			 0.0 
g3	 74 	 0.0 			 0.0 			 0.0			 0.0 
g3	 75 	 0.0 			 0.0 			 0.0			 0.0 
g3	 76 	 0.0 			 0.0 			 0.0			 0.0 
g3	 77 	 0.0 			 0.0 			 0.0			 0.0 
g3	 78 	 0.0 			 0.0 			 0.0			 0.0 
g3	 79 	 0.0 			 0.0 			 0.0			 0.0 
g3	 80 	 0.0 			 0.0 			 0.0			 0.0 
g3	 81 	 0.0 			 0.0 			 0.0			 0.0 
g3	 82 	 0.0 			 0.0 			 0.0			 0.0 
g3	 83 	 0.0 			 0.0 			 0.0			 0.0 
g3	 84 	 0.0 			 0.0 			 0.0			 0.0 
g3	 85 	 0.0 			 0.0 			 0.0			 0.0 
g3	 86 	 0.0 			 0.0 			 0.0			 0.0 
g3	 87 	 0.0 			 0.0 			 0.0			 0.0 
g3	 88 	 0.0 			 0.0 			 0.0			 0.0 
g3	 89 	 0.0 			 0.0 			 0.0			 0.0 
g3	 90 	 0.0 			 0.0 			 0.0			 0.0 
g3	 91 	 0.0 			 0.0 			 0.0			 0.0 
g3	 92 	 0.0 			 0.0 			 0.0			 0.0 
g3	 93 	 0.0 			 0.0 			 0.0			 0.0 
g3	 94 	 0.0 			 0.0 			 0.0			 0.0 
g3	 95 	 0.0 			 0.0 			 0.0			 0.0 
g3	 96 	 0.0 			 0.0 			 0.0			 0.0 
----------------------------------------------------------------------------------------------------
g4	 1 	 0.0 			 0.0 			 0.0			 0.0 
g4	 2 	 0.0 			 0.0 			 0.0			 0.0 
g4	 3 	 0.0 			 0.0 			 0.0			 0.0 
g4	 4 	 0.0 			 0.0 			 0.0			 0.0 
g4	 5 	 0.0 			 0.0 			 0.0			 0.0 
g4	 6 	 0.0 			 0.0 			 0.0			 0.0 
g4	 7 	 0.0 			 0.0 			 0.0			 0.0 
g4	 8 	 0.0 			 0.0 			 0.0			 0.0 
g4	 9 	 0.0 			 0.0 			 0.0			 0.0 
g4	 10 	 0.0 			 0.0 			 0.0			 0.0 
g4	 11 	 0.0 			 0.0 			 0.0			 0.0 
g4	 12 	 0.0 			 0.0 			 0.0			 0.0 
g4	 13 	 0.0 			 0.0 			 0.0			 0.0 
g4	 14 	 0.0 			 0.0 			 0.0			 0.0 
g4	 15 	 0.0 			 0.0 			 0.0			 0.0 
g4	 16 	 0.0 			 0.0 			 0.0			 0.0 
g4	 17 	 0.0 			 0.0 			 0.0			 0.0 
g4	 18 	 0.0 			 0.0 			 0.0			 0.0 
g4	 19 	 0.0 			 0.0 			 0.0			 0.0 
g4	 20 	 0.0 			 0.0 			 0.0			 0.0 
g4	 21 	 0.0 			 0.0 			 0.0			 0.0 
g4	 22 	 0.0 			 0.0 			 0.0			 0.0 
g4	 23 	 0.0 			 0.0 			 0.0			 0.0 
g4	 24 	 0.0 			 0.0 			 0.0			 0.0 
g4	 25 	 0.0 			 0.0 			 0.0			 0.0 
g4	 26 	 0.0 			 0.0 			 0.0			 0.0 
g4	 27 	 0.0 			 0.0 			 0.0			 0.0 
g4	 28 	 0.0 			 0.0 			 0.0			 0.0 
g4	 29 	 0.0 			 0.0 			 0.0			 0.0 
g4	 30 	 0.0 			 0.0 			 0.0			 0.0 
g4	 31 	 0.0 			 0.0 			 0.0			 0.0 
g4	 32 	 0.0 			 0.0 			 0.0			 0.0 
g4	 33 	 0.0 			 0.0 			 0.0			 0.0 
g4	 34 	 0.0 			 0.0 			 0.0			 0.0 
g4	 35 	 0.0 			 0.0 			 0.0			 0.0 
g4	 36 	 0.0 			 0.0 			 0.0			 0.0 
g4	 37 	 0.0 			 0.0 			 0.0			 0.0 
g4	 38 	 0.0 			 0.0 			 0.0			 0.0 
g4	 39 	 0.0 			 0.0 			 0.0			 0.0 
g4	 40 	 0.0 			 0.0 			 0.0			 0.0 
g4	 41 	 0.0 			 0.0 			 0.0			 0.0 
g4	 42 	 0.0 			 0.0 			 0.0			 0.0 
g4	 43 	 0.0 			 0.0 			 0.0			 0.0 
g4	 44 	 0.0 			 0.0 			 0.0			 0.0 
g4	 45 	 0.0 			 0.0 			 0.0			 0.0 
g4	 46 	 0.0 			 0.0 			 0.0			 0.0 
g4	 47 	 0.0 			 0.0 			 0.0			 0.0 
g4	 48 	 0.0 			 0.0 			 0.0			 0.0 
g4	 49 	 0.0 			 0.0 			 0.0			 0.0 
g4	 50 	 0.0 			 0.0 			 0.0			 0.0 
g4	 51 	 0.0 			 0.0 			 0.0			 0.0 
g4	 52 	 0.0 			 0.0 			 0.0			 0.0 
g4	 53 	 0.0 			 0.0 			 0.0			 0.0 
g4	 54 	 0.0 			 0.0 			 0.0			 0.0 
g4	 55 	 0.0 			 0.0 			 0.0			 0.0 
g4	 56 	 0.0 			 0.0 			 0.0			 0.0 
g4	 57 	 0.0 			 0.0 			 0.0			 0.0 
g4	 58 	 0.0 			 0.0 			 0.0			 0.0 
g4	 59 	 0.0 			 0.0 			 0.0			 0.0 
g4	 60 	 0.0 			 0.0 			 0.0			 0.0 
g4	 61 	 0.0 			 0.0 			 0.0			 0.0 
g4	 62 	 0.0 			 0.0 			 0.0			 0.0 
g4	 63 	 0.0 			 0.0 			 0.0			 0.0 
g4	 64 	 0.0 			 0.0 			 0.0			 0.0 
g4	 65 	 0.0 			 0.0 			 0.0			 0.0 
g4	 66 	 0.0 			 0.0 			 0.0			 0.0 
g4	 67 	 0.0 			 0.0 			 0.0			 0.0 
g4	 68 	 0.0 			 0.0 			 0.0			 0.0 
g4	 69 	 0.0 			 0.0 			 0.0			 0.0 
g4	 70 	 0.0 			 0.0 			 0.0			 0.0 
g4	 71 	 0.0 			 0.0 			 0.0			 0.0 
g4	 72 	 0.0 			 0.0 			 0.0			 0.0 
g4	 73 	 0.0 			 0.0 			 0.0			 0.0 
g4	 74 	 0.0 			 0.0 			 0.0			 0.0 
g4	 75 	 0.0 			 0.0 			 0.0			 0.0 
g4	 76 	 0.0 			 0.0 			 0.0			 0.0 
g4	 77 	 0.0 			 0.0 			 0.0			 0.0 
g4	 78 	 0.0 			 0.0 			 0.0			 0.0 
g4	 79 	 0.0 			 0.0 			 0.0			 0.0 
g4	 80 	 0.0 			 0.0 			 0.0			 0.0 
g4	 81 	 0.0 			 0.0 			 0.0			 0.0 
g4	 82 	 0.0 			 0.0 			 0.0			 0.0 
g4	 83 	 0.0 			 0.0 			 0.0			 0.0 
g4	 84 	 0.0 			 0.0 			 0.0			 0.0 
g4	 85 	 0.0 			 0.0 			 0.0			 0.0 
g4	 86 	 0.0 			 0.0 			 0.0			 0.0 
g4	 87 	 0.0 			 0.0 			 0.0			 0.0 
g4	 88 	 0.0 			 0.0 			 0.0			 0.0 
g4	 89 	 0.0 			 0.0 			 0.0			 0.0 
g4	 90 	 0.0 			 0.0 			 0.0			 0.0 
g4	 91 	 0.0 			 0.0 			 0.0			 0.0 
g4	 92 	 0.0 			 0.0 			 0.0			 0.0 
g4	 93 	 0.0 			 0.0 			 0.0			 0.0 
g4	 94 	 0.0 			 0.0 			 0.0			 0.0 
g4	 95 	 0.0 			 0.0 			 0.0			 0.0 
g4	 96 	 0.0 			 0.0 			 0.0			 0.0 
----------------------------------------------------------------------------------------------------
g5	 1 	 0.0 			 0.0 			 0.0			 0.0 
g5	 2 	 0.0 			 0.0 			 0.0			 0.0 
g5	 3 	 0.0 			 0.0 			 0.0			 0.0 
g5	 4 	 0.0 			 0.0 			 0.0			 0.0 
g5	 5 	 0.0 			 0.0 			 0.0			 0.0 
g5	 6 	 0.0 			 0.0 			 0.0			 0.0 
g5	 7 	 0.0 			 0.0 			 0.0			 0.0 
g5	 8 	 0.0 			 0.0 			 0.0			 0.0 
g5	 9 	 0.0 			 0.0 			 0.0			 0.0 
g5	 10 	 0.0 			 0.0 			 0.0			 0.0 
g5	 11 	 0.0 			 0.0 			 0.0			 0.0 
g5	 12 	 0.0 			 0.0 			 0.0			 0.0 
g5	 13 	 0.0 			 0.0 			 0.0			 0.0 
g5	 14 	 0.0 			 0.0 			 0.0			 0.0 
g5	 15 	 0.0 			 0.0 			 0.0			 0.0 
g5	 16 	 0.0 			 0.0 			 0.0			 0.0 
g5	 17 	 0.0 			 0.0 			 0.0			 0.0 
g5	 18 	 0.0 			 0.0 			 0.0			 0.0 
g5	 19 	 0.0 			 0.0 			 0.0			 0.0 
g5	 20 	 0.0 			 0.0 			 0.0			 0.0 
g5	 21 	 21.893178 			 0.0 			 0.0			 21.893178 
g5	 22 	 21.893178 			 0.0 			 0.0			 21.893178 
g5	 23 	 21.893178 			 0.0 			 0.0			 21.893178 
g5	 24 	 21.893178 			 0.0 			 0.0			 21.893178 
g5	 25 	 21.893178 			 0.0 			 0.0			 21.893178 
g5	 26 	 21.893178 			 0.0 			 0.0			 21.893178 
g5	 27 	 21.893178 			 0.0 			 0.0			 21.893178 
g5	 28 	 21.893178 			 0.0 			 0.0			 21.893178 
g5	 29 	 22.372141 			 0.0 			 0.0			 22.372141 
g5	 30 	 22.372141 			 0.0 			 0.0			 22.372141 
g5	 31 	 22.372141 			 0.0 			 0.0			 22.372141 
g5	 32 	 22.372141 			 0.0 			 0.0			 22.372141 
g5	 33 	 22.007089 			 0.0 			 0.0			 22.007089 
g5	 34 	 22.372141 			 0.0 			 0.0			 22.372141 
g5	 35 	 22.372141 			 0.0 			 0.0			 22.372141 
g5	 36 	 22.372141 			 0.0 			 0.0			 22.372141 
g5	 37 	 22.372141 			 0.0 			 0.0			 22.372141 
g5	 38 	 22.372141 			 0.0 			 0.0			 22.372141 
g5	 39 	 22.372141 			 0.0 			 0.0			 22.372141 
g5	 40 	 22.372141 			 0.0 			 0.0			 22.372141 
g5	 41 	 22.372141 			 0.0 			 0.0			 22.372141 
g5	 42 	 22.372141 			 0.0 			 0.0			 22.372141 
g5	 43 	 22.372141 			 0.0 			 0.0			 22.372141 
g5	 44 	 22.372141 			 0.0 			 0.0			 22.372141 
g5	 45 	 22.372141 			 0.0 			 0.0			 22.372141 
g5	 46 	 22.372141 			 0.0 			 0.0			 22.372141 
g5	 47 	 22.372141 			 0.0 			 0.0			 22.372141 
g5	 48 	 22.372141 			 0.0 			 0.0			 22.372141 
g5	 49 	 22.372141 			 0.0 			 0.0			 22.372141 
g5	 50 	 22.372141 			 0.0 			 0.0			 22.372141 
g5	 51 	 22.372141 			 0.0 			 0.0			 22.372141 
g5	 52 	 22.372141 			 0.0 			 0.0			 22.372141 
g5	 53 	 23.701668 			 0.0 			 0.0			 23.701668 
g5	 54 	 22.372141 			 0.0 			 0.0			 22.372141 
g5	 55 	 22.372141 			 0.0 			 0.0			 22.372141 
g5	 56 	 22.372141 			 0.0 			 0.0			 22.372141 
g5	 57 	 22.372141 			 0.0 			 0.0			 22.372141 
g5	 58 	 23.701668 			 0.0 			 0.0			 23.701668 
g5	 59 	 22.372141 			 0.0 			 0.0			 22.372141 
g5	 60 	 23.701668 			 0.0 			 0.0			 23.701668 
g5	 61 	 23.701668 			 0.0 			 0.0			 23.701668 
g5	 62 	 23.701668 			 0.0 			 0.0			 23.701668 
g5	 63 	 23.701668 			 0.0 			 0.0			 23.701668 
g5	 64 	 23.701668 			 0.0 			 0.0			 23.701668 
g5	 65 	 23.701668 			 0.0 			 0.0			 23.701668 
g5	 66 	 23.701668 			 0.0 			 0.0			 23.701668 
g5	 67 	 23.701668 			 0.0 			 0.0			 23.701668 
g5	 68 	 23.701668 			 0.0 			 0.0			 23.701668 
g5	 69 	 23.701668 			 0.0 			 0.0			 23.701668 
g5	 70 	 23.701668 			 0.0 			 0.0			 23.701668 
g5	 71 	 23.701668 			 0.0 			 0.0			 23.701668 
g5	 72 	 23.701668 			 0.0 			 0.0			 23.701668 
g5	 73 	 23.701668 			 0.0 			 0.0			 23.701668 
g5	 74 	 47.027835 			 0.0 			 0.0			 47.027835 
g5	 75 	 23.701668 			 0.0 			 0.0			 23.701668 
g5	 76 	 23.701668 			 0.0 			 0.0			 23.701668 
g5	 77 	 23.701668 			 0.0 			 0.0			 23.701668 
g5	 78 	 23.701668 			 0.0 			 0.0			 23.701668 
g5	 79 	 23.701668 			 0.0 			 0.0			 23.701668 
g5	 80 	 23.701668 			 0.0 			 0.0			 23.701668 
g5	 81 	 23.701668 			 0.0 			 0.0			 23.701668 
g5	 82 	 22.372141 			 0.0 			 0.0			 22.372141 
g5	 83 	 23.701668 			 0.0 			 0.0			 23.701668 
g5	 84 	 22.372141 			 0.0 			 0.0			 22.372141 
g5	 85 	 22.372141 			 0.0 			 0.0			 22.372141 
g5	 86 	 22.372141 			 0.0 			 0.0			 22.372141 
g5	 87 	 22.372141 			 0.0 			 0.0			 22.372141 
g5	 88 	 22.372141 			 0.0 			 0.0			 22.372141 
g5	 89 	 0.0 			 0.0 			 0.0			 0.0 
g5	 90 	 0.0 			 0.0 			 0.0			 0.0 
g5	 91 	 0.0 			 0.0 			 0.0			 0.0 
g5	 92 	 0.0 			 0.0 			 0.0			 0.0 
g5	 93 	 0.0 			 0.0 			 0.0			 0.0 
g5	 94 	 0.0 			 0.0 			 0.0			 0.0 
g5	 95 	 0.0 			 0.0 			 0.0			 0.0 
g5	 96 	 0.0 			 0.0 			 0.0			 0.0 
----------------------------------------------------------------------------------------------------------------
unit 	 generation payment 	 up-FRP payment 	 dw-FRP payment 	pre-up total payment
----------------------------------------------------------------------------------------------------------------
 g1 	 17295.295251			 0.000000			 0.000000			 17295.295251
 g2 	 207.266551			 0.000000			 0.000000			 207.266551
 g3 	 511.997985			 0.000000			 0.000000			 511.997985
 g4 	 0.000000			 0.000000			 0.000000			 0.000000
 g5 	 1573.673174			 0.000000			 0.000000			 1573.673174
----------------------------------------------------------------------------------------------------
generation payment 	 up-FRP payment 	 dw-FRP payment 	 pre-up total payment
----------------------------------------------------------------------------------------------------
19588.232961 			 0.0 			 0.0 			 19588.232961
 
****************************************************************************************************
 
Generation costs
----------------------------------------------------------------------------------------------------
unit	 time 	 generation cost 	 start-up cost  	total cost
----------------------------------------------------------------------------------------------------
g1	 1 	 2392.750929 			 0.0 			2392.750929
g1	 2 	 2343.69294 			 0.0 			2343.69294
g1	 3 	 2414.880091 			 0.0 			2414.880091
g1	 4 	 2378.058428 			 0.0 			2378.058428
g1	 5 	 2255.909571 			 0.0 			2255.909571
g1	 6 	 2281.303117 			 0.0 			2281.303117
g1	 7 	 2261.351821 			 0.0 			2261.351821
g1	 8 	 2287.340888 			 0.0 			2287.340888
g1	 9 	 2110.739292 			 0.0 			2110.739292
g1	 10 	 2214.149714 			 0.0 			2214.149714
g1	 11 	 2126.271282 			 0.0 			2126.271282
g1	 12 	 2158.120275 			 0.0 			2158.120275
g1	 13 	 2122.571007 			 0.0 			2122.571007
g1	 14 	 2088.805505 			 0.0 			2088.805505
g1	 15 	 2127.458905 			 0.0 			2127.458905
g1	 16 	 2054.230868 			 0.0 			2054.230868
g1	 17 	 2147.470506 			 0.0 			2147.470506
g1	 18 	 2112.767916 			 0.0 			2112.767916
g1	 19 	 2126.680496 			 0.0 			2126.680496
g1	 20 	 2126.217188 			 0.0 			2126.217188
g1	 21 	 2017.978507 			 0.0 			2017.978507
g1	 22 	 2013.907945 			 0.0 			2013.907945
g1	 23 	 2058.47891 			 0.0 			2058.47891
g1	 24 	 2002.346977 			 0.0 			2002.346977
g1	 25 	 2243.266303 			 0.0 			2243.266303
g1	 26 	 2225.655697 			 0.0 			2225.655697
g1	 27 	 2242.29812 			 0.0 			2242.29812
g1	 28 	 2211.565758 			 0.0 			2211.565758
g1	 29 	 2395.603915 			 0.0 			2395.603915
g1	 30 	 2434.101251 			 0.0 			2434.101251
g1	 31 	 2412.011042 			 0.0 			2412.011042
g1	 32 	 2445.196696 			 0.0 			2445.196696
g1	 33 	 2313.086426 			 0.0 			2313.086426
g1	 34 	 2349.954732 			 0.0 			2349.954732
g1	 35 	 2332.48358 			 0.0 			2332.48358
g1	 36 	 2368.802397 			 0.0 			2368.802397
g1	 37 	 2582.370241 			 0.0 			2582.370241
g1	 38 	 2489.346015 			 0.0 			2489.346015
g1	 39 	 2548.898044 			 0.0 			2548.898044
g1	 40 	 2454.193895 			 0.0 			2454.193895
g1	 41 	 2637.198712 			 0.0 			2637.198712
g1	 42 	 2542.637538 			 0.0 			2542.637538
g1	 43 	 2657.705662 			 0.0 			2657.705662
g1	 44 	 2531.245431 			 0.0 			2531.245431
g1	 45 	 2714.29018 			 0.0 			2714.29018
g1	 46 	 2777.021184 			 0.0 			2777.021184
g1	 47 	 2692.47109 			 0.0 			2692.47109
g1	 48 	 2759.082938 			 0.0 			2759.082938
g1	 49 	 2922.206853 			 0.0 			2922.206853
g1	 50 	 2939.963269 			 0.0 			2939.963269
g1	 51 	 2863.243319 			 0.0 			2863.243319
g1	 52 	 2887.909321 			 0.0 			2887.909321
g1	 53 	 3058.233409 			 0.0 			3058.233409
g1	 54 	 2998.615829 			 0.0 			2998.615829
g1	 55 	 3009.905168 			 0.0 			3009.905168
g1	 56 	 3040.355453 			 0.0 			3040.355453
g1	 57 	 3012.277786 			 0.0 			3012.277786
g1	 58 	 3058.233409 			 0.0 			3058.233409
g1	 59 	 3017.101541 			 0.0 			3017.101541
g1	 60 	 3058.233409 			 0.0 			3058.233409
g1	 61 	 3058.233409 			 0.0 			3058.233409
g1	 62 	 3058.233409 			 0.0 			3058.233409
g1	 63 	 3058.233409 			 0.0 			3058.233409
g1	 64 	 3058.233409 			 0.0 			3058.233409
g1	 65 	 3058.233409 			 0.0 			3058.233409
g1	 66 	 3058.233409 			 0.0 			3058.233409
g1	 67 	 3058.233409 			 0.0 			3058.233409
g1	 68 	 3058.233409 			 0.0 			3058.233409
g1	 69 	 3058.233409 			 0.0 			3058.233409
g1	 70 	 3058.233409 			 0.0 			3058.233409
g1	 71 	 3058.233409 			 0.0 			3058.233409
g1	 72 	 3058.233409 			 0.0 			3058.233409
g1	 73 	 3058.233409 			 0.0 			3058.233409
g1	 74 	 3058.233409 			 0.0 			3058.233409
g1	 75 	 3058.233409 			 0.0 			3058.233409
g1	 76 	 3058.233409 			 0.0 			3058.233409
g1	 77 	 3058.233409 			 0.0 			3058.233409
g1	 78 	 3058.233409 			 0.0 			3058.233409
g1	 79 	 3058.233409 			 0.0 			3058.233409
g1	 80 	 3058.233409 			 0.0 			3058.233409
g1	 81 	 3058.233409 			 0.0 			3058.233409
g1	 82 	 3039.750577 			 0.0 			3039.750577
g1	 83 	 3058.233409 			 0.0 			3058.233409
g1	 84 	 3019.36396 			 0.0 			3019.36396
g1	 85 	 2857.908398 			 0.0 			2857.908398
g1	 86 	 2897.790475 			 0.0 			2897.790475
g1	 87 	 2909.724954 			 0.0 			2909.724954
g1	 88 	 2820.334877 			 0.0 			2820.334877
g1	 89 	 2687.546384 			 0.0 			2687.546384
g1	 90 	 2709.314689 			 0.0 			2709.314689
g1	 91 	 2749.906797 			 0.0 			2749.906797
g1	 92 	 2751.433404 			 0.0 			2751.433404
g1	 93 	 2829.105689 			 0.0 			2829.105689
g1	 94 	 2799.025572 			 0.0 			2799.025572
g1	 95 	 2819.70243 			 0.0 			2819.70243
g1	 96 	 2799.616431 			 0.0 			2799.616431
----------------------------------------------------------------------------------------------------
g2	 1 	 0.0 			 0.0 			0.0
g2	 2 	 0.0 			 0.0 			0.0
g2	 3 	 0.0 			 0.0 			0.0
g2	 4 	 0.0 			 0.0 			0.0
g2	 5 	 0.0 			 0.0 			0.0
g2	 6 	 0.0 			 0.0 			0.0
g2	 7 	 0.0 			 0.0 			0.0
g2	 8 	 0.0 			 0.0 			0.0
g2	 9 	 0.0 			 0.0 			0.0
g2	 10 	 0.0 			 0.0 			0.0
g2	 11 	 0.0 			 0.0 			0.0
g2	 12 	 0.0 			 0.0 			0.0
g2	 13 	 0.0 			 0.0 			0.0
g2	 14 	 0.0 			 0.0 			0.0
g2	 15 	 0.0 			 0.0 			0.0
g2	 16 	 0.0 			 0.0 			0.0
g2	 17 	 0.0 			 0.0 			0.0
g2	 18 	 0.0 			 0.0 			0.0
g2	 19 	 0.0 			 0.0 			0.0
g2	 20 	 0.0 			 0.0 			0.0
g2	 21 	 0.0 			 0.0 			0.0
g2	 22 	 0.0 			 0.0 			0.0
g2	 23 	 0.0 			 0.0 			0.0
g2	 24 	 0.0 			 0.0 			0.0
g2	 25 	 0.0 			 0.0 			0.0
g2	 26 	 0.0 			 0.0 			0.0
g2	 27 	 0.0 			 0.0 			0.0
g2	 28 	 0.0 			 0.0 			0.0
g2	 29 	 0.0 			 0.0 			0.0
g2	 30 	 0.0 			 0.0 			0.0
g2	 31 	 0.0 			 0.0 			0.0
g2	 32 	 0.0 			 0.0 			0.0
g2	 33 	 513.615216 			 10598.13 			11111.745216
g2	 34 	 534.771644 			 0.0 			534.771644
g2	 35 	 534.771644 			 0.0 			534.771644
g2	 36 	 534.771644 			 0.0 			534.771644
g2	 37 	 534.771644 			 0.0 			534.771644
g2	 38 	 534.771644 			 0.0 			534.771644
g2	 39 	 534.771644 			 0.0 			534.771644
g2	 40 	 534.771644 			 0.0 			534.771644
g2	 41 	 534.771644 			 0.0 			534.771644
g2	 42 	 534.771644 			 0.0 			534.771644
g2	 43 	 534.771644 			 0.0 			534.771644
g2	 44 	 534.771644 			 0.0 			534.771644
g2	 45 	 534.771644 			 0.0 			534.771644
g2	 46 	 534.771644 			 0.0 			534.771644
g2	 47 	 534.771644 			 0.0 			534.771644
g2	 48 	 534.771644 			 0.0 			534.771644
g2	 49 	 534.771644 			 0.0 			534.771644
g2	 50 	 534.771644 			 0.0 			534.771644
g2	 51 	 534.771644 			 0.0 			534.771644
g2	 52 	 534.771644 			 0.0 			534.771644
g2	 53 	 551.92993 			 0.0 			551.92993
g2	 54 	 534.771644 			 0.0 			534.771644
g2	 55 	 534.771644 			 0.0 			534.771644
g2	 56 	 534.771644 			 0.0 			534.771644
g2	 57 	 534.771644 			 0.0 			534.771644
g2	 58 	 612.126831 			 0.0 			612.126831
g2	 59 	 534.771644 			 0.0 			534.771644
g2	 60 	 681.821222 			 0.0 			681.821222
g2	 61 	 654.688653 			 0.0 			654.688653
g2	 62 	 595.964885 			 0.0 			595.964885
g2	 63 	 602.846603 			 0.0 			602.846603
g2	 64 	 658.920096 			 0.0 			658.920096
g2	 65 	 724.26235 			 0.0 			724.26235
g2	 66 	 746.98628 			 0.0 			746.98628
g2	 67 	 735.968532 			 0.0 			735.968532
g2	 68 	 672.270333 			 0.0 			672.270333
g2	 69 	 601.614751 			 0.0 			601.614751
g2	 70 	 752.161791 			 0.0 			752.161791
g2	 71 	 633.092943 			 0.0 			633.092943
g2	 72 	 703.711168 			 0.0 			703.711168
g2	 73 	 755.840784 			 0.0 			755.840784
g2	 74 	 854.010884 			 0.0 			854.010884
g2	 75 	 705.273193 			 0.0 			705.273193
g2	 76 	 820.475342 			 0.0 			820.475342
g2	 77 	 650.357836 			 0.0 			650.357836
g2	 78 	 633.093859 			 0.0 			633.093859
g2	 79 	 572.387829 			 0.0 			572.387829
g2	 80 	 642.370968 			 0.0 			642.370968
g2	 81 	 611.104902 			 0.0 			611.104902
g2	 82 	 534.771644 			 0.0 			534.771644
g2	 83 	 628.70462 			 0.0 			628.70462
g2	 84 	 534.771644 			 0.0 			534.771644
g2	 85 	 534.771644 			 0.0 			534.771644
g2	 86 	 534.771644 			 0.0 			534.771644
g2	 87 	 534.771644 			 0.0 			534.771644
g2	 88 	 534.771644 			 0.0 			534.771644
g2	 89 	 534.771644 			 0.0 			534.771644
g2	 90 	 534.771644 			 0.0 			534.771644
g2	 91 	 534.771644 			 0.0 			534.771644
g2	 92 	 534.771644 			 0.0 			534.771644
g2	 93 	 0.0 			 0.0 			0.0
g2	 94 	 0.0 			 0.0 			0.0
g2	 95 	 0.0 			 0.0 			0.0
g2	 96 	 0.0 			 0.0 			0.0
----------------------------------------------------------------------------------------------------
g3	 1 	 0.0 			 0.0 			0.0
g3	 2 	 0.0 			 0.0 			0.0
g3	 3 	 0.0 			 0.0 			0.0
g3	 4 	 0.0 			 0.0 			0.0
g3	 5 	 0.0 			 0.0 			0.0
g3	 6 	 0.0 			 0.0 			0.0
g3	 7 	 0.0 			 0.0 			0.0
g3	 8 	 0.0 			 0.0 			0.0
g3	 9 	 0.0 			 0.0 			0.0
g3	 10 	 0.0 			 0.0 			0.0
g3	 11 	 0.0 			 0.0 			0.0
g3	 12 	 0.0 			 0.0 			0.0
g3	 13 	 0.0 			 0.0 			0.0
g3	 14 	 0.0 			 0.0 			0.0
g3	 15 	 0.0 			 0.0 			0.0
g3	 16 	 0.0 			 0.0 			0.0
g3	 17 	 0.0 			 0.0 			0.0
g3	 18 	 0.0 			 0.0 			0.0
g3	 19 	 0.0 			 0.0 			0.0
g3	 20 	 0.0 			 0.0 			0.0
g3	 21 	 0.0 			 0.0 			0.0
g3	 22 	 0.0 			 0.0 			0.0
g3	 23 	 0.0 			 0.0 			0.0
g3	 24 	 0.0 			 0.0 			0.0
g3	 25 	 0.0 			 0.0 			0.0
g3	 26 	 0.0 			 0.0 			0.0
g3	 27 	 0.0 			 0.0 			0.0
g3	 28 	 0.0 			 0.0 			0.0
g3	 29 	 0.0 			 0.0 			0.0
g3	 30 	 0.0 			 0.0 			0.0
g3	 31 	 0.0 			 0.0 			0.0
g3	 32 	 0.0 			 0.0 			0.0
g3	 33 	 0.0 			 0.0 			0.0
g3	 34 	 0.0 			 0.0 			0.0
g3	 35 	 0.0 			 0.0 			0.0
g3	 36 	 0.0 			 0.0 			0.0
g3	 37 	 0.0 			 0.0 			0.0
g3	 38 	 0.0 			 0.0 			0.0
g3	 39 	 0.0 			 0.0 			0.0
g3	 40 	 0.0 			 0.0 			0.0
g3	 41 	 350.954412 			 4595.43 			4946.384412
g3	 42 	 350.954412 			 0.0 			350.954412
g3	 43 	 350.954412 			 0.0 			350.954412
g3	 44 	 350.954412 			 0.0 			350.954412
g3	 45 	 350.954412 			 0.0 			350.954412
g3	 46 	 350.954412 			 0.0 			350.954412
g3	 47 	 350.954412 			 0.0 			350.954412
g3	 48 	 350.954412 			 0.0 			350.954412
g3	 49 	 350.954412 			 0.0 			350.954412
g3	 50 	 350.954412 			 0.0 			350.954412
g3	 51 	 350.954412 			 0.0 			350.954412
g3	 52 	 350.954412 			 0.0 			350.954412
g3	 53 	 350.954412 			 0.0 			350.954412
g3	 54 	 350.954412 			 0.0 			350.954412
g3	 55 	 350.954412 			 0.0 			350.954412
g3	 56 	 350.954412 			 0.0 			350.954412
g3	 57 	 350.954412 			 0.0 			350.954412
g3	 58 	 350.954412 			 0.0 			350.954412
g3	 59 	 350.954412 			 0.0 			350.954412
g3	 60 	 350.954412 			 0.0 			350.954412
g3	 61 	 350.954412 			 0.0 			350.954412
g3	 62 	 350.954412 			 0.0 			350.954412
g3	 63 	 350.954412 			 0.0 			350.954412
g3	 64 	 350.954412 			 0.0 			350.954412
g3	 65 	 350.954412 			 0.0 			350.954412
g3	 66 	 350.954412 			 0.0 			350.954412
g3	 67 	 350.954412 			 0.0 			350.954412
g3	 68 	 350.954412 			 0.0 			350.954412
g3	 69 	 350.954412 			 0.0 			350.954412
g3	 70 	 350.954412 			 0.0 			350.954412
g3	 71 	 350.954412 			 0.0 			350.954412
g3	 72 	 350.954412 			 0.0 			350.954412
g3	 73 	 0.0 			 0.0 			0.0
g3	 74 	 0.0 			 0.0 			0.0
g3	 75 	 0.0 			 0.0 			0.0
g3	 76 	 0.0 			 0.0 			0.0
g3	 77 	 0.0 			 0.0 			0.0
g3	 78 	 0.0 			 0.0 			0.0
g3	 79 	 0.0 			 0.0 			0.0
g3	 80 	 0.0 			 0.0 			0.0
g3	 81 	 0.0 			 0.0 			0.0
g3	 82 	 0.0 			 0.0 			0.0
g3	 83 	 0.0 			 0.0 			0.0
g3	 84 	 0.0 			 0.0 			0.0
g3	 85 	 0.0 			 0.0 			0.0
g3	 86 	 0.0 			 0.0 			0.0
g3	 87 	 0.0 			 0.0 			0.0
g3	 88 	 0.0 			 0.0 			0.0
g3	 89 	 0.0 			 0.0 			0.0
g3	 90 	 0.0 			 0.0 			0.0
g3	 91 	 0.0 			 0.0 			0.0
g3	 92 	 0.0 			 0.0 			0.0
g3	 93 	 0.0 			 0.0 			0.0
g3	 94 	 0.0 			 0.0 			0.0
g3	 95 	 0.0 			 0.0 			0.0
g3	 96 	 0.0 			 0.0 			0.0
----------------------------------------------------------------------------------------------------
g4	 1 	 0.0 			 0.0 			0.0
g4	 2 	 0.0 			 0.0 			0.0
g4	 3 	 0.0 			 0.0 			0.0
g4	 4 	 0.0 			 0.0 			0.0
g4	 5 	 0.0 			 0.0 			0.0
g4	 6 	 0.0 			 0.0 			0.0
g4	 7 	 0.0 			 0.0 			0.0
g4	 8 	 0.0 			 0.0 			0.0
g4	 9 	 0.0 			 0.0 			0.0
g4	 10 	 0.0 			 0.0 			0.0
g4	 11 	 0.0 			 0.0 			0.0
g4	 12 	 0.0 			 0.0 			0.0
g4	 13 	 0.0 			 0.0 			0.0
g4	 14 	 0.0 			 0.0 			0.0
g4	 15 	 0.0 			 0.0 			0.0
g4	 16 	 0.0 			 0.0 			0.0
g4	 17 	 0.0 			 0.0 			0.0
g4	 18 	 0.0 			 0.0 			0.0
g4	 19 	 0.0 			 0.0 			0.0
g4	 20 	 0.0 			 0.0 			0.0
g4	 21 	 0.0 			 0.0 			0.0
g4	 22 	 0.0 			 0.0 			0.0
g4	 23 	 0.0 			 0.0 			0.0
g4	 24 	 0.0 			 0.0 			0.0
g4	 25 	 0.0 			 0.0 			0.0
g4	 26 	 0.0 			 0.0 			0.0
g4	 27 	 0.0 			 0.0 			0.0
g4	 28 	 0.0 			 0.0 			0.0
g4	 29 	 0.0 			 0.0 			0.0
g4	 30 	 0.0 			 0.0 			0.0
g4	 31 	 0.0 			 0.0 			0.0
g4	 32 	 0.0 			 0.0 			0.0
g4	 33 	 0.0 			 0.0 			0.0
g4	 34 	 0.0 			 0.0 			0.0
g4	 35 	 0.0 			 0.0 			0.0
g4	 36 	 0.0 			 0.0 			0.0
g4	 37 	 0.0 			 0.0 			0.0
g4	 38 	 0.0 			 0.0 			0.0
g4	 39 	 0.0 			 0.0 			0.0
g4	 40 	 0.0 			 0.0 			0.0
g4	 41 	 0.0 			 0.0 			0.0
g4	 42 	 0.0 			 0.0 			0.0
g4	 43 	 0.0 			 0.0 			0.0
g4	 44 	 0.0 			 0.0 			0.0
g4	 45 	 0.0 			 0.0 			0.0
g4	 46 	 0.0 			 0.0 			0.0
g4	 47 	 0.0 			 0.0 			0.0
g4	 48 	 0.0 			 0.0 			0.0
g4	 49 	 0.0 			 0.0 			0.0
g4	 50 	 0.0 			 0.0 			0.0
g4	 51 	 0.0 			 0.0 			0.0
g4	 52 	 0.0 			 0.0 			0.0
g4	 53 	 0.0 			 0.0 			0.0
g4	 54 	 0.0 			 0.0 			0.0
g4	 55 	 0.0 			 0.0 			0.0
g4	 56 	 0.0 			 0.0 			0.0
g4	 57 	 0.0 			 0.0 			0.0
g4	 58 	 0.0 			 0.0 			0.0
g4	 59 	 0.0 			 0.0 			0.0
g4	 60 	 0.0 			 0.0 			0.0
g4	 61 	 0.0 			 0.0 			0.0
g4	 62 	 0.0 			 0.0 			0.0
g4	 63 	 0.0 			 0.0 			0.0
g4	 64 	 0.0 			 0.0 			0.0
g4	 65 	 0.0 			 0.0 			0.0
g4	 66 	 0.0 			 0.0 			0.0
g4	 67 	 0.0 			 0.0 			0.0
g4	 68 	 0.0 			 0.0 			0.0
g4	 69 	 0.0 			 0.0 			0.0
g4	 70 	 0.0 			 0.0 			0.0
g4	 71 	 0.0 			 0.0 			0.0
g4	 72 	 0.0 			 0.0 			0.0
g4	 73 	 0.0 			 0.0 			0.0
g4	 74 	 0.0 			 0.0 			0.0
g4	 75 	 0.0 			 0.0 			0.0
g4	 76 	 0.0 			 0.0 			0.0
g4	 77 	 0.0 			 0.0 			0.0
g4	 78 	 0.0 			 0.0 			0.0
g4	 79 	 0.0 			 0.0 			0.0
g4	 80 	 0.0 			 0.0 			0.0
g4	 81 	 0.0 			 0.0 			0.0
g4	 82 	 0.0 			 0.0 			0.0
g4	 83 	 0.0 			 0.0 			0.0
g4	 84 	 0.0 			 0.0 			0.0
g4	 85 	 0.0 			 0.0 			0.0
g4	 86 	 0.0 			 0.0 			0.0
g4	 87 	 0.0 			 0.0 			0.0
g4	 88 	 0.0 			 0.0 			0.0
g4	 89 	 0.0 			 0.0 			0.0
g4	 90 	 0.0 			 0.0 			0.0
g4	 91 	 0.0 			 0.0 			0.0
g4	 92 	 0.0 			 0.0 			0.0
g4	 93 	 0.0 			 0.0 			0.0
g4	 94 	 0.0 			 0.0 			0.0
g4	 95 	 0.0 			 0.0 			0.0
g4	 96 	 0.0 			 0.0 			0.0
----------------------------------------------------------------------------------------------------
g5	 1 	 0.0 			 0.0 			0.0
g5	 2 	 0.0 			 0.0 			0.0
g5	 3 	 0.0 			 0.0 			0.0
g5	 4 	 0.0 			 0.0 			0.0
g5	 5 	 0.0 			 0.0 			0.0
g5	 6 	 0.0 			 0.0 			0.0
g5	 7 	 0.0 			 0.0 			0.0
g5	 8 	 0.0 			 0.0 			0.0
g5	 9 	 0.0 			 0.0 			0.0
g5	 10 	 0.0 			 0.0 			0.0
g5	 11 	 0.0 			 0.0 			0.0
g5	 12 	 0.0 			 0.0 			0.0
g5	 13 	 0.0 			 0.0 			0.0
g5	 14 	 0.0 			 0.0 			0.0
g5	 15 	 0.0 			 0.0 			0.0
g5	 16 	 0.0 			 0.0 			0.0
g5	 17 	 0.0 			 0.0 			0.0
g5	 18 	 0.0 			 0.0 			0.0
g5	 19 	 0.0 			 0.0 			0.0
g5	 20 	 0.0 			 0.0 			0.0
g5	 21 	 348.846531 			 6821.79 			7170.636531
g5	 22 	 348.846531 			 0.0 			348.846531
g5	 23 	 348.846531 			 0.0 			348.846531
g5	 24 	 348.846531 			 0.0 			348.846531
g5	 25 	 348.846531 			 0.0 			348.846531
g5	 26 	 348.846531 			 0.0 			348.846531
g5	 27 	 348.846531 			 0.0 			348.846531
g5	 28 	 348.846531 			 0.0 			348.846531
g5	 29 	 348.846531 			 0.0 			348.846531
g5	 30 	 348.846531 			 0.0 			348.846531
g5	 31 	 348.846531 			 0.0 			348.846531
g5	 32 	 348.846531 			 0.0 			348.846531
g5	 33 	 348.846531 			 0.0 			348.846531
g5	 34 	 348.846531 			 0.0 			348.846531
g5	 35 	 348.846531 			 0.0 			348.846531
g5	 36 	 348.846531 			 0.0 			348.846531
g5	 37 	 348.846531 			 0.0 			348.846531
g5	 38 	 348.846531 			 0.0 			348.846531
g5	 39 	 348.846531 			 0.0 			348.846531
g5	 40 	 348.846531 			 0.0 			348.846531
g5	 41 	 348.846531 			 0.0 			348.846531
g5	 42 	 348.846531 			 0.0 			348.846531
g5	 43 	 348.846531 			 0.0 			348.846531
g5	 44 	 348.846531 			 0.0 			348.846531
g5	 45 	 348.846531 			 0.0 			348.846531
g5	 46 	 348.846531 			 0.0 			348.846531
g5	 47 	 348.846531 			 0.0 			348.846531
g5	 48 	 348.846531 			 0.0 			348.846531
g5	 49 	 348.846531 			 0.0 			348.846531
g5	 50 	 348.846531 			 0.0 			348.846531
g5	 51 	 348.846531 			 0.0 			348.846531
g5	 52 	 348.846531 			 0.0 			348.846531
g5	 53 	 348.846531 			 0.0 			348.846531
g5	 54 	 348.846531 			 0.0 			348.846531
g5	 55 	 348.846531 			 0.0 			348.846531
g5	 56 	 348.846531 			 0.0 			348.846531
g5	 57 	 348.846531 			 0.0 			348.846531
g5	 58 	 348.846531 			 0.0 			348.846531
g5	 59 	 348.846531 			 0.0 			348.846531
g5	 60 	 348.846531 			 0.0 			348.846531
g5	 61 	 348.846531 			 0.0 			348.846531
g5	 62 	 348.846531 			 0.0 			348.846531
g5	 63 	 348.846531 			 0.0 			348.846531
g5	 64 	 348.846531 			 0.0 			348.846531
g5	 65 	 348.846531 			 0.0 			348.846531
g5	 66 	 348.846531 			 0.0 			348.846531
g5	 67 	 348.846531 			 0.0 			348.846531
g5	 68 	 348.846531 			 0.0 			348.846531
g5	 69 	 348.846531 			 0.0 			348.846531
g5	 70 	 348.846531 			 0.0 			348.846531
g5	 71 	 348.846531 			 0.0 			348.846531
g5	 72 	 348.846531 			 0.0 			348.846531
g5	 73 	 348.846531 			 0.0 			348.846531
g5	 74 	 370.226667 			 0.0 			370.226667
g5	 75 	 348.846531 			 0.0 			348.846531
g5	 76 	 348.846531 			 0.0 			348.846531
g5	 77 	 348.846531 			 0.0 			348.846531
g5	 78 	 348.846531 			 0.0 			348.846531
g5	 79 	 348.846531 			 0.0 			348.846531
g5	 80 	 348.846531 			 0.0 			348.846531
g5	 81 	 348.846531 			 0.0 			348.846531
g5	 82 	 348.846531 			 0.0 			348.846531
g5	 83 	 348.846531 			 0.0 			348.846531
g5	 84 	 348.846531 			 0.0 			348.846531
g5	 85 	 348.846531 			 0.0 			348.846531
g5	 86 	 348.846531 			 0.0 			348.846531
g5	 87 	 348.846531 			 0.0 			348.846531
g5	 88 	 348.846531 			 0.0 			348.846531
g5	 89 	 0.0 			 0.0 			0.0
g5	 90 	 0.0 			 0.0 			0.0
g5	 91 	 0.0 			 0.0 			0.0
g5	 92 	 0.0 			 0.0 			0.0
g5	 93 	 0.0 			 0.0 			0.0
g5	 94 	 0.0 			 0.0 			0.0
g5	 95 	 0.0 			 0.0 			0.0
g5	 96 	 0.0 			 0.0 			0.0
----------------------------------------------------------------------------------------------------
 
unit 	 generation 	 generation cost 	 start-up cost 	 total cost
----------------------------------------------------------------------------------------------------
g1 	 6825.161893			254421.908326			 0.000000		 254421.908326
g2 	 587.670633			35497.837697			 10598.130000		 46095.967697
g3 	 175.153013			11230.541184			 4595.430000		 15825.971184
g4 	 0.000000			0.000000			 0.000000		 0.000000
g5 	 393.552402			23742.944244			 6821.790000		 30564.734244
----------------------------------------------------------------------------------------------------
 
generation cost 	 start-up cost 		 total cost
----------------------------------------------------------------------------------------------------
324893.2314509995 			 22015.35 			 346908.58145099925
----------------------------------------------------------------------------------------------------
uplift payment for generator g1: 0.0
uplift payment for generator g2: 20868.56736
uplift payment for generator g3: 8377.779599
uplift payment for generator g4: 0.0
uplift payment for generator g5: 13542.627997
 
****************************************************************************************************
 
rtm Systemwide prices
----------------------------------------------------------------------------------------------------
time	 energy 	 up-FRP 	 dw-FRP
----------------------------------------------------------------------------------------------------
1 	 9.614507 		 0.0 		 0.0
2 	 9.614507 		 0.0 		 0.0
3 	 9.614507 		 0.0 		 0.0
4 	 9.614507 		 0.0 		 0.0
5 	 9.408671 		 0.0 		 0.0
6 	 9.408671 		 0.0 		 0.0
7 	 9.408671 		 0.0 		 0.0
8 	 9.408671 		 0.0 		 0.0
9 	 9.408671 		 0.0 		 0.0
10 	 9.408671 		 0.0 		 0.0
11 	 9.408671 		 0.0 		 0.0
12 	 9.408671 		 0.0 		 0.0
13 	 9.408671 		 0.0 		 0.0
14 	 9.408671 		 0.0 		 0.0
15 	 9.408671 		 0.0 		 0.0
16 	 9.408671 		 0.0 		 0.0
17 	 9.408671 		 0.0 		 0.0
18 	 9.408671 		 0.0 		 0.0
19 	 9.408671 		 0.0 		 0.0
20 	 9.408671 		 0.0 		 0.0
21 	 9.408671 		 0.0 		 0.0
22 	 9.408671 		 0.0 		 0.0
23 	 9.408671 		 0.0 		 0.0
24 	 9.408671 		 0.0 		 0.0
25 	 9.408671 		 0.0 		 0.0
26 	 9.408671 		 0.0 		 0.0
27 	 9.408671 		 0.0 		 0.0
28 	 9.408671 		 0.0 		 0.0
29 	 9.614507 		 0.0 		 0.0
30 	 9.614507 		 0.0 		 0.0
31 	 9.614507 		 0.0 		 0.0
32 	 9.614507 		 0.0 		 0.0
33 	 9.457625 		 0.0 		 0.0
34 	 9.614507 		 0.0 		 0.0
35 	 9.614507 		 0.0 		 0.0
36 	 9.614507 		 0.0 		 0.0
37 	 9.614507 		 0.0 		 0.0
38 	 9.614507 		 0.0 		 0.0
39 	 9.614507 		 0.0 		 0.0
40 	 9.614507 		 0.0 		 0.0
41 	 9.614507 		 0.0 		 0.0
42 	 9.614507 		 0.0 		 0.0
43 	 9.614507 		 0.0 		 0.0
44 	 9.614507 		 0.0 		 0.0
45 	 9.614507 		 0.0 		 0.0
46 	 9.614507 		 0.0 		 0.0
47 	 9.614507 		 0.0 		 0.0
48 	 9.614507 		 0.0 		 0.0
49 	 9.614507 		 0.0 		 0.0
50 	 9.614507 		 0.0 		 0.0
51 	 9.614507 		 0.0 		 0.0
52 	 9.614507 		 0.0 		 0.0
53 	 10.185876 		 0.0 		 0.0
54 	 9.614507 		 0.0 		 0.0
55 	 9.614507 		 0.0 		 0.0
56 	 9.614507 		 0.0 		 0.0
57 	 9.614507 		 0.0 		 0.0
58 	 10.185876 		 0.0 		 0.0
59 	 9.614507 		 0.0 		 0.0
60 	 10.185876 		 0.0 		 0.0
61 	 10.185876 		 0.0 		 0.0
62 	 10.185876 		 0.0 		 0.0
63 	 10.185876 		 0.0 		 0.0
64 	 10.185876 		 0.0 		 0.0
65 	 10.185876 		 0.0 		 0.0
66 	 10.185876 		 0.0 		 0.0
67 	 10.185876 		 0.0 		 0.0
68 	 10.185876 		 0.0 		 0.0
69 	 10.185876 		 0.0 		 0.0
70 	 10.185876 		 0.0 		 0.0
71 	 10.185876 		 0.0 		 0.0
72 	 10.185876 		 0.0 		 0.0
73 	 10.185876 		 0.0 		 0.0
74 	 11.022192 		 0.0 		 0.0
75 	 10.185876 		 0.0 		 0.0
76 	 10.185876 		 0.0 		 0.0
77 	 10.185876 		 0.0 		 0.0
78 	 10.185876 		 0.0 		 0.0
79 	 10.185876 		 0.0 		 0.0
80 	 10.185876 		 0.0 		 0.0
81 	 10.185876 		 0.0 		 0.0
82 	 9.614507 		 0.0 		 0.0
83 	 10.185876 		 0.0 		 0.0
84 	 9.614507 		 0.0 		 0.0
85 	 9.614507 		 0.0 		 0.0
86 	 9.614507 		 0.0 		 0.0
87 	 9.614507 		 0.0 		 0.0
88 	 9.614507 		 0.0 		 0.0
89 	 9.614507 		 0.0 		 0.0
90 	 9.614507 		 0.0 		 0.0
91 	 9.614507 		 0.0 		 0.0
92 	 9.614507 		 0.0 		 0.0
93 	 9.614507 		 0.0 		 0.0
94 	 9.614507 		 0.0 		 0.0
95 	 9.614507 		 0.0 		 0.0
96 	 9.614507 		 0.0 		 0.0
 
****************************************************************************************************
 
rtm Post-uplift payments
----------------------------------------------------------------------------------------------------------------------------------------------------
unit 	 generation payment 	 up-FRP payment 	 dw-FRP payment 	pre-up t. payment 	 uplift payments 	 post-up t. payment 	 profit
----------------------------------------------------------------------------------------------------------------------------------------------------
 g1 	 17295.295251			 0.000000			 0.000000			 17295.295251			 0.000000			 17295.295251		 30371.987411
 g2 	 207.266551			 0.000000			 0.000000			 207.266551			 20868.567360			 21075.833911		 0.000000
 g3 	 511.997985			 0.000000			 0.000000			 511.997985			 8377.779599			 8889.777584		 -0.000000
 g4 	 0.000000			 0.000000			 0.000000			 0.000000			 0.000000			 0.000000		 0.000000
 g5 	 1573.673174			 0.000000			 0.000000			 1573.673174			 13542.627997			 15116.301171		 0.000000
****************************************************************************************************
 
Total generator payments
----------------------------------------------------------------------------------------------------------------------------------------------------
unit 	 generation payment 	 up-FRP payment 	 dw-FRP payment 	pre-up t. payment 	 uplift payments 	 post-up t. payment 	 profit
----------------------------------------------------------------------------------------------------------------------------------------------------
 g1 	 284257.635261			 536.260476			 0.000000			 284793.895737			 0.000000			 284793.895737		 30371.987411
 g2 	 25227.400337			 0.000000			 0.000000			 25227.400337			 20868.567360			 46095.967697		 0.000000
 g3 	 7448.191585			 0.000000			 0.000000			 7448.191585			 8377.779599			 15825.971184		 -0.000000
 g4 	 0.000000			 0.000000			 0.000000			 0.000000			 0.000000			 0.000000		 0.000000
 g5 	 17022.106247			 0.000000			 0.000000			 17022.106247			 13542.627997			 30564.734244		 0.000000
 
****************************************************************************************************
 
rtm LMP
----------------------------------------------------------------------------------------------------
bus name 	 time 		 LMP
----------------------------------------------------------------------------------------------------
b1 		 1 		 9.614507
b1 		 2 		 9.614507
b1 		 3 		 9.614507
b1 		 4 		 9.614507
b1 		 5 		 9.408671
b1 		 6 		 9.408671
b1 		 7 		 9.408671
b1 		 8 		 9.408671
b1 		 9 		 9.408671
b1 		 10 		 9.408671
b1 		 11 		 9.408671
b1 		 12 		 9.408671
b1 		 13 		 9.408671
b1 		 14 		 9.408671
b1 		 15 		 9.408671
b1 		 16 		 9.408671
b1 		 17 		 9.408671
b1 		 18 		 9.408671
b1 		 19 		 9.408671
b1 		 20 		 9.408671
b1 		 21 		 9.408671
b1 		 22 		 9.408671
b1 		 23 		 9.408671
b1 		 24 		 9.408671
b1 		 25 		 9.408671
b1 		 26 		 9.408671
b1 		 27 		 9.408671
b1 		 28 		 9.408671
b1 		 29 		 9.614507
b1 		 30 		 9.614507
b1 		 31 		 9.614507
b1 		 32 		 9.614507
b1 		 33 		 9.457625
b1 		 34 		 9.614507
b1 		 35 		 9.614507
b1 		 36 		 9.614507
b1 		 37 		 9.614507
b1 		 38 		 9.614507
b1 		 39 		 9.614507
b1 		 40 		 9.614507
b1 		 41 		 9.614507
b1 		 42 		 9.614507
b1 		 43 		 9.614507
b1 		 44 		 9.614507
b1 		 45 		 9.614507
b1 		 46 		 9.614507
b1 		 47 		 9.614507
b1 		 48 		 9.614507
b1 		 49 		 9.614507
b1 		 50 		 9.614507
b1 		 51 		 9.614507
b1 		 52 		 9.614507
b1 		 53 		 10.185876
b1 		 54 		 9.614507
b1 		 55 		 9.614507
b1 		 56 		 9.614507
b1 		 57 		 9.614507
b1 		 58 		 10.185876
b1 		 59 		 9.614507
b1 		 60 		 10.185876
b1 		 61 		 10.185876
b1 		 62 		 10.185876
b1 		 63 		 10.185876
b1 		 64 		 10.185876
b1 		 65 		 10.185876
b1 		 66 		 10.185876
b1 		 67 		 10.185876
b1 		 68 		 10.185876
b1 		 69 		 10.185876
b1 		 70 		 10.185876
b1 		 71 		 10.185876
b1 		 72 		 10.185876
b1 		 73 		 10.185876
b1 		 74 		 11.022192
b1 		 75 		 10.185876
b1 		 76 		 10.185876
b1 		 77 		 10.185876
b1 		 78 		 10.185876
b1 		 79 		 10.185876
b1 		 80 		 10.185876
b1 		 81 		 10.185876
b1 		 82 		 9.614507
b1 		 83 		 10.185876
b1 		 84 		 9.614507
b1 		 85 		 9.614507
b1 		 86 		 9.614507
b1 		 87 		 9.614507
b1 		 88 		 9.614507
b1 		 89 		 9.614507
b1 		 90 		 9.614507
b1 		 91 		 9.614507
b1 		 92 		 9.614507
b1 		 93 		 9.614507
b1 		 94 		 9.614507
b1 		 95 		 9.614507
b1 		 96 		 9.614507
----------------------------------------------------------------------------------------------------
b2 		 1 		 9.614507
b2 		 2 		 9.614507
b2 		 3 		 9.614507
b2 		 4 		 9.614507
b2 		 5 		 9.408671
b2 		 6 		 9.408671
b2 		 7 		 9.408671
b2 		 8 		 9.408671
b2 		 9 		 9.408671
b2 		 10 		 9.408671
b2 		 11 		 9.408671
b2 		 12 		 9.408671
b2 		 13 		 9.408671
b2 		 14 		 9.408671
b2 		 15 		 9.408671
b2 		 16 		 9.408671
b2 		 17 		 9.408671
b2 		 18 		 9.408671
b2 		 19 		 9.408671
b2 		 20 		 9.408671
b2 		 21 		 9.408671
b2 		 22 		 9.408671
b2 		 23 		 9.408671
b2 		 24 		 9.408671
b2 		 25 		 9.408671
b2 		 26 		 9.408671
b2 		 27 		 9.408671
b2 		 28 		 9.408671
b2 		 29 		 9.614507
b2 		 30 		 9.614507
b2 		 31 		 9.614507
b2 		 32 		 9.614507
b2 		 33 		 9.457625
b2 		 34 		 9.614507
b2 		 35 		 9.614507
b2 		 36 		 9.614507
b2 		 37 		 9.614507
b2 		 38 		 9.614507
b2 		 39 		 9.614507
b2 		 40 		 9.614507
b2 		 41 		 9.614507
b2 		 42 		 9.614507
b2 		 43 		 9.614507
b2 		 44 		 9.614507
b2 		 45 		 9.614507
b2 		 46 		 9.614507
b2 		 47 		 9.614507
b2 		 48 		 9.614507
b2 		 49 		 9.614507
b2 		 50 		 9.614507
b2 		 51 		 9.614507
b2 		 52 		 9.614507
b2 		 53 		 10.185876
b2 		 54 		 9.614507
b2 		 55 		 9.614507
b2 		 56 		 9.614507
b2 		 57 		 9.614507
b2 		 58 		 10.185876
b2 		 59 		 9.614507
b2 		 60 		 10.185876
b2 		 61 		 10.185876
b2 		 62 		 10.185876
b2 		 63 		 10.185876
b2 		 64 		 10.185876
b2 		 65 		 10.185876
b2 		 66 		 10.185876
b2 		 67 		 10.185876
b2 		 68 		 10.185876
b2 		 69 		 10.185876
b2 		 70 		 10.185876
b2 		 71 		 10.185876
b2 		 72 		 10.185876
b2 		 73 		 10.185876
b2 		 74 		 11.022192
b2 		 75 		 10.185876
b2 		 76 		 10.185876
b2 		 77 		 10.185876
b2 		 78 		 10.185876
b2 		 79 		 10.185876
b2 		 80 		 10.185876
b2 		 81 		 10.185876
b2 		 82 		 9.614507
b2 		 83 		 10.185876
b2 		 84 		 9.614507
b2 		 85 		 9.614507
b2 		 86 		 9.614507
b2 		 87 		 9.614507
b2 		 88 		 9.614507
b2 		 89 		 9.614507
b2 		 90 		 9.614507
b2 		 91 		 9.614507
b2 		 92 		 9.614507
b2 		 93 		 9.614507
b2 		 94 		 9.614507
b2 		 95 		 9.614507
b2 		 96 		 9.614507
----------------------------------------------------------------------------------------------------
b3 		 1 		 9.614507
b3 		 2 		 9.614507
b3 		 3 		 9.614507
b3 		 4 		 9.614507
b3 		 5 		 9.408671
b3 		 6 		 9.408671
b3 		 7 		 9.408671
b3 		 8 		 9.408671
b3 		 9 		 9.408671
b3 		 10 		 9.408671
b3 		 11 		 9.408671
b3 		 12 		 9.408671
b3 		 13 		 9.408671
b3 		 14 		 9.408671
b3 		 15 		 9.408671
b3 		 16 		 9.408671
b3 		 17 		 9.408671
b3 		 18 		 9.408671
b3 		 19 		 9.408671
b3 		 20 		 9.408671
b3 		 21 		 9.408671
b3 		 22 		 9.408671
b3 		 23 		 9.408671
b3 		 24 		 9.408671
b3 		 25 		 9.408671
b3 		 26 		 9.408671
b3 		 27 		 9.408671
b3 		 28 		 9.408671
b3 		 29 		 9.614507
b3 		 30 		 9.614507
b3 		 31 		 9.614507
b3 		 32 		 9.614507
b3 		 33 		 9.457625
b3 		 34 		 9.614507
b3 		 35 		 9.614507
b3 		 36 		 9.614507
b3 		 37 		 9.614507
b3 		 38 		 9.614507
b3 		 39 		 9.614507
b3 		 40 		 9.614507
b3 		 41 		 9.614507
b3 		 42 		 9.614507
b3 		 43 		 9.614507
b3 		 44 		 9.614507
b3 		 45 		 9.614507
b3 		 46 		 9.614507
b3 		 47 		 9.614507
b3 		 48 		 9.614507
b3 		 49 		 9.614507
b3 		 50 		 9.614507
b3 		 51 		 9.614507
b3 		 52 		 9.614507
b3 		 53 		 10.185876
b3 		 54 		 9.614507
b3 		 55 		 9.614507
b3 		 56 		 9.614507
b3 		 57 		 9.614507
b3 		 58 		 10.185876
b3 		 59 		 9.614507
b3 		 60 		 10.185876
b3 		 61 		 10.185876
b3 		 62 		 10.185876
b3 		 63 		 10.185876
b3 		 64 		 10.185876
b3 		 65 		 10.185876
b3 		 66 		 10.185876
b3 		 67 		 10.185876
b3 		 68 		 10.185876
b3 		 69 		 10.185876
b3 		 70 		 10.185876
b3 		 71 		 10.185876
b3 		 72 		 10.185876
b3 		 73 		 10.185876
b3 		 74 		 11.022192
b3 		 75 		 10.185876
b3 		 76 		 10.185876
b3 		 77 		 10.185876
b3 		 78 		 10.185876
b3 		 79 		 10.185876
b3 		 80 		 10.185876
b3 		 81 		 10.185876
b3 		 82 		 9.614507
b3 		 83 		 10.185876
b3 		 84 		 9.614507
b3 		 85 		 9.614507
b3 		 86 		 9.614507
b3 		 87 		 9.614507
b3 		 88 		 9.614507
b3 		 89 		 9.614507
b3 		 90 		 9.614507
b3 		 91 		 9.614507
b3 		 92 		 9.614507
b3 		 93 		 9.614507
b3 		 94 		 9.614507
b3 		 95 		 9.614507
b3 		 96 		 9.614507
----------------------------------------------------------------------------------------------------
b4 		 1 		 9.614507
b4 		 2 		 9.614507
b4 		 3 		 9.614507
b4 		 4 		 9.614507
b4 		 5 		 9.408671
b4 		 6 		 9.408671
b4 		 7 		 9.408671
b4 		 8 		 9.408671
b4 		 9 		 9.408671
b4 		 10 		 9.408671
b4 		 11 		 9.408671
b4 		 12 		 9.408671
b4 		 13 		 9.408671
b4 		 14 		 9.408671
b4 		 15 		 9.408671
b4 		 16 		 9.408671
b4 		 17 		 9.408671
b4 		 18 		 9.408671
b4 		 19 		 9.408671
b4 		 20 		 9.408671
b4 		 21 		 9.408671
b4 		 22 		 9.408671
b4 		 23 		 9.408671
b4 		 24 		 9.408671
b4 		 25 		 9.408671
b4 		 26 		 9.408671
b4 		 27 		 9.408671
b4 		 28 		 9.408671
b4 		 29 		 9.614507
b4 		 30 		 9.614507
b4 		 31 		 9.614507
b4 		 32 		 9.614507
b4 		 33 		 9.457625
b4 		 34 		 9.614507
b4 		 35 		 9.614507
b4 		 36 		 9.614507
b4 		 37 		 9.614507
b4 		 38 		 9.614507
b4 		 39 		 9.614507
b4 		 40 		 9.614507
b4 		 41 		 9.614507
b4 		 42 		 9.614507
b4 		 43 		 9.614507
b4 		 44 		 9.614507
b4 		 45 		 9.614507
b4 		 46 		 9.614507
b4 		 47 		 9.614507
b4 		 48 		 9.614507
b4 		 49 		 9.614507
b4 		 50 		 9.614507
b4 		 51 		 9.614507
b4 		 52 		 9.614507
b4 		 53 		 10.185876
b4 		 54 		 9.614507
b4 		 55 		 9.614507
b4 		 56 		 9.614507
b4 		 57 		 9.614507
b4 		 58 		 10.185876
b4 		 59 		 9.614507
b4 		 60 		 10.185876
b4 		 61 		 10.185876
b4 		 62 		 10.185876
b4 		 63 		 10.185876
b4 		 64 		 10.185876
b4 		 65 		 10.185876
b4 		 66 		 10.185876
b4 		 67 		 10.185876
b4 		 68 		 10.185876
b4 		 69 		 10.185876
b4 		 70 		 10.185876
b4 		 71 		 10.185876
b4 		 72 		 10.185876
b4 		 73 		 10.185876
b4 		 74 		 11.022192
b4 		 75 		 10.185876
b4 		 76 		 10.185876
b4 		 77 		 10.185876
b4 		 78 		 10.185876
b4 		 79 		 10.185876
b4 		 80 		 10.185876
b4 		 81 		 10.185876
b4 		 82 		 9.614507
b4 		 83 		 10.185876
b4 		 84 		 9.614507
b4 		 85 		 9.614507
b4 		 86 		 9.614507
b4 		 87 		 9.614507
b4 		 88 		 9.614507
b4 		 89 		 9.614507
b4 		 90 		 9.614507
b4 		 91 		 9.614507
b4 		 92 		 9.614507
b4 		 93 		 9.614507
b4 		 94 		 9.614507
b4 		 95 		 9.614507
b4 		 96 		 9.614507
----------------------------------------------------------------------------------------------------
b5 		 1 		 9.614507
b5 		 2 		 9.614507
b5 		 3 		 9.614507
b5 		 4 		 9.614507
b5 		 5 		 9.408671
b5 		 6 		 9.408671
b5 		 7 		 9.408671
b5 		 8 		 9.408671
b5 		 9 		 9.408671
b5 		 10 		 9.408671
b5 		 11 		 9.408671
b5 		 12 		 9.408671
b5 		 13 		 9.408671
b5 		 14 		 9.408671
b5 		 15 		 9.408671
b5 		 16 		 9.408671
b5 		 17 		 9.408671
b5 		 18 		 9.408671
b5 		 19 		 9.408671
b5 		 20 		 9.408671
b5 		 21 		 9.408671
b5 		 22 		 9.408671
b5 		 23 		 9.408671
b5 		 24 		 9.408671
b5 		 25 		 9.408671
b5 		 26 		 9.408671
b5 		 27 		 9.408671
b5 		 28 		 9.408671
b5 		 29 		 9.614507
b5 		 30 		 9.614507
b5 		 31 		 9.614507
b5 		 32 		 9.614507
b5 		 33 		 9.457625
b5 		 34 		 9.614507
b5 		 35 		 9.614507
b5 		 36 		 9.614507
b5 		 37 		 9.614507
b5 		 38 		 9.614507
b5 		 39 		 9.614507
b5 		 40 		 9.614507
b5 		 41 		 9.614507
b5 		 42 		 9.614507
b5 		 43 		 9.614507
b5 		 44 		 9.614507
b5 		 45 		 9.614507
b5 		 46 		 9.614507
b5 		 47 		 9.614507
b5 		 48 		 9.614507
b5 		 49 		 9.614507
b5 		 50 		 9.614507
b5 		 51 		 9.614507
b5 		 52 		 9.614507
b5 		 53 		 10.185876
b5 		 54 		 9.614507
b5 		 55 		 9.614507
b5 		 56 		 9.614507
b5 		 57 		 9.614507
b5 		 58 		 10.185876
b5 		 59 		 9.614507
b5 		 60 		 10.185876
b5 		 61 		 10.185876
b5 		 62 		 10.185876
b5 		 63 		 10.185876
b5 		 64 		 10.185876
b5 		 65 		 10.185876
b5 		 66 		 10.185876
b5 		 67 		 10.185876
b5 		 68 		 10.185876
b5 		 69 		 10.185876
b5 		 70 		 10.185876
b5 		 71 		 10.185876
b5 		 72 		 10.185876
b5 		 73 		 10.185876
b5 		 74 		 11.022192
b5 		 75 		 10.185876
b5 		 76 		 10.185876
b5 		 77 		 10.185876
b5 		 78 		 10.185876
b5 		 79 		 10.185876
b5 		 80 		 10.185876
b5 		 81 		 10.185876
b5 		 82 		 9.614507
b5 		 83 		 10.185876
b5 		 84 		 9.614507
b5 		 85 		 9.614507
b5 		 86 		 9.614507
b5 		 87 		 9.614507
b5 		 88 		 9.614507
b5 		 89 		 9.614507
b5 		 90 		 9.614507
b5 		 91 		 9.614507
b5 		 92 		 9.614507
b5 		 93 		 9.614507
b5 		 94 		 9.614507
b5 		 95 		 9.614507
b5 		 96 		 9.614507
----------------------------------------------------------------------------------------------------
b6 		 1 		 9.614507
b6 		 2 		 9.614507
b6 		 3 		 9.614507
b6 		 4 		 9.614507
b6 		 5 		 9.408671
b6 		 6 		 9.408671
b6 		 7 		 9.408671
b6 		 8 		 9.408671
b6 		 9 		 9.408671
b6 		 10 		 9.408671
b6 		 11 		 9.408671
b6 		 12 		 9.408671
b6 		 13 		 9.408671
b6 		 14 		 9.408671
b6 		 15 		 9.408671
b6 		 16 		 9.408671
b6 		 17 		 9.408671
b6 		 18 		 9.408671
b6 		 19 		 9.408671
b6 		 20 		 9.408671
b6 		 21 		 9.408671
b6 		 22 		 9.408671
b6 		 23 		 9.408671
b6 		 24 		 9.408671
b6 		 25 		 9.408671
b6 		 26 		 9.408671
b6 		 27 		 9.408671
b6 		 28 		 9.408671
b6 		 29 		 9.614507
b6 		 30 		 9.614507
b6 		 31 		 9.614507
b6 		 32 		 9.614507
b6 		 33 		 9.457625
b6 		 34 		 9.614507
b6 		 35 		 9.614507
b6 		 36 		 9.614507
b6 		 37 		 9.614507
b6 		 38 		 9.614507
b6 		 39 		 9.614507
b6 		 40 		 9.614507
b6 		 41 		 9.614507
b6 		 42 		 9.614507
b6 		 43 		 9.614507
b6 		 44 		 9.614507
b6 		 45 		 9.614507
b6 		 46 		 9.614507
b6 		 47 		 9.614507
b6 		 48 		 9.614507
b6 		 49 		 9.614507
b6 		 50 		 9.614507
b6 		 51 		 9.614507
b6 		 52 		 9.614507
b6 		 53 		 10.185876
b6 		 54 		 9.614507
b6 		 55 		 9.614507
b6 		 56 		 9.614507
b6 		 57 		 9.614507
b6 		 58 		 10.185876
b6 		 59 		 9.614507
b6 		 60 		 10.185876
b6 		 61 		 10.185876
b6 		 62 		 10.185876
b6 		 63 		 10.185876
b6 		 64 		 10.185876
b6 		 65 		 10.185876
b6 		 66 		 10.185876
b6 		 67 		 10.185876
b6 		 68 		 10.185876
b6 		 69 		 10.185876
b6 		 70 		 10.185876
b6 		 71 		 10.185876
b6 		 72 		 10.185876
b6 		 73 		 10.185876
b6 		 74 		 11.022192
b6 		 75 		 10.185876
b6 		 76 		 10.185876
b6 		 77 		 10.185876
b6 		 78 		 10.185876
b6 		 79 		 10.185876
b6 		 80 		 10.185876
b6 		 81 		 10.185876
b6 		 82 		 9.614507
b6 		 83 		 10.185876
b6 		 84 		 9.614507
b6 		 85 		 9.614507
b6 		 86 		 9.614507
b6 		 87 		 9.614507
b6 		 88 		 9.614507
b6 		 89 		 9.614507
b6 		 90 		 9.614507
b6 		 91 		 9.614507
b6 		 92 		 9.614507
b6 		 93 		 9.614507
b6 		 94 		 9.614507
b6 		 95 		 9.614507
b6 		 96 		 9.614507
----------------------------------------------------------------------------------------------------
b7 		 1 		 9.614507
b7 		 2 		 9.614507
b7 		 3 		 9.614507
b7 		 4 		 9.614507
b7 		 5 		 9.408671
b7 		 6 		 9.408671
b7 		 7 		 9.408671
b7 		 8 		 9.408671
b7 		 9 		 9.408671
b7 		 10 		 9.408671
b7 		 11 		 9.408671
b7 		 12 		 9.408671
b7 		 13 		 9.408671
b7 		 14 		 9.408671
b7 		 15 		 9.408671
b7 		 16 		 9.408671
b7 		 17 		 9.408671
b7 		 18 		 9.408671
b7 		 19 		 9.408671
b7 		 20 		 9.408671
b7 		 21 		 9.408671
b7 		 22 		 9.408671
b7 		 23 		 9.408671
b7 		 24 		 9.408671
b7 		 25 		 9.408671
b7 		 26 		 9.408671
b7 		 27 		 9.408671
b7 		 28 		 9.408671
b7 		 29 		 9.614507
b7 		 30 		 9.614507
b7 		 31 		 9.614507
b7 		 32 		 9.614507
b7 		 33 		 9.457625
b7 		 34 		 9.614507
b7 		 35 		 9.614507
b7 		 36 		 9.614507
b7 		 37 		 9.614507
b7 		 38 		 9.614507
b7 		 39 		 9.614507
b7 		 40 		 9.614507
b7 		 41 		 9.614507
b7 		 42 		 9.614507
b7 		 43 		 9.614507
b7 		 44 		 9.614507
b7 		 45 		 9.614507
b7 		 46 		 9.614507
b7 		 47 		 9.614507
b7 		 48 		 9.614507
b7 		 49 		 9.614507
b7 		 50 		 9.614507
b7 		 51 		 9.614507
b7 		 52 		 9.614507
b7 		 53 		 10.185876
b7 		 54 		 9.614507
b7 		 55 		 9.614507
b7 		 56 		 9.614507
b7 		 57 		 9.614507
b7 		 58 		 10.185876
b7 		 59 		 9.614507
b7 		 60 		 10.185876
b7 		 61 		 10.185876
b7 		 62 		 10.185876
b7 		 63 		 10.185876
b7 		 64 		 10.185876
b7 		 65 		 10.185876
b7 		 66 		 10.185876
b7 		 67 		 10.185876
b7 		 68 		 10.185876
b7 		 69 		 10.185876
b7 		 70 		 10.185876
b7 		 71 		 10.185876
b7 		 72 		 10.185876
b7 		 73 		 10.185876
b7 		 74 		 11.022192
b7 		 75 		 10.185876
b7 		 76 		 10.185876
b7 		 77 		 10.185876
b7 		 78 		 10.185876
b7 		 79 		 10.185876
b7 		 80 		 10.185876
b7 		 81 		 10.185876
b7 		 82 		 9.614507
b7 		 83 		 10.185876
b7 		 84 		 9.614507
b7 		 85 		 9.614507
b7 		 86 		 9.614507
b7 		 87 		 9.614507
b7 		 88 		 9.614507
b7 		 89 		 9.614507
b7 		 90 		 9.614507
b7 		 91 		 9.614507
b7 		 92 		 9.614507
b7 		 93 		 9.614507
b7 		 94 		 9.614507
b7 		 95 		 9.614507
b7 		 96 		 9.614507
----------------------------------------------------------------------------------------------------
b8 		 1 		 9.614507
b8 		 2 		 9.614507
b8 		 3 		 9.614507
b8 		 4 		 9.614507
b8 		 5 		 9.408671
b8 		 6 		 9.408671
b8 		 7 		 9.408671
b8 		 8 		 9.408671
b8 		 9 		 9.408671
b8 		 10 		 9.408671
b8 		 11 		 9.408671
b8 		 12 		 9.408671
b8 		 13 		 9.408671
b8 		 14 		 9.408671
b8 		 15 		 9.408671
b8 		 16 		 9.408671
b8 		 17 		 9.408671
b8 		 18 		 9.408671
b8 		 19 		 9.408671
b8 		 20 		 9.408671
b8 		 21 		 9.408671
b8 		 22 		 9.408671
b8 		 23 		 9.408671
b8 		 24 		 9.408671
b8 		 25 		 9.408671
b8 		 26 		 9.408671
b8 		 27 		 9.408671
b8 		 28 		 9.408671
b8 		 29 		 9.614507
b8 		 30 		 9.614507
b8 		 31 		 9.614507
b8 		 32 		 9.614507
b8 		 33 		 9.457625
b8 		 34 		 9.614507
b8 		 35 		 9.614507
b8 		 36 		 9.614507
b8 		 37 		 9.614507
b8 		 38 		 9.614507
b8 		 39 		 9.614507
b8 		 40 		 9.614507
b8 		 41 		 9.614507
b8 		 42 		 9.614507
b8 		 43 		 9.614507
b8 		 44 		 9.614507
b8 		 45 		 9.614507
b8 		 46 		 9.614507
b8 		 47 		 9.614507
b8 		 48 		 9.614507
b8 		 49 		 9.614507
b8 		 50 		 9.614507
b8 		 51 		 9.614507
b8 		 52 		 9.614507
b8 		 53 		 10.185876
b8 		 54 		 9.614507
b8 		 55 		 9.614507
b8 		 56 		 9.614507
b8 		 57 		 9.614507
b8 		 58 		 10.185876
b8 		 59 		 9.614507
b8 		 60 		 10.185876
b8 		 61 		 10.185876
b8 		 62 		 10.185876
b8 		 63 		 10.185876
b8 		 64 		 10.185876
b8 		 65 		 10.185876
b8 		 66 		 10.185876
b8 		 67 		 10.185876
b8 		 68 		 10.185876
b8 		 69 		 10.185876
b8 		 70 		 10.185876
b8 		 71 		 10.185876
b8 		 72 		 10.185876
b8 		 73 		 10.185876
b8 		 74 		 11.022192
b8 		 75 		 10.185876
b8 		 76 		 10.185876
b8 		 77 		 10.185876
b8 		 78 		 10.185876
b8 		 79 		 10.185876
b8 		 80 		 10.185876
b8 		 81 		 10.185876
b8 		 82 		 9.614507
b8 		 83 		 10.185876
b8 		 84 		 9.614507
b8 		 85 		 9.614507
b8 		 86 		 9.614507
b8 		 87 		 9.614507
b8 		 88 		 9.614507
b8 		 89 		 9.614507
b8 		 90 		 9.614507
b8 		 91 		 9.614507
b8 		 92 		 9.614507
b8 		 93 		 9.614507
b8 		 94 		 9.614507
b8 		 95 		 9.614507
b8 		 96 		 9.614507
----------------------------------------------------------------------------------------------------
b9 		 1 		 9.614507
b9 		 2 		 9.614507
b9 		 3 		 9.614507
b9 		 4 		 9.614507
b9 		 5 		 9.408671
b9 		 6 		 9.408671
b9 		 7 		 9.408671
b9 		 8 		 9.408671
b9 		 9 		 9.408671
b9 		 10 		 9.408671
b9 		 11 		 9.408671
b9 		 12 		 9.408671
b9 		 13 		 9.408671
b9 		 14 		 9.408671
b9 		 15 		 9.408671
b9 		 16 		 9.408671
b9 		 17 		 9.408671
b9 		 18 		 9.408671
b9 		 19 		 9.408671
b9 		 20 		 9.408671
b9 		 21 		 9.408671
b9 		 22 		 9.408671
b9 		 23 		 9.408671
b9 		 24 		 9.408671
b9 		 25 		 9.408671
b9 		 26 		 9.408671
b9 		 27 		 9.408671
b9 		 28 		 9.408671
b9 		 29 		 9.614507
b9 		 30 		 9.614507
b9 		 31 		 9.614507
b9 		 32 		 9.614507
b9 		 33 		 9.457625
b9 		 34 		 9.614507
b9 		 35 		 9.614507
b9 		 36 		 9.614507
b9 		 37 		 9.614507
b9 		 38 		 9.614507
b9 		 39 		 9.614507
b9 		 40 		 9.614507
b9 		 41 		 9.614507
b9 		 42 		 9.614507
b9 		 43 		 9.614507
b9 		 44 		 9.614507
b9 		 45 		 9.614507
b9 		 46 		 9.614507
b9 		 47 		 9.614507
b9 		 48 		 9.614507
b9 		 49 		 9.614507
b9 		 50 		 9.614507
b9 		 51 		 9.614507
b9 		 52 		 9.614507
b9 		 53 		 10.185876
b9 		 54 		 9.614507
b9 		 55 		 9.614507
b9 		 56 		 9.614507
b9 		 57 		 9.614507
b9 		 58 		 10.185876
b9 		 59 		 9.614507
b9 		 60 		 10.185876
b9 		 61 		 10.185876
b9 		 62 		 10.185876
b9 		 63 		 10.185876
b9 		 64 		 10.185876
b9 		 65 		 10.185876
b9 		 66 		 10.185876
b9 		 67 		 10.185876
b9 		 68 		 10.185876
b9 		 69 		 10.185876
b9 		 70 		 10.185876
b9 		 71 		 10.185876
b9 		 72 		 10.185876
b9 		 73 		 10.185876
b9 		 74 		 11.022192
b9 		 75 		 10.185876
b9 		 76 		 10.185876
b9 		 77 		 10.185876
b9 		 78 		 10.185876
b9 		 79 		 10.185876
b9 		 80 		 10.185876
b9 		 81 		 10.185876
b9 		 82 		 9.614507
b9 		 83 		 10.185876
b9 		 84 		 9.614507
b9 		 85 		 9.614507
b9 		 86 		 9.614507
b9 		 87 		 9.614507
b9 		 88 		 9.614507
b9 		 89 		 9.614507
b9 		 90 		 9.614507
b9 		 91 		 9.614507
b9 		 92 		 9.614507
b9 		 93 		 9.614507
b9 		 94 		 9.614507
b9 		 95 		 9.614507
b9 		 96 		 9.614507
----------------------------------------------------------------------------------------------------
b10 		 1 		 9.614507
b10 		 2 		 9.614507
b10 		 3 		 9.614507
b10 		 4 		 9.614507
b10 		 5 		 9.408671
b10 		 6 		 9.408671
b10 		 7 		 9.408671
b10 		 8 		 9.408671
b10 		 9 		 9.408671
b10 		 10 		 9.408671
b10 		 11 		 9.408671
b10 		 12 		 9.408671
b10 		 13 		 9.408671
b10 		 14 		 9.408671
b10 		 15 		 9.408671
b10 		 16 		 9.408671
b10 		 17 		 9.408671
b10 		 18 		 9.408671
b10 		 19 		 9.408671
b10 		 20 		 9.408671
b10 		 21 		 9.408671
b10 		 22 		 9.408671
b10 		 23 		 9.408671
b10 		 24 		 9.408671
b10 		 25 		 9.408671
b10 		 26 		 9.408671
b10 		 27 		 9.408671
b10 		 28 		 9.408671
b10 		 29 		 9.614507
b10 		 30 		 9.614507
b10 		 31 		 9.614507
b10 		 32 		 9.614507
b10 		 33 		 9.457625
b10 		 34 		 9.614507
b10 		 35 		 9.614507
b10 		 36 		 9.614507
b10 		 37 		 9.614507
b10 		 38 		 9.614507
b10 		 39 		 9.614507
b10 		 40 		 9.614507
b10 		 41 		 9.614507
b10 		 42 		 9.614507
b10 		 43 		 9.614507
b10 		 44 		 9.614507
b10 		 45 		 9.614507
b10 		 46 		 9.614507
b10 		 47 		 9.614507
b10 		 48 		 9.614507
b10 		 49 		 9.614507
b10 		 50 		 9.614507
b10 		 51 		 9.614507
b10 		 52 		 9.614507
b10 		 53 		 10.185876
b10 		 54 		 9.614507
b10 		 55 		 9.614507
b10 		 56 		 9.614507
b10 		 57 		 9.614507
b10 		 58 		 10.185876
b10 		 59 		 9.614507
b10 		 60 		 10.185876
b10 		 61 		 10.185876
b10 		 62 		 10.185876
b10 		 63 		 10.185876
b10 		 64 		 10.185876
b10 		 65 		 10.185876
b10 		 66 		 10.185876
b10 		 67 		 10.185876
b10 		 68 		 10.185876
b10 		 69 		 10.185876
b10 		 70 		 10.185876
b10 		 71 		 10.185876
b10 		 72 		 10.185876
b10 		 73 		 10.185876
b10 		 74 		 11.022192
b10 		 75 		 10.185876
b10 		 76 		 10.185876
b10 		 77 		 10.185876
b10 		 78 		 10.185876
b10 		 79 		 10.185876
b10 		 80 		 10.185876
b10 		 81 		 10.185876
b10 		 82 		 9.614507
b10 		 83 		 10.185876
b10 		 84 		 9.614507
b10 		 85 		 9.614507
b10 		 86 		 9.614507
b10 		 87 		 9.614507
b10 		 88 		 9.614507
b10 		 89 		 9.614507
b10 		 90 		 9.614507
b10 		 91 		 9.614507
b10 		 92 		 9.614507
b10 		 93 		 9.614507
b10 		 94 		 9.614507
b10 		 95 		 9.614507
b10 		 96 		 9.614507
----------------------------------------------------------------------------------------------------
b11 		 1 		 9.614507
b11 		 2 		 9.614507
b11 		 3 		 9.614507
b11 		 4 		 9.614507
b11 		 5 		 9.408671
b11 		 6 		 9.408671
b11 		 7 		 9.408671
b11 		 8 		 9.408671
b11 		 9 		 9.408671
b11 		 10 		 9.408671
b11 		 11 		 9.408671
b11 		 12 		 9.408671
b11 		 13 		 9.408671
b11 		 14 		 9.408671
b11 		 15 		 9.408671
b11 		 16 		 9.408671
b11 		 17 		 9.408671
b11 		 18 		 9.408671
b11 		 19 		 9.408671
b11 		 20 		 9.408671
b11 		 21 		 9.408671
b11 		 22 		 9.408671
b11 		 23 		 9.408671
b11 		 24 		 9.408671
b11 		 25 		 9.408671
b11 		 26 		 9.408671
b11 		 27 		 9.408671
b11 		 28 		 9.408671
b11 		 29 		 9.614507
b11 		 30 		 9.614507
b11 		 31 		 9.614507
b11 		 32 		 9.614507
b11 		 33 		 9.457625
b11 		 34 		 9.614507
b11 		 35 		 9.614507
b11 		 36 		 9.614507
b11 		 37 		 9.614507
b11 		 38 		 9.614507
b11 		 39 		 9.614507
b11 		 40 		 9.614507
b11 		 41 		 9.614507
b11 		 42 		 9.614507
b11 		 43 		 9.614507
b11 		 44 		 9.614507
b11 		 45 		 9.614507
b11 		 46 		 9.614507
b11 		 47 		 9.614507
b11 		 48 		 9.614507
b11 		 49 		 9.614507
b11 		 50 		 9.614507
b11 		 51 		 9.614507
b11 		 52 		 9.614507
b11 		 53 		 10.185876
b11 		 54 		 9.614507
b11 		 55 		 9.614507
b11 		 56 		 9.614507
b11 		 57 		 9.614507
b11 		 58 		 10.185876
b11 		 59 		 9.614507
b11 		 60 		 10.185876
b11 		 61 		 10.185876
b11 		 62 		 10.185876
b11 		 63 		 10.185876
b11 		 64 		 10.185876
b11 		 65 		 10.185876
b11 		 66 		 10.185876
b11 		 67 		 10.185876
b11 		 68 		 10.185876
b11 		 69 		 10.185876
b11 		 70 		 10.185876
b11 		 71 		 10.185876
b11 		 72 		 10.185876
b11 		 73 		 10.185876
b11 		 74 		 11.022192
b11 		 75 		 10.185876
b11 		 76 		 10.185876
b11 		 77 		 10.185876
b11 		 78 		 10.185876
b11 		 79 		 10.185876
b11 		 80 		 10.185876
b11 		 81 		 10.185876
b11 		 82 		 9.614507
b11 		 83 		 10.185876
b11 		 84 		 9.614507
b11 		 85 		 9.614507
b11 		 86 		 9.614507
b11 		 87 		 9.614507
b11 		 88 		 9.614507
b11 		 89 		 9.614507
b11 		 90 		 9.614507
b11 		 91 		 9.614507
b11 		 92 		 9.614507
b11 		 93 		 9.614507
b11 		 94 		 9.614507
b11 		 95 		 9.614507
b11 		 96 		 9.614507
----------------------------------------------------------------------------------------------------
b12 		 1 		 9.614507
b12 		 2 		 9.614507
b12 		 3 		 9.614507
b12 		 4 		 9.614507
b12 		 5 		 9.408671
b12 		 6 		 9.408671
b12 		 7 		 9.408671
b12 		 8 		 9.408671
b12 		 9 		 9.408671
b12 		 10 		 9.408671
b12 		 11 		 9.408671
b12 		 12 		 9.408671
b12 		 13 		 9.408671
b12 		 14 		 9.408671
b12 		 15 		 9.408671
b12 		 16 		 9.408671
b12 		 17 		 9.408671
b12 		 18 		 9.408671
b12 		 19 		 9.408671
b12 		 20 		 9.408671
b12 		 21 		 9.408671
b12 		 22 		 9.408671
b12 		 23 		 9.408671
b12 		 24 		 9.408671
b12 		 25 		 9.408671
b12 		 26 		 9.408671
b12 		 27 		 9.408671
b12 		 28 		 9.408671
b12 		 29 		 9.614507
b12 		 30 		 9.614507
b12 		 31 		 9.614507
b12 		 32 		 9.614507
b12 		 33 		 9.457625
b12 		 34 		 9.614507
b12 		 35 		 9.614507
b12 		 36 		 9.614507
b12 		 37 		 9.614507
b12 		 38 		 9.614507
b12 		 39 		 9.614507
b12 		 40 		 9.614507
b12 		 41 		 9.614507
b12 		 42 		 9.614507
b12 		 43 		 9.614507
b12 		 44 		 9.614507
b12 		 45 		 9.614507
b12 		 46 		 9.614507
b12 		 47 		 9.614507
b12 		 48 		 9.614507
b12 		 49 		 9.614507
b12 		 50 		 9.614507
b12 		 51 		 9.614507
b12 		 52 		 9.614507
b12 		 53 		 10.185876
b12 		 54 		 9.614507
b12 		 55 		 9.614507
b12 		 56 		 9.614507
b12 		 57 		 9.614507
b12 		 58 		 10.185876
b12 		 59 		 9.614507
b12 		 60 		 10.185876
b12 		 61 		 10.185876
b12 		 62 		 10.185876
b12 		 63 		 10.185876
b12 		 64 		 10.185876
b12 		 65 		 10.185876
b12 		 66 		 10.185876
b12 		 67 		 10.185876
b12 		 68 		 10.185876
b12 		 69 		 10.185876
b12 		 70 		 10.185876
b12 		 71 		 10.185876
b12 		 72 		 10.185876
b12 		 73 		 10.185876
b12 		 74 		 11.022192
b12 		 75 		 10.185876
b12 		 76 		 10.185876
b12 		 77 		 10.185876
b12 		 78 		 10.185876
b12 		 79 		 10.185876
b12 		 80 		 10.185876
b12 		 81 		 10.185876
b12 		 82 		 9.614507
b12 		 83 		 10.185876
b12 		 84 		 9.614507
b12 		 85 		 9.614507
b12 		 86 		 9.614507
b12 		 87 		 9.614507
b12 		 88 		 9.614507
b12 		 89 		 9.614507
b12 		 90 		 9.614507
b12 		 91 		 9.614507
b12 		 92 		 9.614507
b12 		 93 		 9.614507
b12 		 94 		 9.614507
b12 		 95 		 9.614507
b12 		 96 		 9.614507
----------------------------------------------------------------------------------------------------
b13 		 1 		 9.614507
b13 		 2 		 9.614507
b13 		 3 		 9.614507
b13 		 4 		 9.614507
b13 		 5 		 9.408671
b13 		 6 		 9.408671
b13 		 7 		 9.408671
b13 		 8 		 9.408671
b13 		 9 		 9.408671
b13 		 10 		 9.408671
b13 		 11 		 9.408671
b13 		 12 		 9.408671
b13 		 13 		 9.408671
b13 		 14 		 9.408671
b13 		 15 		 9.408671
b13 		 16 		 9.408671
b13 		 17 		 9.408671
b13 		 18 		 9.408671
b13 		 19 		 9.408671
b13 		 20 		 9.408671
b13 		 21 		 9.408671
b13 		 22 		 9.408671
b13 		 23 		 9.408671
b13 		 24 		 9.408671
b13 		 25 		 9.408671
b13 		 26 		 9.408671
b13 		 27 		 9.408671
b13 		 28 		 9.408671
b13 		 29 		 9.614507
b13 		 30 		 9.614507
b13 		 31 		 9.614507
b13 		 32 		 9.614507
b13 		 33 		 9.457625
b13 		 34 		 9.614507
b13 		 35 		 9.614507
b13 		 36 		 9.614507
b13 		 37 		 9.614507
b13 		 38 		 9.614507
b13 		 39 		 9.614507
b13 		 40 		 9.614507
b13 		 41 		 9.614507
b13 		 42 		 9.614507
b13 		 43 		 9.614507
b13 		 44 		 9.614507
b13 		 45 		 9.614507
b13 		 46 		 9.614507
b13 		 47 		 9.614507
b13 		 48 		 9.614507
b13 		 49 		 9.614507
b13 		 50 		 9.614507
b13 		 51 		 9.614507
b13 		 52 		 9.614507
b13 		 53 		 10.185876
b13 		 54 		 9.614507
b13 		 55 		 9.614507
b13 		 56 		 9.614507
b13 		 57 		 9.614507
b13 		 58 		 10.185876
b13 		 59 		 9.614507
b13 		 60 		 10.185876
b13 		 61 		 10.185876
b13 		 62 		 10.185876
b13 		 63 		 10.185876
b13 		 64 		 10.185876
b13 		 65 		 10.185876
b13 		 66 		 10.185876
b13 		 67 		 10.185876
b13 		 68 		 10.185876
b13 		 69 		 10.185876
b13 		 70 		 10.185876
b13 		 71 		 10.185876
b13 		 72 		 10.185876
b13 		 73 		 10.185876
b13 		 74 		 11.022192
b13 		 75 		 10.185876
b13 		 76 		 10.185876
b13 		 77 		 10.185876
b13 		 78 		 10.185876
b13 		 79 		 10.185876
b13 		 80 		 10.185876
b13 		 81 		 10.185876
b13 		 82 		 9.614507
b13 		 83 		 10.185876
b13 		 84 		 9.614507
b13 		 85 		 9.614507
b13 		 86 		 9.614507
b13 		 87 		 9.614507
b13 		 88 		 9.614507
b13 		 89 		 9.614507
b13 		 90 		 9.614507
b13 		 91 		 9.614507
b13 		 92 		 9.614507
b13 		 93 		 9.614507
b13 		 94 		 9.614507
b13 		 95 		 9.614507
b13 		 96 		 9.614507
----------------------------------------------------------------------------------------------------
b14 		 1 		 9.614507
b14 		 2 		 9.614507
b14 		 3 		 9.614507
b14 		 4 		 9.614507
b14 		 5 		 9.408671
b14 		 6 		 9.408671
b14 		 7 		 9.408671
b14 		 8 		 9.408671
b14 		 9 		 9.408671
b14 		 10 		 9.408671
b14 		 11 		 9.408671
b14 		 12 		 9.408671
b14 		 13 		 9.408671
b14 		 14 		 9.408671
b14 		 15 		 9.408671
b14 		 16 		 9.408671
b14 		 17 		 9.408671
b14 		 18 		 9.408671
b14 		 19 		 9.408671
b14 		 20 		 9.408671
b14 		 21 		 9.408671
b14 		 22 		 9.408671
b14 		 23 		 9.408671
b14 		 24 		 9.408671
b14 		 25 		 9.408671
b14 		 26 		 9.408671
b14 		 27 		 9.408671
b14 		 28 		 9.408671
b14 		 29 		 9.614507
b14 		 30 		 9.614507
b14 		 31 		 9.614507
b14 		 32 		 9.614507
b14 		 33 		 9.457625
b14 		 34 		 9.614507
b14 		 35 		 9.614507
b14 		 36 		 9.614507
b14 		 37 		 9.614507
b14 		 38 		 9.614507
b14 		 39 		 9.614507
b14 		 40 		 9.614507
b14 		 41 		 9.614507
b14 		 42 		 9.614507
b14 		 43 		 9.614507
b14 		 44 		 9.614507
b14 		 45 		 9.614507
b14 		 46 		 9.614507
b14 		 47 		 9.614507
b14 		 48 		 9.614507
b14 		 49 		 9.614507
b14 		 50 		 9.614507
b14 		 51 		 9.614507
b14 		 52 		 9.614507
b14 		 53 		 10.185876
b14 		 54 		 9.614507
b14 		 55 		 9.614507
b14 		 56 		 9.614507
b14 		 57 		 9.614507
b14 		 58 		 10.185876
b14 		 59 		 9.614507
b14 		 60 		 10.185876
b14 		 61 		 10.185876
b14 		 62 		 10.185876
b14 		 63 		 10.185876
b14 		 64 		 10.185876
b14 		 65 		 10.185876
b14 		 66 		 10.185876
b14 		 67 		 10.185876
b14 		 68 		 10.185876
b14 		 69 		 10.185876
b14 		 70 		 10.185876
b14 		 71 		 10.185876
b14 		 72 		 10.185876
b14 		 73 		 10.185876
b14 		 74 		 11.022192
b14 		 75 		 10.185876
b14 		 76 		 10.185876
b14 		 77 		 10.185876
b14 		 78 		 10.185876
b14 		 79 		 10.185876
b14 		 80 		 10.185876
b14 		 81 		 10.185876
b14 		 82 		 9.614507
b14 		 83 		 10.185876
b14 		 84 		 9.614507
b14 		 85 		 9.614507
b14 		 86 		 9.614507
b14 		 87 		 9.614507
b14 		 88 		 9.614507
b14 		 89 		 9.614507
b14 		 90 		 9.614507
b14 		 91 		 9.614507
b14 		 92 		 9.614507
b14 		 93 		 9.614507
b14 		 94 		 9.614507
b14 		 95 		 9.614507
b14 		 96 		 9.614507
----------------------------------------------------------------------------------------------------
Total overall payments
----------------------------------------------------------------------------------------------------------------------------------------------------
total generation payment 	 total up-FRP payment 	 total dw-FRP payment 	 total pre-up t. payment 	 uplift payment 	 total post-up t. payment 	 profit
----------------------------------------------------------------------------------------------------------------------------------------------------
333955.33343 			 536.260476 			 0.0 			 334491.593906			 42788.974956000005 			 377280.568862 			 30371.98741100001
