****************************************************************************************************
 
Generation payment
----------------------------------------------------------------------------------------------------------------
unit	 time 	 generation payment 	 up-FRP payment 	 dw-FRP payment 	pre-up total payment
----------------------------------------------------------------------------------------------------------------
g1	 1 	 166.944271 			 0.0 			 0.0			 166.944271 
g1	 2 	 180.219636 			 0.0 			 0.0			 180.219636 
g1	 3 	 132.787619 			 0.0 			 0.0			 132.787619 
g1	 4 	 144.837395 			 0.0 			 0.0			 144.837395 
g1	 5 	 167.095701 			 0.0 			 0.0			 167.095701 
g1	 6 	 162.090796 			 0.0 			 0.0			 162.090796 
g1	 7 	 150.463203 			 0.0 			 0.0			 150.463203 
g1	 8 	 165.6467 			 0.0 			 0.0			 165.6467 
g1	 9 	 117.375081 			 0.0 			 0.0			 117.375081 
g1	 10 	 172.418121 			 0.0 			 0.0			 172.418121 
g1	 11 	 131.30331 			 0.0 			 0.0			 131.30331 
g1	 12 	 161.716802 			 0.0 			 0.0			 161.716802 
g1	 13 	 182.342914 			 0.0 			 0.0			 182.342914 
g1	 14 	 174.233044 			 0.0 			 0.0			 174.233044 
g1	 15 	 206.536323 			 0.0 			 0.0			 206.536323 
g1	 16 	 158.955611 			 0.0 			 0.0			 158.955611 
g1	 17 	 122.412286 			 0.0 			 0.0			 122.412286 
g1	 18 	 158.984477 			 0.0 			 0.0			 158.984477 
g1	 19 	 120.714519 			 0.0 			 0.0			 120.714519 
g1	 20 	 165.465273 			 0.0 			 0.0			 165.465273 
g1	 21 	 190.081301 			 0.0 			 0.0			 190.081301 
g1	 22 	 157.969225 			 0.0 			 0.0			 157.969225 
g1	 23 	 189.099111 			 0.0 			 0.0			 189.099111 
g1	 24 	 100.670522 			 0.0 			 0.0			 100.670522 
g1	 25 	 136.724078 			 0.0 			 0.0			 136.724078 
g1	 26 	 144.737246 			 0.0 			 0.0			 144.737246 
g1	 27 	 157.190271 			 0.0 			 0.0			 157.190271 
g1	 28 	 175.961379 			 0.0 			 0.0			 175.961379 
g1	 29 	 126.474744 			 0.0 			 0.0			 126.474744 
g1	 30 	 212.848638 			 0.0 			 0.0			 212.848638 
g1	 31 	 178.043402 			 0.0 			 0.0			 178.043402 
g1	 32 	 158.439528 			 0.0 			 0.0			 158.439528 
g1	 33 	 121.486824 			 0.0 			 0.0			 121.486824 
g1	 34 	 188.234193 			 0.0 			 0.0			 188.234193 
g1	 35 	 144.490984 			 0.0 			 0.0			 144.490984 
g1	 36 	 172.144921 			 0.0 			 0.0			 172.144921 
g1	 37 	 217.596369 			 0.0 			 0.0			 217.596369 
g1	 38 	 127.048086 			 0.0 			 0.0			 127.048086 
g1	 39 	 245.963279 			 0.0 			 0.0			 245.963279 
g1	 40 	 118.512173 			 0.0 			 0.0			 118.512173 
g1	 41 	 199.034313 			 0.0 			 0.0			 199.034313 
g1	 42 	 97.176082 			 0.0 			 0.0			 97.176082 
g1	 43 	 205.170484 			 0.0 			 0.0			 205.170484 
g1	 44 	 85.630424 			 0.0 			 0.0			 85.630424 
g1	 45 	 169.844795 			 0.0 			 0.0			 169.844795 
g1	 46 	 139.10711 			 0.0 			 0.0			 139.10711 
g1	 47 	 121.114916 			 0.0 			 0.0			 121.114916 
g1	 48 	 144.827261 			 0.0 			 0.0			 144.827261 
g1	 49 	 161.14731 			 0.0 			 0.0			 161.14731 
g1	 50 	 196.889076 			 0.0 			 0.0			 196.889076 
g1	 51 	 145.918075 			 0.0 			 0.0			 145.918075 
g1	 52 	 236.484651 			 0.0 			 0.0			 236.484651 
g1	 53 	 182.942458 			 0.0 			 0.0			 182.942458 
g1	 54 	 182.942458 			 0.0 			 0.0			 182.942458 
g1	 55 	 182.942458 			 0.0 			 0.0			 182.942458 
g1	 56 	 182.942458 			 0.0 			 0.0			 182.942458 
g1	 57 	 182.942458 			 0.0 			 0.0			 182.942458 
g1	 58 	 186.287169 			 0.0 			 0.0			 186.287169 
g1	 59 	 182.942458 			 0.0 			 0.0			 182.942458 
g1	 60 	 186.287169 			 0.0 			 0.0			 186.287169 
g1	 61 	 186.287169 			 0.0 			 0.0			 186.287169 
g1	 62 	 182.942458 			 0.0 			 0.0			 182.942458 
g1	 63 	 182.942458 			 0.0 			 0.0			 182.942458 
g1	 64 	 182.942458 			 0.0 			 0.0			 182.942458 
g1	 65 	 186.287169 			 0.0 			 0.0			 186.287169 
g1	 66 	 186.287169 			 0.0 			 0.0			 186.287169 
g1	 67 	 186.287169 			 0.0 			 0.0			 186.287169 
g1	 68 	 186.287169 			 0.0 			 0.0			 186.287169 
g1	 69 	 186.287169 			 0.0 			 0.0			 186.287169 
g1	 70 	 186.287169 			 0.0 			 0.0			 186.287169 
g1	 71 	 186.287169 			 0.0 			 0.0			 186.287169 
g1	 72 	 186.287169 			 0.0 			 0.0			 186.287169 
g1	 73 	 179.597748 			 0.0 			 0.0			 179.597748 
g1	 74 	 182.942458 			 0.0 			 0.0			 182.942458 
g1	 75 	 182.942458 			 0.0 			 0.0			 182.942458 
g1	 76 	 182.942458 			 0.0 			 0.0			 182.942458 
g1	 77 	 189.63188 			 0.0 			 0.0			 189.63188 
g1	 78 	 200.487051 			 0.0 			 0.0			 200.487051 
g1	 79 	 186.287169 			 0.0 			 0.0			 186.287169 
g1	 80 	 186.287169 			 0.0 			 0.0			 186.287169 
g1	 81 	 186.287169 			 0.0 			 0.0			 186.287169 
g1	 82 	 186.287169 			 0.0 			 0.0			 186.287169 
g1	 83 	 200.487051 			 0.0 			 0.0			 200.487051 
g1	 84 	 172.087288 			 0.0 			 0.0			 172.087288 
g1	 85 	 162.140113 			 0.0 			 0.0			 162.140113 
g1	 86 	 157.756215 			 0.0 			 0.0			 157.756215 
g1	 87 	 132.564611 			 0.0 			 0.0			 132.564611 
g1	 88 	 152.68464 			 0.0 			 0.0			 152.68464 
g1	 89 	 495.481215 			 0.0 			 0.0			 495.481215 
g1	 90 	 393.593198 			 0.0 			 0.0			 393.593198 
g1	 91 	 458.91985 			 0.0 			 0.0			 458.91985 
g1	 92 	 421.353289 			 0.0 			 0.0			 421.353289 
g1	 93 	 147.343454 			 0.0 			 0.0			 147.343454 
g1	 94 	 165.976878 			 0.0 			 0.0			 165.976878 
g1	 95 	 178.880258 			 0.0 			 0.0			 178.880258 
g1	 96 	 143.513073 			 0.0 			 0.0			 143.513073 
----------------------------------------------------------------------------------------------------
g2	 1 	 0.0 			 0.0 			 0.0			 0.0 
g2	 2 	 0.0 			 0.0 			 0.0			 0.0 
g2	 3 	 0.0 			 0.0 			 0.0			 0.0 
g2	 4 	 0.0 			 0.0 			 0.0			 0.0 
g2	 5 	 0.0 			 0.0 			 0.0			 0.0 
g2	 6 	 0.0 			 0.0 			 0.0			 0.0 
g2	 7 	 0.0 			 0.0 			 0.0			 0.0 
g2	 8 	 0.0 			 0.0 			 0.0			 0.0 
g2	 9 	 0.0 			 0.0 			 0.0			 0.0 
g2	 10 	 0.0 			 0.0 			 0.0			 0.0 
g2	 11 	 0.0 			 0.0 			 0.0			 0.0 
g2	 12 	 0.0 			 0.0 			 0.0			 0.0 
g2	 13 	 0.0 			 0.0 			 0.0			 0.0 
g2	 14 	 0.0 			 0.0 			 0.0			 0.0 
g2	 15 	 0.0 			 0.0 			 0.0			 0.0 
g2	 16 	 0.0 			 0.0 			 0.0			 0.0 
g2	 17 	 0.0 			 0.0 			 0.0			 0.0 
g2	 18 	 0.0 			 0.0 			 0.0			 0.0 
g2	 19 	 0.0 			 0.0 			 0.0			 0.0 
g2	 20 	 0.0 			 0.0 			 0.0			 0.0 
g2	 21 	 0.0 			 0.0 			 0.0			 0.0 
g2	 22 	 0.0 			 0.0 			 0.0			 0.0 
g2	 23 	 0.0 			 0.0 			 0.0			 0.0 
g2	 24 	 0.0 			 0.0 			 0.0			 0.0 
g2	 25 	 0.0 			 0.0 			 0.0			 0.0 
g2	 26 	 0.0 			 0.0 			 0.0			 0.0 
g2	 27 	 0.0 			 0.0 			 0.0			 0.0 
g2	 28 	 0.0 			 0.0 			 0.0			 0.0 
g2	 29 	 0.0 			 0.0 			 0.0			 0.0 
g2	 30 	 0.0 			 0.0 			 0.0			 0.0 
g2	 31 	 0.0 			 0.0 			 0.0			 0.0 
g2	 32 	 0.0 			 0.0 			 0.0			 0.0 
g2	 33 	 0.0 			 0.0 			 0.0			 0.0 
g2	 34 	 0.0 			 0.0 			 0.0			 0.0 
g2	 35 	 0.0 			 0.0 			 0.0			 0.0 
g2	 36 	 0.0 			 0.0 			 0.0			 0.0 
g2	 37 	 0.0 			 0.0 			 0.0			 0.0 
g2	 38 	 0.0 			 0.0 			 0.0			 0.0 
g2	 39 	 0.0 			 0.0 			 0.0			 0.0 
g2	 40 	 0.0 			 0.0 			 0.0			 0.0 
g2	 41 	 0.0 			 0.0 			 0.0			 0.0 
g2	 42 	 0.0 			 0.0 			 0.0			 0.0 
g2	 43 	 0.0 			 0.0 			 0.0			 0.0 
g2	 44 	 0.0 			 0.0 			 0.0			 0.0 
g2	 45 	 0.0 			 0.0 			 0.0			 0.0 
g2	 46 	 0.0 			 0.0 			 0.0			 0.0 
g2	 47 	 0.0 			 0.0 			 0.0			 0.0 
g2	 48 	 0.0 			 0.0 			 0.0			 0.0 
g2	 49 	 0.0 			 0.0 			 0.0			 0.0 
g2	 50 	 0.0 			 0.0 			 0.0			 0.0 
g2	 51 	 0.0 			 0.0 			 0.0			 0.0 
g2	 52 	 0.0 			 0.0 			 0.0			 0.0 
g2	 53 	 0.0 			 0.0 			 0.0			 0.0 
g2	 54 	 0.0 			 0.0 			 0.0			 0.0 
g2	 55 	 0.0 			 0.0 			 0.0			 0.0 
g2	 56 	 0.0 			 0.0 			 0.0			 0.0 
g2	 57 	 0.0 			 0.0 			 0.0			 0.0 
g2	 58 	 0.0 			 0.0 			 0.0			 0.0 
g2	 59 	 0.0 			 0.0 			 0.0			 0.0 
g2	 60 	 0.0 			 0.0 			 0.0			 0.0 
g2	 61 	 0.0 			 0.0 			 0.0			 0.0 
g2	 62 	 0.0 			 0.0 			 0.0			 0.0 
g2	 63 	 0.0 			 0.0 			 0.0			 0.0 
g2	 64 	 0.0 			 0.0 			 0.0			 0.0 
g2	 65 	 0.0 			 0.0 			 0.0			 0.0 
g2	 66 	 0.0 			 0.0 			 0.0			 0.0 
g2	 67 	 0.0 			 0.0 			 0.0			 0.0 
g2	 68 	 0.0 			 0.0 			 0.0			 0.0 
g2	 69 	 0.0 			 0.0 			 0.0			 0.0 
g2	 70 	 0.0 			 0.0 			 0.0			 0.0 
g2	 71 	 0.0 			 0.0 			 0.0			 0.0 
g2	 72 	 0.0 			 0.0 			 0.0			 0.0 
g2	 73 	 0.0 			 0.0 			 0.0			 0.0 
g2	 74 	 0.0 			 0.0 			 0.0			 0.0 
g2	 75 	 0.0 			 0.0 			 0.0			 0.0 
g2	 76 	 0.0 			 0.0 			 0.0			 0.0 
g2	 77 	 0.0 			 0.0 			 0.0			 0.0 
g2	 78 	 0.0 			 0.0 			 0.0			 0.0 
g2	 79 	 0.0 			 0.0 			 0.0			 0.0 
g2	 80 	 0.0 			 0.0 			 0.0			 0.0 
g2	 81 	 0.0 			 0.0 			 0.0			 0.0 
g2	 82 	 0.0 			 0.0 			 0.0			 0.0 
g2	 83 	 0.0 			 0.0 			 0.0			 0.0 
g2	 84 	 0.0 			 0.0 			 0.0			 0.0 
g2	 85 	 0.0 			 0.0 			 0.0			 0.0 
g2	 86 	 0.0 			 0.0 			 0.0			 0.0 
g2	 87 	 0.0 			 0.0 			 0.0			 0.0 
g2	 88 	 0.0 			 0.0 			 0.0			 0.0 
g2	 89 	 0.0 			 0.0 			 0.0			 0.0 
g2	 90 	 0.0 			 0.0 			 0.0			 0.0 
g2	 91 	 0.0 			 0.0 			 0.0			 0.0 
g2	 92 	 0.0 			 0.0 			 0.0			 0.0 
g2	 93 	 0.0 			 0.0 			 0.0			 0.0 
g2	 94 	 0.0 			 0.0 			 0.0			 0.0 
g2	 95 	 0.0 			 0.0 			 0.0			 0.0 
g2	 96 	 0.0 			 0.0 			 0.0			 0.0 
----------------------------------------------------------------------------------------------------
g3	 1 	 0.0 			 0.0 			 0.0			 0.0 
g3	 2 	 0.0 			 0.0 			 0.0			 0.0 
g3	 3 	 0.0 			 0.0 			 0.0			 0.0 
g3	 4 	 0.0 			 0.0 			 0.0			 0.0 
g3	 5 	 0.0 			 0.0 			 0.0			 0.0 
g3	 6 	 0.0 			 0.0 			 0.0			 0.0 
g3	 7 	 0.0 			 0.0 			 0.0			 0.0 
g3	 8 	 0.0 			 0.0 			 0.0			 0.0 
g3	 9 	 0.0 			 0.0 			 0.0			 0.0 
g3	 10 	 0.0 			 0.0 			 0.0			 0.0 
g3	 11 	 0.0 			 0.0 			 0.0			 0.0 
g3	 12 	 0.0 			 0.0 			 0.0			 0.0 
g3	 13 	 0.0 			 0.0 			 0.0			 0.0 
g3	 14 	 0.0 			 0.0 			 0.0			 0.0 
g3	 15 	 0.0 			 0.0 			 0.0			 0.0 
g3	 16 	 0.0 			 0.0 			 0.0			 0.0 
g3	 17 	 0.0 			 0.0 			 0.0			 0.0 
g3	 18 	 0.0 			 0.0 			 0.0			 0.0 
g3	 19 	 0.0 			 0.0 			 0.0			 0.0 
g3	 20 	 0.0 			 0.0 			 0.0			 0.0 
g3	 21 	 15.233052 			 0.0 			 0.0			 15.233052 
g3	 22 	 15.233052 			 0.0 			 0.0			 15.233052 
g3	 23 	 15.233052 			 0.0 			 0.0			 15.233052 
g3	 24 	 15.233052 			 0.0 			 0.0			 15.233052 
g3	 25 	 15.233052 			 0.0 			 0.0			 15.233052 
g3	 26 	 15.233052 			 0.0 			 0.0			 15.233052 
g3	 27 	 15.233052 			 0.0 			 0.0			 15.233052 
g3	 28 	 15.233052 			 0.0 			 0.0			 15.233052 
g3	 29 	 15.56631 			 0.0 			 0.0			 15.56631 
g3	 30 	 15.56631 			 0.0 			 0.0			 15.56631 
g3	 31 	 15.56631 			 0.0 			 0.0			 15.56631 
g3	 32 	 15.56631 			 0.0 			 0.0			 15.56631 
g3	 33 	 15.56631 			 0.0 			 0.0			 15.56631 
g3	 34 	 15.56631 			 0.0 			 0.0			 15.56631 
g3	 35 	 15.56631 			 0.0 			 0.0			 15.56631 
g3	 36 	 15.56631 			 0.0 			 0.0			 15.56631 
g3	 37 	 15.56631 			 0.0 			 0.0			 15.56631 
g3	 38 	 15.56631 			 0.0 			 0.0			 15.56631 
g3	 39 	 15.56631 			 0.0 			 0.0			 15.56631 
g3	 40 	 15.56631 			 0.0 			 0.0			 15.56631 
g3	 41 	 15.56631 			 0.0 			 0.0			 15.56631 
g3	 42 	 15.56631 			 0.0 			 0.0			 15.56631 
g3	 43 	 15.56631 			 0.0 			 0.0			 15.56631 
g3	 44 	 15.56631 			 0.0 			 0.0			 15.56631 
g3	 45 	 15.56631 			 0.0 			 0.0			 15.56631 
g3	 46 	 15.56631 			 0.0 			 0.0			 15.56631 
g3	 47 	 15.56631 			 0.0 			 0.0			 15.56631 
g3	 48 	 15.56631 			 0.0 			 0.0			 15.56631 
g3	 49 	 15.56631 			 0.0 			 0.0			 15.56631 
g3	 50 	 15.56631 			 0.0 			 0.0			 15.56631 
g3	 51 	 15.56631 			 0.0 			 0.0			 15.56631 
g3	 52 	 17.525007 			 0.0 			 0.0			 17.525007 
g3	 53 	 17.525007 			 0.0 			 0.0			 17.525007 
g3	 54 	 17.525007 			 0.0 			 0.0			 17.525007 
g3	 55 	 17.525007 			 0.0 			 0.0			 17.525007 
g3	 56 	 17.525007 			 0.0 			 0.0			 17.525007 
g3	 57 	 17.525007 			 0.0 			 0.0			 17.525007 
g3	 58 	 17.845414 			 0.0 			 0.0			 17.845414 
g3	 59 	 17.525007 			 0.0 			 0.0			 17.525007 
g3	 60 	 17.845414 			 0.0 			 0.0			 17.845414 
g3	 61 	 17.845414 			 0.0 			 0.0			 17.845414 
g3	 62 	 17.525007 			 0.0 			 0.0			 17.525007 
g3	 63 	 17.525007 			 0.0 			 0.0			 17.525007 
g3	 64 	 17.525007 			 0.0 			 0.0			 17.525007 
g3	 65 	 17.845414 			 0.0 			 0.0			 17.845414 
g3	 66 	 17.845414 			 0.0 			 0.0			 17.845414 
g3	 67 	 17.845414 			 0.0 			 0.0			 17.845414 
g3	 68 	 17.845414 			 0.0 			 0.0			 17.845414 
g3	 69 	 17.845414 			 0.0 			 0.0			 17.845414 
g3	 70 	 17.845414 			 0.0 			 0.0			 17.845414 
g3	 71 	 17.845414 			 0.0 			 0.0			 17.845414 
g3	 72 	 17.845414 			 0.0 			 0.0			 17.845414 
g3	 73 	 17.204599 			 0.0 			 0.0			 17.204599 
g3	 74 	 17.525007 			 0.0 			 0.0			 17.525007 
g3	 75 	 17.525007 			 0.0 			 0.0			 17.525007 
g3	 76 	 17.525007 			 0.0 			 0.0			 17.525007 
g3	 77 	 18.165821 			 0.0 			 0.0			 18.165821 
g3	 78 	 23.054261 			 0.0 			 0.0			 23.054261 
g3	 79 	 17.845414 			 0.0 			 0.0			 17.845414 
g3	 80 	 17.845414 			 0.0 			 0.0			 17.845414 
g3	 81 	 -10.555281 			 0.0 			 0.0			 -10.555281 
g3	 82 	 -10.555281 			 0.0 			 0.0			 -10.555281 
g3	 83 	 58.042253 			 0.0 			 0.0			 58.042253 
g3	 84 	 -9.750697 			 0.0 			 0.0			 -9.750697 
g3	 85 	 15.56631 			 0.0 			 0.0			 15.56631 
g3	 86 	 15.56631 			 0.0 			 0.0			 15.56631 
g3	 87 	 15.56631 			 0.0 			 0.0			 15.56631 
g3	 88 	 15.56631 			 0.0 			 0.0			 15.56631 
g3	 89 	 -42.954916 			 0.0 			 0.0			 -42.954916 
g3	 90 	 -42.954916 			 0.0 			 0.0			 -42.954916 
g3	 91 	 -42.954916 			 0.0 			 0.0			 -42.954916 
g3	 92 	 -42.954916 			 0.0 			 0.0			 -42.954916 
g3	 93 	 0.0 			 0.0 			 0.0			 0.0 
g3	 94 	 0.0 			 0.0 			 0.0			 0.0 
g3	 95 	 0.0 			 0.0 			 0.0			 0.0 
g3	 96 	 0.0 			 0.0 			 0.0			 0.0 
----------------------------------------------------------------------------------------------------
g4	 1 	 0.0 			 0.0 			 0.0			 0.0 
g4	 2 	 0.0 			 0.0 			 0.0			 0.0 
g4	 3 	 0.0 			 0.0 			 0.0			 0.0 
g4	 4 	 0.0 			 0.0 			 0.0			 0.0 
g4	 5 	 0.0 			 0.0 			 0.0			 0.0 
g4	 6 	 0.0 			 0.0 			 0.0			 0.0 
g4	 7 	 0.0 			 0.0 			 0.0			 0.0 
g4	 8 	 0.0 			 0.0 			 0.0			 0.0 
g4	 9 	 0.0 			 0.0 			 0.0			 0.0 
g4	 10 	 0.0 			 0.0 			 0.0			 0.0 
g4	 11 	 0.0 			 0.0 			 0.0			 0.0 
g4	 12 	 0.0 			 0.0 			 0.0			 0.0 
g4	 13 	 0.0 			 0.0 			 0.0			 0.0 
g4	 14 	 0.0 			 0.0 			 0.0			 0.0 
g4	 15 	 0.0 			 0.0 			 0.0			 0.0 
g4	 16 	 0.0 			 0.0 			 0.0			 0.0 
g4	 17 	 0.0 			 0.0 			 0.0			 0.0 
g4	 18 	 0.0 			 0.0 			 0.0			 0.0 
g4	 19 	 0.0 			 0.0 			 0.0			 0.0 
g4	 20 	 0.0 			 0.0 			 0.0			 0.0 
g4	 21 	 0.0 			 0.0 			 0.0			 0.0 
g4	 22 	 0.0 			 0.0 			 0.0			 0.0 
g4	 23 	 0.0 			 0.0 			 0.0			 0.0 
g4	 24 	 0.0 			 0.0 			 0.0			 0.0 
g4	 25 	 0.0 			 0.0 			 0.0			 0.0 
g4	 26 	 0.0 			 0.0 			 0.0			 0.0 
g4	 27 	 0.0 			 0.0 			 0.0			 0.0 
g4	 28 	 0.0 			 0.0 			 0.0			 0.0 
g4	 29 	 0.0 			 0.0 			 0.0			 0.0 
g4	 30 	 0.0 			 0.0 			 0.0			 0.0 
g4	 31 	 0.0 			 0.0 			 0.0			 0.0 
g4	 32 	 0.0 			 0.0 			 0.0			 0.0 
g4	 33 	 0.0 			 0.0 			 0.0			 0.0 
g4	 34 	 0.0 			 0.0 			 0.0			 0.0 
g4	 35 	 0.0 			 0.0 			 0.0			 0.0 
g4	 36 	 0.0 			 0.0 			 0.0			 0.0 
g4	 37 	 0.0 			 0.0 			 0.0			 0.0 
g4	 38 	 0.0 			 0.0 			 0.0			 0.0 
g4	 39 	 0.0 			 0.0 			 0.0			 0.0 
g4	 40 	 0.0 			 0.0 			 0.0			 0.0 
g4	 41 	 8.645509 			 0.0 			 0.0			 8.645509 
g4	 42 	 8.645509 			 0.0 			 0.0			 8.645509 
g4	 43 	 8.645509 			 0.0 			 0.0			 8.645509 
g4	 44 	 8.645509 			 0.0 			 0.0			 8.645509 
g4	 45 	 8.645509 			 0.0 			 0.0			 8.645509 
g4	 46 	 8.645509 			 0.0 			 0.0			 8.645509 
g4	 47 	 8.645509 			 0.0 			 0.0			 8.645509 
g4	 48 	 8.645509 			 0.0 			 0.0			 8.645509 
g4	 49 	 8.645509 			 0.0 			 0.0			 8.645509 
g4	 50 	 8.645509 			 0.0 			 0.0			 8.645509 
g4	 51 	 8.645509 			 0.0 			 0.0			 8.645509 
g4	 52 	 95.332536 			 0.0 			 0.0			 95.332536 
g4	 53 	 28.871918 			 0.0 			 0.0			 28.871918 
g4	 54 	 27.576434 			 0.0 			 0.0			 27.576434 
g4	 55 	 22.125602 			 0.0 			 0.0			 22.125602 
g4	 56 	 5.197869 			 0.0 			 0.0			 5.197869 
g4	 57 	 -55.811115 			 0.0 			 0.0			 -55.811115 
g4	 58 	 59.575984 			 0.0 			 0.0			 59.575984 
g4	 59 	 -90.295668 			 0.0 			 0.0			 -90.295668 
g4	 60 	 59.575984 			 0.0 			 0.0			 59.575984 
g4	 61 	 16.162876 			 0.0 			 0.0			 16.162876 
g4	 62 	 13.482891 			 0.0 			 0.0			 13.482891 
g4	 63 	 -72.534572 			 0.0 			 0.0			 -72.534572 
g4	 64 	 -10.96397 			 0.0 			 0.0			 -10.96397 
g4	 65 	 9.91132 			 0.0 			 0.0			 9.91132 
g4	 66 	 9.91132 			 0.0 			 0.0			 9.91132 
g4	 67 	 9.91132 			 0.0 			 0.0			 9.91132 
g4	 68 	 9.91132 			 0.0 			 0.0			 9.91132 
g4	 69 	 9.91132 			 0.0 			 0.0			 9.91132 
g4	 70 	 9.91132 			 0.0 			 0.0			 9.91132 
g4	 71 	 9.91132 			 0.0 			 0.0			 9.91132 
g4	 72 	 -39.824789 			 0.0 			 0.0			 -39.824789 
g4	 73 	 -73.139632 			 0.0 			 0.0			 -73.139632 
g4	 74 	 11.176137 			 0.0 			 0.0			 11.176137 
g4	 75 	 -17.409219 			 0.0 			 0.0			 -17.409219 
g4	 76 	 28.661061 			 0.0 			 0.0			 28.661061 
g4	 77 	 0.0 			 0.0 			 0.0			 0.0 
g4	 78 	 0.0 			 0.0 			 0.0			 0.0 
g4	 79 	 0.0 			 0.0 			 0.0			 0.0 
g4	 80 	 0.0 			 0.0 			 0.0			 0.0 
g4	 81 	 0.0 			 0.0 			 0.0			 0.0 
g4	 82 	 0.0 			 0.0 			 0.0			 0.0 
g4	 83 	 0.0 			 0.0 			 0.0			 0.0 
g4	 84 	 0.0 			 0.0 			 0.0			 0.0 
g4	 85 	 0.0 			 0.0 			 0.0			 0.0 
g4	 86 	 0.0 			 0.0 			 0.0			 0.0 
g4	 87 	 0.0 			 0.0 			 0.0			 0.0 
g4	 88 	 0.0 			 0.0 			 0.0			 0.0 
g4	 89 	 0.0 			 0.0 			 0.0			 0.0 
g4	 90 	 0.0 			 0.0 			 0.0			 0.0 
g4	 91 	 0.0 			 0.0 			 0.0			 0.0 
g4	 92 	 0.0 			 0.0 			 0.0			 0.0 
g4	 93 	 0.0 			 0.0 			 0.0			 0.0 
g4	 94 	 0.0 			 0.0 			 0.0			 0.0 
g4	 95 	 0.0 			 0.0 			 0.0			 0.0 
g4	 96 	 0.0 			 0.0 			 0.0			 0.0 
----------------------------------------------------------------------------------------------------
g5	 1 	 0.0 			 0.0 			 0.0			 0.0 
g5	 2 	 0.0 			 0.0 			 0.0			 0.0 
g5	 3 	 0.0 			 0.0 			 0.0			 0.0 
g5	 4 	 0.0 			 0.0 			 0.0			 0.0 
g5	 5 	 0.0 			 0.0 			 0.0			 0.0 
g5	 6 	 0.0 			 0.0 			 0.0			 0.0 
g5	 7 	 0.0 			 0.0 			 0.0			 0.0 
g5	 8 	 0.0 			 0.0 			 0.0			 0.0 
g5	 9 	 0.0 			 0.0 			 0.0			 0.0 
g5	 10 	 0.0 			 0.0 			 0.0			 0.0 
g5	 11 	 0.0 			 0.0 			 0.0			 0.0 
g5	 12 	 0.0 			 0.0 			 0.0			 0.0 
g5	 13 	 0.0 			 0.0 			 0.0			 0.0 
g5	 14 	 0.0 			 0.0 			 0.0			 0.0 
g5	 15 	 0.0 			 0.0 			 0.0			 0.0 
g5	 16 	 0.0 			 0.0 			 0.0			 0.0 
g5	 17 	 0.0 			 0.0 			 0.0			 0.0 
g5	 18 	 0.0 			 0.0 			 0.0			 0.0 
g5	 19 	 0.0 			 0.0 			 0.0			 0.0 
g5	 20 	 0.0 			 0.0 			 0.0			 0.0 
g5	 21 	 0.0 			 0.0 			 0.0			 0.0 
g5	 22 	 0.0 			 0.0 			 0.0			 0.0 
g5	 23 	 0.0 			 0.0 			 0.0			 0.0 
g5	 24 	 0.0 			 0.0 			 0.0			 0.0 
g5	 25 	 0.0 			 0.0 			 0.0			 0.0 
g5	 26 	 0.0 			 0.0 			 0.0			 0.0 
g5	 27 	 0.0 			 0.0 			 0.0			 0.0 
g5	 28 	 0.0 			 0.0 			 0.0			 0.0 
g5	 29 	 0.0 			 0.0 			 0.0			 0.0 
g5	 30 	 0.0 			 0.0 			 0.0			 0.0 
g5	 31 	 0.0 			 0.0 			 0.0			 0.0 
g5	 32 	 0.0 			 0.0 			 0.0			 0.0 
g5	 33 	 22.372141 			 0.0 			 0.0			 22.372141 
g5	 34 	 22.372141 			 0.0 			 0.0			 22.372141 
g5	 35 	 22.372141 			 0.0 			 0.0			 22.372141 
g5	 36 	 22.372141 			 0.0 			 0.0			 22.372141 
g5	 37 	 22.372141 			 0.0 			 0.0			 22.372141 
g5	 38 	 22.372141 			 0.0 			 0.0			 22.372141 
g5	 39 	 22.372141 			 0.0 			 0.0			 22.372141 
g5	 40 	 22.372141 			 0.0 			 0.0			 22.372141 
g5	 41 	 22.372141 			 0.0 			 0.0			 22.372141 
g5	 42 	 22.372141 			 0.0 			 0.0			 22.372141 
g5	 43 	 22.372141 			 0.0 			 0.0			 22.372141 
g5	 44 	 22.372141 			 0.0 			 0.0			 22.372141 
g5	 45 	 22.372141 			 0.0 			 0.0			 22.372141 
g5	 46 	 22.372141 			 0.0 			 0.0			 22.372141 
g5	 47 	 22.372141 			 0.0 			 0.0			 22.372141 
g5	 48 	 22.372141 			 0.0 			 0.0			 22.372141 
g5	 49 	 22.372141 			 0.0 			 0.0			 22.372141 
g5	 50 	 22.372141 			 0.0 			 0.0			 22.372141 
g5	 51 	 22.372141 			 0.0 			 0.0			 22.372141 
g5	 52 	 25.18721 			 0.0 			 0.0			 25.18721 
g5	 53 	 25.18721 			 0.0 			 0.0			 25.18721 
g5	 54 	 25.18721 			 0.0 			 0.0			 25.18721 
g5	 55 	 25.18721 			 0.0 			 0.0			 25.18721 
g5	 56 	 25.18721 			 0.0 			 0.0			 25.18721 
g5	 57 	 25.18721 			 0.0 			 0.0			 25.18721 
g5	 58 	 123.147314 			 0.0 			 0.0			 123.147314 
g5	 59 	 25.18721 			 0.0 			 0.0			 25.18721 
g5	 60 	 47.486006 			 0.0 			 0.0			 47.486006 
g5	 61 	 110.685557 			 0.0 			 0.0			 110.685557 
g5	 62 	 25.18721 			 0.0 			 0.0			 25.18721 
g5	 63 	 25.18721 			 0.0 			 0.0			 25.18721 
g5	 64 	 25.18721 			 0.0 			 0.0			 25.18721 
g5	 65 	 -13.082394 			 0.0 			 0.0			 -13.082394 
g5	 66 	 21.842568 			 0.0 			 0.0			 21.842568 
g5	 67 	 60.180364 			 0.0 			 0.0			 60.180364 
g5	 68 	 -1.792297 			 0.0 			 0.0			 -1.792297 
g5	 69 	 31.969548 			 0.0 			 0.0			 31.969548 
g5	 70 	 110.660052 			 0.0 			 0.0			 110.660052 
g5	 71 	 56.132574 			 0.0 			 0.0			 56.132574 
g5	 72 	 130.909362 			 0.0 			 0.0			 130.909362 
g5	 73 	 24.726716 			 0.0 			 0.0			 24.726716 
g5	 74 	 25.18721 			 0.0 			 0.0			 25.18721 
g5	 75 	 25.18721 			 0.0 			 0.0			 25.18721 
g5	 76 	 70.928074 			 0.0 			 0.0			 70.928074 
g5	 77 	 18.592689 			 0.0 			 0.0			 18.592689 
g5	 78 	 38.713191 			 0.0 			 0.0			 38.713191 
g5	 79 	 -6.062393 			 0.0 			 0.0			 -6.062393 
g5	 80 	 33.353241 			 0.0 			 0.0			 33.353241 
g5	 81 	 67.518873 			 0.0 			 0.0			 67.518873 
g5	 82 	 -0.442927 			 0.0 			 0.0			 -0.442927 
g5	 83 	 91.963344 			 0.0 			 0.0			 91.963344 
g5	 84 	 -73.412047 			 0.0 			 0.0			 -73.412047 
g5	 85 	 22.372141 			 0.0 			 0.0			 22.372141 
g5	 86 	 22.372141 			 0.0 			 0.0			 22.372141 
g5	 87 	 22.372141 			 0.0 			 0.0			 22.372141 
g5	 88 	 22.372141 			 0.0 			 0.0			 22.372141 
g5	 89 	 -177.558658 			 0.0 			 0.0			 -177.558658 
g5	 90 	 -177.558658 			 0.0 			 0.0			 -177.558658 
g5	 91 	 -177.558658 			 0.0 			 0.0			 -177.558658 
g5	 92 	 -177.558658 			 0.0 			 0.0			 -177.558658 
g5	 93 	 0.0 			 0.0 			 0.0			 0.0 
g5	 94 	 0.0 			 0.0 			 0.0			 0.0 
g5	 95 	 0.0 			 0.0 			 0.0			 0.0 
g5	 96 	 0.0 			 0.0 			 0.0			 0.0 
----------------------------------------------------------------------------------------------------------------
unit 	 generation payment 	 up-FRP payment 	 dw-FRP payment 	pre-up total payment
----------------------------------------------------------------------------------------------------------------
 g1 	 17250.718696			 0.000000			 0.000000			 17250.718696
 g2 	 0.000000			 0.000000			 0.000000			 0.000000
 g3 	 915.756270			 0.000000			 0.000000			 915.756270
 g4 	 172.240166			 0.000000			 0.000000			 172.240166
 g5 	 1050.588546			 0.000000			 0.000000			 1050.588546
----------------------------------------------------------------------------------------------------
generation payment 	 up-FRP payment 	 dw-FRP payment 	 pre-up total payment
----------------------------------------------------------------------------------------------------
19389.303678 			 0.0 			 0.0 			 19389.303678
 
****************************************************************************************************
 
Generation costs
----------------------------------------------------------------------------------------------------
unit	 time 	 generation cost 	 start-up cost  	total cost
----------------------------------------------------------------------------------------------------
g1	 1 	 2397.657704 			 0.0 			2397.657704
g1	 2 	 2410.933075 			 0.0 			2410.933075
g1	 3 	 2363.501053 			 0.0 			2363.501053
g1	 4 	 2375.550826 			 0.0 			2375.550826
g1	 5 	 2277.433985 			 0.0 			2277.433985
g1	 6 	 2272.429083 			 0.0 			2272.429083
g1	 7 	 2260.801488 			 0.0 			2260.801488
g1	 8 	 2275.984986 			 0.0 			2275.984986
g1	 9 	 2114.584449 			 0.0 			2114.584449
g1	 10 	 2169.627486 			 0.0 			2169.627486
g1	 11 	 2128.512679 			 0.0 			2128.512679
g1	 12 	 2158.926164 			 0.0 			2158.926164
g1	 13 	 2122.690315 			 0.0 			2122.690315
g1	 14 	 2114.58045 			 0.0 			2114.58045
g1	 15 	 2146.883723 			 0.0 			2146.883723
g1	 16 	 2099.303011 			 0.0 			2099.303011
g1	 17 	 2077.633858 			 0.0 			2077.633858
g1	 18 	 2114.206047 			 0.0 			2114.206047
g1	 19 	 2075.936086 			 0.0 			2075.936086
g1	 20 	 2120.686847 			 0.0 			2120.686847
g1	 21 	 2066.886709 			 0.0 			2066.886709
g1	 22 	 2034.774631 			 0.0 			2034.774631
g1	 23 	 2065.904519 			 0.0 			2065.904519
g1	 24 	 1977.475926 			 0.0 			1977.475926
g1	 25 	 2220.578302 			 0.0 			2220.578302
g1	 26 	 2228.591471 			 0.0 			2228.591471
g1	 27 	 2241.044493 			 0.0 			2241.044493
g1	 28 	 2259.815603 			 0.0 			2259.815603
g1	 29 	 2399.782399 			 0.0 			2399.782399
g1	 30 	 2486.156299 			 0.0 			2486.156299
g1	 31 	 2451.351062 			 0.0 			2451.351062
g1	 32 	 2431.747186 			 0.0 			2431.747186
g1	 33 	 2392.842487 			 0.0 			2392.842487
g1	 34 	 2459.589853 			 0.0 			2459.589853
g1	 35 	 2415.846641 			 0.0 			2415.846641
g1	 36 	 2443.500582 			 0.0 			2443.500582
g1	 37 	 2691.758235 			 0.0 			2691.758235
g1	 38 	 2601.209951 			 0.0 			2601.209951
g1	 39 	 2720.125145 			 0.0 			2720.125145
g1	 40 	 2592.674037 			 0.0 			2592.674037
g1	 41 	 2699.273028 			 0.0 			2699.273028
g1	 42 	 2597.4148 			 0.0 			2597.4148
g1	 43 	 2705.409202 			 0.0 			2705.409202
g1	 44 	 2585.869136 			 0.0 			2585.869136
g1	 45 	 2853.608017 			 0.0 			2853.608017
g1	 46 	 2822.870324 			 0.0 			2822.870324
g1	 47 	 2804.878132 			 0.0 			2804.878132
g1	 48 	 2828.590484 			 0.0 			2828.590484
g1	 49 	 3009.326973 			 0.0 			3009.326973
g1	 50 	 3045.068735 			 0.0 			3045.068735
g1	 51 	 2994.097729 			 0.0 			2994.097729
g1	 52 	 3058.233409 			 0.0 			3058.233409
g1	 53 	 3058.233409 			 0.0 			3058.233409
g1	 54 	 3058.233409 			 0.0 			3058.233409
g1	 55 	 3058.233409 			 0.0 			3058.233409
g1	 56 	 3058.233409 			 0.0 			3058.233409
g1	 57 	 3058.233409 			 0.0 			3058.233409
g1	 58 	 3058.233409 			 0.0 			3058.233409
g1	 59 	 3058.233409 			 0.0 			3058.233409
g1	 60 	 3058.233409 			 0.0 			3058.233409
g1	 61 	 3058.233409 			 0.0 			3058.233409
g1	 62 	 3058.233409 			 0.0 			3058.233409
g1	 63 	 3058.233409 			 0.0 			3058.233409
g1	 64 	 3058.233409 			 0.0 			3058.233409
g1	 65 	 3058.233409 			 0.0 			3058.233409
g1	 66 	 3058.233409 			 0.0 			3058.233409
g1	 67 	 3058.233409 			 0.0 			3058.233409
g1	 68 	 3058.233409 			 0.0 			3058.233409
g1	 69 	 3058.233409 			 0.0 			3058.233409
g1	 70 	 3058.233409 			 0.0 			3058.233409
g1	 71 	 3058.233409 			 0.0 			3058.233409
g1	 72 	 3058.233409 			 0.0 			3058.233409
g1	 73 	 3058.233409 			 0.0 			3058.233409
g1	 74 	 3058.233409 			 0.0 			3058.233409
g1	 75 	 3058.233409 			 0.0 			3058.233409
g1	 76 	 3058.233409 			 0.0 			3058.233409
g1	 77 	 3058.233409 			 0.0 			3058.233409
g1	 78 	 3058.233409 			 0.0 			3058.233409
g1	 79 	 3058.233409 			 0.0 			3058.233409
g1	 80 	 3058.233409 			 0.0 			3058.233409
g1	 81 	 3058.233409 			 0.0 			3058.233409
g1	 82 	 3058.233409 			 0.0 			3058.233409
g1	 83 	 3058.233409 			 0.0 			3058.233409
g1	 84 	 3058.233409 			 0.0 			3058.233409
g1	 85 	 2970.08575 			 0.0 			2970.08575
g1	 86 	 2965.701851 			 0.0 			2965.701851
g1	 87 	 2940.510252 			 0.0 			2940.510252
g1	 88 	 2960.630275 			 0.0 			2960.630275
g1	 89 	 2705.371975 			 0.0 			2705.371975
g1	 90 	 2603.483955 			 0.0 			2603.483955
g1	 91 	 2668.810609 			 0.0 			2668.810609
g1	 92 	 2631.244042 			 0.0 			2631.244042
g1	 93 	 2791.833941 			 0.0 			2791.833941
g1	 94 	 2810.467367 			 0.0 			2810.467367
g1	 95 	 2823.370746 			 0.0 			2823.370746
g1	 96 	 2788.00356 			 0.0 			2788.00356
----------------------------------------------------------------------------------------------------
g2	 1 	 0.0 			 0.0 			0.0
g2	 2 	 0.0 			 0.0 			0.0
g2	 3 	 0.0 			 0.0 			0.0
g2	 4 	 0.0 			 0.0 			0.0
g2	 5 	 0.0 			 0.0 			0.0
g2	 6 	 0.0 			 0.0 			0.0
g2	 7 	 0.0 			 0.0 			0.0
g2	 8 	 0.0 			 0.0 			0.0
g2	 9 	 0.0 			 0.0 			0.0
g2	 10 	 0.0 			 0.0 			0.0
g2	 11 	 0.0 			 0.0 			0.0
g2	 12 	 0.0 			 0.0 			0.0
g2	 13 	 0.0 			 0.0 			0.0
g2	 14 	 0.0 			 0.0 			0.0
g2	 15 	 0.0 			 0.0 			0.0
g2	 16 	 0.0 			 0.0 			0.0
g2	 17 	 0.0 			 0.0 			0.0
g2	 18 	 0.0 			 0.0 			0.0
g2	 19 	 0.0 			 0.0 			0.0
g2	 20 	 0.0 			 0.0 			0.0
g2	 21 	 0.0 			 0.0 			0.0
g2	 22 	 0.0 			 0.0 			0.0
g2	 23 	 0.0 			 0.0 			0.0
g2	 24 	 0.0 			 0.0 			0.0
g2	 25 	 0.0 			 0.0 			0.0
g2	 26 	 0.0 			 0.0 			0.0
g2	 27 	 0.0 			 0.0 			0.0
g2	 28 	 0.0 			 0.0 			0.0
g2	 29 	 0.0 			 0.0 			0.0
g2	 30 	 0.0 			 0.0 			0.0
g2	 31 	 0.0 			 0.0 			0.0
g2	 32 	 0.0 			 0.0 			0.0
g2	 33 	 0.0 			 0.0 			0.0
g2	 34 	 0.0 			 0.0 			0.0
g2	 35 	 0.0 			 0.0 			0.0
g2	 36 	 0.0 			 0.0 			0.0
g2	 37 	 0.0 			 0.0 			0.0
g2	 38 	 0.0 			 0.0 			0.0
g2	 39 	 0.0 			 0.0 			0.0
g2	 40 	 0.0 			 0.0 			0.0
g2	 41 	 0.0 			 0.0 			0.0
g2	 42 	 0.0 			 0.0 			0.0
g2	 43 	 0.0 			 0.0 			0.0
g2	 44 	 0.0 			 0.0 			0.0
g2	 45 	 0.0 			 0.0 			0.0
g2	 46 	 0.0 			 0.0 			0.0
g2	 47 	 0.0 			 0.0 			0.0
g2	 48 	 0.0 			 0.0 			0.0
g2	 49 	 0.0 			 0.0 			0.0
g2	 50 	 0.0 			 0.0 			0.0
g2	 51 	 0.0 			 0.0 			0.0
g2	 52 	 0.0 			 0.0 			0.0
g2	 53 	 0.0 			 0.0 			0.0
g2	 54 	 0.0 			 0.0 			0.0
g2	 55 	 0.0 			 0.0 			0.0
g2	 56 	 0.0 			 0.0 			0.0
g2	 57 	 0.0 			 0.0 			0.0
g2	 58 	 0.0 			 0.0 			0.0
g2	 59 	 0.0 			 0.0 			0.0
g2	 60 	 0.0 			 0.0 			0.0
g2	 61 	 0.0 			 0.0 			0.0
g2	 62 	 0.0 			 0.0 			0.0
g2	 63 	 0.0 			 0.0 			0.0
g2	 64 	 0.0 			 0.0 			0.0
g2	 65 	 0.0 			 0.0 			0.0
g2	 66 	 0.0 			 0.0 			0.0
g2	 67 	 0.0 			 0.0 			0.0
g2	 68 	 0.0 			 0.0 			0.0
g2	 69 	 0.0 			 0.0 			0.0
g2	 70 	 0.0 			 0.0 			0.0
g2	 71 	 0.0 			 0.0 			0.0
g2	 72 	 0.0 			 0.0 			0.0
g2	 73 	 0.0 			 0.0 			0.0
g2	 74 	 0.0 			 0.0 			0.0
g2	 75 	 0.0 			 0.0 			0.0
g2	 76 	 0.0 			 0.0 			0.0
g2	 77 	 0.0 			 0.0 			0.0
g2	 78 	 0.0 			 0.0 			0.0
g2	 79 	 0.0 			 0.0 			0.0
g2	 80 	 0.0 			 0.0 			0.0
g2	 81 	 0.0 			 0.0 			0.0
g2	 82 	 0.0 			 0.0 			0.0
g2	 83 	 0.0 			 0.0 			0.0
g2	 84 	 0.0 			 0.0 			0.0
g2	 85 	 0.0 			 0.0 			0.0
g2	 86 	 0.0 			 0.0 			0.0
g2	 87 	 0.0 			 0.0 			0.0
g2	 88 	 0.0 			 0.0 			0.0
g2	 89 	 0.0 			 0.0 			0.0
g2	 90 	 0.0 			 0.0 			0.0
g2	 91 	 0.0 			 0.0 			0.0
g2	 92 	 0.0 			 0.0 			0.0
g2	 93 	 0.0 			 0.0 			0.0
g2	 94 	 0.0 			 0.0 			0.0
g2	 95 	 0.0 			 0.0 			0.0
g2	 96 	 0.0 			 0.0 			0.0
----------------------------------------------------------------------------------------------------
g3	 1 	 0.0 			 0.0 			0.0
g3	 2 	 0.0 			 0.0 			0.0
g3	 3 	 0.0 			 0.0 			0.0
g3	 4 	 0.0 			 0.0 			0.0
g3	 5 	 0.0 			 0.0 			0.0
g3	 6 	 0.0 			 0.0 			0.0
g3	 7 	 0.0 			 0.0 			0.0
g3	 8 	 0.0 			 0.0 			0.0
g3	 9 	 0.0 			 0.0 			0.0
g3	 10 	 0.0 			 0.0 			0.0
g3	 11 	 0.0 			 0.0 			0.0
g3	 12 	 0.0 			 0.0 			0.0
g3	 13 	 0.0 			 0.0 			0.0
g3	 14 	 0.0 			 0.0 			0.0
g3	 15 	 0.0 			 0.0 			0.0
g3	 16 	 0.0 			 0.0 			0.0
g3	 17 	 0.0 			 0.0 			0.0
g3	 18 	 0.0 			 0.0 			0.0
g3	 19 	 0.0 			 0.0 			0.0
g3	 20 	 0.0 			 0.0 			0.0
g3	 21 	 350.954412 			 4595.43 			4946.384412
g3	 22 	 350.954412 			 0.0 			350.954412
g3	 23 	 350.954412 			 0.0 			350.954412
g3	 24 	 350.954412 			 0.0 			350.954412
g3	 25 	 350.954412 			 0.0 			350.954412
g3	 26 	 350.954412 			 0.0 			350.954412
g3	 27 	 350.954412 			 0.0 			350.954412
g3	 28 	 350.954412 			 0.0 			350.954412
g3	 29 	 350.954412 			 0.0 			350.954412
g3	 30 	 350.954412 			 0.0 			350.954412
g3	 31 	 350.954412 			 0.0 			350.954412
g3	 32 	 350.954412 			 0.0 			350.954412
g3	 33 	 350.954412 			 0.0 			350.954412
g3	 34 	 350.954412 			 0.0 			350.954412
g3	 35 	 350.954412 			 0.0 			350.954412
g3	 36 	 350.954412 			 0.0 			350.954412
g3	 37 	 350.954412 			 0.0 			350.954412
g3	 38 	 350.954412 			 0.0 			350.954412
g3	 39 	 350.954412 			 0.0 			350.954412
g3	 40 	 350.954412 			 0.0 			350.954412
g3	 41 	 350.954412 			 0.0 			350.954412
g3	 42 	 350.954412 			 0.0 			350.954412
g3	 43 	 350.954412 			 0.0 			350.954412
g3	 44 	 350.954412 			 0.0 			350.954412
g3	 45 	 350.954412 			 0.0 			350.954412
g3	 46 	 350.954412 			 0.0 			350.954412
g3	 47 	 350.954412 			 0.0 			350.954412
g3	 48 	 350.954412 			 0.0 			350.954412
g3	 49 	 350.954412 			 0.0 			350.954412
g3	 50 	 350.954412 			 0.0 			350.954412
g3	 51 	 350.954412 			 0.0 			350.954412
g3	 52 	 350.954412 			 0.0 			350.954412
g3	 53 	 350.954412 			 0.0 			350.954412
g3	 54 	 350.954412 			 0.0 			350.954412
g3	 55 	 350.954412 			 0.0 			350.954412
g3	 56 	 350.954412 			 0.0 			350.954412
g3	 57 	 350.954412 			 0.0 			350.954412
g3	 58 	 350.954412 			 0.0 			350.954412
g3	 59 	 350.954412 			 0.0 			350.954412
g3	 60 	 350.954412 			 0.0 			350.954412
g3	 61 	 350.954412 			 0.0 			350.954412
g3	 62 	 350.954412 			 0.0 			350.954412
g3	 63 	 350.954412 			 0.0 			350.954412
g3	 64 	 350.954412 			 0.0 			350.954412
g3	 65 	 350.954412 			 0.0 			350.954412
g3	 66 	 350.954412 			 0.0 			350.954412
g3	 67 	 350.954412 			 0.0 			350.954412
g3	 68 	 350.954412 			 0.0 			350.954412
g3	 69 	 350.954412 			 0.0 			350.954412
g3	 70 	 350.954412 			 0.0 			350.954412
g3	 71 	 350.954412 			 0.0 			350.954412
g3	 72 	 350.954412 			 0.0 			350.954412
g3	 73 	 350.954412 			 0.0 			350.954412
g3	 74 	 350.954412 			 0.0 			350.954412
g3	 75 	 350.954412 			 0.0 			350.954412
g3	 76 	 350.954412 			 0.0 			350.954412
g3	 77 	 350.954412 			 0.0 			350.954412
g3	 78 	 354.802986 			 0.0 			354.802986
g3	 79 	 350.954412 			 0.0 			350.954412
g3	 80 	 350.954412 			 0.0 			350.954412
g3	 81 	 350.954412 			 0.0 			350.954412
g3	 82 	 350.954412 			 0.0 			350.954412
g3	 83 	 420.356538 			 0.0 			420.356538
g3	 84 	 350.954412 			 0.0 			350.954412
g3	 85 	 350.954412 			 0.0 			350.954412
g3	 86 	 350.954412 			 0.0 			350.954412
g3	 87 	 350.954412 			 0.0 			350.954412
g3	 88 	 350.954412 			 0.0 			350.954412
g3	 89 	 350.954412 			 0.0 			350.954412
g3	 90 	 350.954412 			 0.0 			350.954412
g3	 91 	 350.954412 			 0.0 			350.954412
g3	 92 	 350.954412 			 0.0 			350.954412
g3	 93 	 0.0 			 0.0 			0.0
g3	 94 	 0.0 			 0.0 			0.0
g3	 95 	 0.0 			 0.0 			0.0
g3	 96 	 0.0 			 0.0 			0.0
----------------------------------------------------------------------------------------------------
g4	 1 	 0.0 			 0.0 			0.0
g4	 2 	 0.0 			 0.0 			0.0
g4	 3 	 0.0 			 0.0 			0.0
g4	 4 	 0.0 			 0.0 			0.0
g4	 5 	 0.0 			 0.0 			0.0
g4	 6 	 0.0 			 0.0 			0.0
g4	 7 	 0.0 			 0.0 			0.0
g4	 8 	 0.0 			 0.0 			0.0
g4	 9 	 0.0 			 0.0 			0.0
g4	 10 	 0.0 			 0.0 			0.0
g4	 11 	 0.0 			 0.0 			0.0
g4	 12 	 0.0 			 0.0 			0.0
g4	 13 	 0.0 			 0.0 			0.0
g4	 14 	 0.0 			 0.0 			0.0
g4	 15 	 0.0 			 0.0 			0.0
g4	 16 	 0.0 			 0.0 			0.0
g4	 17 	 0.0 			 0.0 			0.0
g4	 18 	 0.0 			 0.0 			0.0
g4	 19 	 0.0 			 0.0 			0.0
g4	 20 	 0.0 			 0.0 			0.0
g4	 21 	 0.0 			 0.0 			0.0
g4	 22 	 0.0 			 0.0 			0.0
g4	 23 	 0.0 			 0.0 			0.0
g4	 24 	 0.0 			 0.0 			0.0
g4	 25 	 0.0 			 0.0 			0.0
g4	 26 	 0.0 			 0.0 			0.0
g4	 27 	 0.0 			 0.0 			0.0
g4	 28 	 0.0 			 0.0 			0.0
g4	 29 	 0.0 			 0.0 			0.0
g4	 30 	 0.0 			 0.0 			0.0
g4	 31 	 0.0 			 0.0 			0.0
g4	 32 	 0.0 			 0.0 			0.0
g4	 33 	 0.0 			 0.0 			0.0
g4	 34 	 0.0 			 0.0 			0.0
g4	 35 	 0.0 			 0.0 			0.0
g4	 36 	 0.0 			 0.0 			0.0
g4	 37 	 0.0 			 0.0 			0.0
g4	 38 	 0.0 			 0.0 			0.0
g4	 39 	 0.0 			 0.0 			0.0
g4	 40 	 0.0 			 0.0 			0.0
g4	 41 	 398.628661 			 4827.67 			5226.298661
g4	 42 	 398.628661 			 0.0 			398.628661
g4	 43 	 398.628661 			 0.0 			398.628661
g4	 44 	 398.628661 			 0.0 			398.628661
g4	 45 	 398.628661 			 0.0 			398.628661
g4	 46 	 398.628661 			 0.0 			398.628661
g4	 47 	 398.628661 			 0.0 			398.628661
g4	 48 	 398.628661 			 0.0 			398.628661
g4	 49 	 398.628661 			 0.0 			398.628661
g4	 50 	 398.628661 			 0.0 			398.628661
g4	 51 	 398.628661 			 0.0 			398.628661
g4	 52 	 484.22783 			 0.0 			484.22783
g4	 53 	 507.380522 			 0.0 			507.380522
g4	 54 	 506.085039 			 0.0 			506.085039
g4	 55 	 500.634199 			 0.0 			500.634199
g4	 56 	 483.706472 			 0.0 			483.706472
g4	 57 	 515.690182 			 0.0 			515.690182
g4	 58 	 630.007619 			 0.0 			630.007619
g4	 59 	 481.205624 			 0.0 			481.205624
g4	 60 	 630.007619 			 0.0 			630.007619
g4	 61 	 630.007619 			 0.0 			630.007619
g4	 62 	 627.617833 			 0.0 			627.617833
g4	 63 	 541.600363 			 0.0 			541.600363
g4	 64 	 603.170973 			 0.0 			603.170973
g4	 65 	 630.007619 			 0.0 			630.007619
g4	 66 	 630.007619 			 0.0 			630.007619
g4	 67 	 630.007619 			 0.0 			630.007619
g4	 68 	 630.007619 			 0.0 			630.007619
g4	 69 	 630.007619 			 0.0 			630.007619
g4	 70 	 630.007619 			 0.0 			630.007619
g4	 71 	 630.007619 			 0.0 			630.007619
g4	 72 	 581.164499 			 0.0 			581.164499
g4	 73 	 417.501184 			 0.0 			417.501184
g4	 74 	 503.179056 			 0.0 			503.179056
g4	 75 	 474.593708 			 0.0 			474.593708
g4	 76 	 520.66398 			 0.0 			520.66398
g4	 77 	 0.0 			 0.0 			0.0
g4	 78 	 0.0 			 0.0 			0.0
g4	 79 	 0.0 			 0.0 			0.0
g4	 80 	 0.0 			 0.0 			0.0
g4	 81 	 0.0 			 0.0 			0.0
g4	 82 	 0.0 			 0.0 			0.0
g4	 83 	 0.0 			 0.0 			0.0
g4	 84 	 0.0 			 0.0 			0.0
g4	 85 	 0.0 			 0.0 			0.0
g4	 86 	 0.0 			 0.0 			0.0
g4	 87 	 0.0 			 0.0 			0.0
g4	 88 	 0.0 			 0.0 			0.0
g4	 89 	 0.0 			 0.0 			0.0
g4	 90 	 0.0 			 0.0 			0.0
g4	 91 	 0.0 			 0.0 			0.0
g4	 92 	 0.0 			 0.0 			0.0
g4	 93 	 0.0 			 0.0 			0.0
g4	 94 	 0.0 			 0.0 			0.0
g4	 95 	 0.0 			 0.0 			0.0
g4	 96 	 0.0 			 0.0 			0.0
----------------------------------------------------------------------------------------------------
g5	 1 	 0.0 			 0.0 			0.0
g5	 2 	 0.0 			 0.0 			0.0
g5	 3 	 0.0 			 0.0 			0.0
g5	 4 	 0.0 			 0.0 			0.0
g5	 5 	 0.0 			 0.0 			0.0
g5	 6 	 0.0 			 0.0 			0.0
g5	 7 	 0.0 			 0.0 			0.0
g5	 8 	 0.0 			 0.0 			0.0
g5	 9 	 0.0 			 0.0 			0.0
g5	 10 	 0.0 			 0.0 			0.0
g5	 11 	 0.0 			 0.0 			0.0
g5	 12 	 0.0 			 0.0 			0.0
g5	 13 	 0.0 			 0.0 			0.0
g5	 14 	 0.0 			 0.0 			0.0
g5	 15 	 0.0 			 0.0 			0.0
g5	 16 	 0.0 			 0.0 			0.0
g5	 17 	 0.0 			 0.0 			0.0
g5	 18 	 0.0 			 0.0 			0.0
g5	 19 	 0.0 			 0.0 			0.0
g5	 20 	 0.0 			 0.0 			0.0
g5	 21 	 0.0 			 0.0 			0.0
g5	 22 	 0.0 			 0.0 			0.0
g5	 23 	 0.0 			 0.0 			0.0
g5	 24 	 0.0 			 0.0 			0.0
g5	 25 	 0.0 			 0.0 			0.0
g5	 26 	 0.0 			 0.0 			0.0
g5	 27 	 0.0 			 0.0 			0.0
g5	 28 	 0.0 			 0.0 			0.0
g5	 29 	 0.0 			 0.0 			0.0
g5	 30 	 0.0 			 0.0 			0.0
g5	 31 	 0.0 			 0.0 			0.0
g5	 32 	 0.0 			 0.0 			0.0
g5	 33 	 348.846531 			 6821.79 			7170.636531
g5	 34 	 348.846531 			 0.0 			348.846531
g5	 35 	 348.846531 			 0.0 			348.846531
g5	 36 	 348.846531 			 0.0 			348.846531
g5	 37 	 348.846531 			 0.0 			348.846531
g5	 38 	 348.846531 			 0.0 			348.846531
g5	 39 	 348.846531 			 0.0 			348.846531
g5	 40 	 348.846531 			 0.0 			348.846531
g5	 41 	 348.846531 			 0.0 			348.846531
g5	 42 	 348.846531 			 0.0 			348.846531
g5	 43 	 348.846531 			 0.0 			348.846531
g5	 44 	 348.846531 			 0.0 			348.846531
g5	 45 	 348.846531 			 0.0 			348.846531
g5	 46 	 348.846531 			 0.0 			348.846531
g5	 47 	 348.846531 			 0.0 			348.846531
g5	 48 	 348.846531 			 0.0 			348.846531
g5	 49 	 348.846531 			 0.0 			348.846531
g5	 50 	 348.846531 			 0.0 			348.846531
g5	 51 	 348.846531 			 0.0 			348.846531
g5	 52 	 348.846531 			 0.0 			348.846531
g5	 53 	 348.846531 			 0.0 			348.846531
g5	 54 	 348.846531 			 0.0 			348.846531
g5	 55 	 348.846531 			 0.0 			348.846531
g5	 56 	 348.846531 			 0.0 			348.846531
g5	 57 	 348.846531 			 0.0 			348.846531
g5	 58 	 446.346144 			 0.0 			446.346144
g5	 59 	 348.846531 			 0.0 			348.846531
g5	 60 	 370.684833 			 0.0 			370.684833
g5	 61 	 433.884381 			 0.0 			433.884381
g5	 62 	 348.846531 			 0.0 			348.846531
g5	 63 	 348.846531 			 0.0 			348.846531
g5	 64 	 348.846531 			 0.0 			348.846531
g5	 65 	 370.279211 			 0.0 			370.279211
g5	 66 	 405.204183 			 0.0 			405.204183
g5	 67 	 443.541972 			 0.0 			443.541972
g5	 68 	 381.569311 			 0.0 			381.569311
g5	 69 	 391.035708 			 0.0 			391.035708
g5	 70 	 469.726221 			 0.0 			469.726221
g5	 71 	 415.198735 			 0.0 			415.198735
g5	 72 	 489.975524 			 0.0 			489.975524
g5	 73 	 348.846531 			 0.0 			348.846531
g5	 74 	 348.846531 			 0.0 			348.846531
g5	 75 	 348.846531 			 0.0 			348.846531
g5	 76 	 395.423671 			 0.0 			395.423671
g5	 77 	 560.343222 			 0.0 			560.343222
g5	 78 	 578.049724 			 0.0 			578.049724
g5	 79 	 536.016077 			 0.0 			536.016077
g5	 80 	 575.431711 			 0.0 			575.431711
g5	 81 	 531.808849 			 0.0 			531.808849
g5	 82 	 463.84705 			 0.0 			463.84705
g5	 83 	 549.739833 			 0.0 			549.739833
g5	 84 	 384.820282 			 0.0 			384.820282
g5	 85 	 348.846531 			 0.0 			348.846531
g5	 86 	 348.846531 			 0.0 			348.846531
g5	 87 	 348.846531 			 0.0 			348.846531
g5	 88 	 348.846531 			 0.0 			348.846531
g5	 89 	 348.846531 			 0.0 			348.846531
g5	 90 	 348.846531 			 0.0 			348.846531
g5	 91 	 348.846531 			 0.0 			348.846531
g5	 92 	 348.846531 			 0.0 			348.846531
g5	 93 	 0.0 			 0.0 			0.0
g5	 94 	 0.0 			 0.0 			0.0
g5	 95 	 0.0 			 0.0 			0.0
g5	 96 	 0.0 			 0.0 			0.0
----------------------------------------------------------------------------------------------------
 
unit 	 generation 	 generation cost 	 start-up cost 	 total cost
----------------------------------------------------------------------------------------------------
g1 	 6886.668368			256787.142226			 0.000000		 256787.142226
g2 	 0.000000			0.000000			 0.000000		 0.000000
g3 	 395.638041			25341.968364			 4595.430000		 29937.398364
g4 	 294.772702			18433.412925			 4827.670000		 23261.082925
g5 	 397.086381			23146.787882			 6821.790000		 29968.577882
----------------------------------------------------------------------------------------------------
 
generation cost 	 start-up cost 		 total cost
----------------------------------------------------------------------------------------------------
323709.311397 			 16244.890000000001 			 339954.20139699976
----------------------------------------------------------------------------------------------------
uplift payment for generator g1: 0.0
uplift payment for generator g2: 0.0
uplift payment for generator g3: 12108.589812
uplift payment for generator g4: 10409.770648
uplift payment for generator g5: 11305.533243
 
****************************************************************************************************
 
rtm Systemwide prices
----------------------------------------------------------------------------------------------------
time	 energy 	 up-FRP 	 dw-FRP
----------------------------------------------------------------------------------------------------
1 	 9.614507 		 0.0 		 0.0
2 	 9.614507 		 0.0 		 0.0
3 	 9.614507 		 0.0 		 0.0
4 	 9.614507 		 0.0 		 0.0
5 	 9.408671 		 0.0 		 0.0
6 	 9.408671 		 0.0 		 0.0
7 	 9.408671 		 0.0 		 0.0
8 	 9.408671 		 0.0 		 0.0
9 	 9.408671 		 0.0 		 0.0
10 	 9.408671 		 0.0 		 0.0
11 	 9.408671 		 0.0 		 0.0
12 	 9.408671 		 0.0 		 0.0
13 	 9.408671 		 0.0 		 0.0
14 	 9.408671 		 0.0 		 0.0
15 	 9.408671 		 0.0 		 0.0
16 	 9.408671 		 0.0 		 0.0
17 	 9.408671 		 0.0 		 0.0
18 	 9.408671 		 0.0 		 0.0
19 	 9.408671 		 0.0 		 0.0
20 	 9.408671 		 0.0 		 0.0
21 	 9.408671 		 0.0 		 0.0
22 	 9.408671 		 0.0 		 0.0
23 	 9.408671 		 0.0 		 0.0
24 	 9.408671 		 0.0 		 0.0
25 	 9.408671 		 0.0 		 0.0
26 	 9.408671 		 0.0 		 0.0
27 	 9.408671 		 0.0 		 0.0
28 	 9.408671 		 0.0 		 0.0
29 	 9.614507 		 0.0 		 0.0
30 	 9.614507 		 0.0 		 0.0
31 	 9.614507 		 0.0 		 0.0
32 	 9.614507 		 0.0 		 0.0
33 	 9.614507 		 0.0 		 0.0
34 	 9.614507 		 0.0 		 0.0
35 	 9.614507 		 0.0 		 0.0
36 	 9.614507 		 0.0 		 0.0
37 	 9.614507 		 0.0 		 0.0
38 	 9.614507 		 0.0 		 0.0
39 	 9.614507 		 0.0 		 0.0
40 	 9.614507 		 0.0 		 0.0
41 	 9.614507 		 0.0 		 0.0
42 	 9.614507 		 0.0 		 0.0
43 	 9.614507 		 0.0 		 0.0
44 	 9.614507 		 0.0 		 0.0
45 	 9.614507 		 0.0 		 0.0
46 	 9.614507 		 0.0 		 0.0
47 	 9.614507 		 0.0 		 0.0
48 	 9.614507 		 0.0 		 0.0
49 	 9.614507 		 0.0 		 0.0
50 	 9.614507 		 0.0 		 0.0
51 	 9.614507 		 0.0 		 0.0
52 	 10.824293 		 0.0 		 0.0
53 	 10.824293 		 0.0 		 0.0
54 	 10.824293 		 0.0 		 0.0
55 	 10.824293 		 0.0 		 0.0
56 	 10.824293 		 0.0 		 0.0
57 	 10.824293 		 0.0 		 0.0
58 	 11.022192 		 0.0 		 0.0
59 	 10.824293 		 0.0 		 0.0
60 	 11.022192 		 0.0 		 0.0
61 	 11.022192 		 0.0 		 0.0
62 	 10.824293 		 0.0 		 0.0
63 	 10.824293 		 0.0 		 0.0
64 	 10.824293 		 0.0 		 0.0
65 	 11.022192 		 0.0 		 0.0
66 	 11.022192 		 0.0 		 0.0
67 	 11.022192 		 0.0 		 0.0
68 	 11.022192 		 0.0 		 0.0
69 	 11.022192 		 0.0 		 0.0
70 	 11.022192 		 0.0 		 0.0
71 	 11.022192 		 0.0 		 0.0
72 	 11.022192 		 0.0 		 0.0
73 	 10.626394 		 0.0 		 0.0
74 	 10.824293 		 0.0 		 0.0
75 	 10.824293 		 0.0 		 0.0
76 	 10.824293 		 0.0 		 0.0
77 	 11.220091 		 0.0 		 0.0
78 	 11.862367 		 0.0 		 0.0
79 	 11.022192 		 0.0 		 0.0
80 	 11.022192 		 0.0 		 0.0
81 	 11.022192 		 0.0 		 0.0
82 	 11.022192 		 0.0 		 0.0
83 	 11.862367 		 0.0 		 0.0
84 	 10.182017 		 0.0 		 0.0
85 	 9.614507 		 0.0 		 0.0
86 	 9.614507 		 0.0 		 0.0
87 	 9.614507 		 0.0 		 0.0
88 	 9.614507 		 0.0 		 0.0
89 	 9.614507 		 0.0 		 0.0
90 	 9.614507 		 0.0 		 0.0
91 	 9.614507 		 0.0 		 0.0
92 	 9.614507 		 0.0 		 0.0
93 	 9.614507 		 0.0 		 0.0
94 	 9.614507 		 0.0 		 0.0
95 	 9.614507 		 0.0 		 0.0
96 	 9.614507 		 0.0 		 0.0
 
****************************************************************************************************
 
rtm Post-uplift payments
----------------------------------------------------------------------------------------------------------------------------------------------------
unit 	 generation payment 	 up-FRP payment 	 dw-FRP payment 	pre-up t. payment 	 uplift payments 	 post-up t. payment 	 profit
----------------------------------------------------------------------------------------------------------------------------------------------------
 g1 	 17250.718696			 0.000000			 0.000000			 17250.718696			 0.000000			 17250.718696		 40917.011400
 g2 	 0.000000			 0.000000			 0.000000			 0.000000			 0.000000			 0.000000		 0.000000
 g3 	 915.756270			 0.000000			 0.000000			 915.756270			 12108.589812			 13024.346082		 0.000000
 g4 	 172.240166			 0.000000			 0.000000			 172.240166			 10409.770648			 10582.010814		 0.000000
 g5 	 1050.588546			 0.000000			 0.000000			 1050.588546			 11305.533243			 12356.121789		 0.000000
****************************************************************************************************
 
Total generator payments
----------------------------------------------------------------------------------------------------------------------------------------------------
unit 	 generation payment 	 up-FRP payment 	 dw-FRP payment 	pre-up t. payment 	 uplift payments 	 post-up t. payment 	 profit
----------------------------------------------------------------------------------------------------------------------------------------------------
 g1 	 297062.752958			 641.400668			 0.000000			 297704.153626			 0.000000			 297704.153626		 40917.011400
 g2 	 0.000000			 0.000000			 0.000000			 0.000000			 0.000000			 0.000000		 0.000000
 g3 	 17634.224022			 194.584530			 0.000000			 17828.808552			 12108.589812			 29937.398364		 0.000000
 g4 	 12851.312277			 0.000000			 0.000000			 12851.312277			 10409.770648			 23261.082925		 0.000000
 g5 	 18496.409505			 166.635134			 0.000000			 18663.044639			 11305.533243			 29968.577882		 0.000000
 
****************************************************************************************************
 
rtm LMP
----------------------------------------------------------------------------------------------------
bus name 	 time 		 LMP
----------------------------------------------------------------------------------------------------
b1 		 1 		 9.614507
b1 		 2 		 9.614507
b1 		 3 		 9.614507
b1 		 4 		 9.614507
b1 		 5 		 9.408671
b1 		 6 		 9.408671
b1 		 7 		 9.408671
b1 		 8 		 9.408671
b1 		 9 		 9.408671
b1 		 10 		 9.408671
b1 		 11 		 9.408671
b1 		 12 		 9.408671
b1 		 13 		 9.408671
b1 		 14 		 9.408671
b1 		 15 		 9.408671
b1 		 16 		 9.408671
b1 		 17 		 9.408671
b1 		 18 		 9.408671
b1 		 19 		 9.408671
b1 		 20 		 9.408671
b1 		 21 		 9.408671
b1 		 22 		 9.408671
b1 		 23 		 9.408671
b1 		 24 		 9.408671
b1 		 25 		 9.408671
b1 		 26 		 9.408671
b1 		 27 		 9.408671
b1 		 28 		 9.408671
b1 		 29 		 9.614507
b1 		 30 		 9.614507
b1 		 31 		 9.614507
b1 		 32 		 9.614507
b1 		 33 		 9.614507
b1 		 34 		 9.614507
b1 		 35 		 9.614507
b1 		 36 		 9.614507
b1 		 37 		 9.614507
b1 		 38 		 9.614507
b1 		 39 		 9.614507
b1 		 40 		 9.614507
b1 		 41 		 9.614507
b1 		 42 		 9.614507
b1 		 43 		 9.614507
b1 		 44 		 9.614507
b1 		 45 		 9.614507
b1 		 46 		 9.614507
b1 		 47 		 9.614507
b1 		 48 		 9.614507
b1 		 49 		 9.614507
b1 		 50 		 9.614507
b1 		 51 		 9.614507
b1 		 52 		 10.824293
b1 		 53 		 10.824293
b1 		 54 		 10.824293
b1 		 55 		 10.824293
b1 		 56 		 10.824293
b1 		 57 		 10.824293
b1 		 58 		 11.022192
b1 		 59 		 10.824293
b1 		 60 		 11.022192
b1 		 61 		 11.022192
b1 		 62 		 10.824293
b1 		 63 		 10.824293
b1 		 64 		 10.824293
b1 		 65 		 11.022192
b1 		 66 		 11.022192
b1 		 67 		 11.022192
b1 		 68 		 11.022192
b1 		 69 		 11.022192
b1 		 70 		 11.022192
b1 		 71 		 11.022192
b1 		 72 		 11.022192
b1 		 73 		 10.626394
b1 		 74 		 10.824293
b1 		 75 		 10.824293
b1 		 76 		 10.824293
b1 		 77 		 11.220091
b1 		 78 		 11.862367
b1 		 79 		 11.022192
b1 		 80 		 11.022192
b1 		 81 		 11.022192
b1 		 82 		 11.022192
b1 		 83 		 11.862367
b1 		 84 		 10.182017
b1 		 85 		 9.614507
b1 		 86 		 9.614507
b1 		 87 		 9.614507
b1 		 88 		 9.614507
b1 		 89 		 9.614507
b1 		 90 		 9.614507
b1 		 91 		 9.614507
b1 		 92 		 9.614507
b1 		 93 		 9.614507
b1 		 94 		 9.614507
b1 		 95 		 9.614507
b1 		 96 		 9.614507
----------------------------------------------------------------------------------------------------
b2 		 1 		 9.614507
b2 		 2 		 9.614507
b2 		 3 		 9.614507
b2 		 4 		 9.614507
b2 		 5 		 9.408671
b2 		 6 		 9.408671
b2 		 7 		 9.408671
b2 		 8 		 9.408671
b2 		 9 		 9.408671
b2 		 10 		 9.408671
b2 		 11 		 9.408671
b2 		 12 		 9.408671
b2 		 13 		 9.408671
b2 		 14 		 9.408671
b2 		 15 		 9.408671
b2 		 16 		 9.408671
b2 		 17 		 9.408671
b2 		 18 		 9.408671
b2 		 19 		 9.408671
b2 		 20 		 9.408671
b2 		 21 		 9.408671
b2 		 22 		 9.408671
b2 		 23 		 9.408671
b2 		 24 		 9.408671
b2 		 25 		 9.408671
b2 		 26 		 9.408671
b2 		 27 		 9.408671
b2 		 28 		 9.408671
b2 		 29 		 9.614507
b2 		 30 		 9.614507
b2 		 31 		 9.614507
b2 		 32 		 9.614507
b2 		 33 		 9.614507
b2 		 34 		 9.614507
b2 		 35 		 9.614507
b2 		 36 		 9.614507
b2 		 37 		 9.614507
b2 		 38 		 9.614507
b2 		 39 		 9.614507
b2 		 40 		 9.614507
b2 		 41 		 9.614507
b2 		 42 		 9.614507
b2 		 43 		 9.614507
b2 		 44 		 9.614507
b2 		 45 		 9.614507
b2 		 46 		 9.614507
b2 		 47 		 9.614507
b2 		 48 		 9.614507
b2 		 49 		 9.614507
b2 		 50 		 9.614507
b2 		 51 		 9.614507
b2 		 52 		 10.824293
b2 		 53 		 10.824293
b2 		 54 		 10.824293
b2 		 55 		 10.824293
b2 		 56 		 10.824293
b2 		 57 		 10.824293
b2 		 58 		 11.022192
b2 		 59 		 10.824293
b2 		 60 		 11.022192
b2 		 61 		 11.022192
b2 		 62 		 10.824293
b2 		 63 		 10.824293
b2 		 64 		 10.824293
b2 		 65 		 11.022192
b2 		 66 		 11.022192
b2 		 67 		 11.022192
b2 		 68 		 11.022192
b2 		 69 		 11.022192
b2 		 70 		 11.022192
b2 		 71 		 11.022192
b2 		 72 		 11.022192
b2 		 73 		 10.626394
b2 		 74 		 10.824293
b2 		 75 		 10.824293
b2 		 76 		 10.824293
b2 		 77 		 11.220091
b2 		 78 		 11.862367
b2 		 79 		 11.022192
b2 		 80 		 11.022192
b2 		 81 		 11.022192
b2 		 82 		 11.022192
b2 		 83 		 11.862367
b2 		 84 		 10.182017
b2 		 85 		 9.614507
b2 		 86 		 9.614507
b2 		 87 		 9.614507
b2 		 88 		 9.614507
b2 		 89 		 9.614507
b2 		 90 		 9.614507
b2 		 91 		 9.614507
b2 		 92 		 9.614507
b2 		 93 		 9.614507
b2 		 94 		 9.614507
b2 		 95 		 9.614507
b2 		 96 		 9.614507
----------------------------------------------------------------------------------------------------
b3 		 1 		 9.614507
b3 		 2 		 9.614507
b3 		 3 		 9.614507
b3 		 4 		 9.614507
b3 		 5 		 9.408671
b3 		 6 		 9.408671
b3 		 7 		 9.408671
b3 		 8 		 9.408671
b3 		 9 		 9.408671
b3 		 10 		 9.408671
b3 		 11 		 9.408671
b3 		 12 		 9.408671
b3 		 13 		 9.408671
b3 		 14 		 9.408671
b3 		 15 		 9.408671
b3 		 16 		 9.408671
b3 		 17 		 9.408671
b3 		 18 		 9.408671
b3 		 19 		 9.408671
b3 		 20 		 9.408671
b3 		 21 		 9.408671
b3 		 22 		 9.408671
b3 		 23 		 9.408671
b3 		 24 		 9.408671
b3 		 25 		 9.408671
b3 		 26 		 9.408671
b3 		 27 		 9.408671
b3 		 28 		 9.408671
b3 		 29 		 9.614507
b3 		 30 		 9.614507
b3 		 31 		 9.614507
b3 		 32 		 9.614507
b3 		 33 		 9.614507
b3 		 34 		 9.614507
b3 		 35 		 9.614507
b3 		 36 		 9.614507
b3 		 37 		 9.614507
b3 		 38 		 9.614507
b3 		 39 		 9.614507
b3 		 40 		 9.614507
b3 		 41 		 9.614507
b3 		 42 		 9.614507
b3 		 43 		 9.614507
b3 		 44 		 9.614507
b3 		 45 		 9.614507
b3 		 46 		 9.614507
b3 		 47 		 9.614507
b3 		 48 		 9.614507
b3 		 49 		 9.614507
b3 		 50 		 9.614507
b3 		 51 		 9.614507
b3 		 52 		 10.824293
b3 		 53 		 10.824293
b3 		 54 		 10.824293
b3 		 55 		 10.824293
b3 		 56 		 10.824293
b3 		 57 		 10.824293
b3 		 58 		 11.022192
b3 		 59 		 10.824293
b3 		 60 		 11.022192
b3 		 61 		 11.022192
b3 		 62 		 10.824293
b3 		 63 		 10.824293
b3 		 64 		 10.824293
b3 		 65 		 11.022192
b3 		 66 		 11.022192
b3 		 67 		 11.022192
b3 		 68 		 11.022192
b3 		 69 		 11.022192
b3 		 70 		 11.022192
b3 		 71 		 11.022192
b3 		 72 		 11.022192
b3 		 73 		 10.626394
b3 		 74 		 10.824293
b3 		 75 		 10.824293
b3 		 76 		 10.824293
b3 		 77 		 11.220091
b3 		 78 		 11.862367
b3 		 79 		 11.022192
b3 		 80 		 11.022192
b3 		 81 		 11.022192
b3 		 82 		 11.022192
b3 		 83 		 11.862367
b3 		 84 		 10.182017
b3 		 85 		 9.614507
b3 		 86 		 9.614507
b3 		 87 		 9.614507
b3 		 88 		 9.614507
b3 		 89 		 9.614507
b3 		 90 		 9.614507
b3 		 91 		 9.614507
b3 		 92 		 9.614507
b3 		 93 		 9.614507
b3 		 94 		 9.614507
b3 		 95 		 9.614507
b3 		 96 		 9.614507
----------------------------------------------------------------------------------------------------
b4 		 1 		 9.614507
b4 		 2 		 9.614507
b4 		 3 		 9.614507
b4 		 4 		 9.614507
b4 		 5 		 9.408671
b4 		 6 		 9.408671
b4 		 7 		 9.408671
b4 		 8 		 9.408671
b4 		 9 		 9.408671
b4 		 10 		 9.408671
b4 		 11 		 9.408671
b4 		 12 		 9.408671
b4 		 13 		 9.408671
b4 		 14 		 9.408671
b4 		 15 		 9.408671
b4 		 16 		 9.408671
b4 		 17 		 9.408671
b4 		 18 		 9.408671
b4 		 19 		 9.408671
b4 		 20 		 9.408671
b4 		 21 		 9.408671
b4 		 22 		 9.408671
b4 		 23 		 9.408671
b4 		 24 		 9.408671
b4 		 25 		 9.408671
b4 		 26 		 9.408671
b4 		 27 		 9.408671
b4 		 28 		 9.408671
b4 		 29 		 9.614507
b4 		 30 		 9.614507
b4 		 31 		 9.614507
b4 		 32 		 9.614507
b4 		 33 		 9.614507
b4 		 34 		 9.614507
b4 		 35 		 9.614507
b4 		 36 		 9.614507
b4 		 37 		 9.614507
b4 		 38 		 9.614507
b4 		 39 		 9.614507
b4 		 40 		 9.614507
b4 		 41 		 9.614507
b4 		 42 		 9.614507
b4 		 43 		 9.614507
b4 		 44 		 9.614507
b4 		 45 		 9.614507
b4 		 46 		 9.614507
b4 		 47 		 9.614507
b4 		 48 		 9.614507
b4 		 49 		 9.614507
b4 		 50 		 9.614507
b4 		 51 		 9.614507
b4 		 52 		 10.824293
b4 		 53 		 10.824293
b4 		 54 		 10.824293
b4 		 55 		 10.824293
b4 		 56 		 10.824293
b4 		 57 		 10.824293
b4 		 58 		 11.022192
b4 		 59 		 10.824293
b4 		 60 		 11.022192
b4 		 61 		 11.022192
b4 		 62 		 10.824293
b4 		 63 		 10.824293
b4 		 64 		 10.824293
b4 		 65 		 11.022192
b4 		 66 		 11.022192
b4 		 67 		 11.022192
b4 		 68 		 11.022192
b4 		 69 		 11.022192
b4 		 70 		 11.022192
b4 		 71 		 11.022192
b4 		 72 		 11.022192
b4 		 73 		 10.626394
b4 		 74 		 10.824293
b4 		 75 		 10.824293
b4 		 76 		 10.824293
b4 		 77 		 11.220091
b4 		 78 		 11.862367
b4 		 79 		 11.022192
b4 		 80 		 11.022192
b4 		 81 		 11.022192
b4 		 82 		 11.022192
b4 		 83 		 11.862367
b4 		 84 		 10.182017
b4 		 85 		 9.614507
b4 		 86 		 9.614507
b4 		 87 		 9.614507
b4 		 88 		 9.614507
b4 		 89 		 9.614507
b4 		 90 		 9.614507
b4 		 91 		 9.614507
b4 		 92 		 9.614507
b4 		 93 		 9.614507
b4 		 94 		 9.614507
b4 		 95 		 9.614507
b4 		 96 		 9.614507
----------------------------------------------------------------------------------------------------
b5 		 1 		 9.614507
b5 		 2 		 9.614507
b5 		 3 		 9.614507
b5 		 4 		 9.614507
b5 		 5 		 9.408671
b5 		 6 		 9.408671
b5 		 7 		 9.408671
b5 		 8 		 9.408671
b5 		 9 		 9.408671
b5 		 10 		 9.408671
b5 		 11 		 9.408671
b5 		 12 		 9.408671
b5 		 13 		 9.408671
b5 		 14 		 9.408671
b5 		 15 		 9.408671
b5 		 16 		 9.408671
b5 		 17 		 9.408671
b5 		 18 		 9.408671
b5 		 19 		 9.408671
b5 		 20 		 9.408671
b5 		 21 		 9.408671
b5 		 22 		 9.408671
b5 		 23 		 9.408671
b5 		 24 		 9.408671
b5 		 25 		 9.408671
b5 		 26 		 9.408671
b5 		 27 		 9.408671
b5 		 28 		 9.408671
b5 		 29 		 9.614507
b5 		 30 		 9.614507
b5 		 31 		 9.614507
b5 		 32 		 9.614507
b5 		 33 		 9.614507
b5 		 34 		 9.614507
b5 		 35 		 9.614507
b5 		 36 		 9.614507
b5 		 37 		 9.614507
b5 		 38 		 9.614507
b5 		 39 		 9.614507
b5 		 40 		 9.614507
b5 		 41 		 9.614507
b5 		 42 		 9.614507
b5 		 43 		 9.614507
b5 		 44 		 9.614507
b5 		 45 		 9.614507
b5 		 46 		 9.614507
b5 		 47 		 9.614507
b5 		 48 		 9.614507
b5 		 49 		 9.614507
b5 		 50 		 9.614507
b5 		 51 		 9.614507
b5 		 52 		 10.824293
b5 		 53 		 10.824293
b5 		 54 		 10.824293
b5 		 55 		 10.824293
b5 		 56 		 10.824293
b5 		 57 		 10.824293
b5 		 58 		 11.022192
b5 		 59 		 10.824293
b5 		 60 		 11.022192
b5 		 61 		 11.022192
b5 		 62 		 10.824293
b5 		 63 		 10.824293
b5 		 64 		 10.824293
b5 		 65 		 11.022192
b5 		 66 		 11.022192
b5 		 67 		 11.022192
b5 		 68 		 11.022192
b5 		 69 		 11.022192
b5 		 70 		 11.022192
b5 		 71 		 11.022192
b5 		 72 		 11.022192
b5 		 73 		 10.626394
b5 		 74 		 10.824293
b5 		 75 		 10.824293
b5 		 76 		 10.824293
b5 		 77 		 11.220091
b5 		 78 		 11.862367
b5 		 79 		 11.022192
b5 		 80 		 11.022192
b5 		 81 		 11.022192
b5 		 82 		 11.022192
b5 		 83 		 11.862367
b5 		 84 		 10.182017
b5 		 85 		 9.614507
b5 		 86 		 9.614507
b5 		 87 		 9.614507
b5 		 88 		 9.614507
b5 		 89 		 9.614507
b5 		 90 		 9.614507
b5 		 91 		 9.614507
b5 		 92 		 9.614507
b5 		 93 		 9.614507
b5 		 94 		 9.614507
b5 		 95 		 9.614507
b5 		 96 		 9.614507
----------------------------------------------------------------------------------------------------
b6 		 1 		 9.614507
b6 		 2 		 9.614507
b6 		 3 		 9.614507
b6 		 4 		 9.614507
b6 		 5 		 9.408671
b6 		 6 		 9.408671
b6 		 7 		 9.408671
b6 		 8 		 9.408671
b6 		 9 		 9.408671
b6 		 10 		 9.408671
b6 		 11 		 9.408671
b6 		 12 		 9.408671
b6 		 13 		 9.408671
b6 		 14 		 9.408671
b6 		 15 		 9.408671
b6 		 16 		 9.408671
b6 		 17 		 9.408671
b6 		 18 		 9.408671
b6 		 19 		 9.408671
b6 		 20 		 9.408671
b6 		 21 		 9.408671
b6 		 22 		 9.408671
b6 		 23 		 9.408671
b6 		 24 		 9.408671
b6 		 25 		 9.408671
b6 		 26 		 9.408671
b6 		 27 		 9.408671
b6 		 28 		 9.408671
b6 		 29 		 9.614507
b6 		 30 		 9.614507
b6 		 31 		 9.614507
b6 		 32 		 9.614507
b6 		 33 		 9.614507
b6 		 34 		 9.614507
b6 		 35 		 9.614507
b6 		 36 		 9.614507
b6 		 37 		 9.614507
b6 		 38 		 9.614507
b6 		 39 		 9.614507
b6 		 40 		 9.614507
b6 		 41 		 9.614507
b6 		 42 		 9.614507
b6 		 43 		 9.614507
b6 		 44 		 9.614507
b6 		 45 		 9.614507
b6 		 46 		 9.614507
b6 		 47 		 9.614507
b6 		 48 		 9.614507
b6 		 49 		 9.614507
b6 		 50 		 9.614507
b6 		 51 		 9.614507
b6 		 52 		 10.824293
b6 		 53 		 10.824293
b6 		 54 		 10.824293
b6 		 55 		 10.824293
b6 		 56 		 10.824293
b6 		 57 		 10.824293
b6 		 58 		 11.022192
b6 		 59 		 10.824293
b6 		 60 		 11.022192
b6 		 61 		 11.022192
b6 		 62 		 10.824293
b6 		 63 		 10.824293
b6 		 64 		 10.824293
b6 		 65 		 11.022192
b6 		 66 		 11.022192
b6 		 67 		 11.022192
b6 		 68 		 11.022192
b6 		 69 		 11.022192
b6 		 70 		 11.022192
b6 		 71 		 11.022192
b6 		 72 		 11.022192
b6 		 73 		 10.626394
b6 		 74 		 10.824293
b6 		 75 		 10.824293
b6 		 76 		 10.824293
b6 		 77 		 11.220091
b6 		 78 		 11.862367
b6 		 79 		 11.022192
b6 		 80 		 11.022192
b6 		 81 		 11.022192
b6 		 82 		 11.022192
b6 		 83 		 11.862367
b6 		 84 		 10.182017
b6 		 85 		 9.614507
b6 		 86 		 9.614507
b6 		 87 		 9.614507
b6 		 88 		 9.614507
b6 		 89 		 9.614507
b6 		 90 		 9.614507
b6 		 91 		 9.614507
b6 		 92 		 9.614507
b6 		 93 		 9.614507
b6 		 94 		 9.614507
b6 		 95 		 9.614507
b6 		 96 		 9.614507
----------------------------------------------------------------------------------------------------
b7 		 1 		 9.614507
b7 		 2 		 9.614507
b7 		 3 		 9.614507
b7 		 4 		 9.614507
b7 		 5 		 9.408671
b7 		 6 		 9.408671
b7 		 7 		 9.408671
b7 		 8 		 9.408671
b7 		 9 		 9.408671
b7 		 10 		 9.408671
b7 		 11 		 9.408671
b7 		 12 		 9.408671
b7 		 13 		 9.408671
b7 		 14 		 9.408671
b7 		 15 		 9.408671
b7 		 16 		 9.408671
b7 		 17 		 9.408671
b7 		 18 		 9.408671
b7 		 19 		 9.408671
b7 		 20 		 9.408671
b7 		 21 		 9.408671
b7 		 22 		 9.408671
b7 		 23 		 9.408671
b7 		 24 		 9.408671
b7 		 25 		 9.408671
b7 		 26 		 9.408671
b7 		 27 		 9.408671
b7 		 28 		 9.408671
b7 		 29 		 9.614507
b7 		 30 		 9.614507
b7 		 31 		 9.614507
b7 		 32 		 9.614507
b7 		 33 		 9.614507
b7 		 34 		 9.614507
b7 		 35 		 9.614507
b7 		 36 		 9.614507
b7 		 37 		 9.614507
b7 		 38 		 9.614507
b7 		 39 		 9.614507
b7 		 40 		 9.614507
b7 		 41 		 9.614507
b7 		 42 		 9.614507
b7 		 43 		 9.614507
b7 		 44 		 9.614507
b7 		 45 		 9.614507
b7 		 46 		 9.614507
b7 		 47 		 9.614507
b7 		 48 		 9.614507
b7 		 49 		 9.614507
b7 		 50 		 9.614507
b7 		 51 		 9.614507
b7 		 52 		 10.824293
b7 		 53 		 10.824293
b7 		 54 		 10.824293
b7 		 55 		 10.824293
b7 		 56 		 10.824293
b7 		 57 		 10.824293
b7 		 58 		 11.022192
b7 		 59 		 10.824293
b7 		 60 		 11.022192
b7 		 61 		 11.022192
b7 		 62 		 10.824293
b7 		 63 		 10.824293
b7 		 64 		 10.824293
b7 		 65 		 11.022192
b7 		 66 		 11.022192
b7 		 67 		 11.022192
b7 		 68 		 11.022192
b7 		 69 		 11.022192
b7 		 70 		 11.022192
b7 		 71 		 11.022192
b7 		 72 		 11.022192
b7 		 73 		 10.626394
b7 		 74 		 10.824293
b7 		 75 		 10.824293
b7 		 76 		 10.824293
b7 		 77 		 11.220091
b7 		 78 		 11.862367
b7 		 79 		 11.022192
b7 		 80 		 11.022192
b7 		 81 		 11.022192
b7 		 82 		 11.022192
b7 		 83 		 11.862367
b7 		 84 		 10.182017
b7 		 85 		 9.614507
b7 		 86 		 9.614507
b7 		 87 		 9.614507
b7 		 88 		 9.614507
b7 		 89 		 9.614507
b7 		 90 		 9.614507
b7 		 91 		 9.614507
b7 		 92 		 9.614507
b7 		 93 		 9.614507
b7 		 94 		 9.614507
b7 		 95 		 9.614507
b7 		 96 		 9.614507
----------------------------------------------------------------------------------------------------
b8 		 1 		 9.614507
b8 		 2 		 9.614507
b8 		 3 		 9.614507
b8 		 4 		 9.614507
b8 		 5 		 9.408671
b8 		 6 		 9.408671
b8 		 7 		 9.408671
b8 		 8 		 9.408671
b8 		 9 		 9.408671
b8 		 10 		 9.408671
b8 		 11 		 9.408671
b8 		 12 		 9.408671
b8 		 13 		 9.408671
b8 		 14 		 9.408671
b8 		 15 		 9.408671
b8 		 16 		 9.408671
b8 		 17 		 9.408671
b8 		 18 		 9.408671
b8 		 19 		 9.408671
b8 		 20 		 9.408671
b8 		 21 		 9.408671
b8 		 22 		 9.408671
b8 		 23 		 9.408671
b8 		 24 		 9.408671
b8 		 25 		 9.408671
b8 		 26 		 9.408671
b8 		 27 		 9.408671
b8 		 28 		 9.408671
b8 		 29 		 9.614507
b8 		 30 		 9.614507
b8 		 31 		 9.614507
b8 		 32 		 9.614507
b8 		 33 		 9.614507
b8 		 34 		 9.614507
b8 		 35 		 9.614507
b8 		 36 		 9.614507
b8 		 37 		 9.614507
b8 		 38 		 9.614507
b8 		 39 		 9.614507
b8 		 40 		 9.614507
b8 		 41 		 9.614507
b8 		 42 		 9.614507
b8 		 43 		 9.614507
b8 		 44 		 9.614507
b8 		 45 		 9.614507
b8 		 46 		 9.614507
b8 		 47 		 9.614507
b8 		 48 		 9.614507
b8 		 49 		 9.614507
b8 		 50 		 9.614507
b8 		 51 		 9.614507
b8 		 52 		 10.824293
b8 		 53 		 10.824293
b8 		 54 		 10.824293
b8 		 55 		 10.824293
b8 		 56 		 10.824293
b8 		 57 		 10.824293
b8 		 58 		 11.022192
b8 		 59 		 10.824293
b8 		 60 		 11.022192
b8 		 61 		 11.022192
b8 		 62 		 10.824293
b8 		 63 		 10.824293
b8 		 64 		 10.824293
b8 		 65 		 11.022192
b8 		 66 		 11.022192
b8 		 67 		 11.022192
b8 		 68 		 11.022192
b8 		 69 		 11.022192
b8 		 70 		 11.022192
b8 		 71 		 11.022192
b8 		 72 		 11.022192
b8 		 73 		 10.626394
b8 		 74 		 10.824293
b8 		 75 		 10.824293
b8 		 76 		 10.824293
b8 		 77 		 11.220091
b8 		 78 		 11.862367
b8 		 79 		 11.022192
b8 		 80 		 11.022192
b8 		 81 		 11.022192
b8 		 82 		 11.022192
b8 		 83 		 11.862367
b8 		 84 		 10.182017
b8 		 85 		 9.614507
b8 		 86 		 9.614507
b8 		 87 		 9.614507
b8 		 88 		 9.614507
b8 		 89 		 9.614507
b8 		 90 		 9.614507
b8 		 91 		 9.614507
b8 		 92 		 9.614507
b8 		 93 		 9.614507
b8 		 94 		 9.614507
b8 		 95 		 9.614507
b8 		 96 		 9.614507
----------------------------------------------------------------------------------------------------
b9 		 1 		 9.614507
b9 		 2 		 9.614507
b9 		 3 		 9.614507
b9 		 4 		 9.614507
b9 		 5 		 9.408671
b9 		 6 		 9.408671
b9 		 7 		 9.408671
b9 		 8 		 9.408671
b9 		 9 		 9.408671
b9 		 10 		 9.408671
b9 		 11 		 9.408671
b9 		 12 		 9.408671
b9 		 13 		 9.408671
b9 		 14 		 9.408671
b9 		 15 		 9.408671
b9 		 16 		 9.408671
b9 		 17 		 9.408671
b9 		 18 		 9.408671
b9 		 19 		 9.408671
b9 		 20 		 9.408671
b9 		 21 		 9.408671
b9 		 22 		 9.408671
b9 		 23 		 9.408671
b9 		 24 		 9.408671
b9 		 25 		 9.408671
b9 		 26 		 9.408671
b9 		 27 		 9.408671
b9 		 28 		 9.408671
b9 		 29 		 9.614507
b9 		 30 		 9.614507
b9 		 31 		 9.614507
b9 		 32 		 9.614507
b9 		 33 		 9.614507
b9 		 34 		 9.614507
b9 		 35 		 9.614507
b9 		 36 		 9.614507
b9 		 37 		 9.614507
b9 		 38 		 9.614507
b9 		 39 		 9.614507
b9 		 40 		 9.614507
b9 		 41 		 9.614507
b9 		 42 		 9.614507
b9 		 43 		 9.614507
b9 		 44 		 9.614507
b9 		 45 		 9.614507
b9 		 46 		 9.614507
b9 		 47 		 9.614507
b9 		 48 		 9.614507
b9 		 49 		 9.614507
b9 		 50 		 9.614507
b9 		 51 		 9.614507
b9 		 52 		 10.824293
b9 		 53 		 10.824293
b9 		 54 		 10.824293
b9 		 55 		 10.824293
b9 		 56 		 10.824293
b9 		 57 		 10.824293
b9 		 58 		 11.022192
b9 		 59 		 10.824293
b9 		 60 		 11.022192
b9 		 61 		 11.022192
b9 		 62 		 10.824293
b9 		 63 		 10.824293
b9 		 64 		 10.824293
b9 		 65 		 11.022192
b9 		 66 		 11.022192
b9 		 67 		 11.022192
b9 		 68 		 11.022192
b9 		 69 		 11.022192
b9 		 70 		 11.022192
b9 		 71 		 11.022192
b9 		 72 		 11.022192
b9 		 73 		 10.626394
b9 		 74 		 10.824293
b9 		 75 		 10.824293
b9 		 76 		 10.824293
b9 		 77 		 11.220091
b9 		 78 		 11.862367
b9 		 79 		 11.022192
b9 		 80 		 11.022192
b9 		 81 		 11.022192
b9 		 82 		 11.022192
b9 		 83 		 11.862367
b9 		 84 		 10.182017
b9 		 85 		 9.614507
b9 		 86 		 9.614507
b9 		 87 		 9.614507
b9 		 88 		 9.614507
b9 		 89 		 9.614507
b9 		 90 		 9.614507
b9 		 91 		 9.614507
b9 		 92 		 9.614507
b9 		 93 		 9.614507
b9 		 94 		 9.614507
b9 		 95 		 9.614507
b9 		 96 		 9.614507
----------------------------------------------------------------------------------------------------
b10 		 1 		 9.614507
b10 		 2 		 9.614507
b10 		 3 		 9.614507
b10 		 4 		 9.614507
b10 		 5 		 9.408671
b10 		 6 		 9.408671
b10 		 7 		 9.408671
b10 		 8 		 9.408671
b10 		 9 		 9.408671
b10 		 10 		 9.408671
b10 		 11 		 9.408671
b10 		 12 		 9.408671
b10 		 13 		 9.408671
b10 		 14 		 9.408671
b10 		 15 		 9.408671
b10 		 16 		 9.408671
b10 		 17 		 9.408671
b10 		 18 		 9.408671
b10 		 19 		 9.408671
b10 		 20 		 9.408671
b10 		 21 		 9.408671
b10 		 22 		 9.408671
b10 		 23 		 9.408671
b10 		 24 		 9.408671
b10 		 25 		 9.408671
b10 		 26 		 9.408671
b10 		 27 		 9.408671
b10 		 28 		 9.408671
b10 		 29 		 9.614507
b10 		 30 		 9.614507
b10 		 31 		 9.614507
b10 		 32 		 9.614507
b10 		 33 		 9.614507
b10 		 34 		 9.614507
b10 		 35 		 9.614507
b10 		 36 		 9.614507
b10 		 37 		 9.614507
b10 		 38 		 9.614507
b10 		 39 		 9.614507
b10 		 40 		 9.614507
b10 		 41 		 9.614507
b10 		 42 		 9.614507
b10 		 43 		 9.614507
b10 		 44 		 9.614507
b10 		 45 		 9.614507
b10 		 46 		 9.614507
b10 		 47 		 9.614507
b10 		 48 		 9.614507
b10 		 49 		 9.614507
b10 		 50 		 9.614507
b10 		 51 		 9.614507
b10 		 52 		 10.824293
b10 		 53 		 10.824293
b10 		 54 		 10.824293
b10 		 55 		 10.824293
b10 		 56 		 10.824293
b10 		 57 		 10.824293
b10 		 58 		 11.022192
b10 		 59 		 10.824293
b10 		 60 		 11.022192
b10 		 61 		 11.022192
b10 		 62 		 10.824293
b10 		 63 		 10.824293
b10 		 64 		 10.824293
b10 		 65 		 11.022192
b10 		 66 		 11.022192
b10 		 67 		 11.022192
b10 		 68 		 11.022192
b10 		 69 		 11.022192
b10 		 70 		 11.022192
b10 		 71 		 11.022192
b10 		 72 		 11.022192
b10 		 73 		 10.626394
b10 		 74 		 10.824293
b10 		 75 		 10.824293
b10 		 76 		 10.824293
b10 		 77 		 11.220091
b10 		 78 		 11.862367
b10 		 79 		 11.022192
b10 		 80 		 11.022192
b10 		 81 		 11.022192
b10 		 82 		 11.022192
b10 		 83 		 11.862367
b10 		 84 		 10.182017
b10 		 85 		 9.614507
b10 		 86 		 9.614507
b10 		 87 		 9.614507
b10 		 88 		 9.614507
b10 		 89 		 9.614507
b10 		 90 		 9.614507
b10 		 91 		 9.614507
b10 		 92 		 9.614507
b10 		 93 		 9.614507
b10 		 94 		 9.614507
b10 		 95 		 9.614507
b10 		 96 		 9.614507
----------------------------------------------------------------------------------------------------
b11 		 1 		 9.614507
b11 		 2 		 9.614507
b11 		 3 		 9.614507
b11 		 4 		 9.614507
b11 		 5 		 9.408671
b11 		 6 		 9.408671
b11 		 7 		 9.408671
b11 		 8 		 9.408671
b11 		 9 		 9.408671
b11 		 10 		 9.408671
b11 		 11 		 9.408671
b11 		 12 		 9.408671
b11 		 13 		 9.408671
b11 		 14 		 9.408671
b11 		 15 		 9.408671
b11 		 16 		 9.408671
b11 		 17 		 9.408671
b11 		 18 		 9.408671
b11 		 19 		 9.408671
b11 		 20 		 9.408671
b11 		 21 		 9.408671
b11 		 22 		 9.408671
b11 		 23 		 9.408671
b11 		 24 		 9.408671
b11 		 25 		 9.408671
b11 		 26 		 9.408671
b11 		 27 		 9.408671
b11 		 28 		 9.408671
b11 		 29 		 9.614507
b11 		 30 		 9.614507
b11 		 31 		 9.614507
b11 		 32 		 9.614507
b11 		 33 		 9.614507
b11 		 34 		 9.614507
b11 		 35 		 9.614507
b11 		 36 		 9.614507
b11 		 37 		 9.614507
b11 		 38 		 9.614507
b11 		 39 		 9.614507
b11 		 40 		 9.614507
b11 		 41 		 9.614507
b11 		 42 		 9.614507
b11 		 43 		 9.614507
b11 		 44 		 9.614507
b11 		 45 		 9.614507
b11 		 46 		 9.614507
b11 		 47 		 9.614507
b11 		 48 		 9.614507
b11 		 49 		 9.614507
b11 		 50 		 9.614507
b11 		 51 		 9.614507
b11 		 52 		 10.824293
b11 		 53 		 10.824293
b11 		 54 		 10.824293
b11 		 55 		 10.824293
b11 		 56 		 10.824293
b11 		 57 		 10.824293
b11 		 58 		 11.022192
b11 		 59 		 10.824293
b11 		 60 		 11.022192
b11 		 61 		 11.022192
b11 		 62 		 10.824293
b11 		 63 		 10.824293
b11 		 64 		 10.824293
b11 		 65 		 11.022192
b11 		 66 		 11.022192
b11 		 67 		 11.022192
b11 		 68 		 11.022192
b11 		 69 		 11.022192
b11 		 70 		 11.022192
b11 		 71 		 11.022192
b11 		 72 		 11.022192
b11 		 73 		 10.626394
b11 		 74 		 10.824293
b11 		 75 		 10.824293
b11 		 76 		 10.824293
b11 		 77 		 11.220091
b11 		 78 		 11.862367
b11 		 79 		 11.022192
b11 		 80 		 11.022192
b11 		 81 		 11.022192
b11 		 82 		 11.022192
b11 		 83 		 11.862367
b11 		 84 		 10.182017
b11 		 85 		 9.614507
b11 		 86 		 9.614507
b11 		 87 		 9.614507
b11 		 88 		 9.614507
b11 		 89 		 9.614507
b11 		 90 		 9.614507
b11 		 91 		 9.614507
b11 		 92 		 9.614507
b11 		 93 		 9.614507
b11 		 94 		 9.614507
b11 		 95 		 9.614507
b11 		 96 		 9.614507
----------------------------------------------------------------------------------------------------
b12 		 1 		 9.614507
b12 		 2 		 9.614507
b12 		 3 		 9.614507
b12 		 4 		 9.614507
b12 		 5 		 9.408671
b12 		 6 		 9.408671
b12 		 7 		 9.408671
b12 		 8 		 9.408671
b12 		 9 		 9.408671
b12 		 10 		 9.408671
b12 		 11 		 9.408671
b12 		 12 		 9.408671
b12 		 13 		 9.408671
b12 		 14 		 9.408671
b12 		 15 		 9.408671
b12 		 16 		 9.408671
b12 		 17 		 9.408671
b12 		 18 		 9.408671
b12 		 19 		 9.408671
b12 		 20 		 9.408671
b12 		 21 		 9.408671
b12 		 22 		 9.408671
b12 		 23 		 9.408671
b12 		 24 		 9.408671
b12 		 25 		 9.408671
b12 		 26 		 9.408671
b12 		 27 		 9.408671
b12 		 28 		 9.408671
b12 		 29 		 9.614507
b12 		 30 		 9.614507
b12 		 31 		 9.614507
b12 		 32 		 9.614507
b12 		 33 		 9.614507
b12 		 34 		 9.614507
b12 		 35 		 9.614507
b12 		 36 		 9.614507
b12 		 37 		 9.614507
b12 		 38 		 9.614507
b12 		 39 		 9.614507
b12 		 40 		 9.614507
b12 		 41 		 9.614507
b12 		 42 		 9.614507
b12 		 43 		 9.614507
b12 		 44 		 9.614507
b12 		 45 		 9.614507
b12 		 46 		 9.614507
b12 		 47 		 9.614507
b12 		 48 		 9.614507
b12 		 49 		 9.614507
b12 		 50 		 9.614507
b12 		 51 		 9.614507
b12 		 52 		 10.824293
b12 		 53 		 10.824293
b12 		 54 		 10.824293
b12 		 55 		 10.824293
b12 		 56 		 10.824293
b12 		 57 		 10.824293
b12 		 58 		 11.022192
b12 		 59 		 10.824293
b12 		 60 		 11.022192
b12 		 61 		 11.022192
b12 		 62 		 10.824293
b12 		 63 		 10.824293
b12 		 64 		 10.824293
b12 		 65 		 11.022192
b12 		 66 		 11.022192
b12 		 67 		 11.022192
b12 		 68 		 11.022192
b12 		 69 		 11.022192
b12 		 70 		 11.022192
b12 		 71 		 11.022192
b12 		 72 		 11.022192
b12 		 73 		 10.626394
b12 		 74 		 10.824293
b12 		 75 		 10.824293
b12 		 76 		 10.824293
b12 		 77 		 11.220091
b12 		 78 		 11.862367
b12 		 79 		 11.022192
b12 		 80 		 11.022192
b12 		 81 		 11.022192
b12 		 82 		 11.022192
b12 		 83 		 11.862367
b12 		 84 		 10.182017
b12 		 85 		 9.614507
b12 		 86 		 9.614507
b12 		 87 		 9.614507
b12 		 88 		 9.614507
b12 		 89 		 9.614507
b12 		 90 		 9.614507
b12 		 91 		 9.614507
b12 		 92 		 9.614507
b12 		 93 		 9.614507
b12 		 94 		 9.614507
b12 		 95 		 9.614507
b12 		 96 		 9.614507
----------------------------------------------------------------------------------------------------
b13 		 1 		 9.614507
b13 		 2 		 9.614507
b13 		 3 		 9.614507
b13 		 4 		 9.614507
b13 		 5 		 9.408671
b13 		 6 		 9.408671
b13 		 7 		 9.408671
b13 		 8 		 9.408671
b13 		 9 		 9.408671
b13 		 10 		 9.408671
b13 		 11 		 9.408671
b13 		 12 		 9.408671
b13 		 13 		 9.408671
b13 		 14 		 9.408671
b13 		 15 		 9.408671
b13 		 16 		 9.408671
b13 		 17 		 9.408671
b13 		 18 		 9.408671
b13 		 19 		 9.408671
b13 		 20 		 9.408671
b13 		 21 		 9.408671
b13 		 22 		 9.408671
b13 		 23 		 9.408671
b13 		 24 		 9.408671
b13 		 25 		 9.408671
b13 		 26 		 9.408671
b13 		 27 		 9.408671
b13 		 28 		 9.408671
b13 		 29 		 9.614507
b13 		 30 		 9.614507
b13 		 31 		 9.614507
b13 		 32 		 9.614507
b13 		 33 		 9.614507
b13 		 34 		 9.614507
b13 		 35 		 9.614507
b13 		 36 		 9.614507
b13 		 37 		 9.614507
b13 		 38 		 9.614507
b13 		 39 		 9.614507
b13 		 40 		 9.614507
b13 		 41 		 9.614507
b13 		 42 		 9.614507
b13 		 43 		 9.614507
b13 		 44 		 9.614507
b13 		 45 		 9.614507
b13 		 46 		 9.614507
b13 		 47 		 9.614507
b13 		 48 		 9.614507
b13 		 49 		 9.614507
b13 		 50 		 9.614507
b13 		 51 		 9.614507
b13 		 52 		 10.824293
b13 		 53 		 10.824293
b13 		 54 		 10.824293
b13 		 55 		 10.824293
b13 		 56 		 10.824293
b13 		 57 		 10.824293
b13 		 58 		 11.022192
b13 		 59 		 10.824293
b13 		 60 		 11.022192
b13 		 61 		 11.022192
b13 		 62 		 10.824293
b13 		 63 		 10.824293
b13 		 64 		 10.824293
b13 		 65 		 11.022192
b13 		 66 		 11.022192
b13 		 67 		 11.022192
b13 		 68 		 11.022192
b13 		 69 		 11.022192
b13 		 70 		 11.022192
b13 		 71 		 11.022192
b13 		 72 		 11.022192
b13 		 73 		 10.626394
b13 		 74 		 10.824293
b13 		 75 		 10.824293
b13 		 76 		 10.824293
b13 		 77 		 11.220091
b13 		 78 		 11.862367
b13 		 79 		 11.022192
b13 		 80 		 11.022192
b13 		 81 		 11.022192
b13 		 82 		 11.022192
b13 		 83 		 11.862367
b13 		 84 		 10.182017
b13 		 85 		 9.614507
b13 		 86 		 9.614507
b13 		 87 		 9.614507
b13 		 88 		 9.614507
b13 		 89 		 9.614507
b13 		 90 		 9.614507
b13 		 91 		 9.614507
b13 		 92 		 9.614507
b13 		 93 		 9.614507
b13 		 94 		 9.614507
b13 		 95 		 9.614507
b13 		 96 		 9.614507
----------------------------------------------------------------------------------------------------
b14 		 1 		 9.614507
b14 		 2 		 9.614507
b14 		 3 		 9.614507
b14 		 4 		 9.614507
b14 		 5 		 9.408671
b14 		 6 		 9.408671
b14 		 7 		 9.408671
b14 		 8 		 9.408671
b14 		 9 		 9.408671
b14 		 10 		 9.408671
b14 		 11 		 9.408671
b14 		 12 		 9.408671
b14 		 13 		 9.408671
b14 		 14 		 9.408671
b14 		 15 		 9.408671
b14 		 16 		 9.408671
b14 		 17 		 9.408671
b14 		 18 		 9.408671
b14 		 19 		 9.408671
b14 		 20 		 9.408671
b14 		 21 		 9.408671
b14 		 22 		 9.408671
b14 		 23 		 9.408671
b14 		 24 		 9.408671
b14 		 25 		 9.408671
b14 		 26 		 9.408671
b14 		 27 		 9.408671
b14 		 28 		 9.408671
b14 		 29 		 9.614507
b14 		 30 		 9.614507
b14 		 31 		 9.614507
b14 		 32 		 9.614507
b14 		 33 		 9.614507
b14 		 34 		 9.614507
b14 		 35 		 9.614507
b14 		 36 		 9.614507
b14 		 37 		 9.614507
b14 		 38 		 9.614507
b14 		 39 		 9.614507
b14 		 40 		 9.614507
b14 		 41 		 9.614507
b14 		 42 		 9.614507
b14 		 43 		 9.614507
b14 		 44 		 9.614507
b14 		 45 		 9.614507
b14 		 46 		 9.614507
b14 		 47 		 9.614507
b14 		 48 		 9.614507
b14 		 49 		 9.614507
b14 		 50 		 9.614507
b14 		 51 		 9.614507
b14 		 52 		 10.824293
b14 		 53 		 10.824293
b14 		 54 		 10.824293
b14 		 55 		 10.824293
b14 		 56 		 10.824293
b14 		 57 		 10.824293
b14 		 58 		 11.022192
b14 		 59 		 10.824293
b14 		 60 		 11.022192
b14 		 61 		 11.022192
b14 		 62 		 10.824293
b14 		 63 		 10.824293
b14 		 64 		 10.824293
b14 		 65 		 11.022192
b14 		 66 		 11.022192
b14 		 67 		 11.022192
b14 		 68 		 11.022192
b14 		 69 		 11.022192
b14 		 70 		 11.022192
b14 		 71 		 11.022192
b14 		 72 		 11.022192
b14 		 73 		 10.626394
b14 		 74 		 10.824293
b14 		 75 		 10.824293
b14 		 76 		 10.824293
b14 		 77 		 11.220091
b14 		 78 		 11.862367
b14 		 79 		 11.022192
b14 		 80 		 11.022192
b14 		 81 		 11.022192
b14 		 82 		 11.022192
b14 		 83 		 11.862367
b14 		 84 		 10.182017
b14 		 85 		 9.614507
b14 		 86 		 9.614507
b14 		 87 		 9.614507
b14 		 88 		 9.614507
b14 		 89 		 9.614507
b14 		 90 		 9.614507
b14 		 91 		 9.614507
b14 		 92 		 9.614507
b14 		 93 		 9.614507
b14 		 94 		 9.614507
b14 		 95 		 9.614507
b14 		 96 		 9.614507
----------------------------------------------------------------------------------------------------
Total overall payments
----------------------------------------------------------------------------------------------------------------------------------------------------
total generation payment 	 total up-FRP payment 	 total dw-FRP payment 	 total pre-up t. payment 	 uplift payment 	 total post-up t. payment 	 profit
----------------------------------------------------------------------------------------------------------------------------------------------------
346044.698762 			 1002.620332 			 0.0 			 347047.31909400003			 33823.893703 			 380871.212797 			 40917.01139999999
