****************************************************************************************************
 
Generation payment
----------------------------------------------------------------------------------------------------------------
unit	 time 	 generation payment 	 up-FRP payment 	 dw-FRP payment 	pre-up total payment
----------------------------------------------------------------------------------------------------------------
g1	 1 	 175.841882 			 0.0 			 0.0			 175.841882 
g1	 2 	 140.715934 			 0.0 			 0.0			 140.715934 
g1	 3 	 171.456522 			 0.0 			 0.0			 171.456522 
g1	 4 	 139.629005 			 0.0 			 0.0			 139.629005 
g1	 5 	 134.003561 			 0.0 			 0.0			 134.003561 
g1	 6 	 134.295813 			 0.0 			 0.0			 134.295813 
g1	 7 	 151.531144 			 0.0 			 0.0			 151.531144 
g1	 8 	 165.770885 			 0.0 			 0.0			 165.770885 
g1	 9 	 146.65637 			 0.0 			 0.0			 146.65637 
g1	 10 	 212.798989 			 0.0 			 0.0			 212.798989 
g1	 11 	 146.049248 			 0.0 			 0.0			 146.049248 
g1	 12 	 187.564707 			 0.0 			 0.0			 187.564707 
g1	 13 	 198.071107 			 0.0 			 0.0			 198.071107 
g1	 14 	 138.273226 			 0.0 			 0.0			 138.273226 
g1	 15 	 154.417395 			 0.0 			 0.0			 154.417395 
g1	 16 	 120.575261 			 0.0 			 0.0			 120.575261 
g1	 17 	 123.270949 			 0.0 			 0.0			 123.270949 
g1	 18 	 181.584706 			 0.0 			 0.0			 181.584706 
g1	 19 	 149.132413 			 0.0 			 0.0			 149.132413 
g1	 20 	 104.415333 			 0.0 			 0.0			 104.415333 
g1	 21 	 144.656087 			 0.0 			 0.0			 144.656087 
g1	 22 	 142.177231 			 0.0 			 0.0			 142.177231 
g1	 23 	 182.862357 			 0.0 			 0.0			 182.862357 
g1	 24 	 145.481133 			 0.0 			 0.0			 145.481133 
g1	 25 	 175.481763 			 0.0 			 0.0			 175.481763 
g1	 26 	 125.143491 			 0.0 			 0.0			 125.143491 
g1	 27 	 145.741377 			 0.0 			 0.0			 145.741377 
g1	 28 	 150.703632 			 0.0 			 0.0			 150.703632 
g1	 29 	 139.287795 			 0.0 			 0.0			 139.287795 
g1	 30 	 148.374456 			 0.0 			 0.0			 148.374456 
g1	 31 	 136.612924 			 0.0 			 0.0			 136.612924 
g1	 32 	 183.992157 			 0.0 			 0.0			 183.992157 
g1	 33 	 106.335621 			 0.0 			 0.0			 106.335621 
g1	 34 	 152.170696 			 0.0 			 0.0			 152.170696 
g1	 35 	 170.793516 			 0.0 			 0.0			 170.793516 
g1	 36 	 165.978167 			 0.0 			 0.0			 165.978167 
g1	 37 	 178.741857 			 0.0 			 0.0			 178.741857 
g1	 38 	 119.321974 			 0.0 			 0.0			 119.321974 
g1	 39 	 182.508244 			 0.0 			 0.0			 182.508244 
g1	 40 	 113.54179 			 0.0 			 0.0			 113.54179 
g1	 41 	 223.234075 			 0.0 			 0.0			 223.234075 
g1	 42 	 96.334418 			 0.0 			 0.0			 96.334418 
g1	 43 	 202.97753 			 0.0 			 0.0			 202.97753 
g1	 44 	 120.658284 			 0.0 			 0.0			 120.658284 
g1	 45 	 106.025005 			 0.0 			 0.0			 106.025005 
g1	 46 	 175.798309 			 0.0 			 0.0			 175.798309 
g1	 47 	 130.983784 			 0.0 			 0.0			 130.983784 
g1	 48 	 170.312338 			 0.0 			 0.0			 170.312338 
g1	 49 	 83.823935 			 0.0 			 0.0			 83.823935 
g1	 50 	 236.484651 			 0.0 			 0.0			 236.484651 
g1	 51 	 93.277736 			 0.0 			 0.0			 93.277736 
g1	 52 	 200.583844 			 0.0 			 0.0			 200.583844 
g1	 53 	 182.942458 			 0.0 			 0.0			 182.942458 
g1	 54 	 182.942458 			 0.0 			 0.0			 182.942458 
g1	 55 	 182.942458 			 0.0 			 0.0			 182.942458 
g1	 56 	 182.942458 			 0.0 			 0.0			 182.942458 
g1	 57 	 179.597748 			 0.0 			 0.0			 179.597748 
g1	 58 	 186.287169 			 0.0 			 0.0			 186.287169 
g1	 59 	 182.942458 			 0.0 			 0.0			 182.942458 
g1	 60 	 186.287169 			 0.0 			 0.0			 186.287169 
g1	 61 	 182.942458 			 0.0 			 0.0			 182.942458 
g1	 62 	 186.287169 			 0.0 			 0.0			 186.287169 
g1	 63 	 182.942458 			 0.0 			 0.0			 182.942458 
g1	 64 	 186.287169 			 0.0 			 0.0			 186.287169 
g1	 65 	 186.287169 			 0.0 			 0.0			 186.287169 
g1	 66 	 186.287169 			 0.0 			 0.0			 186.287169 
g1	 67 	 186.287169 			 0.0 			 0.0			 186.287169 
g1	 68 	 186.287169 			 0.0 			 0.0			 186.287169 
g1	 69 	 186.287169 			 0.0 			 0.0			 186.287169 
g1	 70 	 186.287169 			 0.0 			 0.0			 186.287169 
g1	 71 	 186.287169 			 0.0 			 0.0			 186.287169 
g1	 72 	 186.287169 			 0.0 			 0.0			 186.287169 
g1	 73 	 182.942458 			 0.0 			 0.0			 182.942458 
g1	 74 	 182.942458 			 0.0 			 0.0			 182.942458 
g1	 75 	 182.942458 			 0.0 			 0.0			 182.942458 
g1	 76 	 182.942458 			 0.0 			 0.0			 182.942458 
g1	 77 	 189.63188 			 0.0 			 0.0			 189.63188 
g1	 78 	 200.487051 			 0.0 			 0.0			 200.487051 
g1	 79 	 186.287169 			 0.0 			 0.0			 186.287169 
g1	 80 	 200.487051 			 0.0 			 0.0			 200.487051 
g1	 81 	 200.487051 			 0.0 			 0.0			 200.487051 
g1	 82 	 155.46628 			 0.0 			 0.0			 155.46628 
g1	 83 	 200.487051 			 0.0 			 0.0			 200.487051 
g1	 84 	 186.287169 			 0.0 			 0.0			 186.287169 
g1	 85 	 286.933053 			 0.0 			 0.0			 286.933053 
g1	 86 	 156.219779 			 0.0 			 0.0			 156.219779 
g1	 87 	 112.126227 			 0.0 			 0.0			 112.126227 
g1	 88 	 98.898146 			 0.0 			 0.0			 98.898146 
g1	 89 	 420.494146 			 0.0 			 0.0			 420.494146 
g1	 90 	 411.09959 			 0.0 			 0.0			 411.09959 
g1	 91 	 370.635572 			 0.0 			 0.0			 370.635572 
g1	 92 	 392.673609 			 0.0 			 0.0			 392.673609 
g1	 93 	 181.937441 			 0.0 			 0.0			 181.937441 
g1	 94 	 137.82814 			 0.0 			 0.0			 137.82814 
g1	 95 	 180.160055 			 0.0 			 0.0			 180.160055 
g1	 96 	 119.740512 			 0.0 			 0.0			 119.740512 
----------------------------------------------------------------------------------------------------
g2	 1 	 0.0 			 0.0 			 0.0			 0.0 
g2	 2 	 0.0 			 0.0 			 0.0			 0.0 
g2	 3 	 0.0 			 0.0 			 0.0			 0.0 
g2	 4 	 0.0 			 0.0 			 0.0			 0.0 
g2	 5 	 0.0 			 0.0 			 0.0			 0.0 
g2	 6 	 0.0 			 0.0 			 0.0			 0.0 
g2	 7 	 0.0 			 0.0 			 0.0			 0.0 
g2	 8 	 0.0 			 0.0 			 0.0			 0.0 
g2	 9 	 0.0 			 0.0 			 0.0			 0.0 
g2	 10 	 0.0 			 0.0 			 0.0			 0.0 
g2	 11 	 0.0 			 0.0 			 0.0			 0.0 
g2	 12 	 0.0 			 0.0 			 0.0			 0.0 
g2	 13 	 0.0 			 0.0 			 0.0			 0.0 
g2	 14 	 0.0 			 0.0 			 0.0			 0.0 
g2	 15 	 0.0 			 0.0 			 0.0			 0.0 
g2	 16 	 0.0 			 0.0 			 0.0			 0.0 
g2	 17 	 0.0 			 0.0 			 0.0			 0.0 
g2	 18 	 0.0 			 0.0 			 0.0			 0.0 
g2	 19 	 0.0 			 0.0 			 0.0			 0.0 
g2	 20 	 0.0 			 0.0 			 0.0			 0.0 
g2	 21 	 0.0 			 0.0 			 0.0			 0.0 
g2	 22 	 0.0 			 0.0 			 0.0			 0.0 
g2	 23 	 0.0 			 0.0 			 0.0			 0.0 
g2	 24 	 0.0 			 0.0 			 0.0			 0.0 
g2	 25 	 0.0 			 0.0 			 0.0			 0.0 
g2	 26 	 0.0 			 0.0 			 0.0			 0.0 
g2	 27 	 0.0 			 0.0 			 0.0			 0.0 
g2	 28 	 0.0 			 0.0 			 0.0			 0.0 
g2	 29 	 0.0 			 0.0 			 0.0			 0.0 
g2	 30 	 0.0 			 0.0 			 0.0			 0.0 
g2	 31 	 0.0 			 0.0 			 0.0			 0.0 
g2	 32 	 0.0 			 0.0 			 0.0			 0.0 
g2	 33 	 0.0 			 0.0 			 0.0			 0.0 
g2	 34 	 0.0 			 0.0 			 0.0			 0.0 
g2	 35 	 0.0 			 0.0 			 0.0			 0.0 
g2	 36 	 0.0 			 0.0 			 0.0			 0.0 
g2	 37 	 0.0 			 0.0 			 0.0			 0.0 
g2	 38 	 0.0 			 0.0 			 0.0			 0.0 
g2	 39 	 0.0 			 0.0 			 0.0			 0.0 
g2	 40 	 0.0 			 0.0 			 0.0			 0.0 
g2	 41 	 0.0 			 0.0 			 0.0			 0.0 
g2	 42 	 0.0 			 0.0 			 0.0			 0.0 
g2	 43 	 0.0 			 0.0 			 0.0			 0.0 
g2	 44 	 0.0 			 0.0 			 0.0			 0.0 
g2	 45 	 0.0 			 0.0 			 0.0			 0.0 
g2	 46 	 0.0 			 0.0 			 0.0			 0.0 
g2	 47 	 0.0 			 0.0 			 0.0			 0.0 
g2	 48 	 0.0 			 0.0 			 0.0			 0.0 
g2	 49 	 0.0 			 0.0 			 0.0			 0.0 
g2	 50 	 0.0 			 0.0 			 0.0			 0.0 
g2	 51 	 0.0 			 0.0 			 0.0			 0.0 
g2	 52 	 0.0 			 0.0 			 0.0			 0.0 
g2	 53 	 0.0 			 0.0 			 0.0			 0.0 
g2	 54 	 0.0 			 0.0 			 0.0			 0.0 
g2	 55 	 0.0 			 0.0 			 0.0			 0.0 
g2	 56 	 0.0 			 0.0 			 0.0			 0.0 
g2	 57 	 0.0 			 0.0 			 0.0			 0.0 
g2	 58 	 0.0 			 0.0 			 0.0			 0.0 
g2	 59 	 0.0 			 0.0 			 0.0			 0.0 
g2	 60 	 0.0 			 0.0 			 0.0			 0.0 
g2	 61 	 0.0 			 0.0 			 0.0			 0.0 
g2	 62 	 0.0 			 0.0 			 0.0			 0.0 
g2	 63 	 0.0 			 0.0 			 0.0			 0.0 
g2	 64 	 0.0 			 0.0 			 0.0			 0.0 
g2	 65 	 0.0 			 0.0 			 0.0			 0.0 
g2	 66 	 0.0 			 0.0 			 0.0			 0.0 
g2	 67 	 0.0 			 0.0 			 0.0			 0.0 
g2	 68 	 0.0 			 0.0 			 0.0			 0.0 
g2	 69 	 0.0 			 0.0 			 0.0			 0.0 
g2	 70 	 0.0 			 0.0 			 0.0			 0.0 
g2	 71 	 0.0 			 0.0 			 0.0			 0.0 
g2	 72 	 0.0 			 0.0 			 0.0			 0.0 
g2	 73 	 0.0 			 0.0 			 0.0			 0.0 
g2	 74 	 0.0 			 0.0 			 0.0			 0.0 
g2	 75 	 0.0 			 0.0 			 0.0			 0.0 
g2	 76 	 0.0 			 0.0 			 0.0			 0.0 
g2	 77 	 0.0 			 0.0 			 0.0			 0.0 
g2	 78 	 0.0 			 0.0 			 0.0			 0.0 
g2	 79 	 0.0 			 0.0 			 0.0			 0.0 
g2	 80 	 0.0 			 0.0 			 0.0			 0.0 
g2	 81 	 0.0 			 0.0 			 0.0			 0.0 
g2	 82 	 0.0 			 0.0 			 0.0			 0.0 
g2	 83 	 0.0 			 0.0 			 0.0			 0.0 
g2	 84 	 0.0 			 0.0 			 0.0			 0.0 
g2	 85 	 0.0 			 0.0 			 0.0			 0.0 
g2	 86 	 0.0 			 0.0 			 0.0			 0.0 
g2	 87 	 0.0 			 0.0 			 0.0			 0.0 
g2	 88 	 0.0 			 0.0 			 0.0			 0.0 
g2	 89 	 0.0 			 0.0 			 0.0			 0.0 
g2	 90 	 0.0 			 0.0 			 0.0			 0.0 
g2	 91 	 0.0 			 0.0 			 0.0			 0.0 
g2	 92 	 0.0 			 0.0 			 0.0			 0.0 
g2	 93 	 0.0 			 0.0 			 0.0			 0.0 
g2	 94 	 0.0 			 0.0 			 0.0			 0.0 
g2	 95 	 0.0 			 0.0 			 0.0			 0.0 
g2	 96 	 0.0 			 0.0 			 0.0			 0.0 
----------------------------------------------------------------------------------------------------
g3	 1 	 0.0 			 0.0 			 0.0			 0.0 
g3	 2 	 0.0 			 0.0 			 0.0			 0.0 
g3	 3 	 0.0 			 0.0 			 0.0			 0.0 
g3	 4 	 0.0 			 0.0 			 0.0			 0.0 
g3	 5 	 0.0 			 0.0 			 0.0			 0.0 
g3	 6 	 0.0 			 0.0 			 0.0			 0.0 
g3	 7 	 0.0 			 0.0 			 0.0			 0.0 
g3	 8 	 0.0 			 0.0 			 0.0			 0.0 
g3	 9 	 0.0 			 0.0 			 0.0			 0.0 
g3	 10 	 0.0 			 0.0 			 0.0			 0.0 
g3	 11 	 0.0 			 0.0 			 0.0			 0.0 
g3	 12 	 0.0 			 0.0 			 0.0			 0.0 
g3	 13 	 0.0 			 0.0 			 0.0			 0.0 
g3	 14 	 0.0 			 0.0 			 0.0			 0.0 
g3	 15 	 0.0 			 0.0 			 0.0			 0.0 
g3	 16 	 0.0 			 0.0 			 0.0			 0.0 
g3	 17 	 0.0 			 0.0 			 0.0			 0.0 
g3	 18 	 0.0 			 0.0 			 0.0			 0.0 
g3	 19 	 0.0 			 0.0 			 0.0			 0.0 
g3	 20 	 0.0 			 0.0 			 0.0			 0.0 
g3	 21 	 15.233052 			 0.0 			 0.0			 15.233052 
g3	 22 	 15.233052 			 0.0 			 0.0			 15.233052 
g3	 23 	 15.233052 			 0.0 			 0.0			 15.233052 
g3	 24 	 15.233052 			 0.0 			 0.0			 15.233052 
g3	 25 	 15.233052 			 0.0 			 0.0			 15.233052 
g3	 26 	 15.233052 			 0.0 			 0.0			 15.233052 
g3	 27 	 15.233052 			 0.0 			 0.0			 15.233052 
g3	 28 	 15.233052 			 0.0 			 0.0			 15.233052 
g3	 29 	 15.56631 			 0.0 			 0.0			 15.56631 
g3	 30 	 15.56631 			 0.0 			 0.0			 15.56631 
g3	 31 	 15.56631 			 0.0 			 0.0			 15.56631 
g3	 32 	 15.56631 			 0.0 			 0.0			 15.56631 
g3	 33 	 15.56631 			 0.0 			 0.0			 15.56631 
g3	 34 	 15.56631 			 0.0 			 0.0			 15.56631 
g3	 35 	 15.56631 			 0.0 			 0.0			 15.56631 
g3	 36 	 15.56631 			 0.0 			 0.0			 15.56631 
g3	 37 	 15.56631 			 0.0 			 0.0			 15.56631 
g3	 38 	 15.56631 			 0.0 			 0.0			 15.56631 
g3	 39 	 15.56631 			 0.0 			 0.0			 15.56631 
g3	 40 	 15.56631 			 0.0 			 0.0			 15.56631 
g3	 41 	 15.56631 			 0.0 			 0.0			 15.56631 
g3	 42 	 15.56631 			 0.0 			 0.0			 15.56631 
g3	 43 	 15.56631 			 0.0 			 0.0			 15.56631 
g3	 44 	 15.56631 			 0.0 			 0.0			 15.56631 
g3	 45 	 15.56631 			 0.0 			 0.0			 15.56631 
g3	 46 	 15.56631 			 0.0 			 0.0			 15.56631 
g3	 47 	 15.56631 			 0.0 			 0.0			 15.56631 
g3	 48 	 15.56631 			 0.0 			 0.0			 15.56631 
g3	 49 	 15.56631 			 0.0 			 0.0			 15.56631 
g3	 50 	 17.525007 			 0.0 			 0.0			 17.525007 
g3	 51 	 15.56631 			 0.0 			 0.0			 15.56631 
g3	 52 	 15.56631 			 0.0 			 0.0			 15.56631 
g3	 53 	 17.525007 			 0.0 			 0.0			 17.525007 
g3	 54 	 17.525007 			 0.0 			 0.0			 17.525007 
g3	 55 	 17.525007 			 0.0 			 0.0			 17.525007 
g3	 56 	 17.525007 			 0.0 			 0.0			 17.525007 
g3	 57 	 17.204599 			 0.0 			 0.0			 17.204599 
g3	 58 	 17.845414 			 0.0 			 0.0			 17.845414 
g3	 59 	 17.525007 			 0.0 			 0.0			 17.525007 
g3	 60 	 17.845414 			 0.0 			 0.0			 17.845414 
g3	 61 	 17.525007 			 0.0 			 0.0			 17.525007 
g3	 62 	 17.845414 			 0.0 			 0.0			 17.845414 
g3	 63 	 17.525007 			 0.0 			 0.0			 17.525007 
g3	 64 	 17.845414 			 0.0 			 0.0			 17.845414 
g3	 65 	 17.845414 			 0.0 			 0.0			 17.845414 
g3	 66 	 17.845414 			 0.0 			 0.0			 17.845414 
g3	 67 	 17.845414 			 0.0 			 0.0			 17.845414 
g3	 68 	 17.845414 			 0.0 			 0.0			 17.845414 
g3	 69 	 17.845414 			 0.0 			 0.0			 17.845414 
g3	 70 	 17.845414 			 0.0 			 0.0			 17.845414 
g3	 71 	 17.845414 			 0.0 			 0.0			 17.845414 
g3	 72 	 17.845414 			 0.0 			 0.0			 17.845414 
g3	 73 	 17.525007 			 0.0 			 0.0			 17.525007 
g3	 74 	 17.525007 			 0.0 			 0.0			 17.525007 
g3	 75 	 17.525007 			 0.0 			 0.0			 17.525007 
g3	 76 	 17.525007 			 0.0 			 0.0			 17.525007 
g3	 77 	 18.165821 			 0.0 			 0.0			 18.165821 
g3	 78 	 44.339452 			 0.0 			 0.0			 44.339452 
g3	 79 	 17.845414 			 0.0 			 0.0			 17.845414 
g3	 80 	 95.506574 			 0.0 			 0.0			 95.506574 
g3	 81 	 -11.340387 			 0.0 			 0.0			 -11.340387 
g3	 82 	 -9.207227 			 0.0 			 0.0			 -9.207227 
g3	 83 	 21.187077 			 0.0 			 0.0			 21.187077 
g3	 84 	 -10.555281 			 0.0 			 0.0			 -10.555281 
g3	 85 	 17.845414 			 0.0 			 0.0			 17.845414 
g3	 86 	 15.56631 			 0.0 			 0.0			 15.56631 
g3	 87 	 15.56631 			 0.0 			 0.0			 15.56631 
g3	 88 	 15.56631 			 0.0 			 0.0			 15.56631 
g3	 89 	 -42.954916 			 0.0 			 0.0			 -42.954916 
g3	 90 	 -42.954916 			 0.0 			 0.0			 -42.954916 
g3	 91 	 -42.954916 			 0.0 			 0.0			 -42.954916 
g3	 92 	 -42.954916 			 0.0 			 0.0			 -42.954916 
g3	 93 	 0.0 			 0.0 			 0.0			 0.0 
g3	 94 	 0.0 			 0.0 			 0.0			 0.0 
g3	 95 	 0.0 			 0.0 			 0.0			 0.0 
g3	 96 	 0.0 			 0.0 			 0.0			 0.0 
----------------------------------------------------------------------------------------------------
g4	 1 	 0.0 			 0.0 			 0.0			 0.0 
g4	 2 	 0.0 			 0.0 			 0.0			 0.0 
g4	 3 	 0.0 			 0.0 			 0.0			 0.0 
g4	 4 	 0.0 			 0.0 			 0.0			 0.0 
g4	 5 	 0.0 			 0.0 			 0.0			 0.0 
g4	 6 	 0.0 			 0.0 			 0.0			 0.0 
g4	 7 	 0.0 			 0.0 			 0.0			 0.0 
g4	 8 	 0.0 			 0.0 			 0.0			 0.0 
g4	 9 	 0.0 			 0.0 			 0.0			 0.0 
g4	 10 	 0.0 			 0.0 			 0.0			 0.0 
g4	 11 	 0.0 			 0.0 			 0.0			 0.0 
g4	 12 	 0.0 			 0.0 			 0.0			 0.0 
g4	 13 	 0.0 			 0.0 			 0.0			 0.0 
g4	 14 	 0.0 			 0.0 			 0.0			 0.0 
g4	 15 	 0.0 			 0.0 			 0.0			 0.0 
g4	 16 	 0.0 			 0.0 			 0.0			 0.0 
g4	 17 	 0.0 			 0.0 			 0.0			 0.0 
g4	 18 	 0.0 			 0.0 			 0.0			 0.0 
g4	 19 	 0.0 			 0.0 			 0.0			 0.0 
g4	 20 	 0.0 			 0.0 			 0.0			 0.0 
g4	 21 	 0.0 			 0.0 			 0.0			 0.0 
g4	 22 	 0.0 			 0.0 			 0.0			 0.0 
g4	 23 	 0.0 			 0.0 			 0.0			 0.0 
g4	 24 	 0.0 			 0.0 			 0.0			 0.0 
g4	 25 	 0.0 			 0.0 			 0.0			 0.0 
g4	 26 	 0.0 			 0.0 			 0.0			 0.0 
g4	 27 	 0.0 			 0.0 			 0.0			 0.0 
g4	 28 	 0.0 			 0.0 			 0.0			 0.0 
g4	 29 	 0.0 			 0.0 			 0.0			 0.0 
g4	 30 	 0.0 			 0.0 			 0.0			 0.0 
g4	 31 	 0.0 			 0.0 			 0.0			 0.0 
g4	 32 	 0.0 			 0.0 			 0.0			 0.0 
g4	 33 	 0.0 			 0.0 			 0.0			 0.0 
g4	 34 	 0.0 			 0.0 			 0.0			 0.0 
g4	 35 	 0.0 			 0.0 			 0.0			 0.0 
g4	 36 	 0.0 			 0.0 			 0.0			 0.0 
g4	 37 	 0.0 			 0.0 			 0.0			 0.0 
g4	 38 	 0.0 			 0.0 			 0.0			 0.0 
g4	 39 	 0.0 			 0.0 			 0.0			 0.0 
g4	 40 	 0.0 			 0.0 			 0.0			 0.0 
g4	 41 	 8.645509 			 0.0 			 0.0			 8.645509 
g4	 42 	 8.645509 			 0.0 			 0.0			 8.645509 
g4	 43 	 8.645509 			 0.0 			 0.0			 8.645509 
g4	 44 	 8.645509 			 0.0 			 0.0			 8.645509 
g4	 45 	 8.645509 			 0.0 			 0.0			 8.645509 
g4	 46 	 8.645509 			 0.0 			 0.0			 8.645509 
g4	 47 	 8.645509 			 0.0 			 0.0			 8.645509 
g4	 48 	 8.645509 			 0.0 			 0.0			 8.645509 
g4	 49 	 8.645509 			 0.0 			 0.0			 8.645509 
g4	 50 	 26.636377 			 0.0 			 0.0			 26.636377 
g4	 51 	 8.645509 			 0.0 			 0.0			 8.645509 
g4	 52 	 8.645509 			 0.0 			 0.0			 8.645509 
g4	 53 	 11.63382 			 0.0 			 0.0			 11.63382 
g4	 54 	 -29.339095 			 0.0 			 0.0			 -29.339095 
g4	 55 	 27.516695 			 0.0 			 0.0			 27.516695 
g4	 56 	 -15.042661 			 0.0 			 0.0			 -15.042661 
g4	 57 	 -108.033819 			 0.0 			 0.0			 -108.033819 
g4	 58 	 54.597822 			 0.0 			 0.0			 54.597822 
g4	 59 	 -91.898367 			 0.0 			 0.0			 -91.898367 
g4	 60 	 59.575984 			 0.0 			 0.0			 59.575984 
g4	 61 	 -9.706696 			 0.0 			 0.0			 -9.706696 
g4	 62 	 16.162876 			 0.0 			 0.0			 16.162876 
g4	 63 	 -15.388908 			 0.0 			 0.0			 -15.388908 
g4	 64 	 16.162876 			 0.0 			 0.0			 16.162876 
g4	 65 	 9.91132 			 0.0 			 0.0			 9.91132 
g4	 66 	 9.91132 			 0.0 			 0.0			 9.91132 
g4	 67 	 9.91132 			 0.0 			 0.0			 9.91132 
g4	 68 	 9.91132 			 0.0 			 0.0			 9.91132 
g4	 69 	 9.91132 			 0.0 			 0.0			 9.91132 
g4	 70 	 9.91132 			 0.0 			 0.0			 9.91132 
g4	 71 	 9.91132 			 0.0 			 0.0			 9.91132 
g4	 72 	 9.91132 			 0.0 			 0.0			 9.91132 
g4	 73 	 -25.104653 			 0.0 			 0.0			 -25.104653 
g4	 74 	 -26.996382 			 0.0 			 0.0			 -26.996382 
g4	 75 	 -64.36287 			 0.0 			 0.0			 -64.36287 
g4	 76 	 76.528747 			 0.0 			 0.0			 76.528747 
g4	 77 	 0.0 			 0.0 			 0.0			 0.0 
g4	 78 	 0.0 			 0.0 			 0.0			 0.0 
g4	 79 	 0.0 			 0.0 			 0.0			 0.0 
g4	 80 	 0.0 			 0.0 			 0.0			 0.0 
g4	 81 	 0.0 			 0.0 			 0.0			 0.0 
g4	 82 	 0.0 			 0.0 			 0.0			 0.0 
g4	 83 	 0.0 			 0.0 			 0.0			 0.0 
g4	 84 	 0.0 			 0.0 			 0.0			 0.0 
g4	 85 	 0.0 			 0.0 			 0.0			 0.0 
g4	 86 	 0.0 			 0.0 			 0.0			 0.0 
g4	 87 	 0.0 			 0.0 			 0.0			 0.0 
g4	 88 	 0.0 			 0.0 			 0.0			 0.0 
g4	 89 	 0.0 			 0.0 			 0.0			 0.0 
g4	 90 	 0.0 			 0.0 			 0.0			 0.0 
g4	 91 	 0.0 			 0.0 			 0.0			 0.0 
g4	 92 	 0.0 			 0.0 			 0.0			 0.0 
g4	 93 	 0.0 			 0.0 			 0.0			 0.0 
g4	 94 	 0.0 			 0.0 			 0.0			 0.0 
g4	 95 	 0.0 			 0.0 			 0.0			 0.0 
g4	 96 	 0.0 			 0.0 			 0.0			 0.0 
----------------------------------------------------------------------------------------------------
g5	 1 	 0.0 			 0.0 			 0.0			 0.0 
g5	 2 	 0.0 			 0.0 			 0.0			 0.0 
g5	 3 	 0.0 			 0.0 			 0.0			 0.0 
g5	 4 	 0.0 			 0.0 			 0.0			 0.0 
g5	 5 	 0.0 			 0.0 			 0.0			 0.0 
g5	 6 	 0.0 			 0.0 			 0.0			 0.0 
g5	 7 	 0.0 			 0.0 			 0.0			 0.0 
g5	 8 	 0.0 			 0.0 			 0.0			 0.0 
g5	 9 	 0.0 			 0.0 			 0.0			 0.0 
g5	 10 	 0.0 			 0.0 			 0.0			 0.0 
g5	 11 	 0.0 			 0.0 			 0.0			 0.0 
g5	 12 	 0.0 			 0.0 			 0.0			 0.0 
g5	 13 	 0.0 			 0.0 			 0.0			 0.0 
g5	 14 	 0.0 			 0.0 			 0.0			 0.0 
g5	 15 	 0.0 			 0.0 			 0.0			 0.0 
g5	 16 	 0.0 			 0.0 			 0.0			 0.0 
g5	 17 	 0.0 			 0.0 			 0.0			 0.0 
g5	 18 	 0.0 			 0.0 			 0.0			 0.0 
g5	 19 	 0.0 			 0.0 			 0.0			 0.0 
g5	 20 	 0.0 			 0.0 			 0.0			 0.0 
g5	 21 	 0.0 			 0.0 			 0.0			 0.0 
g5	 22 	 0.0 			 0.0 			 0.0			 0.0 
g5	 23 	 0.0 			 0.0 			 0.0			 0.0 
g5	 24 	 0.0 			 0.0 			 0.0			 0.0 
g5	 25 	 0.0 			 0.0 			 0.0			 0.0 
g5	 26 	 0.0 			 0.0 			 0.0			 0.0 
g5	 27 	 0.0 			 0.0 			 0.0			 0.0 
g5	 28 	 0.0 			 0.0 			 0.0			 0.0 
g5	 29 	 0.0 			 0.0 			 0.0			 0.0 
g5	 30 	 0.0 			 0.0 			 0.0			 0.0 
g5	 31 	 0.0 			 0.0 			 0.0			 0.0 
g5	 32 	 0.0 			 0.0 			 0.0			 0.0 
g5	 33 	 22.372141 			 0.0 			 0.0			 22.372141 
g5	 34 	 22.372141 			 0.0 			 0.0			 22.372141 
g5	 35 	 22.372141 			 0.0 			 0.0			 22.372141 
g5	 36 	 22.372141 			 0.0 			 0.0			 22.372141 
g5	 37 	 22.372141 			 0.0 			 0.0			 22.372141 
g5	 38 	 22.372141 			 0.0 			 0.0			 22.372141 
g5	 39 	 22.372141 			 0.0 			 0.0			 22.372141 
g5	 40 	 22.372141 			 0.0 			 0.0			 22.372141 
g5	 41 	 22.372141 			 0.0 			 0.0			 22.372141 
g5	 42 	 22.372141 			 0.0 			 0.0			 22.372141 
g5	 43 	 22.372141 			 0.0 			 0.0			 22.372141 
g5	 44 	 22.372141 			 0.0 			 0.0			 22.372141 
g5	 45 	 22.372141 			 0.0 			 0.0			 22.372141 
g5	 46 	 22.372141 			 0.0 			 0.0			 22.372141 
g5	 47 	 22.372141 			 0.0 			 0.0			 22.372141 
g5	 48 	 22.372141 			 0.0 			 0.0			 22.372141 
g5	 49 	 22.372141 			 0.0 			 0.0			 22.372141 
g5	 50 	 25.18721 			 0.0 			 0.0			 25.18721 
g5	 51 	 22.372141 			 0.0 			 0.0			 22.372141 
g5	 52 	 22.372141 			 0.0 			 0.0			 22.372141 
g5	 53 	 25.18721 			 0.0 			 0.0			 25.18721 
g5	 54 	 25.18721 			 0.0 			 0.0			 25.18721 
g5	 55 	 25.18721 			 0.0 			 0.0			 25.18721 
g5	 56 	 25.18721 			 0.0 			 0.0			 25.18721 
g5	 57 	 24.726716 			 0.0 			 0.0			 24.726716 
g5	 58 	 69.425415 			 0.0 			 0.0			 69.425415 
g5	 59 	 25.18721 			 0.0 			 0.0			 25.18721 
g5	 60 	 55.689978 			 0.0 			 0.0			 55.689978 
g5	 61 	 25.18721 			 0.0 			 0.0			 25.18721 
g5	 62 	 89.391608 			 0.0 			 0.0			 89.391608 
g5	 63 	 25.18721 			 0.0 			 0.0			 25.18721 
g5	 64 	 81.150073 			 0.0 			 0.0			 81.150073 
g5	 65 	 47.00039 			 0.0 			 0.0			 47.00039 
g5	 66 	 25.024465 			 0.0 			 0.0			 25.024465 
g5	 67 	 -9.590718 			 0.0 			 0.0			 -9.590718 
g5	 68 	 11.40184 			 0.0 			 0.0			 11.40184 
g5	 69 	 -2.85089 			 0.0 			 0.0			 -2.85089 
g5	 70 	 37.627636 			 0.0 			 0.0			 37.627636 
g5	 71 	 0.683762 			 0.0 			 0.0			 0.683762 
g5	 72 	 61.991354 			 0.0 			 0.0			 61.991354 
g5	 73 	 25.18721 			 0.0 			 0.0			 25.18721 
g5	 74 	 25.18721 			 0.0 			 0.0			 25.18721 
g5	 75 	 25.18721 			 0.0 			 0.0			 25.18721 
g5	 76 	 44.919679 			 0.0 			 0.0			 44.919679 
g5	 77 	 -8.366721 			 0.0 			 0.0			 -8.366721 
g5	 78 	 38.713191 			 0.0 			 0.0			 38.713191 
g5	 79 	 10.749889 			 0.0 			 0.0			 10.749889 
g5	 80 	 38.713191 			 0.0 			 0.0			 38.713191 
g5	 81 	 122.43117 			 0.0 			 0.0			 122.43117 
g5	 82 	 -44.625994 			 0.0 			 0.0			 -44.625994 
g5	 83 	 122.43117 			 0.0 			 0.0			 122.43117 
g5	 84 	 49.102719 			 0.0 			 0.0			 49.102719 
g5	 85 	 41.513664 			 0.0 			 0.0			 41.513664 
g5	 86 	 22.372141 			 0.0 			 0.0			 22.372141 
g5	 87 	 22.372141 			 0.0 			 0.0			 22.372141 
g5	 88 	 22.372141 			 0.0 			 0.0			 22.372141 
g5	 89 	 -177.558658 			 0.0 			 0.0			 -177.558658 
g5	 90 	 -177.558658 			 0.0 			 0.0			 -177.558658 
g5	 91 	 -177.558658 			 0.0 			 0.0			 -177.558658 
g5	 92 	 -177.558658 			 0.0 			 0.0			 -177.558658 
g5	 93 	 0.0 			 0.0 			 0.0			 0.0 
g5	 94 	 0.0 			 0.0 			 0.0			 0.0 
g5	 95 	 0.0 			 0.0 			 0.0			 0.0 
g5	 96 	 0.0 			 0.0 			 0.0			 0.0 
----------------------------------------------------------------------------------------------------------------
unit 	 generation payment 	 up-FRP payment 	 dw-FRP payment 	pre-up total payment
----------------------------------------------------------------------------------------------------------------
 g1 	 16742.232413			 0.000000			 0.000000			 16742.232413
 g2 	 0.000000			 0.000000			 0.000000			 0.000000
 g3 	 980.205320			 0.000000			 0.000000			 980.205320
 g4 	 77.332905			 0.000000			 0.000000			 77.332905
 g5 	 966.265367			 0.000000			 0.000000			 966.265367
----------------------------------------------------------------------------------------------------
generation payment 	 up-FRP payment 	 dw-FRP payment 	 pre-up total payment
----------------------------------------------------------------------------------------------------
18766.036005 			 0.0 			 0.0 			 18766.036005
 
****************************************************************************************************
 
Generation costs
----------------------------------------------------------------------------------------------------
unit	 time 	 generation cost 	 start-up cost  	total cost
----------------------------------------------------------------------------------------------------
g1	 1 	 2406.555316 			 0.0 			2406.555316
g1	 2 	 2371.429366 			 0.0 			2371.429366
g1	 3 	 2402.169959 			 0.0 			2402.169959
g1	 4 	 2370.342441 			 0.0 			2370.342441
g1	 5 	 2244.341842 			 0.0 			2244.341842
g1	 6 	 2244.634101 			 0.0 			2244.634101
g1	 7 	 2261.869434 			 0.0 			2261.869434
g1	 8 	 2276.109168 			 0.0 			2276.109168
g1	 9 	 2143.865736 			 0.0 			2143.865736
g1	 10 	 2210.008354 			 0.0 			2210.008354
g1	 11 	 2143.258614 			 0.0 			2143.258614
g1	 12 	 2184.774072 			 0.0 			2184.774072
g1	 13 	 2138.418506 			 0.0 			2138.418506
g1	 14 	 2078.620633 			 0.0 			2078.620633
g1	 15 	 2094.764794 			 0.0 			2094.764794
g1	 16 	 2060.92266 			 0.0 			2060.92266
g1	 17 	 2078.492516 			 0.0 			2078.492516
g1	 18 	 2136.806281 			 0.0 			2136.806281
g1	 19 	 2104.353985 			 0.0 			2104.353985
g1	 20 	 2059.636902 			 0.0 			2059.636902
g1	 21 	 2021.46149 			 0.0 			2021.46149
g1	 22 	 2018.982637 			 0.0 			2018.982637
g1	 23 	 2059.66776 			 0.0 			2059.66776
g1	 24 	 2022.28654 			 0.0 			2022.28654
g1	 25 	 2259.33598 			 0.0 			2259.33598
g1	 26 	 2208.997713 			 0.0 			2208.997713
g1	 27 	 2229.595601 			 0.0 			2229.595601
g1	 28 	 2234.557857 			 0.0 			2234.557857
g1	 29 	 2412.595453 			 0.0 			2412.595453
g1	 30 	 2421.682112 			 0.0 			2421.682112
g1	 31 	 2409.920579 			 0.0 			2409.920579
g1	 32 	 2457.299815 			 0.0 			2457.299815
g1	 33 	 2377.691281 			 0.0 			2377.691281
g1	 34 	 2423.526352 			 0.0 			2423.526352
g1	 35 	 2442.149177 			 0.0 			2442.149177
g1	 36 	 2437.333827 			 0.0 			2437.333827
g1	 37 	 2652.903727 			 0.0 			2652.903727
g1	 38 	 2593.483835 			 0.0 			2593.483835
g1	 39 	 2656.670114 			 0.0 			2656.670114
g1	 40 	 2587.703652 			 0.0 			2587.703652
g1	 41 	 2723.472798 			 0.0 			2723.472798
g1	 42 	 2596.57313 			 0.0 			2596.57313
g1	 43 	 2703.216249 			 0.0 			2703.216249
g1	 44 	 2620.896997 			 0.0 			2620.896997
g1	 45 	 2789.788222 			 0.0 			2789.788222
g1	 46 	 2859.561532 			 0.0 			2859.561532
g1	 47 	 2814.747004 			 0.0 			2814.747004
g1	 48 	 2854.075561 			 0.0 			2854.075561
g1	 49 	 2932.003594 			 0.0 			2932.003594
g1	 50 	 3058.233409 			 0.0 			3058.233409
g1	 51 	 2941.457395 			 0.0 			2941.457395
g1	 52 	 3048.763501 			 0.0 			3048.763501
g1	 53 	 3058.233409 			 0.0 			3058.233409
g1	 54 	 3058.233409 			 0.0 			3058.233409
g1	 55 	 3058.233409 			 0.0 			3058.233409
g1	 56 	 3058.233409 			 0.0 			3058.233409
g1	 57 	 3058.233409 			 0.0 			3058.233409
g1	 58 	 3058.233409 			 0.0 			3058.233409
g1	 59 	 3058.233409 			 0.0 			3058.233409
g1	 60 	 3058.233409 			 0.0 			3058.233409
g1	 61 	 3058.233409 			 0.0 			3058.233409
g1	 62 	 3058.233409 			 0.0 			3058.233409
g1	 63 	 3058.233409 			 0.0 			3058.233409
g1	 64 	 3058.233409 			 0.0 			3058.233409
g1	 65 	 3058.233409 			 0.0 			3058.233409
g1	 66 	 3058.233409 			 0.0 			3058.233409
g1	 67 	 3058.233409 			 0.0 			3058.233409
g1	 68 	 3058.233409 			 0.0 			3058.233409
g1	 69 	 3058.233409 			 0.0 			3058.233409
g1	 70 	 3058.233409 			 0.0 			3058.233409
g1	 71 	 3058.233409 			 0.0 			3058.233409
g1	 72 	 3058.233409 			 0.0 			3058.233409
g1	 73 	 3058.233409 			 0.0 			3058.233409
g1	 74 	 3058.233409 			 0.0 			3058.233409
g1	 75 	 3058.233409 			 0.0 			3058.233409
g1	 76 	 3058.233409 			 0.0 			3058.233409
g1	 77 	 3058.233409 			 0.0 			3058.233409
g1	 78 	 3058.233409 			 0.0 			3058.233409
g1	 79 	 3058.233409 			 0.0 			3058.233409
g1	 80 	 3058.233409 			 0.0 			3058.233409
g1	 81 	 3058.233409 			 0.0 			3058.233409
g1	 82 	 3051.203943 			 0.0 			3051.203943
g1	 83 	 3058.233409 			 0.0 			3058.233409
g1	 84 	 3058.233409 			 0.0 			3058.233409
g1	 85 	 3058.233409 			 0.0 			3058.233409
g1	 86 	 2964.165413 			 0.0 			2964.165413
g1	 87 	 2920.071864 			 0.0 			2920.071864
g1	 88 	 2906.843777 			 0.0 			2906.843777
g1	 89 	 2630.384898 			 0.0 			2630.384898
g1	 90 	 2620.990348 			 0.0 			2620.990348
g1	 91 	 2580.526325 			 0.0 			2580.526325
g1	 92 	 2602.564362 			 0.0 			2602.564362
g1	 93 	 2826.427931 			 0.0 			2826.427931
g1	 94 	 2782.318628 			 0.0 			2782.318628
g1	 95 	 2824.650539 			 0.0 			2824.650539
g1	 96 	 2764.230998 			 0.0 			2764.230998
----------------------------------------------------------------------------------------------------
g2	 1 	 0.0 			 0.0 			0.0
g2	 2 	 0.0 			 0.0 			0.0
g2	 3 	 0.0 			 0.0 			0.0
g2	 4 	 0.0 			 0.0 			0.0
g2	 5 	 0.0 			 0.0 			0.0
g2	 6 	 0.0 			 0.0 			0.0
g2	 7 	 0.0 			 0.0 			0.0
g2	 8 	 0.0 			 0.0 			0.0
g2	 9 	 0.0 			 0.0 			0.0
g2	 10 	 0.0 			 0.0 			0.0
g2	 11 	 0.0 			 0.0 			0.0
g2	 12 	 0.0 			 0.0 			0.0
g2	 13 	 0.0 			 0.0 			0.0
g2	 14 	 0.0 			 0.0 			0.0
g2	 15 	 0.0 			 0.0 			0.0
g2	 16 	 0.0 			 0.0 			0.0
g2	 17 	 0.0 			 0.0 			0.0
g2	 18 	 0.0 			 0.0 			0.0
g2	 19 	 0.0 			 0.0 			0.0
g2	 20 	 0.0 			 0.0 			0.0
g2	 21 	 0.0 			 0.0 			0.0
g2	 22 	 0.0 			 0.0 			0.0
g2	 23 	 0.0 			 0.0 			0.0
g2	 24 	 0.0 			 0.0 			0.0
g2	 25 	 0.0 			 0.0 			0.0
g2	 26 	 0.0 			 0.0 			0.0
g2	 27 	 0.0 			 0.0 			0.0
g2	 28 	 0.0 			 0.0 			0.0
g2	 29 	 0.0 			 0.0 			0.0
g2	 30 	 0.0 			 0.0 			0.0
g2	 31 	 0.0 			 0.0 			0.0
g2	 32 	 0.0 			 0.0 			0.0
g2	 33 	 0.0 			 0.0 			0.0
g2	 34 	 0.0 			 0.0 			0.0
g2	 35 	 0.0 			 0.0 			0.0
g2	 36 	 0.0 			 0.0 			0.0
g2	 37 	 0.0 			 0.0 			0.0
g2	 38 	 0.0 			 0.0 			0.0
g2	 39 	 0.0 			 0.0 			0.0
g2	 40 	 0.0 			 0.0 			0.0
g2	 41 	 0.0 			 0.0 			0.0
g2	 42 	 0.0 			 0.0 			0.0
g2	 43 	 0.0 			 0.0 			0.0
g2	 44 	 0.0 			 0.0 			0.0
g2	 45 	 0.0 			 0.0 			0.0
g2	 46 	 0.0 			 0.0 			0.0
g2	 47 	 0.0 			 0.0 			0.0
g2	 48 	 0.0 			 0.0 			0.0
g2	 49 	 0.0 			 0.0 			0.0
g2	 50 	 0.0 			 0.0 			0.0
g2	 51 	 0.0 			 0.0 			0.0
g2	 52 	 0.0 			 0.0 			0.0
g2	 53 	 0.0 			 0.0 			0.0
g2	 54 	 0.0 			 0.0 			0.0
g2	 55 	 0.0 			 0.0 			0.0
g2	 56 	 0.0 			 0.0 			0.0
g2	 57 	 0.0 			 0.0 			0.0
g2	 58 	 0.0 			 0.0 			0.0
g2	 59 	 0.0 			 0.0 			0.0
g2	 60 	 0.0 			 0.0 			0.0
g2	 61 	 0.0 			 0.0 			0.0
g2	 62 	 0.0 			 0.0 			0.0
g2	 63 	 0.0 			 0.0 			0.0
g2	 64 	 0.0 			 0.0 			0.0
g2	 65 	 0.0 			 0.0 			0.0
g2	 66 	 0.0 			 0.0 			0.0
g2	 67 	 0.0 			 0.0 			0.0
g2	 68 	 0.0 			 0.0 			0.0
g2	 69 	 0.0 			 0.0 			0.0
g2	 70 	 0.0 			 0.0 			0.0
g2	 71 	 0.0 			 0.0 			0.0
g2	 72 	 0.0 			 0.0 			0.0
g2	 73 	 0.0 			 0.0 			0.0
g2	 74 	 0.0 			 0.0 			0.0
g2	 75 	 0.0 			 0.0 			0.0
g2	 76 	 0.0 			 0.0 			0.0
g2	 77 	 0.0 			 0.0 			0.0
g2	 78 	 0.0 			 0.0 			0.0
g2	 79 	 0.0 			 0.0 			0.0
g2	 80 	 0.0 			 0.0 			0.0
g2	 81 	 0.0 			 0.0 			0.0
g2	 82 	 0.0 			 0.0 			0.0
g2	 83 	 0.0 			 0.0 			0.0
g2	 84 	 0.0 			 0.0 			0.0
g2	 85 	 0.0 			 0.0 			0.0
g2	 86 	 0.0 			 0.0 			0.0
g2	 87 	 0.0 			 0.0 			0.0
g2	 88 	 0.0 			 0.0 			0.0
g2	 89 	 0.0 			 0.0 			0.0
g2	 90 	 0.0 			 0.0 			0.0
g2	 91 	 0.0 			 0.0 			0.0
g2	 92 	 0.0 			 0.0 			0.0
g2	 93 	 0.0 			 0.0 			0.0
g2	 94 	 0.0 			 0.0 			0.0
g2	 95 	 0.0 			 0.0 			0.0
g2	 96 	 0.0 			 0.0 			0.0
----------------------------------------------------------------------------------------------------
g3	 1 	 0.0 			 0.0 			0.0
g3	 2 	 0.0 			 0.0 			0.0
g3	 3 	 0.0 			 0.0 			0.0
g3	 4 	 0.0 			 0.0 			0.0
g3	 5 	 0.0 			 0.0 			0.0
g3	 6 	 0.0 			 0.0 			0.0
g3	 7 	 0.0 			 0.0 			0.0
g3	 8 	 0.0 			 0.0 			0.0
g3	 9 	 0.0 			 0.0 			0.0
g3	 10 	 0.0 			 0.0 			0.0
g3	 11 	 0.0 			 0.0 			0.0
g3	 12 	 0.0 			 0.0 			0.0
g3	 13 	 0.0 			 0.0 			0.0
g3	 14 	 0.0 			 0.0 			0.0
g3	 15 	 0.0 			 0.0 			0.0
g3	 16 	 0.0 			 0.0 			0.0
g3	 17 	 0.0 			 0.0 			0.0
g3	 18 	 0.0 			 0.0 			0.0
g3	 19 	 0.0 			 0.0 			0.0
g3	 20 	 0.0 			 0.0 			0.0
g3	 21 	 350.954412 			 4595.43 			4946.384412
g3	 22 	 350.954412 			 0.0 			350.954412
g3	 23 	 350.954412 			 0.0 			350.954412
g3	 24 	 350.954412 			 0.0 			350.954412
g3	 25 	 350.954412 			 0.0 			350.954412
g3	 26 	 350.954412 			 0.0 			350.954412
g3	 27 	 350.954412 			 0.0 			350.954412
g3	 28 	 350.954412 			 0.0 			350.954412
g3	 29 	 350.954412 			 0.0 			350.954412
g3	 30 	 350.954412 			 0.0 			350.954412
g3	 31 	 350.954412 			 0.0 			350.954412
g3	 32 	 350.954412 			 0.0 			350.954412
g3	 33 	 350.954412 			 0.0 			350.954412
g3	 34 	 350.954412 			 0.0 			350.954412
g3	 35 	 350.954412 			 0.0 			350.954412
g3	 36 	 350.954412 			 0.0 			350.954412
g3	 37 	 350.954412 			 0.0 			350.954412
g3	 38 	 350.954412 			 0.0 			350.954412
g3	 39 	 350.954412 			 0.0 			350.954412
g3	 40 	 350.954412 			 0.0 			350.954412
g3	 41 	 350.954412 			 0.0 			350.954412
g3	 42 	 350.954412 			 0.0 			350.954412
g3	 43 	 350.954412 			 0.0 			350.954412
g3	 44 	 350.954412 			 0.0 			350.954412
g3	 45 	 350.954412 			 0.0 			350.954412
g3	 46 	 350.954412 			 0.0 			350.954412
g3	 47 	 350.954412 			 0.0 			350.954412
g3	 48 	 350.954412 			 0.0 			350.954412
g3	 49 	 350.954412 			 0.0 			350.954412
g3	 50 	 350.954412 			 0.0 			350.954412
g3	 51 	 350.954412 			 0.0 			350.954412
g3	 52 	 350.954412 			 0.0 			350.954412
g3	 53 	 350.954412 			 0.0 			350.954412
g3	 54 	 350.954412 			 0.0 			350.954412
g3	 55 	 350.954412 			 0.0 			350.954412
g3	 56 	 350.954412 			 0.0 			350.954412
g3	 57 	 350.954412 			 0.0 			350.954412
g3	 58 	 350.954412 			 0.0 			350.954412
g3	 59 	 350.954412 			 0.0 			350.954412
g3	 60 	 350.954412 			 0.0 			350.954412
g3	 61 	 350.954412 			 0.0 			350.954412
g3	 62 	 350.954412 			 0.0 			350.954412
g3	 63 	 350.954412 			 0.0 			350.954412
g3	 64 	 350.954412 			 0.0 			350.954412
g3	 65 	 350.954412 			 0.0 			350.954412
g3	 66 	 350.954412 			 0.0 			350.954412
g3	 67 	 350.954412 			 0.0 			350.954412
g3	 68 	 350.954412 			 0.0 			350.954412
g3	 69 	 350.954412 			 0.0 			350.954412
g3	 70 	 350.954412 			 0.0 			350.954412
g3	 71 	 350.954412 			 0.0 			350.954412
g3	 72 	 350.954412 			 0.0 			350.954412
g3	 73 	 350.954412 			 0.0 			350.954412
g3	 74 	 350.954412 			 0.0 			350.954412
g3	 75 	 350.954412 			 0.0 			350.954412
g3	 76 	 350.954412 			 0.0 			350.954412
g3	 77 	 350.954412 			 0.0 			350.954412
g3	 78 	 376.088168 			 0.0 			376.088168
g3	 79 	 350.954412 			 0.0 			350.954412
g3	 80 	 427.255297 			 0.0 			427.255297
g3	 81 	 350.973893 			 0.0 			350.973893
g3	 82 	 350.954412 			 0.0 			350.954412
g3	 83 	 383.501354 			 0.0 			383.501354
g3	 84 	 350.954412 			 0.0 			350.954412
g3	 85 	 350.954412 			 0.0 			350.954412
g3	 86 	 350.954412 			 0.0 			350.954412
g3	 87 	 350.954412 			 0.0 			350.954412
g3	 88 	 350.954412 			 0.0 			350.954412
g3	 89 	 350.954412 			 0.0 			350.954412
g3	 90 	 350.954412 			 0.0 			350.954412
g3	 91 	 350.954412 			 0.0 			350.954412
g3	 92 	 350.954412 			 0.0 			350.954412
g3	 93 	 0.0 			 0.0 			0.0
g3	 94 	 0.0 			 0.0 			0.0
g3	 95 	 0.0 			 0.0 			0.0
g3	 96 	 0.0 			 0.0 			0.0
----------------------------------------------------------------------------------------------------
g4	 1 	 0.0 			 0.0 			0.0
g4	 2 	 0.0 			 0.0 			0.0
g4	 3 	 0.0 			 0.0 			0.0
g4	 4 	 0.0 			 0.0 			0.0
g4	 5 	 0.0 			 0.0 			0.0
g4	 6 	 0.0 			 0.0 			0.0
g4	 7 	 0.0 			 0.0 			0.0
g4	 8 	 0.0 			 0.0 			0.0
g4	 9 	 0.0 			 0.0 			0.0
g4	 10 	 0.0 			 0.0 			0.0
g4	 11 	 0.0 			 0.0 			0.0
g4	 12 	 0.0 			 0.0 			0.0
g4	 13 	 0.0 			 0.0 			0.0
g4	 14 	 0.0 			 0.0 			0.0
g4	 15 	 0.0 			 0.0 			0.0
g4	 16 	 0.0 			 0.0 			0.0
g4	 17 	 0.0 			 0.0 			0.0
g4	 18 	 0.0 			 0.0 			0.0
g4	 19 	 0.0 			 0.0 			0.0
g4	 20 	 0.0 			 0.0 			0.0
g4	 21 	 0.0 			 0.0 			0.0
g4	 22 	 0.0 			 0.0 			0.0
g4	 23 	 0.0 			 0.0 			0.0
g4	 24 	 0.0 			 0.0 			0.0
g4	 25 	 0.0 			 0.0 			0.0
g4	 26 	 0.0 			 0.0 			0.0
g4	 27 	 0.0 			 0.0 			0.0
g4	 28 	 0.0 			 0.0 			0.0
g4	 29 	 0.0 			 0.0 			0.0
g4	 30 	 0.0 			 0.0 			0.0
g4	 31 	 0.0 			 0.0 			0.0
g4	 32 	 0.0 			 0.0 			0.0
g4	 33 	 0.0 			 0.0 			0.0
g4	 34 	 0.0 			 0.0 			0.0
g4	 35 	 0.0 			 0.0 			0.0
g4	 36 	 0.0 			 0.0 			0.0
g4	 37 	 0.0 			 0.0 			0.0
g4	 38 	 0.0 			 0.0 			0.0
g4	 39 	 0.0 			 0.0 			0.0
g4	 40 	 0.0 			 0.0 			0.0
g4	 41 	 398.628661 			 4827.67 			5226.298661
g4	 42 	 398.628661 			 0.0 			398.628661
g4	 43 	 398.628661 			 0.0 			398.628661
g4	 44 	 398.628661 			 0.0 			398.628661
g4	 45 	 398.628661 			 0.0 			398.628661
g4	 46 	 398.628661 			 0.0 			398.628661
g4	 47 	 398.628661 			 0.0 			398.628661
g4	 48 	 398.628661 			 0.0 			398.628661
g4	 49 	 398.628661 			 0.0 			398.628661
g4	 50 	 415.531668 			 0.0 			415.531668
g4	 51 	 398.628661 			 0.0 			398.628661
g4	 52 	 398.628661 			 0.0 			398.628661
g4	 53 	 490.142425 			 0.0 			490.142425
g4	 54 	 449.169507 			 0.0 			449.169507
g4	 55 	 506.025299 			 0.0 			506.025299
g4	 56 	 463.465941 			 0.0 			463.465941
g4	 57 	 461.455521 			 0.0 			461.455521
g4	 58 	 625.118837 			 0.0 			625.118837
g4	 59 	 479.602932 			 0.0 			479.602932
g4	 60 	 630.007619 			 0.0 			630.007619
g4	 61 	 604.428241 			 0.0 			604.428241
g4	 62 	 630.007619 			 0.0 			630.007619
g4	 63 	 598.746031 			 0.0 			598.746031
g4	 64 	 630.007619 			 0.0 			630.007619
g4	 65 	 630.007619 			 0.0 			630.007619
g4	 66 	 630.007619 			 0.0 			630.007619
g4	 67 	 630.007619 			 0.0 			630.007619
g4	 68 	 630.007619 			 0.0 			630.007619
g4	 69 	 630.007619 			 0.0 			630.007619
g4	 70 	 630.007619 			 0.0 			630.007619
g4	 71 	 630.007619 			 0.0 			630.007619
g4	 72 	 630.007619 			 0.0 			630.007619
g4	 73 	 466.898273 			 0.0 			466.898273
g4	 74 	 465.006538 			 0.0 			465.006538
g4	 75 	 427.640052 			 0.0 			427.640052
g4	 76 	 568.531669 			 0.0 			568.531669
g4	 77 	 0.0 			 0.0 			0.0
g4	 78 	 0.0 			 0.0 			0.0
g4	 79 	 0.0 			 0.0 			0.0
g4	 80 	 0.0 			 0.0 			0.0
g4	 81 	 0.0 			 0.0 			0.0
g4	 82 	 0.0 			 0.0 			0.0
g4	 83 	 0.0 			 0.0 			0.0
g4	 84 	 0.0 			 0.0 			0.0
g4	 85 	 0.0 			 0.0 			0.0
g4	 86 	 0.0 			 0.0 			0.0
g4	 87 	 0.0 			 0.0 			0.0
g4	 88 	 0.0 			 0.0 			0.0
g4	 89 	 0.0 			 0.0 			0.0
g4	 90 	 0.0 			 0.0 			0.0
g4	 91 	 0.0 			 0.0 			0.0
g4	 92 	 0.0 			 0.0 			0.0
g4	 93 	 0.0 			 0.0 			0.0
g4	 94 	 0.0 			 0.0 			0.0
g4	 95 	 0.0 			 0.0 			0.0
g4	 96 	 0.0 			 0.0 			0.0
----------------------------------------------------------------------------------------------------
g5	 1 	 0.0 			 0.0 			0.0
g5	 2 	 0.0 			 0.0 			0.0
g5	 3 	 0.0 			 0.0 			0.0
g5	 4 	 0.0 			 0.0 			0.0
g5	 5 	 0.0 			 0.0 			0.0
g5	 6 	 0.0 			 0.0 			0.0
g5	 7 	 0.0 			 0.0 			0.0
g5	 8 	 0.0 			 0.0 			0.0
g5	 9 	 0.0 			 0.0 			0.0
g5	 10 	 0.0 			 0.0 			0.0
g5	 11 	 0.0 			 0.0 			0.0
g5	 12 	 0.0 			 0.0 			0.0
g5	 13 	 0.0 			 0.0 			0.0
g5	 14 	 0.0 			 0.0 			0.0
g5	 15 	 0.0 			 0.0 			0.0
g5	 16 	 0.0 			 0.0 			0.0
g5	 17 	 0.0 			 0.0 			0.0
g5	 18 	 0.0 			 0.0 			0.0
g5	 19 	 0.0 			 0.0 			0.0
g5	 20 	 0.0 			 0.0 			0.0
g5	 21 	 0.0 			 0.0 			0.0
g5	 22 	 0.0 			 0.0 			0.0
g5	 23 	 0.0 			 0.0 			0.0
g5	 24 	 0.0 			 0.0 			0.0
g5	 25 	 0.0 			 0.0 			0.0
g5	 26 	 0.0 			 0.0 			0.0
g5	 27 	 0.0 			 0.0 			0.0
g5	 28 	 0.0 			 0.0 			0.0
g5	 29 	 0.0 			 0.0 			0.0
g5	 30 	 0.0 			 0.0 			0.0
g5	 31 	 0.0 			 0.0 			0.0
g5	 32 	 0.0 			 0.0 			0.0
g5	 33 	 348.846531 			 6821.79 			7170.636531
g5	 34 	 348.846531 			 0.0 			348.846531
g5	 35 	 348.846531 			 0.0 			348.846531
g5	 36 	 348.846531 			 0.0 			348.846531
g5	 37 	 348.846531 			 0.0 			348.846531
g5	 38 	 348.846531 			 0.0 			348.846531
g5	 39 	 348.846531 			 0.0 			348.846531
g5	 40 	 348.846531 			 0.0 			348.846531
g5	 41 	 348.846531 			 0.0 			348.846531
g5	 42 	 348.846531 			 0.0 			348.846531
g5	 43 	 348.846531 			 0.0 			348.846531
g5	 44 	 348.846531 			 0.0 			348.846531
g5	 45 	 348.846531 			 0.0 			348.846531
g5	 46 	 348.846531 			 0.0 			348.846531
g5	 47 	 348.846531 			 0.0 			348.846531
g5	 48 	 348.846531 			 0.0 			348.846531
g5	 49 	 348.846531 			 0.0 			348.846531
g5	 50 	 348.846531 			 0.0 			348.846531
g5	 51 	 348.846531 			 0.0 			348.846531
g5	 52 	 348.846531 			 0.0 			348.846531
g5	 53 	 348.846531 			 0.0 			348.846531
g5	 54 	 348.846531 			 0.0 			348.846531
g5	 55 	 348.846531 			 0.0 			348.846531
g5	 56 	 348.846531 			 0.0 			348.846531
g5	 57 	 348.846531 			 0.0 			348.846531
g5	 58 	 392.624241 			 0.0 			392.624241
g5	 59 	 348.846531 			 0.0 			348.846531
g5	 60 	 378.8888 			 0.0 			378.8888
g5	 61 	 348.846531 			 0.0 			348.846531
g5	 62 	 412.590439 			 0.0 			412.590439
g5	 63 	 348.846531 			 0.0 			348.846531
g5	 64 	 404.348901 			 0.0 			404.348901
g5	 65 	 430.361999 			 0.0 			430.361999
g5	 66 	 408.38608 			 0.0 			408.38608
g5	 67 	 373.770891 			 0.0 			373.770891
g5	 68 	 394.763454 			 0.0 			394.763454
g5	 69 	 356.21527 			 0.0 			356.21527
g5	 70 	 396.693806 			 0.0 			396.693806
g5	 71 	 359.749927 			 0.0 			359.749927
g5	 72 	 421.057522 			 0.0 			421.057522
g5	 73 	 348.846531 			 0.0 			348.846531
g5	 74 	 348.846531 			 0.0 			348.846531
g5	 75 	 348.846531 			 0.0 			348.846531
g5	 76 	 368.939767 			 0.0 			368.939767
g5	 77 	 533.859318 			 0.0 			533.859318
g5	 78 	 578.049724 			 0.0 			578.049724
g5	 79 	 552.82836 			 0.0 			552.82836
g5	 80 	 578.049724 			 0.0 			578.049724
g5	 81 	 578.049724 			 0.0 			578.049724
g5	 82 	 413.130173 			 0.0 			413.130173
g5	 83 	 578.049724 			 0.0 			578.049724
g5	 84 	 513.39269 			 0.0 			513.39269
g5	 85 	 364.712491 			 0.0 			364.712491
g5	 86 	 348.846531 			 0.0 			348.846531
g5	 87 	 348.846531 			 0.0 			348.846531
g5	 88 	 348.846531 			 0.0 			348.846531
g5	 89 	 348.846531 			 0.0 			348.846531
g5	 90 	 348.846531 			 0.0 			348.846531
g5	 91 	 348.846531 			 0.0 			348.846531
g5	 92 	 348.846531 			 0.0 			348.846531
g5	 93 	 0.0 			 0.0 			0.0
g5	 94 	 0.0 			 0.0 			0.0
g5	 95 	 0.0 			 0.0 			0.0
g5	 96 	 0.0 			 0.0 			0.0
----------------------------------------------------------------------------------------------------
 
unit 	 generation 	 generation cost 	 start-up cost 	 total cost
----------------------------------------------------------------------------------------------------
g1 	 6871.855318			256219.857688			 0.000000		 256219.857688
g2 	 0.000000			0.000000			 0.000000		 0.000000
g3 	 396.918358			25402.718728			 4595.430000		 29998.148728
g4 	 292.540433			18336.762014			 4827.670000		 23164.432014
g5 	 394.770446			23044.681203			 6821.790000		 29866.471203
----------------------------------------------------------------------------------------------------
 
generation cost 	 start-up cost 		 total cost
----------------------------------------------------------------------------------------------------
323004.01963299984 			 16244.890000000001 			 339248.90963299957
----------------------------------------------------------------------------------------------------
uplift payment for generator g1: 0.0
uplift payment for generator g2: 0.0
uplift payment for generator g3: 12104.891126
uplift payment for generator g4: 10408.026998
uplift payment for generator g5: 11287.749743
 
****************************************************************************************************
 
rtm Systemwide prices
----------------------------------------------------------------------------------------------------
time	 energy 	 up-FRP 	 dw-FRP
----------------------------------------------------------------------------------------------------
1 	 9.614507 		 0.0 		 0.0
2 	 9.614507 		 0.0 		 0.0
3 	 9.614507 		 0.0 		 0.0
4 	 9.614507 		 0.0 		 0.0
5 	 9.408671 		 0.0 		 0.0
6 	 9.408671 		 0.0 		 0.0
7 	 9.408671 		 0.0 		 0.0
8 	 9.408671 		 0.0 		 0.0
9 	 9.408671 		 0.0 		 0.0
10 	 9.408671 		 0.0 		 0.0
11 	 9.408671 		 0.0 		 0.0
12 	 9.408671 		 0.0 		 0.0
13 	 9.408671 		 0.0 		 0.0
14 	 9.408671 		 0.0 		 0.0
15 	 9.408671 		 0.0 		 0.0
16 	 9.408671 		 0.0 		 0.0
17 	 9.408671 		 0.0 		 0.0
18 	 9.408671 		 0.0 		 0.0
19 	 9.408671 		 0.0 		 0.0
20 	 9.408671 		 0.0 		 0.0
21 	 9.408671 		 0.0 		 0.0
22 	 9.408671 		 0.0 		 0.0
23 	 9.408671 		 0.0 		 0.0
24 	 9.408671 		 0.0 		 0.0
25 	 9.408671 		 0.0 		 0.0
26 	 9.408671 		 0.0 		 0.0
27 	 9.408671 		 0.0 		 0.0
28 	 9.408671 		 0.0 		 0.0
29 	 9.614507 		 0.0 		 0.0
30 	 9.614507 		 0.0 		 0.0
31 	 9.614507 		 0.0 		 0.0
32 	 9.614507 		 0.0 		 0.0
33 	 9.614507 		 0.0 		 0.0
34 	 9.614507 		 0.0 		 0.0
35 	 9.614507 		 0.0 		 0.0
36 	 9.614507 		 0.0 		 0.0
37 	 9.614507 		 0.0 		 0.0
38 	 9.614507 		 0.0 		 0.0
39 	 9.614507 		 0.0 		 0.0
40 	 9.614507 		 0.0 		 0.0
41 	 9.614507 		 0.0 		 0.0
42 	 9.614507 		 0.0 		 0.0
43 	 9.614507 		 0.0 		 0.0
44 	 9.614507 		 0.0 		 0.0
45 	 9.614507 		 0.0 		 0.0
46 	 9.614507 		 0.0 		 0.0
47 	 9.614507 		 0.0 		 0.0
48 	 9.614507 		 0.0 		 0.0
49 	 9.614507 		 0.0 		 0.0
50 	 10.824293 		 0.0 		 0.0
51 	 9.614507 		 0.0 		 0.0
52 	 9.614507 		 0.0 		 0.0
53 	 10.824293 		 0.0 		 0.0
54 	 10.824293 		 0.0 		 0.0
55 	 10.824293 		 0.0 		 0.0
56 	 10.824293 		 0.0 		 0.0
57 	 10.626394 		 0.0 		 0.0
58 	 11.022192 		 0.0 		 0.0
59 	 10.824293 		 0.0 		 0.0
60 	 11.022192 		 0.0 		 0.0
61 	 10.824293 		 0.0 		 0.0
62 	 11.022192 		 0.0 		 0.0
63 	 10.824293 		 0.0 		 0.0
64 	 11.022192 		 0.0 		 0.0
65 	 11.022192 		 0.0 		 0.0
66 	 11.022192 		 0.0 		 0.0
67 	 11.022192 		 0.0 		 0.0
68 	 11.022192 		 0.0 		 0.0
69 	 11.022192 		 0.0 		 0.0
70 	 11.022192 		 0.0 		 0.0
71 	 11.022192 		 0.0 		 0.0
72 	 11.022192 		 0.0 		 0.0
73 	 10.824293 		 0.0 		 0.0
74 	 10.824293 		 0.0 		 0.0
75 	 10.824293 		 0.0 		 0.0
76 	 10.824293 		 0.0 		 0.0
77 	 11.220091 		 0.0 		 0.0
78 	 11.862367 		 0.0 		 0.0
79 	 11.022192 		 0.0 		 0.0
80 	 11.862367 		 0.0 		 0.0
81 	 11.862367 		 0.0 		 0.0
82 	 9.614507 		 0.0 		 0.0
83 	 11.862367 		 0.0 		 0.0
84 	 11.022192 		 0.0 		 0.0
85 	 11.022192 		 0.0 		 0.0
86 	 9.614507 		 0.0 		 0.0
87 	 9.614507 		 0.0 		 0.0
88 	 9.614507 		 0.0 		 0.0
89 	 9.614507 		 0.0 		 0.0
90 	 9.614507 		 0.0 		 0.0
91 	 9.614507 		 0.0 		 0.0
92 	 9.614507 		 0.0 		 0.0
93 	 9.614507 		 0.0 		 0.0
94 	 9.614507 		 0.0 		 0.0
95 	 9.614507 		 0.0 		 0.0
96 	 9.614507 		 0.0 		 0.0
 
****************************************************************************************************
 
rtm Post-uplift payments
----------------------------------------------------------------------------------------------------------------------------------------------------
unit 	 generation payment 	 up-FRP payment 	 dw-FRP payment 	pre-up t. payment 	 uplift payments 	 post-up t. payment 	 profit
----------------------------------------------------------------------------------------------------------------------------------------------------
 g1 	 16742.232413			 0.000000			 0.000000			 16742.232413			 0.000000			 16742.232413		 40975.809655
 g2 	 0.000000			 0.000000			 0.000000			 0.000000			 0.000000			 0.000000		 0.000000
 g3 	 980.205320			 0.000000			 0.000000			 980.205320			 12104.891126			 13085.096446		 0.000000
 g4 	 77.332905			 0.000000			 0.000000			 77.332905			 10408.026998			 10485.359903		 -0.000000
 g5 	 966.265367			 0.000000			 0.000000			 966.265367			 11287.749743			 12254.015110		 0.000000
****************************************************************************************************
 
Total generator payments
----------------------------------------------------------------------------------------------------------------------------------------------------
unit 	 generation payment 	 up-FRP payment 	 dw-FRP payment 	pre-up t. payment 	 uplift payments 	 post-up t. payment 	 profit
----------------------------------------------------------------------------------------------------------------------------------------------------
 g1 	 296554.266675			 641.400668			 0.000000			 297195.667343			 0.000000			 297195.667343		 40975.809655
 g2 	 0.000000			 0.000000			 0.000000			 0.000000			 0.000000			 0.000000		 0.000000
 g3 	 17698.673072			 194.584530			 0.000000			 17893.257602			 12104.891126			 29998.148728		 0.000000
 g4 	 12756.405016			 0.000000			 0.000000			 12756.405016			 10408.026998			 23164.432014		 -0.000000
 g5 	 18412.086326			 166.635134			 0.000000			 18578.721460			 11287.749743			 29866.471203		 0.000000
 
****************************************************************************************************
 
rtm LMP
----------------------------------------------------------------------------------------------------
bus name 	 time 		 LMP
----------------------------------------------------------------------------------------------------
b1 		 1 		 9.614507
b1 		 2 		 9.614507
b1 		 3 		 9.614507
b1 		 4 		 9.614507
b1 		 5 		 9.408671
b1 		 6 		 9.408671
b1 		 7 		 9.408671
b1 		 8 		 9.408671
b1 		 9 		 9.408671
b1 		 10 		 9.408671
b1 		 11 		 9.408671
b1 		 12 		 9.408671
b1 		 13 		 9.408671
b1 		 14 		 9.408671
b1 		 15 		 9.408671
b1 		 16 		 9.408671
b1 		 17 		 9.408671
b1 		 18 		 9.408671
b1 		 19 		 9.408671
b1 		 20 		 9.408671
b1 		 21 		 9.408671
b1 		 22 		 9.408671
b1 		 23 		 9.408671
b1 		 24 		 9.408671
b1 		 25 		 9.408671
b1 		 26 		 9.408671
b1 		 27 		 9.408671
b1 		 28 		 9.408671
b1 		 29 		 9.614507
b1 		 30 		 9.614507
b1 		 31 		 9.614507
b1 		 32 		 9.614507
b1 		 33 		 9.614507
b1 		 34 		 9.614507
b1 		 35 		 9.614507
b1 		 36 		 9.614507
b1 		 37 		 9.614507
b1 		 38 		 9.614507
b1 		 39 		 9.614507
b1 		 40 		 9.614507
b1 		 41 		 9.614507
b1 		 42 		 9.614507
b1 		 43 		 9.614507
b1 		 44 		 9.614507
b1 		 45 		 9.614507
b1 		 46 		 9.614507
b1 		 47 		 9.614507
b1 		 48 		 9.614507
b1 		 49 		 9.614507
b1 		 50 		 10.824293
b1 		 51 		 9.614507
b1 		 52 		 9.614507
b1 		 53 		 10.824293
b1 		 54 		 10.824293
b1 		 55 		 10.824293
b1 		 56 		 10.824293
b1 		 57 		 10.626394
b1 		 58 		 11.022192
b1 		 59 		 10.824293
b1 		 60 		 11.022192
b1 		 61 		 10.824293
b1 		 62 		 11.022192
b1 		 63 		 10.824293
b1 		 64 		 11.022192
b1 		 65 		 11.022192
b1 		 66 		 11.022192
b1 		 67 		 11.022192
b1 		 68 		 11.022192
b1 		 69 		 11.022192
b1 		 70 		 11.022192
b1 		 71 		 11.022192
b1 		 72 		 11.022192
b1 		 73 		 10.824293
b1 		 74 		 10.824293
b1 		 75 		 10.824293
b1 		 76 		 10.824293
b1 		 77 		 11.220091
b1 		 78 		 11.862367
b1 		 79 		 11.022192
b1 		 80 		 11.862367
b1 		 81 		 11.862367
b1 		 82 		 9.614507
b1 		 83 		 11.862367
b1 		 84 		 11.022192
b1 		 85 		 11.022192
b1 		 86 		 9.614507
b1 		 87 		 9.614507
b1 		 88 		 9.614507
b1 		 89 		 9.614507
b1 		 90 		 9.614507
b1 		 91 		 9.614507
b1 		 92 		 9.614507
b1 		 93 		 9.614507
b1 		 94 		 9.614507
b1 		 95 		 9.614507
b1 		 96 		 9.614507
----------------------------------------------------------------------------------------------------
b2 		 1 		 9.614507
b2 		 2 		 9.614507
b2 		 3 		 9.614507
b2 		 4 		 9.614507
b2 		 5 		 9.408671
b2 		 6 		 9.408671
b2 		 7 		 9.408671
b2 		 8 		 9.408671
b2 		 9 		 9.408671
b2 		 10 		 9.408671
b2 		 11 		 9.408671
b2 		 12 		 9.408671
b2 		 13 		 9.408671
b2 		 14 		 9.408671
b2 		 15 		 9.408671
b2 		 16 		 9.408671
b2 		 17 		 9.408671
b2 		 18 		 9.408671
b2 		 19 		 9.408671
b2 		 20 		 9.408671
b2 		 21 		 9.408671
b2 		 22 		 9.408671
b2 		 23 		 9.408671
b2 		 24 		 9.408671
b2 		 25 		 9.408671
b2 		 26 		 9.408671
b2 		 27 		 9.408671
b2 		 28 		 9.408671
b2 		 29 		 9.614507
b2 		 30 		 9.614507
b2 		 31 		 9.614507
b2 		 32 		 9.614507
b2 		 33 		 9.614507
b2 		 34 		 9.614507
b2 		 35 		 9.614507
b2 		 36 		 9.614507
b2 		 37 		 9.614507
b2 		 38 		 9.614507
b2 		 39 		 9.614507
b2 		 40 		 9.614507
b2 		 41 		 9.614507
b2 		 42 		 9.614507
b2 		 43 		 9.614507
b2 		 44 		 9.614507
b2 		 45 		 9.614507
b2 		 46 		 9.614507
b2 		 47 		 9.614507
b2 		 48 		 9.614507
b2 		 49 		 9.614507
b2 		 50 		 10.824293
b2 		 51 		 9.614507
b2 		 52 		 9.614507
b2 		 53 		 10.824293
b2 		 54 		 10.824293
b2 		 55 		 10.824293
b2 		 56 		 10.824293
b2 		 57 		 10.626394
b2 		 58 		 11.022192
b2 		 59 		 10.824293
b2 		 60 		 11.022192
b2 		 61 		 10.824293
b2 		 62 		 11.022192
b2 		 63 		 10.824293
b2 		 64 		 11.022192
b2 		 65 		 11.022192
b2 		 66 		 11.022192
b2 		 67 		 11.022192
b2 		 68 		 11.022192
b2 		 69 		 11.022192
b2 		 70 		 11.022192
b2 		 71 		 11.022192
b2 		 72 		 11.022192
b2 		 73 		 10.824293
b2 		 74 		 10.824293
b2 		 75 		 10.824293
b2 		 76 		 10.824293
b2 		 77 		 11.220091
b2 		 78 		 11.862367
b2 		 79 		 11.022192
b2 		 80 		 11.862367
b2 		 81 		 11.862367
b2 		 82 		 9.614507
b2 		 83 		 11.862367
b2 		 84 		 11.022192
b2 		 85 		 11.022192
b2 		 86 		 9.614507
b2 		 87 		 9.614507
b2 		 88 		 9.614507
b2 		 89 		 9.614507
b2 		 90 		 9.614507
b2 		 91 		 9.614507
b2 		 92 		 9.614507
b2 		 93 		 9.614507
b2 		 94 		 9.614507
b2 		 95 		 9.614507
b2 		 96 		 9.614507
----------------------------------------------------------------------------------------------------
b3 		 1 		 9.614507
b3 		 2 		 9.614507
b3 		 3 		 9.614507
b3 		 4 		 9.614507
b3 		 5 		 9.408671
b3 		 6 		 9.408671
b3 		 7 		 9.408671
b3 		 8 		 9.408671
b3 		 9 		 9.408671
b3 		 10 		 9.408671
b3 		 11 		 9.408671
b3 		 12 		 9.408671
b3 		 13 		 9.408671
b3 		 14 		 9.408671
b3 		 15 		 9.408671
b3 		 16 		 9.408671
b3 		 17 		 9.408671
b3 		 18 		 9.408671
b3 		 19 		 9.408671
b3 		 20 		 9.408671
b3 		 21 		 9.408671
b3 		 22 		 9.408671
b3 		 23 		 9.408671
b3 		 24 		 9.408671
b3 		 25 		 9.408671
b3 		 26 		 9.408671
b3 		 27 		 9.408671
b3 		 28 		 9.408671
b3 		 29 		 9.614507
b3 		 30 		 9.614507
b3 		 31 		 9.614507
b3 		 32 		 9.614507
b3 		 33 		 9.614507
b3 		 34 		 9.614507
b3 		 35 		 9.614507
b3 		 36 		 9.614507
b3 		 37 		 9.614507
b3 		 38 		 9.614507
b3 		 39 		 9.614507
b3 		 40 		 9.614507
b3 		 41 		 9.614507
b3 		 42 		 9.614507
b3 		 43 		 9.614507
b3 		 44 		 9.614507
b3 		 45 		 9.614507
b3 		 46 		 9.614507
b3 		 47 		 9.614507
b3 		 48 		 9.614507
b3 		 49 		 9.614507
b3 		 50 		 10.824293
b3 		 51 		 9.614507
b3 		 52 		 9.614507
b3 		 53 		 10.824293
b3 		 54 		 10.824293
b3 		 55 		 10.824293
b3 		 56 		 10.824293
b3 		 57 		 10.626394
b3 		 58 		 11.022192
b3 		 59 		 10.824293
b3 		 60 		 11.022192
b3 		 61 		 10.824293
b3 		 62 		 11.022192
b3 		 63 		 10.824293
b3 		 64 		 11.022192
b3 		 65 		 11.022192
b3 		 66 		 11.022192
b3 		 67 		 11.022192
b3 		 68 		 11.022192
b3 		 69 		 11.022192
b3 		 70 		 11.022192
b3 		 71 		 11.022192
b3 		 72 		 11.022192
b3 		 73 		 10.824293
b3 		 74 		 10.824293
b3 		 75 		 10.824293
b3 		 76 		 10.824293
b3 		 77 		 11.220091
b3 		 78 		 11.862367
b3 		 79 		 11.022192
b3 		 80 		 11.862367
b3 		 81 		 11.862367
b3 		 82 		 9.614507
b3 		 83 		 11.862367
b3 		 84 		 11.022192
b3 		 85 		 11.022192
b3 		 86 		 9.614507
b3 		 87 		 9.614507
b3 		 88 		 9.614507
b3 		 89 		 9.614507
b3 		 90 		 9.614507
b3 		 91 		 9.614507
b3 		 92 		 9.614507
b3 		 93 		 9.614507
b3 		 94 		 9.614507
b3 		 95 		 9.614507
b3 		 96 		 9.614507
----------------------------------------------------------------------------------------------------
b4 		 1 		 9.614507
b4 		 2 		 9.614507
b4 		 3 		 9.614507
b4 		 4 		 9.614507
b4 		 5 		 9.408671
b4 		 6 		 9.408671
b4 		 7 		 9.408671
b4 		 8 		 9.408671
b4 		 9 		 9.408671
b4 		 10 		 9.408671
b4 		 11 		 9.408671
b4 		 12 		 9.408671
b4 		 13 		 9.408671
b4 		 14 		 9.408671
b4 		 15 		 9.408671
b4 		 16 		 9.408671
b4 		 17 		 9.408671
b4 		 18 		 9.408671
b4 		 19 		 9.408671
b4 		 20 		 9.408671
b4 		 21 		 9.408671
b4 		 22 		 9.408671
b4 		 23 		 9.408671
b4 		 24 		 9.408671
b4 		 25 		 9.408671
b4 		 26 		 9.408671
b4 		 27 		 9.408671
b4 		 28 		 9.408671
b4 		 29 		 9.614507
b4 		 30 		 9.614507
b4 		 31 		 9.614507
b4 		 32 		 9.614507
b4 		 33 		 9.614507
b4 		 34 		 9.614507
b4 		 35 		 9.614507
b4 		 36 		 9.614507
b4 		 37 		 9.614507
b4 		 38 		 9.614507
b4 		 39 		 9.614507
b4 		 40 		 9.614507
b4 		 41 		 9.614507
b4 		 42 		 9.614507
b4 		 43 		 9.614507
b4 		 44 		 9.614507
b4 		 45 		 9.614507
b4 		 46 		 9.614507
b4 		 47 		 9.614507
b4 		 48 		 9.614507
b4 		 49 		 9.614507
b4 		 50 		 10.824293
b4 		 51 		 9.614507
b4 		 52 		 9.614507
b4 		 53 		 10.824293
b4 		 54 		 10.824293
b4 		 55 		 10.824293
b4 		 56 		 10.824293
b4 		 57 		 10.626394
b4 		 58 		 11.022192
b4 		 59 		 10.824293
b4 		 60 		 11.022192
b4 		 61 		 10.824293
b4 		 62 		 11.022192
b4 		 63 		 10.824293
b4 		 64 		 11.022192
b4 		 65 		 11.022192
b4 		 66 		 11.022192
b4 		 67 		 11.022192
b4 		 68 		 11.022192
b4 		 69 		 11.022192
b4 		 70 		 11.022192
b4 		 71 		 11.022192
b4 		 72 		 11.022192
b4 		 73 		 10.824293
b4 		 74 		 10.824293
b4 		 75 		 10.824293
b4 		 76 		 10.824293
b4 		 77 		 11.220091
b4 		 78 		 11.862367
b4 		 79 		 11.022192
b4 		 80 		 11.862367
b4 		 81 		 11.862367
b4 		 82 		 9.614507
b4 		 83 		 11.862367
b4 		 84 		 11.022192
b4 		 85 		 11.022192
b4 		 86 		 9.614507
b4 		 87 		 9.614507
b4 		 88 		 9.614507
b4 		 89 		 9.614507
b4 		 90 		 9.614507
b4 		 91 		 9.614507
b4 		 92 		 9.614507
b4 		 93 		 9.614507
b4 		 94 		 9.614507
b4 		 95 		 9.614507
b4 		 96 		 9.614507
----------------------------------------------------------------------------------------------------
b5 		 1 		 9.614507
b5 		 2 		 9.614507
b5 		 3 		 9.614507
b5 		 4 		 9.614507
b5 		 5 		 9.408671
b5 		 6 		 9.408671
b5 		 7 		 9.408671
b5 		 8 		 9.408671
b5 		 9 		 9.408671
b5 		 10 		 9.408671
b5 		 11 		 9.408671
b5 		 12 		 9.408671
b5 		 13 		 9.408671
b5 		 14 		 9.408671
b5 		 15 		 9.408671
b5 		 16 		 9.408671
b5 		 17 		 9.408671
b5 		 18 		 9.408671
b5 		 19 		 9.408671
b5 		 20 		 9.408671
b5 		 21 		 9.408671
b5 		 22 		 9.408671
b5 		 23 		 9.408671
b5 		 24 		 9.408671
b5 		 25 		 9.408671
b5 		 26 		 9.408671
b5 		 27 		 9.408671
b5 		 28 		 9.408671
b5 		 29 		 9.614507
b5 		 30 		 9.614507
b5 		 31 		 9.614507
b5 		 32 		 9.614507
b5 		 33 		 9.614507
b5 		 34 		 9.614507
b5 		 35 		 9.614507
b5 		 36 		 9.614507
b5 		 37 		 9.614507
b5 		 38 		 9.614507
b5 		 39 		 9.614507
b5 		 40 		 9.614507
b5 		 41 		 9.614507
b5 		 42 		 9.614507
b5 		 43 		 9.614507
b5 		 44 		 9.614507
b5 		 45 		 9.614507
b5 		 46 		 9.614507
b5 		 47 		 9.614507
b5 		 48 		 9.614507
b5 		 49 		 9.614507
b5 		 50 		 10.824293
b5 		 51 		 9.614507
b5 		 52 		 9.614507
b5 		 53 		 10.824293
b5 		 54 		 10.824293
b5 		 55 		 10.824293
b5 		 56 		 10.824293
b5 		 57 		 10.626394
b5 		 58 		 11.022192
b5 		 59 		 10.824293
b5 		 60 		 11.022192
b5 		 61 		 10.824293
b5 		 62 		 11.022192
b5 		 63 		 10.824293
b5 		 64 		 11.022192
b5 		 65 		 11.022192
b5 		 66 		 11.022192
b5 		 67 		 11.022192
b5 		 68 		 11.022192
b5 		 69 		 11.022192
b5 		 70 		 11.022192
b5 		 71 		 11.022192
b5 		 72 		 11.022192
b5 		 73 		 10.824293
b5 		 74 		 10.824293
b5 		 75 		 10.824293
b5 		 76 		 10.824293
b5 		 77 		 11.220091
b5 		 78 		 11.862367
b5 		 79 		 11.022192
b5 		 80 		 11.862367
b5 		 81 		 11.862367
b5 		 82 		 9.614507
b5 		 83 		 11.862367
b5 		 84 		 11.022192
b5 		 85 		 11.022192
b5 		 86 		 9.614507
b5 		 87 		 9.614507
b5 		 88 		 9.614507
b5 		 89 		 9.614507
b5 		 90 		 9.614507
b5 		 91 		 9.614507
b5 		 92 		 9.614507
b5 		 93 		 9.614507
b5 		 94 		 9.614507
b5 		 95 		 9.614507
b5 		 96 		 9.614507
----------------------------------------------------------------------------------------------------
b6 		 1 		 9.614507
b6 		 2 		 9.614507
b6 		 3 		 9.614507
b6 		 4 		 9.614507
b6 		 5 		 9.408671
b6 		 6 		 9.408671
b6 		 7 		 9.408671
b6 		 8 		 9.408671
b6 		 9 		 9.408671
b6 		 10 		 9.408671
b6 		 11 		 9.408671
b6 		 12 		 9.408671
b6 		 13 		 9.408671
b6 		 14 		 9.408671
b6 		 15 		 9.408671
b6 		 16 		 9.408671
b6 		 17 		 9.408671
b6 		 18 		 9.408671
b6 		 19 		 9.408671
b6 		 20 		 9.408671
b6 		 21 		 9.408671
b6 		 22 		 9.408671
b6 		 23 		 9.408671
b6 		 24 		 9.408671
b6 		 25 		 9.408671
b6 		 26 		 9.408671
b6 		 27 		 9.408671
b6 		 28 		 9.408671
b6 		 29 		 9.614507
b6 		 30 		 9.614507
b6 		 31 		 9.614507
b6 		 32 		 9.614507
b6 		 33 		 9.614507
b6 		 34 		 9.614507
b6 		 35 		 9.614507
b6 		 36 		 9.614507
b6 		 37 		 9.614507
b6 		 38 		 9.614507
b6 		 39 		 9.614507
b6 		 40 		 9.614507
b6 		 41 		 9.614507
b6 		 42 		 9.614507
b6 		 43 		 9.614507
b6 		 44 		 9.614507
b6 		 45 		 9.614507
b6 		 46 		 9.614507
b6 		 47 		 9.614507
b6 		 48 		 9.614507
b6 		 49 		 9.614507
b6 		 50 		 10.824293
b6 		 51 		 9.614507
b6 		 52 		 9.614507
b6 		 53 		 10.824293
b6 		 54 		 10.824293
b6 		 55 		 10.824293
b6 		 56 		 10.824293
b6 		 57 		 10.626394
b6 		 58 		 11.022192
b6 		 59 		 10.824293
b6 		 60 		 11.022192
b6 		 61 		 10.824293
b6 		 62 		 11.022192
b6 		 63 		 10.824293
b6 		 64 		 11.022192
b6 		 65 		 11.022192
b6 		 66 		 11.022192
b6 		 67 		 11.022192
b6 		 68 		 11.022192
b6 		 69 		 11.022192
b6 		 70 		 11.022192
b6 		 71 		 11.022192
b6 		 72 		 11.022192
b6 		 73 		 10.824293
b6 		 74 		 10.824293
b6 		 75 		 10.824293
b6 		 76 		 10.824293
b6 		 77 		 11.220091
b6 		 78 		 11.862367
b6 		 79 		 11.022192
b6 		 80 		 11.862367
b6 		 81 		 11.862367
b6 		 82 		 9.614507
b6 		 83 		 11.862367
b6 		 84 		 11.022192
b6 		 85 		 11.022192
b6 		 86 		 9.614507
b6 		 87 		 9.614507
b6 		 88 		 9.614507
b6 		 89 		 9.614507
b6 		 90 		 9.614507
b6 		 91 		 9.614507
b6 		 92 		 9.614507
b6 		 93 		 9.614507
b6 		 94 		 9.614507
b6 		 95 		 9.614507
b6 		 96 		 9.614507
----------------------------------------------------------------------------------------------------
b7 		 1 		 9.614507
b7 		 2 		 9.614507
b7 		 3 		 9.614507
b7 		 4 		 9.614507
b7 		 5 		 9.408671
b7 		 6 		 9.408671
b7 		 7 		 9.408671
b7 		 8 		 9.408671
b7 		 9 		 9.408671
b7 		 10 		 9.408671
b7 		 11 		 9.408671
b7 		 12 		 9.408671
b7 		 13 		 9.408671
b7 		 14 		 9.408671
b7 		 15 		 9.408671
b7 		 16 		 9.408671
b7 		 17 		 9.408671
b7 		 18 		 9.408671
b7 		 19 		 9.408671
b7 		 20 		 9.408671
b7 		 21 		 9.408671
b7 		 22 		 9.408671
b7 		 23 		 9.408671
b7 		 24 		 9.408671
b7 		 25 		 9.408671
b7 		 26 		 9.408671
b7 		 27 		 9.408671
b7 		 28 		 9.408671
b7 		 29 		 9.614507
b7 		 30 		 9.614507
b7 		 31 		 9.614507
b7 		 32 		 9.614507
b7 		 33 		 9.614507
b7 		 34 		 9.614507
b7 		 35 		 9.614507
b7 		 36 		 9.614507
b7 		 37 		 9.614507
b7 		 38 		 9.614507
b7 		 39 		 9.614507
b7 		 40 		 9.614507
b7 		 41 		 9.614507
b7 		 42 		 9.614507
b7 		 43 		 9.614507
b7 		 44 		 9.614507
b7 		 45 		 9.614507
b7 		 46 		 9.614507
b7 		 47 		 9.614507
b7 		 48 		 9.614507
b7 		 49 		 9.614507
b7 		 50 		 10.824293
b7 		 51 		 9.614507
b7 		 52 		 9.614507
b7 		 53 		 10.824293
b7 		 54 		 10.824293
b7 		 55 		 10.824293
b7 		 56 		 10.824293
b7 		 57 		 10.626394
b7 		 58 		 11.022192
b7 		 59 		 10.824293
b7 		 60 		 11.022192
b7 		 61 		 10.824293
b7 		 62 		 11.022192
b7 		 63 		 10.824293
b7 		 64 		 11.022192
b7 		 65 		 11.022192
b7 		 66 		 11.022192
b7 		 67 		 11.022192
b7 		 68 		 11.022192
b7 		 69 		 11.022192
b7 		 70 		 11.022192
b7 		 71 		 11.022192
b7 		 72 		 11.022192
b7 		 73 		 10.824293
b7 		 74 		 10.824293
b7 		 75 		 10.824293
b7 		 76 		 10.824293
b7 		 77 		 11.220091
b7 		 78 		 11.862367
b7 		 79 		 11.022192
b7 		 80 		 11.862367
b7 		 81 		 11.862367
b7 		 82 		 9.614507
b7 		 83 		 11.862367
b7 		 84 		 11.022192
b7 		 85 		 11.022192
b7 		 86 		 9.614507
b7 		 87 		 9.614507
b7 		 88 		 9.614507
b7 		 89 		 9.614507
b7 		 90 		 9.614507
b7 		 91 		 9.614507
b7 		 92 		 9.614507
b7 		 93 		 9.614507
b7 		 94 		 9.614507
b7 		 95 		 9.614507
b7 		 96 		 9.614507
----------------------------------------------------------------------------------------------------
b8 		 1 		 9.614507
b8 		 2 		 9.614507
b8 		 3 		 9.614507
b8 		 4 		 9.614507
b8 		 5 		 9.408671
b8 		 6 		 9.408671
b8 		 7 		 9.408671
b8 		 8 		 9.408671
b8 		 9 		 9.408671
b8 		 10 		 9.408671
b8 		 11 		 9.408671
b8 		 12 		 9.408671
b8 		 13 		 9.408671
b8 		 14 		 9.408671
b8 		 15 		 9.408671
b8 		 16 		 9.408671
b8 		 17 		 9.408671
b8 		 18 		 9.408671
b8 		 19 		 9.408671
b8 		 20 		 9.408671
b8 		 21 		 9.408671
b8 		 22 		 9.408671
b8 		 23 		 9.408671
b8 		 24 		 9.408671
b8 		 25 		 9.408671
b8 		 26 		 9.408671
b8 		 27 		 9.408671
b8 		 28 		 9.408671
b8 		 29 		 9.614507
b8 		 30 		 9.614507
b8 		 31 		 9.614507
b8 		 32 		 9.614507
b8 		 33 		 9.614507
b8 		 34 		 9.614507
b8 		 35 		 9.614507
b8 		 36 		 9.614507
b8 		 37 		 9.614507
b8 		 38 		 9.614507
b8 		 39 		 9.614507
b8 		 40 		 9.614507
b8 		 41 		 9.614507
b8 		 42 		 9.614507
b8 		 43 		 9.614507
b8 		 44 		 9.614507
b8 		 45 		 9.614507
b8 		 46 		 9.614507
b8 		 47 		 9.614507
b8 		 48 		 9.614507
b8 		 49 		 9.614507
b8 		 50 		 10.824293
b8 		 51 		 9.614507
b8 		 52 		 9.614507
b8 		 53 		 10.824293
b8 		 54 		 10.824293
b8 		 55 		 10.824293
b8 		 56 		 10.824293
b8 		 57 		 10.626394
b8 		 58 		 11.022192
b8 		 59 		 10.824293
b8 		 60 		 11.022192
b8 		 61 		 10.824293
b8 		 62 		 11.022192
b8 		 63 		 10.824293
b8 		 64 		 11.022192
b8 		 65 		 11.022192
b8 		 66 		 11.022192
b8 		 67 		 11.022192
b8 		 68 		 11.022192
b8 		 69 		 11.022192
b8 		 70 		 11.022192
b8 		 71 		 11.022192
b8 		 72 		 11.022192
b8 		 73 		 10.824293
b8 		 74 		 10.824293
b8 		 75 		 10.824293
b8 		 76 		 10.824293
b8 		 77 		 11.220091
b8 		 78 		 11.862367
b8 		 79 		 11.022192
b8 		 80 		 11.862367
b8 		 81 		 11.862367
b8 		 82 		 9.614507
b8 		 83 		 11.862367
b8 		 84 		 11.022192
b8 		 85 		 11.022192
b8 		 86 		 9.614507
b8 		 87 		 9.614507
b8 		 88 		 9.614507
b8 		 89 		 9.614507
b8 		 90 		 9.614507
b8 		 91 		 9.614507
b8 		 92 		 9.614507
b8 		 93 		 9.614507
b8 		 94 		 9.614507
b8 		 95 		 9.614507
b8 		 96 		 9.614507
----------------------------------------------------------------------------------------------------
b9 		 1 		 9.614507
b9 		 2 		 9.614507
b9 		 3 		 9.614507
b9 		 4 		 9.614507
b9 		 5 		 9.408671
b9 		 6 		 9.408671
b9 		 7 		 9.408671
b9 		 8 		 9.408671
b9 		 9 		 9.408671
b9 		 10 		 9.408671
b9 		 11 		 9.408671
b9 		 12 		 9.408671
b9 		 13 		 9.408671
b9 		 14 		 9.408671
b9 		 15 		 9.408671
b9 		 16 		 9.408671
b9 		 17 		 9.408671
b9 		 18 		 9.408671
b9 		 19 		 9.408671
b9 		 20 		 9.408671
b9 		 21 		 9.408671
b9 		 22 		 9.408671
b9 		 23 		 9.408671
b9 		 24 		 9.408671
b9 		 25 		 9.408671
b9 		 26 		 9.408671
b9 		 27 		 9.408671
b9 		 28 		 9.408671
b9 		 29 		 9.614507
b9 		 30 		 9.614507
b9 		 31 		 9.614507
b9 		 32 		 9.614507
b9 		 33 		 9.614507
b9 		 34 		 9.614507
b9 		 35 		 9.614507
b9 		 36 		 9.614507
b9 		 37 		 9.614507
b9 		 38 		 9.614507
b9 		 39 		 9.614507
b9 		 40 		 9.614507
b9 		 41 		 9.614507
b9 		 42 		 9.614507
b9 		 43 		 9.614507
b9 		 44 		 9.614507
b9 		 45 		 9.614507
b9 		 46 		 9.614507
b9 		 47 		 9.614507
b9 		 48 		 9.614507
b9 		 49 		 9.614507
b9 		 50 		 10.824293
b9 		 51 		 9.614507
b9 		 52 		 9.614507
b9 		 53 		 10.824293
b9 		 54 		 10.824293
b9 		 55 		 10.824293
b9 		 56 		 10.824293
b9 		 57 		 10.626394
b9 		 58 		 11.022192
b9 		 59 		 10.824293
b9 		 60 		 11.022192
b9 		 61 		 10.824293
b9 		 62 		 11.022192
b9 		 63 		 10.824293
b9 		 64 		 11.022192
b9 		 65 		 11.022192
b9 		 66 		 11.022192
b9 		 67 		 11.022192
b9 		 68 		 11.022192
b9 		 69 		 11.022192
b9 		 70 		 11.022192
b9 		 71 		 11.022192
b9 		 72 		 11.022192
b9 		 73 		 10.824293
b9 		 74 		 10.824293
b9 		 75 		 10.824293
b9 		 76 		 10.824293
b9 		 77 		 11.220091
b9 		 78 		 11.862367
b9 		 79 		 11.022192
b9 		 80 		 11.862367
b9 		 81 		 11.862367
b9 		 82 		 9.614507
b9 		 83 		 11.862367
b9 		 84 		 11.022192
b9 		 85 		 11.022192
b9 		 86 		 9.614507
b9 		 87 		 9.614507
b9 		 88 		 9.614507
b9 		 89 		 9.614507
b9 		 90 		 9.614507
b9 		 91 		 9.614507
b9 		 92 		 9.614507
b9 		 93 		 9.614507
b9 		 94 		 9.614507
b9 		 95 		 9.614507
b9 		 96 		 9.614507
----------------------------------------------------------------------------------------------------
b10 		 1 		 9.614507
b10 		 2 		 9.614507
b10 		 3 		 9.614507
b10 		 4 		 9.614507
b10 		 5 		 9.408671
b10 		 6 		 9.408671
b10 		 7 		 9.408671
b10 		 8 		 9.408671
b10 		 9 		 9.408671
b10 		 10 		 9.408671
b10 		 11 		 9.408671
b10 		 12 		 9.408671
b10 		 13 		 9.408671
b10 		 14 		 9.408671
b10 		 15 		 9.408671
b10 		 16 		 9.408671
b10 		 17 		 9.408671
b10 		 18 		 9.408671
b10 		 19 		 9.408671
b10 		 20 		 9.408671
b10 		 21 		 9.408671
b10 		 22 		 9.408671
b10 		 23 		 9.408671
b10 		 24 		 9.408671
b10 		 25 		 9.408671
b10 		 26 		 9.408671
b10 		 27 		 9.408671
b10 		 28 		 9.408671
b10 		 29 		 9.614507
b10 		 30 		 9.614507
b10 		 31 		 9.614507
b10 		 32 		 9.614507
b10 		 33 		 9.614507
b10 		 34 		 9.614507
b10 		 35 		 9.614507
b10 		 36 		 9.614507
b10 		 37 		 9.614507
b10 		 38 		 9.614507
b10 		 39 		 9.614507
b10 		 40 		 9.614507
b10 		 41 		 9.614507
b10 		 42 		 9.614507
b10 		 43 		 9.614507
b10 		 44 		 9.614507
b10 		 45 		 9.614507
b10 		 46 		 9.614507
b10 		 47 		 9.614507
b10 		 48 		 9.614507
b10 		 49 		 9.614507
b10 		 50 		 10.824293
b10 		 51 		 9.614507
b10 		 52 		 9.614507
b10 		 53 		 10.824293
b10 		 54 		 10.824293
b10 		 55 		 10.824293
b10 		 56 		 10.824293
b10 		 57 		 10.626394
b10 		 58 		 11.022192
b10 		 59 		 10.824293
b10 		 60 		 11.022192
b10 		 61 		 10.824293
b10 		 62 		 11.022192
b10 		 63 		 10.824293
b10 		 64 		 11.022192
b10 		 65 		 11.022192
b10 		 66 		 11.022192
b10 		 67 		 11.022192
b10 		 68 		 11.022192
b10 		 69 		 11.022192
b10 		 70 		 11.022192
b10 		 71 		 11.022192
b10 		 72 		 11.022192
b10 		 73 		 10.824293
b10 		 74 		 10.824293
b10 		 75 		 10.824293
b10 		 76 		 10.824293
b10 		 77 		 11.220091
b10 		 78 		 11.862367
b10 		 79 		 11.022192
b10 		 80 		 11.862367
b10 		 81 		 11.862367
b10 		 82 		 9.614507
b10 		 83 		 11.862367
b10 		 84 		 11.022192
b10 		 85 		 11.022192
b10 		 86 		 9.614507
b10 		 87 		 9.614507
b10 		 88 		 9.614507
b10 		 89 		 9.614507
b10 		 90 		 9.614507
b10 		 91 		 9.614507
b10 		 92 		 9.614507
b10 		 93 		 9.614507
b10 		 94 		 9.614507
b10 		 95 		 9.614507
b10 		 96 		 9.614507
----------------------------------------------------------------------------------------------------
b11 		 1 		 9.614507
b11 		 2 		 9.614507
b11 		 3 		 9.614507
b11 		 4 		 9.614507
b11 		 5 		 9.408671
b11 		 6 		 9.408671
b11 		 7 		 9.408671
b11 		 8 		 9.408671
b11 		 9 		 9.408671
b11 		 10 		 9.408671
b11 		 11 		 9.408671
b11 		 12 		 9.408671
b11 		 13 		 9.408671
b11 		 14 		 9.408671
b11 		 15 		 9.408671
b11 		 16 		 9.408671
b11 		 17 		 9.408671
b11 		 18 		 9.408671
b11 		 19 		 9.408671
b11 		 20 		 9.408671
b11 		 21 		 9.408671
b11 		 22 		 9.408671
b11 		 23 		 9.408671
b11 		 24 		 9.408671
b11 		 25 		 9.408671
b11 		 26 		 9.408671
b11 		 27 		 9.408671
b11 		 28 		 9.408671
b11 		 29 		 9.614507
b11 		 30 		 9.614507
b11 		 31 		 9.614507
b11 		 32 		 9.614507
b11 		 33 		 9.614507
b11 		 34 		 9.614507
b11 		 35 		 9.614507
b11 		 36 		 9.614507
b11 		 37 		 9.614507
b11 		 38 		 9.614507
b11 		 39 		 9.614507
b11 		 40 		 9.614507
b11 		 41 		 9.614507
b11 		 42 		 9.614507
b11 		 43 		 9.614507
b11 		 44 		 9.614507
b11 		 45 		 9.614507
b11 		 46 		 9.614507
b11 		 47 		 9.614507
b11 		 48 		 9.614507
b11 		 49 		 9.614507
b11 		 50 		 10.824293
b11 		 51 		 9.614507
b11 		 52 		 9.614507
b11 		 53 		 10.824293
b11 		 54 		 10.824293
b11 		 55 		 10.824293
b11 		 56 		 10.824293
b11 		 57 		 10.626394
b11 		 58 		 11.022192
b11 		 59 		 10.824293
b11 		 60 		 11.022192
b11 		 61 		 10.824293
b11 		 62 		 11.022192
b11 		 63 		 10.824293
b11 		 64 		 11.022192
b11 		 65 		 11.022192
b11 		 66 		 11.022192
b11 		 67 		 11.022192
b11 		 68 		 11.022192
b11 		 69 		 11.022192
b11 		 70 		 11.022192
b11 		 71 		 11.022192
b11 		 72 		 11.022192
b11 		 73 		 10.824293
b11 		 74 		 10.824293
b11 		 75 		 10.824293
b11 		 76 		 10.824293
b11 		 77 		 11.220091
b11 		 78 		 11.862367
b11 		 79 		 11.022192
b11 		 80 		 11.862367
b11 		 81 		 11.862367
b11 		 82 		 9.614507
b11 		 83 		 11.862367
b11 		 84 		 11.022192
b11 		 85 		 11.022192
b11 		 86 		 9.614507
b11 		 87 		 9.614507
b11 		 88 		 9.614507
b11 		 89 		 9.614507
b11 		 90 		 9.614507
b11 		 91 		 9.614507
b11 		 92 		 9.614507
b11 		 93 		 9.614507
b11 		 94 		 9.614507
b11 		 95 		 9.614507
b11 		 96 		 9.614507
----------------------------------------------------------------------------------------------------
b12 		 1 		 9.614507
b12 		 2 		 9.614507
b12 		 3 		 9.614507
b12 		 4 		 9.614507
b12 		 5 		 9.408671
b12 		 6 		 9.408671
b12 		 7 		 9.408671
b12 		 8 		 9.408671
b12 		 9 		 9.408671
b12 		 10 		 9.408671
b12 		 11 		 9.408671
b12 		 12 		 9.408671
b12 		 13 		 9.408671
b12 		 14 		 9.408671
b12 		 15 		 9.408671
b12 		 16 		 9.408671
b12 		 17 		 9.408671
b12 		 18 		 9.408671
b12 		 19 		 9.408671
b12 		 20 		 9.408671
b12 		 21 		 9.408671
b12 		 22 		 9.408671
b12 		 23 		 9.408671
b12 		 24 		 9.408671
b12 		 25 		 9.408671
b12 		 26 		 9.408671
b12 		 27 		 9.408671
b12 		 28 		 9.408671
b12 		 29 		 9.614507
b12 		 30 		 9.614507
b12 		 31 		 9.614507
b12 		 32 		 9.614507
b12 		 33 		 9.614507
b12 		 34 		 9.614507
b12 		 35 		 9.614507
b12 		 36 		 9.614507
b12 		 37 		 9.614507
b12 		 38 		 9.614507
b12 		 39 		 9.614507
b12 		 40 		 9.614507
b12 		 41 		 9.614507
b12 		 42 		 9.614507
b12 		 43 		 9.614507
b12 		 44 		 9.614507
b12 		 45 		 9.614507
b12 		 46 		 9.614507
b12 		 47 		 9.614507
b12 		 48 		 9.614507
b12 		 49 		 9.614507
b12 		 50 		 10.824293
b12 		 51 		 9.614507
b12 		 52 		 9.614507
b12 		 53 		 10.824293
b12 		 54 		 10.824293
b12 		 55 		 10.824293
b12 		 56 		 10.824293
b12 		 57 		 10.626394
b12 		 58 		 11.022192
b12 		 59 		 10.824293
b12 		 60 		 11.022192
b12 		 61 		 10.824293
b12 		 62 		 11.022192
b12 		 63 		 10.824293
b12 		 64 		 11.022192
b12 		 65 		 11.022192
b12 		 66 		 11.022192
b12 		 67 		 11.022192
b12 		 68 		 11.022192
b12 		 69 		 11.022192
b12 		 70 		 11.022192
b12 		 71 		 11.022192
b12 		 72 		 11.022192
b12 		 73 		 10.824293
b12 		 74 		 10.824293
b12 		 75 		 10.824293
b12 		 76 		 10.824293
b12 		 77 		 11.220091
b12 		 78 		 11.862367
b12 		 79 		 11.022192
b12 		 80 		 11.862367
b12 		 81 		 11.862367
b12 		 82 		 9.614507
b12 		 83 		 11.862367
b12 		 84 		 11.022192
b12 		 85 		 11.022192
b12 		 86 		 9.614507
b12 		 87 		 9.614507
b12 		 88 		 9.614507
b12 		 89 		 9.614507
b12 		 90 		 9.614507
b12 		 91 		 9.614507
b12 		 92 		 9.614507
b12 		 93 		 9.614507
b12 		 94 		 9.614507
b12 		 95 		 9.614507
b12 		 96 		 9.614507
----------------------------------------------------------------------------------------------------
b13 		 1 		 9.614507
b13 		 2 		 9.614507
b13 		 3 		 9.614507
b13 		 4 		 9.614507
b13 		 5 		 9.408671
b13 		 6 		 9.408671
b13 		 7 		 9.408671
b13 		 8 		 9.408671
b13 		 9 		 9.408671
b13 		 10 		 9.408671
b13 		 11 		 9.408671
b13 		 12 		 9.408671
b13 		 13 		 9.408671
b13 		 14 		 9.408671
b13 		 15 		 9.408671
b13 		 16 		 9.408671
b13 		 17 		 9.408671
b13 		 18 		 9.408671
b13 		 19 		 9.408671
b13 		 20 		 9.408671
b13 		 21 		 9.408671
b13 		 22 		 9.408671
b13 		 23 		 9.408671
b13 		 24 		 9.408671
b13 		 25 		 9.408671
b13 		 26 		 9.408671
b13 		 27 		 9.408671
b13 		 28 		 9.408671
b13 		 29 		 9.614507
b13 		 30 		 9.614507
b13 		 31 		 9.614507
b13 		 32 		 9.614507
b13 		 33 		 9.614507
b13 		 34 		 9.614507
b13 		 35 		 9.614507
b13 		 36 		 9.614507
b13 		 37 		 9.614507
b13 		 38 		 9.614507
b13 		 39 		 9.614507
b13 		 40 		 9.614507
b13 		 41 		 9.614507
b13 		 42 		 9.614507
b13 		 43 		 9.614507
b13 		 44 		 9.614507
b13 		 45 		 9.614507
b13 		 46 		 9.614507
b13 		 47 		 9.614507
b13 		 48 		 9.614507
b13 		 49 		 9.614507
b13 		 50 		 10.824293
b13 		 51 		 9.614507
b13 		 52 		 9.614507
b13 		 53 		 10.824293
b13 		 54 		 10.824293
b13 		 55 		 10.824293
b13 		 56 		 10.824293
b13 		 57 		 10.626394
b13 		 58 		 11.022192
b13 		 59 		 10.824293
b13 		 60 		 11.022192
b13 		 61 		 10.824293
b13 		 62 		 11.022192
b13 		 63 		 10.824293
b13 		 64 		 11.022192
b13 		 65 		 11.022192
b13 		 66 		 11.022192
b13 		 67 		 11.022192
b13 		 68 		 11.022192
b13 		 69 		 11.022192
b13 		 70 		 11.022192
b13 		 71 		 11.022192
b13 		 72 		 11.022192
b13 		 73 		 10.824293
b13 		 74 		 10.824293
b13 		 75 		 10.824293
b13 		 76 		 10.824293
b13 		 77 		 11.220091
b13 		 78 		 11.862367
b13 		 79 		 11.022192
b13 		 80 		 11.862367
b13 		 81 		 11.862367
b13 		 82 		 9.614507
b13 		 83 		 11.862367
b13 		 84 		 11.022192
b13 		 85 		 11.022192
b13 		 86 		 9.614507
b13 		 87 		 9.614507
b13 		 88 		 9.614507
b13 		 89 		 9.614507
b13 		 90 		 9.614507
b13 		 91 		 9.614507
b13 		 92 		 9.614507
b13 		 93 		 9.614507
b13 		 94 		 9.614507
b13 		 95 		 9.614507
b13 		 96 		 9.614507
----------------------------------------------------------------------------------------------------
b14 		 1 		 9.614507
b14 		 2 		 9.614507
b14 		 3 		 9.614507
b14 		 4 		 9.614507
b14 		 5 		 9.408671
b14 		 6 		 9.408671
b14 		 7 		 9.408671
b14 		 8 		 9.408671
b14 		 9 		 9.408671
b14 		 10 		 9.408671
b14 		 11 		 9.408671
b14 		 12 		 9.408671
b14 		 13 		 9.408671
b14 		 14 		 9.408671
b14 		 15 		 9.408671
b14 		 16 		 9.408671
b14 		 17 		 9.408671
b14 		 18 		 9.408671
b14 		 19 		 9.408671
b14 		 20 		 9.408671
b14 		 21 		 9.408671
b14 		 22 		 9.408671
b14 		 23 		 9.408671
b14 		 24 		 9.408671
b14 		 25 		 9.408671
b14 		 26 		 9.408671
b14 		 27 		 9.408671
b14 		 28 		 9.408671
b14 		 29 		 9.614507
b14 		 30 		 9.614507
b14 		 31 		 9.614507
b14 		 32 		 9.614507
b14 		 33 		 9.614507
b14 		 34 		 9.614507
b14 		 35 		 9.614507
b14 		 36 		 9.614507
b14 		 37 		 9.614507
b14 		 38 		 9.614507
b14 		 39 		 9.614507
b14 		 40 		 9.614507
b14 		 41 		 9.614507
b14 		 42 		 9.614507
b14 		 43 		 9.614507
b14 		 44 		 9.614507
b14 		 45 		 9.614507
b14 		 46 		 9.614507
b14 		 47 		 9.614507
b14 		 48 		 9.614507
b14 		 49 		 9.614507
b14 		 50 		 10.824293
b14 		 51 		 9.614507
b14 		 52 		 9.614507
b14 		 53 		 10.824293
b14 		 54 		 10.824293
b14 		 55 		 10.824293
b14 		 56 		 10.824293
b14 		 57 		 10.626394
b14 		 58 		 11.022192
b14 		 59 		 10.824293
b14 		 60 		 11.022192
b14 		 61 		 10.824293
b14 		 62 		 11.022192
b14 		 63 		 10.824293
b14 		 64 		 11.022192
b14 		 65 		 11.022192
b14 		 66 		 11.022192
b14 		 67 		 11.022192
b14 		 68 		 11.022192
b14 		 69 		 11.022192
b14 		 70 		 11.022192
b14 		 71 		 11.022192
b14 		 72 		 11.022192
b14 		 73 		 10.824293
b14 		 74 		 10.824293
b14 		 75 		 10.824293
b14 		 76 		 10.824293
b14 		 77 		 11.220091
b14 		 78 		 11.862367
b14 		 79 		 11.022192
b14 		 80 		 11.862367
b14 		 81 		 11.862367
b14 		 82 		 9.614507
b14 		 83 		 11.862367
b14 		 84 		 11.022192
b14 		 85 		 11.022192
b14 		 86 		 9.614507
b14 		 87 		 9.614507
b14 		 88 		 9.614507
b14 		 89 		 9.614507
b14 		 90 		 9.614507
b14 		 91 		 9.614507
b14 		 92 		 9.614507
b14 		 93 		 9.614507
b14 		 94 		 9.614507
b14 		 95 		 9.614507
b14 		 96 		 9.614507
----------------------------------------------------------------------------------------------------
Total overall payments
----------------------------------------------------------------------------------------------------------------------------------------------------
total generation payment 	 total up-FRP payment 	 total dw-FRP payment 	 total pre-up t. payment 	 uplift payment 	 total post-up t. payment 	 profit
----------------------------------------------------------------------------------------------------------------------------------------------------
345421.4310890001 			 1002.620332 			 0.0 			 346424.0514210001			 33800.667867 			 380224.719288 			 40975.80965499999
