****************************************************************************************************
 
Generation payment
----------------------------------------------------------------------------------------------------------------
unit	 time 	 generation payment 	 up-FRP payment 	 dw-FRP payment 	pre-up total payment
----------------------------------------------------------------------------------------------------------------
g1	 1 	 206.291852 			 0.0 			 0.0			 206.291852 
g1	 2 	 201.19849 			 0.0 			 0.0			 201.19849 
g1	 3 	 228.838025 			 0.0 			 0.0			 228.838025 
g1	 4 	 113.889614 			 0.0 			 0.0			 113.889614 
g1	 5 	 127.082533 			 0.0 			 0.0			 127.082533 
g1	 6 	 53.860549 			 0.0 			 0.0			 53.860549 
g1	 7 	 181.520502 			 0.0 			 0.0			 181.520502 
g1	 8 	 124.821235 			 0.0 			 0.0			 124.821235 
g1	 9 	 156.846488 			 0.0 			 0.0			 156.846488 
g1	 10 	 123.521511 			 0.0 			 0.0			 123.521511 
g1	 11 	 140.651399 			 0.0 			 0.0			 140.651399 
g1	 12 	 154.523986 			 0.0 			 0.0			 154.523986 
g1	 13 	 153.948485 			 0.0 			 0.0			 153.948485 
g1	 14 	 190.02102 			 0.0 			 0.0			 190.02102 
g1	 15 	 166.794906 			 0.0 			 0.0			 166.794906 
g1	 16 	 193.273136 			 0.0 			 0.0			 193.273136 
g1	 17 	 204.369243 			 0.0 			 0.0			 204.369243 
g1	 18 	 113.722766 			 0.0 			 0.0			 113.722766 
g1	 19 	 193.695529 			 0.0 			 0.0			 193.695529 
g1	 20 	 150.530296 			 0.0 			 0.0			 150.530296 
g1	 21 	 199.017675 			 0.0 			 0.0			 199.017675 
g1	 22 	 188.092882 			 0.0 			 0.0			 188.092882 
g1	 23 	 111.459633 			 0.0 			 0.0			 111.459633 
g1	 24 	 159.952732 			 0.0 			 0.0			 159.952732 
g1	 25 	 262.072261 			 0.0 			 0.0			 262.072261 
g1	 26 	 201.944402 			 0.0 			 0.0			 201.944402 
g1	 27 	 189.115275 			 0.0 			 0.0			 189.115275 
g1	 28 	 160.159582 			 0.0 			 0.0			 160.159582 
g1	 29 	 205.296203 			 0.0 			 0.0			 205.296203 
g1	 30 	 197.008421 			 0.0 			 0.0			 197.008421 
g1	 31 	 149.273336 			 0.0 			 0.0			 149.273336 
g1	 32 	 180.787527 			 0.0 			 0.0			 180.787527 
g1	 33 	 259.420676 			 0.0 			 0.0			 259.420676 
g1	 34 	 51.149023 			 0.0 			 0.0			 51.149023 
g1	 35 	 163.270914 			 0.0 			 0.0			 163.270914 
g1	 36 	 165.564349 			 0.0 			 0.0			 165.564349 
g1	 37 	 210.142962 			 0.0 			 0.0			 210.142962 
g1	 38 	 125.826726 			 0.0 			 0.0			 125.826726 
g1	 39 	 132.372984 			 0.0 			 0.0			 132.372984 
g1	 40 	 137.212052 			 0.0 			 0.0			 137.212052 
g1	 41 	 82.393518 			 0.0 			 0.0			 82.393518 
g1	 42 	 221.898908 			 0.0 			 0.0			 221.898908 
g1	 43 	 257.602188 			 0.0 			 0.0			 257.602188 
g1	 44 	 192.068391 			 0.0 			 0.0			 192.068391 
g1	 45 	 161.226072 			 0.0 			 0.0			 161.226072 
g1	 46 	 186.287169 			 0.0 			 0.0			 186.287169 
g1	 47 	 150.972594 			 0.0 			 0.0			 150.972594 
g1	 48 	 75.457756 			 0.0 			 0.0			 75.457756 
g1	 49 	 200.487051 			 0.0 			 0.0			 200.487051 
g1	 50 	 186.287169 			 0.0 			 0.0			 186.287169 
g1	 51 	 200.487051 			 0.0 			 0.0			 200.487051 
g1	 52 	 186.287169 			 0.0 			 0.0			 186.287169 
g1	 53 	 200.487051 			 0.0 			 0.0			 200.487051 
g1	 54 	 200.487051 			 0.0 			 0.0			 200.487051 
g1	 55 	 200.487051 			 0.0 			 0.0			 200.487051 
g1	 56 	 200.487051 			 0.0 			 0.0			 200.487051 
g1	 57 	 250.11708 			 0.0 			 0.0			 250.11708 
g1	 58 	 250.11708 			 0.0 			 0.0			 250.11708 
g1	 59 	 200.487051 			 0.0 			 0.0			 200.487051 
g1	 60 	 200.487051 			 0.0 			 0.0			 200.487051 
g1	 61 	 250.11708 			 0.0 			 0.0			 250.11708 
g1	 62 	 250.11708 			 0.0 			 0.0			 250.11708 
g1	 63 	 200.487051 			 0.0 			 0.0			 200.487051 
g1	 64 	 200.487051 			 0.0 			 0.0			 200.487051 
g1	 65 	 296.153632 			 0.0 			 0.0			 296.153632 
g1	 66 	 250.11708 			 0.0 			 0.0			 250.11708 
g1	 67 	 250.11708 			 0.0 			 0.0			 250.11708 
g1	 68 	 250.11708 			 0.0 			 0.0			 250.11708 
g1	 69 	 250.11708 			 0.0 			 0.0			 250.11708 
g1	 70 	 204.080512 			 0.0 			 0.0			 204.080512 
g1	 71 	 296.153632 			 0.0 			 0.0			 296.153632 
g1	 72 	 250.11708 			 0.0 			 0.0			 250.11708 
g1	 73 	 200.487051 			 0.0 			 0.0			 200.487051 
g1	 74 	 200.487051 			 0.0 			 0.0			 200.487051 
g1	 75 	 250.11708 			 0.0 			 0.0			 250.11708 
g1	 76 	 200.487051 			 0.0 			 0.0			 200.487051 
g1	 77 	 186.287169 			 0.0 			 0.0			 186.287169 
g1	 78 	 186.287169 			 0.0 			 0.0			 186.287169 
g1	 79 	 200.487051 			 0.0 			 0.0			 200.487051 
g1	 80 	 200.487051 			 0.0 			 0.0			 200.487051 
g1	 81 	 172.087288 			 0.0 			 0.0			 172.087288 
g1	 82 	 186.287169 			 0.0 			 0.0			 186.287169 
g1	 83 	 186.287169 			 0.0 			 0.0			 186.287169 
g1	 84 	 186.287169 			 0.0 			 0.0			 186.287169 
g1	 85 	 186.287169 			 0.0 			 0.0			 186.287169 
g1	 86 	 250.11708 			 0.0 			 0.0			 250.11708 
g1	 87 	 159.924931 			 0.0 			 0.0			 159.924931 
g1	 88 	 297.699913 			 0.0 			 0.0			 297.699913 
g1	 89 	 24.800957 			 0.0 			 0.0			 24.800957 
g1	 90 	 144.513511 			 0.0 			 0.0			 144.513511 
g1	 91 	 150.600465 			 0.0 			 0.0			 150.600465 
g1	 92 	 113.781037 			 0.0 			 0.0			 113.781037 
g1	 93 	 181.439198 			 0.0 			 0.0			 181.439198 
g1	 94 	 229.042506 			 0.0 			 0.0			 229.042506 
g1	 95 	 135.631139 			 0.0 			 0.0			 135.631139 
g1	 96 	 209.814098 			 0.0 			 0.0			 209.814098 
----------------------------------------------------------------------------------------------------
g2	 1 	 0.0 			 0.0 			 0.0			 0.0 
g2	 2 	 0.0 			 0.0 			 0.0			 0.0 
g2	 3 	 0.0 			 0.0 			 0.0			 0.0 
g2	 4 	 0.0 			 0.0 			 0.0			 0.0 
g2	 5 	 0.0 			 0.0 			 0.0			 0.0 
g2	 6 	 0.0 			 0.0 			 0.0			 0.0 
g2	 7 	 0.0 			 0.0 			 0.0			 0.0 
g2	 8 	 0.0 			 0.0 			 0.0			 0.0 
g2	 9 	 0.0 			 0.0 			 0.0			 0.0 
g2	 10 	 0.0 			 0.0 			 0.0			 0.0 
g2	 11 	 0.0 			 0.0 			 0.0			 0.0 
g2	 12 	 0.0 			 0.0 			 0.0			 0.0 
g2	 13 	 0.0 			 0.0 			 0.0			 0.0 
g2	 14 	 0.0 			 0.0 			 0.0			 0.0 
g2	 15 	 0.0 			 0.0 			 0.0			 0.0 
g2	 16 	 0.0 			 0.0 			 0.0			 0.0 
g2	 17 	 0.0 			 0.0 			 0.0			 0.0 
g2	 18 	 0.0 			 0.0 			 0.0			 0.0 
g2	 19 	 0.0 			 0.0 			 0.0			 0.0 
g2	 20 	 0.0 			 0.0 			 0.0			 0.0 
g2	 21 	 0.0 			 0.0 			 0.0			 0.0 
g2	 22 	 0.0 			 0.0 			 0.0			 0.0 
g2	 23 	 0.0 			 0.0 			 0.0			 0.0 
g2	 24 	 0.0 			 0.0 			 0.0			 0.0 
g2	 25 	 0.0 			 0.0 			 0.0			 0.0 
g2	 26 	 0.0 			 0.0 			 0.0			 0.0 
g2	 27 	 0.0 			 0.0 			 0.0			 0.0 
g2	 28 	 0.0 			 0.0 			 0.0			 0.0 
g2	 29 	 0.0 			 0.0 			 0.0			 0.0 
g2	 30 	 0.0 			 0.0 			 0.0			 0.0 
g2	 31 	 0.0 			 0.0 			 0.0			 0.0 
g2	 32 	 0.0 			 0.0 			 0.0			 0.0 
g2	 33 	 0.0 			 0.0 			 0.0			 0.0 
g2	 34 	 0.0 			 0.0 			 0.0			 0.0 
g2	 35 	 0.0 			 0.0 			 0.0			 0.0 
g2	 36 	 0.0 			 0.0 			 0.0			 0.0 
g2	 37 	 0.0 			 0.0 			 0.0			 0.0 
g2	 38 	 0.0 			 0.0 			 0.0			 0.0 
g2	 39 	 0.0 			 0.0 			 0.0			 0.0 
g2	 40 	 0.0 			 0.0 			 0.0			 0.0 
g2	 41 	 0.0 			 0.0 			 0.0			 0.0 
g2	 42 	 0.0 			 0.0 			 0.0			 0.0 
g2	 43 	 0.0 			 0.0 			 0.0			 0.0 
g2	 44 	 0.0 			 0.0 			 0.0			 0.0 
g2	 45 	 0.0 			 0.0 			 0.0			 0.0 
g2	 46 	 0.0 			 0.0 			 0.0			 0.0 
g2	 47 	 0.0 			 0.0 			 0.0			 0.0 
g2	 48 	 0.0 			 0.0 			 0.0			 0.0 
g2	 49 	 0.0 			 0.0 			 0.0			 0.0 
g2	 50 	 0.0 			 0.0 			 0.0			 0.0 
g2	 51 	 0.0 			 0.0 			 0.0			 0.0 
g2	 52 	 0.0 			 0.0 			 0.0			 0.0 
g2	 53 	 0.0 			 0.0 			 0.0			 0.0 
g2	 54 	 0.0 			 0.0 			 0.0			 0.0 
g2	 55 	 0.0 			 0.0 			 0.0			 0.0 
g2	 56 	 0.0 			 0.0 			 0.0			 0.0 
g2	 57 	 0.0 			 0.0 			 0.0			 0.0 
g2	 58 	 0.0 			 0.0 			 0.0			 0.0 
g2	 59 	 0.0 			 0.0 			 0.0			 0.0 
g2	 60 	 0.0 			 0.0 			 0.0			 0.0 
g2	 61 	 0.0 			 0.0 			 0.0			 0.0 
g2	 62 	 0.0 			 0.0 			 0.0			 0.0 
g2	 63 	 0.0 			 0.0 			 0.0			 0.0 
g2	 64 	 0.0 			 0.0 			 0.0			 0.0 
g2	 65 	 0.0 			 0.0 			 0.0			 0.0 
g2	 66 	 0.0 			 0.0 			 0.0			 0.0 
g2	 67 	 0.0 			 0.0 			 0.0			 0.0 
g2	 68 	 0.0 			 0.0 			 0.0			 0.0 
g2	 69 	 0.0 			 0.0 			 0.0			 0.0 
g2	 70 	 0.0 			 0.0 			 0.0			 0.0 
g2	 71 	 0.0 			 0.0 			 0.0			 0.0 
g2	 72 	 0.0 			 0.0 			 0.0			 0.0 
g2	 73 	 0.0 			 0.0 			 0.0			 0.0 
g2	 74 	 0.0 			 0.0 			 0.0			 0.0 
g2	 75 	 0.0 			 0.0 			 0.0			 0.0 
g2	 76 	 0.0 			 0.0 			 0.0			 0.0 
g2	 77 	 0.0 			 0.0 			 0.0			 0.0 
g2	 78 	 0.0 			 0.0 			 0.0			 0.0 
g2	 79 	 0.0 			 0.0 			 0.0			 0.0 
g2	 80 	 0.0 			 0.0 			 0.0			 0.0 
g2	 81 	 0.0 			 0.0 			 0.0			 0.0 
g2	 82 	 0.0 			 0.0 			 0.0			 0.0 
g2	 83 	 0.0 			 0.0 			 0.0			 0.0 
g2	 84 	 0.0 			 0.0 			 0.0			 0.0 
g2	 85 	 0.0 			 0.0 			 0.0			 0.0 
g2	 86 	 0.0 			 0.0 			 0.0			 0.0 
g2	 87 	 0.0 			 0.0 			 0.0			 0.0 
g2	 88 	 0.0 			 0.0 			 0.0			 0.0 
g2	 89 	 0.0 			 0.0 			 0.0			 0.0 
g2	 90 	 0.0 			 0.0 			 0.0			 0.0 
g2	 91 	 0.0 			 0.0 			 0.0			 0.0 
g2	 92 	 0.0 			 0.0 			 0.0			 0.0 
g2	 93 	 0.0 			 0.0 			 0.0			 0.0 
g2	 94 	 0.0 			 0.0 			 0.0			 0.0 
g2	 95 	 0.0 			 0.0 			 0.0			 0.0 
g2	 96 	 0.0 			 0.0 			 0.0			 0.0 
----------------------------------------------------------------------------------------------------
g3	 1 	 0.0 			 0.0 			 0.0			 0.0 
g3	 2 	 0.0 			 0.0 			 0.0			 0.0 
g3	 3 	 0.0 			 0.0 			 0.0			 0.0 
g3	 4 	 0.0 			 0.0 			 0.0			 0.0 
g3	 5 	 0.0 			 0.0 			 0.0			 0.0 
g3	 6 	 0.0 			 0.0 			 0.0			 0.0 
g3	 7 	 0.0 			 0.0 			 0.0			 0.0 
g3	 8 	 0.0 			 0.0 			 0.0			 0.0 
g3	 9 	 0.0 			 0.0 			 0.0			 0.0 
g3	 10 	 0.0 			 0.0 			 0.0			 0.0 
g3	 11 	 0.0 			 0.0 			 0.0			 0.0 
g3	 12 	 0.0 			 0.0 			 0.0			 0.0 
g3	 13 	 0.0 			 0.0 			 0.0			 0.0 
g3	 14 	 0.0 			 0.0 			 0.0			 0.0 
g3	 15 	 0.0 			 0.0 			 0.0			 0.0 
g3	 16 	 0.0 			 0.0 			 0.0			 0.0 
g3	 17 	 0.0 			 0.0 			 0.0			 0.0 
g3	 18 	 0.0 			 0.0 			 0.0			 0.0 
g3	 19 	 0.0 			 0.0 			 0.0			 0.0 
g3	 20 	 0.0 			 0.0 			 0.0			 0.0 
g3	 21 	 0.0 			 0.0 			 0.0			 0.0 
g3	 22 	 0.0 			 0.0 			 0.0			 0.0 
g3	 23 	 0.0 			 0.0 			 0.0			 0.0 
g3	 24 	 0.0 			 0.0 			 0.0			 0.0 
g3	 25 	 0.0 			 0.0 			 0.0			 0.0 
g3	 26 	 0.0 			 0.0 			 0.0			 0.0 
g3	 27 	 0.0 			 0.0 			 0.0			 0.0 
g3	 28 	 0.0 			 0.0 			 0.0			 0.0 
g3	 29 	 0.0 			 0.0 			 0.0			 0.0 
g3	 30 	 0.0 			 0.0 			 0.0			 0.0 
g3	 31 	 0.0 			 0.0 			 0.0			 0.0 
g3	 32 	 0.0 			 0.0 			 0.0			 0.0 
g3	 33 	 15.56631 			 0.0 			 0.0			 15.56631 
g3	 34 	 15.56631 			 0.0 			 0.0			 15.56631 
g3	 35 	 15.56631 			 0.0 			 0.0			 15.56631 
g3	 36 	 15.56631 			 0.0 			 0.0			 15.56631 
g3	 37 	 15.56631 			 0.0 			 0.0			 15.56631 
g3	 38 	 15.56631 			 0.0 			 0.0			 15.56631 
g3	 39 	 15.56631 			 0.0 			 0.0			 15.56631 
g3	 40 	 15.56631 			 0.0 			 0.0			 15.56631 
g3	 41 	 15.56631 			 0.0 			 0.0			 15.56631 
g3	 42 	 15.56631 			 0.0 			 0.0			 15.56631 
g3	 43 	 15.56631 			 0.0 			 0.0			 15.56631 
g3	 44 	 15.56631 			 0.0 			 0.0			 15.56631 
g3	 45 	 15.56631 			 0.0 			 0.0			 15.56631 
g3	 46 	 17.845414 			 0.0 			 0.0			 17.845414 
g3	 47 	 15.56631 			 0.0 			 0.0			 15.56631 
g3	 48 	 15.56631 			 0.0 			 0.0			 15.56631 
g3	 49 	 139.787758 			 0.0 			 0.0			 139.787758 
g3	 50 	 17.845414 			 0.0 			 0.0			 17.845414 
g3	 51 	 37.028675 			 0.0 			 0.0			 37.028675 
g3	 52 	 17.845414 			 0.0 			 0.0			 17.845414 
g3	 53 	 66.620144 			 0.0 			 0.0			 66.620144 
g3	 54 	 46.399684 			 0.0 			 0.0			 46.399684 
g3	 55 	 -22.601653 			 0.0 			 0.0			 -22.601653 
g3	 56 	 87.373071 			 0.0 			 0.0			 87.373071 
g3	 57 	 52.442764 			 0.0 			 0.0			 52.442764 
g3	 58 	 52.442764 			 0.0 			 0.0			 52.442764 
g3	 59 	 -108.613801 			 0.0 			 0.0			 -108.613801 
g3	 60 	 13.215946 			 0.0 			 0.0			 13.215946 
g3	 61 	 23.960012 			 0.0 			 0.0			 23.960012 
g3	 62 	 23.960012 			 0.0 			 0.0			 23.960012 
g3	 63 	 -28.493441 			 0.0 			 0.0			 -28.493441 
g3	 64 	 -78.238348 			 0.0 			 0.0			 -78.238348 
g3	 65 	 113.695214 			 0.0 			 0.0			 113.695214 
g3	 66 	 23.960012 			 0.0 			 0.0			 23.960012 
g3	 67 	 23.960012 			 0.0 			 0.0			 23.960012 
g3	 68 	 23.960012 			 0.0 			 0.0			 23.960012 
g3	 69 	 23.960012 			 0.0 			 0.0			 23.960012 
g3	 70 	 19.54993 			 0.0 			 0.0			 19.54993 
g3	 71 	 57.18966 			 0.0 			 0.0			 57.18966 
g3	 72 	 23.960012 			 0.0 			 0.0			 23.960012 
g3	 73 	 23.295767 			 0.0 			 0.0			 23.295767 
g3	 74 	 -23.809479 			 0.0 			 0.0			 -23.809479 
g3	 75 	 161.132133 			 0.0 			 0.0			 161.132133 
g3	 76 	 -38.759774 			 0.0 			 0.0			 -38.759774 
g3	 77 	 17.845414 			 0.0 			 0.0			 17.845414 
g3	 78 	 17.845414 			 0.0 			 0.0			 17.845414 
g3	 79 	 34.547863 			 0.0 			 0.0			 34.547863 
g3	 80 	 74.46035 			 0.0 			 0.0			 74.46035 
g3	 81 	 16.485134 			 0.0 			 0.0			 16.485134 
g3	 82 	 17.845414 			 0.0 			 0.0			 17.845414 
g3	 83 	 17.845414 			 0.0 			 0.0			 17.845414 
g3	 84 	 17.845414 			 0.0 			 0.0			 17.845414 
g3	 85 	 0.0 			 0.0 			 0.0			 0.0 
g3	 86 	 0.0 			 0.0 			 0.0			 0.0 
g3	 87 	 0.0 			 0.0 			 0.0			 0.0 
g3	 88 	 0.0 			 0.0 			 0.0			 0.0 
g3	 89 	 0.0 			 0.0 			 0.0			 0.0 
g3	 90 	 0.0 			 0.0 			 0.0			 0.0 
g3	 91 	 0.0 			 0.0 			 0.0			 0.0 
g3	 92 	 0.0 			 0.0 			 0.0			 0.0 
g3	 93 	 0.0 			 0.0 			 0.0			 0.0 
g3	 94 	 0.0 			 0.0 			 0.0			 0.0 
g3	 95 	 0.0 			 0.0 			 0.0			 0.0 
g3	 96 	 0.0 			 0.0 			 0.0			 0.0 
----------------------------------------------------------------------------------------------------
g4	 1 	 0.0 			 0.0 			 0.0			 0.0 
g4	 2 	 0.0 			 0.0 			 0.0			 0.0 
g4	 3 	 0.0 			 0.0 			 0.0			 0.0 
g4	 4 	 0.0 			 0.0 			 0.0			 0.0 
g4	 5 	 0.0 			 0.0 			 0.0			 0.0 
g4	 6 	 0.0 			 0.0 			 0.0			 0.0 
g4	 7 	 0.0 			 0.0 			 0.0			 0.0 
g4	 8 	 0.0 			 0.0 			 0.0			 0.0 
g4	 9 	 0.0 			 0.0 			 0.0			 0.0 
g4	 10 	 0.0 			 0.0 			 0.0			 0.0 
g4	 11 	 0.0 			 0.0 			 0.0			 0.0 
g4	 12 	 0.0 			 0.0 			 0.0			 0.0 
g4	 13 	 0.0 			 0.0 			 0.0			 0.0 
g4	 14 	 0.0 			 0.0 			 0.0			 0.0 
g4	 15 	 0.0 			 0.0 			 0.0			 0.0 
g4	 16 	 0.0 			 0.0 			 0.0			 0.0 
g4	 17 	 0.0 			 0.0 			 0.0			 0.0 
g4	 18 	 0.0 			 0.0 			 0.0			 0.0 
g4	 19 	 0.0 			 0.0 			 0.0			 0.0 
g4	 20 	 0.0 			 0.0 			 0.0			 0.0 
g4	 21 	 0.0 			 0.0 			 0.0			 0.0 
g4	 22 	 0.0 			 0.0 			 0.0			 0.0 
g4	 23 	 0.0 			 0.0 			 0.0			 0.0 
g4	 24 	 0.0 			 0.0 			 0.0			 0.0 
g4	 25 	 0.0 			 0.0 			 0.0			 0.0 
g4	 26 	 0.0 			 0.0 			 0.0			 0.0 
g4	 27 	 0.0 			 0.0 			 0.0			 0.0 
g4	 28 	 0.0 			 0.0 			 0.0			 0.0 
g4	 29 	 0.0 			 0.0 			 0.0			 0.0 
g4	 30 	 0.0 			 0.0 			 0.0			 0.0 
g4	 31 	 0.0 			 0.0 			 0.0			 0.0 
g4	 32 	 0.0 			 0.0 			 0.0			 0.0 
g4	 33 	 0.0 			 0.0 			 0.0			 0.0 
g4	 34 	 0.0 			 0.0 			 0.0			 0.0 
g4	 35 	 0.0 			 0.0 			 0.0			 0.0 
g4	 36 	 0.0 			 0.0 			 0.0			 0.0 
g4	 37 	 0.0 			 0.0 			 0.0			 0.0 
g4	 38 	 0.0 			 0.0 			 0.0			 0.0 
g4	 39 	 0.0 			 0.0 			 0.0			 0.0 
g4	 40 	 0.0 			 0.0 			 0.0			 0.0 
g4	 41 	 0.0 			 0.0 			 0.0			 0.0 
g4	 42 	 0.0 			 0.0 			 0.0			 0.0 
g4	 43 	 0.0 			 0.0 			 0.0			 0.0 
g4	 44 	 0.0 			 0.0 			 0.0			 0.0 
g4	 45 	 0.0 			 0.0 			 0.0			 0.0 
g4	 46 	 0.0 			 0.0 			 0.0			 0.0 
g4	 47 	 0.0 			 0.0 			 0.0			 0.0 
g4	 48 	 0.0 			 0.0 			 0.0			 0.0 
g4	 49 	 0.0 			 0.0 			 0.0			 0.0 
g4	 50 	 0.0 			 0.0 			 0.0			 0.0 
g4	 51 	 0.0 			 0.0 			 0.0			 0.0 
g4	 52 	 0.0 			 0.0 			 0.0			 0.0 
g4	 53 	 0.0 			 0.0 			 0.0			 0.0 
g4	 54 	 0.0 			 0.0 			 0.0			 0.0 
g4	 55 	 0.0 			 0.0 			 0.0			 0.0 
g4	 56 	 0.0 			 0.0 			 0.0			 0.0 
g4	 57 	 0.0 			 0.0 			 0.0			 0.0 
g4	 58 	 0.0 			 0.0 			 0.0			 0.0 
g4	 59 	 0.0 			 0.0 			 0.0			 0.0 
g4	 60 	 0.0 			 0.0 			 0.0			 0.0 
g4	 61 	 0.0 			 0.0 			 0.0			 0.0 
g4	 62 	 0.0 			 0.0 			 0.0			 0.0 
g4	 63 	 0.0 			 0.0 			 0.0			 0.0 
g4	 64 	 0.0 			 0.0 			 0.0			 0.0 
g4	 65 	 0.0 			 0.0 			 0.0			 0.0 
g4	 66 	 0.0 			 0.0 			 0.0			 0.0 
g4	 67 	 0.0 			 0.0 			 0.0			 0.0 
g4	 68 	 0.0 			 0.0 			 0.0			 0.0 
g4	 69 	 0.0 			 0.0 			 0.0			 0.0 
g4	 70 	 0.0 			 0.0 			 0.0			 0.0 
g4	 71 	 0.0 			 0.0 			 0.0			 0.0 
g4	 72 	 0.0 			 0.0 			 0.0			 0.0 
g4	 73 	 0.0 			 0.0 			 0.0			 0.0 
g4	 74 	 0.0 			 0.0 			 0.0			 0.0 
g4	 75 	 0.0 			 0.0 			 0.0			 0.0 
g4	 76 	 0.0 			 0.0 			 0.0			 0.0 
g4	 77 	 0.0 			 0.0 			 0.0			 0.0 
g4	 78 	 0.0 			 0.0 			 0.0			 0.0 
g4	 79 	 0.0 			 0.0 			 0.0			 0.0 
g4	 80 	 0.0 			 0.0 			 0.0			 0.0 
g4	 81 	 0.0 			 0.0 			 0.0			 0.0 
g4	 82 	 0.0 			 0.0 			 0.0			 0.0 
g4	 83 	 0.0 			 0.0 			 0.0			 0.0 
g4	 84 	 0.0 			 0.0 			 0.0			 0.0 
g4	 85 	 0.0 			 0.0 			 0.0			 0.0 
g4	 86 	 0.0 			 0.0 			 0.0			 0.0 
g4	 87 	 0.0 			 0.0 			 0.0			 0.0 
g4	 88 	 0.0 			 0.0 			 0.0			 0.0 
g4	 89 	 0.0 			 0.0 			 0.0			 0.0 
g4	 90 	 0.0 			 0.0 			 0.0			 0.0 
g4	 91 	 0.0 			 0.0 			 0.0			 0.0 
g4	 92 	 0.0 			 0.0 			 0.0			 0.0 
g4	 93 	 0.0 			 0.0 			 0.0			 0.0 
g4	 94 	 0.0 			 0.0 			 0.0			 0.0 
g4	 95 	 0.0 			 0.0 			 0.0			 0.0 
g4	 96 	 0.0 			 0.0 			 0.0			 0.0 
----------------------------------------------------------------------------------------------------
g5	 1 	 0.0 			 0.0 			 0.0			 0.0 
g5	 2 	 0.0 			 0.0 			 0.0			 0.0 
g5	 3 	 0.0 			 0.0 			 0.0			 0.0 
g5	 4 	 0.0 			 0.0 			 0.0			 0.0 
g5	 5 	 0.0 			 0.0 			 0.0			 0.0 
g5	 6 	 0.0 			 0.0 			 0.0			 0.0 
g5	 7 	 0.0 			 0.0 			 0.0			 0.0 
g5	 8 	 0.0 			 0.0 			 0.0			 0.0 
g5	 9 	 0.0 			 0.0 			 0.0			 0.0 
g5	 10 	 0.0 			 0.0 			 0.0			 0.0 
g5	 11 	 0.0 			 0.0 			 0.0			 0.0 
g5	 12 	 0.0 			 0.0 			 0.0			 0.0 
g5	 13 	 0.0 			 0.0 			 0.0			 0.0 
g5	 14 	 0.0 			 0.0 			 0.0			 0.0 
g5	 15 	 0.0 			 0.0 			 0.0			 0.0 
g5	 16 	 0.0 			 0.0 			 0.0			 0.0 
g5	 17 	 0.0 			 0.0 			 0.0			 0.0 
g5	 18 	 0.0 			 0.0 			 0.0			 0.0 
g5	 19 	 0.0 			 0.0 			 0.0			 0.0 
g5	 20 	 0.0 			 0.0 			 0.0			 0.0 
g5	 21 	 0.0 			 0.0 			 0.0			 0.0 
g5	 22 	 0.0 			 0.0 			 0.0			 0.0 
g5	 23 	 0.0 			 0.0 			 0.0			 0.0 
g5	 24 	 0.0 			 0.0 			 0.0			 0.0 
g5	 25 	 22.372141 			 0.0 			 0.0			 22.372141 
g5	 26 	 21.893178 			 0.0 			 0.0			 21.893178 
g5	 27 	 21.893178 			 0.0 			 0.0			 21.893178 
g5	 28 	 21.893178 			 0.0 			 0.0			 21.893178 
g5	 29 	 22.372141 			 0.0 			 0.0			 22.372141 
g5	 30 	 22.372141 			 0.0 			 0.0			 22.372141 
g5	 31 	 22.372141 			 0.0 			 0.0			 22.372141 
g5	 32 	 22.372141 			 0.0 			 0.0			 22.372141 
g5	 33 	 22.372141 			 0.0 			 0.0			 22.372141 
g5	 34 	 22.372141 			 0.0 			 0.0			 22.372141 
g5	 35 	 22.372141 			 0.0 			 0.0			 22.372141 
g5	 36 	 22.372141 			 0.0 			 0.0			 22.372141 
g5	 37 	 22.372141 			 0.0 			 0.0			 22.372141 
g5	 38 	 22.372141 			 0.0 			 0.0			 22.372141 
g5	 39 	 22.372141 			 0.0 			 0.0			 22.372141 
g5	 40 	 22.372141 			 0.0 			 0.0			 22.372141 
g5	 41 	 22.372141 			 0.0 			 0.0			 22.372141 
g5	 42 	 22.372141 			 0.0 			 0.0			 22.372141 
g5	 43 	 22.372141 			 0.0 			 0.0			 22.372141 
g5	 44 	 22.372141 			 0.0 			 0.0			 22.372141 
g5	 45 	 20.182379 			 0.0 			 0.0			 20.182379 
g5	 46 	 41.895297 			 0.0 			 0.0			 41.895297 
g5	 47 	 20.182379 			 0.0 			 0.0			 20.182379 
g5	 48 	 20.182379 			 0.0 			 0.0			 20.182379 
g5	 49 	 -0.465135 			 0.0 			 0.0			 -0.465135 
g5	 50 	 -34.881777 			 0.0 			 0.0			 -34.881777 
g5	 51 	 68.718573 			 0.0 			 0.0			 68.718573 
g5	 52 	 10.879719 			 0.0 			 0.0			 10.879719 
g5	 53 	 27.60272 			 0.0 			 0.0			 27.60272 
g5	 54 	 27.60272 			 0.0 			 0.0			 27.60272 
g5	 55 	 27.60272 			 0.0 			 0.0			 27.60272 
g5	 56 	 27.60272 			 0.0 			 0.0			 27.60272 
g5	 57 	 139.264606 			 0.0 			 0.0			 139.264606 
g5	 58 	 82.113776 			 0.0 			 0.0			 82.113776 
g5	 59 	 27.60272 			 0.0 			 0.0			 27.60272 
g5	 60 	 27.60272 			 0.0 			 0.0			 27.60272 
g5	 61 	 30.257639 			 0.0 			 0.0			 30.257639 
g5	 62 	 103.631768 			 0.0 			 0.0			 103.631768 
g5	 63 	 3.711402 			 0.0 			 0.0			 3.711402 
g5	 64 	 3.711402 			 0.0 			 0.0			 3.711402 
g5	 65 	 162.082955 			 0.0 			 0.0			 162.082955 
g5	 66 	 -26.65783 			 0.0 			 0.0			 -26.65783 
g5	 67 	 -51.657225 			 0.0 			 0.0			 -51.657225 
g5	 68 	 38.848084 			 0.0 			 0.0			 38.848084 
g5	 69 	 149.100937 			 0.0 			 0.0			 149.100937 
g5	 70 	 -24.988865 			 0.0 			 0.0			 -24.988865 
g5	 71 	 225.921181 			 0.0 			 0.0			 225.921181 
g5	 72 	 -19.576396 			 0.0 			 0.0			 -19.576396 
g5	 73 	 27.60272 			 0.0 			 0.0			 27.60272 
g5	 74 	 27.60272 			 0.0 			 0.0			 27.60272 
g5	 75 	 45.955741 			 0.0 			 0.0			 45.955741 
g5	 76 	 27.60272 			 0.0 			 0.0			 27.60272 
g5	 77 	 -26.96264 			 0.0 			 0.0			 -26.96264 
g5	 78 	 -47.31935 			 0.0 			 0.0			 -47.31935 
g5	 79 	 38.713191 			 0.0 			 0.0			 38.713191 
g5	 80 	 37.351225 			 0.0 			 0.0			 37.351225 
g5	 81 	 -74.664975 			 0.0 			 0.0			 -74.664975 
g5	 82 	 -21.419095 			 0.0 			 0.0			 -21.419095 
g5	 83 	 -90.842889 			 0.0 			 0.0			 -90.842889 
g5	 84 	 -58.399166 			 0.0 			 0.0			 -58.399166 
g5	 85 	 96.357017 			 0.0 			 0.0			 96.357017 
g5	 86 	 183.582498 			 0.0 			 0.0			 183.582498 
g5	 87 	 -9.275865 			 0.0 			 0.0			 -9.275865 
g5	 88 	 246.559137 			 0.0 			 0.0			 246.559137 
g5	 89 	 113.433348 			 0.0 			 0.0			 113.433348 
g5	 90 	 22.372141 			 0.0 			 0.0			 22.372141 
g5	 91 	 22.372141 			 0.0 			 0.0			 22.372141 
g5	 92 	 22.372141 			 0.0 			 0.0			 22.372141 
g5	 93 	 22.372141 			 0.0 			 0.0			 22.372141 
g5	 94 	 22.372141 			 0.0 			 0.0			 22.372141 
g5	 95 	 22.372141 			 0.0 			 0.0			 22.372141 
g5	 96 	 22.372141 			 0.0 			 0.0			 22.372141 
----------------------------------------------------------------------------------------------------------------
unit 	 generation payment 	 up-FRP payment 	 dw-FRP payment 	pre-up total payment
----------------------------------------------------------------------------------------------------------------
 g1 	 17821.061592			 0.000000			 0.000000			 17821.061592
 g2 	 0.000000			 0.000000			 0.000000			 0.000000
 g3 	 1239.128407			 0.000000			 0.000000			 1239.128407
 g4 	 0.000000			 0.000000			 0.000000			 0.000000
 g5 	 2246.560823			 0.000000			 0.000000			 2246.560823
----------------------------------------------------------------------------------------------------
generation payment 	 up-FRP payment 	 dw-FRP payment 	 pre-up total payment
----------------------------------------------------------------------------------------------------
21306.750821999998 			 0.0 			 0.0 			 21306.750821999998
 
****************************************************************************************************
 
Generation costs
----------------------------------------------------------------------------------------------------
unit	 time 	 generation cost 	 start-up cost  	total cost
----------------------------------------------------------------------------------------------------
g1	 1 	 2437.005291 			 0.0 			2437.005291
g1	 2 	 2431.911925 			 0.0 			2431.911925
g1	 3 	 2459.551462 			 0.0 			2459.551462
g1	 4 	 2344.603045 			 0.0 			2344.603045
g1	 5 	 2237.420821 			 0.0 			2237.420821
g1	 6 	 2164.19883 			 0.0 			2164.19883
g1	 7 	 2291.858789 			 0.0 			2291.858789
g1	 8 	 2235.159521 			 0.0 			2235.159521
g1	 9 	 2154.055855 			 0.0 			2154.055855
g1	 10 	 2120.730873 			 0.0 			2120.730873
g1	 11 	 2137.860766 			 0.0 			2137.860766
g1	 12 	 2151.733348 			 0.0 			2151.733348
g1	 13 	 2094.295888 			 0.0 			2094.295888
g1	 14 	 2130.368425 			 0.0 			2130.368425
g1	 15 	 2107.142311 			 0.0 			2107.142311
g1	 16 	 2133.620535 			 0.0 			2133.620535
g1	 17 	 2159.590814 			 0.0 			2159.590814
g1	 18 	 2068.944335 			 0.0 			2068.944335
g1	 19 	 2148.917099 			 0.0 			2148.917099
g1	 20 	 2105.751865 			 0.0 			2105.751865
g1	 21 	 2281.817718 			 0.0 			2281.817718
g1	 22 	 2270.892929 			 0.0 			2270.892929
g1	 23 	 2194.259675 			 0.0 			2194.259675
g1	 24 	 2242.752779 			 0.0 			2242.752779
g1	 25 	 2329.109808 			 0.0 			2329.109808
g1	 26 	 2274.249589 			 0.0 			2274.249589
g1	 27 	 2261.420455 			 0.0 			2261.420455
g1	 28 	 2232.464765 			 0.0 			2232.464765
g1	 29 	 2466.802154 			 0.0 			2466.802154
g1	 30 	 2458.514376 			 0.0 			2458.514376
g1	 31 	 2410.779286 			 0.0 			2410.779286
g1	 32 	 2442.293484 			 0.0 			2442.293484
g1	 33 	 2530.776337 			 0.0 			2530.776337
g1	 34 	 2322.504677 			 0.0 			2322.504677
g1	 35 	 2434.626576 			 0.0 			2434.626576
g1	 36 	 2436.920006 			 0.0 			2436.920006
g1	 37 	 2684.304831 			 0.0 			2684.304831
g1	 38 	 2599.98859 			 0.0 			2599.98859
g1	 39 	 2606.534849 			 0.0 			2606.534849
g1	 40 	 2611.373913 			 0.0 			2611.373913
g1	 41 	 2796.796441 			 0.0 			2796.796441
g1	 42 	 2936.301832 			 0.0 			2936.301832
g1	 43 	 2972.005118 			 0.0 			2972.005118
g1	 44 	 2906.471316 			 0.0 			2906.471316
g1	 45 	 3056.963732 			 0.0 			3056.963732
g1	 46 	 3058.233409 			 0.0 			3058.233409
g1	 47 	 3046.710255 			 0.0 			3046.710255
g1	 48 	 2971.195416 			 0.0 			2971.195416
g1	 49 	 3058.233409 			 0.0 			3058.233409
g1	 50 	 3058.233409 			 0.0 			3058.233409
g1	 51 	 3058.233409 			 0.0 			3058.233409
g1	 52 	 3058.233409 			 0.0 			3058.233409
g1	 53 	 3058.233409 			 0.0 			3058.233409
g1	 54 	 3058.233409 			 0.0 			3058.233409
g1	 55 	 3058.233409 			 0.0 			3058.233409
g1	 56 	 3058.233409 			 0.0 			3058.233409
g1	 57 	 3058.233409 			 0.0 			3058.233409
g1	 58 	 3058.233409 			 0.0 			3058.233409
g1	 59 	 3058.233409 			 0.0 			3058.233409
g1	 60 	 3058.233409 			 0.0 			3058.233409
g1	 61 	 3058.233409 			 0.0 			3058.233409
g1	 62 	 3058.233409 			 0.0 			3058.233409
g1	 63 	 3058.233409 			 0.0 			3058.233409
g1	 64 	 3058.233409 			 0.0 			3058.233409
g1	 65 	 3058.233409 			 0.0 			3058.233409
g1	 66 	 3058.233409 			 0.0 			3058.233409
g1	 67 	 3058.233409 			 0.0 			3058.233409
g1	 68 	 3058.233409 			 0.0 			3058.233409
g1	 69 	 3058.233409 			 0.0 			3058.233409
g1	 70 	 3058.233409 			 0.0 			3058.233409
g1	 71 	 3058.233409 			 0.0 			3058.233409
g1	 72 	 3058.233409 			 0.0 			3058.233409
g1	 73 	 3058.233409 			 0.0 			3058.233409
g1	 74 	 3058.233409 			 0.0 			3058.233409
g1	 75 	 3058.233409 			 0.0 			3058.233409
g1	 76 	 3058.233409 			 0.0 			3058.233409
g1	 77 	 3058.233409 			 0.0 			3058.233409
g1	 78 	 3058.233409 			 0.0 			3058.233409
g1	 79 	 3058.233409 			 0.0 			3058.233409
g1	 80 	 3058.233409 			 0.0 			3058.233409
g1	 81 	 3058.233409 			 0.0 			3058.233409
g1	 82 	 3058.233409 			 0.0 			3058.233409
g1	 83 	 3058.233409 			 0.0 			3058.233409
g1	 84 	 3058.233409 			 0.0 			3058.233409
g1	 85 	 3058.233409 			 0.0 			3058.233409
g1	 86 	 3058.233409 			 0.0 			3058.233409
g1	 87 	 3055.662594 			 0.0 			3055.662594
g1	 88 	 3058.233409 			 0.0 			3058.233409
g1	 89 	 2703.644979 			 0.0 			2703.644979
g1	 90 	 2823.35753 			 0.0 			2823.35753
g1	 91 	 2829.444489 			 0.0 			2829.444489
g1	 92 	 2792.625062 			 0.0 			2792.625062
g1	 93 	 2603.626735 			 0.0 			2603.626735
g1	 94 	 2651.230053 			 0.0 			2651.230053
g1	 95 	 2557.818674 			 0.0 			2557.818674
g1	 96 	 2632.001638 			 0.0 			2632.001638
----------------------------------------------------------------------------------------------------
g2	 1 	 0.0 			 0.0 			0.0
g2	 2 	 0.0 			 0.0 			0.0
g2	 3 	 0.0 			 0.0 			0.0
g2	 4 	 0.0 			 0.0 			0.0
g2	 5 	 0.0 			 0.0 			0.0
g2	 6 	 0.0 			 0.0 			0.0
g2	 7 	 0.0 			 0.0 			0.0
g2	 8 	 0.0 			 0.0 			0.0
g2	 9 	 0.0 			 0.0 			0.0
g2	 10 	 0.0 			 0.0 			0.0
g2	 11 	 0.0 			 0.0 			0.0
g2	 12 	 0.0 			 0.0 			0.0
g2	 13 	 0.0 			 0.0 			0.0
g2	 14 	 0.0 			 0.0 			0.0
g2	 15 	 0.0 			 0.0 			0.0
g2	 16 	 0.0 			 0.0 			0.0
g2	 17 	 0.0 			 0.0 			0.0
g2	 18 	 0.0 			 0.0 			0.0
g2	 19 	 0.0 			 0.0 			0.0
g2	 20 	 0.0 			 0.0 			0.0
g2	 21 	 0.0 			 0.0 			0.0
g2	 22 	 0.0 			 0.0 			0.0
g2	 23 	 0.0 			 0.0 			0.0
g2	 24 	 0.0 			 0.0 			0.0
g2	 25 	 0.0 			 0.0 			0.0
g2	 26 	 0.0 			 0.0 			0.0
g2	 27 	 0.0 			 0.0 			0.0
g2	 28 	 0.0 			 0.0 			0.0
g2	 29 	 0.0 			 0.0 			0.0
g2	 30 	 0.0 			 0.0 			0.0
g2	 31 	 0.0 			 0.0 			0.0
g2	 32 	 0.0 			 0.0 			0.0
g2	 33 	 0.0 			 0.0 			0.0
g2	 34 	 0.0 			 0.0 			0.0
g2	 35 	 0.0 			 0.0 			0.0
g2	 36 	 0.0 			 0.0 			0.0
g2	 37 	 0.0 			 0.0 			0.0
g2	 38 	 0.0 			 0.0 			0.0
g2	 39 	 0.0 			 0.0 			0.0
g2	 40 	 0.0 			 0.0 			0.0
g2	 41 	 0.0 			 0.0 			0.0
g2	 42 	 0.0 			 0.0 			0.0
g2	 43 	 0.0 			 0.0 			0.0
g2	 44 	 0.0 			 0.0 			0.0
g2	 45 	 0.0 			 0.0 			0.0
g2	 46 	 0.0 			 0.0 			0.0
g2	 47 	 0.0 			 0.0 			0.0
g2	 48 	 0.0 			 0.0 			0.0
g2	 49 	 0.0 			 0.0 			0.0
g2	 50 	 0.0 			 0.0 			0.0
g2	 51 	 0.0 			 0.0 			0.0
g2	 52 	 0.0 			 0.0 			0.0
g2	 53 	 0.0 			 0.0 			0.0
g2	 54 	 0.0 			 0.0 			0.0
g2	 55 	 0.0 			 0.0 			0.0
g2	 56 	 0.0 			 0.0 			0.0
g2	 57 	 0.0 			 0.0 			0.0
g2	 58 	 0.0 			 0.0 			0.0
g2	 59 	 0.0 			 0.0 			0.0
g2	 60 	 0.0 			 0.0 			0.0
g2	 61 	 0.0 			 0.0 			0.0
g2	 62 	 0.0 			 0.0 			0.0
g2	 63 	 0.0 			 0.0 			0.0
g2	 64 	 0.0 			 0.0 			0.0
g2	 65 	 0.0 			 0.0 			0.0
g2	 66 	 0.0 			 0.0 			0.0
g2	 67 	 0.0 			 0.0 			0.0
g2	 68 	 0.0 			 0.0 			0.0
g2	 69 	 0.0 			 0.0 			0.0
g2	 70 	 0.0 			 0.0 			0.0
g2	 71 	 0.0 			 0.0 			0.0
g2	 72 	 0.0 			 0.0 			0.0
g2	 73 	 0.0 			 0.0 			0.0
g2	 74 	 0.0 			 0.0 			0.0
g2	 75 	 0.0 			 0.0 			0.0
g2	 76 	 0.0 			 0.0 			0.0
g2	 77 	 0.0 			 0.0 			0.0
g2	 78 	 0.0 			 0.0 			0.0
g2	 79 	 0.0 			 0.0 			0.0
g2	 80 	 0.0 			 0.0 			0.0
g2	 81 	 0.0 			 0.0 			0.0
g2	 82 	 0.0 			 0.0 			0.0
g2	 83 	 0.0 			 0.0 			0.0
g2	 84 	 0.0 			 0.0 			0.0
g2	 85 	 0.0 			 0.0 			0.0
g2	 86 	 0.0 			 0.0 			0.0
g2	 87 	 0.0 			 0.0 			0.0
g2	 88 	 0.0 			 0.0 			0.0
g2	 89 	 0.0 			 0.0 			0.0
g2	 90 	 0.0 			 0.0 			0.0
g2	 91 	 0.0 			 0.0 			0.0
g2	 92 	 0.0 			 0.0 			0.0
g2	 93 	 0.0 			 0.0 			0.0
g2	 94 	 0.0 			 0.0 			0.0
g2	 95 	 0.0 			 0.0 			0.0
g2	 96 	 0.0 			 0.0 			0.0
----------------------------------------------------------------------------------------------------
g3	 1 	 0.0 			 0.0 			0.0
g3	 2 	 0.0 			 0.0 			0.0
g3	 3 	 0.0 			 0.0 			0.0
g3	 4 	 0.0 			 0.0 			0.0
g3	 5 	 0.0 			 0.0 			0.0
g3	 6 	 0.0 			 0.0 			0.0
g3	 7 	 0.0 			 0.0 			0.0
g3	 8 	 0.0 			 0.0 			0.0
g3	 9 	 0.0 			 0.0 			0.0
g3	 10 	 0.0 			 0.0 			0.0
g3	 11 	 0.0 			 0.0 			0.0
g3	 12 	 0.0 			 0.0 			0.0
g3	 13 	 0.0 			 0.0 			0.0
g3	 14 	 0.0 			 0.0 			0.0
g3	 15 	 0.0 			 0.0 			0.0
g3	 16 	 0.0 			 0.0 			0.0
g3	 17 	 0.0 			 0.0 			0.0
g3	 18 	 0.0 			 0.0 			0.0
g3	 19 	 0.0 			 0.0 			0.0
g3	 20 	 0.0 			 0.0 			0.0
g3	 21 	 0.0 			 0.0 			0.0
g3	 22 	 0.0 			 0.0 			0.0
g3	 23 	 0.0 			 0.0 			0.0
g3	 24 	 0.0 			 0.0 			0.0
g3	 25 	 0.0 			 0.0 			0.0
g3	 26 	 0.0 			 0.0 			0.0
g3	 27 	 0.0 			 0.0 			0.0
g3	 28 	 0.0 			 0.0 			0.0
g3	 29 	 0.0 			 0.0 			0.0
g3	 30 	 0.0 			 0.0 			0.0
g3	 31 	 0.0 			 0.0 			0.0
g3	 32 	 0.0 			 0.0 			0.0
g3	 33 	 350.954412 			 4595.43 			4946.384412
g3	 34 	 350.954412 			 0.0 			350.954412
g3	 35 	 350.954412 			 0.0 			350.954412
g3	 36 	 350.954412 			 0.0 			350.954412
g3	 37 	 350.954412 			 0.0 			350.954412
g3	 38 	 350.954412 			 0.0 			350.954412
g3	 39 	 350.954412 			 0.0 			350.954412
g3	 40 	 350.954412 			 0.0 			350.954412
g3	 41 	 350.954412 			 0.0 			350.954412
g3	 42 	 350.954412 			 0.0 			350.954412
g3	 43 	 350.954412 			 0.0 			350.954412
g3	 44 	 350.954412 			 0.0 			350.954412
g3	 45 	 350.954412 			 0.0 			350.954412
g3	 46 	 350.954412 			 0.0 			350.954412
g3	 47 	 350.954412 			 0.0 			350.954412
g3	 48 	 350.954412 			 0.0 			350.954412
g3	 49 	 471.53648 			 0.0 			471.53648
g3	 50 	 350.954412 			 0.0 			350.954412
g3	 51 	 368.777399 			 0.0 			368.777399
g3	 52 	 350.954412 			 0.0 			350.954412
g3	 53 	 514.137447 			 0.0 			514.137447
g3	 54 	 493.916988 			 0.0 			493.916988
g3	 55 	 424.915639 			 0.0 			424.915639
g3	 56 	 534.890364 			 0.0 			534.890364
g3	 57 	 591.464889 			 0.0 			591.464889
g3	 58 	 591.464889 			 0.0 			591.464889
g3	 59 	 440.8144 			 0.0 			440.8144
g3	 60 	 562.644144 			 0.0 			562.644144
g3	 61 	 591.464889 			 0.0 			591.464889
g3	 62 	 591.464889 			 0.0 			591.464889
g3	 63 	 543.765751 			 0.0 			543.765751
g3	 64 	 494.020847 			 0.0 			494.020847
g3	 65 	 676.790024 			 0.0 			676.790024
g3	 66 	 591.464889 			 0.0 			591.464889
g3	 67 	 591.464889 			 0.0 			591.464889
g3	 68 	 591.464889 			 0.0 			591.464889
g3	 69 	 591.464889 			 0.0 			591.464889
g3	 70 	 591.464889 			 0.0 			591.464889
g3	 71 	 620.284468 			 0.0 			620.284468
g3	 72 	 591.464889 			 0.0 			591.464889
g3	 73 	 485.601523 			 0.0 			485.601523
g3	 74 	 438.496279 			 0.0 			438.496279
g3	 75 	 591.464889 			 0.0 			591.464889
g3	 76 	 423.545975 			 0.0 			423.545975
g3	 77 	 350.954412 			 0.0 			350.954412
g3	 78 	 350.954412 			 0.0 			350.954412
g3	 79 	 366.296577 			 0.0 			366.296577
g3	 80 	 406.209068 			 0.0 			406.209068
g3	 81 	 350.954412 			 0.0 			350.954412
g3	 82 	 350.954412 			 0.0 			350.954412
g3	 83 	 350.954412 			 0.0 			350.954412
g3	 84 	 350.954412 			 0.0 			350.954412
g3	 85 	 0.0 			 0.0 			0.0
g3	 86 	 0.0 			 0.0 			0.0
g3	 87 	 0.0 			 0.0 			0.0
g3	 88 	 0.0 			 0.0 			0.0
g3	 89 	 0.0 			 0.0 			0.0
g3	 90 	 0.0 			 0.0 			0.0
g3	 91 	 0.0 			 0.0 			0.0
g3	 92 	 0.0 			 0.0 			0.0
g3	 93 	 0.0 			 0.0 			0.0
g3	 94 	 0.0 			 0.0 			0.0
g3	 95 	 0.0 			 0.0 			0.0
g3	 96 	 0.0 			 0.0 			0.0
----------------------------------------------------------------------------------------------------
g4	 1 	 0.0 			 0.0 			0.0
g4	 2 	 0.0 			 0.0 			0.0
g4	 3 	 0.0 			 0.0 			0.0
g4	 4 	 0.0 			 0.0 			0.0
g4	 5 	 0.0 			 0.0 			0.0
g4	 6 	 0.0 			 0.0 			0.0
g4	 7 	 0.0 			 0.0 			0.0
g4	 8 	 0.0 			 0.0 			0.0
g4	 9 	 0.0 			 0.0 			0.0
g4	 10 	 0.0 			 0.0 			0.0
g4	 11 	 0.0 			 0.0 			0.0
g4	 12 	 0.0 			 0.0 			0.0
g4	 13 	 0.0 			 0.0 			0.0
g4	 14 	 0.0 			 0.0 			0.0
g4	 15 	 0.0 			 0.0 			0.0
g4	 16 	 0.0 			 0.0 			0.0
g4	 17 	 0.0 			 0.0 			0.0
g4	 18 	 0.0 			 0.0 			0.0
g4	 19 	 0.0 			 0.0 			0.0
g4	 20 	 0.0 			 0.0 			0.0
g4	 21 	 0.0 			 0.0 			0.0
g4	 22 	 0.0 			 0.0 			0.0
g4	 23 	 0.0 			 0.0 			0.0
g4	 24 	 0.0 			 0.0 			0.0
g4	 25 	 0.0 			 0.0 			0.0
g4	 26 	 0.0 			 0.0 			0.0
g4	 27 	 0.0 			 0.0 			0.0
g4	 28 	 0.0 			 0.0 			0.0
g4	 29 	 0.0 			 0.0 			0.0
g4	 30 	 0.0 			 0.0 			0.0
g4	 31 	 0.0 			 0.0 			0.0
g4	 32 	 0.0 			 0.0 			0.0
g4	 33 	 0.0 			 0.0 			0.0
g4	 34 	 0.0 			 0.0 			0.0
g4	 35 	 0.0 			 0.0 			0.0
g4	 36 	 0.0 			 0.0 			0.0
g4	 37 	 0.0 			 0.0 			0.0
g4	 38 	 0.0 			 0.0 			0.0
g4	 39 	 0.0 			 0.0 			0.0
g4	 40 	 0.0 			 0.0 			0.0
g4	 41 	 0.0 			 0.0 			0.0
g4	 42 	 0.0 			 0.0 			0.0
g4	 43 	 0.0 			 0.0 			0.0
g4	 44 	 0.0 			 0.0 			0.0
g4	 45 	 0.0 			 0.0 			0.0
g4	 46 	 0.0 			 0.0 			0.0
g4	 47 	 0.0 			 0.0 			0.0
g4	 48 	 0.0 			 0.0 			0.0
g4	 49 	 0.0 			 0.0 			0.0
g4	 50 	 0.0 			 0.0 			0.0
g4	 51 	 0.0 			 0.0 			0.0
g4	 52 	 0.0 			 0.0 			0.0
g4	 53 	 0.0 			 0.0 			0.0
g4	 54 	 0.0 			 0.0 			0.0
g4	 55 	 0.0 			 0.0 			0.0
g4	 56 	 0.0 			 0.0 			0.0
g4	 57 	 0.0 			 0.0 			0.0
g4	 58 	 0.0 			 0.0 			0.0
g4	 59 	 0.0 			 0.0 			0.0
g4	 60 	 0.0 			 0.0 			0.0
g4	 61 	 0.0 			 0.0 			0.0
g4	 62 	 0.0 			 0.0 			0.0
g4	 63 	 0.0 			 0.0 			0.0
g4	 64 	 0.0 			 0.0 			0.0
g4	 65 	 0.0 			 0.0 			0.0
g4	 66 	 0.0 			 0.0 			0.0
g4	 67 	 0.0 			 0.0 			0.0
g4	 68 	 0.0 			 0.0 			0.0
g4	 69 	 0.0 			 0.0 			0.0
g4	 70 	 0.0 			 0.0 			0.0
g4	 71 	 0.0 			 0.0 			0.0
g4	 72 	 0.0 			 0.0 			0.0
g4	 73 	 0.0 			 0.0 			0.0
g4	 74 	 0.0 			 0.0 			0.0
g4	 75 	 0.0 			 0.0 			0.0
g4	 76 	 0.0 			 0.0 			0.0
g4	 77 	 0.0 			 0.0 			0.0
g4	 78 	 0.0 			 0.0 			0.0
g4	 79 	 0.0 			 0.0 			0.0
g4	 80 	 0.0 			 0.0 			0.0
g4	 81 	 0.0 			 0.0 			0.0
g4	 82 	 0.0 			 0.0 			0.0
g4	 83 	 0.0 			 0.0 			0.0
g4	 84 	 0.0 			 0.0 			0.0
g4	 85 	 0.0 			 0.0 			0.0
g4	 86 	 0.0 			 0.0 			0.0
g4	 87 	 0.0 			 0.0 			0.0
g4	 88 	 0.0 			 0.0 			0.0
g4	 89 	 0.0 			 0.0 			0.0
g4	 90 	 0.0 			 0.0 			0.0
g4	 91 	 0.0 			 0.0 			0.0
g4	 92 	 0.0 			 0.0 			0.0
g4	 93 	 0.0 			 0.0 			0.0
g4	 94 	 0.0 			 0.0 			0.0
g4	 95 	 0.0 			 0.0 			0.0
g4	 96 	 0.0 			 0.0 			0.0
----------------------------------------------------------------------------------------------------
g5	 1 	 0.0 			 0.0 			0.0
g5	 2 	 0.0 			 0.0 			0.0
g5	 3 	 0.0 			 0.0 			0.0
g5	 4 	 0.0 			 0.0 			0.0
g5	 5 	 0.0 			 0.0 			0.0
g5	 6 	 0.0 			 0.0 			0.0
g5	 7 	 0.0 			 0.0 			0.0
g5	 8 	 0.0 			 0.0 			0.0
g5	 9 	 0.0 			 0.0 			0.0
g5	 10 	 0.0 			 0.0 			0.0
g5	 11 	 0.0 			 0.0 			0.0
g5	 12 	 0.0 			 0.0 			0.0
g5	 13 	 0.0 			 0.0 			0.0
g5	 14 	 0.0 			 0.0 			0.0
g5	 15 	 0.0 			 0.0 			0.0
g5	 16 	 0.0 			 0.0 			0.0
g5	 17 	 0.0 			 0.0 			0.0
g5	 18 	 0.0 			 0.0 			0.0
g5	 19 	 0.0 			 0.0 			0.0
g5	 20 	 0.0 			 0.0 			0.0
g5	 21 	 0.0 			 0.0 			0.0
g5	 22 	 0.0 			 0.0 			0.0
g5	 23 	 0.0 			 0.0 			0.0
g5	 24 	 0.0 			 0.0 			0.0
g5	 25 	 348.846531 			 6821.79 			7170.636531
g5	 26 	 348.846531 			 0.0 			348.846531
g5	 27 	 348.846531 			 0.0 			348.846531
g5	 28 	 348.846531 			 0.0 			348.846531
g5	 29 	 348.846531 			 0.0 			348.846531
g5	 30 	 348.846531 			 0.0 			348.846531
g5	 31 	 348.846531 			 0.0 			348.846531
g5	 32 	 348.846531 			 0.0 			348.846531
g5	 33 	 348.846531 			 0.0 			348.846531
g5	 34 	 348.846531 			 0.0 			348.846531
g5	 35 	 348.846531 			 0.0 			348.846531
g5	 36 	 348.846531 			 0.0 			348.846531
g5	 37 	 348.846531 			 0.0 			348.846531
g5	 38 	 348.846531 			 0.0 			348.846531
g5	 39 	 348.846531 			 0.0 			348.846531
g5	 40 	 348.846531 			 0.0 			348.846531
g5	 41 	 348.846531 			 0.0 			348.846531
g5	 42 	 348.846531 			 0.0 			348.846531
g5	 43 	 348.846531 			 0.0 			348.846531
g5	 44 	 348.846531 			 0.0 			348.846531
g5	 45 	 348.846531 			 0.0 			348.846531
g5	 46 	 367.604496 			 0.0 			367.604496
g5	 47 	 348.846531 			 0.0 			348.846531
g5	 48 	 348.846531 			 0.0 			348.846531
g5	 49 	 513.766082 			 0.0 			513.766082
g5	 50 	 479.316491 			 0.0 			479.316491
g5	 51 	 578.049724 			 0.0 			578.049724
g5	 52 	 525.077996 			 0.0 			525.077996
g5	 53 	 578.049724 			 0.0 			578.049724
g5	 54 	 578.049724 			 0.0 			578.049724
g5	 55 	 578.049724 			 0.0 			578.049724
g5	 56 	 578.049724 			 0.0 			578.049724
g5	 57 	 682.878619 			 0.0 			682.878619
g5	 58 	 625.727797 			 0.0 			625.727797
g5	 59 	 578.049724 			 0.0 			578.049724
g5	 60 	 578.049724 			 0.0 			578.049724
g5	 61 	 603.677204 			 0.0 			603.677204
g5	 62 	 677.051335 			 0.0 			677.051335
g5	 63 	 578.049724 			 0.0 			578.049724
g5	 64 	 578.049724 			 0.0 			578.049724
g5	 65 	 799.477721 			 0.0 			799.477721
g5	 66 	 635.932442 			 0.0 			635.932442
g5	 67 	 610.933048 			 0.0 			610.933048
g5	 68 	 701.43836 			 0.0 			701.43836
g5	 69 	 779.071104 			 0.0 			779.071104
g5	 70 	 599.344309 			 0.0 			599.344309
g5	 71 	 820.772306 			 0.0 			820.772306
g5	 72 	 610.39378 			 0.0 			610.39378
g5	 73 	 578.049724 			 0.0 			578.049724
g5	 74 	 578.049724 			 0.0 			578.049724
g5	 75 	 589.569763 			 0.0 			589.569763
g5	 76 	 578.049724 			 0.0 			578.049724
g5	 77 	 515.115824 			 0.0 			515.115824
g5	 78 	 494.75912 			 0.0 			494.75912
g5	 79 	 578.049724 			 0.0 			578.049724
g5	 80 	 576.78422 			 0.0 			576.78422
g5	 81 	 411.864669 			 0.0 			411.864669
g5	 82 	 471.271574 			 0.0 			471.271574
g5	 83 	 401.847779 			 0.0 			401.847779
g5	 84 	 434.291497 			 0.0 			434.291497
g5	 85 	 560.231233 			 0.0 			560.231233
g5	 86 	 608.335335 			 0.0 			608.335335
g5	 87 	 453.240247 			 0.0 			453.240247
g5	 88 	 631.903214 			 0.0 			631.903214
g5	 89 	 453.240247 			 0.0 			453.240247
g5	 90 	 348.846531 			 0.0 			348.846531
g5	 91 	 348.846531 			 0.0 			348.846531
g5	 92 	 348.846531 			 0.0 			348.846531
g5	 93 	 348.846531 			 0.0 			348.846531
g5	 94 	 348.846531 			 0.0 			348.846531
g5	 95 	 348.846531 			 0.0 			348.846531
g5	 96 	 348.846531 			 0.0 			348.846531
----------------------------------------------------------------------------------------------------
 
unit 	 generation 	 generation cost 	 start-up cost 	 total cost
----------------------------------------------------------------------------------------------------
g1 	 6967.394564			259872.300819			 0.000000		 259872.300819
g2 	 0.000000			0.000000			 0.000000		 0.000000
g3 	 388.084476			23195.663040			 4595.430000		 27791.093040
g4 	 0.000000			0.000000			 0.000000		 0.000000
g5 	 624.060158			34614.960154			 6821.790000		 41436.750154
----------------------------------------------------------------------------------------------------
 
generation cost 	 start-up cost 		 total cost
----------------------------------------------------------------------------------------------------
317682.92401300033 			 11417.220000000001 			 329100.1440130002
----------------------------------------------------------------------------------------------------
uplift payment for generator g1: 0.0
uplift payment for generator g2: 0.0
uplift payment for generator g3: 7703.518213
uplift payment for generator g4: 0.0
uplift payment for generator g5: 10006.590727
 
****************************************************************************************************
 
rtm Systemwide prices
----------------------------------------------------------------------------------------------------
time	 energy 	 up-FRP 	 dw-FRP
----------------------------------------------------------------------------------------------------
1 	 9.614507 		 0.0 		 0.0
2 	 9.614507 		 0.0 		 0.0
3 	 9.614507 		 0.0 		 0.0
4 	 9.614507 		 0.0 		 0.0
5 	 9.408671 		 0.0 		 0.0
6 	 9.408671 		 0.0 		 0.0
7 	 9.408671 		 0.0 		 0.0
8 	 9.408671 		 0.0 		 0.0
9 	 9.408671 		 0.0 		 0.0
10 	 9.408671 		 0.0 		 0.0
11 	 9.408671 		 0.0 		 0.0
12 	 9.408671 		 0.0 		 0.0
13 	 9.408671 		 0.0 		 0.0
14 	 9.408671 		 0.0 		 0.0
15 	 9.408671 		 0.0 		 0.0
16 	 9.408671 		 0.0 		 0.0
17 	 9.408671 		 0.0 		 0.0
18 	 9.408671 		 0.0 		 0.0
19 	 9.408671 		 0.0 		 0.0
20 	 9.408671 		 0.0 		 0.0
21 	 9.408671 		 0.0 		 0.0
22 	 9.408671 		 0.0 		 0.0
23 	 9.408671 		 0.0 		 0.0
24 	 9.408671 		 0.0 		 0.0
25 	 9.614507 		 0.0 		 0.0
26 	 9.408671 		 0.0 		 0.0
27 	 9.408671 		 0.0 		 0.0
28 	 9.408671 		 0.0 		 0.0
29 	 9.614507 		 0.0 		 0.0
30 	 9.614507 		 0.0 		 0.0
31 	 9.614507 		 0.0 		 0.0
32 	 9.614507 		 0.0 		 0.0
33 	 9.614507 		 0.0 		 0.0
34 	 9.614507 		 0.0 		 0.0
35 	 9.614507 		 0.0 		 0.0
36 	 9.614507 		 0.0 		 0.0
37 	 9.614507 		 0.0 		 0.0
38 	 9.614507 		 0.0 		 0.0
39 	 9.614507 		 0.0 		 0.0
40 	 9.614507 		 0.0 		 0.0
41 	 9.614507 		 0.0 		 0.0
42 	 9.614507 		 0.0 		 0.0
43 	 9.614507 		 0.0 		 0.0
44 	 9.614507 		 0.0 		 0.0
45 	 9.614507 		 0.0 		 0.0
46 	 11.022192 		 0.0 		 0.0
47 	 9.614507 		 0.0 		 0.0
48 	 9.614507 		 0.0 		 0.0
49 	 11.862367 		 0.0 		 0.0
50 	 11.022192 		 0.0 		 0.0
51 	 11.862367 		 0.0 		 0.0
52 	 11.022192 		 0.0 		 0.0
53 	 11.862367 		 0.0 		 0.0
54 	 11.862367 		 0.0 		 0.0
55 	 11.862367 		 0.0 		 0.0
56 	 11.862367 		 0.0 		 0.0
57 	 14.798864 		 0.0 		 0.0
58 	 14.798864 		 0.0 		 0.0
59 	 11.862367 		 0.0 		 0.0
60 	 11.862367 		 0.0 		 0.0
61 	 14.798864 		 0.0 		 0.0
62 	 14.798864 		 0.0 		 0.0
63 	 11.862367 		 0.0 		 0.0
64 	 11.862367 		 0.0 		 0.0
65 	 17.522743 		 0.0 		 0.0
66 	 14.798864 		 0.0 		 0.0
67 	 14.798864 		 0.0 		 0.0
68 	 14.798864 		 0.0 		 0.0
69 	 14.798864 		 0.0 		 0.0
70 	 12.074984 		 0.0 		 0.0
71 	 17.522743 		 0.0 		 0.0
72 	 14.798864 		 0.0 		 0.0
73 	 11.862367 		 0.0 		 0.0
74 	 11.862367 		 0.0 		 0.0
75 	 14.798864 		 0.0 		 0.0
76 	 11.862367 		 0.0 		 0.0
77 	 11.022192 		 0.0 		 0.0
78 	 11.022192 		 0.0 		 0.0
79 	 11.862367 		 0.0 		 0.0
80 	 11.862367 		 0.0 		 0.0
81 	 10.182017 		 0.0 		 0.0
82 	 11.022192 		 0.0 		 0.0
83 	 11.022192 		 0.0 		 0.0
84 	 11.022192 		 0.0 		 0.0
85 	 11.022192 		 0.0 		 0.0
86 	 14.798864 		 0.0 		 0.0
87 	 9.614507 		 0.0 		 0.0
88 	 17.614233 		 0.0 		 0.0
89 	 9.614507 		 0.0 		 0.0
90 	 9.614507 		 0.0 		 0.0
91 	 9.614507 		 0.0 		 0.0
92 	 9.614507 		 0.0 		 0.0
93 	 9.614507 		 0.0 		 0.0
94 	 9.614507 		 0.0 		 0.0
95 	 9.614507 		 0.0 		 0.0
96 	 9.614507 		 0.0 		 0.0
 
****************************************************************************************************
 
rtm Post-uplift payments
----------------------------------------------------------------------------------------------------------------------------------------------------
unit 	 generation payment 	 up-FRP payment 	 dw-FRP payment 	pre-up t. payment 	 uplift payments 	 post-up t. payment 	 profit
----------------------------------------------------------------------------------------------------------------------------------------------------
 g1 	 17821.061592			 0.000000			 0.000000			 17821.061592			 0.000000			 17821.061592		 62996.199487
 g2 	 0.000000			 0.000000			 0.000000			 0.000000			 0.000000			 0.000000		 0.000000
 g3 	 1239.128407			 0.000000			 0.000000			 1239.128407			 7703.518213			 8942.646620		 0.000000
 g4 	 0.000000			 0.000000			 0.000000			 0.000000			 0.000000			 0.000000		 0.000000
 g5 	 2246.560823			 0.000000			 0.000000			 2246.560823			 10006.590727			 12253.151550		 0.000000
****************************************************************************************************
 
Total generator payments
----------------------------------------------------------------------------------------------------------------------------------------------------
unit 	 generation payment 	 up-FRP payment 	 dw-FRP payment 	pre-up t. payment 	 uplift payments 	 post-up t. payment 	 profit
----------------------------------------------------------------------------------------------------------------------------------------------------
 g1 	 322868.500306			 0.000000			 0.000000			 322868.500306			 0.000000			 322868.500306		 62996.199487
 g2 	 0.000000			 0.000000			 0.000000			 0.000000			 0.000000			 0.000000		 0.000000
 g3 	 20087.574827			 0.000000			 0.000000			 20087.574827			 7703.518213			 27791.093040		 0.000000
 g4 	 0.000000			 0.000000			 0.000000			 0.000000			 0.000000			 0.000000		 0.000000
 g5 	 31430.159427			 0.000000			 0.000000			 31430.159427			 10006.590727			 41436.750154		 0.000000
 
****************************************************************************************************
 
rtm LMP
----------------------------------------------------------------------------------------------------
bus name 	 time 		 LMP
----------------------------------------------------------------------------------------------------
b1 		 1 		 9.614507
b1 		 2 		 9.614507
b1 		 3 		 9.614507
b1 		 4 		 9.614507
b1 		 5 		 9.408671
b1 		 6 		 9.408671
b1 		 7 		 9.408671
b1 		 8 		 9.408671
b1 		 9 		 9.408671
b1 		 10 		 9.408671
b1 		 11 		 9.408671
b1 		 12 		 9.408671
b1 		 13 		 9.408671
b1 		 14 		 9.408671
b1 		 15 		 9.408671
b1 		 16 		 9.408671
b1 		 17 		 9.408671
b1 		 18 		 9.408671
b1 		 19 		 9.408671
b1 		 20 		 9.408671
b1 		 21 		 9.408671
b1 		 22 		 9.408671
b1 		 23 		 9.408671
b1 		 24 		 9.408671
b1 		 25 		 9.614507
b1 		 26 		 9.408671
b1 		 27 		 9.408671
b1 		 28 		 9.408671
b1 		 29 		 9.614507
b1 		 30 		 9.614507
b1 		 31 		 9.614507
b1 		 32 		 9.614507
b1 		 33 		 9.614507
b1 		 34 		 9.614507
b1 		 35 		 9.614507
b1 		 36 		 9.614507
b1 		 37 		 9.614507
b1 		 38 		 9.614507
b1 		 39 		 9.614507
b1 		 40 		 9.614507
b1 		 41 		 9.614507
b1 		 42 		 9.614507
b1 		 43 		 9.614507
b1 		 44 		 9.614507
b1 		 45 		 9.614507
b1 		 46 		 11.022192
b1 		 47 		 9.614507
b1 		 48 		 9.614507
b1 		 49 		 11.862367
b1 		 50 		 11.022192
b1 		 51 		 11.862367
b1 		 52 		 11.022192
b1 		 53 		 11.862367
b1 		 54 		 11.862367
b1 		 55 		 11.862367
b1 		 56 		 11.862367
b1 		 57 		 14.798864
b1 		 58 		 14.798864
b1 		 59 		 11.862367
b1 		 60 		 11.862367
b1 		 61 		 14.798864
b1 		 62 		 14.798864
b1 		 63 		 11.862367
b1 		 64 		 11.862367
b1 		 65 		 17.522743
b1 		 66 		 14.798864
b1 		 67 		 14.798864
b1 		 68 		 14.798864
b1 		 69 		 14.798864
b1 		 70 		 12.074984
b1 		 71 		 17.522743
b1 		 72 		 14.798864
b1 		 73 		 11.862367
b1 		 74 		 11.862367
b1 		 75 		 14.798864
b1 		 76 		 11.862367
b1 		 77 		 11.022192
b1 		 78 		 11.022192
b1 		 79 		 11.862367
b1 		 80 		 11.862367
b1 		 81 		 10.182017
b1 		 82 		 11.022192
b1 		 83 		 11.022192
b1 		 84 		 11.022192
b1 		 85 		 11.022192
b1 		 86 		 14.798864
b1 		 87 		 9.614507
b1 		 88 		 17.614233
b1 		 89 		 9.614507
b1 		 90 		 9.614507
b1 		 91 		 9.614507
b1 		 92 		 9.614507
b1 		 93 		 9.614507
b1 		 94 		 9.614507
b1 		 95 		 9.614507
b1 		 96 		 9.614507
----------------------------------------------------------------------------------------------------
b2 		 1 		 9.614507
b2 		 2 		 9.614507
b2 		 3 		 9.614507
b2 		 4 		 9.614507
b2 		 5 		 9.408671
b2 		 6 		 9.408671
b2 		 7 		 9.408671
b2 		 8 		 9.408671
b2 		 9 		 9.408671
b2 		 10 		 9.408671
b2 		 11 		 9.408671
b2 		 12 		 9.408671
b2 		 13 		 9.408671
b2 		 14 		 9.408671
b2 		 15 		 9.408671
b2 		 16 		 9.408671
b2 		 17 		 9.408671
b2 		 18 		 9.408671
b2 		 19 		 9.408671
b2 		 20 		 9.408671
b2 		 21 		 9.408671
b2 		 22 		 9.408671
b2 		 23 		 9.408671
b2 		 24 		 9.408671
b2 		 25 		 9.614507
b2 		 26 		 9.408671
b2 		 27 		 9.408671
b2 		 28 		 9.408671
b2 		 29 		 9.614507
b2 		 30 		 9.614507
b2 		 31 		 9.614507
b2 		 32 		 9.614507
b2 		 33 		 9.614507
b2 		 34 		 9.614507
b2 		 35 		 9.614507
b2 		 36 		 9.614507
b2 		 37 		 9.614507
b2 		 38 		 9.614507
b2 		 39 		 9.614507
b2 		 40 		 9.614507
b2 		 41 		 9.614507
b2 		 42 		 9.614507
b2 		 43 		 9.614507
b2 		 44 		 9.614507
b2 		 45 		 9.614507
b2 		 46 		 11.022192
b2 		 47 		 9.614507
b2 		 48 		 9.614507
b2 		 49 		 11.862367
b2 		 50 		 11.022192
b2 		 51 		 11.862367
b2 		 52 		 11.022192
b2 		 53 		 11.862367
b2 		 54 		 11.862367
b2 		 55 		 11.862367
b2 		 56 		 11.862367
b2 		 57 		 14.798864
b2 		 58 		 14.798864
b2 		 59 		 11.862367
b2 		 60 		 11.862367
b2 		 61 		 14.798864
b2 		 62 		 14.798864
b2 		 63 		 11.862367
b2 		 64 		 11.862367
b2 		 65 		 17.522743
b2 		 66 		 14.798864
b2 		 67 		 14.798864
b2 		 68 		 14.798864
b2 		 69 		 14.798864
b2 		 70 		 12.074984
b2 		 71 		 17.522743
b2 		 72 		 14.798864
b2 		 73 		 11.862367
b2 		 74 		 11.862367
b2 		 75 		 14.798864
b2 		 76 		 11.862367
b2 		 77 		 11.022192
b2 		 78 		 11.022192
b2 		 79 		 11.862367
b2 		 80 		 11.862367
b2 		 81 		 10.182017
b2 		 82 		 11.022192
b2 		 83 		 11.022192
b2 		 84 		 11.022192
b2 		 85 		 11.022192
b2 		 86 		 14.798864
b2 		 87 		 9.614507
b2 		 88 		 17.614233
b2 		 89 		 9.614507
b2 		 90 		 9.614507
b2 		 91 		 9.614507
b2 		 92 		 9.614507
b2 		 93 		 9.614507
b2 		 94 		 9.614507
b2 		 95 		 9.614507
b2 		 96 		 9.614507
----------------------------------------------------------------------------------------------------
b3 		 1 		 9.614507
b3 		 2 		 9.614507
b3 		 3 		 9.614507
b3 		 4 		 9.614507
b3 		 5 		 9.408671
b3 		 6 		 9.408671
b3 		 7 		 9.408671
b3 		 8 		 9.408671
b3 		 9 		 9.408671
b3 		 10 		 9.408671
b3 		 11 		 9.408671
b3 		 12 		 9.408671
b3 		 13 		 9.408671
b3 		 14 		 9.408671
b3 		 15 		 9.408671
b3 		 16 		 9.408671
b3 		 17 		 9.408671
b3 		 18 		 9.408671
b3 		 19 		 9.408671
b3 		 20 		 9.408671
b3 		 21 		 9.408671
b3 		 22 		 9.408671
b3 		 23 		 9.408671
b3 		 24 		 9.408671
b3 		 25 		 9.614507
b3 		 26 		 9.408671
b3 		 27 		 9.408671
b3 		 28 		 9.408671
b3 		 29 		 9.614507
b3 		 30 		 9.614507
b3 		 31 		 9.614507
b3 		 32 		 9.614507
b3 		 33 		 9.614507
b3 		 34 		 9.614507
b3 		 35 		 9.614507
b3 		 36 		 9.614507
b3 		 37 		 9.614507
b3 		 38 		 9.614507
b3 		 39 		 9.614507
b3 		 40 		 9.614507
b3 		 41 		 9.614507
b3 		 42 		 9.614507
b3 		 43 		 9.614507
b3 		 44 		 9.614507
b3 		 45 		 9.614507
b3 		 46 		 11.022192
b3 		 47 		 9.614507
b3 		 48 		 9.614507
b3 		 49 		 11.862367
b3 		 50 		 11.022192
b3 		 51 		 11.862367
b3 		 52 		 11.022192
b3 		 53 		 11.862367
b3 		 54 		 11.862367
b3 		 55 		 11.862367
b3 		 56 		 11.862367
b3 		 57 		 14.798864
b3 		 58 		 14.798864
b3 		 59 		 11.862367
b3 		 60 		 11.862367
b3 		 61 		 14.798864
b3 		 62 		 14.798864
b3 		 63 		 11.862367
b3 		 64 		 11.862367
b3 		 65 		 17.522743
b3 		 66 		 14.798864
b3 		 67 		 14.798864
b3 		 68 		 14.798864
b3 		 69 		 14.798864
b3 		 70 		 12.074984
b3 		 71 		 17.522743
b3 		 72 		 14.798864
b3 		 73 		 11.862367
b3 		 74 		 11.862367
b3 		 75 		 14.798864
b3 		 76 		 11.862367
b3 		 77 		 11.022192
b3 		 78 		 11.022192
b3 		 79 		 11.862367
b3 		 80 		 11.862367
b3 		 81 		 10.182017
b3 		 82 		 11.022192
b3 		 83 		 11.022192
b3 		 84 		 11.022192
b3 		 85 		 11.022192
b3 		 86 		 14.798864
b3 		 87 		 9.614507
b3 		 88 		 17.614233
b3 		 89 		 9.614507
b3 		 90 		 9.614507
b3 		 91 		 9.614507
b3 		 92 		 9.614507
b3 		 93 		 9.614507
b3 		 94 		 9.614507
b3 		 95 		 9.614507
b3 		 96 		 9.614507
----------------------------------------------------------------------------------------------------
b4 		 1 		 9.614507
b4 		 2 		 9.614507
b4 		 3 		 9.614507
b4 		 4 		 9.614507
b4 		 5 		 9.408671
b4 		 6 		 9.408671
b4 		 7 		 9.408671
b4 		 8 		 9.408671
b4 		 9 		 9.408671
b4 		 10 		 9.408671
b4 		 11 		 9.408671
b4 		 12 		 9.408671
b4 		 13 		 9.408671
b4 		 14 		 9.408671
b4 		 15 		 9.408671
b4 		 16 		 9.408671
b4 		 17 		 9.408671
b4 		 18 		 9.408671
b4 		 19 		 9.408671
b4 		 20 		 9.408671
b4 		 21 		 9.408671
b4 		 22 		 9.408671
b4 		 23 		 9.408671
b4 		 24 		 9.408671
b4 		 25 		 9.614507
b4 		 26 		 9.408671
b4 		 27 		 9.408671
b4 		 28 		 9.408671
b4 		 29 		 9.614507
b4 		 30 		 9.614507
b4 		 31 		 9.614507
b4 		 32 		 9.614507
b4 		 33 		 9.614507
b4 		 34 		 9.614507
b4 		 35 		 9.614507
b4 		 36 		 9.614507
b4 		 37 		 9.614507
b4 		 38 		 9.614507
b4 		 39 		 9.614507
b4 		 40 		 9.614507
b4 		 41 		 9.614507
b4 		 42 		 9.614507
b4 		 43 		 9.614507
b4 		 44 		 9.614507
b4 		 45 		 9.614507
b4 		 46 		 11.022192
b4 		 47 		 9.614507
b4 		 48 		 9.614507
b4 		 49 		 11.862367
b4 		 50 		 11.022192
b4 		 51 		 11.862367
b4 		 52 		 11.022192
b4 		 53 		 11.862367
b4 		 54 		 11.862367
b4 		 55 		 11.862367
b4 		 56 		 11.862367
b4 		 57 		 14.798864
b4 		 58 		 14.798864
b4 		 59 		 11.862367
b4 		 60 		 11.862367
b4 		 61 		 14.798864
b4 		 62 		 14.798864
b4 		 63 		 11.862367
b4 		 64 		 11.862367
b4 		 65 		 17.522743
b4 		 66 		 14.798864
b4 		 67 		 14.798864
b4 		 68 		 14.798864
b4 		 69 		 14.798864
b4 		 70 		 12.074984
b4 		 71 		 17.522743
b4 		 72 		 14.798864
b4 		 73 		 11.862367
b4 		 74 		 11.862367
b4 		 75 		 14.798864
b4 		 76 		 11.862367
b4 		 77 		 11.022192
b4 		 78 		 11.022192
b4 		 79 		 11.862367
b4 		 80 		 11.862367
b4 		 81 		 10.182017
b4 		 82 		 11.022192
b4 		 83 		 11.022192
b4 		 84 		 11.022192
b4 		 85 		 11.022192
b4 		 86 		 14.798864
b4 		 87 		 9.614507
b4 		 88 		 17.614233
b4 		 89 		 9.614507
b4 		 90 		 9.614507
b4 		 91 		 9.614507
b4 		 92 		 9.614507
b4 		 93 		 9.614507
b4 		 94 		 9.614507
b4 		 95 		 9.614507
b4 		 96 		 9.614507
----------------------------------------------------------------------------------------------------
b5 		 1 		 9.614507
b5 		 2 		 9.614507
b5 		 3 		 9.614507
b5 		 4 		 9.614507
b5 		 5 		 9.408671
b5 		 6 		 9.408671
b5 		 7 		 9.408671
b5 		 8 		 9.408671
b5 		 9 		 9.408671
b5 		 10 		 9.408671
b5 		 11 		 9.408671
b5 		 12 		 9.408671
b5 		 13 		 9.408671
b5 		 14 		 9.408671
b5 		 15 		 9.408671
b5 		 16 		 9.408671
b5 		 17 		 9.408671
b5 		 18 		 9.408671
b5 		 19 		 9.408671
b5 		 20 		 9.408671
b5 		 21 		 9.408671
b5 		 22 		 9.408671
b5 		 23 		 9.408671
b5 		 24 		 9.408671
b5 		 25 		 9.614507
b5 		 26 		 9.408671
b5 		 27 		 9.408671
b5 		 28 		 9.408671
b5 		 29 		 9.614507
b5 		 30 		 9.614507
b5 		 31 		 9.614507
b5 		 32 		 9.614507
b5 		 33 		 9.614507
b5 		 34 		 9.614507
b5 		 35 		 9.614507
b5 		 36 		 9.614507
b5 		 37 		 9.614507
b5 		 38 		 9.614507
b5 		 39 		 9.614507
b5 		 40 		 9.614507
b5 		 41 		 9.614507
b5 		 42 		 9.614507
b5 		 43 		 9.614507
b5 		 44 		 9.614507
b5 		 45 		 9.614507
b5 		 46 		 11.022192
b5 		 47 		 9.614507
b5 		 48 		 9.614507
b5 		 49 		 11.862367
b5 		 50 		 11.022192
b5 		 51 		 11.862367
b5 		 52 		 11.022192
b5 		 53 		 11.862367
b5 		 54 		 11.862367
b5 		 55 		 11.862367
b5 		 56 		 11.862367
b5 		 57 		 14.798864
b5 		 58 		 14.798864
b5 		 59 		 11.862367
b5 		 60 		 11.862367
b5 		 61 		 14.798864
b5 		 62 		 14.798864
b5 		 63 		 11.862367
b5 		 64 		 11.862367
b5 		 65 		 17.522743
b5 		 66 		 14.798864
b5 		 67 		 14.798864
b5 		 68 		 14.798864
b5 		 69 		 14.798864
b5 		 70 		 12.074984
b5 		 71 		 17.522743
b5 		 72 		 14.798864
b5 		 73 		 11.862367
b5 		 74 		 11.862367
b5 		 75 		 14.798864
b5 		 76 		 11.862367
b5 		 77 		 11.022192
b5 		 78 		 11.022192
b5 		 79 		 11.862367
b5 		 80 		 11.862367
b5 		 81 		 10.182017
b5 		 82 		 11.022192
b5 		 83 		 11.022192
b5 		 84 		 11.022192
b5 		 85 		 11.022192
b5 		 86 		 14.798864
b5 		 87 		 9.614507
b5 		 88 		 17.614233
b5 		 89 		 9.614507
b5 		 90 		 9.614507
b5 		 91 		 9.614507
b5 		 92 		 9.614507
b5 		 93 		 9.614507
b5 		 94 		 9.614507
b5 		 95 		 9.614507
b5 		 96 		 9.614507
----------------------------------------------------------------------------------------------------
b6 		 1 		 9.614507
b6 		 2 		 9.614507
b6 		 3 		 9.614507
b6 		 4 		 9.614507
b6 		 5 		 9.408671
b6 		 6 		 9.408671
b6 		 7 		 9.408671
b6 		 8 		 9.408671
b6 		 9 		 9.408671
b6 		 10 		 9.408671
b6 		 11 		 9.408671
b6 		 12 		 9.408671
b6 		 13 		 9.408671
b6 		 14 		 9.408671
b6 		 15 		 9.408671
b6 		 16 		 9.408671
b6 		 17 		 9.408671
b6 		 18 		 9.408671
b6 		 19 		 9.408671
b6 		 20 		 9.408671
b6 		 21 		 9.408671
b6 		 22 		 9.408671
b6 		 23 		 9.408671
b6 		 24 		 9.408671
b6 		 25 		 9.614507
b6 		 26 		 9.408671
b6 		 27 		 9.408671
b6 		 28 		 9.408671
b6 		 29 		 9.614507
b6 		 30 		 9.614507
b6 		 31 		 9.614507
b6 		 32 		 9.614507
b6 		 33 		 9.614507
b6 		 34 		 9.614507
b6 		 35 		 9.614507
b6 		 36 		 9.614507
b6 		 37 		 9.614507
b6 		 38 		 9.614507
b6 		 39 		 9.614507
b6 		 40 		 9.614507
b6 		 41 		 9.614507
b6 		 42 		 9.614507
b6 		 43 		 9.614507
b6 		 44 		 9.614507
b6 		 45 		 9.614507
b6 		 46 		 11.022192
b6 		 47 		 9.614507
b6 		 48 		 9.614507
b6 		 49 		 11.862367
b6 		 50 		 11.022192
b6 		 51 		 11.862367
b6 		 52 		 11.022192
b6 		 53 		 11.862367
b6 		 54 		 11.862367
b6 		 55 		 11.862367
b6 		 56 		 11.862367
b6 		 57 		 14.798864
b6 		 58 		 14.798864
b6 		 59 		 11.862367
b6 		 60 		 11.862367
b6 		 61 		 14.798864
b6 		 62 		 14.798864
b6 		 63 		 11.862367
b6 		 64 		 11.862367
b6 		 65 		 17.522743
b6 		 66 		 14.798864
b6 		 67 		 14.798864
b6 		 68 		 14.798864
b6 		 69 		 14.798864
b6 		 70 		 12.074984
b6 		 71 		 17.522743
b6 		 72 		 14.798864
b6 		 73 		 11.862367
b6 		 74 		 11.862367
b6 		 75 		 14.798864
b6 		 76 		 11.862367
b6 		 77 		 11.022192
b6 		 78 		 11.022192
b6 		 79 		 11.862367
b6 		 80 		 11.862367
b6 		 81 		 10.182017
b6 		 82 		 11.022192
b6 		 83 		 11.022192
b6 		 84 		 11.022192
b6 		 85 		 11.022192
b6 		 86 		 14.798864
b6 		 87 		 9.614507
b6 		 88 		 17.614233
b6 		 89 		 9.614507
b6 		 90 		 9.614507
b6 		 91 		 9.614507
b6 		 92 		 9.614507
b6 		 93 		 9.614507
b6 		 94 		 9.614507
b6 		 95 		 9.614507
b6 		 96 		 9.614507
----------------------------------------------------------------------------------------------------
b7 		 1 		 9.614507
b7 		 2 		 9.614507
b7 		 3 		 9.614507
b7 		 4 		 9.614507
b7 		 5 		 9.408671
b7 		 6 		 9.408671
b7 		 7 		 9.408671
b7 		 8 		 9.408671
b7 		 9 		 9.408671
b7 		 10 		 9.408671
b7 		 11 		 9.408671
b7 		 12 		 9.408671
b7 		 13 		 9.408671
b7 		 14 		 9.408671
b7 		 15 		 9.408671
b7 		 16 		 9.408671
b7 		 17 		 9.408671
b7 		 18 		 9.408671
b7 		 19 		 9.408671
b7 		 20 		 9.408671
b7 		 21 		 9.408671
b7 		 22 		 9.408671
b7 		 23 		 9.408671
b7 		 24 		 9.408671
b7 		 25 		 9.614507
b7 		 26 		 9.408671
b7 		 27 		 9.408671
b7 		 28 		 9.408671
b7 		 29 		 9.614507
b7 		 30 		 9.614507
b7 		 31 		 9.614507
b7 		 32 		 9.614507
b7 		 33 		 9.614507
b7 		 34 		 9.614507
b7 		 35 		 9.614507
b7 		 36 		 9.614507
b7 		 37 		 9.614507
b7 		 38 		 9.614507
b7 		 39 		 9.614507
b7 		 40 		 9.614507
b7 		 41 		 9.614507
b7 		 42 		 9.614507
b7 		 43 		 9.614507
b7 		 44 		 9.614507
b7 		 45 		 9.614507
b7 		 46 		 11.022192
b7 		 47 		 9.614507
b7 		 48 		 9.614507
b7 		 49 		 11.862367
b7 		 50 		 11.022192
b7 		 51 		 11.862367
b7 		 52 		 11.022192
b7 		 53 		 11.862367
b7 		 54 		 11.862367
b7 		 55 		 11.862367
b7 		 56 		 11.862367
b7 		 57 		 14.798864
b7 		 58 		 14.798864
b7 		 59 		 11.862367
b7 		 60 		 11.862367
b7 		 61 		 14.798864
b7 		 62 		 14.798864
b7 		 63 		 11.862367
b7 		 64 		 11.862367
b7 		 65 		 17.522743
b7 		 66 		 14.798864
b7 		 67 		 14.798864
b7 		 68 		 14.798864
b7 		 69 		 14.798864
b7 		 70 		 12.074984
b7 		 71 		 17.522743
b7 		 72 		 14.798864
b7 		 73 		 11.862367
b7 		 74 		 11.862367
b7 		 75 		 14.798864
b7 		 76 		 11.862367
b7 		 77 		 11.022192
b7 		 78 		 11.022192
b7 		 79 		 11.862367
b7 		 80 		 11.862367
b7 		 81 		 10.182017
b7 		 82 		 11.022192
b7 		 83 		 11.022192
b7 		 84 		 11.022192
b7 		 85 		 11.022192
b7 		 86 		 14.798864
b7 		 87 		 9.614507
b7 		 88 		 17.614233
b7 		 89 		 9.614507
b7 		 90 		 9.614507
b7 		 91 		 9.614507
b7 		 92 		 9.614507
b7 		 93 		 9.614507
b7 		 94 		 9.614507
b7 		 95 		 9.614507
b7 		 96 		 9.614507
----------------------------------------------------------------------------------------------------
b8 		 1 		 9.614507
b8 		 2 		 9.614507
b8 		 3 		 9.614507
b8 		 4 		 9.614507
b8 		 5 		 9.408671
b8 		 6 		 9.408671
b8 		 7 		 9.408671
b8 		 8 		 9.408671
b8 		 9 		 9.408671
b8 		 10 		 9.408671
b8 		 11 		 9.408671
b8 		 12 		 9.408671
b8 		 13 		 9.408671
b8 		 14 		 9.408671
b8 		 15 		 9.408671
b8 		 16 		 9.408671
b8 		 17 		 9.408671
b8 		 18 		 9.408671
b8 		 19 		 9.408671
b8 		 20 		 9.408671
b8 		 21 		 9.408671
b8 		 22 		 9.408671
b8 		 23 		 9.408671
b8 		 24 		 9.408671
b8 		 25 		 9.614507
b8 		 26 		 9.408671
b8 		 27 		 9.408671
b8 		 28 		 9.408671
b8 		 29 		 9.614507
b8 		 30 		 9.614507
b8 		 31 		 9.614507
b8 		 32 		 9.614507
b8 		 33 		 9.614507
b8 		 34 		 9.614507
b8 		 35 		 9.614507
b8 		 36 		 9.614507
b8 		 37 		 9.614507
b8 		 38 		 9.614507
b8 		 39 		 9.614507
b8 		 40 		 9.614507
b8 		 41 		 9.614507
b8 		 42 		 9.614507
b8 		 43 		 9.614507
b8 		 44 		 9.614507
b8 		 45 		 9.614507
b8 		 46 		 11.022192
b8 		 47 		 9.614507
b8 		 48 		 9.614507
b8 		 49 		 11.862367
b8 		 50 		 11.022192
b8 		 51 		 11.862367
b8 		 52 		 11.022192
b8 		 53 		 11.862367
b8 		 54 		 11.862367
b8 		 55 		 11.862367
b8 		 56 		 11.862367
b8 		 57 		 14.798864
b8 		 58 		 14.798864
b8 		 59 		 11.862367
b8 		 60 		 11.862367
b8 		 61 		 14.798864
b8 		 62 		 14.798864
b8 		 63 		 11.862367
b8 		 64 		 11.862367
b8 		 65 		 17.522743
b8 		 66 		 14.798864
b8 		 67 		 14.798864
b8 		 68 		 14.798864
b8 		 69 		 14.798864
b8 		 70 		 12.074984
b8 		 71 		 17.522743
b8 		 72 		 14.798864
b8 		 73 		 11.862367
b8 		 74 		 11.862367
b8 		 75 		 14.798864
b8 		 76 		 11.862367
b8 		 77 		 11.022192
b8 		 78 		 11.022192
b8 		 79 		 11.862367
b8 		 80 		 11.862367
b8 		 81 		 10.182017
b8 		 82 		 11.022192
b8 		 83 		 11.022192
b8 		 84 		 11.022192
b8 		 85 		 11.022192
b8 		 86 		 14.798864
b8 		 87 		 9.614507
b8 		 88 		 17.614233
b8 		 89 		 9.614507
b8 		 90 		 9.614507
b8 		 91 		 9.614507
b8 		 92 		 9.614507
b8 		 93 		 9.614507
b8 		 94 		 9.614507
b8 		 95 		 9.614507
b8 		 96 		 9.614507
----------------------------------------------------------------------------------------------------
b9 		 1 		 9.614507
b9 		 2 		 9.614507
b9 		 3 		 9.614507
b9 		 4 		 9.614507
b9 		 5 		 9.408671
b9 		 6 		 9.408671
b9 		 7 		 9.408671
b9 		 8 		 9.408671
b9 		 9 		 9.408671
b9 		 10 		 9.408671
b9 		 11 		 9.408671
b9 		 12 		 9.408671
b9 		 13 		 9.408671
b9 		 14 		 9.408671
b9 		 15 		 9.408671
b9 		 16 		 9.408671
b9 		 17 		 9.408671
b9 		 18 		 9.408671
b9 		 19 		 9.408671
b9 		 20 		 9.408671
b9 		 21 		 9.408671
b9 		 22 		 9.408671
b9 		 23 		 9.408671
b9 		 24 		 9.408671
b9 		 25 		 9.614507
b9 		 26 		 9.408671
b9 		 27 		 9.408671
b9 		 28 		 9.408671
b9 		 29 		 9.614507
b9 		 30 		 9.614507
b9 		 31 		 9.614507
b9 		 32 		 9.614507
b9 		 33 		 9.614507
b9 		 34 		 9.614507
b9 		 35 		 9.614507
b9 		 36 		 9.614507
b9 		 37 		 9.614507
b9 		 38 		 9.614507
b9 		 39 		 9.614507
b9 		 40 		 9.614507
b9 		 41 		 9.614507
b9 		 42 		 9.614507
b9 		 43 		 9.614507
b9 		 44 		 9.614507
b9 		 45 		 9.614507
b9 		 46 		 11.022192
b9 		 47 		 9.614507
b9 		 48 		 9.614507
b9 		 49 		 11.862367
b9 		 50 		 11.022192
b9 		 51 		 11.862367
b9 		 52 		 11.022192
b9 		 53 		 11.862367
b9 		 54 		 11.862367
b9 		 55 		 11.862367
b9 		 56 		 11.862367
b9 		 57 		 14.798864
b9 		 58 		 14.798864
b9 		 59 		 11.862367
b9 		 60 		 11.862367
b9 		 61 		 14.798864
b9 		 62 		 14.798864
b9 		 63 		 11.862367
b9 		 64 		 11.862367
b9 		 65 		 17.522743
b9 		 66 		 14.798864
b9 		 67 		 14.798864
b9 		 68 		 14.798864
b9 		 69 		 14.798864
b9 		 70 		 12.074984
b9 		 71 		 17.522743
b9 		 72 		 14.798864
b9 		 73 		 11.862367
b9 		 74 		 11.862367
b9 		 75 		 14.798864
b9 		 76 		 11.862367
b9 		 77 		 11.022192
b9 		 78 		 11.022192
b9 		 79 		 11.862367
b9 		 80 		 11.862367
b9 		 81 		 10.182017
b9 		 82 		 11.022192
b9 		 83 		 11.022192
b9 		 84 		 11.022192
b9 		 85 		 11.022192
b9 		 86 		 14.798864
b9 		 87 		 9.614507
b9 		 88 		 17.614233
b9 		 89 		 9.614507
b9 		 90 		 9.614507
b9 		 91 		 9.614507
b9 		 92 		 9.614507
b9 		 93 		 9.614507
b9 		 94 		 9.614507
b9 		 95 		 9.614507
b9 		 96 		 9.614507
----------------------------------------------------------------------------------------------------
b10 		 1 		 9.614507
b10 		 2 		 9.614507
b10 		 3 		 9.614507
b10 		 4 		 9.614507
b10 		 5 		 9.408671
b10 		 6 		 9.408671
b10 		 7 		 9.408671
b10 		 8 		 9.408671
b10 		 9 		 9.408671
b10 		 10 		 9.408671
b10 		 11 		 9.408671
b10 		 12 		 9.408671
b10 		 13 		 9.408671
b10 		 14 		 9.408671
b10 		 15 		 9.408671
b10 		 16 		 9.408671
b10 		 17 		 9.408671
b10 		 18 		 9.408671
b10 		 19 		 9.408671
b10 		 20 		 9.408671
b10 		 21 		 9.408671
b10 		 22 		 9.408671
b10 		 23 		 9.408671
b10 		 24 		 9.408671
b10 		 25 		 9.614507
b10 		 26 		 9.408671
b10 		 27 		 9.408671
b10 		 28 		 9.408671
b10 		 29 		 9.614507
b10 		 30 		 9.614507
b10 		 31 		 9.614507
b10 		 32 		 9.614507
b10 		 33 		 9.614507
b10 		 34 		 9.614507
b10 		 35 		 9.614507
b10 		 36 		 9.614507
b10 		 37 		 9.614507
b10 		 38 		 9.614507
b10 		 39 		 9.614507
b10 		 40 		 9.614507
b10 		 41 		 9.614507
b10 		 42 		 9.614507
b10 		 43 		 9.614507
b10 		 44 		 9.614507
b10 		 45 		 9.614507
b10 		 46 		 11.022192
b10 		 47 		 9.614507
b10 		 48 		 9.614507
b10 		 49 		 11.862367
b10 		 50 		 11.022192
b10 		 51 		 11.862367
b10 		 52 		 11.022192
b10 		 53 		 11.862367
b10 		 54 		 11.862367
b10 		 55 		 11.862367
b10 		 56 		 11.862367
b10 		 57 		 14.798864
b10 		 58 		 14.798864
b10 		 59 		 11.862367
b10 		 60 		 11.862367
b10 		 61 		 14.798864
b10 		 62 		 14.798864
b10 		 63 		 11.862367
b10 		 64 		 11.862367
b10 		 65 		 17.522743
b10 		 66 		 14.798864
b10 		 67 		 14.798864
b10 		 68 		 14.798864
b10 		 69 		 14.798864
b10 		 70 		 12.074984
b10 		 71 		 17.522743
b10 		 72 		 14.798864
b10 		 73 		 11.862367
b10 		 74 		 11.862367
b10 		 75 		 14.798864
b10 		 76 		 11.862367
b10 		 77 		 11.022192
b10 		 78 		 11.022192
b10 		 79 		 11.862367
b10 		 80 		 11.862367
b10 		 81 		 10.182017
b10 		 82 		 11.022192
b10 		 83 		 11.022192
b10 		 84 		 11.022192
b10 		 85 		 11.022192
b10 		 86 		 14.798864
b10 		 87 		 9.614507
b10 		 88 		 17.614233
b10 		 89 		 9.614507
b10 		 90 		 9.614507
b10 		 91 		 9.614507
b10 		 92 		 9.614507
b10 		 93 		 9.614507
b10 		 94 		 9.614507
b10 		 95 		 9.614507
b10 		 96 		 9.614507
----------------------------------------------------------------------------------------------------
b11 		 1 		 9.614507
b11 		 2 		 9.614507
b11 		 3 		 9.614507
b11 		 4 		 9.614507
b11 		 5 		 9.408671
b11 		 6 		 9.408671
b11 		 7 		 9.408671
b11 		 8 		 9.408671
b11 		 9 		 9.408671
b11 		 10 		 9.408671
b11 		 11 		 9.408671
b11 		 12 		 9.408671
b11 		 13 		 9.408671
b11 		 14 		 9.408671
b11 		 15 		 9.408671
b11 		 16 		 9.408671
b11 		 17 		 9.408671
b11 		 18 		 9.408671
b11 		 19 		 9.408671
b11 		 20 		 9.408671
b11 		 21 		 9.408671
b11 		 22 		 9.408671
b11 		 23 		 9.408671
b11 		 24 		 9.408671
b11 		 25 		 9.614507
b11 		 26 		 9.408671
b11 		 27 		 9.408671
b11 		 28 		 9.408671
b11 		 29 		 9.614507
b11 		 30 		 9.614507
b11 		 31 		 9.614507
b11 		 32 		 9.614507
b11 		 33 		 9.614507
b11 		 34 		 9.614507
b11 		 35 		 9.614507
b11 		 36 		 9.614507
b11 		 37 		 9.614507
b11 		 38 		 9.614507
b11 		 39 		 9.614507
b11 		 40 		 9.614507
b11 		 41 		 9.614507
b11 		 42 		 9.614507
b11 		 43 		 9.614507
b11 		 44 		 9.614507
b11 		 45 		 9.614507
b11 		 46 		 11.022192
b11 		 47 		 9.614507
b11 		 48 		 9.614507
b11 		 49 		 11.862367
b11 		 50 		 11.022192
b11 		 51 		 11.862367
b11 		 52 		 11.022192
b11 		 53 		 11.862367
b11 		 54 		 11.862367
b11 		 55 		 11.862367
b11 		 56 		 11.862367
b11 		 57 		 14.798864
b11 		 58 		 14.798864
b11 		 59 		 11.862367
b11 		 60 		 11.862367
b11 		 61 		 14.798864
b11 		 62 		 14.798864
b11 		 63 		 11.862367
b11 		 64 		 11.862367
b11 		 65 		 17.522743
b11 		 66 		 14.798864
b11 		 67 		 14.798864
b11 		 68 		 14.798864
b11 		 69 		 14.798864
b11 		 70 		 12.074984
b11 		 71 		 17.522743
b11 		 72 		 14.798864
b11 		 73 		 11.862367
b11 		 74 		 11.862367
b11 		 75 		 14.798864
b11 		 76 		 11.862367
b11 		 77 		 11.022192
b11 		 78 		 11.022192
b11 		 79 		 11.862367
b11 		 80 		 11.862367
b11 		 81 		 10.182017
b11 		 82 		 11.022192
b11 		 83 		 11.022192
b11 		 84 		 11.022192
b11 		 85 		 11.022192
b11 		 86 		 14.798864
b11 		 87 		 9.614507
b11 		 88 		 17.614233
b11 		 89 		 9.614507
b11 		 90 		 9.614507
b11 		 91 		 9.614507
b11 		 92 		 9.614507
b11 		 93 		 9.614507
b11 		 94 		 9.614507
b11 		 95 		 9.614507
b11 		 96 		 9.614507
----------------------------------------------------------------------------------------------------
b12 		 1 		 9.614507
b12 		 2 		 9.614507
b12 		 3 		 9.614507
b12 		 4 		 9.614507
b12 		 5 		 9.408671
b12 		 6 		 9.408671
b12 		 7 		 9.408671
b12 		 8 		 9.408671
b12 		 9 		 9.408671
b12 		 10 		 9.408671
b12 		 11 		 9.408671
b12 		 12 		 9.408671
b12 		 13 		 9.408671
b12 		 14 		 9.408671
b12 		 15 		 9.408671
b12 		 16 		 9.408671
b12 		 17 		 9.408671
b12 		 18 		 9.408671
b12 		 19 		 9.408671
b12 		 20 		 9.408671
b12 		 21 		 9.408671
b12 		 22 		 9.408671
b12 		 23 		 9.408671
b12 		 24 		 9.408671
b12 		 25 		 9.614507
b12 		 26 		 9.408671
b12 		 27 		 9.408671
b12 		 28 		 9.408671
b12 		 29 		 9.614507
b12 		 30 		 9.614507
b12 		 31 		 9.614507
b12 		 32 		 9.614507
b12 		 33 		 9.614507
b12 		 34 		 9.614507
b12 		 35 		 9.614507
b12 		 36 		 9.614507
b12 		 37 		 9.614507
b12 		 38 		 9.614507
b12 		 39 		 9.614507
b12 		 40 		 9.614507
b12 		 41 		 9.614507
b12 		 42 		 9.614507
b12 		 43 		 9.614507
b12 		 44 		 9.614507
b12 		 45 		 9.614507
b12 		 46 		 11.022192
b12 		 47 		 9.614507
b12 		 48 		 9.614507
b12 		 49 		 11.862367
b12 		 50 		 11.022192
b12 		 51 		 11.862367
b12 		 52 		 11.022192
b12 		 53 		 11.862367
b12 		 54 		 11.862367
b12 		 55 		 11.862367
b12 		 56 		 11.862367
b12 		 57 		 14.798864
b12 		 58 		 14.798864
b12 		 59 		 11.862367
b12 		 60 		 11.862367
b12 		 61 		 14.798864
b12 		 62 		 14.798864
b12 		 63 		 11.862367
b12 		 64 		 11.862367
b12 		 65 		 17.522743
b12 		 66 		 14.798864
b12 		 67 		 14.798864
b12 		 68 		 14.798864
b12 		 69 		 14.798864
b12 		 70 		 12.074984
b12 		 71 		 17.522743
b12 		 72 		 14.798864
b12 		 73 		 11.862367
b12 		 74 		 11.862367
b12 		 75 		 14.798864
b12 		 76 		 11.862367
b12 		 77 		 11.022192
b12 		 78 		 11.022192
b12 		 79 		 11.862367
b12 		 80 		 11.862367
b12 		 81 		 10.182017
b12 		 82 		 11.022192
b12 		 83 		 11.022192
b12 		 84 		 11.022192
b12 		 85 		 11.022192
b12 		 86 		 14.798864
b12 		 87 		 9.614507
b12 		 88 		 17.614233
b12 		 89 		 9.614507
b12 		 90 		 9.614507
b12 		 91 		 9.614507
b12 		 92 		 9.614507
b12 		 93 		 9.614507
b12 		 94 		 9.614507
b12 		 95 		 9.614507
b12 		 96 		 9.614507
----------------------------------------------------------------------------------------------------
b13 		 1 		 9.614507
b13 		 2 		 9.614507
b13 		 3 		 9.614507
b13 		 4 		 9.614507
b13 		 5 		 9.408671
b13 		 6 		 9.408671
b13 		 7 		 9.408671
b13 		 8 		 9.408671
b13 		 9 		 9.408671
b13 		 10 		 9.408671
b13 		 11 		 9.408671
b13 		 12 		 9.408671
b13 		 13 		 9.408671
b13 		 14 		 9.408671
b13 		 15 		 9.408671
b13 		 16 		 9.408671
b13 		 17 		 9.408671
b13 		 18 		 9.408671
b13 		 19 		 9.408671
b13 		 20 		 9.408671
b13 		 21 		 9.408671
b13 		 22 		 9.408671
b13 		 23 		 9.408671
b13 		 24 		 9.408671
b13 		 25 		 9.614507
b13 		 26 		 9.408671
b13 		 27 		 9.408671
b13 		 28 		 9.408671
b13 		 29 		 9.614507
b13 		 30 		 9.614507
b13 		 31 		 9.614507
b13 		 32 		 9.614507
b13 		 33 		 9.614507
b13 		 34 		 9.614507
b13 		 35 		 9.614507
b13 		 36 		 9.614507
b13 		 37 		 9.614507
b13 		 38 		 9.614507
b13 		 39 		 9.614507
b13 		 40 		 9.614507
b13 		 41 		 9.614507
b13 		 42 		 9.614507
b13 		 43 		 9.614507
b13 		 44 		 9.614507
b13 		 45 		 9.614507
b13 		 46 		 11.022192
b13 		 47 		 9.614507
b13 		 48 		 9.614507
b13 		 49 		 11.862367
b13 		 50 		 11.022192
b13 		 51 		 11.862367
b13 		 52 		 11.022192
b13 		 53 		 11.862367
b13 		 54 		 11.862367
b13 		 55 		 11.862367
b13 		 56 		 11.862367
b13 		 57 		 14.798864
b13 		 58 		 14.798864
b13 		 59 		 11.862367
b13 		 60 		 11.862367
b13 		 61 		 14.798864
b13 		 62 		 14.798864
b13 		 63 		 11.862367
b13 		 64 		 11.862367
b13 		 65 		 17.522743
b13 		 66 		 14.798864
b13 		 67 		 14.798864
b13 		 68 		 14.798864
b13 		 69 		 14.798864
b13 		 70 		 12.074984
b13 		 71 		 17.522743
b13 		 72 		 14.798864
b13 		 73 		 11.862367
b13 		 74 		 11.862367
b13 		 75 		 14.798864
b13 		 76 		 11.862367
b13 		 77 		 11.022192
b13 		 78 		 11.022192
b13 		 79 		 11.862367
b13 		 80 		 11.862367
b13 		 81 		 10.182017
b13 		 82 		 11.022192
b13 		 83 		 11.022192
b13 		 84 		 11.022192
b13 		 85 		 11.022192
b13 		 86 		 14.798864
b13 		 87 		 9.614507
b13 		 88 		 17.614233
b13 		 89 		 9.614507
b13 		 90 		 9.614507
b13 		 91 		 9.614507
b13 		 92 		 9.614507
b13 		 93 		 9.614507
b13 		 94 		 9.614507
b13 		 95 		 9.614507
b13 		 96 		 9.614507
----------------------------------------------------------------------------------------------------
b14 		 1 		 9.614507
b14 		 2 		 9.614507
b14 		 3 		 9.614507
b14 		 4 		 9.614507
b14 		 5 		 9.408671
b14 		 6 		 9.408671
b14 		 7 		 9.408671
b14 		 8 		 9.408671
b14 		 9 		 9.408671
b14 		 10 		 9.408671
b14 		 11 		 9.408671
b14 		 12 		 9.408671
b14 		 13 		 9.408671
b14 		 14 		 9.408671
b14 		 15 		 9.408671
b14 		 16 		 9.408671
b14 		 17 		 9.408671
b14 		 18 		 9.408671
b14 		 19 		 9.408671
b14 		 20 		 9.408671
b14 		 21 		 9.408671
b14 		 22 		 9.408671
b14 		 23 		 9.408671
b14 		 24 		 9.408671
b14 		 25 		 9.614507
b14 		 26 		 9.408671
b14 		 27 		 9.408671
b14 		 28 		 9.408671
b14 		 29 		 9.614507
b14 		 30 		 9.614507
b14 		 31 		 9.614507
b14 		 32 		 9.614507
b14 		 33 		 9.614507
b14 		 34 		 9.614507
b14 		 35 		 9.614507
b14 		 36 		 9.614507
b14 		 37 		 9.614507
b14 		 38 		 9.614507
b14 		 39 		 9.614507
b14 		 40 		 9.614507
b14 		 41 		 9.614507
b14 		 42 		 9.614507
b14 		 43 		 9.614507
b14 		 44 		 9.614507
b14 		 45 		 9.614507
b14 		 46 		 11.022192
b14 		 47 		 9.614507
b14 		 48 		 9.614507
b14 		 49 		 11.862367
b14 		 50 		 11.022192
b14 		 51 		 11.862367
b14 		 52 		 11.022192
b14 		 53 		 11.862367
b14 		 54 		 11.862367
b14 		 55 		 11.862367
b14 		 56 		 11.862367
b14 		 57 		 14.798864
b14 		 58 		 14.798864
b14 		 59 		 11.862367
b14 		 60 		 11.862367
b14 		 61 		 14.798864
b14 		 62 		 14.798864
b14 		 63 		 11.862367
b14 		 64 		 11.862367
b14 		 65 		 17.522743
b14 		 66 		 14.798864
b14 		 67 		 14.798864
b14 		 68 		 14.798864
b14 		 69 		 14.798864
b14 		 70 		 12.074984
b14 		 71 		 17.522743
b14 		 72 		 14.798864
b14 		 73 		 11.862367
b14 		 74 		 11.862367
b14 		 75 		 14.798864
b14 		 76 		 11.862367
b14 		 77 		 11.022192
b14 		 78 		 11.022192
b14 		 79 		 11.862367
b14 		 80 		 11.862367
b14 		 81 		 10.182017
b14 		 82 		 11.022192
b14 		 83 		 11.022192
b14 		 84 		 11.022192
b14 		 85 		 11.022192
b14 		 86 		 14.798864
b14 		 87 		 9.614507
b14 		 88 		 17.614233
b14 		 89 		 9.614507
b14 		 90 		 9.614507
b14 		 91 		 9.614507
b14 		 92 		 9.614507
b14 		 93 		 9.614507
b14 		 94 		 9.614507
b14 		 95 		 9.614507
b14 		 96 		 9.614507
----------------------------------------------------------------------------------------------------
Total overall payments
----------------------------------------------------------------------------------------------------------------------------------------------------
total generation payment 	 total up-FRP payment 	 total dw-FRP payment 	 total pre-up t. payment 	 uplift payment 	 total post-up t. payment 	 profit
----------------------------------------------------------------------------------------------------------------------------------------------------
374386.23455999995 			 0.0 			 0.0 			 374386.23455999995			 17710.108940000002 			 392096.3435 			 62996.199487000005
