****************************************************************************************************
 
Generation payment
----------------------------------------------------------------------------------------------------------------
unit	 time 	 generation payment 	 up-FRP payment 	 dw-FRP payment 	pre-up total payment
----------------------------------------------------------------------------------------------------------------
g1	 1 	 259.243653 			 0.0 			 0.0			 259.243653 
g1	 2 	 194.159969 			 0.0 			 0.0			 194.159969 
g1	 3 	 161.648004 			 0.0 			 0.0			 161.648004 
g1	 4 	 110.100335 			 0.0 			 0.0			 110.100335 
g1	 5 	 140.30324 			 0.0 			 0.0			 140.30324 
g1	 6 	 237.01673 			 0.0 			 0.0			 237.01673 
g1	 7 	 174.024416 			 0.0 			 0.0			 174.024416 
g1	 8 	 183.640821 			 0.0 			 0.0			 183.640821 
g1	 9 	 139.288214 			 0.0 			 0.0			 139.288214 
g1	 10 	 134.757412 			 0.0 			 0.0			 134.757412 
g1	 11 	 62.323978 			 0.0 			 0.0			 62.323978 
g1	 12 	 158.250591 			 0.0 			 0.0			 158.250591 
g1	 13 	 145.093853 			 0.0 			 0.0			 145.093853 
g1	 14 	 130.714375 			 0.0 			 0.0			 130.714375 
g1	 15 	 147.510461 			 0.0 			 0.0			 147.510461 
g1	 16 	 200.260203 			 0.0 			 0.0			 200.260203 
g1	 17 	 126.583921 			 0.0 			 0.0			 126.583921 
g1	 18 	 146.21834 			 0.0 			 0.0			 146.21834 
g1	 19 	 221.6705 			 0.0 			 0.0			 221.6705 
g1	 20 	 192.813523 			 0.0 			 0.0			 192.813523 
g1	 21 	 123.288609 			 0.0 			 0.0			 123.288609 
g1	 22 	 159.693175 			 0.0 			 0.0			 159.693175 
g1	 23 	 195.083139 			 0.0 			 0.0			 195.083139 
g1	 24 	 114.961757 			 0.0 			 0.0			 114.961757 
g1	 25 	 139.451511 			 0.0 			 0.0			 139.451511 
g1	 26 	 104.580088 			 0.0 			 0.0			 104.580088 
g1	 27 	 206.856764 			 0.0 			 0.0			 206.856764 
g1	 28 	 75.196648 			 0.0 			 0.0			 75.196648 
g1	 29 	 207.327604 			 0.0 			 0.0			 207.327604 
g1	 30 	 120.454351 			 0.0 			 0.0			 120.454351 
g1	 31 	 250.520392 			 0.0 			 0.0			 250.520392 
g1	 32 	 162.494071 			 0.0 			 0.0			 162.494071 
g1	 33 	 140.906119 			 0.0 			 0.0			 140.906119 
g1	 34 	 156.361468 			 0.0 			 0.0			 156.361468 
g1	 35 	 147.331013 			 0.0 			 0.0			 147.331013 
g1	 36 	 153.9813 			 0.0 			 0.0			 153.9813 
g1	 37 	 184.970587 			 0.0 			 0.0			 184.970587 
g1	 38 	 242.160501 			 0.0 			 0.0			 242.160501 
g1	 39 	 208.441079 			 0.0 			 0.0			 208.441079 
g1	 40 	 173.159896 			 0.0 			 0.0			 173.159896 
g1	 41 	 196.032943 			 0.0 			 0.0			 196.032943 
g1	 42 	 38.670268 			 0.0 			 0.0			 38.670268 
g1	 43 	 227.872238 			 0.0 			 0.0			 227.872238 
g1	 44 	 76.338301 			 0.0 			 0.0			 76.338301 
g1	 45 	 156.263419 			 0.0 			 0.0			 156.263419 
g1	 46 	 47.03114 			 0.0 			 0.0			 47.03114 
g1	 47 	 186.287169 			 0.0 			 0.0			 186.287169 
g1	 48 	 186.287169 			 0.0 			 0.0			 186.287169 
g1	 49 	 186.287169 			 0.0 			 0.0			 186.287169 
g1	 50 	 186.287169 			 0.0 			 0.0			 186.287169 
g1	 51 	 186.287169 			 0.0 			 0.0			 186.287169 
g1	 52 	 43.109844 			 0.0 			 0.0			 43.109844 
g1	 53 	 273.908505 			 0.0 			 0.0			 273.908505 
g1	 54 	 214.686933 			 0.0 			 0.0			 214.686933 
g1	 55 	 186.287169 			 0.0 			 0.0			 186.287169 
g1	 56 	 200.487051 			 0.0 			 0.0			 200.487051 
g1	 57 	 200.487051 			 0.0 			 0.0			 200.487051 
g1	 58 	 250.11708 			 0.0 			 0.0			 250.11708 
g1	 59 	 250.11708 			 0.0 			 0.0			 250.11708 
g1	 60 	 200.487051 			 0.0 			 0.0			 200.487051 
g1	 61 	 200.487051 			 0.0 			 0.0			 200.487051 
g1	 62 	 200.487051 			 0.0 			 0.0			 200.487051 
g1	 63 	 250.11708 			 0.0 			 0.0			 250.11708 
g1	 64 	 250.11708 			 0.0 			 0.0			 250.11708 
g1	 65 	 250.11708 			 0.0 			 0.0			 250.11708 
g1	 66 	 250.11708 			 0.0 			 0.0			 250.11708 
g1	 67 	 250.11708 			 0.0 			 0.0			 250.11708 
g1	 68 	 250.11708 			 0.0 			 0.0			 250.11708 
g1	 69 	 200.487051 			 0.0 			 0.0			 200.487051 
g1	 70 	 250.11708 			 0.0 			 0.0			 250.11708 
g1	 71 	 250.11708 			 0.0 			 0.0			 250.11708 
g1	 72 	 200.487051 			 0.0 			 0.0			 200.487051 
g1	 73 	 200.487051 			 0.0 			 0.0			 200.487051 
g1	 74 	 200.487051 			 0.0 			 0.0			 200.487051 
g1	 75 	 200.487051 			 0.0 			 0.0			 200.487051 
g1	 76 	 200.487051 			 0.0 			 0.0			 200.487051 
g1	 77 	 200.487051 			 0.0 			 0.0			 200.487051 
g1	 78 	 186.287169 			 0.0 			 0.0			 186.287169 
g1	 79 	 186.287169 			 0.0 			 0.0			 186.287169 
g1	 80 	 186.287169 			 0.0 			 0.0			 186.287169 
g1	 81 	 186.287169 			 0.0 			 0.0			 186.287169 
g1	 82 	 200.487051 			 0.0 			 0.0			 200.487051 
g1	 83 	 142.166552 			 0.0 			 0.0			 142.166552 
g1	 84 	 200.487051 			 0.0 			 0.0			 200.487051 
g1	 85 	 186.287169 			 0.0 			 0.0			 186.287169 
g1	 86 	 186.287169 			 0.0 			 0.0			 186.287169 
g1	 87 	 186.287169 			 0.0 			 0.0			 186.287169 
g1	 88 	 273.908505 			 0.0 			 0.0			 273.908505 
g1	 89 	 57.81853 			 0.0 			 0.0			 57.81853 
g1	 90 	 173.378953 			 0.0 			 0.0			 173.378953 
g1	 91 	 200.325666 			 0.0 			 0.0			 200.325666 
g1	 92 	 260.974294 			 0.0 			 0.0			 260.974294 
g1	 93 	 148.424096 			 0.0 			 0.0			 148.424096 
g1	 94 	 245.059881 			 0.0 			 0.0			 245.059881 
g1	 95 	 178.049998 			 0.0 			 0.0			 178.049998 
g1	 96 	 190.01605 			 0.0 			 0.0			 190.01605 
----------------------------------------------------------------------------------------------------
g2	 1 	 0.0 			 0.0 			 0.0			 0.0 
g2	 2 	 0.0 			 0.0 			 0.0			 0.0 
g2	 3 	 0.0 			 0.0 			 0.0			 0.0 
g2	 4 	 0.0 			 0.0 			 0.0			 0.0 
g2	 5 	 0.0 			 0.0 			 0.0			 0.0 
g2	 6 	 0.0 			 0.0 			 0.0			 0.0 
g2	 7 	 0.0 			 0.0 			 0.0			 0.0 
g2	 8 	 0.0 			 0.0 			 0.0			 0.0 
g2	 9 	 0.0 			 0.0 			 0.0			 0.0 
g2	 10 	 0.0 			 0.0 			 0.0			 0.0 
g2	 11 	 0.0 			 0.0 			 0.0			 0.0 
g2	 12 	 0.0 			 0.0 			 0.0			 0.0 
g2	 13 	 0.0 			 0.0 			 0.0			 0.0 
g2	 14 	 0.0 			 0.0 			 0.0			 0.0 
g2	 15 	 0.0 			 0.0 			 0.0			 0.0 
g2	 16 	 0.0 			 0.0 			 0.0			 0.0 
g2	 17 	 0.0 			 0.0 			 0.0			 0.0 
g2	 18 	 0.0 			 0.0 			 0.0			 0.0 
g2	 19 	 0.0 			 0.0 			 0.0			 0.0 
g2	 20 	 0.0 			 0.0 			 0.0			 0.0 
g2	 21 	 0.0 			 0.0 			 0.0			 0.0 
g2	 22 	 0.0 			 0.0 			 0.0			 0.0 
g2	 23 	 0.0 			 0.0 			 0.0			 0.0 
g2	 24 	 0.0 			 0.0 			 0.0			 0.0 
g2	 25 	 0.0 			 0.0 			 0.0			 0.0 
g2	 26 	 0.0 			 0.0 			 0.0			 0.0 
g2	 27 	 0.0 			 0.0 			 0.0			 0.0 
g2	 28 	 0.0 			 0.0 			 0.0			 0.0 
g2	 29 	 0.0 			 0.0 			 0.0			 0.0 
g2	 30 	 0.0 			 0.0 			 0.0			 0.0 
g2	 31 	 0.0 			 0.0 			 0.0			 0.0 
g2	 32 	 0.0 			 0.0 			 0.0			 0.0 
g2	 33 	 0.0 			 0.0 			 0.0			 0.0 
g2	 34 	 0.0 			 0.0 			 0.0			 0.0 
g2	 35 	 0.0 			 0.0 			 0.0			 0.0 
g2	 36 	 0.0 			 0.0 			 0.0			 0.0 
g2	 37 	 0.0 			 0.0 			 0.0			 0.0 
g2	 38 	 0.0 			 0.0 			 0.0			 0.0 
g2	 39 	 0.0 			 0.0 			 0.0			 0.0 
g2	 40 	 0.0 			 0.0 			 0.0			 0.0 
g2	 41 	 0.0 			 0.0 			 0.0			 0.0 
g2	 42 	 0.0 			 0.0 			 0.0			 0.0 
g2	 43 	 0.0 			 0.0 			 0.0			 0.0 
g2	 44 	 0.0 			 0.0 			 0.0			 0.0 
g2	 45 	 0.0 			 0.0 			 0.0			 0.0 
g2	 46 	 0.0 			 0.0 			 0.0			 0.0 
g2	 47 	 0.0 			 0.0 			 0.0			 0.0 
g2	 48 	 0.0 			 0.0 			 0.0			 0.0 
g2	 49 	 0.0 			 0.0 			 0.0			 0.0 
g2	 50 	 0.0 			 0.0 			 0.0			 0.0 
g2	 51 	 0.0 			 0.0 			 0.0			 0.0 
g2	 52 	 0.0 			 0.0 			 0.0			 0.0 
g2	 53 	 0.0 			 0.0 			 0.0			 0.0 
g2	 54 	 0.0 			 0.0 			 0.0			 0.0 
g2	 55 	 0.0 			 0.0 			 0.0			 0.0 
g2	 56 	 0.0 			 0.0 			 0.0			 0.0 
g2	 57 	 0.0 			 0.0 			 0.0			 0.0 
g2	 58 	 0.0 			 0.0 			 0.0			 0.0 
g2	 59 	 0.0 			 0.0 			 0.0			 0.0 
g2	 60 	 0.0 			 0.0 			 0.0			 0.0 
g2	 61 	 0.0 			 0.0 			 0.0			 0.0 
g2	 62 	 0.0 			 0.0 			 0.0			 0.0 
g2	 63 	 0.0 			 0.0 			 0.0			 0.0 
g2	 64 	 0.0 			 0.0 			 0.0			 0.0 
g2	 65 	 0.0 			 0.0 			 0.0			 0.0 
g2	 66 	 0.0 			 0.0 			 0.0			 0.0 
g2	 67 	 0.0 			 0.0 			 0.0			 0.0 
g2	 68 	 0.0 			 0.0 			 0.0			 0.0 
g2	 69 	 0.0 			 0.0 			 0.0			 0.0 
g2	 70 	 0.0 			 0.0 			 0.0			 0.0 
g2	 71 	 0.0 			 0.0 			 0.0			 0.0 
g2	 72 	 0.0 			 0.0 			 0.0			 0.0 
g2	 73 	 0.0 			 0.0 			 0.0			 0.0 
g2	 74 	 0.0 			 0.0 			 0.0			 0.0 
g2	 75 	 0.0 			 0.0 			 0.0			 0.0 
g2	 76 	 0.0 			 0.0 			 0.0			 0.0 
g2	 77 	 0.0 			 0.0 			 0.0			 0.0 
g2	 78 	 0.0 			 0.0 			 0.0			 0.0 
g2	 79 	 0.0 			 0.0 			 0.0			 0.0 
g2	 80 	 0.0 			 0.0 			 0.0			 0.0 
g2	 81 	 0.0 			 0.0 			 0.0			 0.0 
g2	 82 	 0.0 			 0.0 			 0.0			 0.0 
g2	 83 	 0.0 			 0.0 			 0.0			 0.0 
g2	 84 	 0.0 			 0.0 			 0.0			 0.0 
g2	 85 	 0.0 			 0.0 			 0.0			 0.0 
g2	 86 	 0.0 			 0.0 			 0.0			 0.0 
g2	 87 	 0.0 			 0.0 			 0.0			 0.0 
g2	 88 	 0.0 			 0.0 			 0.0			 0.0 
g2	 89 	 0.0 			 0.0 			 0.0			 0.0 
g2	 90 	 0.0 			 0.0 			 0.0			 0.0 
g2	 91 	 0.0 			 0.0 			 0.0			 0.0 
g2	 92 	 0.0 			 0.0 			 0.0			 0.0 
g2	 93 	 0.0 			 0.0 			 0.0			 0.0 
g2	 94 	 0.0 			 0.0 			 0.0			 0.0 
g2	 95 	 0.0 			 0.0 			 0.0			 0.0 
g2	 96 	 0.0 			 0.0 			 0.0			 0.0 
----------------------------------------------------------------------------------------------------
g3	 1 	 0.0 			 0.0 			 0.0			 0.0 
g3	 2 	 0.0 			 0.0 			 0.0			 0.0 
g3	 3 	 0.0 			 0.0 			 0.0			 0.0 
g3	 4 	 0.0 			 0.0 			 0.0			 0.0 
g3	 5 	 0.0 			 0.0 			 0.0			 0.0 
g3	 6 	 0.0 			 0.0 			 0.0			 0.0 
g3	 7 	 0.0 			 0.0 			 0.0			 0.0 
g3	 8 	 0.0 			 0.0 			 0.0			 0.0 
g3	 9 	 0.0 			 0.0 			 0.0			 0.0 
g3	 10 	 0.0 			 0.0 			 0.0			 0.0 
g3	 11 	 0.0 			 0.0 			 0.0			 0.0 
g3	 12 	 0.0 			 0.0 			 0.0			 0.0 
g3	 13 	 0.0 			 0.0 			 0.0			 0.0 
g3	 14 	 0.0 			 0.0 			 0.0			 0.0 
g3	 15 	 0.0 			 0.0 			 0.0			 0.0 
g3	 16 	 0.0 			 0.0 			 0.0			 0.0 
g3	 17 	 0.0 			 0.0 			 0.0			 0.0 
g3	 18 	 0.0 			 0.0 			 0.0			 0.0 
g3	 19 	 0.0 			 0.0 			 0.0			 0.0 
g3	 20 	 0.0 			 0.0 			 0.0			 0.0 
g3	 21 	 0.0 			 0.0 			 0.0			 0.0 
g3	 22 	 0.0 			 0.0 			 0.0			 0.0 
g3	 23 	 0.0 			 0.0 			 0.0			 0.0 
g3	 24 	 0.0 			 0.0 			 0.0			 0.0 
g3	 25 	 0.0 			 0.0 			 0.0			 0.0 
g3	 26 	 0.0 			 0.0 			 0.0			 0.0 
g3	 27 	 0.0 			 0.0 			 0.0			 0.0 
g3	 28 	 0.0 			 0.0 			 0.0			 0.0 
g3	 29 	 0.0 			 0.0 			 0.0			 0.0 
g3	 30 	 0.0 			 0.0 			 0.0			 0.0 
g3	 31 	 0.0 			 0.0 			 0.0			 0.0 
g3	 32 	 0.0 			 0.0 			 0.0			 0.0 
g3	 33 	 15.56631 			 0.0 			 0.0			 15.56631 
g3	 34 	 15.56631 			 0.0 			 0.0			 15.56631 
g3	 35 	 15.56631 			 0.0 			 0.0			 15.56631 
g3	 36 	 15.56631 			 0.0 			 0.0			 15.56631 
g3	 37 	 15.56631 			 0.0 			 0.0			 15.56631 
g3	 38 	 15.56631 			 0.0 			 0.0			 15.56631 
g3	 39 	 15.56631 			 0.0 			 0.0			 15.56631 
g3	 40 	 15.56631 			 0.0 			 0.0			 15.56631 
g3	 41 	 15.56631 			 0.0 			 0.0			 15.56631 
g3	 42 	 15.56631 			 0.0 			 0.0			 15.56631 
g3	 43 	 15.56631 			 0.0 			 0.0			 15.56631 
g3	 44 	 15.56631 			 0.0 			 0.0			 15.56631 
g3	 45 	 15.56631 			 0.0 			 0.0			 15.56631 
g3	 46 	 15.56631 			 0.0 			 0.0			 15.56631 
g3	 47 	 17.845414 			 0.0 			 0.0			 17.845414 
g3	 48 	 17.845414 			 0.0 			 0.0			 17.845414 
g3	 49 	 17.845414 			 0.0 			 0.0			 17.845414 
g3	 50 	 17.845414 			 0.0 			 0.0			 17.845414 
g3	 51 	 17.845414 			 0.0 			 0.0			 17.845414 
g3	 52 	 71.331248 			 0.0 			 0.0			 71.331248 
g3	 53 	 196.663425 			 0.0 			 0.0			 196.663425 
g3	 54 	 96.337959 			 0.0 			 0.0			 96.337959 
g3	 55 	 -75.952294 			 0.0 			 0.0			 -75.952294 
g3	 56 	 71.050098 			 0.0 			 0.0			 71.050098 
g3	 57 	 -53.118897 			 0.0 			 0.0			 -53.118897 
g3	 58 	 52.442764 			 0.0 			 0.0			 52.442764 
g3	 59 	 52.442764 			 0.0 			 0.0			 52.442764 
g3	 60 	 -0.541458 			 0.0 			 0.0			 -0.541458 
g3	 61 	 -37.291047 			 0.0 			 0.0			 -37.291047 
g3	 62 	 -47.033443 			 0.0 			 0.0			 -47.033443 
g3	 63 	 23.960012 			 0.0 			 0.0			 23.960012 
g3	 64 	 23.960012 			 0.0 			 0.0			 23.960012 
g3	 65 	 23.960012 			 0.0 			 0.0			 23.960012 
g3	 66 	 23.960012 			 0.0 			 0.0			 23.960012 
g3	 67 	 23.960012 			 0.0 			 0.0			 23.960012 
g3	 68 	 23.960012 			 0.0 			 0.0			 23.960012 
g3	 69 	 -36.589186 			 0.0 			 0.0			 -36.589186 
g3	 70 	 23.960012 			 0.0 			 0.0			 23.960012 
g3	 71 	 23.960012 			 0.0 			 0.0			 23.960012 
g3	 72 	 3.961983 			 0.0 			 0.0			 3.961983 
g3	 73 	 17.420432 			 0.0 			 0.0			 17.420432 
g3	 74 	 50.92322 			 0.0 			 0.0			 50.92322 
g3	 75 	 -90.735886 			 0.0 			 0.0			 -90.735886 
g3	 76 	 -45.908131 			 0.0 			 0.0			 -45.908131 
g3	 77 	 37.07495 			 0.0 			 0.0			 37.07495 
g3	 78 	 17.845414 			 0.0 			 0.0			 17.845414 
g3	 79 	 17.845414 			 0.0 			 0.0			 17.845414 
g3	 80 	 17.845414 			 0.0 			 0.0			 17.845414 
g3	 81 	 17.845414 			 0.0 			 0.0			 17.845414 
g3	 82 	 86.681317 			 0.0 			 0.0			 86.681317 
g3	 83 	 15.56631 			 0.0 			 0.0			 15.56631 
g3	 84 	 29.428718 			 0.0 			 0.0			 29.428718 
g3	 85 	 0.0 			 0.0 			 0.0			 0.0 
g3	 86 	 0.0 			 0.0 			 0.0			 0.0 
g3	 87 	 0.0 			 0.0 			 0.0			 0.0 
g3	 88 	 0.0 			 0.0 			 0.0			 0.0 
g3	 89 	 0.0 			 0.0 			 0.0			 0.0 
g3	 90 	 0.0 			 0.0 			 0.0			 0.0 
g3	 91 	 0.0 			 0.0 			 0.0			 0.0 
g3	 92 	 0.0 			 0.0 			 0.0			 0.0 
g3	 93 	 0.0 			 0.0 			 0.0			 0.0 
g3	 94 	 0.0 			 0.0 			 0.0			 0.0 
g3	 95 	 0.0 			 0.0 			 0.0			 0.0 
g3	 96 	 0.0 			 0.0 			 0.0			 0.0 
----------------------------------------------------------------------------------------------------
g4	 1 	 0.0 			 0.0 			 0.0			 0.0 
g4	 2 	 0.0 			 0.0 			 0.0			 0.0 
g4	 3 	 0.0 			 0.0 			 0.0			 0.0 
g4	 4 	 0.0 			 0.0 			 0.0			 0.0 
g4	 5 	 0.0 			 0.0 			 0.0			 0.0 
g4	 6 	 0.0 			 0.0 			 0.0			 0.0 
g4	 7 	 0.0 			 0.0 			 0.0			 0.0 
g4	 8 	 0.0 			 0.0 			 0.0			 0.0 
g4	 9 	 0.0 			 0.0 			 0.0			 0.0 
g4	 10 	 0.0 			 0.0 			 0.0			 0.0 
g4	 11 	 0.0 			 0.0 			 0.0			 0.0 
g4	 12 	 0.0 			 0.0 			 0.0			 0.0 
g4	 13 	 0.0 			 0.0 			 0.0			 0.0 
g4	 14 	 0.0 			 0.0 			 0.0			 0.0 
g4	 15 	 0.0 			 0.0 			 0.0			 0.0 
g4	 16 	 0.0 			 0.0 			 0.0			 0.0 
g4	 17 	 0.0 			 0.0 			 0.0			 0.0 
g4	 18 	 0.0 			 0.0 			 0.0			 0.0 
g4	 19 	 0.0 			 0.0 			 0.0			 0.0 
g4	 20 	 0.0 			 0.0 			 0.0			 0.0 
g4	 21 	 0.0 			 0.0 			 0.0			 0.0 
g4	 22 	 0.0 			 0.0 			 0.0			 0.0 
g4	 23 	 0.0 			 0.0 			 0.0			 0.0 
g4	 24 	 0.0 			 0.0 			 0.0			 0.0 
g4	 25 	 0.0 			 0.0 			 0.0			 0.0 
g4	 26 	 0.0 			 0.0 			 0.0			 0.0 
g4	 27 	 0.0 			 0.0 			 0.0			 0.0 
g4	 28 	 0.0 			 0.0 			 0.0			 0.0 
g4	 29 	 0.0 			 0.0 			 0.0			 0.0 
g4	 30 	 0.0 			 0.0 			 0.0			 0.0 
g4	 31 	 0.0 			 0.0 			 0.0			 0.0 
g4	 32 	 0.0 			 0.0 			 0.0			 0.0 
g4	 33 	 0.0 			 0.0 			 0.0			 0.0 
g4	 34 	 0.0 			 0.0 			 0.0			 0.0 
g4	 35 	 0.0 			 0.0 			 0.0			 0.0 
g4	 36 	 0.0 			 0.0 			 0.0			 0.0 
g4	 37 	 0.0 			 0.0 			 0.0			 0.0 
g4	 38 	 0.0 			 0.0 			 0.0			 0.0 
g4	 39 	 0.0 			 0.0 			 0.0			 0.0 
g4	 40 	 0.0 			 0.0 			 0.0			 0.0 
g4	 41 	 0.0 			 0.0 			 0.0			 0.0 
g4	 42 	 0.0 			 0.0 			 0.0			 0.0 
g4	 43 	 0.0 			 0.0 			 0.0			 0.0 
g4	 44 	 0.0 			 0.0 			 0.0			 0.0 
g4	 45 	 0.0 			 0.0 			 0.0			 0.0 
g4	 46 	 0.0 			 0.0 			 0.0			 0.0 
g4	 47 	 0.0 			 0.0 			 0.0			 0.0 
g4	 48 	 0.0 			 0.0 			 0.0			 0.0 
g4	 49 	 0.0 			 0.0 			 0.0			 0.0 
g4	 50 	 0.0 			 0.0 			 0.0			 0.0 
g4	 51 	 0.0 			 0.0 			 0.0			 0.0 
g4	 52 	 0.0 			 0.0 			 0.0			 0.0 
g4	 53 	 0.0 			 0.0 			 0.0			 0.0 
g4	 54 	 0.0 			 0.0 			 0.0			 0.0 
g4	 55 	 0.0 			 0.0 			 0.0			 0.0 
g4	 56 	 0.0 			 0.0 			 0.0			 0.0 
g4	 57 	 0.0 			 0.0 			 0.0			 0.0 
g4	 58 	 0.0 			 0.0 			 0.0			 0.0 
g4	 59 	 0.0 			 0.0 			 0.0			 0.0 
g4	 60 	 0.0 			 0.0 			 0.0			 0.0 
g4	 61 	 0.0 			 0.0 			 0.0			 0.0 
g4	 62 	 0.0 			 0.0 			 0.0			 0.0 
g4	 63 	 0.0 			 0.0 			 0.0			 0.0 
g4	 64 	 0.0 			 0.0 			 0.0			 0.0 
g4	 65 	 0.0 			 0.0 			 0.0			 0.0 
g4	 66 	 0.0 			 0.0 			 0.0			 0.0 
g4	 67 	 0.0 			 0.0 			 0.0			 0.0 
g4	 68 	 0.0 			 0.0 			 0.0			 0.0 
g4	 69 	 0.0 			 0.0 			 0.0			 0.0 
g4	 70 	 0.0 			 0.0 			 0.0			 0.0 
g4	 71 	 0.0 			 0.0 			 0.0			 0.0 
g4	 72 	 0.0 			 0.0 			 0.0			 0.0 
g4	 73 	 0.0 			 0.0 			 0.0			 0.0 
g4	 74 	 0.0 			 0.0 			 0.0			 0.0 
g4	 75 	 0.0 			 0.0 			 0.0			 0.0 
g4	 76 	 0.0 			 0.0 			 0.0			 0.0 
g4	 77 	 0.0 			 0.0 			 0.0			 0.0 
g4	 78 	 0.0 			 0.0 			 0.0			 0.0 
g4	 79 	 0.0 			 0.0 			 0.0			 0.0 
g4	 80 	 0.0 			 0.0 			 0.0			 0.0 
g4	 81 	 0.0 			 0.0 			 0.0			 0.0 
g4	 82 	 0.0 			 0.0 			 0.0			 0.0 
g4	 83 	 0.0 			 0.0 			 0.0			 0.0 
g4	 84 	 0.0 			 0.0 			 0.0			 0.0 
g4	 85 	 0.0 			 0.0 			 0.0			 0.0 
g4	 86 	 0.0 			 0.0 			 0.0			 0.0 
g4	 87 	 0.0 			 0.0 			 0.0			 0.0 
g4	 88 	 0.0 			 0.0 			 0.0			 0.0 
g4	 89 	 0.0 			 0.0 			 0.0			 0.0 
g4	 90 	 0.0 			 0.0 			 0.0			 0.0 
g4	 91 	 0.0 			 0.0 			 0.0			 0.0 
g4	 92 	 0.0 			 0.0 			 0.0			 0.0 
g4	 93 	 0.0 			 0.0 			 0.0			 0.0 
g4	 94 	 0.0 			 0.0 			 0.0			 0.0 
g4	 95 	 0.0 			 0.0 			 0.0			 0.0 
g4	 96 	 0.0 			 0.0 			 0.0			 0.0 
----------------------------------------------------------------------------------------------------
g5	 1 	 0.0 			 0.0 			 0.0			 0.0 
g5	 2 	 0.0 			 0.0 			 0.0			 0.0 
g5	 3 	 0.0 			 0.0 			 0.0			 0.0 
g5	 4 	 0.0 			 0.0 			 0.0			 0.0 
g5	 5 	 0.0 			 0.0 			 0.0			 0.0 
g5	 6 	 0.0 			 0.0 			 0.0			 0.0 
g5	 7 	 0.0 			 0.0 			 0.0			 0.0 
g5	 8 	 0.0 			 0.0 			 0.0			 0.0 
g5	 9 	 0.0 			 0.0 			 0.0			 0.0 
g5	 10 	 0.0 			 0.0 			 0.0			 0.0 
g5	 11 	 0.0 			 0.0 			 0.0			 0.0 
g5	 12 	 0.0 			 0.0 			 0.0			 0.0 
g5	 13 	 0.0 			 0.0 			 0.0			 0.0 
g5	 14 	 0.0 			 0.0 			 0.0			 0.0 
g5	 15 	 0.0 			 0.0 			 0.0			 0.0 
g5	 16 	 0.0 			 0.0 			 0.0			 0.0 
g5	 17 	 0.0 			 0.0 			 0.0			 0.0 
g5	 18 	 0.0 			 0.0 			 0.0			 0.0 
g5	 19 	 0.0 			 0.0 			 0.0			 0.0 
g5	 20 	 0.0 			 0.0 			 0.0			 0.0 
g5	 21 	 0.0 			 0.0 			 0.0			 0.0 
g5	 22 	 0.0 			 0.0 			 0.0			 0.0 
g5	 23 	 0.0 			 0.0 			 0.0			 0.0 
g5	 24 	 0.0 			 0.0 			 0.0			 0.0 
g5	 25 	 21.893178 			 0.0 			 0.0			 21.893178 
g5	 26 	 21.893178 			 0.0 			 0.0			 21.893178 
g5	 27 	 21.893178 			 0.0 			 0.0			 21.893178 
g5	 28 	 21.893178 			 0.0 			 0.0			 21.893178 
g5	 29 	 22.372141 			 0.0 			 0.0			 22.372141 
g5	 30 	 22.372141 			 0.0 			 0.0			 22.372141 
g5	 31 	 22.372141 			 0.0 			 0.0			 22.372141 
g5	 32 	 22.372141 			 0.0 			 0.0			 22.372141 
g5	 33 	 22.372141 			 0.0 			 0.0			 22.372141 
g5	 34 	 22.372141 			 0.0 			 0.0			 22.372141 
g5	 35 	 22.372141 			 0.0 			 0.0			 22.372141 
g5	 36 	 22.372141 			 0.0 			 0.0			 22.372141 
g5	 37 	 22.372141 			 0.0 			 0.0			 22.372141 
g5	 38 	 22.372141 			 0.0 			 0.0			 22.372141 
g5	 39 	 22.372141 			 0.0 			 0.0			 22.372141 
g5	 40 	 22.372141 			 0.0 			 0.0			 22.372141 
g5	 41 	 22.372141 			 0.0 			 0.0			 22.372141 
g5	 42 	 22.372141 			 0.0 			 0.0			 22.372141 
g5	 43 	 22.372141 			 0.0 			 0.0			 22.372141 
g5	 44 	 22.372141 			 0.0 			 0.0			 22.372141 
g5	 45 	 20.182379 			 0.0 			 0.0			 20.182379 
g5	 46 	 20.182379 			 0.0 			 0.0			 20.182379 
g5	 47 	 77.35004 			 0.0 			 0.0			 77.35004 
g5	 48 	 162.629787 			 0.0 			 0.0			 162.629787 
g5	 49 	 20.469302 			 0.0 			 0.0			 20.469302 
g5	 50 	 19.325088 			 0.0 			 0.0			 19.325088 
g5	 51 	 -116.859903 			 0.0 			 0.0			 -116.859903 
g5	 52 	 -36.479334 			 0.0 			 0.0			 -36.479334 
g5	 53 	 124.826535 			 0.0 			 0.0			 124.826535 
g5	 54 	 29.557736 			 0.0 			 0.0			 29.557736 
g5	 55 	 10.941807 			 0.0 			 0.0			 10.941807 
g5	 56 	 27.60272 			 0.0 			 0.0			 27.60272 
g5	 57 	 27.60272 			 0.0 			 0.0			 27.60272 
g5	 58 	 127.538238 			 0.0 			 0.0			 127.538238 
g5	 59 	 158.665251 			 0.0 			 0.0			 158.665251 
g5	 60 	 27.60272 			 0.0 			 0.0			 27.60272 
g5	 61 	 3.711402 			 0.0 			 0.0			 3.711402 
g5	 62 	 3.711402 			 0.0 			 0.0			 3.711402 
g5	 63 	 136.552477 			 0.0 			 0.0			 136.552477 
g5	 64 	 79.783206 			 0.0 			 0.0			 79.783206 
g5	 65 	 2.972603 			 0.0 			 0.0			 2.972603 
g5	 66 	 69.307535 			 0.0 			 0.0			 69.307535 
g5	 67 	 119.402992 			 0.0 			 0.0			 119.402992 
g5	 68 	 111.87179 			 0.0 			 0.0			 111.87179 
g5	 69 	 -41.618023 			 0.0 			 0.0			 -41.618023 
g5	 70 	 133.37266 			 0.0 			 0.0			 133.37266 
g5	 71 	 132.606523 			 0.0 			 0.0			 132.606523 
g5	 72 	 -41.618023 			 0.0 			 0.0			 -41.618023 
g5	 73 	 27.60272 			 0.0 			 0.0			 27.60272 
g5	 74 	 27.60272 			 0.0 			 0.0			 27.60272 
g5	 75 	 27.60272 			 0.0 			 0.0			 27.60272 
g5	 76 	 27.60272 			 0.0 			 0.0			 27.60272 
g5	 77 	 38.713191 			 0.0 			 0.0			 38.713191 
g5	 78 	 13.864848 			 0.0 			 0.0			 13.864848 
g5	 79 	 -13.418725 			 0.0 			 0.0			 -13.418725 
g5	 80 	 -52.321607 			 0.0 			 0.0			 -52.321607 
g5	 81 	 -5.924307 			 0.0 			 0.0			 -5.924307 
g5	 82 	 91.86561 			 0.0 			 0.0			 91.86561 
g5	 83 	 -69.399531 			 0.0 			 0.0			 -69.399531 
g5	 84 	 91.86561 			 0.0 			 0.0			 91.86561 
g5	 85 	 42.758467 			 0.0 			 0.0			 42.758467 
g5	 86 	 81.986591 			 0.0 			 0.0			 81.986591 
g5	 87 	 27.287773 			 0.0 			 0.0			 27.287773 
g5	 88 	 181.152996 			 0.0 			 0.0			 181.152996 
g5	 89 	 86.320851 			 0.0 			 0.0			 86.320851 
g5	 90 	 22.372141 			 0.0 			 0.0			 22.372141 
g5	 91 	 22.372141 			 0.0 			 0.0			 22.372141 
g5	 92 	 22.372141 			 0.0 			 0.0			 22.372141 
g5	 93 	 22.372141 			 0.0 			 0.0			 22.372141 
g5	 94 	 22.372141 			 0.0 			 0.0			 22.372141 
g5	 95 	 22.372141 			 0.0 			 0.0			 22.372141 
g5	 96 	 22.372141 			 0.0 			 0.0			 22.372141 
----------------------------------------------------------------------------------------------------------------
unit 	 generation payment 	 up-FRP payment 	 dw-FRP payment 	pre-up total payment
----------------------------------------------------------------------------------------------------------------
 g1 	 17406.601438			 0.000000			 0.000000			 17406.601438
 g2 	 0.000000			 0.000000			 0.000000			 0.000000
 g3 	 964.372008			 0.000000			 0.000000			 964.372008
 g4 	 0.000000			 0.000000			 0.000000			 0.000000
 g5 	 2638.488611			 0.000000			 0.000000			 2638.488611
----------------------------------------------------------------------------------------------------
generation payment 	 up-FRP payment 	 dw-FRP payment 	 pre-up total payment
----------------------------------------------------------------------------------------------------
21009.462057 			 0.0 			 0.0 			 21009.462057
 
****************************************************************************************************
 
Generation costs
----------------------------------------------------------------------------------------------------
unit	 time 	 generation cost 	 start-up cost  	total cost
----------------------------------------------------------------------------------------------------
g1	 1 	 2489.957095 			 0.0 			2489.957095
g1	 2 	 2424.873407 			 0.0 			2424.873407
g1	 3 	 2392.361439 			 0.0 			2392.361439
g1	 4 	 2340.813773 			 0.0 			2340.813773
g1	 5 	 2250.641526 			 0.0 			2250.641526
g1	 6 	 2342.919445 			 0.0 			2342.919445
g1	 7 	 2284.362699 			 0.0 			2284.362699
g1	 8 	 2293.979109 			 0.0 			2293.979109
g1	 9 	 2136.497584 			 0.0 			2136.497584
g1	 10 	 2131.966777 			 0.0 			2131.966777
g1	 11 	 2059.533344 			 0.0 			2059.533344
g1	 12 	 2155.459957 			 0.0 			2155.459957
g1	 13 	 2085.441257 			 0.0 			2085.441257
g1	 14 	 2071.061773 			 0.0 			2071.061773
g1	 15 	 2087.857862 			 0.0 			2087.857862
g1	 16 	 2140.607605 			 0.0 			2140.607605
g1	 17 	 2081.805495 			 0.0 			2081.805495
g1	 18 	 2101.439913 			 0.0 			2101.439913
g1	 19 	 2176.892072 			 0.0 			2176.892072
g1	 20 	 2148.035097 			 0.0 			2148.035097
g1	 21 	 2206.088651 			 0.0 			2206.088651
g1	 22 	 2242.493223 			 0.0 			2242.493223
g1	 23 	 2277.883185 			 0.0 			2277.883185
g1	 24 	 2197.761803 			 0.0 			2197.761803
g1	 25 	 2211.75669 			 0.0 			2211.75669
g1	 26 	 2176.885271 			 0.0 			2176.885271
g1	 27 	 2279.161946 			 0.0 			2279.161946
g1	 28 	 2147.501825 			 0.0 			2147.501825
g1	 29 	 2468.83356 			 0.0 			2468.83356
g1	 30 	 2381.960299 			 0.0 			2381.960299
g1	 31 	 2512.026348 			 0.0 			2512.026348
g1	 32 	 2424.000023 			 0.0 			2424.000023
g1	 33 	 2412.261783 			 0.0 			2412.261783
g1	 34 	 2427.717128 			 0.0 			2427.717128
g1	 35 	 2418.686674 			 0.0 			2418.686674
g1	 36 	 2425.336961 			 0.0 			2425.336961
g1	 37 	 2659.132448 			 0.0 			2659.132448
g1	 38 	 2716.322369 			 0.0 			2716.322369
g1	 39 	 2682.602944 			 0.0 			2682.602944
g1	 40 	 2647.321764 			 0.0 			2647.321764
g1	 41 	 2910.435864 			 0.0 			2910.435864
g1	 42 	 2753.073184 			 0.0 			2753.073184
g1	 43 	 2942.275166 			 0.0 			2942.275166
g1	 44 	 2790.741222 			 0.0 			2790.741222
g1	 45 	 3052.001084 			 0.0 			3052.001084
g1	 46 	 2942.768799 			 0.0 			2942.768799
g1	 47 	 3058.233409 			 0.0 			3058.233409
g1	 48 	 3058.233409 			 0.0 			3058.233409
g1	 49 	 3058.233409 			 0.0 			3058.233409
g1	 50 	 3058.233409 			 0.0 			3058.233409
g1	 51 	 3058.233409 			 0.0 			3058.233409
g1	 52 	 2938.847505 			 0.0 			2938.847505
g1	 53 	 3058.233409 			 0.0 			3058.233409
g1	 54 	 3058.233409 			 0.0 			3058.233409
g1	 55 	 3058.233409 			 0.0 			3058.233409
g1	 56 	 3058.233409 			 0.0 			3058.233409
g1	 57 	 3058.233409 			 0.0 			3058.233409
g1	 58 	 3058.233409 			 0.0 			3058.233409
g1	 59 	 3058.233409 			 0.0 			3058.233409
g1	 60 	 3058.233409 			 0.0 			3058.233409
g1	 61 	 3058.233409 			 0.0 			3058.233409
g1	 62 	 3058.233409 			 0.0 			3058.233409
g1	 63 	 3058.233409 			 0.0 			3058.233409
g1	 64 	 3058.233409 			 0.0 			3058.233409
g1	 65 	 3058.233409 			 0.0 			3058.233409
g1	 66 	 3058.233409 			 0.0 			3058.233409
g1	 67 	 3058.233409 			 0.0 			3058.233409
g1	 68 	 3058.233409 			 0.0 			3058.233409
g1	 69 	 3058.233409 			 0.0 			3058.233409
g1	 70 	 3058.233409 			 0.0 			3058.233409
g1	 71 	 3058.233409 			 0.0 			3058.233409
g1	 72 	 3058.233409 			 0.0 			3058.233409
g1	 73 	 3058.233409 			 0.0 			3058.233409
g1	 74 	 3058.233409 			 0.0 			3058.233409
g1	 75 	 3058.233409 			 0.0 			3058.233409
g1	 76 	 3058.233409 			 0.0 			3058.233409
g1	 77 	 3058.233409 			 0.0 			3058.233409
g1	 78 	 3058.233409 			 0.0 			3058.233409
g1	 79 	 3058.233409 			 0.0 			3058.233409
g1	 80 	 3058.233409 			 0.0 			3058.233409
g1	 81 	 3058.233409 			 0.0 			3058.233409
g1	 82 	 3058.233409 			 0.0 			3058.233409
g1	 83 	 3037.904219 			 0.0 			3037.904219
g1	 84 	 3058.233409 			 0.0 			3058.233409
g1	 85 	 3058.233409 			 0.0 			3058.233409
g1	 86 	 3058.233409 			 0.0 			3058.233409
g1	 87 	 3058.233409 			 0.0 			3058.233409
g1	 88 	 3058.233409 			 0.0 			3058.233409
g1	 89 	 2736.66255 			 0.0 			2736.66255
g1	 90 	 2852.222979 			 0.0 			2852.222979
g1	 91 	 2879.169688 			 0.0 			2879.169688
g1	 92 	 2939.818321 			 0.0 			2939.818321
g1	 93 	 2570.611638 			 0.0 			2570.611638
g1	 94 	 2667.247426 			 0.0 			2667.247426
g1	 95 	 2600.237535 			 0.0 			2600.237535
g1	 96 	 2612.203595 			 0.0 			2612.203595
----------------------------------------------------------------------------------------------------
g2	 1 	 0.0 			 0.0 			0.0
g2	 2 	 0.0 			 0.0 			0.0
g2	 3 	 0.0 			 0.0 			0.0
g2	 4 	 0.0 			 0.0 			0.0
g2	 5 	 0.0 			 0.0 			0.0
g2	 6 	 0.0 			 0.0 			0.0
g2	 7 	 0.0 			 0.0 			0.0
g2	 8 	 0.0 			 0.0 			0.0
g2	 9 	 0.0 			 0.0 			0.0
g2	 10 	 0.0 			 0.0 			0.0
g2	 11 	 0.0 			 0.0 			0.0
g2	 12 	 0.0 			 0.0 			0.0
g2	 13 	 0.0 			 0.0 			0.0
g2	 14 	 0.0 			 0.0 			0.0
g2	 15 	 0.0 			 0.0 			0.0
g2	 16 	 0.0 			 0.0 			0.0
g2	 17 	 0.0 			 0.0 			0.0
g2	 18 	 0.0 			 0.0 			0.0
g2	 19 	 0.0 			 0.0 			0.0
g2	 20 	 0.0 			 0.0 			0.0
g2	 21 	 0.0 			 0.0 			0.0
g2	 22 	 0.0 			 0.0 			0.0
g2	 23 	 0.0 			 0.0 			0.0
g2	 24 	 0.0 			 0.0 			0.0
g2	 25 	 0.0 			 0.0 			0.0
g2	 26 	 0.0 			 0.0 			0.0
g2	 27 	 0.0 			 0.0 			0.0
g2	 28 	 0.0 			 0.0 			0.0
g2	 29 	 0.0 			 0.0 			0.0
g2	 30 	 0.0 			 0.0 			0.0
g2	 31 	 0.0 			 0.0 			0.0
g2	 32 	 0.0 			 0.0 			0.0
g2	 33 	 0.0 			 0.0 			0.0
g2	 34 	 0.0 			 0.0 			0.0
g2	 35 	 0.0 			 0.0 			0.0
g2	 36 	 0.0 			 0.0 			0.0
g2	 37 	 0.0 			 0.0 			0.0
g2	 38 	 0.0 			 0.0 			0.0
g2	 39 	 0.0 			 0.0 			0.0
g2	 40 	 0.0 			 0.0 			0.0
g2	 41 	 0.0 			 0.0 			0.0
g2	 42 	 0.0 			 0.0 			0.0
g2	 43 	 0.0 			 0.0 			0.0
g2	 44 	 0.0 			 0.0 			0.0
g2	 45 	 0.0 			 0.0 			0.0
g2	 46 	 0.0 			 0.0 			0.0
g2	 47 	 0.0 			 0.0 			0.0
g2	 48 	 0.0 			 0.0 			0.0
g2	 49 	 0.0 			 0.0 			0.0
g2	 50 	 0.0 			 0.0 			0.0
g2	 51 	 0.0 			 0.0 			0.0
g2	 52 	 0.0 			 0.0 			0.0
g2	 53 	 0.0 			 0.0 			0.0
g2	 54 	 0.0 			 0.0 			0.0
g2	 55 	 0.0 			 0.0 			0.0
g2	 56 	 0.0 			 0.0 			0.0
g2	 57 	 0.0 			 0.0 			0.0
g2	 58 	 0.0 			 0.0 			0.0
g2	 59 	 0.0 			 0.0 			0.0
g2	 60 	 0.0 			 0.0 			0.0
g2	 61 	 0.0 			 0.0 			0.0
g2	 62 	 0.0 			 0.0 			0.0
g2	 63 	 0.0 			 0.0 			0.0
g2	 64 	 0.0 			 0.0 			0.0
g2	 65 	 0.0 			 0.0 			0.0
g2	 66 	 0.0 			 0.0 			0.0
g2	 67 	 0.0 			 0.0 			0.0
g2	 68 	 0.0 			 0.0 			0.0
g2	 69 	 0.0 			 0.0 			0.0
g2	 70 	 0.0 			 0.0 			0.0
g2	 71 	 0.0 			 0.0 			0.0
g2	 72 	 0.0 			 0.0 			0.0
g2	 73 	 0.0 			 0.0 			0.0
g2	 74 	 0.0 			 0.0 			0.0
g2	 75 	 0.0 			 0.0 			0.0
g2	 76 	 0.0 			 0.0 			0.0
g2	 77 	 0.0 			 0.0 			0.0
g2	 78 	 0.0 			 0.0 			0.0
g2	 79 	 0.0 			 0.0 			0.0
g2	 80 	 0.0 			 0.0 			0.0
g2	 81 	 0.0 			 0.0 			0.0
g2	 82 	 0.0 			 0.0 			0.0
g2	 83 	 0.0 			 0.0 			0.0
g2	 84 	 0.0 			 0.0 			0.0
g2	 85 	 0.0 			 0.0 			0.0
g2	 86 	 0.0 			 0.0 			0.0
g2	 87 	 0.0 			 0.0 			0.0
g2	 88 	 0.0 			 0.0 			0.0
g2	 89 	 0.0 			 0.0 			0.0
g2	 90 	 0.0 			 0.0 			0.0
g2	 91 	 0.0 			 0.0 			0.0
g2	 92 	 0.0 			 0.0 			0.0
g2	 93 	 0.0 			 0.0 			0.0
g2	 94 	 0.0 			 0.0 			0.0
g2	 95 	 0.0 			 0.0 			0.0
g2	 96 	 0.0 			 0.0 			0.0
----------------------------------------------------------------------------------------------------
g3	 1 	 0.0 			 0.0 			0.0
g3	 2 	 0.0 			 0.0 			0.0
g3	 3 	 0.0 			 0.0 			0.0
g3	 4 	 0.0 			 0.0 			0.0
g3	 5 	 0.0 			 0.0 			0.0
g3	 6 	 0.0 			 0.0 			0.0
g3	 7 	 0.0 			 0.0 			0.0
g3	 8 	 0.0 			 0.0 			0.0
g3	 9 	 0.0 			 0.0 			0.0
g3	 10 	 0.0 			 0.0 			0.0
g3	 11 	 0.0 			 0.0 			0.0
g3	 12 	 0.0 			 0.0 			0.0
g3	 13 	 0.0 			 0.0 			0.0
g3	 14 	 0.0 			 0.0 			0.0
g3	 15 	 0.0 			 0.0 			0.0
g3	 16 	 0.0 			 0.0 			0.0
g3	 17 	 0.0 			 0.0 			0.0
g3	 18 	 0.0 			 0.0 			0.0
g3	 19 	 0.0 			 0.0 			0.0
g3	 20 	 0.0 			 0.0 			0.0
g3	 21 	 0.0 			 0.0 			0.0
g3	 22 	 0.0 			 0.0 			0.0
g3	 23 	 0.0 			 0.0 			0.0
g3	 24 	 0.0 			 0.0 			0.0
g3	 25 	 0.0 			 0.0 			0.0
g3	 26 	 0.0 			 0.0 			0.0
g3	 27 	 0.0 			 0.0 			0.0
g3	 28 	 0.0 			 0.0 			0.0
g3	 29 	 0.0 			 0.0 			0.0
g3	 30 	 0.0 			 0.0 			0.0
g3	 31 	 0.0 			 0.0 			0.0
g3	 32 	 0.0 			 0.0 			0.0
g3	 33 	 350.954412 			 4595.43 			4946.384412
g3	 34 	 350.954412 			 0.0 			350.954412
g3	 35 	 350.954412 			 0.0 			350.954412
g3	 36 	 350.954412 			 0.0 			350.954412
g3	 37 	 350.954412 			 0.0 			350.954412
g3	 38 	 350.954412 			 0.0 			350.954412
g3	 39 	 350.954412 			 0.0 			350.954412
g3	 40 	 350.954412 			 0.0 			350.954412
g3	 41 	 350.954412 			 0.0 			350.954412
g3	 42 	 350.954412 			 0.0 			350.954412
g3	 43 	 350.954412 			 0.0 			350.954412
g3	 44 	 350.954412 			 0.0 			350.954412
g3	 45 	 350.954412 			 0.0 			350.954412
g3	 46 	 350.954412 			 0.0 			350.954412
g3	 47 	 350.954412 			 0.0 			350.954412
g3	 48 	 350.954412 			 0.0 			350.954412
g3	 49 	 350.954412 			 0.0 			350.954412
g3	 50 	 350.954412 			 0.0 			350.954412
g3	 51 	 350.954412 			 0.0 			350.954412
g3	 52 	 419.757124 			 0.0 			419.757124
g3	 53 	 591.464889 			 0.0 			591.464889
g3	 54 	 537.483246 			 0.0 			537.483246
g3	 55 	 365.775482 			 0.0 			365.775482
g3	 56 	 518.567399 			 0.0 			518.567399
g3	 57 	 496.309297 			 0.0 			496.309297
g3	 58 	 591.464889 			 0.0 			591.464889
g3	 59 	 591.464889 			 0.0 			591.464889
g3	 60 	 548.886746 			 0.0 			548.886746
g3	 61 	 534.968151 			 0.0 			534.968151
g3	 62 	 525.225761 			 0.0 			525.225761
g3	 63 	 591.464889 			 0.0 			591.464889
g3	 64 	 591.464889 			 0.0 			591.464889
g3	 65 	 591.464889 			 0.0 			591.464889
g3	 66 	 591.464889 			 0.0 			591.464889
g3	 67 	 591.464889 			 0.0 			591.464889
g3	 68 	 591.464889 			 0.0 			591.464889
g3	 69 	 535.670015 			 0.0 			535.670015
g3	 70 	 591.464889 			 0.0 			591.464889
g3	 71 	 591.464889 			 0.0 			591.464889
g3	 72 	 576.221176 			 0.0 			576.221176
g3	 73 	 479.726184 			 0.0 			479.726184
g3	 74 	 513.228974 			 0.0 			513.228974
g3	 75 	 371.569863 			 0.0 			371.569863
g3	 76 	 416.397623 			 0.0 			416.397623
g3	 77 	 368.823667 			 0.0 			368.823667
g3	 78 	 350.954412 			 0.0 			350.954412
g3	 79 	 350.954412 			 0.0 			350.954412
g3	 80 	 350.954412 			 0.0 			350.954412
g3	 81 	 350.954412 			 0.0 			350.954412
g3	 82 	 418.430041 			 0.0 			418.430041
g3	 83 	 350.954412 			 0.0 			350.954412
g3	 84 	 361.177433 			 0.0 			361.177433
g3	 85 	 0.0 			 0.0 			0.0
g3	 86 	 0.0 			 0.0 			0.0
g3	 87 	 0.0 			 0.0 			0.0
g3	 88 	 0.0 			 0.0 			0.0
g3	 89 	 0.0 			 0.0 			0.0
g3	 90 	 0.0 			 0.0 			0.0
g3	 91 	 0.0 			 0.0 			0.0
g3	 92 	 0.0 			 0.0 			0.0
g3	 93 	 0.0 			 0.0 			0.0
g3	 94 	 0.0 			 0.0 			0.0
g3	 95 	 0.0 			 0.0 			0.0
g3	 96 	 0.0 			 0.0 			0.0
----------------------------------------------------------------------------------------------------
g4	 1 	 0.0 			 0.0 			0.0
g4	 2 	 0.0 			 0.0 			0.0
g4	 3 	 0.0 			 0.0 			0.0
g4	 4 	 0.0 			 0.0 			0.0
g4	 5 	 0.0 			 0.0 			0.0
g4	 6 	 0.0 			 0.0 			0.0
g4	 7 	 0.0 			 0.0 			0.0
g4	 8 	 0.0 			 0.0 			0.0
g4	 9 	 0.0 			 0.0 			0.0
g4	 10 	 0.0 			 0.0 			0.0
g4	 11 	 0.0 			 0.0 			0.0
g4	 12 	 0.0 			 0.0 			0.0
g4	 13 	 0.0 			 0.0 			0.0
g4	 14 	 0.0 			 0.0 			0.0
g4	 15 	 0.0 			 0.0 			0.0
g4	 16 	 0.0 			 0.0 			0.0
g4	 17 	 0.0 			 0.0 			0.0
g4	 18 	 0.0 			 0.0 			0.0
g4	 19 	 0.0 			 0.0 			0.0
g4	 20 	 0.0 			 0.0 			0.0
g4	 21 	 0.0 			 0.0 			0.0
g4	 22 	 0.0 			 0.0 			0.0
g4	 23 	 0.0 			 0.0 			0.0
g4	 24 	 0.0 			 0.0 			0.0
g4	 25 	 0.0 			 0.0 			0.0
g4	 26 	 0.0 			 0.0 			0.0
g4	 27 	 0.0 			 0.0 			0.0
g4	 28 	 0.0 			 0.0 			0.0
g4	 29 	 0.0 			 0.0 			0.0
g4	 30 	 0.0 			 0.0 			0.0
g4	 31 	 0.0 			 0.0 			0.0
g4	 32 	 0.0 			 0.0 			0.0
g4	 33 	 0.0 			 0.0 			0.0
g4	 34 	 0.0 			 0.0 			0.0
g4	 35 	 0.0 			 0.0 			0.0
g4	 36 	 0.0 			 0.0 			0.0
g4	 37 	 0.0 			 0.0 			0.0
g4	 38 	 0.0 			 0.0 			0.0
g4	 39 	 0.0 			 0.0 			0.0
g4	 40 	 0.0 			 0.0 			0.0
g4	 41 	 0.0 			 0.0 			0.0
g4	 42 	 0.0 			 0.0 			0.0
g4	 43 	 0.0 			 0.0 			0.0
g4	 44 	 0.0 			 0.0 			0.0
g4	 45 	 0.0 			 0.0 			0.0
g4	 46 	 0.0 			 0.0 			0.0
g4	 47 	 0.0 			 0.0 			0.0
g4	 48 	 0.0 			 0.0 			0.0
g4	 49 	 0.0 			 0.0 			0.0
g4	 50 	 0.0 			 0.0 			0.0
g4	 51 	 0.0 			 0.0 			0.0
g4	 52 	 0.0 			 0.0 			0.0
g4	 53 	 0.0 			 0.0 			0.0
g4	 54 	 0.0 			 0.0 			0.0
g4	 55 	 0.0 			 0.0 			0.0
g4	 56 	 0.0 			 0.0 			0.0
g4	 57 	 0.0 			 0.0 			0.0
g4	 58 	 0.0 			 0.0 			0.0
g4	 59 	 0.0 			 0.0 			0.0
g4	 60 	 0.0 			 0.0 			0.0
g4	 61 	 0.0 			 0.0 			0.0
g4	 62 	 0.0 			 0.0 			0.0
g4	 63 	 0.0 			 0.0 			0.0
g4	 64 	 0.0 			 0.0 			0.0
g4	 65 	 0.0 			 0.0 			0.0
g4	 66 	 0.0 			 0.0 			0.0
g4	 67 	 0.0 			 0.0 			0.0
g4	 68 	 0.0 			 0.0 			0.0
g4	 69 	 0.0 			 0.0 			0.0
g4	 70 	 0.0 			 0.0 			0.0
g4	 71 	 0.0 			 0.0 			0.0
g4	 72 	 0.0 			 0.0 			0.0
g4	 73 	 0.0 			 0.0 			0.0
g4	 74 	 0.0 			 0.0 			0.0
g4	 75 	 0.0 			 0.0 			0.0
g4	 76 	 0.0 			 0.0 			0.0
g4	 77 	 0.0 			 0.0 			0.0
g4	 78 	 0.0 			 0.0 			0.0
g4	 79 	 0.0 			 0.0 			0.0
g4	 80 	 0.0 			 0.0 			0.0
g4	 81 	 0.0 			 0.0 			0.0
g4	 82 	 0.0 			 0.0 			0.0
g4	 83 	 0.0 			 0.0 			0.0
g4	 84 	 0.0 			 0.0 			0.0
g4	 85 	 0.0 			 0.0 			0.0
g4	 86 	 0.0 			 0.0 			0.0
g4	 87 	 0.0 			 0.0 			0.0
g4	 88 	 0.0 			 0.0 			0.0
g4	 89 	 0.0 			 0.0 			0.0
g4	 90 	 0.0 			 0.0 			0.0
g4	 91 	 0.0 			 0.0 			0.0
g4	 92 	 0.0 			 0.0 			0.0
g4	 93 	 0.0 			 0.0 			0.0
g4	 94 	 0.0 			 0.0 			0.0
g4	 95 	 0.0 			 0.0 			0.0
g4	 96 	 0.0 			 0.0 			0.0
----------------------------------------------------------------------------------------------------
g5	 1 	 0.0 			 0.0 			0.0
g5	 2 	 0.0 			 0.0 			0.0
g5	 3 	 0.0 			 0.0 			0.0
g5	 4 	 0.0 			 0.0 			0.0
g5	 5 	 0.0 			 0.0 			0.0
g5	 6 	 0.0 			 0.0 			0.0
g5	 7 	 0.0 			 0.0 			0.0
g5	 8 	 0.0 			 0.0 			0.0
g5	 9 	 0.0 			 0.0 			0.0
g5	 10 	 0.0 			 0.0 			0.0
g5	 11 	 0.0 			 0.0 			0.0
g5	 12 	 0.0 			 0.0 			0.0
g5	 13 	 0.0 			 0.0 			0.0
g5	 14 	 0.0 			 0.0 			0.0
g5	 15 	 0.0 			 0.0 			0.0
g5	 16 	 0.0 			 0.0 			0.0
g5	 17 	 0.0 			 0.0 			0.0
g5	 18 	 0.0 			 0.0 			0.0
g5	 19 	 0.0 			 0.0 			0.0
g5	 20 	 0.0 			 0.0 			0.0
g5	 21 	 0.0 			 0.0 			0.0
g5	 22 	 0.0 			 0.0 			0.0
g5	 23 	 0.0 			 0.0 			0.0
g5	 24 	 0.0 			 0.0 			0.0
g5	 25 	 348.846531 			 6821.79 			7170.636531
g5	 26 	 348.846531 			 0.0 			348.846531
g5	 27 	 348.846531 			 0.0 			348.846531
g5	 28 	 348.846531 			 0.0 			348.846531
g5	 29 	 348.846531 			 0.0 			348.846531
g5	 30 	 348.846531 			 0.0 			348.846531
g5	 31 	 348.846531 			 0.0 			348.846531
g5	 32 	 348.846531 			 0.0 			348.846531
g5	 33 	 348.846531 			 0.0 			348.846531
g5	 34 	 348.846531 			 0.0 			348.846531
g5	 35 	 348.846531 			 0.0 			348.846531
g5	 36 	 348.846531 			 0.0 			348.846531
g5	 37 	 348.846531 			 0.0 			348.846531
g5	 38 	 348.846531 			 0.0 			348.846531
g5	 39 	 348.846531 			 0.0 			348.846531
g5	 40 	 348.846531 			 0.0 			348.846531
g5	 41 	 348.846531 			 0.0 			348.846531
g5	 42 	 348.846531 			 0.0 			348.846531
g5	 43 	 348.846531 			 0.0 			348.846531
g5	 44 	 348.846531 			 0.0 			348.846531
g5	 45 	 348.846531 			 0.0 			348.846531
g5	 46 	 348.846531 			 0.0 			348.846531
g5	 47 	 403.059236 			 0.0 			403.059236
g5	 48 	 488.33899 			 0.0 			488.33899
g5	 49 	 534.667577 			 0.0 			534.667577
g5	 50 	 533.523363 			 0.0 			533.523363
g5	 51 	 397.338363 			 0.0 			397.338363
g5	 52 	 472.377903 			 0.0 			472.377903
g5	 53 	 657.598244 			 0.0 			657.598244
g5	 54 	 578.049724 			 0.0 			578.049724
g5	 55 	 563.343825 			 0.0 			563.343825
g5	 56 	 578.049724 			 0.0 			578.049724
g5	 57 	 578.049724 			 0.0 			578.049724
g5	 58 	 671.152256 			 0.0 			671.152256
g5	 59 	 702.279273 			 0.0 			702.279273
g5	 60 	 578.049724 			 0.0 			578.049724
g5	 61 	 578.049724 			 0.0 			578.049724
g5	 62 	 578.049724 			 0.0 			578.049724
g5	 63 	 709.972048 			 0.0 			709.972048
g5	 64 	 653.202782 			 0.0 			653.202782
g5	 65 	 665.562878 			 0.0 			665.562878
g5	 66 	 731.897812 			 0.0 			731.897812
g5	 67 	 781.99326 			 0.0 			781.99326
g5	 68 	 774.46206 			 0.0 			774.46206
g5	 69 	 578.049724 			 0.0 			578.049724
g5	 70 	 763.342824 			 0.0 			763.342824
g5	 71 	 762.576687 			 0.0 			762.576687
g5	 72 	 578.049724 			 0.0 			578.049724
g5	 73 	 578.049724 			 0.0 			578.049724
g5	 74 	 578.049724 			 0.0 			578.049724
g5	 75 	 578.049724 			 0.0 			578.049724
g5	 76 	 578.049724 			 0.0 			578.049724
g5	 77 	 578.049724 			 0.0 			578.049724
g5	 78 	 555.943316 			 0.0 			555.943316
g5	 79 	 528.659745 			 0.0 			528.659745
g5	 80 	 489.756854 			 0.0 			489.756854
g5	 81 	 486.766362 			 0.0 			486.766362
g5	 82 	 578.049724 			 0.0 			578.049724
g5	 83 	 413.130173 			 0.0 			413.130173
g5	 84 	 578.049724 			 0.0 			578.049724
g5	 85 	 506.632685 			 0.0 			506.632685
g5	 86 	 545.860805 			 0.0 			545.860805
g5	 87 	 491.161991 			 0.0 			491.161991
g5	 88 	 590.171062 			 0.0 			590.171062
g5	 89 	 422.158145 			 0.0 			422.158145
g5	 90 	 348.846531 			 0.0 			348.846531
g5	 91 	 348.846531 			 0.0 			348.846531
g5	 92 	 348.846531 			 0.0 			348.846531
g5	 93 	 348.846531 			 0.0 			348.846531
g5	 94 	 348.846531 			 0.0 			348.846531
g5	 95 	 348.846531 			 0.0 			348.846531
g5	 96 	 348.846531 			 0.0 			348.846531
----------------------------------------------------------------------------------------------------
 
unit 	 generation 	 generation cost 	 start-up cost 	 total cost
----------------------------------------------------------------------------------------------------
g1 	 6961.932323			259667.799259			 0.000000		 259667.799259
g2 	 0.000000			0.000000			 0.000000		 0.000000
g3 	 382.993734			22917.237849			 4595.430000		 27512.667849
g4 	 0.000000			0.000000			 0.000000		 0.000000
g5 	 633.419649			35084.225778			 6821.790000		 41906.015778
----------------------------------------------------------------------------------------------------
 
generation cost 	 start-up cost 		 total cost
----------------------------------------------------------------------------------------------------
317669.2628860002 			 11417.220000000001 			 329086.4828860002
----------------------------------------------------------------------------------------------------
uplift payment for generator g1: 0.0
uplift payment for generator g2: 0.0
uplift payment for generator g3: 7699.849421
uplift payment for generator g4: 0.0
uplift payment for generator g5: 10083.928563
 
****************************************************************************************************
 
rtm Systemwide prices
----------------------------------------------------------------------------------------------------
time	 energy 	 up-FRP 	 dw-FRP
----------------------------------------------------------------------------------------------------
1 	 9.614507 		 0.0 		 0.0
2 	 9.614507 		 0.0 		 0.0
3 	 9.614507 		 0.0 		 0.0
4 	 9.614507 		 0.0 		 0.0
5 	 9.408671 		 0.0 		 0.0
6 	 9.614507 		 0.0 		 0.0
7 	 9.408671 		 0.0 		 0.0
8 	 9.408671 		 0.0 		 0.0
9 	 9.408671 		 0.0 		 0.0
10 	 9.408671 		 0.0 		 0.0
11 	 9.408671 		 0.0 		 0.0
12 	 9.408671 		 0.0 		 0.0
13 	 9.408671 		 0.0 		 0.0
14 	 9.408671 		 0.0 		 0.0
15 	 9.408671 		 0.0 		 0.0
16 	 9.408671 		 0.0 		 0.0
17 	 9.408671 		 0.0 		 0.0
18 	 9.408671 		 0.0 		 0.0
19 	 9.408671 		 0.0 		 0.0
20 	 9.408671 		 0.0 		 0.0
21 	 9.408671 		 0.0 		 0.0
22 	 9.408671 		 0.0 		 0.0
23 	 9.408671 		 0.0 		 0.0
24 	 9.408671 		 0.0 		 0.0
25 	 9.408671 		 0.0 		 0.0
26 	 9.408671 		 0.0 		 0.0
27 	 9.408671 		 0.0 		 0.0
28 	 9.408671 		 0.0 		 0.0
29 	 9.614507 		 0.0 		 0.0
30 	 9.614507 		 0.0 		 0.0
31 	 9.614507 		 0.0 		 0.0
32 	 9.614507 		 0.0 		 0.0
33 	 9.614507 		 0.0 		 0.0
34 	 9.614507 		 0.0 		 0.0
35 	 9.614507 		 0.0 		 0.0
36 	 9.614507 		 0.0 		 0.0
37 	 9.614507 		 0.0 		 0.0
38 	 9.614507 		 0.0 		 0.0
39 	 9.614507 		 0.0 		 0.0
40 	 9.614507 		 0.0 		 0.0
41 	 9.614507 		 0.0 		 0.0
42 	 9.614507 		 0.0 		 0.0
43 	 9.614507 		 0.0 		 0.0
44 	 9.614507 		 0.0 		 0.0
45 	 9.614507 		 0.0 		 0.0
46 	 9.614507 		 0.0 		 0.0
47 	 11.022192 		 0.0 		 0.0
48 	 11.022192 		 0.0 		 0.0
49 	 11.022192 		 0.0 		 0.0
50 	 11.022192 		 0.0 		 0.0
51 	 11.022192 		 0.0 		 0.0
52 	 9.614507 		 0.0 		 0.0
53 	 16.206549 		 0.0 		 0.0
54 	 12.702542 		 0.0 		 0.0
55 	 11.022192 		 0.0 		 0.0
56 	 11.862367 		 0.0 		 0.0
57 	 11.862367 		 0.0 		 0.0
58 	 14.798864 		 0.0 		 0.0
59 	 14.798864 		 0.0 		 0.0
60 	 11.862367 		 0.0 		 0.0
61 	 11.862367 		 0.0 		 0.0
62 	 11.862367 		 0.0 		 0.0
63 	 14.798864 		 0.0 		 0.0
64 	 14.798864 		 0.0 		 0.0
65 	 14.798864 		 0.0 		 0.0
66 	 14.798864 		 0.0 		 0.0
67 	 14.798864 		 0.0 		 0.0
68 	 14.798864 		 0.0 		 0.0
69 	 11.862367 		 0.0 		 0.0
70 	 14.798864 		 0.0 		 0.0
71 	 14.798864 		 0.0 		 0.0
72 	 11.862367 		 0.0 		 0.0
73 	 11.862367 		 0.0 		 0.0
74 	 11.862367 		 0.0 		 0.0
75 	 11.862367 		 0.0 		 0.0
76 	 11.862367 		 0.0 		 0.0
77 	 11.862367 		 0.0 		 0.0
78 	 11.022192 		 0.0 		 0.0
79 	 11.022192 		 0.0 		 0.0
80 	 11.022192 		 0.0 		 0.0
81 	 11.022192 		 0.0 		 0.0
82 	 11.862367 		 0.0 		 0.0
83 	 9.614507 		 0.0 		 0.0
84 	 11.862367 		 0.0 		 0.0
85 	 11.022192 		 0.0 		 0.0
86 	 11.022192 		 0.0 		 0.0
87 	 11.022192 		 0.0 		 0.0
88 	 16.206549 		 0.0 		 0.0
89 	 9.614507 		 0.0 		 0.0
90 	 9.614507 		 0.0 		 0.0
91 	 9.614507 		 0.0 		 0.0
92 	 9.614507 		 0.0 		 0.0
93 	 9.614507 		 0.0 		 0.0
94 	 9.614507 		 0.0 		 0.0
95 	 9.614507 		 0.0 		 0.0
96 	 9.614507 		 0.0 		 0.0
 
****************************************************************************************************
 
rtm Post-uplift payments
----------------------------------------------------------------------------------------------------------------------------------------------------
unit 	 generation payment 	 up-FRP payment 	 dw-FRP payment 	pre-up t. payment 	 uplift payments 	 post-up t. payment 	 profit
----------------------------------------------------------------------------------------------------------------------------------------------------
 g1 	 17406.601438			 0.000000			 0.000000			 17406.601438			 0.000000			 17406.601438		 62786.240893
 g2 	 0.000000			 0.000000			 0.000000			 0.000000			 0.000000			 0.000000		 0.000000
 g3 	 964.372008			 0.000000			 0.000000			 964.372008			 7699.849421			 8664.221429		 -0.000000
 g4 	 0.000000			 0.000000			 0.000000			 0.000000			 0.000000			 0.000000		 0.000000
 g5 	 2638.488611			 0.000000			 0.000000			 2638.488611			 10083.928563			 12722.417174		 0.000000
****************************************************************************************************
 
Total generator payments
----------------------------------------------------------------------------------------------------------------------------------------------------
unit 	 generation payment 	 up-FRP payment 	 dw-FRP payment 	pre-up t. payment 	 uplift payments 	 post-up t. payment 	 profit
----------------------------------------------------------------------------------------------------------------------------------------------------
 g1 	 322454.040152			 0.000000			 0.000000			 322454.040152			 0.000000			 322454.040152		 62786.240893
 g2 	 0.000000			 0.000000			 0.000000			 0.000000			 0.000000			 0.000000		 0.000000
 g3 	 19812.818428			 0.000000			 0.000000			 19812.818428			 7699.849421			 27512.667849		 0.000000
 g4 	 0.000000			 0.000000			 0.000000			 0.000000			 0.000000			 0.000000		 0.000000
 g5 	 31822.087215			 0.000000			 0.000000			 31822.087215			 10083.928563			 41906.015778		 0.000000
 
****************************************************************************************************
 
rtm LMP
----------------------------------------------------------------------------------------------------
bus name 	 time 		 LMP
----------------------------------------------------------------------------------------------------
b1 		 1 		 9.614507
b1 		 2 		 9.614507
b1 		 3 		 9.614507
b1 		 4 		 9.614507
b1 		 5 		 9.408671
b1 		 6 		 9.614507
b1 		 7 		 9.408671
b1 		 8 		 9.408671
b1 		 9 		 9.408671
b1 		 10 		 9.408671
b1 		 11 		 9.408671
b1 		 12 		 9.408671
b1 		 13 		 9.408671
b1 		 14 		 9.408671
b1 		 15 		 9.408671
b1 		 16 		 9.408671
b1 		 17 		 9.408671
b1 		 18 		 9.408671
b1 		 19 		 9.408671
b1 		 20 		 9.408671
b1 		 21 		 9.408671
b1 		 22 		 9.408671
b1 		 23 		 9.408671
b1 		 24 		 9.408671
b1 		 25 		 9.408671
b1 		 26 		 9.408671
b1 		 27 		 9.408671
b1 		 28 		 9.408671
b1 		 29 		 9.614507
b1 		 30 		 9.614507
b1 		 31 		 9.614507
b1 		 32 		 9.614507
b1 		 33 		 9.614507
b1 		 34 		 9.614507
b1 		 35 		 9.614507
b1 		 36 		 9.614507
b1 		 37 		 9.614507
b1 		 38 		 9.614507
b1 		 39 		 9.614507
b1 		 40 		 9.614507
b1 		 41 		 9.614507
b1 		 42 		 9.614507
b1 		 43 		 9.614507
b1 		 44 		 9.614507
b1 		 45 		 9.614507
b1 		 46 		 9.614507
b1 		 47 		 11.022192
b1 		 48 		 11.022192
b1 		 49 		 11.022192
b1 		 50 		 11.022192
b1 		 51 		 11.022192
b1 		 52 		 9.614507
b1 		 53 		 16.206549
b1 		 54 		 12.702542
b1 		 55 		 11.022192
b1 		 56 		 11.862367
b1 		 57 		 11.862367
b1 		 58 		 14.798864
b1 		 59 		 14.798864
b1 		 60 		 11.862367
b1 		 61 		 11.862367
b1 		 62 		 11.862367
b1 		 63 		 14.798864
b1 		 64 		 14.798864
b1 		 65 		 14.798864
b1 		 66 		 14.798864
b1 		 67 		 14.798864
b1 		 68 		 14.798864
b1 		 69 		 11.862367
b1 		 70 		 14.798864
b1 		 71 		 14.798864
b1 		 72 		 11.862367
b1 		 73 		 11.862367
b1 		 74 		 11.862367
b1 		 75 		 11.862367
b1 		 76 		 11.862367
b1 		 77 		 11.862367
b1 		 78 		 11.022192
b1 		 79 		 11.022192
b1 		 80 		 11.022192
b1 		 81 		 11.022192
b1 		 82 		 11.862367
b1 		 83 		 9.614507
b1 		 84 		 11.862367
b1 		 85 		 11.022192
b1 		 86 		 11.022192
b1 		 87 		 11.022192
b1 		 88 		 16.206549
b1 		 89 		 9.614507
b1 		 90 		 9.614507
b1 		 91 		 9.614507
b1 		 92 		 9.614507
b1 		 93 		 9.614507
b1 		 94 		 9.614507
b1 		 95 		 9.614507
b1 		 96 		 9.614507
----------------------------------------------------------------------------------------------------
b2 		 1 		 9.614507
b2 		 2 		 9.614507
b2 		 3 		 9.614507
b2 		 4 		 9.614507
b2 		 5 		 9.408671
b2 		 6 		 9.614507
b2 		 7 		 9.408671
b2 		 8 		 9.408671
b2 		 9 		 9.408671
b2 		 10 		 9.408671
b2 		 11 		 9.408671
b2 		 12 		 9.408671
b2 		 13 		 9.408671
b2 		 14 		 9.408671
b2 		 15 		 9.408671
b2 		 16 		 9.408671
b2 		 17 		 9.408671
b2 		 18 		 9.408671
b2 		 19 		 9.408671
b2 		 20 		 9.408671
b2 		 21 		 9.408671
b2 		 22 		 9.408671
b2 		 23 		 9.408671
b2 		 24 		 9.408671
b2 		 25 		 9.408671
b2 		 26 		 9.408671
b2 		 27 		 9.408671
b2 		 28 		 9.408671
b2 		 29 		 9.614507
b2 		 30 		 9.614507
b2 		 31 		 9.614507
b2 		 32 		 9.614507
b2 		 33 		 9.614507
b2 		 34 		 9.614507
b2 		 35 		 9.614507
b2 		 36 		 9.614507
b2 		 37 		 9.614507
b2 		 38 		 9.614507
b2 		 39 		 9.614507
b2 		 40 		 9.614507
b2 		 41 		 9.614507
b2 		 42 		 9.614507
b2 		 43 		 9.614507
b2 		 44 		 9.614507
b2 		 45 		 9.614507
b2 		 46 		 9.614507
b2 		 47 		 11.022192
b2 		 48 		 11.022192
b2 		 49 		 11.022192
b2 		 50 		 11.022192
b2 		 51 		 11.022192
b2 		 52 		 9.614507
b2 		 53 		 16.206549
b2 		 54 		 12.702542
b2 		 55 		 11.022192
b2 		 56 		 11.862367
b2 		 57 		 11.862367
b2 		 58 		 14.798864
b2 		 59 		 14.798864
b2 		 60 		 11.862367
b2 		 61 		 11.862367
b2 		 62 		 11.862367
b2 		 63 		 14.798864
b2 		 64 		 14.798864
b2 		 65 		 14.798864
b2 		 66 		 14.798864
b2 		 67 		 14.798864
b2 		 68 		 14.798864
b2 		 69 		 11.862367
b2 		 70 		 14.798864
b2 		 71 		 14.798864
b2 		 72 		 11.862367
b2 		 73 		 11.862367
b2 		 74 		 11.862367
b2 		 75 		 11.862367
b2 		 76 		 11.862367
b2 		 77 		 11.862367
b2 		 78 		 11.022192
b2 		 79 		 11.022192
b2 		 80 		 11.022192
b2 		 81 		 11.022192
b2 		 82 		 11.862367
b2 		 83 		 9.614507
b2 		 84 		 11.862367
b2 		 85 		 11.022192
b2 		 86 		 11.022192
b2 		 87 		 11.022192
b2 		 88 		 16.206549
b2 		 89 		 9.614507
b2 		 90 		 9.614507
b2 		 91 		 9.614507
b2 		 92 		 9.614507
b2 		 93 		 9.614507
b2 		 94 		 9.614507
b2 		 95 		 9.614507
b2 		 96 		 9.614507
----------------------------------------------------------------------------------------------------
b3 		 1 		 9.614507
b3 		 2 		 9.614507
b3 		 3 		 9.614507
b3 		 4 		 9.614507
b3 		 5 		 9.408671
b3 		 6 		 9.614507
b3 		 7 		 9.408671
b3 		 8 		 9.408671
b3 		 9 		 9.408671
b3 		 10 		 9.408671
b3 		 11 		 9.408671
b3 		 12 		 9.408671
b3 		 13 		 9.408671
b3 		 14 		 9.408671
b3 		 15 		 9.408671
b3 		 16 		 9.408671
b3 		 17 		 9.408671
b3 		 18 		 9.408671
b3 		 19 		 9.408671
b3 		 20 		 9.408671
b3 		 21 		 9.408671
b3 		 22 		 9.408671
b3 		 23 		 9.408671
b3 		 24 		 9.408671
b3 		 25 		 9.408671
b3 		 26 		 9.408671
b3 		 27 		 9.408671
b3 		 28 		 9.408671
b3 		 29 		 9.614507
b3 		 30 		 9.614507
b3 		 31 		 9.614507
b3 		 32 		 9.614507
b3 		 33 		 9.614507
b3 		 34 		 9.614507
b3 		 35 		 9.614507
b3 		 36 		 9.614507
b3 		 37 		 9.614507
b3 		 38 		 9.614507
b3 		 39 		 9.614507
b3 		 40 		 9.614507
b3 		 41 		 9.614507
b3 		 42 		 9.614507
b3 		 43 		 9.614507
b3 		 44 		 9.614507
b3 		 45 		 9.614507
b3 		 46 		 9.614507
b3 		 47 		 11.022192
b3 		 48 		 11.022192
b3 		 49 		 11.022192
b3 		 50 		 11.022192
b3 		 51 		 11.022192
b3 		 52 		 9.614507
b3 		 53 		 16.206549
b3 		 54 		 12.702542
b3 		 55 		 11.022192
b3 		 56 		 11.862367
b3 		 57 		 11.862367
b3 		 58 		 14.798864
b3 		 59 		 14.798864
b3 		 60 		 11.862367
b3 		 61 		 11.862367
b3 		 62 		 11.862367
b3 		 63 		 14.798864
b3 		 64 		 14.798864
b3 		 65 		 14.798864
b3 		 66 		 14.798864
b3 		 67 		 14.798864
b3 		 68 		 14.798864
b3 		 69 		 11.862367
b3 		 70 		 14.798864
b3 		 71 		 14.798864
b3 		 72 		 11.862367
b3 		 73 		 11.862367
b3 		 74 		 11.862367
b3 		 75 		 11.862367
b3 		 76 		 11.862367
b3 		 77 		 11.862367
b3 		 78 		 11.022192
b3 		 79 		 11.022192
b3 		 80 		 11.022192
b3 		 81 		 11.022192
b3 		 82 		 11.862367
b3 		 83 		 9.614507
b3 		 84 		 11.862367
b3 		 85 		 11.022192
b3 		 86 		 11.022192
b3 		 87 		 11.022192
b3 		 88 		 16.206549
b3 		 89 		 9.614507
b3 		 90 		 9.614507
b3 		 91 		 9.614507
b3 		 92 		 9.614507
b3 		 93 		 9.614507
b3 		 94 		 9.614507
b3 		 95 		 9.614507
b3 		 96 		 9.614507
----------------------------------------------------------------------------------------------------
b4 		 1 		 9.614507
b4 		 2 		 9.614507
b4 		 3 		 9.614507
b4 		 4 		 9.614507
b4 		 5 		 9.408671
b4 		 6 		 9.614507
b4 		 7 		 9.408671
b4 		 8 		 9.408671
b4 		 9 		 9.408671
b4 		 10 		 9.408671
b4 		 11 		 9.408671
b4 		 12 		 9.408671
b4 		 13 		 9.408671
b4 		 14 		 9.408671
b4 		 15 		 9.408671
b4 		 16 		 9.408671
b4 		 17 		 9.408671
b4 		 18 		 9.408671
b4 		 19 		 9.408671
b4 		 20 		 9.408671
b4 		 21 		 9.408671
b4 		 22 		 9.408671
b4 		 23 		 9.408671
b4 		 24 		 9.408671
b4 		 25 		 9.408671
b4 		 26 		 9.408671
b4 		 27 		 9.408671
b4 		 28 		 9.408671
b4 		 29 		 9.614507
b4 		 30 		 9.614507
b4 		 31 		 9.614507
b4 		 32 		 9.614507
b4 		 33 		 9.614507
b4 		 34 		 9.614507
b4 		 35 		 9.614507
b4 		 36 		 9.614507
b4 		 37 		 9.614507
b4 		 38 		 9.614507
b4 		 39 		 9.614507
b4 		 40 		 9.614507
b4 		 41 		 9.614507
b4 		 42 		 9.614507
b4 		 43 		 9.614507
b4 		 44 		 9.614507
b4 		 45 		 9.614507
b4 		 46 		 9.614507
b4 		 47 		 11.022192
b4 		 48 		 11.022192
b4 		 49 		 11.022192
b4 		 50 		 11.022192
b4 		 51 		 11.022192
b4 		 52 		 9.614507
b4 		 53 		 16.206549
b4 		 54 		 12.702542
b4 		 55 		 11.022192
b4 		 56 		 11.862367
b4 		 57 		 11.862367
b4 		 58 		 14.798864
b4 		 59 		 14.798864
b4 		 60 		 11.862367
b4 		 61 		 11.862367
b4 		 62 		 11.862367
b4 		 63 		 14.798864
b4 		 64 		 14.798864
b4 		 65 		 14.798864
b4 		 66 		 14.798864
b4 		 67 		 14.798864
b4 		 68 		 14.798864
b4 		 69 		 11.862367
b4 		 70 		 14.798864
b4 		 71 		 14.798864
b4 		 72 		 11.862367
b4 		 73 		 11.862367
b4 		 74 		 11.862367
b4 		 75 		 11.862367
b4 		 76 		 11.862367
b4 		 77 		 11.862367
b4 		 78 		 11.022192
b4 		 79 		 11.022192
b4 		 80 		 11.022192
b4 		 81 		 11.022192
b4 		 82 		 11.862367
b4 		 83 		 9.614507
b4 		 84 		 11.862367
b4 		 85 		 11.022192
b4 		 86 		 11.022192
b4 		 87 		 11.022192
b4 		 88 		 16.206549
b4 		 89 		 9.614507
b4 		 90 		 9.614507
b4 		 91 		 9.614507
b4 		 92 		 9.614507
b4 		 93 		 9.614507
b4 		 94 		 9.614507
b4 		 95 		 9.614507
b4 		 96 		 9.614507
----------------------------------------------------------------------------------------------------
b5 		 1 		 9.614507
b5 		 2 		 9.614507
b5 		 3 		 9.614507
b5 		 4 		 9.614507
b5 		 5 		 9.408671
b5 		 6 		 9.614507
b5 		 7 		 9.408671
b5 		 8 		 9.408671
b5 		 9 		 9.408671
b5 		 10 		 9.408671
b5 		 11 		 9.408671
b5 		 12 		 9.408671
b5 		 13 		 9.408671
b5 		 14 		 9.408671
b5 		 15 		 9.408671
b5 		 16 		 9.408671
b5 		 17 		 9.408671
b5 		 18 		 9.408671
b5 		 19 		 9.408671
b5 		 20 		 9.408671
b5 		 21 		 9.408671
b5 		 22 		 9.408671
b5 		 23 		 9.408671
b5 		 24 		 9.408671
b5 		 25 		 9.408671
b5 		 26 		 9.408671
b5 		 27 		 9.408671
b5 		 28 		 9.408671
b5 		 29 		 9.614507
b5 		 30 		 9.614507
b5 		 31 		 9.614507
b5 		 32 		 9.614507
b5 		 33 		 9.614507
b5 		 34 		 9.614507
b5 		 35 		 9.614507
b5 		 36 		 9.614507
b5 		 37 		 9.614507
b5 		 38 		 9.614507
b5 		 39 		 9.614507
b5 		 40 		 9.614507
b5 		 41 		 9.614507
b5 		 42 		 9.614507
b5 		 43 		 9.614507
b5 		 44 		 9.614507
b5 		 45 		 9.614507
b5 		 46 		 9.614507
b5 		 47 		 11.022192
b5 		 48 		 11.022192
b5 		 49 		 11.022192
b5 		 50 		 11.022192
b5 		 51 		 11.022192
b5 		 52 		 9.614507
b5 		 53 		 16.206549
b5 		 54 		 12.702542
b5 		 55 		 11.022192
b5 		 56 		 11.862367
b5 		 57 		 11.862367
b5 		 58 		 14.798864
b5 		 59 		 14.798864
b5 		 60 		 11.862367
b5 		 61 		 11.862367
b5 		 62 		 11.862367
b5 		 63 		 14.798864
b5 		 64 		 14.798864
b5 		 65 		 14.798864
b5 		 66 		 14.798864
b5 		 67 		 14.798864
b5 		 68 		 14.798864
b5 		 69 		 11.862367
b5 		 70 		 14.798864
b5 		 71 		 14.798864
b5 		 72 		 11.862367
b5 		 73 		 11.862367
b5 		 74 		 11.862367
b5 		 75 		 11.862367
b5 		 76 		 11.862367
b5 		 77 		 11.862367
b5 		 78 		 11.022192
b5 		 79 		 11.022192
b5 		 80 		 11.022192
b5 		 81 		 11.022192
b5 		 82 		 11.862367
b5 		 83 		 9.614507
b5 		 84 		 11.862367
b5 		 85 		 11.022192
b5 		 86 		 11.022192
b5 		 87 		 11.022192
b5 		 88 		 16.206549
b5 		 89 		 9.614507
b5 		 90 		 9.614507
b5 		 91 		 9.614507
b5 		 92 		 9.614507
b5 		 93 		 9.614507
b5 		 94 		 9.614507
b5 		 95 		 9.614507
b5 		 96 		 9.614507
----------------------------------------------------------------------------------------------------
b6 		 1 		 9.614507
b6 		 2 		 9.614507
b6 		 3 		 9.614507
b6 		 4 		 9.614507
b6 		 5 		 9.408671
b6 		 6 		 9.614507
b6 		 7 		 9.408671
b6 		 8 		 9.408671
b6 		 9 		 9.408671
b6 		 10 		 9.408671
b6 		 11 		 9.408671
b6 		 12 		 9.408671
b6 		 13 		 9.408671
b6 		 14 		 9.408671
b6 		 15 		 9.408671
b6 		 16 		 9.408671
b6 		 17 		 9.408671
b6 		 18 		 9.408671
b6 		 19 		 9.408671
b6 		 20 		 9.408671
b6 		 21 		 9.408671
b6 		 22 		 9.408671
b6 		 23 		 9.408671
b6 		 24 		 9.408671
b6 		 25 		 9.408671
b6 		 26 		 9.408671
b6 		 27 		 9.408671
b6 		 28 		 9.408671
b6 		 29 		 9.614507
b6 		 30 		 9.614507
b6 		 31 		 9.614507
b6 		 32 		 9.614507
b6 		 33 		 9.614507
b6 		 34 		 9.614507
b6 		 35 		 9.614507
b6 		 36 		 9.614507
b6 		 37 		 9.614507
b6 		 38 		 9.614507
b6 		 39 		 9.614507
b6 		 40 		 9.614507
b6 		 41 		 9.614507
b6 		 42 		 9.614507
b6 		 43 		 9.614507
b6 		 44 		 9.614507
b6 		 45 		 9.614507
b6 		 46 		 9.614507
b6 		 47 		 11.022192
b6 		 48 		 11.022192
b6 		 49 		 11.022192
b6 		 50 		 11.022192
b6 		 51 		 11.022192
b6 		 52 		 9.614507
b6 		 53 		 16.206549
b6 		 54 		 12.702542
b6 		 55 		 11.022192
b6 		 56 		 11.862367
b6 		 57 		 11.862367
b6 		 58 		 14.798864
b6 		 59 		 14.798864
b6 		 60 		 11.862367
b6 		 61 		 11.862367
b6 		 62 		 11.862367
b6 		 63 		 14.798864
b6 		 64 		 14.798864
b6 		 65 		 14.798864
b6 		 66 		 14.798864
b6 		 67 		 14.798864
b6 		 68 		 14.798864
b6 		 69 		 11.862367
b6 		 70 		 14.798864
b6 		 71 		 14.798864
b6 		 72 		 11.862367
b6 		 73 		 11.862367
b6 		 74 		 11.862367
b6 		 75 		 11.862367
b6 		 76 		 11.862367
b6 		 77 		 11.862367
b6 		 78 		 11.022192
b6 		 79 		 11.022192
b6 		 80 		 11.022192
b6 		 81 		 11.022192
b6 		 82 		 11.862367
b6 		 83 		 9.614507
b6 		 84 		 11.862367
b6 		 85 		 11.022192
b6 		 86 		 11.022192
b6 		 87 		 11.022192
b6 		 88 		 16.206549
b6 		 89 		 9.614507
b6 		 90 		 9.614507
b6 		 91 		 9.614507
b6 		 92 		 9.614507
b6 		 93 		 9.614507
b6 		 94 		 9.614507
b6 		 95 		 9.614507
b6 		 96 		 9.614507
----------------------------------------------------------------------------------------------------
b7 		 1 		 9.614507
b7 		 2 		 9.614507
b7 		 3 		 9.614507
b7 		 4 		 9.614507
b7 		 5 		 9.408671
b7 		 6 		 9.614507
b7 		 7 		 9.408671
b7 		 8 		 9.408671
b7 		 9 		 9.408671
b7 		 10 		 9.408671
b7 		 11 		 9.408671
b7 		 12 		 9.408671
b7 		 13 		 9.408671
b7 		 14 		 9.408671
b7 		 15 		 9.408671
b7 		 16 		 9.408671
b7 		 17 		 9.408671
b7 		 18 		 9.408671
b7 		 19 		 9.408671
b7 		 20 		 9.408671
b7 		 21 		 9.408671
b7 		 22 		 9.408671
b7 		 23 		 9.408671
b7 		 24 		 9.408671
b7 		 25 		 9.408671
b7 		 26 		 9.408671
b7 		 27 		 9.408671
b7 		 28 		 9.408671
b7 		 29 		 9.614507
b7 		 30 		 9.614507
b7 		 31 		 9.614507
b7 		 32 		 9.614507
b7 		 33 		 9.614507
b7 		 34 		 9.614507
b7 		 35 		 9.614507
b7 		 36 		 9.614507
b7 		 37 		 9.614507
b7 		 38 		 9.614507
b7 		 39 		 9.614507
b7 		 40 		 9.614507
b7 		 41 		 9.614507
b7 		 42 		 9.614507
b7 		 43 		 9.614507
b7 		 44 		 9.614507
b7 		 45 		 9.614507
b7 		 46 		 9.614507
b7 		 47 		 11.022192
b7 		 48 		 11.022192
b7 		 49 		 11.022192
b7 		 50 		 11.022192
b7 		 51 		 11.022192
b7 		 52 		 9.614507
b7 		 53 		 16.206549
b7 		 54 		 12.702542
b7 		 55 		 11.022192
b7 		 56 		 11.862367
b7 		 57 		 11.862367
b7 		 58 		 14.798864
b7 		 59 		 14.798864
b7 		 60 		 11.862367
b7 		 61 		 11.862367
b7 		 62 		 11.862367
b7 		 63 		 14.798864
b7 		 64 		 14.798864
b7 		 65 		 14.798864
b7 		 66 		 14.798864
b7 		 67 		 14.798864
b7 		 68 		 14.798864
b7 		 69 		 11.862367
b7 		 70 		 14.798864
b7 		 71 		 14.798864
b7 		 72 		 11.862367
b7 		 73 		 11.862367
b7 		 74 		 11.862367
b7 		 75 		 11.862367
b7 		 76 		 11.862367
b7 		 77 		 11.862367
b7 		 78 		 11.022192
b7 		 79 		 11.022192
b7 		 80 		 11.022192
b7 		 81 		 11.022192
b7 		 82 		 11.862367
b7 		 83 		 9.614507
b7 		 84 		 11.862367
b7 		 85 		 11.022192
b7 		 86 		 11.022192
b7 		 87 		 11.022192
b7 		 88 		 16.206549
b7 		 89 		 9.614507
b7 		 90 		 9.614507
b7 		 91 		 9.614507
b7 		 92 		 9.614507
b7 		 93 		 9.614507
b7 		 94 		 9.614507
b7 		 95 		 9.614507
b7 		 96 		 9.614507
----------------------------------------------------------------------------------------------------
b8 		 1 		 9.614507
b8 		 2 		 9.614507
b8 		 3 		 9.614507
b8 		 4 		 9.614507
b8 		 5 		 9.408671
b8 		 6 		 9.614507
b8 		 7 		 9.408671
b8 		 8 		 9.408671
b8 		 9 		 9.408671
b8 		 10 		 9.408671
b8 		 11 		 9.408671
b8 		 12 		 9.408671
b8 		 13 		 9.408671
b8 		 14 		 9.408671
b8 		 15 		 9.408671
b8 		 16 		 9.408671
b8 		 17 		 9.408671
b8 		 18 		 9.408671
b8 		 19 		 9.408671
b8 		 20 		 9.408671
b8 		 21 		 9.408671
b8 		 22 		 9.408671
b8 		 23 		 9.408671
b8 		 24 		 9.408671
b8 		 25 		 9.408671
b8 		 26 		 9.408671
b8 		 27 		 9.408671
b8 		 28 		 9.408671
b8 		 29 		 9.614507
b8 		 30 		 9.614507
b8 		 31 		 9.614507
b8 		 32 		 9.614507
b8 		 33 		 9.614507
b8 		 34 		 9.614507
b8 		 35 		 9.614507
b8 		 36 		 9.614507
b8 		 37 		 9.614507
b8 		 38 		 9.614507
b8 		 39 		 9.614507
b8 		 40 		 9.614507
b8 		 41 		 9.614507
b8 		 42 		 9.614507
b8 		 43 		 9.614507
b8 		 44 		 9.614507
b8 		 45 		 9.614507
b8 		 46 		 9.614507
b8 		 47 		 11.022192
b8 		 48 		 11.022192
b8 		 49 		 11.022192
b8 		 50 		 11.022192
b8 		 51 		 11.022192
b8 		 52 		 9.614507
b8 		 53 		 16.206549
b8 		 54 		 12.702542
b8 		 55 		 11.022192
b8 		 56 		 11.862367
b8 		 57 		 11.862367
b8 		 58 		 14.798864
b8 		 59 		 14.798864
b8 		 60 		 11.862367
b8 		 61 		 11.862367
b8 		 62 		 11.862367
b8 		 63 		 14.798864
b8 		 64 		 14.798864
b8 		 65 		 14.798864
b8 		 66 		 14.798864
b8 		 67 		 14.798864
b8 		 68 		 14.798864
b8 		 69 		 11.862367
b8 		 70 		 14.798864
b8 		 71 		 14.798864
b8 		 72 		 11.862367
b8 		 73 		 11.862367
b8 		 74 		 11.862367
b8 		 75 		 11.862367
b8 		 76 		 11.862367
b8 		 77 		 11.862367
b8 		 78 		 11.022192
b8 		 79 		 11.022192
b8 		 80 		 11.022192
b8 		 81 		 11.022192
b8 		 82 		 11.862367
b8 		 83 		 9.614507
b8 		 84 		 11.862367
b8 		 85 		 11.022192
b8 		 86 		 11.022192
b8 		 87 		 11.022192
b8 		 88 		 16.206549
b8 		 89 		 9.614507
b8 		 90 		 9.614507
b8 		 91 		 9.614507
b8 		 92 		 9.614507
b8 		 93 		 9.614507
b8 		 94 		 9.614507
b8 		 95 		 9.614507
b8 		 96 		 9.614507
----------------------------------------------------------------------------------------------------
b9 		 1 		 9.614507
b9 		 2 		 9.614507
b9 		 3 		 9.614507
b9 		 4 		 9.614507
b9 		 5 		 9.408671
b9 		 6 		 9.614507
b9 		 7 		 9.408671
b9 		 8 		 9.408671
b9 		 9 		 9.408671
b9 		 10 		 9.408671
b9 		 11 		 9.408671
b9 		 12 		 9.408671
b9 		 13 		 9.408671
b9 		 14 		 9.408671
b9 		 15 		 9.408671
b9 		 16 		 9.408671
b9 		 17 		 9.408671
b9 		 18 		 9.408671
b9 		 19 		 9.408671
b9 		 20 		 9.408671
b9 		 21 		 9.408671
b9 		 22 		 9.408671
b9 		 23 		 9.408671
b9 		 24 		 9.408671
b9 		 25 		 9.408671
b9 		 26 		 9.408671
b9 		 27 		 9.408671
b9 		 28 		 9.408671
b9 		 29 		 9.614507
b9 		 30 		 9.614507
b9 		 31 		 9.614507
b9 		 32 		 9.614507
b9 		 33 		 9.614507
b9 		 34 		 9.614507
b9 		 35 		 9.614507
b9 		 36 		 9.614507
b9 		 37 		 9.614507
b9 		 38 		 9.614507
b9 		 39 		 9.614507
b9 		 40 		 9.614507
b9 		 41 		 9.614507
b9 		 42 		 9.614507
b9 		 43 		 9.614507
b9 		 44 		 9.614507
b9 		 45 		 9.614507
b9 		 46 		 9.614507
b9 		 47 		 11.022192
b9 		 48 		 11.022192
b9 		 49 		 11.022192
b9 		 50 		 11.022192
b9 		 51 		 11.022192
b9 		 52 		 9.614507
b9 		 53 		 16.206549
b9 		 54 		 12.702542
b9 		 55 		 11.022192
b9 		 56 		 11.862367
b9 		 57 		 11.862367
b9 		 58 		 14.798864
b9 		 59 		 14.798864
b9 		 60 		 11.862367
b9 		 61 		 11.862367
b9 		 62 		 11.862367
b9 		 63 		 14.798864
b9 		 64 		 14.798864
b9 		 65 		 14.798864
b9 		 66 		 14.798864
b9 		 67 		 14.798864
b9 		 68 		 14.798864
b9 		 69 		 11.862367
b9 		 70 		 14.798864
b9 		 71 		 14.798864
b9 		 72 		 11.862367
b9 		 73 		 11.862367
b9 		 74 		 11.862367
b9 		 75 		 11.862367
b9 		 76 		 11.862367
b9 		 77 		 11.862367
b9 		 78 		 11.022192
b9 		 79 		 11.022192
b9 		 80 		 11.022192
b9 		 81 		 11.022192
b9 		 82 		 11.862367
b9 		 83 		 9.614507
b9 		 84 		 11.862367
b9 		 85 		 11.022192
b9 		 86 		 11.022192
b9 		 87 		 11.022192
b9 		 88 		 16.206549
b9 		 89 		 9.614507
b9 		 90 		 9.614507
b9 		 91 		 9.614507
b9 		 92 		 9.614507
b9 		 93 		 9.614507
b9 		 94 		 9.614507
b9 		 95 		 9.614507
b9 		 96 		 9.614507
----------------------------------------------------------------------------------------------------
b10 		 1 		 9.614507
b10 		 2 		 9.614507
b10 		 3 		 9.614507
b10 		 4 		 9.614507
b10 		 5 		 9.408671
b10 		 6 		 9.614507
b10 		 7 		 9.408671
b10 		 8 		 9.408671
b10 		 9 		 9.408671
b10 		 10 		 9.408671
b10 		 11 		 9.408671
b10 		 12 		 9.408671
b10 		 13 		 9.408671
b10 		 14 		 9.408671
b10 		 15 		 9.408671
b10 		 16 		 9.408671
b10 		 17 		 9.408671
b10 		 18 		 9.408671
b10 		 19 		 9.408671
b10 		 20 		 9.408671
b10 		 21 		 9.408671
b10 		 22 		 9.408671
b10 		 23 		 9.408671
b10 		 24 		 9.408671
b10 		 25 		 9.408671
b10 		 26 		 9.408671
b10 		 27 		 9.408671
b10 		 28 		 9.408671
b10 		 29 		 9.614507
b10 		 30 		 9.614507
b10 		 31 		 9.614507
b10 		 32 		 9.614507
b10 		 33 		 9.614507
b10 		 34 		 9.614507
b10 		 35 		 9.614507
b10 		 36 		 9.614507
b10 		 37 		 9.614507
b10 		 38 		 9.614507
b10 		 39 		 9.614507
b10 		 40 		 9.614507
b10 		 41 		 9.614507
b10 		 42 		 9.614507
b10 		 43 		 9.614507
b10 		 44 		 9.614507
b10 		 45 		 9.614507
b10 		 46 		 9.614507
b10 		 47 		 11.022192
b10 		 48 		 11.022192
b10 		 49 		 11.022192
b10 		 50 		 11.022192
b10 		 51 		 11.022192
b10 		 52 		 9.614507
b10 		 53 		 16.206549
b10 		 54 		 12.702542
b10 		 55 		 11.022192
b10 		 56 		 11.862367
b10 		 57 		 11.862367
b10 		 58 		 14.798864
b10 		 59 		 14.798864
b10 		 60 		 11.862367
b10 		 61 		 11.862367
b10 		 62 		 11.862367
b10 		 63 		 14.798864
b10 		 64 		 14.798864
b10 		 65 		 14.798864
b10 		 66 		 14.798864
b10 		 67 		 14.798864
b10 		 68 		 14.798864
b10 		 69 		 11.862367
b10 		 70 		 14.798864
b10 		 71 		 14.798864
b10 		 72 		 11.862367
b10 		 73 		 11.862367
b10 		 74 		 11.862367
b10 		 75 		 11.862367
b10 		 76 		 11.862367
b10 		 77 		 11.862367
b10 		 78 		 11.022192
b10 		 79 		 11.022192
b10 		 80 		 11.022192
b10 		 81 		 11.022192
b10 		 82 		 11.862367
b10 		 83 		 9.614507
b10 		 84 		 11.862367
b10 		 85 		 11.022192
b10 		 86 		 11.022192
b10 		 87 		 11.022192
b10 		 88 		 16.206549
b10 		 89 		 9.614507
b10 		 90 		 9.614507
b10 		 91 		 9.614507
b10 		 92 		 9.614507
b10 		 93 		 9.614507
b10 		 94 		 9.614507
b10 		 95 		 9.614507
b10 		 96 		 9.614507
----------------------------------------------------------------------------------------------------
b11 		 1 		 9.614507
b11 		 2 		 9.614507
b11 		 3 		 9.614507
b11 		 4 		 9.614507
b11 		 5 		 9.408671
b11 		 6 		 9.614507
b11 		 7 		 9.408671
b11 		 8 		 9.408671
b11 		 9 		 9.408671
b11 		 10 		 9.408671
b11 		 11 		 9.408671
b11 		 12 		 9.408671
b11 		 13 		 9.408671
b11 		 14 		 9.408671
b11 		 15 		 9.408671
b11 		 16 		 9.408671
b11 		 17 		 9.408671
b11 		 18 		 9.408671
b11 		 19 		 9.408671
b11 		 20 		 9.408671
b11 		 21 		 9.408671
b11 		 22 		 9.408671
b11 		 23 		 9.408671
b11 		 24 		 9.408671
b11 		 25 		 9.408671
b11 		 26 		 9.408671
b11 		 27 		 9.408671
b11 		 28 		 9.408671
b11 		 29 		 9.614507
b11 		 30 		 9.614507
b11 		 31 		 9.614507
b11 		 32 		 9.614507
b11 		 33 		 9.614507
b11 		 34 		 9.614507
b11 		 35 		 9.614507
b11 		 36 		 9.614507
b11 		 37 		 9.614507
b11 		 38 		 9.614507
b11 		 39 		 9.614507
b11 		 40 		 9.614507
b11 		 41 		 9.614507
b11 		 42 		 9.614507
b11 		 43 		 9.614507
b11 		 44 		 9.614507
b11 		 45 		 9.614507
b11 		 46 		 9.614507
b11 		 47 		 11.022192
b11 		 48 		 11.022192
b11 		 49 		 11.022192
b11 		 50 		 11.022192
b11 		 51 		 11.022192
b11 		 52 		 9.614507
b11 		 53 		 16.206549
b11 		 54 		 12.702542
b11 		 55 		 11.022192
b11 		 56 		 11.862367
b11 		 57 		 11.862367
b11 		 58 		 14.798864
b11 		 59 		 14.798864
b11 		 60 		 11.862367
b11 		 61 		 11.862367
b11 		 62 		 11.862367
b11 		 63 		 14.798864
b11 		 64 		 14.798864
b11 		 65 		 14.798864
b11 		 66 		 14.798864
b11 		 67 		 14.798864
b11 		 68 		 14.798864
b11 		 69 		 11.862367
b11 		 70 		 14.798864
b11 		 71 		 14.798864
b11 		 72 		 11.862367
b11 		 73 		 11.862367
b11 		 74 		 11.862367
b11 		 75 		 11.862367
b11 		 76 		 11.862367
b11 		 77 		 11.862367
b11 		 78 		 11.022192
b11 		 79 		 11.022192
b11 		 80 		 11.022192
b11 		 81 		 11.022192
b11 		 82 		 11.862367
b11 		 83 		 9.614507
b11 		 84 		 11.862367
b11 		 85 		 11.022192
b11 		 86 		 11.022192
b11 		 87 		 11.022192
b11 		 88 		 16.206549
b11 		 89 		 9.614507
b11 		 90 		 9.614507
b11 		 91 		 9.614507
b11 		 92 		 9.614507
b11 		 93 		 9.614507
b11 		 94 		 9.614507
b11 		 95 		 9.614507
b11 		 96 		 9.614507
----------------------------------------------------------------------------------------------------
b12 		 1 		 9.614507
b12 		 2 		 9.614507
b12 		 3 		 9.614507
b12 		 4 		 9.614507
b12 		 5 		 9.408671
b12 		 6 		 9.614507
b12 		 7 		 9.408671
b12 		 8 		 9.408671
b12 		 9 		 9.408671
b12 		 10 		 9.408671
b12 		 11 		 9.408671
b12 		 12 		 9.408671
b12 		 13 		 9.408671
b12 		 14 		 9.408671
b12 		 15 		 9.408671
b12 		 16 		 9.408671
b12 		 17 		 9.408671
b12 		 18 		 9.408671
b12 		 19 		 9.408671
b12 		 20 		 9.408671
b12 		 21 		 9.408671
b12 		 22 		 9.408671
b12 		 23 		 9.408671
b12 		 24 		 9.408671
b12 		 25 		 9.408671
b12 		 26 		 9.408671
b12 		 27 		 9.408671
b12 		 28 		 9.408671
b12 		 29 		 9.614507
b12 		 30 		 9.614507
b12 		 31 		 9.614507
b12 		 32 		 9.614507
b12 		 33 		 9.614507
b12 		 34 		 9.614507
b12 		 35 		 9.614507
b12 		 36 		 9.614507
b12 		 37 		 9.614507
b12 		 38 		 9.614507
b12 		 39 		 9.614507
b12 		 40 		 9.614507
b12 		 41 		 9.614507
b12 		 42 		 9.614507
b12 		 43 		 9.614507
b12 		 44 		 9.614507
b12 		 45 		 9.614507
b12 		 46 		 9.614507
b12 		 47 		 11.022192
b12 		 48 		 11.022192
b12 		 49 		 11.022192
b12 		 50 		 11.022192
b12 		 51 		 11.022192
b12 		 52 		 9.614507
b12 		 53 		 16.206549
b12 		 54 		 12.702542
b12 		 55 		 11.022192
b12 		 56 		 11.862367
b12 		 57 		 11.862367
b12 		 58 		 14.798864
b12 		 59 		 14.798864
b12 		 60 		 11.862367
b12 		 61 		 11.862367
b12 		 62 		 11.862367
b12 		 63 		 14.798864
b12 		 64 		 14.798864
b12 		 65 		 14.798864
b12 		 66 		 14.798864
b12 		 67 		 14.798864
b12 		 68 		 14.798864
b12 		 69 		 11.862367
b12 		 70 		 14.798864
b12 		 71 		 14.798864
b12 		 72 		 11.862367
b12 		 73 		 11.862367
b12 		 74 		 11.862367
b12 		 75 		 11.862367
b12 		 76 		 11.862367
b12 		 77 		 11.862367
b12 		 78 		 11.022192
b12 		 79 		 11.022192
b12 		 80 		 11.022192
b12 		 81 		 11.022192
b12 		 82 		 11.862367
b12 		 83 		 9.614507
b12 		 84 		 11.862367
b12 		 85 		 11.022192
b12 		 86 		 11.022192
b12 		 87 		 11.022192
b12 		 88 		 16.206549
b12 		 89 		 9.614507
b12 		 90 		 9.614507
b12 		 91 		 9.614507
b12 		 92 		 9.614507
b12 		 93 		 9.614507
b12 		 94 		 9.614507
b12 		 95 		 9.614507
b12 		 96 		 9.614507
----------------------------------------------------------------------------------------------------
b13 		 1 		 9.614507
b13 		 2 		 9.614507
b13 		 3 		 9.614507
b13 		 4 		 9.614507
b13 		 5 		 9.408671
b13 		 6 		 9.614507
b13 		 7 		 9.408671
b13 		 8 		 9.408671
b13 		 9 		 9.408671
b13 		 10 		 9.408671
b13 		 11 		 9.408671
b13 		 12 		 9.408671
b13 		 13 		 9.408671
b13 		 14 		 9.408671
b13 		 15 		 9.408671
b13 		 16 		 9.408671
b13 		 17 		 9.408671
b13 		 18 		 9.408671
b13 		 19 		 9.408671
b13 		 20 		 9.408671
b13 		 21 		 9.408671
b13 		 22 		 9.408671
b13 		 23 		 9.408671
b13 		 24 		 9.408671
b13 		 25 		 9.408671
b13 		 26 		 9.408671
b13 		 27 		 9.408671
b13 		 28 		 9.408671
b13 		 29 		 9.614507
b13 		 30 		 9.614507
b13 		 31 		 9.614507
b13 		 32 		 9.614507
b13 		 33 		 9.614507
b13 		 34 		 9.614507
b13 		 35 		 9.614507
b13 		 36 		 9.614507
b13 		 37 		 9.614507
b13 		 38 		 9.614507
b13 		 39 		 9.614507
b13 		 40 		 9.614507
b13 		 41 		 9.614507
b13 		 42 		 9.614507
b13 		 43 		 9.614507
b13 		 44 		 9.614507
b13 		 45 		 9.614507
b13 		 46 		 9.614507
b13 		 47 		 11.022192
b13 		 48 		 11.022192
b13 		 49 		 11.022192
b13 		 50 		 11.022192
b13 		 51 		 11.022192
b13 		 52 		 9.614507
b13 		 53 		 16.206549
b13 		 54 		 12.702542
b13 		 55 		 11.022192
b13 		 56 		 11.862367
b13 		 57 		 11.862367
b13 		 58 		 14.798864
b13 		 59 		 14.798864
b13 		 60 		 11.862367
b13 		 61 		 11.862367
b13 		 62 		 11.862367
b13 		 63 		 14.798864
b13 		 64 		 14.798864
b13 		 65 		 14.798864
b13 		 66 		 14.798864
b13 		 67 		 14.798864
b13 		 68 		 14.798864
b13 		 69 		 11.862367
b13 		 70 		 14.798864
b13 		 71 		 14.798864
b13 		 72 		 11.862367
b13 		 73 		 11.862367
b13 		 74 		 11.862367
b13 		 75 		 11.862367
b13 		 76 		 11.862367
b13 		 77 		 11.862367
b13 		 78 		 11.022192
b13 		 79 		 11.022192
b13 		 80 		 11.022192
b13 		 81 		 11.022192
b13 		 82 		 11.862367
b13 		 83 		 9.614507
b13 		 84 		 11.862367
b13 		 85 		 11.022192
b13 		 86 		 11.022192
b13 		 87 		 11.022192
b13 		 88 		 16.206549
b13 		 89 		 9.614507
b13 		 90 		 9.614507
b13 		 91 		 9.614507
b13 		 92 		 9.614507
b13 		 93 		 9.614507
b13 		 94 		 9.614507
b13 		 95 		 9.614507
b13 		 96 		 9.614507
----------------------------------------------------------------------------------------------------
b14 		 1 		 9.614507
b14 		 2 		 9.614507
b14 		 3 		 9.614507
b14 		 4 		 9.614507
b14 		 5 		 9.408671
b14 		 6 		 9.614507
b14 		 7 		 9.408671
b14 		 8 		 9.408671
b14 		 9 		 9.408671
b14 		 10 		 9.408671
b14 		 11 		 9.408671
b14 		 12 		 9.408671
b14 		 13 		 9.408671
b14 		 14 		 9.408671
b14 		 15 		 9.408671
b14 		 16 		 9.408671
b14 		 17 		 9.408671
b14 		 18 		 9.408671
b14 		 19 		 9.408671
b14 		 20 		 9.408671
b14 		 21 		 9.408671
b14 		 22 		 9.408671
b14 		 23 		 9.408671
b14 		 24 		 9.408671
b14 		 25 		 9.408671
b14 		 26 		 9.408671
b14 		 27 		 9.408671
b14 		 28 		 9.408671
b14 		 29 		 9.614507
b14 		 30 		 9.614507
b14 		 31 		 9.614507
b14 		 32 		 9.614507
b14 		 33 		 9.614507
b14 		 34 		 9.614507
b14 		 35 		 9.614507
b14 		 36 		 9.614507
b14 		 37 		 9.614507
b14 		 38 		 9.614507
b14 		 39 		 9.614507
b14 		 40 		 9.614507
b14 		 41 		 9.614507
b14 		 42 		 9.614507
b14 		 43 		 9.614507
b14 		 44 		 9.614507
b14 		 45 		 9.614507
b14 		 46 		 9.614507
b14 		 47 		 11.022192
b14 		 48 		 11.022192
b14 		 49 		 11.022192
b14 		 50 		 11.022192
b14 		 51 		 11.022192
b14 		 52 		 9.614507
b14 		 53 		 16.206549
b14 		 54 		 12.702542
b14 		 55 		 11.022192
b14 		 56 		 11.862367
b14 		 57 		 11.862367
b14 		 58 		 14.798864
b14 		 59 		 14.798864
b14 		 60 		 11.862367
b14 		 61 		 11.862367
b14 		 62 		 11.862367
b14 		 63 		 14.798864
b14 		 64 		 14.798864
b14 		 65 		 14.798864
b14 		 66 		 14.798864
b14 		 67 		 14.798864
b14 		 68 		 14.798864
b14 		 69 		 11.862367
b14 		 70 		 14.798864
b14 		 71 		 14.798864
b14 		 72 		 11.862367
b14 		 73 		 11.862367
b14 		 74 		 11.862367
b14 		 75 		 11.862367
b14 		 76 		 11.862367
b14 		 77 		 11.862367
b14 		 78 		 11.022192
b14 		 79 		 11.022192
b14 		 80 		 11.022192
b14 		 81 		 11.022192
b14 		 82 		 11.862367
b14 		 83 		 9.614507
b14 		 84 		 11.862367
b14 		 85 		 11.022192
b14 		 86 		 11.022192
b14 		 87 		 11.022192
b14 		 88 		 16.206549
b14 		 89 		 9.614507
b14 		 90 		 9.614507
b14 		 91 		 9.614507
b14 		 92 		 9.614507
b14 		 93 		 9.614507
b14 		 94 		 9.614507
b14 		 95 		 9.614507
b14 		 96 		 9.614507
----------------------------------------------------------------------------------------------------
Total overall payments
----------------------------------------------------------------------------------------------------------------------------------------------------
total generation payment 	 total up-FRP payment 	 total dw-FRP payment 	 total pre-up t. payment 	 uplift payment 	 total post-up t. payment 	 profit
----------------------------------------------------------------------------------------------------------------------------------------------------
374088.94579499995 			 0.0 			 0.0 			 374088.94579499995			 17783.777984 			 391872.723779 			 62786.24089300001
