****************************************************************************************************
 
Generation payment
----------------------------------------------------------------------------------------------------------------
unit	 time 	 generation payment 	 up-FRP payment 	 dw-FRP payment 	pre-up total payment
----------------------------------------------------------------------------------------------------------------
g1	 1 	 500.767722 			 0.0 			 0.0			 500.767722 
g1	 2 	 230.807384 			 0.0 			 0.0			 230.807384 
g1	 3 	 123.403024 			 0.0 			 0.0			 123.403024 
g1	 4 	 143.273912 			 0.0 			 0.0			 143.273912 
g1	 5 	 119.783277 			 0.0 			 0.0			 119.783277 
g1	 6 	 124.025195 			 0.0 			 0.0			 124.025195 
g1	 7 	 113.480822 			 0.0 			 0.0			 113.480822 
g1	 8 	 306.627367 			 0.0 			 0.0			 306.627367 
g1	 9 	 207.3523 			 0.0 			 0.0			 207.3523 
g1	 10 	 202.690407 			 0.0 			 0.0			 202.690407 
g1	 11 	 82.534941 			 0.0 			 0.0			 82.534941 
g1	 12 	 208.609975 			 0.0 			 0.0			 208.609975 
g1	 13 	 85.882132 			 0.0 			 0.0			 85.882132 
g1	 14 	 211.632332 			 0.0 			 0.0			 211.632332 
g1	 15 	 58.781698 			 0.0 			 0.0			 58.781698 
g1	 16 	 26.144918 			 0.0 			 0.0			 26.144918 
g1	 17 	 -39.396128 			 0.0 			 0.0			 -39.396128 
g1	 18 	 17.855569 			 0.0 			 0.0			 17.855569 
g1	 19 	 35.141951 			 0.0 			 0.0			 35.141951 
g1	 20 	 351.989578 			 0.0 			 0.0			 351.989578 
g1	 21 	 228.151428 			 0.0 			 0.0			 228.151428 
g1	 22 	 -73.459563 			 0.0 			 0.0			 -73.459563 
g1	 23 	 77.331871 			 0.0 			 0.0			 77.331871 
g1	 24 	 -97.082892 			 0.0 			 0.0			 -97.082892 
g1	 25 	 159.844266 			 0.0 			 0.0			 159.844266 
g1	 26 	 159.844266 			 0.0 			 0.0			 159.844266 
g1	 27 	 159.844266 			 0.0 			 0.0			 159.844266 
g1	 28 	 254.389327 			 0.0 			 0.0			 254.389327 
g1	 29 	 115.760129 			 0.0 			 0.0			 115.760129 
g1	 30 	 185.116766 			 0.0 			 0.0			 185.116766 
g1	 31 	 421.471432 			 0.0 			 0.0			 421.471432 
g1	 32 	 268.608577 			 0.0 			 0.0			 268.608577 
g1	 33 	 206.645868 			 0.0 			 0.0			 206.645868 
g1	 34 	 293.460876 			 0.0 			 0.0			 293.460876 
g1	 35 	 46.037115 			 0.0 			 0.0			 46.037115 
g1	 36 	 -39.006017 			 0.0 			 0.0			 -39.006017 
g1	 37 	 229.392907 			 0.0 			 0.0			 229.392907 
g1	 38 	 -266.967549 			 0.0 			 0.0			 -266.967549 
g1	 39 	 228.190651 			 0.0 			 0.0			 228.190651 
g1	 40 	 502.487689 			 0.0 			 0.0			 502.487689 
g1	 41 	 470.980503 			 0.0 			 0.0			 470.980503 
g1	 42 	 82.810566 			 0.0 			 0.0			 82.810566 
g1	 43 	 -245.522444 			 0.0 			 0.0			 -245.522444 
g1	 44 	 -21.947939 			 0.0 			 0.0			 -21.947939 
g1	 45 	 343.088218 			 0.0 			 0.0			 343.088218 
g1	 46 	 -28.822234 			 0.0 			 0.0			 -28.822234 
g1	 47 	 23.357003 			 0.0 			 0.0			 23.357003 
g1	 48 	 -155.355127 			 0.0 			 0.0			 -155.355127 
g1	 49 	 200.487051 			 0.0 			 0.0			 200.487051 
g1	 50 	 140.556872 			 0.0 			 0.0			 140.556872 
g1	 51 	 172.152509 			 0.0 			 0.0			 172.152509 
g1	 52 	 4.546364 			 0.0 			 0.0			 4.546364 
g1	 53 	 172.152509 			 0.0 			 0.0			 172.152509 
g1	 54 	 -31.996368 			 0.0 			 0.0			 -31.996368 
g1	 55 	 200.487051 			 0.0 			 0.0			 200.487051 
g1	 56 	 194.259418 			 0.0 			 0.0			 194.259418 
g1	 57 	 194.259418 			 0.0 			 0.0			 194.259418 
g1	 58 	 194.259418 			 0.0 			 0.0			 194.259418 
g1	 59 	 194.259418 			 0.0 			 0.0			 194.259418 
g1	 60 	 172.152509 			 0.0 			 0.0			 172.152509 
g1	 61 	 -99815.93207 			 0.0 			 0.0			 -99815.93207 
g1	 62 	 42252.75 			 0.0 			 0.0			 42252.75 
g1	 63 	 200.487051 			 0.0 			 0.0			 200.487051 
g1	 64 	 188.031768 			 0.0 			 0.0			 188.031768 
g1	 65 	 200.487051 			 0.0 			 0.0			 200.487051 
g1	 66 	 -185.463071 			 0.0 			 0.0			 -185.463071 
g1	 67 	 84.040233 			 0.0 			 0.0			 84.040233 
g1	 68 	 291.685505 			 0.0 			 0.0			 291.685505 
g1	 69 	 -0.507434 			 0.0 			 0.0			 -0.507434 
g1	 70 	 -209.908243 			 0.0 			 0.0			 -209.908243 
g1	 71 	 288.25639 			 0.0 			 0.0			 288.25639 
g1	 72 	 -10.709638 			 0.0 			 0.0			 -10.709638 
g1	 73 	 161.398748 			 0.0 			 0.0			 161.398748 
g1	 74 	 -303.06549 			 0.0 			 0.0			 -303.06549 
g1	 75 	 307.569902 			 0.0 			 0.0			 307.569902 
g1	 76 	 41885.76 			 0.0 			 0.0			 41885.76 
g1	 77 	 -100361.316815 			 0.0 			 0.0			 -100361.316815 
g1	 78 	 -192.814025 			 0.0 			 0.0			 -192.814025 
g1	 79 	 147.90075 			 0.0 			 0.0			 147.90075 
g1	 80 	 123.110561 			 0.0 			 0.0			 123.110561 
g1	 81 	 181.809257 			 0.0 			 0.0			 181.809257 
g1	 82 	 102.923019 			 0.0 			 0.0			 102.923019 
g1	 83 	 203.916166 			 0.0 			 0.0			 203.916166 
g1	 84 	 203.916166 			 0.0 			 0.0			 203.916166 
g1	 85 	 8.949789 			 0.0 			 0.0			 8.949789 
g1	 86 	 319.448764 			 0.0 			 0.0			 319.448764 
g1	 87 	 94.47129 			 0.0 			 0.0			 94.47129 
g1	 88 	 147.457703 			 0.0 			 0.0			 147.457703 
g1	 89 	 212.83589 			 0.0 			 0.0			 212.83589 
g1	 90 	 439.234782 			 0.0 			 0.0			 439.234782 
g1	 91 	 659.661382 			 0.0 			 0.0			 659.661382 
g1	 92 	 416.663736 			 0.0 			 0.0			 416.663736 
g1	 93 	 69.52051 			 0.0 			 0.0			 69.52051 
g1	 94 	 251.091301 			 0.0 			 0.0			 251.091301 
g1	 95 	 107582.9775 			 0.0 			 0.0			 107582.9775 
g1	 96 	 176.609235 			 0.0 			 0.0			 176.609235 
----------------------------------------------------------------------------------------------------
g2	 1 	 0.0 			 0.0 			 0.0			 0.0 
g2	 2 	 0.0 			 0.0 			 0.0			 0.0 
g2	 3 	 0.0 			 0.0 			 0.0			 0.0 
g2	 4 	 0.0 			 0.0 			 0.0			 0.0 
g2	 5 	 0.0 			 0.0 			 0.0			 0.0 
g2	 6 	 0.0 			 0.0 			 0.0			 0.0 
g2	 7 	 0.0 			 0.0 			 0.0			 0.0 
g2	 8 	 0.0 			 0.0 			 0.0			 0.0 
g2	 9 	 0.0 			 0.0 			 0.0			 0.0 
g2	 10 	 0.0 			 0.0 			 0.0			 0.0 
g2	 11 	 0.0 			 0.0 			 0.0			 0.0 
g2	 12 	 0.0 			 0.0 			 0.0			 0.0 
g2	 13 	 0.0 			 0.0 			 0.0			 0.0 
g2	 14 	 0.0 			 0.0 			 0.0			 0.0 
g2	 15 	 0.0 			 0.0 			 0.0			 0.0 
g2	 16 	 0.0 			 0.0 			 0.0			 0.0 
g2	 17 	 0.0 			 0.0 			 0.0			 0.0 
g2	 18 	 0.0 			 0.0 			 0.0			 0.0 
g2	 19 	 0.0 			 0.0 			 0.0			 0.0 
g2	 20 	 0.0 			 0.0 			 0.0			 0.0 
g2	 21 	 0.0 			 0.0 			 0.0			 0.0 
g2	 22 	 0.0 			 0.0 			 0.0			 0.0 
g2	 23 	 0.0 			 0.0 			 0.0			 0.0 
g2	 24 	 0.0 			 0.0 			 0.0			 0.0 
g2	 25 	 90.872918 			 0.0 			 0.0			 90.872918 
g2	 26 	 -88.224537 			 0.0 			 0.0			 -88.224537 
g2	 27 	 113.144377 			 0.0 			 0.0			 113.144377 
g2	 28 	 205.985774 			 0.0 			 0.0			 205.985774 
g2	 29 	 -188.905377 			 0.0 			 0.0			 -188.905377 
g2	 30 	 21.701904 			 0.0 			 0.0			 21.701904 
g2	 31 	 21.701904 			 0.0 			 0.0			 21.701904 
g2	 32 	 21.701904 			 0.0 			 0.0			 21.701904 
g2	 33 	 -6.684794 			 0.0 			 0.0			 -6.684794 
g2	 34 	 -6.684794 			 0.0 			 0.0			 -6.684794 
g2	 35 	 -6.684794 			 0.0 			 0.0			 -6.684794 
g2	 36 	 -151.949901 			 0.0 			 0.0			 -151.949901 
g2	 37 	 21.701904 			 0.0 			 0.0			 21.701904 
g2	 38 	 -188.905377 			 0.0 			 0.0			 -188.905377 
g2	 39 	 21.701904 			 0.0 			 0.0			 21.701904 
g2	 40 	 31.6373 			 0.0 			 0.0			 31.6373 
g2	 41 	 28.828362 			 0.0 			 0.0			 28.828362 
g2	 42 	 21.701904 			 0.0 			 0.0			 21.701904 
g2	 43 	 21.701904 			 0.0 			 0.0			 21.701904 
g2	 44 	 118.222574 			 0.0 			 0.0			 118.222574 
g2	 45 	 437.622511 			 0.0 			 0.0			 437.622511 
g2	 46 	 118.222574 			 0.0 			 0.0			 118.222574 
g2	 47 	 21.701904 			 0.0 			 0.0			 21.701904 
g2	 48 	 108.293653 			 0.0 			 0.0			 108.293653 
g2	 49 	 317.281473 			 0.0 			 0.0			 317.281473 
g2	 50 	 42.418186 			 0.0 			 0.0			 42.418186 
g2	 51 	 88.069162 			 0.0 			 0.0			 88.069162 
g2	 52 	 -44.173564 			 0.0 			 0.0			 -44.173564 
g2	 53 	 -32.537793 			 0.0 			 0.0			 -32.537793 
g2	 54 	 -84.737419 			 0.0 			 0.0			 -84.737419 
g2	 55 	 160.397043 			 0.0 			 0.0			 160.397043 
g2	 56 	 281.28033 			 0.0 			 0.0			 281.28033 
g2	 57 	 286.98853 			 0.0 			 0.0			 286.98853 
g2	 58 	 62.659515 			 0.0 			 0.0			 62.659515 
g2	 59 	 229.450911 			 0.0 			 0.0			 229.450911 
g2	 60 	 -18.070987 			 0.0 			 0.0			 -18.070987 
g2	 61 	 24757.943733 			 0.0 			 0.0			 24757.943733 
g2	 62 	 80832.645 			 0.0 			 0.0			 80832.645 
g2	 63 	 340.737239 			 0.0 			 0.0			 340.737239 
g2	 64 	 71.08273 			 0.0 			 0.0			 71.08273 
g2	 65 	 125.691529 			 0.0 			 0.0			 125.691529 
g2	 66 	 -112.866409 			 0.0 			 0.0			 -112.866409 
g2	 67 	 101.873605 			 0.0 			 0.0			 101.873605 
g2	 68 	 568.332442 			 0.0 			 0.0			 568.332442 
g2	 69 	 123.06619 			 0.0 			 0.0			 123.06619 
g2	 70 	 90.292383 			 0.0 			 0.0			 90.292383 
g2	 71 	 541.10671 			 0.0 			 0.0			 541.10671 
g2	 72 	 90.292383 			 0.0 			 0.0			 90.292383 
g2	 73 	 24.046632 			 0.0 			 0.0			 24.046632 
g2	 74 	 238.786646 			 0.0 			 0.0			 238.786646 
g2	 75 	 858.429561 			 0.0 			 0.0			 858.429561 
g2	 76 	 62090.195 			 0.0 			 0.0			 62090.195 
g2	 77 	 35831.457299 			 0.0 			 0.0			 35831.457299 
g2	 78 	 -68.493075 			 0.0 			 0.0			 -68.493075 
g2	 79 	 -68.493075 			 0.0 			 0.0			 -68.493075 
g2	 80 	 -54.703189 			 0.0 			 0.0			 -54.703189 
g2	 81 	 227.258709 			 0.0 			 0.0			 227.258709 
g2	 82 	 142.751335 			 0.0 			 0.0			 142.751335 
g2	 83 	 448.616458 			 0.0 			 0.0			 448.616458 
g2	 84 	 447.502894 			 0.0 			 0.0			 447.502894 
g2	 85 	 188.978644 			 0.0 			 0.0			 188.978644 
g2	 86 	 21.701904 			 0.0 			 0.0			 21.701904 
g2	 87 	 21.701904 			 0.0 			 0.0			 21.701904 
g2	 88 	 21.701904 			 0.0 			 0.0			 21.701904 
g2	 89 	 -257.560701 			 0.0 			 0.0			 -257.560701 
g2	 90 	 -257.560701 			 0.0 			 0.0			 -257.560701 
g2	 91 	 -257.560701 			 0.0 			 0.0			 -257.560701 
g2	 92 	 -257.560701 			 0.0 			 0.0			 -257.560701 
g2	 93 	 0.0 			 0.0 			 0.0			 0.0 
g2	 94 	 0.0 			 0.0 			 0.0			 0.0 
g2	 95 	 0.0 			 0.0 			 0.0			 0.0 
g2	 96 	 0.0 			 0.0 			 0.0			 0.0 
----------------------------------------------------------------------------------------------------
g3	 1 	 0.0 			 0.0 			 0.0			 0.0 
g3	 2 	 0.0 			 0.0 			 0.0			 0.0 
g3	 3 	 0.0 			 0.0 			 0.0			 0.0 
g3	 4 	 0.0 			 0.0 			 0.0			 0.0 
g3	 5 	 0.0 			 0.0 			 0.0			 0.0 
g3	 6 	 0.0 			 0.0 			 0.0			 0.0 
g3	 7 	 0.0 			 0.0 			 0.0			 0.0 
g3	 8 	 0.0 			 0.0 			 0.0			 0.0 
g3	 9 	 0.0 			 0.0 			 0.0			 0.0 
g3	 10 	 0.0 			 0.0 			 0.0			 0.0 
g3	 11 	 0.0 			 0.0 			 0.0			 0.0 
g3	 12 	 0.0 			 0.0 			 0.0			 0.0 
g3	 13 	 0.0 			 0.0 			 0.0			 0.0 
g3	 14 	 0.0 			 0.0 			 0.0			 0.0 
g3	 15 	 0.0 			 0.0 			 0.0			 0.0 
g3	 16 	 0.0 			 0.0 			 0.0			 0.0 
g3	 17 	 0.0 			 0.0 			 0.0			 0.0 
g3	 18 	 0.0 			 0.0 			 0.0			 0.0 
g3	 19 	 0.0 			 0.0 			 0.0			 0.0 
g3	 20 	 0.0 			 0.0 			 0.0			 0.0 
g3	 21 	 0.0 			 0.0 			 0.0			 0.0 
g3	 22 	 0.0 			 0.0 			 0.0			 0.0 
g3	 23 	 0.0 			 0.0 			 0.0			 0.0 
g3	 24 	 0.0 			 0.0 			 0.0			 0.0 
g3	 25 	 0.0 			 0.0 			 0.0			 0.0 
g3	 26 	 0.0 			 0.0 			 0.0			 0.0 
g3	 27 	 0.0 			 0.0 			 0.0			 0.0 
g3	 28 	 0.0 			 0.0 			 0.0			 0.0 
g3	 29 	 0.0 			 0.0 			 0.0			 0.0 
g3	 30 	 0.0 			 0.0 			 0.0			 0.0 
g3	 31 	 0.0 			 0.0 			 0.0			 0.0 
g3	 32 	 0.0 			 0.0 			 0.0			 0.0 
g3	 33 	 0.0 			 0.0 			 0.0			 0.0 
g3	 34 	 0.0 			 0.0 			 0.0			 0.0 
g3	 35 	 0.0 			 0.0 			 0.0			 0.0 
g3	 36 	 0.0 			 0.0 			 0.0			 0.0 
g3	 37 	 0.0 			 0.0 			 0.0			 0.0 
g3	 38 	 0.0 			 0.0 			 0.0			 0.0 
g3	 39 	 0.0 			 0.0 			 0.0			 0.0 
g3	 40 	 0.0 			 0.0 			 0.0			 0.0 
g3	 41 	 16.491381 			 0.0 			 0.0			 16.491381 
g3	 42 	 15.56631 			 0.0 			 0.0			 15.56631 
g3	 43 	 15.56631 			 0.0 			 0.0			 15.56631 
g3	 44 	 15.56631 			 0.0 			 0.0			 15.56631 
g3	 45 	 203.374463 			 0.0 			 0.0			 203.374463 
g3	 46 	 15.56631 			 0.0 			 0.0			 15.56631 
g3	 47 	 15.56631 			 0.0 			 0.0			 15.56631 
g3	 48 	 15.56631 			 0.0 			 0.0			 15.56631 
g3	 49 	 26.211181 			 0.0 			 0.0			 26.211181 
g3	 50 	 15.56631 			 0.0 			 0.0			 15.56631 
g3	 51 	 16.491381 			 0.0 			 0.0			 16.491381 
g3	 52 	 15.56631 			 0.0 			 0.0			 15.56631 
g3	 53 	 16.491381 			 0.0 			 0.0			 16.491381 
g3	 54 	 15.56631 			 0.0 			 0.0			 15.56631 
g3	 55 	 136.664705 			 0.0 			 0.0			 136.664705 
g3	 56 	 18.609117 			 0.0 			 0.0			 18.609117 
g3	 57 	 18.609117 			 0.0 			 0.0			 18.609117 
g3	 58 	 18.609117 			 0.0 			 0.0			 18.609117 
g3	 59 	 18.609117 			 0.0 			 0.0			 18.609117 
g3	 60 	 16.491381 			 0.0 			 0.0			 16.491381 
g3	 61 	 11672.809973 			 0.0 			 0.0			 11672.809973 
g3	 62 	 47972.145 			 0.0 			 0.0			 47972.145 
g3	 63 	 83.980979 			 0.0 			 0.0			 83.980979 
g3	 64 	 18.012538 			 0.0 			 0.0			 18.012538 
g3	 65 	 136.771692 			 0.0 			 0.0			 136.771692 
g3	 66 	 15.56631 			 0.0 			 0.0			 15.56631 
g3	 67 	 71.331248 			 0.0 			 0.0			 71.331248 
g3	 68 	 377.857032 			 0.0 			 0.0			 377.857032 
g3	 69 	 71.331248 			 0.0 			 0.0			 71.331248 
g3	 70 	 71.331248 			 0.0 			 0.0			 71.331248 
g3	 71 	 373.414867 			 0.0 			 0.0			 373.414867 
g3	 72 	 71.331248 			 0.0 			 0.0			 71.331248 
g3	 73 	 15.56631 			 0.0 			 0.0			 15.56631 
g3	 74 	 71.331248 			 0.0 			 0.0			 71.331248 
g3	 75 	 398.434096 			 0.0 			 0.0			 398.434096 
g3	 76 	 18547.8175 			 0.0 			 0.0			 18547.8175 
g3	 77 	 -17504.005012 			 0.0 			 0.0			 -17504.005012 
g3	 78 	 15.56631 			 0.0 			 0.0			 15.56631 
g3	 79 	 15.56631 			 0.0 			 0.0			 15.56631 
g3	 80 	 15.56631 			 0.0 			 0.0			 15.56631 
g3	 81 	 17.416451 			 0.0 			 0.0			 17.416451 
g3	 82 	 15.56631 			 0.0 			 0.0			 15.56631 
g3	 83 	 194.178825 			 0.0 			 0.0			 194.178825 
g3	 84 	 194.178825 			 0.0 			 0.0			 194.178825 
g3	 85 	 10.848404 			 0.0 			 0.0			 10.848404 
g3	 86 	 10.848404 			 0.0 			 0.0			 10.848404 
g3	 87 	 10.848404 			 0.0 			 0.0			 10.848404 
g3	 88 	 10.848404 			 0.0 			 0.0			 10.848404 
g3	 89 	 0.0 			 0.0 			 0.0			 0.0 
g3	 90 	 0.0 			 0.0 			 0.0			 0.0 
g3	 91 	 0.0 			 0.0 			 0.0			 0.0 
g3	 92 	 0.0 			 0.0 			 0.0			 0.0 
g3	 93 	 0.0 			 0.0 			 0.0			 0.0 
g3	 94 	 0.0 			 0.0 			 0.0			 0.0 
g3	 95 	 0.0 			 0.0 			 0.0			 0.0 
g3	 96 	 0.0 			 0.0 			 0.0			 0.0 
----------------------------------------------------------------------------------------------------
g4	 1 	 0.0 			 0.0 			 0.0			 0.0 
g4	 2 	 0.0 			 0.0 			 0.0			 0.0 
g4	 3 	 0.0 			 0.0 			 0.0			 0.0 
g4	 4 	 0.0 			 0.0 			 0.0			 0.0 
g4	 5 	 0.0 			 0.0 			 0.0			 0.0 
g4	 6 	 0.0 			 0.0 			 0.0			 0.0 
g4	 7 	 0.0 			 0.0 			 0.0			 0.0 
g4	 8 	 0.0 			 0.0 			 0.0			 0.0 
g4	 9 	 0.0 			 0.0 			 0.0			 0.0 
g4	 10 	 0.0 			 0.0 			 0.0			 0.0 
g4	 11 	 0.0 			 0.0 			 0.0			 0.0 
g4	 12 	 0.0 			 0.0 			 0.0			 0.0 
g4	 13 	 0.0 			 0.0 			 0.0			 0.0 
g4	 14 	 0.0 			 0.0 			 0.0			 0.0 
g4	 15 	 0.0 			 0.0 			 0.0			 0.0 
g4	 16 	 0.0 			 0.0 			 0.0			 0.0 
g4	 17 	 0.0 			 0.0 			 0.0			 0.0 
g4	 18 	 0.0 			 0.0 			 0.0			 0.0 
g4	 19 	 0.0 			 0.0 			 0.0			 0.0 
g4	 20 	 0.0 			 0.0 			 0.0			 0.0 
g4	 21 	 0.0 			 0.0 			 0.0			 0.0 
g4	 22 	 0.0 			 0.0 			 0.0			 0.0 
g4	 23 	 0.0 			 0.0 			 0.0			 0.0 
g4	 24 	 0.0 			 0.0 			 0.0			 0.0 
g4	 25 	 0.0 			 0.0 			 0.0			 0.0 
g4	 26 	 0.0 			 0.0 			 0.0			 0.0 
g4	 27 	 0.0 			 0.0 			 0.0			 0.0 
g4	 28 	 0.0 			 0.0 			 0.0			 0.0 
g4	 29 	 0.0 			 0.0 			 0.0			 0.0 
g4	 30 	 0.0 			 0.0 			 0.0			 0.0 
g4	 31 	 0.0 			 0.0 			 0.0			 0.0 
g4	 32 	 0.0 			 0.0 			 0.0			 0.0 
g4	 33 	 0.0 			 0.0 			 0.0			 0.0 
g4	 34 	 0.0 			 0.0 			 0.0			 0.0 
g4	 35 	 0.0 			 0.0 			 0.0			 0.0 
g4	 36 	 0.0 			 0.0 			 0.0			 0.0 
g4	 37 	 0.0 			 0.0 			 0.0			 0.0 
g4	 38 	 0.0 			 0.0 			 0.0			 0.0 
g4	 39 	 0.0 			 0.0 			 0.0			 0.0 
g4	 40 	 0.0 			 0.0 			 0.0			 0.0 
g4	 41 	 0.0 			 0.0 			 0.0			 0.0 
g4	 42 	 0.0 			 0.0 			 0.0			 0.0 
g4	 43 	 0.0 			 0.0 			 0.0			 0.0 
g4	 44 	 0.0 			 0.0 			 0.0			 0.0 
g4	 45 	 0.0 			 0.0 			 0.0			 0.0 
g4	 46 	 0.0 			 0.0 			 0.0			 0.0 
g4	 47 	 0.0 			 0.0 			 0.0			 0.0 
g4	 48 	 0.0 			 0.0 			 0.0			 0.0 
g4	 49 	 0.0 			 0.0 			 0.0			 0.0 
g4	 50 	 0.0 			 0.0 			 0.0			 0.0 
g4	 51 	 0.0 			 0.0 			 0.0			 0.0 
g4	 52 	 0.0 			 0.0 			 0.0			 0.0 
g4	 53 	 0.0 			 0.0 			 0.0			 0.0 
g4	 54 	 0.0 			 0.0 			 0.0			 0.0 
g4	 55 	 0.0 			 0.0 			 0.0			 0.0 
g4	 56 	 0.0 			 0.0 			 0.0			 0.0 
g4	 57 	 0.0 			 0.0 			 0.0			 0.0 
g4	 58 	 0.0 			 0.0 			 0.0			 0.0 
g4	 59 	 0.0 			 0.0 			 0.0			 0.0 
g4	 60 	 0.0 			 0.0 			 0.0			 0.0 
g4	 61 	 0.0 			 0.0 			 0.0			 0.0 
g4	 62 	 0.0 			 0.0 			 0.0			 0.0 
g4	 63 	 0.0 			 0.0 			 0.0			 0.0 
g4	 64 	 0.0 			 0.0 			 0.0			 0.0 
g4	 65 	 0.0 			 0.0 			 0.0			 0.0 
g4	 66 	 0.0 			 0.0 			 0.0			 0.0 
g4	 67 	 0.0 			 0.0 			 0.0			 0.0 
g4	 68 	 0.0 			 0.0 			 0.0			 0.0 
g4	 69 	 0.0 			 0.0 			 0.0			 0.0 
g4	 70 	 0.0 			 0.0 			 0.0			 0.0 
g4	 71 	 0.0 			 0.0 			 0.0			 0.0 
g4	 72 	 0.0 			 0.0 			 0.0			 0.0 
g4	 73 	 0.0 			 0.0 			 0.0			 0.0 
g4	 74 	 0.0 			 0.0 			 0.0			 0.0 
g4	 75 	 0.0 			 0.0 			 0.0			 0.0 
g4	 76 	 0.0 			 0.0 			 0.0			 0.0 
g4	 77 	 0.0 			 0.0 			 0.0			 0.0 
g4	 78 	 0.0 			 0.0 			 0.0			 0.0 
g4	 79 	 0.0 			 0.0 			 0.0			 0.0 
g4	 80 	 0.0 			 0.0 			 0.0			 0.0 
g4	 81 	 0.0 			 0.0 			 0.0			 0.0 
g4	 82 	 0.0 			 0.0 			 0.0			 0.0 
g4	 83 	 0.0 			 0.0 			 0.0			 0.0 
g4	 84 	 0.0 			 0.0 			 0.0			 0.0 
g4	 85 	 0.0 			 0.0 			 0.0			 0.0 
g4	 86 	 0.0 			 0.0 			 0.0			 0.0 
g4	 87 	 0.0 			 0.0 			 0.0			 0.0 
g4	 88 	 0.0 			 0.0 			 0.0			 0.0 
g4	 89 	 0.0 			 0.0 			 0.0			 0.0 
g4	 90 	 0.0 			 0.0 			 0.0			 0.0 
g4	 91 	 0.0 			 0.0 			 0.0			 0.0 
g4	 92 	 0.0 			 0.0 			 0.0			 0.0 
g4	 93 	 0.0 			 0.0 			 0.0			 0.0 
g4	 94 	 0.0 			 0.0 			 0.0			 0.0 
g4	 95 	 0.0 			 0.0 			 0.0			 0.0 
g4	 96 	 0.0 			 0.0 			 0.0			 0.0 
----------------------------------------------------------------------------------------------------
g5	 1 	 0.0 			 0.0 			 0.0			 0.0 
g5	 2 	 0.0 			 0.0 			 0.0			 0.0 
g5	 3 	 0.0 			 0.0 			 0.0			 0.0 
g5	 4 	 0.0 			 0.0 			 0.0			 0.0 
g5	 5 	 0.0 			 0.0 			 0.0			 0.0 
g5	 6 	 0.0 			 0.0 			 0.0			 0.0 
g5	 7 	 0.0 			 0.0 			 0.0			 0.0 
g5	 8 	 0.0 			 0.0 			 0.0			 0.0 
g5	 9 	 0.0 			 0.0 			 0.0			 0.0 
g5	 10 	 0.0 			 0.0 			 0.0			 0.0 
g5	 11 	 0.0 			 0.0 			 0.0			 0.0 
g5	 12 	 0.0 			 0.0 			 0.0			 0.0 
g5	 13 	 0.0 			 0.0 			 0.0			 0.0 
g5	 14 	 0.0 			 0.0 			 0.0			 0.0 
g5	 15 	 0.0 			 0.0 			 0.0			 0.0 
g5	 16 	 0.0 			 0.0 			 0.0			 0.0 
g5	 17 	 0.0 			 0.0 			 0.0			 0.0 
g5	 18 	 0.0 			 0.0 			 0.0			 0.0 
g5	 19 	 0.0 			 0.0 			 0.0			 0.0 
g5	 20 	 0.0 			 0.0 			 0.0			 0.0 
g5	 21 	 0.0 			 0.0 			 0.0			 0.0 
g5	 22 	 0.0 			 0.0 			 0.0			 0.0 
g5	 23 	 0.0 			 0.0 			 0.0			 0.0 
g5	 24 	 0.0 			 0.0 			 0.0			 0.0 
g5	 25 	 0.0 			 0.0 			 0.0			 0.0 
g5	 26 	 0.0 			 0.0 			 0.0			 0.0 
g5	 27 	 0.0 			 0.0 			 0.0			 0.0 
g5	 28 	 0.0 			 0.0 			 0.0			 0.0 
g5	 29 	 0.0 			 0.0 			 0.0			 0.0 
g5	 30 	 0.0 			 0.0 			 0.0			 0.0 
g5	 31 	 0.0 			 0.0 			 0.0			 0.0 
g5	 32 	 0.0 			 0.0 			 0.0			 0.0 
g5	 33 	 0.0 			 0.0 			 0.0			 0.0 
g5	 34 	 0.0 			 0.0 			 0.0			 0.0 
g5	 35 	 0.0 			 0.0 			 0.0			 0.0 
g5	 36 	 0.0 			 0.0 			 0.0			 0.0 
g5	 37 	 0.0 			 0.0 			 0.0			 0.0 
g5	 38 	 0.0 			 0.0 			 0.0			 0.0 
g5	 39 	 0.0 			 0.0 			 0.0			 0.0 
g5	 40 	 0.0 			 0.0 			 0.0			 0.0 
g5	 41 	 0.0 			 0.0 			 0.0			 0.0 
g5	 42 	 0.0 			 0.0 			 0.0			 0.0 
g5	 43 	 0.0 			 0.0 			 0.0			 0.0 
g5	 44 	 0.0 			 0.0 			 0.0			 0.0 
g5	 45 	 0.0 			 0.0 			 0.0			 0.0 
g5	 46 	 0.0 			 0.0 			 0.0			 0.0 
g5	 47 	 0.0 			 0.0 			 0.0			 0.0 
g5	 48 	 0.0 			 0.0 			 0.0			 0.0 
g5	 49 	 0.0 			 0.0 			 0.0			 0.0 
g5	 50 	 0.0 			 0.0 			 0.0			 0.0 
g5	 51 	 0.0 			 0.0 			 0.0			 0.0 
g5	 52 	 0.0 			 0.0 			 0.0			 0.0 
g5	 53 	 0.0 			 0.0 			 0.0			 0.0 
g5	 54 	 0.0 			 0.0 			 0.0			 0.0 
g5	 55 	 0.0 			 0.0 			 0.0			 0.0 
g5	 56 	 0.0 			 0.0 			 0.0			 0.0 
g5	 57 	 0.0 			 0.0 			 0.0			 0.0 
g5	 58 	 0.0 			 0.0 			 0.0			 0.0 
g5	 59 	 0.0 			 0.0 			 0.0			 0.0 
g5	 60 	 0.0 			 0.0 			 0.0			 0.0 
g5	 61 	 0.0 			 0.0 			 0.0			 0.0 
g5	 62 	 0.0 			 0.0 			 0.0			 0.0 
g5	 63 	 0.0 			 0.0 			 0.0			 0.0 
g5	 64 	 0.0 			 0.0 			 0.0			 0.0 
g5	 65 	 0.0 			 0.0 			 0.0			 0.0 
g5	 66 	 0.0 			 0.0 			 0.0			 0.0 
g5	 67 	 0.0 			 0.0 			 0.0			 0.0 
g5	 68 	 0.0 			 0.0 			 0.0			 0.0 
g5	 69 	 0.0 			 0.0 			 0.0			 0.0 
g5	 70 	 0.0 			 0.0 			 0.0			 0.0 
g5	 71 	 0.0 			 0.0 			 0.0			 0.0 
g5	 72 	 0.0 			 0.0 			 0.0			 0.0 
g5	 73 	 0.0 			 0.0 			 0.0			 0.0 
g5	 74 	 0.0 			 0.0 			 0.0			 0.0 
g5	 75 	 0.0 			 0.0 			 0.0			 0.0 
g5	 76 	 0.0 			 0.0 			 0.0			 0.0 
g5	 77 	 0.0 			 0.0 			 0.0			 0.0 
g5	 78 	 0.0 			 0.0 			 0.0			 0.0 
g5	 79 	 0.0 			 0.0 			 0.0			 0.0 
g5	 80 	 0.0 			 0.0 			 0.0			 0.0 
g5	 81 	 0.0 			 0.0 			 0.0			 0.0 
g5	 82 	 0.0 			 0.0 			 0.0			 0.0 
g5	 83 	 0.0 			 0.0 			 0.0			 0.0 
g5	 84 	 0.0 			 0.0 			 0.0			 0.0 
g5	 85 	 0.0 			 0.0 			 0.0			 0.0 
g5	 86 	 0.0 			 0.0 			 0.0			 0.0 
g5	 87 	 0.0 			 0.0 			 0.0			 0.0 
g5	 88 	 0.0 			 0.0 			 0.0			 0.0 
g5	 89 	 0.0 			 0.0 			 0.0			 0.0 
g5	 90 	 0.0 			 0.0 			 0.0			 0.0 
g5	 91 	 0.0 			 0.0 			 0.0			 0.0 
g5	 92 	 0.0 			 0.0 			 0.0			 0.0 
g5	 93 	 0.0 			 0.0 			 0.0			 0.0 
g5	 94 	 0.0 			 0.0 			 0.0			 0.0 
g5	 95 	 0.0 			 0.0 			 0.0			 0.0 
g5	 96 	 0.0 			 0.0 			 0.0			 0.0 
----------------------------------------------------------------------------------------------------------------
unit 	 generation payment 	 up-FRP payment 	 dw-FRP payment 	pre-up total payment
----------------------------------------------------------------------------------------------------------------
 g1 	 4570.862167			 0.000000			 0.000000			 4570.862167
 g2 	 208948.825370			 0.000000			 0.000000			 208948.825370
 g3 	 63623.209613			 0.000000			 0.000000			 63623.209613
 g4 	 0.000000			 0.000000			 0.000000			 0.000000
 g5 	 0.000000			 0.000000			 0.000000			 0.000000
----------------------------------------------------------------------------------------------------
generation payment 	 up-FRP payment 	 dw-FRP payment 	 pre-up total payment
----------------------------------------------------------------------------------------------------
277142.89715000003 			 0.0 			 0.0 			 277142.89715000003
 
****************************************************************************************************
 
Generation costs
----------------------------------------------------------------------------------------------------
unit	 time 	 generation cost 	 start-up cost  	total cost
----------------------------------------------------------------------------------------------------
g1	 1 	 2731.481166 			 0.0 			2731.481166
g1	 2 	 2461.520825 			 0.0 			2461.520825
g1	 3 	 2354.116454 			 0.0 			2354.116454
g1	 4 	 2373.987344 			 0.0 			2373.987344
g1	 5 	 2230.121563 			 0.0 			2230.121563
g1	 6 	 2234.363481 			 0.0 			2234.363481
g1	 7 	 2223.819109 			 0.0 			2223.819109
g1	 8 	 2412.530077 			 0.0 			2412.530077
g1	 9 	 2204.561665 			 0.0 			2204.561665
g1	 10 	 2199.89977 			 0.0 			2199.89977
g1	 11 	 2079.744307 			 0.0 			2079.744307
g1	 12 	 2205.819339 			 0.0 			2205.819339
g1	 13 	 2026.229537 			 0.0 			2026.229537
g1	 14 	 2151.979735 			 0.0 			2151.979735
g1	 15 	 1999.129101 			 0.0 			1999.129101
g1	 16 	 1966.49232 			 0.0 			1966.49232
g1	 17 	 1915.825443 			 0.0 			1915.825443
g1	 18 	 1973.077138 			 0.0 			1973.077138
g1	 19 	 1990.363526 			 0.0 			1990.363526
g1	 20 	 2307.211151 			 0.0 			2307.211151
g1	 21 	 2310.951478 			 0.0 			2310.951478
g1	 22 	 2009.340479 			 0.0 			2009.340479
g1	 23 	 2160.131914 			 0.0 			2160.131914
g1	 24 	 1985.717155 			 0.0 			1985.717155
g1	 25 	 2313.086426 			 0.0 			2313.086426
g1	 26 	 2313.086426 			 0.0 			2313.086426
g1	 27 	 2313.086426 			 0.0 			2313.086426
g1	 28 	 2404.980011 			 0.0 			2404.980011
g1	 29 	 2279.79617 			 0.0 			2279.79617
g1	 30 	 2345.891986 			 0.0 			2345.891986
g1	 31 	 2582.246659 			 0.0 			2582.246659
g1	 32 	 2429.383806 			 0.0 			2429.383806
g1	 33 	 2559.385348 			 0.0 			2559.385348
g1	 34 	 2646.200351 			 0.0 			2646.200351
g1	 35 	 2398.776586 			 0.0 			2398.776586
g1	 36 	 2313.086426 			 0.0 			2313.086426
g1	 37 	 2813.325283 			 0.0 			2813.325283
g1	 38 	 2311.1663 			 0.0 			2311.1663
g1	 39 	 2812.123033 			 0.0 			2812.123033
g1	 40 	 3058.233409 			 0.0 			3058.233409
g1	 41 	 3058.233409 			 0.0 			3058.233409
g1	 42 	 2696.482756 			 0.0 			2696.482756
g1	 43 	 2368.149732 			 0.0 			2368.149732
g1	 44 	 2591.724245 			 0.0 			2591.724245
g1	 45 	 3058.233409 			 0.0 			3058.233409
g1	 46 	 2768.374456 			 0.0 			2768.374456
g1	 47 	 2820.553698 			 0.0 			2820.553698
g1	 48 	 2641.841562 			 0.0 			2641.841562
g1	 49 	 3058.233409 			 0.0 			3058.233409
g1	 50 	 3036.294535 			 0.0 			3036.294535
g1	 51 	 3058.233409 			 0.0 			3058.233409
g1	 52 	 2900.284022 			 0.0 			2900.284022
g1	 53 	 3058.233409 			 0.0 			3058.233409
g1	 54 	 2863.741296 			 0.0 			2863.741296
g1	 55 	 3058.233409 			 0.0 			3058.233409
g1	 56 	 3058.233409 			 0.0 			3058.233409
g1	 57 	 3058.233409 			 0.0 			3058.233409
g1	 58 	 3058.233409 			 0.0 			3058.233409
g1	 59 	 3058.233409 			 0.0 			3058.233409
g1	 60 	 3058.233409 			 0.0 			3058.233409
g1	 61 	 2508.187447 			 0.0 			2508.187447
g1	 62 	 3058.233409 			 0.0 			3058.233409
g1	 63 	 3058.233409 			 0.0 			3058.233409
g1	 64 	 3058.233409 			 0.0 			3058.233409
g1	 65 	 3058.233409 			 0.0 			3058.233409
g1	 66 	 2710.274586 			 0.0 			2710.274586
g1	 67 	 2979.777891 			 0.0 			2979.777891
g1	 68 	 3058.233409 			 0.0 			3058.233409
g1	 69 	 2895.230227 			 0.0 			2895.230227
g1	 70 	 2685.829415 			 0.0 			2685.829415
g1	 71 	 3058.233409 			 0.0 			3058.233409
g1	 72 	 2885.02802 			 0.0 			2885.02802
g1	 73 	 3057.136416 			 0.0 			3057.136416
g1	 74 	 2592.672162 			 0.0 			2592.672162
g1	 75 	 3058.233409 			 0.0 			3058.233409
g1	 76 	 3056.822038 			 0.0 			3056.822038
g1	 77 	 2506.776077 			 0.0 			2506.776077
g1	 78 	 2702.923633 			 0.0 			2702.923633
g1	 79 	 3043.638418 			 0.0 			3043.638418
g1	 80 	 3018.848223 			 0.0 			3018.848223
g1	 81 	 3058.233409 			 0.0 			3058.233409
g1	 82 	 2998.660679 			 0.0 			2998.660679
g1	 83 	 3058.233409 			 0.0 			3058.233409
g1	 84 	 3058.233409 			 0.0 			3058.233409
g1	 85 	 2711.446781 			 0.0 			2711.446781
g1	 86 	 3021.945772 			 0.0 			3021.945772
g1	 87 	 2796.968288 			 0.0 			2796.968288
g1	 88 	 2849.954705 			 0.0 			2849.954705
g1	 89 	 2511.686575 			 0.0 			2511.686575
g1	 90 	 2738.085471 			 0.0 			2738.085471
g1	 91 	 2958.512075 			 0.0 			2958.512075
g1	 92 	 2715.514422 			 0.0 			2715.514422
g1	 93 	 2714.010989 			 0.0 			2714.010989
g1	 94 	 2895.581792 			 0.0 			2895.581792
g1	 95 	 3058.233409 			 0.0 			3058.233409
g1	 96 	 2821.099716 			 0.0 			2821.099716
----------------------------------------------------------------------------------------------------
g2	 1 	 0.0 			 0.0 			0.0
g2	 2 	 0.0 			 0.0 			0.0
g2	 3 	 0.0 			 0.0 			0.0
g2	 4 	 0.0 			 0.0 			0.0
g2	 5 	 0.0 			 0.0 			0.0
g2	 6 	 0.0 			 0.0 			0.0
g2	 7 	 0.0 			 0.0 			0.0
g2	 8 	 0.0 			 0.0 			0.0
g2	 9 	 0.0 			 0.0 			0.0
g2	 10 	 0.0 			 0.0 			0.0
g2	 11 	 0.0 			 0.0 			0.0
g2	 12 	 0.0 			 0.0 			0.0
g2	 13 	 0.0 			 0.0 			0.0
g2	 14 	 0.0 			 0.0 			0.0
g2	 15 	 0.0 			 0.0 			0.0
g2	 16 	 0.0 			 0.0 			0.0
g2	 17 	 0.0 			 0.0 			0.0
g2	 18 	 0.0 			 0.0 			0.0
g2	 19 	 0.0 			 0.0 			0.0
g2	 20 	 0.0 			 0.0 			0.0
g2	 21 	 0.0 			 0.0 			0.0
g2	 22 	 0.0 			 0.0 			0.0
g2	 23 	 0.0 			 0.0 			0.0
g2	 24 	 0.0 			 0.0 			0.0
g2	 25 	 423.019902 			 10598.13 			11021.149902
g2	 26 	 243.922453 			 0.0 			243.922453
g2	 27 	 445.291364 			 0.0 			445.291364
g2	 28 	 534.771644 			 0.0 			534.771644
g2	 29 	 323.535598 			 0.0 			323.535598
g2	 30 	 534.771644 			 0.0 			534.771644
g2	 31 	 534.771644 			 0.0 			534.771644
g2	 32 	 534.771644 			 0.0 			534.771644
g2	 33 	 534.771644 			 0.0 			534.771644
g2	 34 	 534.771644 			 0.0 			534.771644
g2	 35 	 534.771644 			 0.0 			534.771644
g2	 36 	 389.397464 			 0.0 			389.397464
g2	 37 	 534.771644 			 0.0 			534.771644
g2	 38 	 323.535598 			 0.0 			323.535598
g2	 39 	 534.771644 			 0.0 			534.771644
g2	 40 	 543.417342 			 0.0 			543.417342
g2	 41 	 540.608401 			 0.0 			540.608401
g2	 42 	 534.771644 			 0.0 			534.771644
g2	 43 	 534.771644 			 0.0 			534.771644
g2	 44 	 637.028326 			 0.0 			637.028326
g2	 45 	 865.880651 			 0.0 			865.880651
g2	 46 	 637.028326 			 0.0 			637.028326
g2	 47 	 534.771644 			 0.0 			534.771644
g2	 48 	 626.50935 			 0.0 			626.50935
g2	 49 	 854.010884 			 0.0 			854.010884
g2	 50 	 626.50935 			 0.0 			626.50935
g2	 51 	 669.639499 			 0.0 			669.639499
g2	 52 	 534.771644 			 0.0 			534.771644
g2	 53 	 683.744734 			 0.0 			683.744734
g2	 54 	 626.50935 			 0.0 			626.50935
g2	 55 	 854.010884 			 0.0 			854.010884
g2	 56 	 979.876504 			 0.0 			979.876504
g2	 57 	 1084.329997 			 0.0 			1084.329997
g2	 58 	 860.000983 			 0.0 			860.000983
g2	 59 	 1026.79238 			 0.0 			1026.79238
g2	 60 	 785.719515 			 0.0 			785.719515
g2	 61 	 957.529059 			 0.0 			957.529059
g2	 62 	 1214.245132 			 0.0 			1214.245132
g2	 63 	 1172.765541 			 0.0 			1172.765541
g2	 64 	 916.049468 			 0.0 			916.049468
g2	 65 	 1033.656254 			 0.0 			1033.656254
g2	 66 	 785.710902 			 0.0 			785.710902
g2	 67 	 1033.656254 			 0.0 			1033.656254
g2	 68 	 1302.312901 			 0.0 			1302.312901
g2	 69 	 1033.656254 			 0.0 			1033.656254
g2	 70 	 994.476022 			 0.0 			994.476022
g2	 71 	 1256.987238 			 0.0 			1256.987238
g2	 72 	 994.476022 			 0.0 			994.476022
g2	 73 	 754.456616 			 0.0 			754.456616
g2	 74 	 998.388459 			 0.0 			998.388459
g2	 75 	 1261.513342 			 0.0 			1261.513342
g2	 76 	 998.388459 			 0.0 			998.388459
g2	 77 	 754.456616 			 0.0 			754.456616
g2	 78 	 534.771644 			 0.0 			534.771644
g2	 79 	 534.771644 			 0.0 			534.771644
g2	 80 	 549.381033 			 0.0 			549.381033
g2	 81 	 776.882567 			 0.0 			776.882567
g2	 82 	 712.929376 			 0.0 			712.929376
g2	 83 	 951.528512 			 0.0 			951.528512
g2	 84 	 950.467677 			 0.0 			950.467677
g2	 85 	 711.989265 			 0.0 			711.989265
g2	 86 	 534.771644 			 0.0 			534.771644
g2	 87 	 534.771644 			 0.0 			534.771644
g2	 88 	 534.771644 			 0.0 			534.771644
g2	 89 	 534.771644 			 0.0 			534.771644
g2	 90 	 534.771644 			 0.0 			534.771644
g2	 91 	 534.771644 			 0.0 			534.771644
g2	 92 	 534.771644 			 0.0 			534.771644
g2	 93 	 0.0 			 0.0 			0.0
g2	 94 	 0.0 			 0.0 			0.0
g2	 95 	 0.0 			 0.0 			0.0
g2	 96 	 0.0 			 0.0 			0.0
----------------------------------------------------------------------------------------------------
g3	 1 	 0.0 			 0.0 			0.0
g3	 2 	 0.0 			 0.0 			0.0
g3	 3 	 0.0 			 0.0 			0.0
g3	 4 	 0.0 			 0.0 			0.0
g3	 5 	 0.0 			 0.0 			0.0
g3	 6 	 0.0 			 0.0 			0.0
g3	 7 	 0.0 			 0.0 			0.0
g3	 8 	 0.0 			 0.0 			0.0
g3	 9 	 0.0 			 0.0 			0.0
g3	 10 	 0.0 			 0.0 			0.0
g3	 11 	 0.0 			 0.0 			0.0
g3	 12 	 0.0 			 0.0 			0.0
g3	 13 	 0.0 			 0.0 			0.0
g3	 14 	 0.0 			 0.0 			0.0
g3	 15 	 0.0 			 0.0 			0.0
g3	 16 	 0.0 			 0.0 			0.0
g3	 17 	 0.0 			 0.0 			0.0
g3	 18 	 0.0 			 0.0 			0.0
g3	 19 	 0.0 			 0.0 			0.0
g3	 20 	 0.0 			 0.0 			0.0
g3	 21 	 0.0 			 0.0 			0.0
g3	 22 	 0.0 			 0.0 			0.0
g3	 23 	 0.0 			 0.0 			0.0
g3	 24 	 0.0 			 0.0 			0.0
g3	 25 	 0.0 			 0.0 			0.0
g3	 26 	 0.0 			 0.0 			0.0
g3	 27 	 0.0 			 0.0 			0.0
g3	 28 	 0.0 			 0.0 			0.0
g3	 29 	 0.0 			 0.0 			0.0
g3	 30 	 0.0 			 0.0 			0.0
g3	 31 	 0.0 			 0.0 			0.0
g3	 32 	 0.0 			 0.0 			0.0
g3	 33 	 0.0 			 0.0 			0.0
g3	 34 	 0.0 			 0.0 			0.0
g3	 35 	 0.0 			 0.0 			0.0
g3	 36 	 0.0 			 0.0 			0.0
g3	 37 	 0.0 			 0.0 			0.0
g3	 38 	 0.0 			 0.0 			0.0
g3	 39 	 0.0 			 0.0 			0.0
g3	 40 	 0.0 			 0.0 			0.0
g3	 41 	 350.954412 			 4595.43 			4946.384412
g3	 42 	 350.954412 			 0.0 			350.954412
g3	 43 	 350.954412 			 0.0 			350.954412
g3	 44 	 350.954412 			 0.0 			350.954412
g3	 45 	 522.662177 			 0.0 			522.662177
g3	 46 	 350.954412 			 0.0 			350.954412
g3	 47 	 350.954412 			 0.0 			350.954412
g3	 48 	 350.954412 			 0.0 			350.954412
g3	 49 	 357.959902 			 0.0 			357.959902
g3	 50 	 350.954412 			 0.0 			350.954412
g3	 51 	 350.954412 			 0.0 			350.954412
g3	 52 	 350.954412 			 0.0 			350.954412
g3	 53 	 350.954412 			 0.0 			350.954412
g3	 54 	 350.954412 			 0.0 			350.954412
g3	 55 	 468.413421 			 0.0 			468.413421
g3	 56 	 350.954412 			 0.0 			350.954412
g3	 57 	 350.954412 			 0.0 			350.954412
g3	 58 	 350.954412 			 0.0 			350.954412
g3	 59 	 350.954412 			 0.0 			350.954412
g3	 60 	 350.954412 			 0.0 			350.954412
g3	 61 	 387.666233 			 0.0 			387.666233
g3	 62 	 559.373997 			 0.0 			559.373997
g3	 63 	 415.729705 			 0.0 			415.729705
g3	 64 	 350.954412 			 0.0 			350.954412
g3	 65 	 468.520412 			 0.0 			468.520412
g3	 66 	 350.954412 			 0.0 			350.954412
g3	 67 	 419.757124 			 0.0 			419.757124
g3	 68 	 591.464889 			 0.0 			591.464889
g3	 69 	 419.757124 			 0.0 			419.757124
g3	 70 	 419.757124 			 0.0 			419.757124
g3	 71 	 591.464889 			 0.0 			591.464889
g3	 72 	 419.757124 			 0.0 			419.757124
g3	 73 	 350.954412 			 0.0 			350.954412
g3	 74 	 419.757124 			 0.0 			419.757124
g3	 75 	 591.464889 			 0.0 			591.464889
g3	 76 	 419.757124 			 0.0 			419.757124
g3	 77 	 274.148748 			 0.0 			274.148748
g3	 78 	 350.954412 			 0.0 			350.954412
g3	 79 	 350.954412 			 0.0 			350.954412
g3	 80 	 350.954412 			 0.0 			350.954412
g3	 81 	 350.954412 			 0.0 			350.954412
g3	 82 	 350.954412 			 0.0 			350.954412
g3	 83 	 522.662177 			 0.0 			522.662177
g3	 84 	 522.662177 			 0.0 			522.662177
g3	 85 	 350.954412 			 0.0 			350.954412
g3	 86 	 350.954412 			 0.0 			350.954412
g3	 87 	 350.954412 			 0.0 			350.954412
g3	 88 	 350.954412 			 0.0 			350.954412
g3	 89 	 0.0 			 0.0 			0.0
g3	 90 	 0.0 			 0.0 			0.0
g3	 91 	 0.0 			 0.0 			0.0
g3	 92 	 0.0 			 0.0 			0.0
g3	 93 	 0.0 			 0.0 			0.0
g3	 94 	 0.0 			 0.0 			0.0
g3	 95 	 0.0 			 0.0 			0.0
g3	 96 	 0.0 			 0.0 			0.0
----------------------------------------------------------------------------------------------------
g4	 1 	 0.0 			 0.0 			0.0
g4	 2 	 0.0 			 0.0 			0.0
g4	 3 	 0.0 			 0.0 			0.0
g4	 4 	 0.0 			 0.0 			0.0
g4	 5 	 0.0 			 0.0 			0.0
g4	 6 	 0.0 			 0.0 			0.0
g4	 7 	 0.0 			 0.0 			0.0
g4	 8 	 0.0 			 0.0 			0.0
g4	 9 	 0.0 			 0.0 			0.0
g4	 10 	 0.0 			 0.0 			0.0
g4	 11 	 0.0 			 0.0 			0.0
g4	 12 	 0.0 			 0.0 			0.0
g4	 13 	 0.0 			 0.0 			0.0
g4	 14 	 0.0 			 0.0 			0.0
g4	 15 	 0.0 			 0.0 			0.0
g4	 16 	 0.0 			 0.0 			0.0
g4	 17 	 0.0 			 0.0 			0.0
g4	 18 	 0.0 			 0.0 			0.0
g4	 19 	 0.0 			 0.0 			0.0
g4	 20 	 0.0 			 0.0 			0.0
g4	 21 	 0.0 			 0.0 			0.0
g4	 22 	 0.0 			 0.0 			0.0
g4	 23 	 0.0 			 0.0 			0.0
g4	 24 	 0.0 			 0.0 			0.0
g4	 25 	 0.0 			 0.0 			0.0
g4	 26 	 0.0 			 0.0 			0.0
g4	 27 	 0.0 			 0.0 			0.0
g4	 28 	 0.0 			 0.0 			0.0
g4	 29 	 0.0 			 0.0 			0.0
g4	 30 	 0.0 			 0.0 			0.0
g4	 31 	 0.0 			 0.0 			0.0
g4	 32 	 0.0 			 0.0 			0.0
g4	 33 	 0.0 			 0.0 			0.0
g4	 34 	 0.0 			 0.0 			0.0
g4	 35 	 0.0 			 0.0 			0.0
g4	 36 	 0.0 			 0.0 			0.0
g4	 37 	 0.0 			 0.0 			0.0
g4	 38 	 0.0 			 0.0 			0.0
g4	 39 	 0.0 			 0.0 			0.0
g4	 40 	 0.0 			 0.0 			0.0
g4	 41 	 0.0 			 0.0 			0.0
g4	 42 	 0.0 			 0.0 			0.0
g4	 43 	 0.0 			 0.0 			0.0
g4	 44 	 0.0 			 0.0 			0.0
g4	 45 	 0.0 			 0.0 			0.0
g4	 46 	 0.0 			 0.0 			0.0
g4	 47 	 0.0 			 0.0 			0.0
g4	 48 	 0.0 			 0.0 			0.0
g4	 49 	 0.0 			 0.0 			0.0
g4	 50 	 0.0 			 0.0 			0.0
g4	 51 	 0.0 			 0.0 			0.0
g4	 52 	 0.0 			 0.0 			0.0
g4	 53 	 0.0 			 0.0 			0.0
g4	 54 	 0.0 			 0.0 			0.0
g4	 55 	 0.0 			 0.0 			0.0
g4	 56 	 0.0 			 0.0 			0.0
g4	 57 	 0.0 			 0.0 			0.0
g4	 58 	 0.0 			 0.0 			0.0
g4	 59 	 0.0 			 0.0 			0.0
g4	 60 	 0.0 			 0.0 			0.0
g4	 61 	 0.0 			 0.0 			0.0
g4	 62 	 0.0 			 0.0 			0.0
g4	 63 	 0.0 			 0.0 			0.0
g4	 64 	 0.0 			 0.0 			0.0
g4	 65 	 0.0 			 0.0 			0.0
g4	 66 	 0.0 			 0.0 			0.0
g4	 67 	 0.0 			 0.0 			0.0
g4	 68 	 0.0 			 0.0 			0.0
g4	 69 	 0.0 			 0.0 			0.0
g4	 70 	 0.0 			 0.0 			0.0
g4	 71 	 0.0 			 0.0 			0.0
g4	 72 	 0.0 			 0.0 			0.0
g4	 73 	 0.0 			 0.0 			0.0
g4	 74 	 0.0 			 0.0 			0.0
g4	 75 	 0.0 			 0.0 			0.0
g4	 76 	 0.0 			 0.0 			0.0
g4	 77 	 0.0 			 0.0 			0.0
g4	 78 	 0.0 			 0.0 			0.0
g4	 79 	 0.0 			 0.0 			0.0
g4	 80 	 0.0 			 0.0 			0.0
g4	 81 	 0.0 			 0.0 			0.0
g4	 82 	 0.0 			 0.0 			0.0
g4	 83 	 0.0 			 0.0 			0.0
g4	 84 	 0.0 			 0.0 			0.0
g4	 85 	 0.0 			 0.0 			0.0
g4	 86 	 0.0 			 0.0 			0.0
g4	 87 	 0.0 			 0.0 			0.0
g4	 88 	 0.0 			 0.0 			0.0
g4	 89 	 0.0 			 0.0 			0.0
g4	 90 	 0.0 			 0.0 			0.0
g4	 91 	 0.0 			 0.0 			0.0
g4	 92 	 0.0 			 0.0 			0.0
g4	 93 	 0.0 			 0.0 			0.0
g4	 94 	 0.0 			 0.0 			0.0
g4	 95 	 0.0 			 0.0 			0.0
g4	 96 	 0.0 			 0.0 			0.0
----------------------------------------------------------------------------------------------------
g5	 1 	 0.0 			 0.0 			0.0
g5	 2 	 0.0 			 0.0 			0.0
g5	 3 	 0.0 			 0.0 			0.0
g5	 4 	 0.0 			 0.0 			0.0
g5	 5 	 0.0 			 0.0 			0.0
g5	 6 	 0.0 			 0.0 			0.0
g5	 7 	 0.0 			 0.0 			0.0
g5	 8 	 0.0 			 0.0 			0.0
g5	 9 	 0.0 			 0.0 			0.0
g5	 10 	 0.0 			 0.0 			0.0
g5	 11 	 0.0 			 0.0 			0.0
g5	 12 	 0.0 			 0.0 			0.0
g5	 13 	 0.0 			 0.0 			0.0
g5	 14 	 0.0 			 0.0 			0.0
g5	 15 	 0.0 			 0.0 			0.0
g5	 16 	 0.0 			 0.0 			0.0
g5	 17 	 0.0 			 0.0 			0.0
g5	 18 	 0.0 			 0.0 			0.0
g5	 19 	 0.0 			 0.0 			0.0
g5	 20 	 0.0 			 0.0 			0.0
g5	 21 	 0.0 			 0.0 			0.0
g5	 22 	 0.0 			 0.0 			0.0
g5	 23 	 0.0 			 0.0 			0.0
g5	 24 	 0.0 			 0.0 			0.0
g5	 25 	 0.0 			 0.0 			0.0
g5	 26 	 0.0 			 0.0 			0.0
g5	 27 	 0.0 			 0.0 			0.0
g5	 28 	 0.0 			 0.0 			0.0
g5	 29 	 0.0 			 0.0 			0.0
g5	 30 	 0.0 			 0.0 			0.0
g5	 31 	 0.0 			 0.0 			0.0
g5	 32 	 0.0 			 0.0 			0.0
g5	 33 	 0.0 			 0.0 			0.0
g5	 34 	 0.0 			 0.0 			0.0
g5	 35 	 0.0 			 0.0 			0.0
g5	 36 	 0.0 			 0.0 			0.0
g5	 37 	 0.0 			 0.0 			0.0
g5	 38 	 0.0 			 0.0 			0.0
g5	 39 	 0.0 			 0.0 			0.0
g5	 40 	 0.0 			 0.0 			0.0
g5	 41 	 0.0 			 0.0 			0.0
g5	 42 	 0.0 			 0.0 			0.0
g5	 43 	 0.0 			 0.0 			0.0
g5	 44 	 0.0 			 0.0 			0.0
g5	 45 	 0.0 			 0.0 			0.0
g5	 46 	 0.0 			 0.0 			0.0
g5	 47 	 0.0 			 0.0 			0.0
g5	 48 	 0.0 			 0.0 			0.0
g5	 49 	 0.0 			 0.0 			0.0
g5	 50 	 0.0 			 0.0 			0.0
g5	 51 	 0.0 			 0.0 			0.0
g5	 52 	 0.0 			 0.0 			0.0
g5	 53 	 0.0 			 0.0 			0.0
g5	 54 	 0.0 			 0.0 			0.0
g5	 55 	 0.0 			 0.0 			0.0
g5	 56 	 0.0 			 0.0 			0.0
g5	 57 	 0.0 			 0.0 			0.0
g5	 58 	 0.0 			 0.0 			0.0
g5	 59 	 0.0 			 0.0 			0.0
g5	 60 	 0.0 			 0.0 			0.0
g5	 61 	 0.0 			 0.0 			0.0
g5	 62 	 0.0 			 0.0 			0.0
g5	 63 	 0.0 			 0.0 			0.0
g5	 64 	 0.0 			 0.0 			0.0
g5	 65 	 0.0 			 0.0 			0.0
g5	 66 	 0.0 			 0.0 			0.0
g5	 67 	 0.0 			 0.0 			0.0
g5	 68 	 0.0 			 0.0 			0.0
g5	 69 	 0.0 			 0.0 			0.0
g5	 70 	 0.0 			 0.0 			0.0
g5	 71 	 0.0 			 0.0 			0.0
g5	 72 	 0.0 			 0.0 			0.0
g5	 73 	 0.0 			 0.0 			0.0
g5	 74 	 0.0 			 0.0 			0.0
g5	 75 	 0.0 			 0.0 			0.0
g5	 76 	 0.0 			 0.0 			0.0
g5	 77 	 0.0 			 0.0 			0.0
g5	 78 	 0.0 			 0.0 			0.0
g5	 79 	 0.0 			 0.0 			0.0
g5	 80 	 0.0 			 0.0 			0.0
g5	 81 	 0.0 			 0.0 			0.0
g5	 82 	 0.0 			 0.0 			0.0
g5	 83 	 0.0 			 0.0 			0.0
g5	 84 	 0.0 			 0.0 			0.0
g5	 85 	 0.0 			 0.0 			0.0
g5	 86 	 0.0 			 0.0 			0.0
g5	 87 	 0.0 			 0.0 			0.0
g5	 88 	 0.0 			 0.0 			0.0
g5	 89 	 0.0 			 0.0 			0.0
g5	 90 	 0.0 			 0.0 			0.0
g5	 91 	 0.0 			 0.0 			0.0
g5	 92 	 0.0 			 0.0 			0.0
g5	 93 	 0.0 			 0.0 			0.0
g5	 94 	 0.0 			 0.0 			0.0
g5	 95 	 0.0 			 0.0 			0.0
g5	 96 	 0.0 			 0.0 			0.0
----------------------------------------------------------------------------------------------------
 
unit 	 generation 	 generation cost 	 start-up cost 	 total cost
----------------------------------------------------------------------------------------------------
g1 	 6833.677181			254747.461841			 0.000000		 254747.461841
g2 	 866.041972			48931.197992			 10598.130000		 59529.327992
g3 	 306.955581			18970.414308			 4595.430000		 23565.844308
g4 	 0.000000			0.000000			 0.000000		 0.000000
g5 	 0.000000			0.000000			 0.000000		 0.000000
----------------------------------------------------------------------------------------------------
 
generation cost 	 start-up cost 		 total cost
----------------------------------------------------------------------------------------------------
322649.0741410001 			 15193.56 			 337842.6341410001
----------------------------------------------------------------------------------------------------
uplift payment for generator g1: 0.0
uplift payment for generator g2: 0.0
uplift payment for generator g3: 0.0
uplift payment for generator g4: 0.0
uplift payment for generator g5: 0.0
 
****************************************************************************************************
 
rtm Systemwide prices
----------------------------------------------------------------------------------------------------
time	 energy 	 up-FRP 	 dw-FRP
----------------------------------------------------------------------------------------------------
1 	 9.614507 		 0.0 		 0.0
2 	 9.614507 		 0.0 		 0.0
3 	 9.614507 		 0.0 		 0.0
4 	 9.614507 		 0.0 		 0.0
5 	 9.408671 		 0.0 		 0.0
6 	 9.408671 		 0.0 		 0.0
7 	 9.408671 		 0.0 		 0.0
8 	 9.614507 		 0.0 		 0.0
9 	 9.408671 		 0.0 		 0.0
10 	 9.408671 		 0.0 		 0.0
11 	 9.408671 		 0.0 		 0.0
12 	 9.408671 		 0.0 		 0.0
13 	 9.408671 		 0.0 		 0.0
14 	 9.408671 		 0.0 		 0.0
15 	 9.408671 		 0.0 		 0.0
16 	 9.408671 		 0.0 		 0.0
17 	 9.408671 		 0.0 		 0.0
18 	 9.408671 		 0.0 		 0.0
19 	 9.408671 		 0.0 		 0.0
20 	 9.408671 		 0.0 		 0.0
21 	 9.408671 		 0.0 		 0.0
22 	 9.408671 		 0.0 		 0.0
23 	 9.408671 		 0.0 		 0.0
24 	 9.408671 		 0.0 		 0.0
25 	 9.457625 		 0.0 		 0.0
26 	 9.457625 		 0.0 		 0.0
27 	 9.457625 		 0.0 		 0.0
28 	 9.614507 		 0.0 		 0.0
29 	 9.408671 		 0.0 		 0.0
30 	 9.614507 		 0.0 		 0.0
31 	 9.614507 		 0.0 		 0.0
32 	 9.614507 		 0.0 		 0.0
33 	 9.614507 		 0.0 		 0.0
34 	 9.614507 		 0.0 		 0.0
35 	 9.614507 		 0.0 		 0.0
36 	 9.457625 		 0.0 		 0.0
37 	 9.614507 		 0.0 		 0.0
38 	 9.408671 		 0.0 		 0.0
39 	 9.614507 		 0.0 		 0.0
40 	 10.185876 		 0.0 		 0.0
41 	 10.185876 		 0.0 		 0.0
42 	 9.614507 		 0.0 		 0.0
43 	 9.614507 		 0.0 		 0.0
44 	 9.614507 		 0.0 		 0.0
45 	 12.636629 		 0.0 		 0.0
46 	 9.614507 		 0.0 		 0.0
47 	 9.614507 		 0.0 		 0.0
48 	 9.614507 		 0.0 		 0.0
49 	 11.862367 		 0.0 		 0.0
50 	 9.614507 		 0.0 		 0.0
51 	 10.185876 		 0.0 		 0.0
52 	 9.614507 		 0.0 		 0.0
53 	 10.185876 		 0.0 		 0.0
54 	 9.614507 		 0.0 		 0.0
55 	 11.862367 		 0.0 		 0.0
56 	 11.493892 		 0.0 		 0.0
57 	 11.493892 		 0.0 		 0.0
58 	 11.493892 		 0.0 		 0.0
59 	 11.493892 		 0.0 		 0.0
60 	 10.185876 		 0.0 		 0.0
61 	 2476.275266 		 0.0 		 0.0
62 	 2500.0 		 0.0 		 0.0
63 	 11.862367 		 0.0 		 0.0
64 	 11.125416 		 0.0 		 0.0
65 	 11.862367 		 0.0 		 0.0
66 	 9.614507 		 0.0 		 0.0
67 	 9.614507 		 0.0 		 0.0
68 	 17.258374 		 0.0 		 0.0
69 	 9.614507 		 0.0 		 0.0
70 	 9.614507 		 0.0 		 0.0
71 	 17.055481 		 0.0 		 0.0
72 	 9.614507 		 0.0 		 0.0
73 	 9.614507 		 0.0 		 0.0
74 	 9.614507 		 0.0 		 0.0
75 	 18.198218 		 0.0 		 0.0
76 	 2500.0 		 0.0 		 0.0
77 	 2480.770985 		 0.0 		 0.0
78 	 9.614507 		 0.0 		 0.0
79 	 9.614507 		 0.0 		 0.0
80 	 9.614507 		 0.0 		 0.0
81 	 10.757244 		 0.0 		 0.0
82 	 9.614507 		 0.0 		 0.0
83 	 12.06526 		 0.0 		 0.0
84 	 12.06526 		 0.0 		 0.0
85 	 9.614507 		 0.0 		 0.0
86 	 9.614507 		 0.0 		 0.0
87 	 9.614507 		 0.0 		 0.0
88 	 9.614507 		 0.0 		 0.0
89 	 9.614507 		 0.0 		 0.0
90 	 9.614507 		 0.0 		 0.0
91 	 9.614507 		 0.0 		 0.0
92 	 9.614507 		 0.0 		 0.0
93 	 9.614507 		 0.0 		 0.0
94 	 9.614507 		 0.0 		 0.0
95 	 2500.0 		 0.0 		 0.0
96 	 9.614507 		 0.0 		 0.0
 
****************************************************************************************************
 
rtm Post-uplift payments
----------------------------------------------------------------------------------------------------------------------------------------------------
unit 	 generation payment 	 up-FRP payment 	 dw-FRP payment 	pre-up t. payment 	 uplift payments 	 post-up t. payment 	 profit
----------------------------------------------------------------------------------------------------------------------------------------------------
 g1 	 4570.862167			 0.000000			 0.000000			 4570.862167			 0.000000			 4570.862167		 31337.087090
 g2 	 208948.825370			 0.000000			 0.000000			 208948.825370			 0.000000			 208948.825370		 182988.814418
 g3 	 63623.209613			 0.000000			 0.000000			 63623.209613			 0.000000			 63623.209613		 51175.569017
 g4 	 0.000000			 0.000000			 0.000000			 0.000000			 0.000000			 0.000000		 0.000000
 g5 	 0.000000			 0.000000			 0.000000			 0.000000			 0.000000			 0.000000		 0.000000
****************************************************************************************************
 
Total generator payments
----------------------------------------------------------------------------------------------------------------------------------------------------
unit 	 generation payment 	 up-FRP payment 	 dw-FRP payment 	pre-up t. payment 	 uplift payments 	 post-up t. payment 	 profit
----------------------------------------------------------------------------------------------------------------------------------------------------
 g1 	 285632.867982			 451.680949			 0.000000			 286084.548931			 0.000000			 286084.548931		 31337.087090
 g2 	 241812.762422			 705.379988			 0.000000			 242518.142410			 0.000000			 242518.142410		 182988.814418
 g3 	 74741.413325			 0.000000			 0.000000			 74741.413325			 0.000000			 74741.413325		 51175.569017
 g4 	 0.000000			 0.000000			 0.000000			 0.000000			 0.000000			 0.000000		 0.000000
 g5 	 0.000000			 0.000000			 0.000000			 0.000000			 0.000000			 0.000000		 0.000000
 
****************************************************************************************************
 
rtm LMP
----------------------------------------------------------------------------------------------------
bus name 	 time 		 LMP
----------------------------------------------------------------------------------------------------
b1 		 1 		 9.614507
b1 		 2 		 9.614507
b1 		 3 		 9.614507
b1 		 4 		 9.614507
b1 		 5 		 9.408671
b1 		 6 		 9.408671
b1 		 7 		 9.408671
b1 		 8 		 9.614507
b1 		 9 		 9.408671
b1 		 10 		 9.408671
b1 		 11 		 9.408671
b1 		 12 		 9.408671
b1 		 13 		 9.408671
b1 		 14 		 9.408671
b1 		 15 		 9.408671
b1 		 16 		 9.408671
b1 		 17 		 9.408671
b1 		 18 		 9.408671
b1 		 19 		 9.408671
b1 		 20 		 9.408671
b1 		 21 		 9.408671
b1 		 22 		 9.408671
b1 		 23 		 9.408671
b1 		 24 		 9.408671
b1 		 25 		 9.457625
b1 		 26 		 9.457625
b1 		 27 		 9.457625
b1 		 28 		 9.614507
b1 		 29 		 9.408671
b1 		 30 		 9.614507
b1 		 31 		 9.614507
b1 		 32 		 9.614507
b1 		 33 		 9.614507
b1 		 34 		 9.614507
b1 		 35 		 9.614507
b1 		 36 		 9.457625
b1 		 37 		 9.614507
b1 		 38 		 9.408671
b1 		 39 		 9.614507
b1 		 40 		 10.185876
b1 		 41 		 10.185876
b1 		 42 		 9.614507
b1 		 43 		 9.614507
b1 		 44 		 9.614507
b1 		 45 		 12.636629
b1 		 46 		 9.614507
b1 		 47 		 9.614507
b1 		 48 		 9.614507
b1 		 49 		 11.862367
b1 		 50 		 9.614507
b1 		 51 		 10.185876
b1 		 52 		 9.614507
b1 		 53 		 10.185876
b1 		 54 		 9.614507
b1 		 55 		 11.862367
b1 		 56 		 11.493892
b1 		 57 		 11.493892
b1 		 58 		 11.493892
b1 		 59 		 11.493892
b1 		 60 		 10.185876
b1 		 61 		 2476.275266
b1 		 62 		 2500.0
b1 		 63 		 11.862367
b1 		 64 		 11.125416
b1 		 65 		 11.862367
b1 		 66 		 9.614507
b1 		 67 		 9.614507
b1 		 68 		 17.258374
b1 		 69 		 9.614507
b1 		 70 		 9.614507
b1 		 71 		 17.055481
b1 		 72 		 9.614507
b1 		 73 		 9.614507
b1 		 74 		 9.614507
b1 		 75 		 18.198218
b1 		 76 		 2500.0
b1 		 77 		 2480.770985
b1 		 78 		 9.614507
b1 		 79 		 9.614507
b1 		 80 		 9.614507
b1 		 81 		 10.757244
b1 		 82 		 9.614507
b1 		 83 		 12.06526
b1 		 84 		 12.06526
b1 		 85 		 9.614507
b1 		 86 		 9.614507
b1 		 87 		 9.614507
b1 		 88 		 9.614507
b1 		 89 		 9.614507
b1 		 90 		 9.614507
b1 		 91 		 9.614507
b1 		 92 		 9.614507
b1 		 93 		 9.614507
b1 		 94 		 9.614507
b1 		 95 		 2500.0
b1 		 96 		 9.614507
----------------------------------------------------------------------------------------------------
b2 		 1 		 9.614507
b2 		 2 		 9.614507
b2 		 3 		 9.614507
b2 		 4 		 9.614507
b2 		 5 		 9.408671
b2 		 6 		 9.408671
b2 		 7 		 9.408671
b2 		 8 		 9.614507
b2 		 9 		 9.408671
b2 		 10 		 9.408671
b2 		 11 		 9.408671
b2 		 12 		 9.408671
b2 		 13 		 9.408671
b2 		 14 		 9.408671
b2 		 15 		 9.408671
b2 		 16 		 9.408671
b2 		 17 		 9.408671
b2 		 18 		 9.408671
b2 		 19 		 9.408671
b2 		 20 		 9.408671
b2 		 21 		 9.408671
b2 		 22 		 9.408671
b2 		 23 		 9.408671
b2 		 24 		 9.408671
b2 		 25 		 9.457625
b2 		 26 		 9.457625
b2 		 27 		 9.457625
b2 		 28 		 9.614507
b2 		 29 		 9.408671
b2 		 30 		 9.614507
b2 		 31 		 9.614507
b2 		 32 		 9.614507
b2 		 33 		 9.614507
b2 		 34 		 9.614507
b2 		 35 		 9.614507
b2 		 36 		 9.457625
b2 		 37 		 9.614507
b2 		 38 		 9.408671
b2 		 39 		 9.614507
b2 		 40 		 10.185876
b2 		 41 		 10.185876
b2 		 42 		 9.614507
b2 		 43 		 9.614507
b2 		 44 		 9.614507
b2 		 45 		 12.636629
b2 		 46 		 9.614507
b2 		 47 		 9.614507
b2 		 48 		 9.614507
b2 		 49 		 11.862367
b2 		 50 		 9.614507
b2 		 51 		 10.185876
b2 		 52 		 9.614507
b2 		 53 		 10.185876
b2 		 54 		 9.614507
b2 		 55 		 11.862367
b2 		 56 		 11.493892
b2 		 57 		 11.493892
b2 		 58 		 11.493892
b2 		 59 		 11.493892
b2 		 60 		 10.185876
b2 		 61 		 2476.275266
b2 		 62 		 2500.0
b2 		 63 		 11.862367
b2 		 64 		 11.125416
b2 		 65 		 11.862367
b2 		 66 		 9.614507
b2 		 67 		 9.614507
b2 		 68 		 17.258374
b2 		 69 		 9.614507
b2 		 70 		 9.614507
b2 		 71 		 17.055481
b2 		 72 		 9.614507
b2 		 73 		 9.614507
b2 		 74 		 9.614507
b2 		 75 		 18.198218
b2 		 76 		 2500.0
b2 		 77 		 2480.770985
b2 		 78 		 9.614507
b2 		 79 		 9.614507
b2 		 80 		 9.614507
b2 		 81 		 10.757244
b2 		 82 		 9.614507
b2 		 83 		 12.06526
b2 		 84 		 12.06526
b2 		 85 		 9.614507
b2 		 86 		 9.614507
b2 		 87 		 9.614507
b2 		 88 		 9.614507
b2 		 89 		 9.614507
b2 		 90 		 9.614507
b2 		 91 		 9.614507
b2 		 92 		 9.614507
b2 		 93 		 9.614507
b2 		 94 		 9.614507
b2 		 95 		 2500.0
b2 		 96 		 9.614507
----------------------------------------------------------------------------------------------------
b3 		 1 		 9.614507
b3 		 2 		 9.614507
b3 		 3 		 9.614507
b3 		 4 		 9.614507
b3 		 5 		 9.408671
b3 		 6 		 9.408671
b3 		 7 		 9.408671
b3 		 8 		 9.614507
b3 		 9 		 9.408671
b3 		 10 		 9.408671
b3 		 11 		 9.408671
b3 		 12 		 9.408671
b3 		 13 		 9.408671
b3 		 14 		 9.408671
b3 		 15 		 9.408671
b3 		 16 		 9.408671
b3 		 17 		 9.408671
b3 		 18 		 9.408671
b3 		 19 		 9.408671
b3 		 20 		 9.408671
b3 		 21 		 9.408671
b3 		 22 		 9.408671
b3 		 23 		 9.408671
b3 		 24 		 9.408671
b3 		 25 		 9.457625
b3 		 26 		 9.457625
b3 		 27 		 9.457625
b3 		 28 		 9.614507
b3 		 29 		 9.408671
b3 		 30 		 9.614507
b3 		 31 		 9.614507
b3 		 32 		 9.614507
b3 		 33 		 9.614507
b3 		 34 		 9.614507
b3 		 35 		 9.614507
b3 		 36 		 9.457625
b3 		 37 		 9.614507
b3 		 38 		 9.408671
b3 		 39 		 9.614507
b3 		 40 		 10.185876
b3 		 41 		 10.185876
b3 		 42 		 9.614507
b3 		 43 		 9.614507
b3 		 44 		 9.614507
b3 		 45 		 12.636629
b3 		 46 		 9.614507
b3 		 47 		 9.614507
b3 		 48 		 9.614507
b3 		 49 		 11.862367
b3 		 50 		 9.614507
b3 		 51 		 10.185876
b3 		 52 		 9.614507
b3 		 53 		 10.185876
b3 		 54 		 9.614507
b3 		 55 		 11.862367
b3 		 56 		 11.493892
b3 		 57 		 11.493892
b3 		 58 		 11.493892
b3 		 59 		 11.493892
b3 		 60 		 10.185876
b3 		 61 		 2476.275266
b3 		 62 		 2500.0
b3 		 63 		 11.862367
b3 		 64 		 11.125416
b3 		 65 		 11.862367
b3 		 66 		 9.614507
b3 		 67 		 9.614507
b3 		 68 		 17.258374
b3 		 69 		 9.614507
b3 		 70 		 9.614507
b3 		 71 		 17.055481
b3 		 72 		 9.614507
b3 		 73 		 9.614507
b3 		 74 		 9.614507
b3 		 75 		 18.198218
b3 		 76 		 2500.0
b3 		 77 		 2480.770985
b3 		 78 		 9.614507
b3 		 79 		 9.614507
b3 		 80 		 9.614507
b3 		 81 		 10.757244
b3 		 82 		 9.614507
b3 		 83 		 12.06526
b3 		 84 		 12.06526
b3 		 85 		 9.614507
b3 		 86 		 9.614507
b3 		 87 		 9.614507
b3 		 88 		 9.614507
b3 		 89 		 9.614507
b3 		 90 		 9.614507
b3 		 91 		 9.614507
b3 		 92 		 9.614507
b3 		 93 		 9.614507
b3 		 94 		 9.614507
b3 		 95 		 2500.0
b3 		 96 		 9.614507
----------------------------------------------------------------------------------------------------
b4 		 1 		 9.614507
b4 		 2 		 9.614507
b4 		 3 		 9.614507
b4 		 4 		 9.614507
b4 		 5 		 9.408671
b4 		 6 		 9.408671
b4 		 7 		 9.408671
b4 		 8 		 9.614507
b4 		 9 		 9.408671
b4 		 10 		 9.408671
b4 		 11 		 9.408671
b4 		 12 		 9.408671
b4 		 13 		 9.408671
b4 		 14 		 9.408671
b4 		 15 		 9.408671
b4 		 16 		 9.408671
b4 		 17 		 9.408671
b4 		 18 		 9.408671
b4 		 19 		 9.408671
b4 		 20 		 9.408671
b4 		 21 		 9.408671
b4 		 22 		 9.408671
b4 		 23 		 9.408671
b4 		 24 		 9.408671
b4 		 25 		 9.457625
b4 		 26 		 9.457625
b4 		 27 		 9.457625
b4 		 28 		 9.614507
b4 		 29 		 9.408671
b4 		 30 		 9.614507
b4 		 31 		 9.614507
b4 		 32 		 9.614507
b4 		 33 		 9.614507
b4 		 34 		 9.614507
b4 		 35 		 9.614507
b4 		 36 		 9.457625
b4 		 37 		 9.614507
b4 		 38 		 9.408671
b4 		 39 		 9.614507
b4 		 40 		 10.185876
b4 		 41 		 10.185876
b4 		 42 		 9.614507
b4 		 43 		 9.614507
b4 		 44 		 9.614507
b4 		 45 		 12.636629
b4 		 46 		 9.614507
b4 		 47 		 9.614507
b4 		 48 		 9.614507
b4 		 49 		 11.862367
b4 		 50 		 9.614507
b4 		 51 		 10.185876
b4 		 52 		 9.614507
b4 		 53 		 10.185876
b4 		 54 		 9.614507
b4 		 55 		 11.862367
b4 		 56 		 11.493892
b4 		 57 		 11.493892
b4 		 58 		 11.493892
b4 		 59 		 11.493892
b4 		 60 		 10.185876
b4 		 61 		 2476.275266
b4 		 62 		 2500.0
b4 		 63 		 11.862367
b4 		 64 		 11.125416
b4 		 65 		 11.862367
b4 		 66 		 9.614507
b4 		 67 		 9.614507
b4 		 68 		 17.258374
b4 		 69 		 9.614507
b4 		 70 		 9.614507
b4 		 71 		 17.055481
b4 		 72 		 9.614507
b4 		 73 		 9.614507
b4 		 74 		 9.614507
b4 		 75 		 18.198218
b4 		 76 		 2500.0
b4 		 77 		 2480.770985
b4 		 78 		 9.614507
b4 		 79 		 9.614507
b4 		 80 		 9.614507
b4 		 81 		 10.757244
b4 		 82 		 9.614507
b4 		 83 		 12.06526
b4 		 84 		 12.06526
b4 		 85 		 9.614507
b4 		 86 		 9.614507
b4 		 87 		 9.614507
b4 		 88 		 9.614507
b4 		 89 		 9.614507
b4 		 90 		 9.614507
b4 		 91 		 9.614507
b4 		 92 		 9.614507
b4 		 93 		 9.614507
b4 		 94 		 9.614507
b4 		 95 		 2500.0
b4 		 96 		 9.614507
----------------------------------------------------------------------------------------------------
b5 		 1 		 9.614507
b5 		 2 		 9.614507
b5 		 3 		 9.614507
b5 		 4 		 9.614507
b5 		 5 		 9.408671
b5 		 6 		 9.408671
b5 		 7 		 9.408671
b5 		 8 		 9.614507
b5 		 9 		 9.408671
b5 		 10 		 9.408671
b5 		 11 		 9.408671
b5 		 12 		 9.408671
b5 		 13 		 9.408671
b5 		 14 		 9.408671
b5 		 15 		 9.408671
b5 		 16 		 9.408671
b5 		 17 		 9.408671
b5 		 18 		 9.408671
b5 		 19 		 9.408671
b5 		 20 		 9.408671
b5 		 21 		 9.408671
b5 		 22 		 9.408671
b5 		 23 		 9.408671
b5 		 24 		 9.408671
b5 		 25 		 9.457625
b5 		 26 		 9.457625
b5 		 27 		 9.457625
b5 		 28 		 9.614507
b5 		 29 		 9.408671
b5 		 30 		 9.614507
b5 		 31 		 9.614507
b5 		 32 		 9.614507
b5 		 33 		 9.614507
b5 		 34 		 9.614507
b5 		 35 		 9.614507
b5 		 36 		 9.457625
b5 		 37 		 9.614507
b5 		 38 		 9.408671
b5 		 39 		 9.614507
b5 		 40 		 10.185876
b5 		 41 		 10.185876
b5 		 42 		 9.614507
b5 		 43 		 9.614507
b5 		 44 		 9.614507
b5 		 45 		 12.636629
b5 		 46 		 9.614507
b5 		 47 		 9.614507
b5 		 48 		 9.614507
b5 		 49 		 11.862367
b5 		 50 		 9.614507
b5 		 51 		 10.185876
b5 		 52 		 9.614507
b5 		 53 		 10.185876
b5 		 54 		 9.614507
b5 		 55 		 11.862367
b5 		 56 		 11.493892
b5 		 57 		 11.493892
b5 		 58 		 11.493892
b5 		 59 		 11.493892
b5 		 60 		 10.185876
b5 		 61 		 2476.275266
b5 		 62 		 2500.0
b5 		 63 		 11.862367
b5 		 64 		 11.125416
b5 		 65 		 11.862367
b5 		 66 		 9.614507
b5 		 67 		 9.614507
b5 		 68 		 17.258374
b5 		 69 		 9.614507
b5 		 70 		 9.614507
b5 		 71 		 17.055481
b5 		 72 		 9.614507
b5 		 73 		 9.614507
b5 		 74 		 9.614507
b5 		 75 		 18.198218
b5 		 76 		 2500.0
b5 		 77 		 2480.770985
b5 		 78 		 9.614507
b5 		 79 		 9.614507
b5 		 80 		 9.614507
b5 		 81 		 10.757244
b5 		 82 		 9.614507
b5 		 83 		 12.06526
b5 		 84 		 12.06526
b5 		 85 		 9.614507
b5 		 86 		 9.614507
b5 		 87 		 9.614507
b5 		 88 		 9.614507
b5 		 89 		 9.614507
b5 		 90 		 9.614507
b5 		 91 		 9.614507
b5 		 92 		 9.614507
b5 		 93 		 9.614507
b5 		 94 		 9.614507
b5 		 95 		 2500.0
b5 		 96 		 9.614507
----------------------------------------------------------------------------------------------------
b6 		 1 		 9.614507
b6 		 2 		 9.614507
b6 		 3 		 9.614507
b6 		 4 		 9.614507
b6 		 5 		 9.408671
b6 		 6 		 9.408671
b6 		 7 		 9.408671
b6 		 8 		 9.614507
b6 		 9 		 9.408671
b6 		 10 		 9.408671
b6 		 11 		 9.408671
b6 		 12 		 9.408671
b6 		 13 		 9.408671
b6 		 14 		 9.408671
b6 		 15 		 9.408671
b6 		 16 		 9.408671
b6 		 17 		 9.408671
b6 		 18 		 9.408671
b6 		 19 		 9.408671
b6 		 20 		 9.408671
b6 		 21 		 9.408671
b6 		 22 		 9.408671
b6 		 23 		 9.408671
b6 		 24 		 9.408671
b6 		 25 		 9.457625
b6 		 26 		 9.457625
b6 		 27 		 9.457625
b6 		 28 		 9.614507
b6 		 29 		 9.408671
b6 		 30 		 9.614507
b6 		 31 		 9.614507
b6 		 32 		 9.614507
b6 		 33 		 9.614507
b6 		 34 		 9.614507
b6 		 35 		 9.614507
b6 		 36 		 9.457625
b6 		 37 		 9.614507
b6 		 38 		 9.408671
b6 		 39 		 9.614507
b6 		 40 		 10.185876
b6 		 41 		 10.185876
b6 		 42 		 9.614507
b6 		 43 		 9.614507
b6 		 44 		 9.614507
b6 		 45 		 12.636629
b6 		 46 		 9.614507
b6 		 47 		 9.614507
b6 		 48 		 9.614507
b6 		 49 		 11.862367
b6 		 50 		 9.614507
b6 		 51 		 10.185876
b6 		 52 		 9.614507
b6 		 53 		 10.185876
b6 		 54 		 9.614507
b6 		 55 		 11.862367
b6 		 56 		 11.493892
b6 		 57 		 11.493892
b6 		 58 		 11.493892
b6 		 59 		 11.493892
b6 		 60 		 10.185876
b6 		 61 		 2476.275266
b6 		 62 		 2500.0
b6 		 63 		 11.862367
b6 		 64 		 11.125416
b6 		 65 		 11.862367
b6 		 66 		 9.614507
b6 		 67 		 9.614507
b6 		 68 		 17.258374
b6 		 69 		 9.614507
b6 		 70 		 9.614507
b6 		 71 		 17.055481
b6 		 72 		 9.614507
b6 		 73 		 9.614507
b6 		 74 		 9.614507
b6 		 75 		 18.198218
b6 		 76 		 2500.0
b6 		 77 		 2480.770985
b6 		 78 		 9.614507
b6 		 79 		 9.614507
b6 		 80 		 9.614507
b6 		 81 		 10.757244
b6 		 82 		 9.614507
b6 		 83 		 12.06526
b6 		 84 		 12.06526
b6 		 85 		 9.614507
b6 		 86 		 9.614507
b6 		 87 		 9.614507
b6 		 88 		 9.614507
b6 		 89 		 9.614507
b6 		 90 		 9.614507
b6 		 91 		 9.614507
b6 		 92 		 9.614507
b6 		 93 		 9.614507
b6 		 94 		 9.614507
b6 		 95 		 2500.0
b6 		 96 		 9.614507
----------------------------------------------------------------------------------------------------
b7 		 1 		 9.614507
b7 		 2 		 9.614507
b7 		 3 		 9.614507
b7 		 4 		 9.614507
b7 		 5 		 9.408671
b7 		 6 		 9.408671
b7 		 7 		 9.408671
b7 		 8 		 9.614507
b7 		 9 		 9.408671
b7 		 10 		 9.408671
b7 		 11 		 9.408671
b7 		 12 		 9.408671
b7 		 13 		 9.408671
b7 		 14 		 9.408671
b7 		 15 		 9.408671
b7 		 16 		 9.408671
b7 		 17 		 9.408671
b7 		 18 		 9.408671
b7 		 19 		 9.408671
b7 		 20 		 9.408671
b7 		 21 		 9.408671
b7 		 22 		 9.408671
b7 		 23 		 9.408671
b7 		 24 		 9.408671
b7 		 25 		 9.457625
b7 		 26 		 9.457625
b7 		 27 		 9.457625
b7 		 28 		 9.614507
b7 		 29 		 9.408671
b7 		 30 		 9.614507
b7 		 31 		 9.614507
b7 		 32 		 9.614507
b7 		 33 		 9.614507
b7 		 34 		 9.614507
b7 		 35 		 9.614507
b7 		 36 		 9.457625
b7 		 37 		 9.614507
b7 		 38 		 9.408671
b7 		 39 		 9.614507
b7 		 40 		 10.185876
b7 		 41 		 10.185876
b7 		 42 		 9.614507
b7 		 43 		 9.614507
b7 		 44 		 9.614507
b7 		 45 		 12.636629
b7 		 46 		 9.614507
b7 		 47 		 9.614507
b7 		 48 		 9.614507
b7 		 49 		 11.862367
b7 		 50 		 9.614507
b7 		 51 		 10.185876
b7 		 52 		 9.614507
b7 		 53 		 10.185876
b7 		 54 		 9.614507
b7 		 55 		 11.862367
b7 		 56 		 11.493892
b7 		 57 		 11.493892
b7 		 58 		 11.493892
b7 		 59 		 11.493892
b7 		 60 		 10.185876
b7 		 61 		 2476.275266
b7 		 62 		 2500.0
b7 		 63 		 11.862367
b7 		 64 		 11.125416
b7 		 65 		 11.862367
b7 		 66 		 9.614507
b7 		 67 		 9.614507
b7 		 68 		 17.258374
b7 		 69 		 9.614507
b7 		 70 		 9.614507
b7 		 71 		 17.055481
b7 		 72 		 9.614507
b7 		 73 		 9.614507
b7 		 74 		 9.614507
b7 		 75 		 18.198218
b7 		 76 		 2500.0
b7 		 77 		 2480.770985
b7 		 78 		 9.614507
b7 		 79 		 9.614507
b7 		 80 		 9.614507
b7 		 81 		 10.757244
b7 		 82 		 9.614507
b7 		 83 		 12.06526
b7 		 84 		 12.06526
b7 		 85 		 9.614507
b7 		 86 		 9.614507
b7 		 87 		 9.614507
b7 		 88 		 9.614507
b7 		 89 		 9.614507
b7 		 90 		 9.614507
b7 		 91 		 9.614507
b7 		 92 		 9.614507
b7 		 93 		 9.614507
b7 		 94 		 9.614507
b7 		 95 		 2500.0
b7 		 96 		 9.614507
----------------------------------------------------------------------------------------------------
b8 		 1 		 9.614507
b8 		 2 		 9.614507
b8 		 3 		 9.614507
b8 		 4 		 9.614507
b8 		 5 		 9.408671
b8 		 6 		 9.408671
b8 		 7 		 9.408671
b8 		 8 		 9.614507
b8 		 9 		 9.408671
b8 		 10 		 9.408671
b8 		 11 		 9.408671
b8 		 12 		 9.408671
b8 		 13 		 9.408671
b8 		 14 		 9.408671
b8 		 15 		 9.408671
b8 		 16 		 9.408671
b8 		 17 		 9.408671
b8 		 18 		 9.408671
b8 		 19 		 9.408671
b8 		 20 		 9.408671
b8 		 21 		 9.408671
b8 		 22 		 9.408671
b8 		 23 		 9.408671
b8 		 24 		 9.408671
b8 		 25 		 9.457625
b8 		 26 		 9.457625
b8 		 27 		 9.457625
b8 		 28 		 9.614507
b8 		 29 		 9.408671
b8 		 30 		 9.614507
b8 		 31 		 9.614507
b8 		 32 		 9.614507
b8 		 33 		 9.614507
b8 		 34 		 9.614507
b8 		 35 		 9.614507
b8 		 36 		 9.457625
b8 		 37 		 9.614507
b8 		 38 		 9.408671
b8 		 39 		 9.614507
b8 		 40 		 10.185876
b8 		 41 		 10.185876
b8 		 42 		 9.614507
b8 		 43 		 9.614507
b8 		 44 		 9.614507
b8 		 45 		 12.636629
b8 		 46 		 9.614507
b8 		 47 		 9.614507
b8 		 48 		 9.614507
b8 		 49 		 11.862367
b8 		 50 		 9.614507
b8 		 51 		 10.185876
b8 		 52 		 9.614507
b8 		 53 		 10.185876
b8 		 54 		 9.614507
b8 		 55 		 11.862367
b8 		 56 		 11.493892
b8 		 57 		 11.493892
b8 		 58 		 11.493892
b8 		 59 		 11.493892
b8 		 60 		 10.185876
b8 		 61 		 2476.275266
b8 		 62 		 2500.0
b8 		 63 		 11.862367
b8 		 64 		 11.125416
b8 		 65 		 11.862367
b8 		 66 		 9.614507
b8 		 67 		 9.614507
b8 		 68 		 17.258374
b8 		 69 		 9.614507
b8 		 70 		 9.614507
b8 		 71 		 17.055481
b8 		 72 		 9.614507
b8 		 73 		 9.614507
b8 		 74 		 9.614507
b8 		 75 		 18.198218
b8 		 76 		 2500.0
b8 		 77 		 2480.770985
b8 		 78 		 9.614507
b8 		 79 		 9.614507
b8 		 80 		 9.614507
b8 		 81 		 10.757244
b8 		 82 		 9.614507
b8 		 83 		 12.06526
b8 		 84 		 12.06526
b8 		 85 		 9.614507
b8 		 86 		 9.614507
b8 		 87 		 9.614507
b8 		 88 		 9.614507
b8 		 89 		 9.614507
b8 		 90 		 9.614507
b8 		 91 		 9.614507
b8 		 92 		 9.614507
b8 		 93 		 9.614507
b8 		 94 		 9.614507
b8 		 95 		 2500.0
b8 		 96 		 9.614507
----------------------------------------------------------------------------------------------------
b9 		 1 		 9.614507
b9 		 2 		 9.614507
b9 		 3 		 9.614507
b9 		 4 		 9.614507
b9 		 5 		 9.408671
b9 		 6 		 9.408671
b9 		 7 		 9.408671
b9 		 8 		 9.614507
b9 		 9 		 9.408671
b9 		 10 		 9.408671
b9 		 11 		 9.408671
b9 		 12 		 9.408671
b9 		 13 		 9.408671
b9 		 14 		 9.408671
b9 		 15 		 9.408671
b9 		 16 		 9.408671
b9 		 17 		 9.408671
b9 		 18 		 9.408671
b9 		 19 		 9.408671
b9 		 20 		 9.408671
b9 		 21 		 9.408671
b9 		 22 		 9.408671
b9 		 23 		 9.408671
b9 		 24 		 9.408671
b9 		 25 		 9.457625
b9 		 26 		 9.457625
b9 		 27 		 9.457625
b9 		 28 		 9.614507
b9 		 29 		 9.408671
b9 		 30 		 9.614507
b9 		 31 		 9.614507
b9 		 32 		 9.614507
b9 		 33 		 9.614507
b9 		 34 		 9.614507
b9 		 35 		 9.614507
b9 		 36 		 9.457625
b9 		 37 		 9.614507
b9 		 38 		 9.408671
b9 		 39 		 9.614507
b9 		 40 		 10.185876
b9 		 41 		 10.185876
b9 		 42 		 9.614507
b9 		 43 		 9.614507
b9 		 44 		 9.614507
b9 		 45 		 12.636629
b9 		 46 		 9.614507
b9 		 47 		 9.614507
b9 		 48 		 9.614507
b9 		 49 		 11.862367
b9 		 50 		 9.614507
b9 		 51 		 10.185876
b9 		 52 		 9.614507
b9 		 53 		 10.185876
b9 		 54 		 9.614507
b9 		 55 		 11.862367
b9 		 56 		 11.493892
b9 		 57 		 11.493892
b9 		 58 		 11.493892
b9 		 59 		 11.493892
b9 		 60 		 10.185876
b9 		 61 		 2476.275266
b9 		 62 		 2500.0
b9 		 63 		 11.862367
b9 		 64 		 11.125416
b9 		 65 		 11.862367
b9 		 66 		 9.614507
b9 		 67 		 9.614507
b9 		 68 		 17.258374
b9 		 69 		 9.614507
b9 		 70 		 9.614507
b9 		 71 		 17.055481
b9 		 72 		 9.614507
b9 		 73 		 9.614507
b9 		 74 		 9.614507
b9 		 75 		 18.198218
b9 		 76 		 2500.0
b9 		 77 		 2480.770985
b9 		 78 		 9.614507
b9 		 79 		 9.614507
b9 		 80 		 9.614507
b9 		 81 		 10.757244
b9 		 82 		 9.614507
b9 		 83 		 12.06526
b9 		 84 		 12.06526
b9 		 85 		 9.614507
b9 		 86 		 9.614507
b9 		 87 		 9.614507
b9 		 88 		 9.614507
b9 		 89 		 9.614507
b9 		 90 		 9.614507
b9 		 91 		 9.614507
b9 		 92 		 9.614507
b9 		 93 		 9.614507
b9 		 94 		 9.614507
b9 		 95 		 2500.0
b9 		 96 		 9.614507
----------------------------------------------------------------------------------------------------
b10 		 1 		 9.614507
b10 		 2 		 9.614507
b10 		 3 		 9.614507
b10 		 4 		 9.614507
b10 		 5 		 9.408671
b10 		 6 		 9.408671
b10 		 7 		 9.408671
b10 		 8 		 9.614507
b10 		 9 		 9.408671
b10 		 10 		 9.408671
b10 		 11 		 9.408671
b10 		 12 		 9.408671
b10 		 13 		 9.408671
b10 		 14 		 9.408671
b10 		 15 		 9.408671
b10 		 16 		 9.408671
b10 		 17 		 9.408671
b10 		 18 		 9.408671
b10 		 19 		 9.408671
b10 		 20 		 9.408671
b10 		 21 		 9.408671
b10 		 22 		 9.408671
b10 		 23 		 9.408671
b10 		 24 		 9.408671
b10 		 25 		 9.457625
b10 		 26 		 9.457625
b10 		 27 		 9.457625
b10 		 28 		 9.614507
b10 		 29 		 9.408671
b10 		 30 		 9.614507
b10 		 31 		 9.614507
b10 		 32 		 9.614507
b10 		 33 		 9.614507
b10 		 34 		 9.614507
b10 		 35 		 9.614507
b10 		 36 		 9.457625
b10 		 37 		 9.614507
b10 		 38 		 9.408671
b10 		 39 		 9.614507
b10 		 40 		 10.185876
b10 		 41 		 10.185876
b10 		 42 		 9.614507
b10 		 43 		 9.614507
b10 		 44 		 9.614507
b10 		 45 		 12.636629
b10 		 46 		 9.614507
b10 		 47 		 9.614507
b10 		 48 		 9.614507
b10 		 49 		 11.862367
b10 		 50 		 9.614507
b10 		 51 		 10.185876
b10 		 52 		 9.614507
b10 		 53 		 10.185876
b10 		 54 		 9.614507
b10 		 55 		 11.862367
b10 		 56 		 11.493892
b10 		 57 		 11.493892
b10 		 58 		 11.493892
b10 		 59 		 11.493892
b10 		 60 		 10.185876
b10 		 61 		 2476.275266
b10 		 62 		 2500.0
b10 		 63 		 11.862367
b10 		 64 		 11.125416
b10 		 65 		 11.862367
b10 		 66 		 9.614507
b10 		 67 		 9.614507
b10 		 68 		 17.258374
b10 		 69 		 9.614507
b10 		 70 		 9.614507
b10 		 71 		 17.055481
b10 		 72 		 9.614507
b10 		 73 		 9.614507
b10 		 74 		 9.614507
b10 		 75 		 18.198218
b10 		 76 		 2500.0
b10 		 77 		 2480.770985
b10 		 78 		 9.614507
b10 		 79 		 9.614507
b10 		 80 		 9.614507
b10 		 81 		 10.757244
b10 		 82 		 9.614507
b10 		 83 		 12.06526
b10 		 84 		 12.06526
b10 		 85 		 9.614507
b10 		 86 		 9.614507
b10 		 87 		 9.614507
b10 		 88 		 9.614507
b10 		 89 		 9.614507
b10 		 90 		 9.614507
b10 		 91 		 9.614507
b10 		 92 		 9.614507
b10 		 93 		 9.614507
b10 		 94 		 9.614507
b10 		 95 		 2500.0
b10 		 96 		 9.614507
----------------------------------------------------------------------------------------------------
b11 		 1 		 9.614507
b11 		 2 		 9.614507
b11 		 3 		 9.614507
b11 		 4 		 9.614507
b11 		 5 		 9.408671
b11 		 6 		 9.408671
b11 		 7 		 9.408671
b11 		 8 		 9.614507
b11 		 9 		 9.408671
b11 		 10 		 9.408671
b11 		 11 		 9.408671
b11 		 12 		 9.408671
b11 		 13 		 9.408671
b11 		 14 		 9.408671
b11 		 15 		 9.408671
b11 		 16 		 9.408671
b11 		 17 		 9.408671
b11 		 18 		 9.408671
b11 		 19 		 9.408671
b11 		 20 		 9.408671
b11 		 21 		 9.408671
b11 		 22 		 9.408671
b11 		 23 		 9.408671
b11 		 24 		 9.408671
b11 		 25 		 9.457625
b11 		 26 		 9.457625
b11 		 27 		 9.457625
b11 		 28 		 9.614507
b11 		 29 		 9.408671
b11 		 30 		 9.614507
b11 		 31 		 9.614507
b11 		 32 		 9.614507
b11 		 33 		 9.614507
b11 		 34 		 9.614507
b11 		 35 		 9.614507
b11 		 36 		 9.457625
b11 		 37 		 9.614507
b11 		 38 		 9.408671
b11 		 39 		 9.614507
b11 		 40 		 10.185876
b11 		 41 		 10.185876
b11 		 42 		 9.614507
b11 		 43 		 9.614507
b11 		 44 		 9.614507
b11 		 45 		 12.636629
b11 		 46 		 9.614507
b11 		 47 		 9.614507
b11 		 48 		 9.614507
b11 		 49 		 11.862367
b11 		 50 		 9.614507
b11 		 51 		 10.185876
b11 		 52 		 9.614507
b11 		 53 		 10.185876
b11 		 54 		 9.614507
b11 		 55 		 11.862367
b11 		 56 		 11.493892
b11 		 57 		 11.493892
b11 		 58 		 11.493892
b11 		 59 		 11.493892
b11 		 60 		 10.185876
b11 		 61 		 2476.275266
b11 		 62 		 2500.0
b11 		 63 		 11.862367
b11 		 64 		 11.125416
b11 		 65 		 11.862367
b11 		 66 		 9.614507
b11 		 67 		 9.614507
b11 		 68 		 17.258374
b11 		 69 		 9.614507
b11 		 70 		 9.614507
b11 		 71 		 17.055481
b11 		 72 		 9.614507
b11 		 73 		 9.614507
b11 		 74 		 9.614507
b11 		 75 		 18.198218
b11 		 76 		 2500.0
b11 		 77 		 2480.770985
b11 		 78 		 9.614507
b11 		 79 		 9.614507
b11 		 80 		 9.614507
b11 		 81 		 10.757244
b11 		 82 		 9.614507
b11 		 83 		 12.06526
b11 		 84 		 12.06526
b11 		 85 		 9.614507
b11 		 86 		 9.614507
b11 		 87 		 9.614507
b11 		 88 		 9.614507
b11 		 89 		 9.614507
b11 		 90 		 9.614507
b11 		 91 		 9.614507
b11 		 92 		 9.614507
b11 		 93 		 9.614507
b11 		 94 		 9.614507
b11 		 95 		 2500.0
b11 		 96 		 9.614507
----------------------------------------------------------------------------------------------------
b12 		 1 		 9.614507
b12 		 2 		 9.614507
b12 		 3 		 9.614507
b12 		 4 		 9.614507
b12 		 5 		 9.408671
b12 		 6 		 9.408671
b12 		 7 		 9.408671
b12 		 8 		 9.614507
b12 		 9 		 9.408671
b12 		 10 		 9.408671
b12 		 11 		 9.408671
b12 		 12 		 9.408671
b12 		 13 		 9.408671
b12 		 14 		 9.408671
b12 		 15 		 9.408671
b12 		 16 		 9.408671
b12 		 17 		 9.408671
b12 		 18 		 9.408671
b12 		 19 		 9.408671
b12 		 20 		 9.408671
b12 		 21 		 9.408671
b12 		 22 		 9.408671
b12 		 23 		 9.408671
b12 		 24 		 9.408671
b12 		 25 		 9.457625
b12 		 26 		 9.457625
b12 		 27 		 9.457625
b12 		 28 		 9.614507
b12 		 29 		 9.408671
b12 		 30 		 9.614507
b12 		 31 		 9.614507
b12 		 32 		 9.614507
b12 		 33 		 9.614507
b12 		 34 		 9.614507
b12 		 35 		 9.614507
b12 		 36 		 9.457625
b12 		 37 		 9.614507
b12 		 38 		 9.408671
b12 		 39 		 9.614507
b12 		 40 		 10.185876
b12 		 41 		 10.185876
b12 		 42 		 9.614507
b12 		 43 		 9.614507
b12 		 44 		 9.614507
b12 		 45 		 12.636629
b12 		 46 		 9.614507
b12 		 47 		 9.614507
b12 		 48 		 9.614507
b12 		 49 		 11.862367
b12 		 50 		 9.614507
b12 		 51 		 10.185876
b12 		 52 		 9.614507
b12 		 53 		 10.185876
b12 		 54 		 9.614507
b12 		 55 		 11.862367
b12 		 56 		 11.493892
b12 		 57 		 11.493892
b12 		 58 		 11.493892
b12 		 59 		 11.493892
b12 		 60 		 10.185876
b12 		 61 		 2476.275266
b12 		 62 		 2500.0
b12 		 63 		 11.862367
b12 		 64 		 11.125416
b12 		 65 		 11.862367
b12 		 66 		 9.614507
b12 		 67 		 9.614507
b12 		 68 		 17.258374
b12 		 69 		 9.614507
b12 		 70 		 9.614507
b12 		 71 		 17.055481
b12 		 72 		 9.614507
b12 		 73 		 9.614507
b12 		 74 		 9.614507
b12 		 75 		 18.198218
b12 		 76 		 2500.0
b12 		 77 		 2480.770985
b12 		 78 		 9.614507
b12 		 79 		 9.614507
b12 		 80 		 9.614507
b12 		 81 		 10.757244
b12 		 82 		 9.614507
b12 		 83 		 12.06526
b12 		 84 		 12.06526
b12 		 85 		 9.614507
b12 		 86 		 9.614507
b12 		 87 		 9.614507
b12 		 88 		 9.614507
b12 		 89 		 9.614507
b12 		 90 		 9.614507
b12 		 91 		 9.614507
b12 		 92 		 9.614507
b12 		 93 		 9.614507
b12 		 94 		 9.614507
b12 		 95 		 2500.0
b12 		 96 		 9.614507
----------------------------------------------------------------------------------------------------
b13 		 1 		 9.614507
b13 		 2 		 9.614507
b13 		 3 		 9.614507
b13 		 4 		 9.614507
b13 		 5 		 9.408671
b13 		 6 		 9.408671
b13 		 7 		 9.408671
b13 		 8 		 9.614507
b13 		 9 		 9.408671
b13 		 10 		 9.408671
b13 		 11 		 9.408671
b13 		 12 		 9.408671
b13 		 13 		 9.408671
b13 		 14 		 9.408671
b13 		 15 		 9.408671
b13 		 16 		 9.408671
b13 		 17 		 9.408671
b13 		 18 		 9.408671
b13 		 19 		 9.408671
b13 		 20 		 9.408671
b13 		 21 		 9.408671
b13 		 22 		 9.408671
b13 		 23 		 9.408671
b13 		 24 		 9.408671
b13 		 25 		 9.457625
b13 		 26 		 9.457625
b13 		 27 		 9.457625
b13 		 28 		 9.614507
b13 		 29 		 9.408671
b13 		 30 		 9.614507
b13 		 31 		 9.614507
b13 		 32 		 9.614507
b13 		 33 		 9.614507
b13 		 34 		 9.614507
b13 		 35 		 9.614507
b13 		 36 		 9.457625
b13 		 37 		 9.614507
b13 		 38 		 9.408671
b13 		 39 		 9.614507
b13 		 40 		 10.185876
b13 		 41 		 10.185876
b13 		 42 		 9.614507
b13 		 43 		 9.614507
b13 		 44 		 9.614507
b13 		 45 		 12.636629
b13 		 46 		 9.614507
b13 		 47 		 9.614507
b13 		 48 		 9.614507
b13 		 49 		 11.862367
b13 		 50 		 9.614507
b13 		 51 		 10.185876
b13 		 52 		 9.614507
b13 		 53 		 10.185876
b13 		 54 		 9.614507
b13 		 55 		 11.862367
b13 		 56 		 11.493892
b13 		 57 		 11.493892
b13 		 58 		 11.493892
b13 		 59 		 11.493892
b13 		 60 		 10.185876
b13 		 61 		 2476.275266
b13 		 62 		 2500.0
b13 		 63 		 11.862367
b13 		 64 		 11.125416
b13 		 65 		 11.862367
b13 		 66 		 9.614507
b13 		 67 		 9.614507
b13 		 68 		 17.258374
b13 		 69 		 9.614507
b13 		 70 		 9.614507
b13 		 71 		 17.055481
b13 		 72 		 9.614507
b13 		 73 		 9.614507
b13 		 74 		 9.614507
b13 		 75 		 18.198218
b13 		 76 		 2500.0
b13 		 77 		 2480.770985
b13 		 78 		 9.614507
b13 		 79 		 9.614507
b13 		 80 		 9.614507
b13 		 81 		 10.757244
b13 		 82 		 9.614507
b13 		 83 		 12.06526
b13 		 84 		 12.06526
b13 		 85 		 9.614507
b13 		 86 		 9.614507
b13 		 87 		 9.614507
b13 		 88 		 9.614507
b13 		 89 		 9.614507
b13 		 90 		 9.614507
b13 		 91 		 9.614507
b13 		 92 		 9.614507
b13 		 93 		 9.614507
b13 		 94 		 9.614507
b13 		 95 		 2500.0
b13 		 96 		 9.614507
----------------------------------------------------------------------------------------------------
b14 		 1 		 9.614507
b14 		 2 		 9.614507
b14 		 3 		 9.614507
b14 		 4 		 9.614507
b14 		 5 		 9.408671
b14 		 6 		 9.408671
b14 		 7 		 9.408671
b14 		 8 		 9.614507
b14 		 9 		 9.408671
b14 		 10 		 9.408671
b14 		 11 		 9.408671
b14 		 12 		 9.408671
b14 		 13 		 9.408671
b14 		 14 		 9.408671
b14 		 15 		 9.408671
b14 		 16 		 9.408671
b14 		 17 		 9.408671
b14 		 18 		 9.408671
b14 		 19 		 9.408671
b14 		 20 		 9.408671
b14 		 21 		 9.408671
b14 		 22 		 9.408671
b14 		 23 		 9.408671
b14 		 24 		 9.408671
b14 		 25 		 9.457625
b14 		 26 		 9.457625
b14 		 27 		 9.457625
b14 		 28 		 9.614507
b14 		 29 		 9.408671
b14 		 30 		 9.614507
b14 		 31 		 9.614507
b14 		 32 		 9.614507
b14 		 33 		 9.614507
b14 		 34 		 9.614507
b14 		 35 		 9.614507
b14 		 36 		 9.457625
b14 		 37 		 9.614507
b14 		 38 		 9.408671
b14 		 39 		 9.614507
b14 		 40 		 10.185876
b14 		 41 		 10.185876
b14 		 42 		 9.614507
b14 		 43 		 9.614507
b14 		 44 		 9.614507
b14 		 45 		 12.636629
b14 		 46 		 9.614507
b14 		 47 		 9.614507
b14 		 48 		 9.614507
b14 		 49 		 11.862367
b14 		 50 		 9.614507
b14 		 51 		 10.185876
b14 		 52 		 9.614507
b14 		 53 		 10.185876
b14 		 54 		 9.614507
b14 		 55 		 11.862367
b14 		 56 		 11.493892
b14 		 57 		 11.493892
b14 		 58 		 11.493892
b14 		 59 		 11.493892
b14 		 60 		 10.185876
b14 		 61 		 2476.275266
b14 		 62 		 2500.0
b14 		 63 		 11.862367
b14 		 64 		 11.125416
b14 		 65 		 11.862367
b14 		 66 		 9.614507
b14 		 67 		 9.614507
b14 		 68 		 17.258374
b14 		 69 		 9.614507
b14 		 70 		 9.614507
b14 		 71 		 17.055481
b14 		 72 		 9.614507
b14 		 73 		 9.614507
b14 		 74 		 9.614507
b14 		 75 		 18.198218
b14 		 76 		 2500.0
b14 		 77 		 2480.770985
b14 		 78 		 9.614507
b14 		 79 		 9.614507
b14 		 80 		 9.614507
b14 		 81 		 10.757244
b14 		 82 		 9.614507
b14 		 83 		 12.06526
b14 		 84 		 12.06526
b14 		 85 		 9.614507
b14 		 86 		 9.614507
b14 		 87 		 9.614507
b14 		 88 		 9.614507
b14 		 89 		 9.614507
b14 		 90 		 9.614507
b14 		 91 		 9.614507
b14 		 92 		 9.614507
b14 		 93 		 9.614507
b14 		 94 		 9.614507
b14 		 95 		 2500.0
b14 		 96 		 9.614507
----------------------------------------------------------------------------------------------------
Total overall payments
----------------------------------------------------------------------------------------------------------------------------------------------------
total generation payment 	 total up-FRP payment 	 total dw-FRP payment 	 total pre-up t. payment 	 uplift payment 	 total post-up t. payment 	 profit
----------------------------------------------------------------------------------------------------------------------------------------------------
602187.043729 			 1157.060937 			 0.0 			 603344.1046660001			 0.0 			 603344.1046660001 			 265501.47052499995
