****************************************************************************************************
 
Generation payment
----------------------------------------------------------------------------------------------------------------
unit	 time 	 generation payment 	 up-FRP payment 	 dw-FRP payment 	pre-up total payment
----------------------------------------------------------------------------------------------------------------
g1	 1 	 172.816994 			 0.0 			 0.0			 172.816994 
g1	 2 	 176.52331 			 0.0 			 0.0			 176.52331 
g1	 3 	 147.917969 			 0.0 			 0.0			 147.917969 
g1	 4 	 169.065712 			 0.0 			 0.0			 169.065712 
g1	 5 	 156.730093 			 0.0 			 0.0			 156.730093 
g1	 6 	 167.957046 			 0.0 			 0.0			 167.957046 
g1	 7 	 180.700828 			 0.0 			 0.0			 180.700828 
g1	 8 	 145.585814 			 0.0 			 0.0			 145.585814 
g1	 9 	 173.916593 			 0.0 			 0.0			 173.916593 
g1	 10 	 144.123801 			 0.0 			 0.0			 144.123801 
g1	 11 	 174.596792 			 0.0 			 0.0			 174.596792 
g1	 12 	 153.942182 			 0.0 			 0.0			 153.942182 
g1	 13 	 135.355597 			 0.0 			 0.0			 135.355597 
g1	 14 	 169.434932 			 0.0 			 0.0			 169.434932 
g1	 15 	 153.310869 			 0.0 			 0.0			 153.310869 
g1	 16 	 180.903208 			 0.0 			 0.0			 180.903208 
g1	 17 	 157.517665 			 0.0 			 0.0			 157.517665 
g1	 18 	 167.950752 			 0.0 			 0.0			 167.950752 
g1	 19 	 145.409825 			 0.0 			 0.0			 145.409825 
g1	 20 	 164.510245 			 0.0 			 0.0			 164.510245 
g1	 21 	 162.84763 			 0.0 			 0.0			 162.84763 
g1	 22 	 162.395063 			 0.0 			 0.0			 162.395063 
g1	 23 	 170.738108 			 0.0 			 0.0			 170.738108 
g1	 24 	 156.155167 			 0.0 			 0.0			 156.155167 
g1	 25 	 161.169558 			 0.0 			 0.0			 161.169558 
g1	 26 	 167.850832 			 0.0 			 0.0			 167.850832 
g1	 27 	 159.759446 			 0.0 			 0.0			 159.759446 
g1	 28 	 189.78783 			 0.0 			 0.0			 189.78783 
g1	 29 	 163.325553 			 0.0 			 0.0			 163.325553 
g1	 30 	 161.179239 			 0.0 			 0.0			 161.179239 
g1	 31 	 160.737934 			 0.0 			 0.0			 160.737934 
g1	 32 	 161.469175 			 0.0 			 0.0			 161.469175 
g1	 33 	 148.884516 			 0.0 			 0.0			 148.884516 
g1	 34 	 155.644773 			 0.0 			 0.0			 155.644773 
g1	 35 	 165.835132 			 0.0 			 0.0			 165.835132 
g1	 36 	 167.026523 			 0.0 			 0.0			 167.026523 
g1	 37 	 129.333791 			 0.0 			 0.0			 129.333791 
g1	 38 	 134.404453 			 0.0 			 0.0			 134.404453 
g1	 39 	 157.041492 			 0.0 			 0.0			 157.041492 
g1	 40 	 178.381669 			 0.0 			 0.0			 178.381669 
g1	 41 	 154.385744 			 0.0 			 0.0			 154.385744 
g1	 42 	 150.332951 			 0.0 			 0.0			 150.332951 
g1	 43 	 141.904278 			 0.0 			 0.0			 141.904278 
g1	 44 	 158.90263 			 0.0 			 0.0			 158.90263 
g1	 45 	 172.152509 			 0.0 			 0.0			 172.152509 
g1	 46 	 172.152509 			 0.0 			 0.0			 172.152509 
g1	 47 	 172.152509 			 0.0 			 0.0			 172.152509 
g1	 48 	 172.152509 			 0.0 			 0.0			 172.152509 
g1	 49 	 172.152509 			 0.0 			 0.0			 172.152509 
g1	 50 	 172.152509 			 0.0 			 0.0			 172.152509 
g1	 51 	 172.152509 			 0.0 			 0.0			 172.152509 
g1	 52 	 172.152509 			 0.0 			 0.0			 172.152509 
g1	 53 	 194.259418 			 0.0 			 0.0			 194.259418 
g1	 54 	 194.259418 			 0.0 			 0.0			 194.259418 
g1	 55 	 194.259418 			 0.0 			 0.0			 194.259418 
g1	 56 	 194.259418 			 0.0 			 0.0			 194.259418 
g1	 57 	 194.259418 			 0.0 			 0.0			 194.259418 
g1	 58 	 194.259418 			 0.0 			 0.0			 194.259418 
g1	 59 	 194.259418 			 0.0 			 0.0			 194.259418 
g1	 60 	 194.259418 			 0.0 			 0.0			 194.259418 
g1	 61 	 194.259418 			 0.0 			 0.0			 194.259418 
g1	 62 	 194.259418 			 0.0 			 0.0			 194.259418 
g1	 63 	 194.259418 			 0.0 			 0.0			 194.259418 
g1	 64 	 194.259418 			 0.0 			 0.0			 194.259418 
g1	 65 	 194.259418 			 0.0 			 0.0			 194.259418 
g1	 66 	 194.259418 			 0.0 			 0.0			 194.259418 
g1	 67 	 194.259418 			 0.0 			 0.0			 194.259418 
g1	 68 	 194.259418 			 0.0 			 0.0			 194.259418 
g1	 69 	 194.259418 			 0.0 			 0.0			 194.259418 
g1	 70 	 194.259418 			 0.0 			 0.0			 194.259418 
g1	 71 	 194.259418 			 0.0 			 0.0			 194.259418 
g1	 72 	 194.259418 			 0.0 			 0.0			 194.259418 
g1	 73 	 194.259418 			 0.0 			 0.0			 194.259418 
g1	 74 	 194.259418 			 0.0 			 0.0			 194.259418 
g1	 75 	 194.259418 			 0.0 			 0.0			 194.259418 
g1	 76 	 194.259418 			 0.0 			 0.0			 194.259418 
g1	 77 	 194.259418 			 0.0 			 0.0			 194.259418 
g1	 78 	 194.259418 			 0.0 			 0.0			 194.259418 
g1	 79 	 194.259418 			 0.0 			 0.0			 194.259418 
g1	 80 	 172.152509 			 0.0 			 0.0			 172.152509 
g1	 81 	 172.152509 			 0.0 			 0.0			 172.152509 
g1	 82 	 172.152509 			 0.0 			 0.0			 172.152509 
g1	 83 	 172.152509 			 0.0 			 0.0			 172.152509 
g1	 84 	 172.152509 			 0.0 			 0.0			 172.152509 
g1	 85 	 172.152509 			 0.0 			 0.0			 172.152509 
g1	 86 	 172.152509 			 0.0 			 0.0			 172.152509 
g1	 87 	 172.152509 			 0.0 			 0.0			 172.152509 
g1	 88 	 172.152509 			 0.0 			 0.0			 172.152509 
g1	 89 	 137.7376 			 0.0 			 0.0			 137.7376 
g1	 90 	 172.635953 			 0.0 			 0.0			 172.635953 
g1	 91 	 172.868865 			 0.0 			 0.0			 172.868865 
g1	 92 	 162.401666 			 0.0 			 0.0			 162.401666 
g1	 93 	 179.725412 			 0.0 			 0.0			 179.725412 
g1	 94 	 169.305642 			 0.0 			 0.0			 169.305642 
g1	 95 	 167.054097 			 0.0 			 0.0			 167.054097 
g1	 96 	 169.035532 			 0.0 			 0.0			 169.035532 
----------------------------------------------------------------------------------------------------
g2	 1 	 0.0 			 0.0 			 0.0			 0.0 
g2	 2 	 0.0 			 0.0 			 0.0			 0.0 
g2	 3 	 0.0 			 0.0 			 0.0			 0.0 
g2	 4 	 0.0 			 0.0 			 0.0			 0.0 
g2	 5 	 0.0 			 0.0 			 0.0			 0.0 
g2	 6 	 0.0 			 0.0 			 0.0			 0.0 
g2	 7 	 0.0 			 0.0 			 0.0			 0.0 
g2	 8 	 0.0 			 0.0 			 0.0			 0.0 
g2	 9 	 0.0 			 0.0 			 0.0			 0.0 
g2	 10 	 0.0 			 0.0 			 0.0			 0.0 
g2	 11 	 0.0 			 0.0 			 0.0			 0.0 
g2	 12 	 0.0 			 0.0 			 0.0			 0.0 
g2	 13 	 0.0 			 0.0 			 0.0			 0.0 
g2	 14 	 0.0 			 0.0 			 0.0			 0.0 
g2	 15 	 0.0 			 0.0 			 0.0			 0.0 
g2	 16 	 0.0 			 0.0 			 0.0			 0.0 
g2	 17 	 0.0 			 0.0 			 0.0			 0.0 
g2	 18 	 0.0 			 0.0 			 0.0			 0.0 
g2	 19 	 0.0 			 0.0 			 0.0			 0.0 
g2	 20 	 0.0 			 0.0 			 0.0			 0.0 
g2	 21 	 0.0 			 0.0 			 0.0			 0.0 
g2	 22 	 0.0 			 0.0 			 0.0			 0.0 
g2	 23 	 0.0 			 0.0 			 0.0			 0.0 
g2	 24 	 0.0 			 0.0 			 0.0			 0.0 
g2	 25 	 0.0 			 0.0 			 0.0			 0.0 
g2	 26 	 0.0 			 0.0 			 0.0			 0.0 
g2	 27 	 0.0 			 0.0 			 0.0			 0.0 
g2	 28 	 0.0 			 0.0 			 0.0			 0.0 
g2	 29 	 0.0 			 0.0 			 0.0			 0.0 
g2	 30 	 0.0 			 0.0 			 0.0			 0.0 
g2	 31 	 0.0 			 0.0 			 0.0			 0.0 
g2	 32 	 0.0 			 0.0 			 0.0			 0.0 
g2	 33 	 0.0 			 0.0 			 0.0			 0.0 
g2	 34 	 0.0 			 0.0 			 0.0			 0.0 
g2	 35 	 0.0 			 0.0 			 0.0			 0.0 
g2	 36 	 0.0 			 0.0 			 0.0			 0.0 
g2	 37 	 21.701904 			 0.0 			 0.0			 21.701904 
g2	 38 	 21.701904 			 0.0 			 0.0			 21.701904 
g2	 39 	 21.701904 			 0.0 			 0.0			 21.701904 
g2	 40 	 21.701904 			 0.0 			 0.0			 21.701904 
g2	 41 	 21.701904 			 0.0 			 0.0			 21.701904 
g2	 42 	 21.701904 			 0.0 			 0.0			 21.701904 
g2	 43 	 21.701904 			 0.0 			 0.0			 21.701904 
g2	 44 	 21.701904 			 0.0 			 0.0			 21.701904 
g2	 45 	 34.46057 			 0.0 			 0.0			 34.46057 
g2	 46 	 38.434213 			 0.0 			 0.0			 38.434213 
g2	 47 	 19.31895 			 0.0 			 0.0			 19.31895 
g2	 48 	 26.234844 			 0.0 			 0.0			 26.234844 
g2	 49 	 -17.219855 			 0.0 			 0.0			 -17.219855 
g2	 50 	 35.838343 			 0.0 			 0.0			 35.838343 
g2	 51 	 1.478623 			 0.0 			 0.0			 1.478623 
g2	 52 	 45.439529 			 0.0 			 0.0			 45.439529 
g2	 53 	 2.605091 			 0.0 			 0.0			 2.605091 
g2	 54 	 52.55227 			 0.0 			 0.0			 52.55227 
g2	 55 	 17.803935 			 0.0 			 0.0			 17.803935 
g2	 56 	 13.081153 			 0.0 			 0.0			 13.081153 
g2	 57 	 42.15424 			 0.0 			 0.0			 42.15424 
g2	 58 	 43.873864 			 0.0 			 0.0			 43.873864 
g2	 59 	 4.220442 			 0.0 			 0.0			 4.220442 
g2	 60 	 33.044365 			 0.0 			 0.0			 33.044365 
g2	 61 	 24.273008 			 0.0 			 0.0			 24.273008 
g2	 62 	 10.482177 			 0.0 			 0.0			 10.482177 
g2	 63 	 24.315478 			 0.0 			 0.0			 24.315478 
g2	 64 	 -7.427445 			 0.0 			 0.0			 -7.427445 
g2	 65 	 28.701248 			 0.0 			 0.0			 28.701248 
g2	 66 	 -23.898606 			 0.0 			 0.0			 -23.898606 
g2	 67 	 23.60719 			 0.0 			 0.0			 23.60719 
g2	 68 	 9.936987 			 0.0 			 0.0			 9.936987 
g2	 69 	 27.868573 			 0.0 			 0.0			 27.868573 
g2	 70 	 23.477746 			 0.0 			 0.0			 23.477746 
g2	 71 	 -11.123157 			 0.0 			 0.0			 -11.123157 
g2	 72 	 21.406305 			 0.0 			 0.0			 21.406305 
g2	 73 	 86.780436 			 0.0 			 0.0			 86.780436 
g2	 74 	 11.434744 			 0.0 			 0.0			 11.434744 
g2	 75 	 15.495996 			 0.0 			 0.0			 15.495996 
g2	 76 	 24.174896 			 0.0 			 0.0			 24.174896 
g2	 77 	 60.676968 			 0.0 			 0.0			 60.676968 
g2	 78 	 40.893923 			 0.0 			 0.0			 40.893923 
g2	 79 	 50.59532 			 0.0 			 0.0			 50.59532 
g2	 80 	 2.80187 			 0.0 			 0.0			 2.80187 
g2	 81 	 39.714639 			 0.0 			 0.0			 39.714639 
g2	 82 	 11.740567 			 0.0 			 0.0			 11.740567 
g2	 83 	 34.96414 			 0.0 			 0.0			 34.96414 
g2	 84 	 -2.812015 			 0.0 			 0.0			 -2.812015 
g2	 85 	 29.244078 			 0.0 			 0.0			 29.244078 
g2	 86 	 1.2286 			 0.0 			 0.0			 1.2286 
g2	 87 	 26.003105 			 0.0 			 0.0			 26.003105 
g2	 88 	 12.684176 			 0.0 			 0.0			 12.684176 
g2	 89 	 21.701904 			 0.0 			 0.0			 21.701904 
g2	 90 	 21.701904 			 0.0 			 0.0			 21.701904 
g2	 91 	 21.701904 			 0.0 			 0.0			 21.701904 
g2	 92 	 21.701904 			 0.0 			 0.0			 21.701904 
g2	 93 	 0.0 			 0.0 			 0.0			 0.0 
g2	 94 	 0.0 			 0.0 			 0.0			 0.0 
g2	 95 	 0.0 			 0.0 			 0.0			 0.0 
g2	 96 	 0.0 			 0.0 			 0.0			 0.0 
----------------------------------------------------------------------------------------------------
g3	 1 	 0.0 			 0.0 			 0.0			 0.0 
g3	 2 	 0.0 			 0.0 			 0.0			 0.0 
g3	 3 	 0.0 			 0.0 			 0.0			 0.0 
g3	 4 	 0.0 			 0.0 			 0.0			 0.0 
g3	 5 	 0.0 			 0.0 			 0.0			 0.0 
g3	 6 	 0.0 			 0.0 			 0.0			 0.0 
g3	 7 	 0.0 			 0.0 			 0.0			 0.0 
g3	 8 	 0.0 			 0.0 			 0.0			 0.0 
g3	 9 	 0.0 			 0.0 			 0.0			 0.0 
g3	 10 	 0.0 			 0.0 			 0.0			 0.0 
g3	 11 	 0.0 			 0.0 			 0.0			 0.0 
g3	 12 	 0.0 			 0.0 			 0.0			 0.0 
g3	 13 	 0.0 			 0.0 			 0.0			 0.0 
g3	 14 	 0.0 			 0.0 			 0.0			 0.0 
g3	 15 	 0.0 			 0.0 			 0.0			 0.0 
g3	 16 	 0.0 			 0.0 			 0.0			 0.0 
g3	 17 	 0.0 			 0.0 			 0.0			 0.0 
g3	 18 	 0.0 			 0.0 			 0.0			 0.0 
g3	 19 	 0.0 			 0.0 			 0.0			 0.0 
g3	 20 	 0.0 			 0.0 			 0.0			 0.0 
g3	 21 	 0.0 			 0.0 			 0.0			 0.0 
g3	 22 	 0.0 			 0.0 			 0.0			 0.0 
g3	 23 	 0.0 			 0.0 			 0.0			 0.0 
g3	 24 	 0.0 			 0.0 			 0.0			 0.0 
g3	 25 	 0.0 			 0.0 			 0.0			 0.0 
g3	 26 	 0.0 			 0.0 			 0.0			 0.0 
g3	 27 	 0.0 			 0.0 			 0.0			 0.0 
g3	 28 	 0.0 			 0.0 			 0.0			 0.0 
g3	 29 	 0.0 			 0.0 			 0.0			 0.0 
g3	 30 	 0.0 			 0.0 			 0.0			 0.0 
g3	 31 	 0.0 			 0.0 			 0.0			 0.0 
g3	 32 	 0.0 			 0.0 			 0.0			 0.0 
g3	 33 	 0.0 			 0.0 			 0.0			 0.0 
g3	 34 	 0.0 			 0.0 			 0.0			 0.0 
g3	 35 	 0.0 			 0.0 			 0.0			 0.0 
g3	 36 	 0.0 			 0.0 			 0.0			 0.0 
g3	 37 	 0.0 			 0.0 			 0.0			 0.0 
g3	 38 	 0.0 			 0.0 			 0.0			 0.0 
g3	 39 	 0.0 			 0.0 			 0.0			 0.0 
g3	 40 	 0.0 			 0.0 			 0.0			 0.0 
g3	 41 	 0.0 			 0.0 			 0.0			 0.0 
g3	 42 	 0.0 			 0.0 			 0.0			 0.0 
g3	 43 	 0.0 			 0.0 			 0.0			 0.0 
g3	 44 	 0.0 			 0.0 			 0.0			 0.0 
g3	 45 	 0.0 			 0.0 			 0.0			 0.0 
g3	 46 	 0.0 			 0.0 			 0.0			 0.0 
g3	 47 	 0.0 			 0.0 			 0.0			 0.0 
g3	 48 	 0.0 			 0.0 			 0.0			 0.0 
g3	 49 	 0.0 			 0.0 			 0.0			 0.0 
g3	 50 	 0.0 			 0.0 			 0.0			 0.0 
g3	 51 	 0.0 			 0.0 			 0.0			 0.0 
g3	 52 	 0.0 			 0.0 			 0.0			 0.0 
g3	 53 	 0.0 			 0.0 			 0.0			 0.0 
g3	 54 	 0.0 			 0.0 			 0.0			 0.0 
g3	 55 	 0.0 			 0.0 			 0.0			 0.0 
g3	 56 	 0.0 			 0.0 			 0.0			 0.0 
g3	 57 	 0.0 			 0.0 			 0.0			 0.0 
g3	 58 	 0.0 			 0.0 			 0.0			 0.0 
g3	 59 	 0.0 			 0.0 			 0.0			 0.0 
g3	 60 	 0.0 			 0.0 			 0.0			 0.0 
g3	 61 	 0.0 			 0.0 			 0.0			 0.0 
g3	 62 	 0.0 			 0.0 			 0.0			 0.0 
g3	 63 	 0.0 			 0.0 			 0.0			 0.0 
g3	 64 	 0.0 			 0.0 			 0.0			 0.0 
g3	 65 	 0.0 			 0.0 			 0.0			 0.0 
g3	 66 	 0.0 			 0.0 			 0.0			 0.0 
g3	 67 	 0.0 			 0.0 			 0.0			 0.0 
g3	 68 	 0.0 			 0.0 			 0.0			 0.0 
g3	 69 	 0.0 			 0.0 			 0.0			 0.0 
g3	 70 	 0.0 			 0.0 			 0.0			 0.0 
g3	 71 	 0.0 			 0.0 			 0.0			 0.0 
g3	 72 	 0.0 			 0.0 			 0.0			 0.0 
g3	 73 	 0.0 			 0.0 			 0.0			 0.0 
g3	 74 	 0.0 			 0.0 			 0.0			 0.0 
g3	 75 	 0.0 			 0.0 			 0.0			 0.0 
g3	 76 	 0.0 			 0.0 			 0.0			 0.0 
g3	 77 	 0.0 			 0.0 			 0.0			 0.0 
g3	 78 	 0.0 			 0.0 			 0.0			 0.0 
g3	 79 	 0.0 			 0.0 			 0.0			 0.0 
g3	 80 	 0.0 			 0.0 			 0.0			 0.0 
g3	 81 	 0.0 			 0.0 			 0.0			 0.0 
g3	 82 	 0.0 			 0.0 			 0.0			 0.0 
g3	 83 	 0.0 			 0.0 			 0.0			 0.0 
g3	 84 	 0.0 			 0.0 			 0.0			 0.0 
g3	 85 	 0.0 			 0.0 			 0.0			 0.0 
g3	 86 	 0.0 			 0.0 			 0.0			 0.0 
g3	 87 	 0.0 			 0.0 			 0.0			 0.0 
g3	 88 	 0.0 			 0.0 			 0.0			 0.0 
g3	 89 	 0.0 			 0.0 			 0.0			 0.0 
g3	 90 	 0.0 			 0.0 			 0.0			 0.0 
g3	 91 	 0.0 			 0.0 			 0.0			 0.0 
g3	 92 	 0.0 			 0.0 			 0.0			 0.0 
g3	 93 	 0.0 			 0.0 			 0.0			 0.0 
g3	 94 	 0.0 			 0.0 			 0.0			 0.0 
g3	 95 	 0.0 			 0.0 			 0.0			 0.0 
g3	 96 	 0.0 			 0.0 			 0.0			 0.0 
----------------------------------------------------------------------------------------------------
g4	 1 	 0.0 			 0.0 			 0.0			 0.0 
g4	 2 	 0.0 			 0.0 			 0.0			 0.0 
g4	 3 	 0.0 			 0.0 			 0.0			 0.0 
g4	 4 	 0.0 			 0.0 			 0.0			 0.0 
g4	 5 	 0.0 			 0.0 			 0.0			 0.0 
g4	 6 	 0.0 			 0.0 			 0.0			 0.0 
g4	 7 	 0.0 			 0.0 			 0.0			 0.0 
g4	 8 	 0.0 			 0.0 			 0.0			 0.0 
g4	 9 	 0.0 			 0.0 			 0.0			 0.0 
g4	 10 	 0.0 			 0.0 			 0.0			 0.0 
g4	 11 	 0.0 			 0.0 			 0.0			 0.0 
g4	 12 	 0.0 			 0.0 			 0.0			 0.0 
g4	 13 	 0.0 			 0.0 			 0.0			 0.0 
g4	 14 	 0.0 			 0.0 			 0.0			 0.0 
g4	 15 	 0.0 			 0.0 			 0.0			 0.0 
g4	 16 	 0.0 			 0.0 			 0.0			 0.0 
g4	 17 	 0.0 			 0.0 			 0.0			 0.0 
g4	 18 	 0.0 			 0.0 			 0.0			 0.0 
g4	 19 	 0.0 			 0.0 			 0.0			 0.0 
g4	 20 	 0.0 			 0.0 			 0.0			 0.0 
g4	 21 	 0.0 			 0.0 			 0.0			 0.0 
g4	 22 	 0.0 			 0.0 			 0.0			 0.0 
g4	 23 	 0.0 			 0.0 			 0.0			 0.0 
g4	 24 	 0.0 			 0.0 			 0.0			 0.0 
g4	 25 	 0.0 			 0.0 			 0.0			 0.0 
g4	 26 	 0.0 			 0.0 			 0.0			 0.0 
g4	 27 	 0.0 			 0.0 			 0.0			 0.0 
g4	 28 	 0.0 			 0.0 			 0.0			 0.0 
g4	 29 	 0.0 			 0.0 			 0.0			 0.0 
g4	 30 	 0.0 			 0.0 			 0.0			 0.0 
g4	 31 	 0.0 			 0.0 			 0.0			 0.0 
g4	 32 	 0.0 			 0.0 			 0.0			 0.0 
g4	 33 	 0.0 			 0.0 			 0.0			 0.0 
g4	 34 	 0.0 			 0.0 			 0.0			 0.0 
g4	 35 	 0.0 			 0.0 			 0.0			 0.0 
g4	 36 	 0.0 			 0.0 			 0.0			 0.0 
g4	 37 	 0.0 			 0.0 			 0.0			 0.0 
g4	 38 	 0.0 			 0.0 			 0.0			 0.0 
g4	 39 	 0.0 			 0.0 			 0.0			 0.0 
g4	 40 	 0.0 			 0.0 			 0.0			 0.0 
g4	 41 	 0.0 			 0.0 			 0.0			 0.0 
g4	 42 	 0.0 			 0.0 			 0.0			 0.0 
g4	 43 	 0.0 			 0.0 			 0.0			 0.0 
g4	 44 	 0.0 			 0.0 			 0.0			 0.0 
g4	 45 	 0.0 			 0.0 			 0.0			 0.0 
g4	 46 	 0.0 			 0.0 			 0.0			 0.0 
g4	 47 	 0.0 			 0.0 			 0.0			 0.0 
g4	 48 	 0.0 			 0.0 			 0.0			 0.0 
g4	 49 	 0.0 			 0.0 			 0.0			 0.0 
g4	 50 	 0.0 			 0.0 			 0.0			 0.0 
g4	 51 	 0.0 			 0.0 			 0.0			 0.0 
g4	 52 	 0.0 			 0.0 			 0.0			 0.0 
g4	 53 	 0.0 			 0.0 			 0.0			 0.0 
g4	 54 	 0.0 			 0.0 			 0.0			 0.0 
g4	 55 	 0.0 			 0.0 			 0.0			 0.0 
g4	 56 	 0.0 			 0.0 			 0.0			 0.0 
g4	 57 	 0.0 			 0.0 			 0.0			 0.0 
g4	 58 	 0.0 			 0.0 			 0.0			 0.0 
g4	 59 	 0.0 			 0.0 			 0.0			 0.0 
g4	 60 	 0.0 			 0.0 			 0.0			 0.0 
g4	 61 	 0.0 			 0.0 			 0.0			 0.0 
g4	 62 	 0.0 			 0.0 			 0.0			 0.0 
g4	 63 	 0.0 			 0.0 			 0.0			 0.0 
g4	 64 	 0.0 			 0.0 			 0.0			 0.0 
g4	 65 	 0.0 			 0.0 			 0.0			 0.0 
g4	 66 	 0.0 			 0.0 			 0.0			 0.0 
g4	 67 	 0.0 			 0.0 			 0.0			 0.0 
g4	 68 	 0.0 			 0.0 			 0.0			 0.0 
g4	 69 	 0.0 			 0.0 			 0.0			 0.0 
g4	 70 	 0.0 			 0.0 			 0.0			 0.0 
g4	 71 	 0.0 			 0.0 			 0.0			 0.0 
g4	 72 	 0.0 			 0.0 			 0.0			 0.0 
g4	 73 	 0.0 			 0.0 			 0.0			 0.0 
g4	 74 	 0.0 			 0.0 			 0.0			 0.0 
g4	 75 	 0.0 			 0.0 			 0.0			 0.0 
g4	 76 	 0.0 			 0.0 			 0.0			 0.0 
g4	 77 	 0.0 			 0.0 			 0.0			 0.0 
g4	 78 	 0.0 			 0.0 			 0.0			 0.0 
g4	 79 	 0.0 			 0.0 			 0.0			 0.0 
g4	 80 	 0.0 			 0.0 			 0.0			 0.0 
g4	 81 	 0.0 			 0.0 			 0.0			 0.0 
g4	 82 	 0.0 			 0.0 			 0.0			 0.0 
g4	 83 	 0.0 			 0.0 			 0.0			 0.0 
g4	 84 	 0.0 			 0.0 			 0.0			 0.0 
g4	 85 	 0.0 			 0.0 			 0.0			 0.0 
g4	 86 	 0.0 			 0.0 			 0.0			 0.0 
g4	 87 	 0.0 			 0.0 			 0.0			 0.0 
g4	 88 	 0.0 			 0.0 			 0.0			 0.0 
g4	 89 	 0.0 			 0.0 			 0.0			 0.0 
g4	 90 	 0.0 			 0.0 			 0.0			 0.0 
g4	 91 	 0.0 			 0.0 			 0.0			 0.0 
g4	 92 	 0.0 			 0.0 			 0.0			 0.0 
g4	 93 	 0.0 			 0.0 			 0.0			 0.0 
g4	 94 	 0.0 			 0.0 			 0.0			 0.0 
g4	 95 	 0.0 			 0.0 			 0.0			 0.0 
g4	 96 	 0.0 			 0.0 			 0.0			 0.0 
----------------------------------------------------------------------------------------------------
g5	 1 	 0.0 			 0.0 			 0.0			 0.0 
g5	 2 	 0.0 			 0.0 			 0.0			 0.0 
g5	 3 	 0.0 			 0.0 			 0.0			 0.0 
g5	 4 	 0.0 			 0.0 			 0.0			 0.0 
g5	 5 	 0.0 			 0.0 			 0.0			 0.0 
g5	 6 	 0.0 			 0.0 			 0.0			 0.0 
g5	 7 	 0.0 			 0.0 			 0.0			 0.0 
g5	 8 	 0.0 			 0.0 			 0.0			 0.0 
g5	 9 	 0.0 			 0.0 			 0.0			 0.0 
g5	 10 	 0.0 			 0.0 			 0.0			 0.0 
g5	 11 	 0.0 			 0.0 			 0.0			 0.0 
g5	 12 	 0.0 			 0.0 			 0.0			 0.0 
g5	 13 	 0.0 			 0.0 			 0.0			 0.0 
g5	 14 	 0.0 			 0.0 			 0.0			 0.0 
g5	 15 	 0.0 			 0.0 			 0.0			 0.0 
g5	 16 	 0.0 			 0.0 			 0.0			 0.0 
g5	 17 	 0.0 			 0.0 			 0.0			 0.0 
g5	 18 	 0.0 			 0.0 			 0.0			 0.0 
g5	 19 	 0.0 			 0.0 			 0.0			 0.0 
g5	 20 	 0.0 			 0.0 			 0.0			 0.0 
g5	 21 	 0.0 			 0.0 			 0.0			 0.0 
g5	 22 	 0.0 			 0.0 			 0.0			 0.0 
g5	 23 	 0.0 			 0.0 			 0.0			 0.0 
g5	 24 	 0.0 			 0.0 			 0.0			 0.0 
g5	 25 	 0.0 			 0.0 			 0.0			 0.0 
g5	 26 	 0.0 			 0.0 			 0.0			 0.0 
g5	 27 	 0.0 			 0.0 			 0.0			 0.0 
g5	 28 	 0.0 			 0.0 			 0.0			 0.0 
g5	 29 	 0.0 			 0.0 			 0.0			 0.0 
g5	 30 	 0.0 			 0.0 			 0.0			 0.0 
g5	 31 	 0.0 			 0.0 			 0.0			 0.0 
g5	 32 	 0.0 			 0.0 			 0.0			 0.0 
g5	 33 	 0.0 			 0.0 			 0.0			 0.0 
g5	 34 	 0.0 			 0.0 			 0.0			 0.0 
g5	 35 	 0.0 			 0.0 			 0.0			 0.0 
g5	 36 	 0.0 			 0.0 			 0.0			 0.0 
g5	 37 	 0.0 			 0.0 			 0.0			 0.0 
g5	 38 	 0.0 			 0.0 			 0.0			 0.0 
g5	 39 	 0.0 			 0.0 			 0.0			 0.0 
g5	 40 	 0.0 			 0.0 			 0.0			 0.0 
g5	 41 	 0.0 			 0.0 			 0.0			 0.0 
g5	 42 	 0.0 			 0.0 			 0.0			 0.0 
g5	 43 	 0.0 			 0.0 			 0.0			 0.0 
g5	 44 	 0.0 			 0.0 			 0.0			 0.0 
g5	 45 	 0.0 			 0.0 			 0.0			 0.0 
g5	 46 	 0.0 			 0.0 			 0.0			 0.0 
g5	 47 	 0.0 			 0.0 			 0.0			 0.0 
g5	 48 	 0.0 			 0.0 			 0.0			 0.0 
g5	 49 	 0.0 			 0.0 			 0.0			 0.0 
g5	 50 	 0.0 			 0.0 			 0.0			 0.0 
g5	 51 	 0.0 			 0.0 			 0.0			 0.0 
g5	 52 	 0.0 			 0.0 			 0.0			 0.0 
g5	 53 	 0.0 			 0.0 			 0.0			 0.0 
g5	 54 	 0.0 			 0.0 			 0.0			 0.0 
g5	 55 	 0.0 			 0.0 			 0.0			 0.0 
g5	 56 	 0.0 			 0.0 			 0.0			 0.0 
g5	 57 	 0.0 			 0.0 			 0.0			 0.0 
g5	 58 	 0.0 			 0.0 			 0.0			 0.0 
g5	 59 	 0.0 			 0.0 			 0.0			 0.0 
g5	 60 	 0.0 			 0.0 			 0.0			 0.0 
g5	 61 	 0.0 			 0.0 			 0.0			 0.0 
g5	 62 	 0.0 			 0.0 			 0.0			 0.0 
g5	 63 	 0.0 			 0.0 			 0.0			 0.0 
g5	 64 	 0.0 			 0.0 			 0.0			 0.0 
g5	 65 	 0.0 			 0.0 			 0.0			 0.0 
g5	 66 	 0.0 			 0.0 			 0.0			 0.0 
g5	 67 	 0.0 			 0.0 			 0.0			 0.0 
g5	 68 	 0.0 			 0.0 			 0.0			 0.0 
g5	 69 	 0.0 			 0.0 			 0.0			 0.0 
g5	 70 	 0.0 			 0.0 			 0.0			 0.0 
g5	 71 	 0.0 			 0.0 			 0.0			 0.0 
g5	 72 	 0.0 			 0.0 			 0.0			 0.0 
g5	 73 	 0.0 			 0.0 			 0.0			 0.0 
g5	 74 	 0.0 			 0.0 			 0.0			 0.0 
g5	 75 	 0.0 			 0.0 			 0.0			 0.0 
g5	 76 	 0.0 			 0.0 			 0.0			 0.0 
g5	 77 	 0.0 			 0.0 			 0.0			 0.0 
g5	 78 	 0.0 			 0.0 			 0.0			 0.0 
g5	 79 	 0.0 			 0.0 			 0.0			 0.0 
g5	 80 	 0.0 			 0.0 			 0.0			 0.0 
g5	 81 	 0.0 			 0.0 			 0.0			 0.0 
g5	 82 	 0.0 			 0.0 			 0.0			 0.0 
g5	 83 	 0.0 			 0.0 			 0.0			 0.0 
g5	 84 	 0.0 			 0.0 			 0.0			 0.0 
g5	 85 	 0.0 			 0.0 			 0.0			 0.0 
g5	 86 	 0.0 			 0.0 			 0.0			 0.0 
g5	 87 	 0.0 			 0.0 			 0.0			 0.0 
g5	 88 	 0.0 			 0.0 			 0.0			 0.0 
g5	 89 	 0.0 			 0.0 			 0.0			 0.0 
g5	 90 	 0.0 			 0.0 			 0.0			 0.0 
g5	 91 	 0.0 			 0.0 			 0.0			 0.0 
g5	 92 	 0.0 			 0.0 			 0.0			 0.0 
g5	 93 	 0.0 			 0.0 			 0.0			 0.0 
g5	 94 	 0.0 			 0.0 			 0.0			 0.0 
g5	 95 	 0.0 			 0.0 			 0.0			 0.0 
g5	 96 	 0.0 			 0.0 			 0.0			 0.0 
----------------------------------------------------------------------------------------------------------------
unit 	 generation payment 	 up-FRP payment 	 dw-FRP payment 	pre-up total payment
----------------------------------------------------------------------------------------------------------------
 g1 	 16560.125420			 0.000000			 0.000000			 16560.125420
 g2 	 1250.984372			 0.000000			 0.000000			 1250.984372
 g3 	 0.000000			 0.000000			 0.000000			 0.000000
 g4 	 0.000000			 0.000000			 0.000000			 0.000000
 g5 	 0.000000			 0.000000			 0.000000			 0.000000
----------------------------------------------------------------------------------------------------
generation payment 	 up-FRP payment 	 dw-FRP payment 	 pre-up total payment
----------------------------------------------------------------------------------------------------
17811.109792 			 0.0 			 0.0 			 17811.109792
 
****************************************************************************************************
 
Generation costs
----------------------------------------------------------------------------------------------------
unit	 time 	 generation cost 	 start-up cost  	total cost
----------------------------------------------------------------------------------------------------
g1	 1 	 2403.530435 			 0.0 			2403.530435
g1	 2 	 2407.23675 			 0.0 			2407.23675
g1	 3 	 2378.631401 			 0.0 			2378.631401
g1	 4 	 2399.779146 			 0.0 			2399.779146
g1	 5 	 2267.068378 			 0.0 			2267.068378
g1	 6 	 2278.295334 			 0.0 			2278.295334
g1	 7 	 2291.039109 			 0.0 			2291.039109
g1	 8 	 2255.924102 			 0.0 			2255.924102
g1	 9 	 2171.125957 			 0.0 			2171.125957
g1	 10 	 2141.333169 			 0.0 			2141.333169
g1	 11 	 2171.806162 			 0.0 			2171.806162
g1	 12 	 2151.15155 			 0.0 			2151.15155
g1	 13 	 2075.702997 			 0.0 			2075.702997
g1	 14 	 2109.782335 			 0.0 			2109.782335
g1	 15 	 2093.658269 			 0.0 			2093.658269
g1	 16 	 2121.250615 			 0.0 			2121.250615
g1	 17 	 2112.739237 			 0.0 			2112.739237
g1	 18 	 2123.172324 			 0.0 			2123.172324
g1	 19 	 2100.6314 			 0.0 			2100.6314
g1	 20 	 2119.731815 			 0.0 			2119.731815
g1	 21 	 2245.64768 			 0.0 			2245.64768
g1	 22 	 2245.19511 			 0.0 			2245.19511
g1	 23 	 2253.538157 			 0.0 			2253.538157
g1	 24 	 2238.955213 			 0.0 			2238.955213
g1	 25 	 2450.51005 			 0.0 			2450.51005
g1	 26 	 2457.191324 			 0.0 			2457.191324
g1	 27 	 2449.099938 			 0.0 			2449.099938
g1	 28 	 2479.128325 			 0.0 			2479.128325
g1	 29 	 2647.13445 			 0.0 			2647.13445
g1	 30 	 2644.988134 			 0.0 			2644.988134
g1	 31 	 2644.546833 			 0.0 			2644.546833
g1	 32 	 2645.278076 			 0.0 			2645.278076
g1	 33 	 2853.044361 			 0.0 			2853.044361
g1	 34 	 2859.804621 			 0.0 			2859.804621
g1	 35 	 2869.994982 			 0.0 			2869.994982
g1	 36 	 2871.186373 			 0.0 			2871.186373
g1	 37 	 2713.266168 			 0.0 			2713.266168
g1	 38 	 2718.336826 			 0.0 			2718.336826
g1	 39 	 2740.973867 			 0.0 			2740.973867
g1	 40 	 2762.314049 			 0.0 			2762.314049
g1	 41 	 2978.559181 			 0.0 			2978.559181
g1	 42 	 2974.506386 			 0.0 			2974.506386
g1	 43 	 2966.077716 			 0.0 			2966.077716
g1	 44 	 2983.076063 			 0.0 			2983.076063
g1	 45 	 3058.233409 			 0.0 			3058.233409
g1	 46 	 3058.233409 			 0.0 			3058.233409
g1	 47 	 3058.233409 			 0.0 			3058.233409
g1	 48 	 3058.233409 			 0.0 			3058.233409
g1	 49 	 3058.233409 			 0.0 			3058.233409
g1	 50 	 3058.233409 			 0.0 			3058.233409
g1	 51 	 3058.233409 			 0.0 			3058.233409
g1	 52 	 3058.233409 			 0.0 			3058.233409
g1	 53 	 3058.233409 			 0.0 			3058.233409
g1	 54 	 3058.233409 			 0.0 			3058.233409
g1	 55 	 3058.233409 			 0.0 			3058.233409
g1	 56 	 3058.233409 			 0.0 			3058.233409
g1	 57 	 3058.233409 			 0.0 			3058.233409
g1	 58 	 3058.233409 			 0.0 			3058.233409
g1	 59 	 3058.233409 			 0.0 			3058.233409
g1	 60 	 3058.233409 			 0.0 			3058.233409
g1	 61 	 3058.233409 			 0.0 			3058.233409
g1	 62 	 3058.233409 			 0.0 			3058.233409
g1	 63 	 3058.233409 			 0.0 			3058.233409
g1	 64 	 3058.233409 			 0.0 			3058.233409
g1	 65 	 3058.233409 			 0.0 			3058.233409
g1	 66 	 3058.233409 			 0.0 			3058.233409
g1	 67 	 3058.233409 			 0.0 			3058.233409
g1	 68 	 3058.233409 			 0.0 			3058.233409
g1	 69 	 3058.233409 			 0.0 			3058.233409
g1	 70 	 3058.233409 			 0.0 			3058.233409
g1	 71 	 3058.233409 			 0.0 			3058.233409
g1	 72 	 3058.233409 			 0.0 			3058.233409
g1	 73 	 3058.233409 			 0.0 			3058.233409
g1	 74 	 3058.233409 			 0.0 			3058.233409
g1	 75 	 3058.233409 			 0.0 			3058.233409
g1	 76 	 3058.233409 			 0.0 			3058.233409
g1	 77 	 3058.233409 			 0.0 			3058.233409
g1	 78 	 3058.233409 			 0.0 			3058.233409
g1	 79 	 3058.233409 			 0.0 			3058.233409
g1	 80 	 3058.233409 			 0.0 			3058.233409
g1	 81 	 3058.233409 			 0.0 			3058.233409
g1	 82 	 3058.233409 			 0.0 			3058.233409
g1	 83 	 3058.233409 			 0.0 			3058.233409
g1	 84 	 3058.233409 			 0.0 			3058.233409
g1	 85 	 3058.233409 			 0.0 			3058.233409
g1	 86 	 3058.233409 			 0.0 			3058.233409
g1	 87 	 3058.233409 			 0.0 			3058.233409
g1	 88 	 3058.233409 			 0.0 			3058.233409
g1	 89 	 2715.850894 			 0.0 			2715.850894
g1	 90 	 2750.749251 			 0.0 			2750.749251
g1	 91 	 2750.982155 			 0.0 			2750.982155
g1	 92 	 2740.514962 			 0.0 			2740.514962
g1	 93 	 2824.215901 			 0.0 			2824.215901
g1	 94 	 2813.796125 			 0.0 			2813.796125
g1	 95 	 2811.544586 			 0.0 			2811.544586
g1	 96 	 2813.526015 			 0.0 			2813.526015
----------------------------------------------------------------------------------------------------
g2	 1 	 0.0 			 0.0 			0.0
g2	 2 	 0.0 			 0.0 			0.0
g2	 3 	 0.0 			 0.0 			0.0
g2	 4 	 0.0 			 0.0 			0.0
g2	 5 	 0.0 			 0.0 			0.0
g2	 6 	 0.0 			 0.0 			0.0
g2	 7 	 0.0 			 0.0 			0.0
g2	 8 	 0.0 			 0.0 			0.0
g2	 9 	 0.0 			 0.0 			0.0
g2	 10 	 0.0 			 0.0 			0.0
g2	 11 	 0.0 			 0.0 			0.0
g2	 12 	 0.0 			 0.0 			0.0
g2	 13 	 0.0 			 0.0 			0.0
g2	 14 	 0.0 			 0.0 			0.0
g2	 15 	 0.0 			 0.0 			0.0
g2	 16 	 0.0 			 0.0 			0.0
g2	 17 	 0.0 			 0.0 			0.0
g2	 18 	 0.0 			 0.0 			0.0
g2	 19 	 0.0 			 0.0 			0.0
g2	 20 	 0.0 			 0.0 			0.0
g2	 21 	 0.0 			 0.0 			0.0
g2	 22 	 0.0 			 0.0 			0.0
g2	 23 	 0.0 			 0.0 			0.0
g2	 24 	 0.0 			 0.0 			0.0
g2	 25 	 0.0 			 0.0 			0.0
g2	 26 	 0.0 			 0.0 			0.0
g2	 27 	 0.0 			 0.0 			0.0
g2	 28 	 0.0 			 0.0 			0.0
g2	 29 	 0.0 			 0.0 			0.0
g2	 30 	 0.0 			 0.0 			0.0
g2	 31 	 0.0 			 0.0 			0.0
g2	 32 	 0.0 			 0.0 			0.0
g2	 33 	 0.0 			 0.0 			0.0
g2	 34 	 0.0 			 0.0 			0.0
g2	 35 	 0.0 			 0.0 			0.0
g2	 36 	 0.0 			 0.0 			0.0
g2	 37 	 534.771644 			 10598.13 			11132.901644
g2	 38 	 534.771644 			 0.0 			534.771644
g2	 39 	 534.771644 			 0.0 			534.771644
g2	 40 	 534.771644 			 0.0 			534.771644
g2	 41 	 534.771644 			 0.0 			534.771644
g2	 42 	 534.771644 			 0.0 			534.771644
g2	 43 	 534.771644 			 0.0 			534.771644
g2	 44 	 534.771644 			 0.0 			534.771644
g2	 45 	 664.854431 			 0.0 			664.854431
g2	 46 	 668.82808 			 0.0 			668.82808
g2	 47 	 649.712813 			 0.0 			649.712813
g2	 48 	 656.628703 			 0.0 			656.628703
g2	 49 	 787.361343 			 0.0 			787.361343
g2	 50 	 840.41954 			 0.0 			840.41954
g2	 51 	 806.059819 			 0.0 			806.059819
g2	 52 	 850.020724 			 0.0 			850.020724
g2	 53 	 952.849998 			 0.0 			952.849998
g2	 54 	 1002.797173 			 0.0 			1002.797173
g2	 55 	 968.048838 			 0.0 			968.048838
g2	 56 	 963.326057 			 0.0 			963.326057
g2	 57 	 1091.144434 			 0.0 			1091.144434
g2	 58 	 1092.86406 			 0.0 			1092.86406
g2	 59 	 1053.210633 			 0.0 			1053.210633
g2	 60 	 1082.034561 			 0.0 			1082.034561
g2	 61 	 1118.534197 			 0.0 			1118.534197
g2	 62 	 1104.743366 			 0.0 			1104.743366
g2	 63 	 1118.576666 			 0.0 			1118.576666
g2	 64 	 1086.833738 			 0.0 			1086.833738
g2	 65 	 1192.218996 			 0.0 			1192.218996
g2	 66 	 1139.619142 			 0.0 			1139.619142
g2	 67 	 1187.124935 			 0.0 			1187.124935
g2	 68 	 1173.454737 			 0.0 			1173.454737
g2	 69 	 1166.051138 			 0.0 			1166.051138
g2	 70 	 1161.660309 			 0.0 			1161.660309
g2	 71 	 1127.059406 			 0.0 			1127.059406
g2	 72 	 1159.588869 			 0.0 			1159.588869
g2	 73 	 1051.354429 			 0.0 			1051.354429
g2	 74 	 976.008744 			 0.0 			976.008744
g2	 75 	 980.069992 			 0.0 			980.069992
g2	 76 	 988.748892 			 0.0 			988.748892
g2	 77 	 887.984007 			 0.0 			887.984007
g2	 78 	 868.200967 			 0.0 			868.200967
g2	 79 	 877.902356 			 0.0 			877.902356
g2	 80 	 833.147837 			 0.0 			833.147837
g2	 81 	 824.420139 			 0.0 			824.420139
g2	 82 	 796.44607 			 0.0 			796.44607
g2	 83 	 819.669641 			 0.0 			819.669641
g2	 84 	 781.893486 			 0.0 			781.893486
g2	 85 	 564.308738 			 0.0 			564.308738
g2	 86 	 536.293265 			 0.0 			536.293265
g2	 87 	 561.067769 			 0.0 			561.067769
g2	 88 	 547.748833 			 0.0 			547.748833
g2	 89 	 534.771644 			 0.0 			534.771644
g2	 90 	 534.771644 			 0.0 			534.771644
g2	 91 	 534.771644 			 0.0 			534.771644
g2	 92 	 534.771644 			 0.0 			534.771644
g2	 93 	 0.0 			 0.0 			0.0
g2	 94 	 0.0 			 0.0 			0.0
g2	 95 	 0.0 			 0.0 			0.0
g2	 96 	 0.0 			 0.0 			0.0
----------------------------------------------------------------------------------------------------
g3	 1 	 0.0 			 0.0 			0.0
g3	 2 	 0.0 			 0.0 			0.0
g3	 3 	 0.0 			 0.0 			0.0
g3	 4 	 0.0 			 0.0 			0.0
g3	 5 	 0.0 			 0.0 			0.0
g3	 6 	 0.0 			 0.0 			0.0
g3	 7 	 0.0 			 0.0 			0.0
g3	 8 	 0.0 			 0.0 			0.0
g3	 9 	 0.0 			 0.0 			0.0
g3	 10 	 0.0 			 0.0 			0.0
g3	 11 	 0.0 			 0.0 			0.0
g3	 12 	 0.0 			 0.0 			0.0
g3	 13 	 0.0 			 0.0 			0.0
g3	 14 	 0.0 			 0.0 			0.0
g3	 15 	 0.0 			 0.0 			0.0
g3	 16 	 0.0 			 0.0 			0.0
g3	 17 	 0.0 			 0.0 			0.0
g3	 18 	 0.0 			 0.0 			0.0
g3	 19 	 0.0 			 0.0 			0.0
g3	 20 	 0.0 			 0.0 			0.0
g3	 21 	 0.0 			 0.0 			0.0
g3	 22 	 0.0 			 0.0 			0.0
g3	 23 	 0.0 			 0.0 			0.0
g3	 24 	 0.0 			 0.0 			0.0
g3	 25 	 0.0 			 0.0 			0.0
g3	 26 	 0.0 			 0.0 			0.0
g3	 27 	 0.0 			 0.0 			0.0
g3	 28 	 0.0 			 0.0 			0.0
g3	 29 	 0.0 			 0.0 			0.0
g3	 30 	 0.0 			 0.0 			0.0
g3	 31 	 0.0 			 0.0 			0.0
g3	 32 	 0.0 			 0.0 			0.0
g3	 33 	 0.0 			 0.0 			0.0
g3	 34 	 0.0 			 0.0 			0.0
g3	 35 	 0.0 			 0.0 			0.0
g3	 36 	 0.0 			 0.0 			0.0
g3	 37 	 0.0 			 0.0 			0.0
g3	 38 	 0.0 			 0.0 			0.0
g3	 39 	 0.0 			 0.0 			0.0
g3	 40 	 0.0 			 0.0 			0.0
g3	 41 	 0.0 			 0.0 			0.0
g3	 42 	 0.0 			 0.0 			0.0
g3	 43 	 0.0 			 0.0 			0.0
g3	 44 	 0.0 			 0.0 			0.0
g3	 45 	 0.0 			 0.0 			0.0
g3	 46 	 0.0 			 0.0 			0.0
g3	 47 	 0.0 			 0.0 			0.0
g3	 48 	 0.0 			 0.0 			0.0
g3	 49 	 0.0 			 0.0 			0.0
g3	 50 	 0.0 			 0.0 			0.0
g3	 51 	 0.0 			 0.0 			0.0
g3	 52 	 0.0 			 0.0 			0.0
g3	 53 	 0.0 			 0.0 			0.0
g3	 54 	 0.0 			 0.0 			0.0
g3	 55 	 0.0 			 0.0 			0.0
g3	 56 	 0.0 			 0.0 			0.0
g3	 57 	 0.0 			 0.0 			0.0
g3	 58 	 0.0 			 0.0 			0.0
g3	 59 	 0.0 			 0.0 			0.0
g3	 60 	 0.0 			 0.0 			0.0
g3	 61 	 0.0 			 0.0 			0.0
g3	 62 	 0.0 			 0.0 			0.0
g3	 63 	 0.0 			 0.0 			0.0
g3	 64 	 0.0 			 0.0 			0.0
g3	 65 	 0.0 			 0.0 			0.0
g3	 66 	 0.0 			 0.0 			0.0
g3	 67 	 0.0 			 0.0 			0.0
g3	 68 	 0.0 			 0.0 			0.0
g3	 69 	 0.0 			 0.0 			0.0
g3	 70 	 0.0 			 0.0 			0.0
g3	 71 	 0.0 			 0.0 			0.0
g3	 72 	 0.0 			 0.0 			0.0
g3	 73 	 0.0 			 0.0 			0.0
g3	 74 	 0.0 			 0.0 			0.0
g3	 75 	 0.0 			 0.0 			0.0
g3	 76 	 0.0 			 0.0 			0.0
g3	 77 	 0.0 			 0.0 			0.0
g3	 78 	 0.0 			 0.0 			0.0
g3	 79 	 0.0 			 0.0 			0.0
g3	 80 	 0.0 			 0.0 			0.0
g3	 81 	 0.0 			 0.0 			0.0
g3	 82 	 0.0 			 0.0 			0.0
g3	 83 	 0.0 			 0.0 			0.0
g3	 84 	 0.0 			 0.0 			0.0
g3	 85 	 0.0 			 0.0 			0.0
g3	 86 	 0.0 			 0.0 			0.0
g3	 87 	 0.0 			 0.0 			0.0
g3	 88 	 0.0 			 0.0 			0.0
g3	 89 	 0.0 			 0.0 			0.0
g3	 90 	 0.0 			 0.0 			0.0
g3	 91 	 0.0 			 0.0 			0.0
g3	 92 	 0.0 			 0.0 			0.0
g3	 93 	 0.0 			 0.0 			0.0
g3	 94 	 0.0 			 0.0 			0.0
g3	 95 	 0.0 			 0.0 			0.0
g3	 96 	 0.0 			 0.0 			0.0
----------------------------------------------------------------------------------------------------
g4	 1 	 0.0 			 0.0 			0.0
g4	 2 	 0.0 			 0.0 			0.0
g4	 3 	 0.0 			 0.0 			0.0
g4	 4 	 0.0 			 0.0 			0.0
g4	 5 	 0.0 			 0.0 			0.0
g4	 6 	 0.0 			 0.0 			0.0
g4	 7 	 0.0 			 0.0 			0.0
g4	 8 	 0.0 			 0.0 			0.0
g4	 9 	 0.0 			 0.0 			0.0
g4	 10 	 0.0 			 0.0 			0.0
g4	 11 	 0.0 			 0.0 			0.0
g4	 12 	 0.0 			 0.0 			0.0
g4	 13 	 0.0 			 0.0 			0.0
g4	 14 	 0.0 			 0.0 			0.0
g4	 15 	 0.0 			 0.0 			0.0
g4	 16 	 0.0 			 0.0 			0.0
g4	 17 	 0.0 			 0.0 			0.0
g4	 18 	 0.0 			 0.0 			0.0
g4	 19 	 0.0 			 0.0 			0.0
g4	 20 	 0.0 			 0.0 			0.0
g4	 21 	 0.0 			 0.0 			0.0
g4	 22 	 0.0 			 0.0 			0.0
g4	 23 	 0.0 			 0.0 			0.0
g4	 24 	 0.0 			 0.0 			0.0
g4	 25 	 0.0 			 0.0 			0.0
g4	 26 	 0.0 			 0.0 			0.0
g4	 27 	 0.0 			 0.0 			0.0
g4	 28 	 0.0 			 0.0 			0.0
g4	 29 	 0.0 			 0.0 			0.0
g4	 30 	 0.0 			 0.0 			0.0
g4	 31 	 0.0 			 0.0 			0.0
g4	 32 	 0.0 			 0.0 			0.0
g4	 33 	 0.0 			 0.0 			0.0
g4	 34 	 0.0 			 0.0 			0.0
g4	 35 	 0.0 			 0.0 			0.0
g4	 36 	 0.0 			 0.0 			0.0
g4	 37 	 0.0 			 0.0 			0.0
g4	 38 	 0.0 			 0.0 			0.0
g4	 39 	 0.0 			 0.0 			0.0
g4	 40 	 0.0 			 0.0 			0.0
g4	 41 	 0.0 			 0.0 			0.0
g4	 42 	 0.0 			 0.0 			0.0
g4	 43 	 0.0 			 0.0 			0.0
g4	 44 	 0.0 			 0.0 			0.0
g4	 45 	 0.0 			 0.0 			0.0
g4	 46 	 0.0 			 0.0 			0.0
g4	 47 	 0.0 			 0.0 			0.0
g4	 48 	 0.0 			 0.0 			0.0
g4	 49 	 0.0 			 0.0 			0.0
g4	 50 	 0.0 			 0.0 			0.0
g4	 51 	 0.0 			 0.0 			0.0
g4	 52 	 0.0 			 0.0 			0.0
g4	 53 	 0.0 			 0.0 			0.0
g4	 54 	 0.0 			 0.0 			0.0
g4	 55 	 0.0 			 0.0 			0.0
g4	 56 	 0.0 			 0.0 			0.0
g4	 57 	 0.0 			 0.0 			0.0
g4	 58 	 0.0 			 0.0 			0.0
g4	 59 	 0.0 			 0.0 			0.0
g4	 60 	 0.0 			 0.0 			0.0
g4	 61 	 0.0 			 0.0 			0.0
g4	 62 	 0.0 			 0.0 			0.0
g4	 63 	 0.0 			 0.0 			0.0
g4	 64 	 0.0 			 0.0 			0.0
g4	 65 	 0.0 			 0.0 			0.0
g4	 66 	 0.0 			 0.0 			0.0
g4	 67 	 0.0 			 0.0 			0.0
g4	 68 	 0.0 			 0.0 			0.0
g4	 69 	 0.0 			 0.0 			0.0
g4	 70 	 0.0 			 0.0 			0.0
g4	 71 	 0.0 			 0.0 			0.0
g4	 72 	 0.0 			 0.0 			0.0
g4	 73 	 0.0 			 0.0 			0.0
g4	 74 	 0.0 			 0.0 			0.0
g4	 75 	 0.0 			 0.0 			0.0
g4	 76 	 0.0 			 0.0 			0.0
g4	 77 	 0.0 			 0.0 			0.0
g4	 78 	 0.0 			 0.0 			0.0
g4	 79 	 0.0 			 0.0 			0.0
g4	 80 	 0.0 			 0.0 			0.0
g4	 81 	 0.0 			 0.0 			0.0
g4	 82 	 0.0 			 0.0 			0.0
g4	 83 	 0.0 			 0.0 			0.0
g4	 84 	 0.0 			 0.0 			0.0
g4	 85 	 0.0 			 0.0 			0.0
g4	 86 	 0.0 			 0.0 			0.0
g4	 87 	 0.0 			 0.0 			0.0
g4	 88 	 0.0 			 0.0 			0.0
g4	 89 	 0.0 			 0.0 			0.0
g4	 90 	 0.0 			 0.0 			0.0
g4	 91 	 0.0 			 0.0 			0.0
g4	 92 	 0.0 			 0.0 			0.0
g4	 93 	 0.0 			 0.0 			0.0
g4	 94 	 0.0 			 0.0 			0.0
g4	 95 	 0.0 			 0.0 			0.0
g4	 96 	 0.0 			 0.0 			0.0
----------------------------------------------------------------------------------------------------
g5	 1 	 0.0 			 0.0 			0.0
g5	 2 	 0.0 			 0.0 			0.0
g5	 3 	 0.0 			 0.0 			0.0
g5	 4 	 0.0 			 0.0 			0.0
g5	 5 	 0.0 			 0.0 			0.0
g5	 6 	 0.0 			 0.0 			0.0
g5	 7 	 0.0 			 0.0 			0.0
g5	 8 	 0.0 			 0.0 			0.0
g5	 9 	 0.0 			 0.0 			0.0
g5	 10 	 0.0 			 0.0 			0.0
g5	 11 	 0.0 			 0.0 			0.0
g5	 12 	 0.0 			 0.0 			0.0
g5	 13 	 0.0 			 0.0 			0.0
g5	 14 	 0.0 			 0.0 			0.0
g5	 15 	 0.0 			 0.0 			0.0
g5	 16 	 0.0 			 0.0 			0.0
g5	 17 	 0.0 			 0.0 			0.0
g5	 18 	 0.0 			 0.0 			0.0
g5	 19 	 0.0 			 0.0 			0.0
g5	 20 	 0.0 			 0.0 			0.0
g5	 21 	 0.0 			 0.0 			0.0
g5	 22 	 0.0 			 0.0 			0.0
g5	 23 	 0.0 			 0.0 			0.0
g5	 24 	 0.0 			 0.0 			0.0
g5	 25 	 0.0 			 0.0 			0.0
g5	 26 	 0.0 			 0.0 			0.0
g5	 27 	 0.0 			 0.0 			0.0
g5	 28 	 0.0 			 0.0 			0.0
g5	 29 	 0.0 			 0.0 			0.0
g5	 30 	 0.0 			 0.0 			0.0
g5	 31 	 0.0 			 0.0 			0.0
g5	 32 	 0.0 			 0.0 			0.0
g5	 33 	 0.0 			 0.0 			0.0
g5	 34 	 0.0 			 0.0 			0.0
g5	 35 	 0.0 			 0.0 			0.0
g5	 36 	 0.0 			 0.0 			0.0
g5	 37 	 0.0 			 0.0 			0.0
g5	 38 	 0.0 			 0.0 			0.0
g5	 39 	 0.0 			 0.0 			0.0
g5	 40 	 0.0 			 0.0 			0.0
g5	 41 	 0.0 			 0.0 			0.0
g5	 42 	 0.0 			 0.0 			0.0
g5	 43 	 0.0 			 0.0 			0.0
g5	 44 	 0.0 			 0.0 			0.0
g5	 45 	 0.0 			 0.0 			0.0
g5	 46 	 0.0 			 0.0 			0.0
g5	 47 	 0.0 			 0.0 			0.0
g5	 48 	 0.0 			 0.0 			0.0
g5	 49 	 0.0 			 0.0 			0.0
g5	 50 	 0.0 			 0.0 			0.0
g5	 51 	 0.0 			 0.0 			0.0
g5	 52 	 0.0 			 0.0 			0.0
g5	 53 	 0.0 			 0.0 			0.0
g5	 54 	 0.0 			 0.0 			0.0
g5	 55 	 0.0 			 0.0 			0.0
g5	 56 	 0.0 			 0.0 			0.0
g5	 57 	 0.0 			 0.0 			0.0
g5	 58 	 0.0 			 0.0 			0.0
g5	 59 	 0.0 			 0.0 			0.0
g5	 60 	 0.0 			 0.0 			0.0
g5	 61 	 0.0 			 0.0 			0.0
g5	 62 	 0.0 			 0.0 			0.0
g5	 63 	 0.0 			 0.0 			0.0
g5	 64 	 0.0 			 0.0 			0.0
g5	 65 	 0.0 			 0.0 			0.0
g5	 66 	 0.0 			 0.0 			0.0
g5	 67 	 0.0 			 0.0 			0.0
g5	 68 	 0.0 			 0.0 			0.0
g5	 69 	 0.0 			 0.0 			0.0
g5	 70 	 0.0 			 0.0 			0.0
g5	 71 	 0.0 			 0.0 			0.0
g5	 72 	 0.0 			 0.0 			0.0
g5	 73 	 0.0 			 0.0 			0.0
g5	 74 	 0.0 			 0.0 			0.0
g5	 75 	 0.0 			 0.0 			0.0
g5	 76 	 0.0 			 0.0 			0.0
g5	 77 	 0.0 			 0.0 			0.0
g5	 78 	 0.0 			 0.0 			0.0
g5	 79 	 0.0 			 0.0 			0.0
g5	 80 	 0.0 			 0.0 			0.0
g5	 81 	 0.0 			 0.0 			0.0
g5	 82 	 0.0 			 0.0 			0.0
g5	 83 	 0.0 			 0.0 			0.0
g5	 84 	 0.0 			 0.0 			0.0
g5	 85 	 0.0 			 0.0 			0.0
g5	 86 	 0.0 			 0.0 			0.0
g5	 87 	 0.0 			 0.0 			0.0
g5	 88 	 0.0 			 0.0 			0.0
g5	 89 	 0.0 			 0.0 			0.0
g5	 90 	 0.0 			 0.0 			0.0
g5	 91 	 0.0 			 0.0 			0.0
g5	 92 	 0.0 			 0.0 			0.0
g5	 93 	 0.0 			 0.0 			0.0
g5	 94 	 0.0 			 0.0 			0.0
g5	 95 	 0.0 			 0.0 			0.0
g5	 96 	 0.0 			 0.0 			0.0
----------------------------------------------------------------------------------------------------
 
unit 	 generation 	 generation cost 	 start-up cost 	 total cost
----------------------------------------------------------------------------------------------------
g1 	 7091.785251			264649.394253			 0.000000		 264649.394253
g2 	 877.892118			47178.151599			 10598.130000		 57776.281599
g3 	 0.000000			0.000000			 0.000000		 0.000000
g4 	 0.000000			0.000000			 0.000000		 0.000000
g5 	 0.000000			0.000000			 0.000000		 0.000000
----------------------------------------------------------------------------------------------------
 
generation cost 	 start-up cost 		 total cost
----------------------------------------------------------------------------------------------------
311827.54585200007 			 10598.13 			 322425.675852
----------------------------------------------------------------------------------------------------
uplift payment for generator g1: 0.0
uplift payment for generator g2: 18220.132708
uplift payment for generator g3: 0.0
uplift payment for generator g4: 0.0
uplift payment for generator g5: 0.0
 
****************************************************************************************************
 
rtm Systemwide prices
----------------------------------------------------------------------------------------------------
time	 energy 	 up-FRP 	 dw-FRP
----------------------------------------------------------------------------------------------------
1 	 9.614507 		 0.0 		 0.0
2 	 9.614507 		 0.0 		 0.0
3 	 9.614507 		 0.0 		 0.0
4 	 9.614507 		 0.0 		 0.0
5 	 9.408671 		 0.0 		 0.0
6 	 9.408671 		 0.0 		 0.0
7 	 9.408671 		 0.0 		 0.0
8 	 9.408671 		 0.0 		 0.0
9 	 9.408671 		 0.0 		 0.0
10 	 9.408671 		 0.0 		 0.0
11 	 9.408671 		 0.0 		 0.0
12 	 9.408671 		 0.0 		 0.0
13 	 9.408671 		 0.0 		 0.0
14 	 9.408671 		 0.0 		 0.0
15 	 9.408671 		 0.0 		 0.0
16 	 9.408671 		 0.0 		 0.0
17 	 9.408671 		 0.0 		 0.0
18 	 9.408671 		 0.0 		 0.0
19 	 9.408671 		 0.0 		 0.0
20 	 9.408671 		 0.0 		 0.0
21 	 9.408671 		 0.0 		 0.0
22 	 9.408671 		 0.0 		 0.0
23 	 9.408671 		 0.0 		 0.0
24 	 9.408671 		 0.0 		 0.0
25 	 9.614507 		 0.0 		 0.0
26 	 9.614507 		 0.0 		 0.0
27 	 9.614507 		 0.0 		 0.0
28 	 9.614507 		 0.0 		 0.0
29 	 9.614507 		 0.0 		 0.0
30 	 9.614507 		 0.0 		 0.0
31 	 9.614507 		 0.0 		 0.0
32 	 9.614507 		 0.0 		 0.0
33 	 9.614507 		 0.0 		 0.0
34 	 9.614507 		 0.0 		 0.0
35 	 9.614507 		 0.0 		 0.0
36 	 9.614507 		 0.0 		 0.0
37 	 9.614507 		 0.0 		 0.0
38 	 9.614507 		 0.0 		 0.0
39 	 9.614507 		 0.0 		 0.0
40 	 9.614507 		 0.0 		 0.0
41 	 9.614507 		 0.0 		 0.0
42 	 9.614507 		 0.0 		 0.0
43 	 9.614507 		 0.0 		 0.0
44 	 9.614507 		 0.0 		 0.0
45 	 10.185876 		 0.0 		 0.0
46 	 10.185876 		 0.0 		 0.0
47 	 10.185876 		 0.0 		 0.0
48 	 10.185876 		 0.0 		 0.0
49 	 10.185876 		 0.0 		 0.0
50 	 10.185876 		 0.0 		 0.0
51 	 10.185876 		 0.0 		 0.0
52 	 10.185876 		 0.0 		 0.0
53 	 11.493892 		 0.0 		 0.0
54 	 11.493892 		 0.0 		 0.0
55 	 11.493892 		 0.0 		 0.0
56 	 11.493892 		 0.0 		 0.0
57 	 11.493892 		 0.0 		 0.0
58 	 11.493892 		 0.0 		 0.0
59 	 11.493892 		 0.0 		 0.0
60 	 11.493892 		 0.0 		 0.0
61 	 11.493892 		 0.0 		 0.0
62 	 11.493892 		 0.0 		 0.0
63 	 11.493892 		 0.0 		 0.0
64 	 11.493892 		 0.0 		 0.0
65 	 11.493892 		 0.0 		 0.0
66 	 11.493892 		 0.0 		 0.0
67 	 11.493892 		 0.0 		 0.0
68 	 11.493892 		 0.0 		 0.0
69 	 11.493892 		 0.0 		 0.0
70 	 11.493892 		 0.0 		 0.0
71 	 11.493892 		 0.0 		 0.0
72 	 11.493892 		 0.0 		 0.0
73 	 11.493892 		 0.0 		 0.0
74 	 11.493892 		 0.0 		 0.0
75 	 11.493892 		 0.0 		 0.0
76 	 11.493892 		 0.0 		 0.0
77 	 11.493892 		 0.0 		 0.0
78 	 11.493892 		 0.0 		 0.0
79 	 11.493892 		 0.0 		 0.0
80 	 10.185876 		 0.0 		 0.0
81 	 10.185876 		 0.0 		 0.0
82 	 10.185876 		 0.0 		 0.0
83 	 10.185876 		 0.0 		 0.0
84 	 10.185876 		 0.0 		 0.0
85 	 10.185876 		 0.0 		 0.0
86 	 10.185876 		 0.0 		 0.0
87 	 10.185876 		 0.0 		 0.0
88 	 10.185876 		 0.0 		 0.0
89 	 9.614507 		 0.0 		 0.0
90 	 9.614507 		 0.0 		 0.0
91 	 9.614507 		 0.0 		 0.0
92 	 9.614507 		 0.0 		 0.0
93 	 9.614507 		 0.0 		 0.0
94 	 9.614507 		 0.0 		 0.0
95 	 9.614507 		 0.0 		 0.0
96 	 9.614507 		 0.0 		 0.0
 
****************************************************************************************************
 
rtm Post-uplift payments
----------------------------------------------------------------------------------------------------------------------------------------------------
unit 	 generation payment 	 up-FRP payment 	 dw-FRP payment 	pre-up t. payment 	 uplift payments 	 post-up t. payment 	 profit
----------------------------------------------------------------------------------------------------------------------------------------------------
 g1 	 16560.125420			 0.000000			 0.000000			 16560.125420			 0.000000			 16560.125420		 42151.780468
 g2 	 1250.984372			 0.000000			 0.000000			 1250.984372			 18220.132708			 19471.117080		 -0.000000
 g3 	 0.000000			 0.000000			 0.000000			 0.000000			 0.000000			 0.000000		 0.000000
 g4 	 0.000000			 0.000000			 0.000000			 0.000000			 0.000000			 0.000000		 0.000000
 g5 	 0.000000			 0.000000			 0.000000			 0.000000			 0.000000			 0.000000		 0.000000
****************************************************************************************************
 
Total generator payments
----------------------------------------------------------------------------------------------------------------------------------------------------
unit 	 generation payment 	 up-FRP payment 	 dw-FRP payment 	pre-up t. payment 	 uplift payments 	 post-up t. payment 	 profit
----------------------------------------------------------------------------------------------------------------------------------------------------
 g1 	 306801.174721			 0.000000			 0.000000			 306801.174721			 0.000000			 306801.174721		 42151.780468
 g2 	 39556.148891			 0.000000			 0.000000			 39556.148891			 18220.132708			 57776.281599		 0.000000
 g3 	 0.000000			 0.000000			 0.000000			 0.000000			 0.000000			 0.000000		 0.000000
 g4 	 0.000000			 0.000000			 0.000000			 0.000000			 0.000000			 0.000000		 0.000000
 g5 	 0.000000			 0.000000			 0.000000			 0.000000			 0.000000			 0.000000		 0.000000
 
****************************************************************************************************
 
rtm LMP
----------------------------------------------------------------------------------------------------
bus name 	 time 		 LMP
----------------------------------------------------------------------------------------------------
b1 		 1 		 9.614507
b1 		 2 		 9.614507
b1 		 3 		 9.614507
b1 		 4 		 9.614507
b1 		 5 		 9.408671
b1 		 6 		 9.408671
b1 		 7 		 9.408671
b1 		 8 		 9.408671
b1 		 9 		 9.408671
b1 		 10 		 9.408671
b1 		 11 		 9.408671
b1 		 12 		 9.408671
b1 		 13 		 9.408671
b1 		 14 		 9.408671
b1 		 15 		 9.408671
b1 		 16 		 9.408671
b1 		 17 		 9.408671
b1 		 18 		 9.408671
b1 		 19 		 9.408671
b1 		 20 		 9.408671
b1 		 21 		 9.408671
b1 		 22 		 9.408671
b1 		 23 		 9.408671
b1 		 24 		 9.408671
b1 		 25 		 9.614507
b1 		 26 		 9.614507
b1 		 27 		 9.614507
b1 		 28 		 9.614507
b1 		 29 		 9.614507
b1 		 30 		 9.614507
b1 		 31 		 9.614507
b1 		 32 		 9.614507
b1 		 33 		 9.614507
b1 		 34 		 9.614507
b1 		 35 		 9.614507
b1 		 36 		 9.614507
b1 		 37 		 9.614507
b1 		 38 		 9.614507
b1 		 39 		 9.614507
b1 		 40 		 9.614507
b1 		 41 		 9.614507
b1 		 42 		 9.614507
b1 		 43 		 9.614507
b1 		 44 		 9.614507
b1 		 45 		 10.185876
b1 		 46 		 10.185876
b1 		 47 		 10.185876
b1 		 48 		 10.185876
b1 		 49 		 10.185876
b1 		 50 		 10.185876
b1 		 51 		 10.185876
b1 		 52 		 10.185876
b1 		 53 		 11.493892
b1 		 54 		 11.493892
b1 		 55 		 11.493892
b1 		 56 		 11.493892
b1 		 57 		 11.493892
b1 		 58 		 11.493892
b1 		 59 		 11.493892
b1 		 60 		 11.493892
b1 		 61 		 11.493892
b1 		 62 		 11.493892
b1 		 63 		 11.493892
b1 		 64 		 11.493892
b1 		 65 		 11.493892
b1 		 66 		 11.493892
b1 		 67 		 11.493892
b1 		 68 		 11.493892
b1 		 69 		 11.493892
b1 		 70 		 11.493892
b1 		 71 		 11.493892
b1 		 72 		 11.493892
b1 		 73 		 11.493892
b1 		 74 		 11.493892
b1 		 75 		 11.493892
b1 		 76 		 11.493892
b1 		 77 		 11.493892
b1 		 78 		 11.493892
b1 		 79 		 11.493892
b1 		 80 		 10.185876
b1 		 81 		 10.185876
b1 		 82 		 10.185876
b1 		 83 		 10.185876
b1 		 84 		 10.185876
b1 		 85 		 10.185876
b1 		 86 		 10.185876
b1 		 87 		 10.185876
b1 		 88 		 10.185876
b1 		 89 		 9.614507
b1 		 90 		 9.614507
b1 		 91 		 9.614507
b1 		 92 		 9.614507
b1 		 93 		 9.614507
b1 		 94 		 9.614507
b1 		 95 		 9.614507
b1 		 96 		 9.614507
----------------------------------------------------------------------------------------------------
b2 		 1 		 9.614507
b2 		 2 		 9.614507
b2 		 3 		 9.614507
b2 		 4 		 9.614507
b2 		 5 		 9.408671
b2 		 6 		 9.408671
b2 		 7 		 9.408671
b2 		 8 		 9.408671
b2 		 9 		 9.408671
b2 		 10 		 9.408671
b2 		 11 		 9.408671
b2 		 12 		 9.408671
b2 		 13 		 9.408671
b2 		 14 		 9.408671
b2 		 15 		 9.408671
b2 		 16 		 9.408671
b2 		 17 		 9.408671
b2 		 18 		 9.408671
b2 		 19 		 9.408671
b2 		 20 		 9.408671
b2 		 21 		 9.408671
b2 		 22 		 9.408671
b2 		 23 		 9.408671
b2 		 24 		 9.408671
b2 		 25 		 9.614507
b2 		 26 		 9.614507
b2 		 27 		 9.614507
b2 		 28 		 9.614507
b2 		 29 		 9.614507
b2 		 30 		 9.614507
b2 		 31 		 9.614507
b2 		 32 		 9.614507
b2 		 33 		 9.614507
b2 		 34 		 9.614507
b2 		 35 		 9.614507
b2 		 36 		 9.614507
b2 		 37 		 9.614507
b2 		 38 		 9.614507
b2 		 39 		 9.614507
b2 		 40 		 9.614507
b2 		 41 		 9.614507
b2 		 42 		 9.614507
b2 		 43 		 9.614507
b2 		 44 		 9.614507
b2 		 45 		 10.185876
b2 		 46 		 10.185876
b2 		 47 		 10.185876
b2 		 48 		 10.185876
b2 		 49 		 10.185876
b2 		 50 		 10.185876
b2 		 51 		 10.185876
b2 		 52 		 10.185876
b2 		 53 		 11.493892
b2 		 54 		 11.493892
b2 		 55 		 11.493892
b2 		 56 		 11.493892
b2 		 57 		 11.493892
b2 		 58 		 11.493892
b2 		 59 		 11.493892
b2 		 60 		 11.493892
b2 		 61 		 11.493892
b2 		 62 		 11.493892
b2 		 63 		 11.493892
b2 		 64 		 11.493892
b2 		 65 		 11.493892
b2 		 66 		 11.493892
b2 		 67 		 11.493892
b2 		 68 		 11.493892
b2 		 69 		 11.493892
b2 		 70 		 11.493892
b2 		 71 		 11.493892
b2 		 72 		 11.493892
b2 		 73 		 11.493892
b2 		 74 		 11.493892
b2 		 75 		 11.493892
b2 		 76 		 11.493892
b2 		 77 		 11.493892
b2 		 78 		 11.493892
b2 		 79 		 11.493892
b2 		 80 		 10.185876
b2 		 81 		 10.185876
b2 		 82 		 10.185876
b2 		 83 		 10.185876
b2 		 84 		 10.185876
b2 		 85 		 10.185876
b2 		 86 		 10.185876
b2 		 87 		 10.185876
b2 		 88 		 10.185876
b2 		 89 		 9.614507
b2 		 90 		 9.614507
b2 		 91 		 9.614507
b2 		 92 		 9.614507
b2 		 93 		 9.614507
b2 		 94 		 9.614507
b2 		 95 		 9.614507
b2 		 96 		 9.614507
----------------------------------------------------------------------------------------------------
b3 		 1 		 9.614507
b3 		 2 		 9.614507
b3 		 3 		 9.614507
b3 		 4 		 9.614507
b3 		 5 		 9.408671
b3 		 6 		 9.408671
b3 		 7 		 9.408671
b3 		 8 		 9.408671
b3 		 9 		 9.408671
b3 		 10 		 9.408671
b3 		 11 		 9.408671
b3 		 12 		 9.408671
b3 		 13 		 9.408671
b3 		 14 		 9.408671
b3 		 15 		 9.408671
b3 		 16 		 9.408671
b3 		 17 		 9.408671
b3 		 18 		 9.408671
b3 		 19 		 9.408671
b3 		 20 		 9.408671
b3 		 21 		 9.408671
b3 		 22 		 9.408671
b3 		 23 		 9.408671
b3 		 24 		 9.408671
b3 		 25 		 9.614507
b3 		 26 		 9.614507
b3 		 27 		 9.614507
b3 		 28 		 9.614507
b3 		 29 		 9.614507
b3 		 30 		 9.614507
b3 		 31 		 9.614507
b3 		 32 		 9.614507
b3 		 33 		 9.614507
b3 		 34 		 9.614507
b3 		 35 		 9.614507
b3 		 36 		 9.614507
b3 		 37 		 9.614507
b3 		 38 		 9.614507
b3 		 39 		 9.614507
b3 		 40 		 9.614507
b3 		 41 		 9.614507
b3 		 42 		 9.614507
b3 		 43 		 9.614507
b3 		 44 		 9.614507
b3 		 45 		 10.185876
b3 		 46 		 10.185876
b3 		 47 		 10.185876
b3 		 48 		 10.185876
b3 		 49 		 10.185876
b3 		 50 		 10.185876
b3 		 51 		 10.185876
b3 		 52 		 10.185876
b3 		 53 		 11.493892
b3 		 54 		 11.493892
b3 		 55 		 11.493892
b3 		 56 		 11.493892
b3 		 57 		 11.493892
b3 		 58 		 11.493892
b3 		 59 		 11.493892
b3 		 60 		 11.493892
b3 		 61 		 11.493892
b3 		 62 		 11.493892
b3 		 63 		 11.493892
b3 		 64 		 11.493892
b3 		 65 		 11.493892
b3 		 66 		 11.493892
b3 		 67 		 11.493892
b3 		 68 		 11.493892
b3 		 69 		 11.493892
b3 		 70 		 11.493892
b3 		 71 		 11.493892
b3 		 72 		 11.493892
b3 		 73 		 11.493892
b3 		 74 		 11.493892
b3 		 75 		 11.493892
b3 		 76 		 11.493892
b3 		 77 		 11.493892
b3 		 78 		 11.493892
b3 		 79 		 11.493892
b3 		 80 		 10.185876
b3 		 81 		 10.185876
b3 		 82 		 10.185876
b3 		 83 		 10.185876
b3 		 84 		 10.185876
b3 		 85 		 10.185876
b3 		 86 		 10.185876
b3 		 87 		 10.185876
b3 		 88 		 10.185876
b3 		 89 		 9.614507
b3 		 90 		 9.614507
b3 		 91 		 9.614507
b3 		 92 		 9.614507
b3 		 93 		 9.614507
b3 		 94 		 9.614507
b3 		 95 		 9.614507
b3 		 96 		 9.614507
----------------------------------------------------------------------------------------------------
b4 		 1 		 9.614507
b4 		 2 		 9.614507
b4 		 3 		 9.614507
b4 		 4 		 9.614507
b4 		 5 		 9.408671
b4 		 6 		 9.408671
b4 		 7 		 9.408671
b4 		 8 		 9.408671
b4 		 9 		 9.408671
b4 		 10 		 9.408671
b4 		 11 		 9.408671
b4 		 12 		 9.408671
b4 		 13 		 9.408671
b4 		 14 		 9.408671
b4 		 15 		 9.408671
b4 		 16 		 9.408671
b4 		 17 		 9.408671
b4 		 18 		 9.408671
b4 		 19 		 9.408671
b4 		 20 		 9.408671
b4 		 21 		 9.408671
b4 		 22 		 9.408671
b4 		 23 		 9.408671
b4 		 24 		 9.408671
b4 		 25 		 9.614507
b4 		 26 		 9.614507
b4 		 27 		 9.614507
b4 		 28 		 9.614507
b4 		 29 		 9.614507
b4 		 30 		 9.614507
b4 		 31 		 9.614507
b4 		 32 		 9.614507
b4 		 33 		 9.614507
b4 		 34 		 9.614507
b4 		 35 		 9.614507
b4 		 36 		 9.614507
b4 		 37 		 9.614507
b4 		 38 		 9.614507
b4 		 39 		 9.614507
b4 		 40 		 9.614507
b4 		 41 		 9.614507
b4 		 42 		 9.614507
b4 		 43 		 9.614507
b4 		 44 		 9.614507
b4 		 45 		 10.185876
b4 		 46 		 10.185876
b4 		 47 		 10.185876
b4 		 48 		 10.185876
b4 		 49 		 10.185876
b4 		 50 		 10.185876
b4 		 51 		 10.185876
b4 		 52 		 10.185876
b4 		 53 		 11.493892
b4 		 54 		 11.493892
b4 		 55 		 11.493892
b4 		 56 		 11.493892
b4 		 57 		 11.493892
b4 		 58 		 11.493892
b4 		 59 		 11.493892
b4 		 60 		 11.493892
b4 		 61 		 11.493892
b4 		 62 		 11.493892
b4 		 63 		 11.493892
b4 		 64 		 11.493892
b4 		 65 		 11.493892
b4 		 66 		 11.493892
b4 		 67 		 11.493892
b4 		 68 		 11.493892
b4 		 69 		 11.493892
b4 		 70 		 11.493892
b4 		 71 		 11.493892
b4 		 72 		 11.493892
b4 		 73 		 11.493892
b4 		 74 		 11.493892
b4 		 75 		 11.493892
b4 		 76 		 11.493892
b4 		 77 		 11.493892
b4 		 78 		 11.493892
b4 		 79 		 11.493892
b4 		 80 		 10.185876
b4 		 81 		 10.185876
b4 		 82 		 10.185876
b4 		 83 		 10.185876
b4 		 84 		 10.185876
b4 		 85 		 10.185876
b4 		 86 		 10.185876
b4 		 87 		 10.185876
b4 		 88 		 10.185876
b4 		 89 		 9.614507
b4 		 90 		 9.614507
b4 		 91 		 9.614507
b4 		 92 		 9.614507
b4 		 93 		 9.614507
b4 		 94 		 9.614507
b4 		 95 		 9.614507
b4 		 96 		 9.614507
----------------------------------------------------------------------------------------------------
b5 		 1 		 9.614507
b5 		 2 		 9.614507
b5 		 3 		 9.614507
b5 		 4 		 9.614507
b5 		 5 		 9.408671
b5 		 6 		 9.408671
b5 		 7 		 9.408671
b5 		 8 		 9.408671
b5 		 9 		 9.408671
b5 		 10 		 9.408671
b5 		 11 		 9.408671
b5 		 12 		 9.408671
b5 		 13 		 9.408671
b5 		 14 		 9.408671
b5 		 15 		 9.408671
b5 		 16 		 9.408671
b5 		 17 		 9.408671
b5 		 18 		 9.408671
b5 		 19 		 9.408671
b5 		 20 		 9.408671
b5 		 21 		 9.408671
b5 		 22 		 9.408671
b5 		 23 		 9.408671
b5 		 24 		 9.408671
b5 		 25 		 9.614507
b5 		 26 		 9.614507
b5 		 27 		 9.614507
b5 		 28 		 9.614507
b5 		 29 		 9.614507
b5 		 30 		 9.614507
b5 		 31 		 9.614507
b5 		 32 		 9.614507
b5 		 33 		 9.614507
b5 		 34 		 9.614507
b5 		 35 		 9.614507
b5 		 36 		 9.614507
b5 		 37 		 9.614507
b5 		 38 		 9.614507
b5 		 39 		 9.614507
b5 		 40 		 9.614507
b5 		 41 		 9.614507
b5 		 42 		 9.614507
b5 		 43 		 9.614507
b5 		 44 		 9.614507
b5 		 45 		 10.185876
b5 		 46 		 10.185876
b5 		 47 		 10.185876
b5 		 48 		 10.185876
b5 		 49 		 10.185876
b5 		 50 		 10.185876
b5 		 51 		 10.185876
b5 		 52 		 10.185876
b5 		 53 		 11.493892
b5 		 54 		 11.493892
b5 		 55 		 11.493892
b5 		 56 		 11.493892
b5 		 57 		 11.493892
b5 		 58 		 11.493892
b5 		 59 		 11.493892
b5 		 60 		 11.493892
b5 		 61 		 11.493892
b5 		 62 		 11.493892
b5 		 63 		 11.493892
b5 		 64 		 11.493892
b5 		 65 		 11.493892
b5 		 66 		 11.493892
b5 		 67 		 11.493892
b5 		 68 		 11.493892
b5 		 69 		 11.493892
b5 		 70 		 11.493892
b5 		 71 		 11.493892
b5 		 72 		 11.493892
b5 		 73 		 11.493892
b5 		 74 		 11.493892
b5 		 75 		 11.493892
b5 		 76 		 11.493892
b5 		 77 		 11.493892
b5 		 78 		 11.493892
b5 		 79 		 11.493892
b5 		 80 		 10.185876
b5 		 81 		 10.185876
b5 		 82 		 10.185876
b5 		 83 		 10.185876
b5 		 84 		 10.185876
b5 		 85 		 10.185876
b5 		 86 		 10.185876
b5 		 87 		 10.185876
b5 		 88 		 10.185876
b5 		 89 		 9.614507
b5 		 90 		 9.614507
b5 		 91 		 9.614507
b5 		 92 		 9.614507
b5 		 93 		 9.614507
b5 		 94 		 9.614507
b5 		 95 		 9.614507
b5 		 96 		 9.614507
----------------------------------------------------------------------------------------------------
b6 		 1 		 9.614507
b6 		 2 		 9.614507
b6 		 3 		 9.614507
b6 		 4 		 9.614507
b6 		 5 		 9.408671
b6 		 6 		 9.408671
b6 		 7 		 9.408671
b6 		 8 		 9.408671
b6 		 9 		 9.408671
b6 		 10 		 9.408671
b6 		 11 		 9.408671
b6 		 12 		 9.408671
b6 		 13 		 9.408671
b6 		 14 		 9.408671
b6 		 15 		 9.408671
b6 		 16 		 9.408671
b6 		 17 		 9.408671
b6 		 18 		 9.408671
b6 		 19 		 9.408671
b6 		 20 		 9.408671
b6 		 21 		 9.408671
b6 		 22 		 9.408671
b6 		 23 		 9.408671
b6 		 24 		 9.408671
b6 		 25 		 9.614507
b6 		 26 		 9.614507
b6 		 27 		 9.614507
b6 		 28 		 9.614507
b6 		 29 		 9.614507
b6 		 30 		 9.614507
b6 		 31 		 9.614507
b6 		 32 		 9.614507
b6 		 33 		 9.614507
b6 		 34 		 9.614507
b6 		 35 		 9.614507
b6 		 36 		 9.614507
b6 		 37 		 9.614507
b6 		 38 		 9.614507
b6 		 39 		 9.614507
b6 		 40 		 9.614507
b6 		 41 		 9.614507
b6 		 42 		 9.614507
b6 		 43 		 9.614507
b6 		 44 		 9.614507
b6 		 45 		 10.185876
b6 		 46 		 10.185876
b6 		 47 		 10.185876
b6 		 48 		 10.185876
b6 		 49 		 10.185876
b6 		 50 		 10.185876
b6 		 51 		 10.185876
b6 		 52 		 10.185876
b6 		 53 		 11.493892
b6 		 54 		 11.493892
b6 		 55 		 11.493892
b6 		 56 		 11.493892
b6 		 57 		 11.493892
b6 		 58 		 11.493892
b6 		 59 		 11.493892
b6 		 60 		 11.493892
b6 		 61 		 11.493892
b6 		 62 		 11.493892
b6 		 63 		 11.493892
b6 		 64 		 11.493892
b6 		 65 		 11.493892
b6 		 66 		 11.493892
b6 		 67 		 11.493892
b6 		 68 		 11.493892
b6 		 69 		 11.493892
b6 		 70 		 11.493892
b6 		 71 		 11.493892
b6 		 72 		 11.493892
b6 		 73 		 11.493892
b6 		 74 		 11.493892
b6 		 75 		 11.493892
b6 		 76 		 11.493892
b6 		 77 		 11.493892
b6 		 78 		 11.493892
b6 		 79 		 11.493892
b6 		 80 		 10.185876
b6 		 81 		 10.185876
b6 		 82 		 10.185876
b6 		 83 		 10.185876
b6 		 84 		 10.185876
b6 		 85 		 10.185876
b6 		 86 		 10.185876
b6 		 87 		 10.185876
b6 		 88 		 10.185876
b6 		 89 		 9.614507
b6 		 90 		 9.614507
b6 		 91 		 9.614507
b6 		 92 		 9.614507
b6 		 93 		 9.614507
b6 		 94 		 9.614507
b6 		 95 		 9.614507
b6 		 96 		 9.614507
----------------------------------------------------------------------------------------------------
b7 		 1 		 9.614507
b7 		 2 		 9.614507
b7 		 3 		 9.614507
b7 		 4 		 9.614507
b7 		 5 		 9.408671
b7 		 6 		 9.408671
b7 		 7 		 9.408671
b7 		 8 		 9.408671
b7 		 9 		 9.408671
b7 		 10 		 9.408671
b7 		 11 		 9.408671
b7 		 12 		 9.408671
b7 		 13 		 9.408671
b7 		 14 		 9.408671
b7 		 15 		 9.408671
b7 		 16 		 9.408671
b7 		 17 		 9.408671
b7 		 18 		 9.408671
b7 		 19 		 9.408671
b7 		 20 		 9.408671
b7 		 21 		 9.408671
b7 		 22 		 9.408671
b7 		 23 		 9.408671
b7 		 24 		 9.408671
b7 		 25 		 9.614507
b7 		 26 		 9.614507
b7 		 27 		 9.614507
b7 		 28 		 9.614507
b7 		 29 		 9.614507
b7 		 30 		 9.614507
b7 		 31 		 9.614507
b7 		 32 		 9.614507
b7 		 33 		 9.614507
b7 		 34 		 9.614507
b7 		 35 		 9.614507
b7 		 36 		 9.614507
b7 		 37 		 9.614507
b7 		 38 		 9.614507
b7 		 39 		 9.614507
b7 		 40 		 9.614507
b7 		 41 		 9.614507
b7 		 42 		 9.614507
b7 		 43 		 9.614507
b7 		 44 		 9.614507
b7 		 45 		 10.185876
b7 		 46 		 10.185876
b7 		 47 		 10.185876
b7 		 48 		 10.185876
b7 		 49 		 10.185876
b7 		 50 		 10.185876
b7 		 51 		 10.185876
b7 		 52 		 10.185876
b7 		 53 		 11.493892
b7 		 54 		 11.493892
b7 		 55 		 11.493892
b7 		 56 		 11.493892
b7 		 57 		 11.493892
b7 		 58 		 11.493892
b7 		 59 		 11.493892
b7 		 60 		 11.493892
b7 		 61 		 11.493892
b7 		 62 		 11.493892
b7 		 63 		 11.493892
b7 		 64 		 11.493892
b7 		 65 		 11.493892
b7 		 66 		 11.493892
b7 		 67 		 11.493892
b7 		 68 		 11.493892
b7 		 69 		 11.493892
b7 		 70 		 11.493892
b7 		 71 		 11.493892
b7 		 72 		 11.493892
b7 		 73 		 11.493892
b7 		 74 		 11.493892
b7 		 75 		 11.493892
b7 		 76 		 11.493892
b7 		 77 		 11.493892
b7 		 78 		 11.493892
b7 		 79 		 11.493892
b7 		 80 		 10.185876
b7 		 81 		 10.185876
b7 		 82 		 10.185876
b7 		 83 		 10.185876
b7 		 84 		 10.185876
b7 		 85 		 10.185876
b7 		 86 		 10.185876
b7 		 87 		 10.185876
b7 		 88 		 10.185876
b7 		 89 		 9.614507
b7 		 90 		 9.614507
b7 		 91 		 9.614507
b7 		 92 		 9.614507
b7 		 93 		 9.614507
b7 		 94 		 9.614507
b7 		 95 		 9.614507
b7 		 96 		 9.614507
----------------------------------------------------------------------------------------------------
b8 		 1 		 9.614507
b8 		 2 		 9.614507
b8 		 3 		 9.614507
b8 		 4 		 9.614507
b8 		 5 		 9.408671
b8 		 6 		 9.408671
b8 		 7 		 9.408671
b8 		 8 		 9.408671
b8 		 9 		 9.408671
b8 		 10 		 9.408671
b8 		 11 		 9.408671
b8 		 12 		 9.408671
b8 		 13 		 9.408671
b8 		 14 		 9.408671
b8 		 15 		 9.408671
b8 		 16 		 9.408671
b8 		 17 		 9.408671
b8 		 18 		 9.408671
b8 		 19 		 9.408671
b8 		 20 		 9.408671
b8 		 21 		 9.408671
b8 		 22 		 9.408671
b8 		 23 		 9.408671
b8 		 24 		 9.408671
b8 		 25 		 9.614507
b8 		 26 		 9.614507
b8 		 27 		 9.614507
b8 		 28 		 9.614507
b8 		 29 		 9.614507
b8 		 30 		 9.614507
b8 		 31 		 9.614507
b8 		 32 		 9.614507
b8 		 33 		 9.614507
b8 		 34 		 9.614507
b8 		 35 		 9.614507
b8 		 36 		 9.614507
b8 		 37 		 9.614507
b8 		 38 		 9.614507
b8 		 39 		 9.614507
b8 		 40 		 9.614507
b8 		 41 		 9.614507
b8 		 42 		 9.614507
b8 		 43 		 9.614507
b8 		 44 		 9.614507
b8 		 45 		 10.185876
b8 		 46 		 10.185876
b8 		 47 		 10.185876
b8 		 48 		 10.185876
b8 		 49 		 10.185876
b8 		 50 		 10.185876
b8 		 51 		 10.185876
b8 		 52 		 10.185876
b8 		 53 		 11.493892
b8 		 54 		 11.493892
b8 		 55 		 11.493892
b8 		 56 		 11.493892
b8 		 57 		 11.493892
b8 		 58 		 11.493892
b8 		 59 		 11.493892
b8 		 60 		 11.493892
b8 		 61 		 11.493892
b8 		 62 		 11.493892
b8 		 63 		 11.493892
b8 		 64 		 11.493892
b8 		 65 		 11.493892
b8 		 66 		 11.493892
b8 		 67 		 11.493892
b8 		 68 		 11.493892
b8 		 69 		 11.493892
b8 		 70 		 11.493892
b8 		 71 		 11.493892
b8 		 72 		 11.493892
b8 		 73 		 11.493892
b8 		 74 		 11.493892
b8 		 75 		 11.493892
b8 		 76 		 11.493892
b8 		 77 		 11.493892
b8 		 78 		 11.493892
b8 		 79 		 11.493892
b8 		 80 		 10.185876
b8 		 81 		 10.185876
b8 		 82 		 10.185876
b8 		 83 		 10.185876
b8 		 84 		 10.185876
b8 		 85 		 10.185876
b8 		 86 		 10.185876
b8 		 87 		 10.185876
b8 		 88 		 10.185876
b8 		 89 		 9.614507
b8 		 90 		 9.614507
b8 		 91 		 9.614507
b8 		 92 		 9.614507
b8 		 93 		 9.614507
b8 		 94 		 9.614507
b8 		 95 		 9.614507
b8 		 96 		 9.614507
----------------------------------------------------------------------------------------------------
b9 		 1 		 9.614507
b9 		 2 		 9.614507
b9 		 3 		 9.614507
b9 		 4 		 9.614507
b9 		 5 		 9.408671
b9 		 6 		 9.408671
b9 		 7 		 9.408671
b9 		 8 		 9.408671
b9 		 9 		 9.408671
b9 		 10 		 9.408671
b9 		 11 		 9.408671
b9 		 12 		 9.408671
b9 		 13 		 9.408671
b9 		 14 		 9.408671
b9 		 15 		 9.408671
b9 		 16 		 9.408671
b9 		 17 		 9.408671
b9 		 18 		 9.408671
b9 		 19 		 9.408671
b9 		 20 		 9.408671
b9 		 21 		 9.408671
b9 		 22 		 9.408671
b9 		 23 		 9.408671
b9 		 24 		 9.408671
b9 		 25 		 9.614507
b9 		 26 		 9.614507
b9 		 27 		 9.614507
b9 		 28 		 9.614507
b9 		 29 		 9.614507
b9 		 30 		 9.614507
b9 		 31 		 9.614507
b9 		 32 		 9.614507
b9 		 33 		 9.614507
b9 		 34 		 9.614507
b9 		 35 		 9.614507
b9 		 36 		 9.614507
b9 		 37 		 9.614507
b9 		 38 		 9.614507
b9 		 39 		 9.614507
b9 		 40 		 9.614507
b9 		 41 		 9.614507
b9 		 42 		 9.614507
b9 		 43 		 9.614507
b9 		 44 		 9.614507
b9 		 45 		 10.185876
b9 		 46 		 10.185876
b9 		 47 		 10.185876
b9 		 48 		 10.185876
b9 		 49 		 10.185876
b9 		 50 		 10.185876
b9 		 51 		 10.185876
b9 		 52 		 10.185876
b9 		 53 		 11.493892
b9 		 54 		 11.493892
b9 		 55 		 11.493892
b9 		 56 		 11.493892
b9 		 57 		 11.493892
b9 		 58 		 11.493892
b9 		 59 		 11.493892
b9 		 60 		 11.493892
b9 		 61 		 11.493892
b9 		 62 		 11.493892
b9 		 63 		 11.493892
b9 		 64 		 11.493892
b9 		 65 		 11.493892
b9 		 66 		 11.493892
b9 		 67 		 11.493892
b9 		 68 		 11.493892
b9 		 69 		 11.493892
b9 		 70 		 11.493892
b9 		 71 		 11.493892
b9 		 72 		 11.493892
b9 		 73 		 11.493892
b9 		 74 		 11.493892
b9 		 75 		 11.493892
b9 		 76 		 11.493892
b9 		 77 		 11.493892
b9 		 78 		 11.493892
b9 		 79 		 11.493892
b9 		 80 		 10.185876
b9 		 81 		 10.185876
b9 		 82 		 10.185876
b9 		 83 		 10.185876
b9 		 84 		 10.185876
b9 		 85 		 10.185876
b9 		 86 		 10.185876
b9 		 87 		 10.185876
b9 		 88 		 10.185876
b9 		 89 		 9.614507
b9 		 90 		 9.614507
b9 		 91 		 9.614507
b9 		 92 		 9.614507
b9 		 93 		 9.614507
b9 		 94 		 9.614507
b9 		 95 		 9.614507
b9 		 96 		 9.614507
----------------------------------------------------------------------------------------------------
b10 		 1 		 9.614507
b10 		 2 		 9.614507
b10 		 3 		 9.614507
b10 		 4 		 9.614507
b10 		 5 		 9.408671
b10 		 6 		 9.408671
b10 		 7 		 9.408671
b10 		 8 		 9.408671
b10 		 9 		 9.408671
b10 		 10 		 9.408671
b10 		 11 		 9.408671
b10 		 12 		 9.408671
b10 		 13 		 9.408671
b10 		 14 		 9.408671
b10 		 15 		 9.408671
b10 		 16 		 9.408671
b10 		 17 		 9.408671
b10 		 18 		 9.408671
b10 		 19 		 9.408671
b10 		 20 		 9.408671
b10 		 21 		 9.408671
b10 		 22 		 9.408671
b10 		 23 		 9.408671
b10 		 24 		 9.408671
b10 		 25 		 9.614507
b10 		 26 		 9.614507
b10 		 27 		 9.614507
b10 		 28 		 9.614507
b10 		 29 		 9.614507
b10 		 30 		 9.614507
b10 		 31 		 9.614507
b10 		 32 		 9.614507
b10 		 33 		 9.614507
b10 		 34 		 9.614507
b10 		 35 		 9.614507
b10 		 36 		 9.614507
b10 		 37 		 9.614507
b10 		 38 		 9.614507
b10 		 39 		 9.614507
b10 		 40 		 9.614507
b10 		 41 		 9.614507
b10 		 42 		 9.614507
b10 		 43 		 9.614507
b10 		 44 		 9.614507
b10 		 45 		 10.185876
b10 		 46 		 10.185876
b10 		 47 		 10.185876
b10 		 48 		 10.185876
b10 		 49 		 10.185876
b10 		 50 		 10.185876
b10 		 51 		 10.185876
b10 		 52 		 10.185876
b10 		 53 		 11.493892
b10 		 54 		 11.493892
b10 		 55 		 11.493892
b10 		 56 		 11.493892
b10 		 57 		 11.493892
b10 		 58 		 11.493892
b10 		 59 		 11.493892
b10 		 60 		 11.493892
b10 		 61 		 11.493892
b10 		 62 		 11.493892
b10 		 63 		 11.493892
b10 		 64 		 11.493892
b10 		 65 		 11.493892
b10 		 66 		 11.493892
b10 		 67 		 11.493892
b10 		 68 		 11.493892
b10 		 69 		 11.493892
b10 		 70 		 11.493892
b10 		 71 		 11.493892
b10 		 72 		 11.493892
b10 		 73 		 11.493892
b10 		 74 		 11.493892
b10 		 75 		 11.493892
b10 		 76 		 11.493892
b10 		 77 		 11.493892
b10 		 78 		 11.493892
b10 		 79 		 11.493892
b10 		 80 		 10.185876
b10 		 81 		 10.185876
b10 		 82 		 10.185876
b10 		 83 		 10.185876
b10 		 84 		 10.185876
b10 		 85 		 10.185876
b10 		 86 		 10.185876
b10 		 87 		 10.185876
b10 		 88 		 10.185876
b10 		 89 		 9.614507
b10 		 90 		 9.614507
b10 		 91 		 9.614507
b10 		 92 		 9.614507
b10 		 93 		 9.614507
b10 		 94 		 9.614507
b10 		 95 		 9.614507
b10 		 96 		 9.614507
----------------------------------------------------------------------------------------------------
b11 		 1 		 9.614507
b11 		 2 		 9.614507
b11 		 3 		 9.614507
b11 		 4 		 9.614507
b11 		 5 		 9.408671
b11 		 6 		 9.408671
b11 		 7 		 9.408671
b11 		 8 		 9.408671
b11 		 9 		 9.408671
b11 		 10 		 9.408671
b11 		 11 		 9.408671
b11 		 12 		 9.408671
b11 		 13 		 9.408671
b11 		 14 		 9.408671
b11 		 15 		 9.408671
b11 		 16 		 9.408671
b11 		 17 		 9.408671
b11 		 18 		 9.408671
b11 		 19 		 9.408671
b11 		 20 		 9.408671
b11 		 21 		 9.408671
b11 		 22 		 9.408671
b11 		 23 		 9.408671
b11 		 24 		 9.408671
b11 		 25 		 9.614507
b11 		 26 		 9.614507
b11 		 27 		 9.614507
b11 		 28 		 9.614507
b11 		 29 		 9.614507
b11 		 30 		 9.614507
b11 		 31 		 9.614507
b11 		 32 		 9.614507
b11 		 33 		 9.614507
b11 		 34 		 9.614507
b11 		 35 		 9.614507
b11 		 36 		 9.614507
b11 		 37 		 9.614507
b11 		 38 		 9.614507
b11 		 39 		 9.614507
b11 		 40 		 9.614507
b11 		 41 		 9.614507
b11 		 42 		 9.614507
b11 		 43 		 9.614507
b11 		 44 		 9.614507
b11 		 45 		 10.185876
b11 		 46 		 10.185876
b11 		 47 		 10.185876
b11 		 48 		 10.185876
b11 		 49 		 10.185876
b11 		 50 		 10.185876
b11 		 51 		 10.185876
b11 		 52 		 10.185876
b11 		 53 		 11.493892
b11 		 54 		 11.493892
b11 		 55 		 11.493892
b11 		 56 		 11.493892
b11 		 57 		 11.493892
b11 		 58 		 11.493892
b11 		 59 		 11.493892
b11 		 60 		 11.493892
b11 		 61 		 11.493892
b11 		 62 		 11.493892
b11 		 63 		 11.493892
b11 		 64 		 11.493892
b11 		 65 		 11.493892
b11 		 66 		 11.493892
b11 		 67 		 11.493892
b11 		 68 		 11.493892
b11 		 69 		 11.493892
b11 		 70 		 11.493892
b11 		 71 		 11.493892
b11 		 72 		 11.493892
b11 		 73 		 11.493892
b11 		 74 		 11.493892
b11 		 75 		 11.493892
b11 		 76 		 11.493892
b11 		 77 		 11.493892
b11 		 78 		 11.493892
b11 		 79 		 11.493892
b11 		 80 		 10.185876
b11 		 81 		 10.185876
b11 		 82 		 10.185876
b11 		 83 		 10.185876
b11 		 84 		 10.185876
b11 		 85 		 10.185876
b11 		 86 		 10.185876
b11 		 87 		 10.185876
b11 		 88 		 10.185876
b11 		 89 		 9.614507
b11 		 90 		 9.614507
b11 		 91 		 9.614507
b11 		 92 		 9.614507
b11 		 93 		 9.614507
b11 		 94 		 9.614507
b11 		 95 		 9.614507
b11 		 96 		 9.614507
----------------------------------------------------------------------------------------------------
b12 		 1 		 9.614507
b12 		 2 		 9.614507
b12 		 3 		 9.614507
b12 		 4 		 9.614507
b12 		 5 		 9.408671
b12 		 6 		 9.408671
b12 		 7 		 9.408671
b12 		 8 		 9.408671
b12 		 9 		 9.408671
b12 		 10 		 9.408671
b12 		 11 		 9.408671
b12 		 12 		 9.408671
b12 		 13 		 9.408671
b12 		 14 		 9.408671
b12 		 15 		 9.408671
b12 		 16 		 9.408671
b12 		 17 		 9.408671
b12 		 18 		 9.408671
b12 		 19 		 9.408671
b12 		 20 		 9.408671
b12 		 21 		 9.408671
b12 		 22 		 9.408671
b12 		 23 		 9.408671
b12 		 24 		 9.408671
b12 		 25 		 9.614507
b12 		 26 		 9.614507
b12 		 27 		 9.614507
b12 		 28 		 9.614507
b12 		 29 		 9.614507
b12 		 30 		 9.614507
b12 		 31 		 9.614507
b12 		 32 		 9.614507
b12 		 33 		 9.614507
b12 		 34 		 9.614507
b12 		 35 		 9.614507
b12 		 36 		 9.614507
b12 		 37 		 9.614507
b12 		 38 		 9.614507
b12 		 39 		 9.614507
b12 		 40 		 9.614507
b12 		 41 		 9.614507
b12 		 42 		 9.614507
b12 		 43 		 9.614507
b12 		 44 		 9.614507
b12 		 45 		 10.185876
b12 		 46 		 10.185876
b12 		 47 		 10.185876
b12 		 48 		 10.185876
b12 		 49 		 10.185876
b12 		 50 		 10.185876
b12 		 51 		 10.185876
b12 		 52 		 10.185876
b12 		 53 		 11.493892
b12 		 54 		 11.493892
b12 		 55 		 11.493892
b12 		 56 		 11.493892
b12 		 57 		 11.493892
b12 		 58 		 11.493892
b12 		 59 		 11.493892
b12 		 60 		 11.493892
b12 		 61 		 11.493892
b12 		 62 		 11.493892
b12 		 63 		 11.493892
b12 		 64 		 11.493892
b12 		 65 		 11.493892
b12 		 66 		 11.493892
b12 		 67 		 11.493892
b12 		 68 		 11.493892
b12 		 69 		 11.493892
b12 		 70 		 11.493892
b12 		 71 		 11.493892
b12 		 72 		 11.493892
b12 		 73 		 11.493892
b12 		 74 		 11.493892
b12 		 75 		 11.493892
b12 		 76 		 11.493892
b12 		 77 		 11.493892
b12 		 78 		 11.493892
b12 		 79 		 11.493892
b12 		 80 		 10.185876
b12 		 81 		 10.185876
b12 		 82 		 10.185876
b12 		 83 		 10.185876
b12 		 84 		 10.185876
b12 		 85 		 10.185876
b12 		 86 		 10.185876
b12 		 87 		 10.185876
b12 		 88 		 10.185876
b12 		 89 		 9.614507
b12 		 90 		 9.614507
b12 		 91 		 9.614507
b12 		 92 		 9.614507
b12 		 93 		 9.614507
b12 		 94 		 9.614507
b12 		 95 		 9.614507
b12 		 96 		 9.614507
----------------------------------------------------------------------------------------------------
b13 		 1 		 9.614507
b13 		 2 		 9.614507
b13 		 3 		 9.614507
b13 		 4 		 9.614507
b13 		 5 		 9.408671
b13 		 6 		 9.408671
b13 		 7 		 9.408671
b13 		 8 		 9.408671
b13 		 9 		 9.408671
b13 		 10 		 9.408671
b13 		 11 		 9.408671
b13 		 12 		 9.408671
b13 		 13 		 9.408671
b13 		 14 		 9.408671
b13 		 15 		 9.408671
b13 		 16 		 9.408671
b13 		 17 		 9.408671
b13 		 18 		 9.408671
b13 		 19 		 9.408671
b13 		 20 		 9.408671
b13 		 21 		 9.408671
b13 		 22 		 9.408671
b13 		 23 		 9.408671
b13 		 24 		 9.408671
b13 		 25 		 9.614507
b13 		 26 		 9.614507
b13 		 27 		 9.614507
b13 		 28 		 9.614507
b13 		 29 		 9.614507
b13 		 30 		 9.614507
b13 		 31 		 9.614507
b13 		 32 		 9.614507
b13 		 33 		 9.614507
b13 		 34 		 9.614507
b13 		 35 		 9.614507
b13 		 36 		 9.614507
b13 		 37 		 9.614507
b13 		 38 		 9.614507
b13 		 39 		 9.614507
b13 		 40 		 9.614507
b13 		 41 		 9.614507
b13 		 42 		 9.614507
b13 		 43 		 9.614507
b13 		 44 		 9.614507
b13 		 45 		 10.185876
b13 		 46 		 10.185876
b13 		 47 		 10.185876
b13 		 48 		 10.185876
b13 		 49 		 10.185876
b13 		 50 		 10.185876
b13 		 51 		 10.185876
b13 		 52 		 10.185876
b13 		 53 		 11.493892
b13 		 54 		 11.493892
b13 		 55 		 11.493892
b13 		 56 		 11.493892
b13 		 57 		 11.493892
b13 		 58 		 11.493892
b13 		 59 		 11.493892
b13 		 60 		 11.493892
b13 		 61 		 11.493892
b13 		 62 		 11.493892
b13 		 63 		 11.493892
b13 		 64 		 11.493892
b13 		 65 		 11.493892
b13 		 66 		 11.493892
b13 		 67 		 11.493892
b13 		 68 		 11.493892
b13 		 69 		 11.493892
b13 		 70 		 11.493892
b13 		 71 		 11.493892
b13 		 72 		 11.493892
b13 		 73 		 11.493892
b13 		 74 		 11.493892
b13 		 75 		 11.493892
b13 		 76 		 11.493892
b13 		 77 		 11.493892
b13 		 78 		 11.493892
b13 		 79 		 11.493892
b13 		 80 		 10.185876
b13 		 81 		 10.185876
b13 		 82 		 10.185876
b13 		 83 		 10.185876
b13 		 84 		 10.185876
b13 		 85 		 10.185876
b13 		 86 		 10.185876
b13 		 87 		 10.185876
b13 		 88 		 10.185876
b13 		 89 		 9.614507
b13 		 90 		 9.614507
b13 		 91 		 9.614507
b13 		 92 		 9.614507
b13 		 93 		 9.614507
b13 		 94 		 9.614507
b13 		 95 		 9.614507
b13 		 96 		 9.614507
----------------------------------------------------------------------------------------------------
b14 		 1 		 9.614507
b14 		 2 		 9.614507
b14 		 3 		 9.614507
b14 		 4 		 9.614507
b14 		 5 		 9.408671
b14 		 6 		 9.408671
b14 		 7 		 9.408671
b14 		 8 		 9.408671
b14 		 9 		 9.408671
b14 		 10 		 9.408671
b14 		 11 		 9.408671
b14 		 12 		 9.408671
b14 		 13 		 9.408671
b14 		 14 		 9.408671
b14 		 15 		 9.408671
b14 		 16 		 9.408671
b14 		 17 		 9.408671
b14 		 18 		 9.408671
b14 		 19 		 9.408671
b14 		 20 		 9.408671
b14 		 21 		 9.408671
b14 		 22 		 9.408671
b14 		 23 		 9.408671
b14 		 24 		 9.408671
b14 		 25 		 9.614507
b14 		 26 		 9.614507
b14 		 27 		 9.614507
b14 		 28 		 9.614507
b14 		 29 		 9.614507
b14 		 30 		 9.614507
b14 		 31 		 9.614507
b14 		 32 		 9.614507
b14 		 33 		 9.614507
b14 		 34 		 9.614507
b14 		 35 		 9.614507
b14 		 36 		 9.614507
b14 		 37 		 9.614507
b14 		 38 		 9.614507
b14 		 39 		 9.614507
b14 		 40 		 9.614507
b14 		 41 		 9.614507
b14 		 42 		 9.614507
b14 		 43 		 9.614507
b14 		 44 		 9.614507
b14 		 45 		 10.185876
b14 		 46 		 10.185876
b14 		 47 		 10.185876
b14 		 48 		 10.185876
b14 		 49 		 10.185876
b14 		 50 		 10.185876
b14 		 51 		 10.185876
b14 		 52 		 10.185876
b14 		 53 		 11.493892
b14 		 54 		 11.493892
b14 		 55 		 11.493892
b14 		 56 		 11.493892
b14 		 57 		 11.493892
b14 		 58 		 11.493892
b14 		 59 		 11.493892
b14 		 60 		 11.493892
b14 		 61 		 11.493892
b14 		 62 		 11.493892
b14 		 63 		 11.493892
b14 		 64 		 11.493892
b14 		 65 		 11.493892
b14 		 66 		 11.493892
b14 		 67 		 11.493892
b14 		 68 		 11.493892
b14 		 69 		 11.493892
b14 		 70 		 11.493892
b14 		 71 		 11.493892
b14 		 72 		 11.493892
b14 		 73 		 11.493892
b14 		 74 		 11.493892
b14 		 75 		 11.493892
b14 		 76 		 11.493892
b14 		 77 		 11.493892
b14 		 78 		 11.493892
b14 		 79 		 11.493892
b14 		 80 		 10.185876
b14 		 81 		 10.185876
b14 		 82 		 10.185876
b14 		 83 		 10.185876
b14 		 84 		 10.185876
b14 		 85 		 10.185876
b14 		 86 		 10.185876
b14 		 87 		 10.185876
b14 		 88 		 10.185876
b14 		 89 		 9.614507
b14 		 90 		 9.614507
b14 		 91 		 9.614507
b14 		 92 		 9.614507
b14 		 93 		 9.614507
b14 		 94 		 9.614507
b14 		 95 		 9.614507
b14 		 96 		 9.614507
----------------------------------------------------------------------------------------------------
Total overall payments
----------------------------------------------------------------------------------------------------------------------------------------------------
total generation payment 	 total up-FRP payment 	 total dw-FRP payment 	 total pre-up t. payment 	 uplift payment 	 total post-up t. payment 	 profit
----------------------------------------------------------------------------------------------------------------------------------------------------
346357.323612 			 0.0 			 0.0 			 346357.323612			 18220.132708 			 364577.45632 			 42151.78046800004
