****************************************************************************************************
 
Generation payment
----------------------------------------------------------------------------------------------------------------
unit	 time 	 generation payment 	 up-FRP payment 	 dw-FRP payment 	pre-up total payment
----------------------------------------------------------------------------------------------------------------
g1	 1 	 98.969764 			 0.0 			 0.0			 98.969764 
g1	 2 	 -232.63338 			 0.0 			 0.0			 -232.63338 
g1	 3 	 98.831229 			 0.0 			 0.0			 98.831229 
g1	 4 	 374.561339 			 0.0 			 0.0			 374.561339 
g1	 5 	 111.606643 			 0.0 			 0.0			 111.606643 
g1	 6 	 95.07081 			 0.0 			 0.0			 95.07081 
g1	 7 	 128.052191 			 0.0 			 0.0			 128.052191 
g1	 8 	 171.685985 			 0.0 			 0.0			 171.685985 
g1	 9 	 31.35751 			 0.0 			 0.0			 31.35751 
g1	 10 	 44.507624 			 0.0 			 0.0			 44.507624 
g1	 11 	 108.778481 			 0.0 			 0.0			 108.778481 
g1	 12 	 411.199437 			 0.0 			 0.0			 411.199437 
g1	 13 	 204.443374 			 0.0 			 0.0			 204.443374 
g1	 14 	 -20.759245 			 0.0 			 0.0			 -20.759245 
g1	 15 	 232.34587 			 0.0 			 0.0			 232.34587 
g1	 16 	 363.131957 			 0.0 			 0.0			 363.131957 
g1	 17 	 325.717812 			 0.0 			 0.0			 325.717812 
g1	 18 	 147.772784 			 0.0 			 0.0			 147.772784 
g1	 19 	 221.307335 			 0.0 			 0.0			 221.307335 
g1	 20 	 97.555518 			 0.0 			 0.0			 97.555518 
g1	 21 	 45.028846 			 0.0 			 0.0			 45.028846 
g1	 22 	 151.678625 			 0.0 			 0.0			 151.678625 
g1	 23 	 245.708995 			 0.0 			 0.0			 245.708995 
g1	 24 	 118.888409 			 0.0 			 0.0			 118.888409 
g1	 25 	 159.844266 			 0.0 			 0.0			 159.844266 
g1	 26 	 100.816074 			 0.0 			 0.0			 100.816074 
g1	 27 	 -63.765828 			 0.0 			 0.0			 -63.765828 
g1	 28 	 159.844266 			 0.0 			 0.0			 159.844266 
g1	 29 	 260.070693 			 0.0 			 0.0			 260.070693 
g1	 30 	 268.579446 			 0.0 			 0.0			 268.579446 
g1	 31 	 186.435194 			 0.0 			 0.0			 186.435194 
g1	 32 	 254.779878 			 0.0 			 0.0			 254.779878 
g1	 33 	 43.759429 			 0.0 			 0.0			 43.759429 
g1	 34 	 83.443614 			 0.0 			 0.0			 83.443614 
g1	 35 	 258.545573 			 0.0 			 0.0			 258.545573 
g1	 36 	 113.488804 			 0.0 			 0.0			 113.488804 
g1	 37 	 212.658348 			 0.0 			 0.0			 212.658348 
g1	 38 	 316.154545 			 0.0 			 0.0			 316.154545 
g1	 39 	 -163.998559 			 0.0 			 0.0			 -163.998559 
g1	 40 	 172.736242 			 0.0 			 0.0			 172.736242 
g1	 41 	 15.403084 			 0.0 			 0.0			 15.403084 
g1	 42 	 129.425292 			 0.0 			 0.0			 129.425292 
g1	 43 	 241.310463 			 0.0 			 0.0			 241.310463 
g1	 44 	 84.634726 			 0.0 			 0.0			 84.634726 
g1	 45 	 322.066775 			 0.0 			 0.0			 322.066775 
g1	 46 	 -272.964747 			 0.0 			 0.0			 -272.964747 
g1	 47 	 276.549548 			 0.0 			 0.0			 276.549548 
g1	 48 	 52.206956 			 0.0 			 0.0			 52.206956 
g1	 49 	 75.547133 			 0.0 			 0.0			 75.547133 
g1	 50 	 172.152509 			 0.0 			 0.0			 172.152509 
g1	 51 	 85.277274 			 0.0 			 0.0			 85.277274 
g1	 52 	 3.463165 			 0.0 			 0.0			 3.463165 
g1	 53 	 200.487051 			 0.0 			 0.0			 200.487051 
g1	 54 	 25.662408 			 0.0 			 0.0			 25.662408 
g1	 55 	 172.152509 			 0.0 			 0.0			 172.152509 
g1	 56 	 172.152509 			 0.0 			 0.0			 172.152509 
g1	 57 	 172.152509 			 0.0 			 0.0			 172.152509 
g1	 58 	 36.812226 			 0.0 			 0.0			 36.812226 
g1	 59 	 191.466021 			 0.0 			 0.0			 191.466021 
g1	 60 	 141.22034 			 0.0 			 0.0			 141.22034 
g1	 61 	 172.152509 			 0.0 			 0.0			 172.152509 
g1	 62 	 -199.87315 			 0.0 			 0.0			 -199.87315 
g1	 63 	 203.916166 			 0.0 			 0.0			 203.916166 
g1	 64 	 -190.226136 			 0.0 			 0.0			 -190.226136 
g1	 65 	 213.57293 			 0.0 			 0.0			 213.57293 
g1	 66 	 -46.126713 			 0.0 			 0.0			 -46.126713 
g1	 67 	 200.487051 			 0.0 			 0.0			 200.487051 
g1	 68 	 165.924859 			 0.0 			 0.0			 165.924859 
g1	 69 	 -99697.212121 			 0.0 			 0.0			 -99697.212121 
g1	 70 	 42252.75 			 0.0 			 0.0			 42252.75 
g1	 71 	 110.700953 			 0.0 			 0.0			 110.700953 
g1	 72 	 203.916166 			 0.0 			 0.0			 203.916166 
g1	 73 	 -217.186069 			 0.0 			 0.0			 -217.186069 
g1	 74 	 194.259418 			 0.0 			 0.0			 194.259418 
g1	 75 	 -52.429176 			 0.0 			 0.0			 -52.429176 
g1	 76 	 203.916166 			 0.0 			 0.0			 203.916166 
g1	 77 	 181.809257 			 0.0 			 0.0			 181.809257 
g1	 78 	 147.215937 			 0.0 			 0.0			 147.215937 
g1	 79 	 39.540756 			 0.0 			 0.0			 39.540756 
g1	 80 	 75.160995 			 0.0 			 0.0			 75.160995 
g1	 81 	 172.152509 			 0.0 			 0.0			 172.152509 
g1	 82 	 5.270509 			 0.0 			 0.0			 5.270509 
g1	 83 	 172.152509 			 0.0 			 0.0			 172.152509 
g1	 84 	 172.152509 			 0.0 			 0.0			 172.152509 
g1	 85 	 120.323382 			 0.0 			 0.0			 120.323382 
g1	 86 	 -142.28705 			 0.0 			 0.0			 -142.28705 
g1	 87 	 -27.47779 			 0.0 			 0.0			 -27.47779 
g1	 88 	 83.829915 			 0.0 			 0.0			 83.829915 
g1	 89 	 423.929967 			 0.0 			 0.0			 423.929967 
g1	 90 	 87.433779 			 0.0 			 0.0			 87.433779 
g1	 91 	 324.656625 			 0.0 			 0.0			 324.656625 
g1	 92 	 670.629102 			 0.0 			 0.0			 670.629102 
g1	 93 	 50.792979 			 0.0 			 0.0			 50.792979 
g1	 94 	 291.674424 			 0.0 			 0.0			 291.674424 
g1	 95 	 155.631409 			 0.0 			 0.0			 155.631409 
g1	 96 	 -43.19548 			 0.0 			 0.0			 -43.19548 
----------------------------------------------------------------------------------------------------
g2	 1 	 0.0 			 0.0 			 0.0			 0.0 
g2	 2 	 0.0 			 0.0 			 0.0			 0.0 
g2	 3 	 0.0 			 0.0 			 0.0			 0.0 
g2	 4 	 0.0 			 0.0 			 0.0			 0.0 
g2	 5 	 0.0 			 0.0 			 0.0			 0.0 
g2	 6 	 0.0 			 0.0 			 0.0			 0.0 
g2	 7 	 0.0 			 0.0 			 0.0			 0.0 
g2	 8 	 0.0 			 0.0 			 0.0			 0.0 
g2	 9 	 0.0 			 0.0 			 0.0			 0.0 
g2	 10 	 0.0 			 0.0 			 0.0			 0.0 
g2	 11 	 0.0 			 0.0 			 0.0			 0.0 
g2	 12 	 0.0 			 0.0 			 0.0			 0.0 
g2	 13 	 0.0 			 0.0 			 0.0			 0.0 
g2	 14 	 0.0 			 0.0 			 0.0			 0.0 
g2	 15 	 0.0 			 0.0 			 0.0			 0.0 
g2	 16 	 0.0 			 0.0 			 0.0			 0.0 
g2	 17 	 0.0 			 0.0 			 0.0			 0.0 
g2	 18 	 0.0 			 0.0 			 0.0			 0.0 
g2	 19 	 0.0 			 0.0 			 0.0			 0.0 
g2	 20 	 0.0 			 0.0 			 0.0			 0.0 
g2	 21 	 0.0 			 0.0 			 0.0			 0.0 
g2	 22 	 0.0 			 0.0 			 0.0			 0.0 
g2	 23 	 0.0 			 0.0 			 0.0			 0.0 
g2	 24 	 0.0 			 0.0 			 0.0			 0.0 
g2	 25 	 109.105839 			 0.0 			 0.0			 109.105839 
g2	 26 	 -93.304737 			 0.0 			 0.0			 -93.304737 
g2	 27 	 -93.304737 			 0.0 			 0.0			 -93.304737 
g2	 28 	 72.31022 			 0.0 			 0.0			 72.31022 
g2	 29 	 21.701904 			 0.0 			 0.0			 21.701904 
g2	 30 	 21.701904 			 0.0 			 0.0			 21.701904 
g2	 31 	 21.701904 			 0.0 			 0.0			 21.701904 
g2	 32 	 21.701904 			 0.0 			 0.0			 21.701904 
g2	 33 	 -6.684794 			 0.0 			 0.0			 -6.684794 
g2	 34 	 -6.684794 			 0.0 			 0.0			 -6.684794 
g2	 35 	 -6.684794 			 0.0 			 0.0			 -6.684794 
g2	 36 	 -6.684794 			 0.0 			 0.0			 -6.684794 
g2	 37 	 21.701904 			 0.0 			 0.0			 21.701904 
g2	 38 	 21.701904 			 0.0 			 0.0			 21.701904 
g2	 39 	 21.701904 			 0.0 			 0.0			 21.701904 
g2	 40 	 21.701904 			 0.0 			 0.0			 21.701904 
g2	 41 	 21.701904 			 0.0 			 0.0			 21.701904 
g2	 42 	 21.701904 			 0.0 			 0.0			 21.701904 
g2	 43 	 21.701904 			 0.0 			 0.0			 21.701904 
g2	 44 	 48.439646 			 0.0 			 0.0			 48.439646 
g2	 45 	 324.710743 			 0.0 			 0.0			 324.710743 
g2	 46 	 45.750495 			 0.0 			 0.0			 45.750495 
g2	 47 	 102.544707 			 0.0 			 0.0			 102.544707 
g2	 48 	 21.701904 			 0.0 			 0.0			 21.701904 
g2	 49 	 -44.173564 			 0.0 			 0.0			 -44.173564 
g2	 50 	 21.531526 			 0.0 			 0.0			 21.531526 
g2	 51 	 -44.173564 			 0.0 			 0.0			 -44.173564 
g2	 52 	 42.418186 			 0.0 			 0.0			 42.418186 
g2	 53 	 160.397043 			 0.0 			 0.0			 160.397043 
g2	 54 	 -84.737419 			 0.0 			 0.0			 -84.737419 
g2	 55 	 -126.632715 			 0.0 			 0.0			 -126.632715 
g2	 56 	 -19.65156 			 0.0 			 0.0			 -19.65156 
g2	 57 	 32.28996 			 0.0 			 0.0			 32.28996 
g2	 58 	 -175.502893 			 0.0 			 0.0			 -175.502893 
g2	 59 	 46.232443 			 0.0 			 0.0			 46.232443 
g2	 60 	 -175.502893 			 0.0 			 0.0			 -175.502893 
g2	 61 	 -3.347843 			 0.0 			 0.0			 -3.347843 
g2	 62 	 -166.668748 			 0.0 			 0.0			 -166.668748 
g2	 63 	 60.324707 			 0.0 			 0.0			 60.324707 
g2	 64 	 6.96049 			 0.0 			 0.0			 6.96049 
g2	 65 	 215.24535 			 0.0 			 0.0			 215.24535 
g2	 66 	 -50.971818 			 0.0 			 0.0			 -50.971818 
g2	 67 	 87.303403 			 0.0 			 0.0			 87.303403 
g2	 68 	 -147.018559 			 0.0 			 0.0			 -147.018559 
g2	 69 	 20499.206472 			 0.0 			 0.0			 20499.206472 
g2	 70 	 76557.75 			 0.0 			 0.0			 76557.75 
g2	 71 	 79.685995 			 0.0 			 0.0			 79.685995 
g2	 72 	 -10.460556 			 0.0 			 0.0			 -10.460556 
g2	 73 	 -77.85422 			 0.0 			 0.0			 -77.85422 
g2	 74 	 149.012597 			 0.0 			 0.0			 149.012597 
g2	 75 	 -12.471246 			 0.0 			 0.0			 -12.471246 
g2	 76 	 253.827396 			 0.0 			 0.0			 253.827396 
g2	 77 	 206.384503 			 0.0 			 0.0			 206.384503 
g2	 78 	 -30.27964 			 0.0 			 0.0			 -30.27964 
g2	 79 	 -68.493075 			 0.0 			 0.0			 -68.493075 
g2	 80 	 -68.493075 			 0.0 			 0.0			 -68.493075 
g2	 81 	 74.933151 			 0.0 			 0.0			 74.933151 
g2	 82 	 -25.412776 			 0.0 			 0.0			 -25.412776 
g2	 83 	 12.323749 			 0.0 			 0.0			 12.323749 
g2	 84 	 114.469924 			 0.0 			 0.0			 114.469924 
g2	 85 	 21.701904 			 0.0 			 0.0			 21.701904 
g2	 86 	 21.701904 			 0.0 			 0.0			 21.701904 
g2	 87 	 21.701904 			 0.0 			 0.0			 21.701904 
g2	 88 	 21.701904 			 0.0 			 0.0			 21.701904 
g2	 89 	 -257.560701 			 0.0 			 0.0			 -257.560701 
g2	 90 	 -257.560701 			 0.0 			 0.0			 -257.560701 
g2	 91 	 -257.560701 			 0.0 			 0.0			 -257.560701 
g2	 92 	 -257.560701 			 0.0 			 0.0			 -257.560701 
g2	 93 	 0.0 			 0.0 			 0.0			 0.0 
g2	 94 	 0.0 			 0.0 			 0.0			 0.0 
g2	 95 	 0.0 			 0.0 			 0.0			 0.0 
g2	 96 	 0.0 			 0.0 			 0.0			 0.0 
----------------------------------------------------------------------------------------------------
g3	 1 	 0.0 			 0.0 			 0.0			 0.0 
g3	 2 	 0.0 			 0.0 			 0.0			 0.0 
g3	 3 	 0.0 			 0.0 			 0.0			 0.0 
g3	 4 	 0.0 			 0.0 			 0.0			 0.0 
g3	 5 	 0.0 			 0.0 			 0.0			 0.0 
g3	 6 	 0.0 			 0.0 			 0.0			 0.0 
g3	 7 	 0.0 			 0.0 			 0.0			 0.0 
g3	 8 	 0.0 			 0.0 			 0.0			 0.0 
g3	 9 	 0.0 			 0.0 			 0.0			 0.0 
g3	 10 	 0.0 			 0.0 			 0.0			 0.0 
g3	 11 	 0.0 			 0.0 			 0.0			 0.0 
g3	 12 	 0.0 			 0.0 			 0.0			 0.0 
g3	 13 	 0.0 			 0.0 			 0.0			 0.0 
g3	 14 	 0.0 			 0.0 			 0.0			 0.0 
g3	 15 	 0.0 			 0.0 			 0.0			 0.0 
g3	 16 	 0.0 			 0.0 			 0.0			 0.0 
g3	 17 	 0.0 			 0.0 			 0.0			 0.0 
g3	 18 	 0.0 			 0.0 			 0.0			 0.0 
g3	 19 	 0.0 			 0.0 			 0.0			 0.0 
g3	 20 	 0.0 			 0.0 			 0.0			 0.0 
g3	 21 	 0.0 			 0.0 			 0.0			 0.0 
g3	 22 	 0.0 			 0.0 			 0.0			 0.0 
g3	 23 	 0.0 			 0.0 			 0.0			 0.0 
g3	 24 	 0.0 			 0.0 			 0.0			 0.0 
g3	 25 	 0.0 			 0.0 			 0.0			 0.0 
g3	 26 	 0.0 			 0.0 			 0.0			 0.0 
g3	 27 	 0.0 			 0.0 			 0.0			 0.0 
g3	 28 	 0.0 			 0.0 			 0.0			 0.0 
g3	 29 	 0.0 			 0.0 			 0.0			 0.0 
g3	 30 	 0.0 			 0.0 			 0.0			 0.0 
g3	 31 	 0.0 			 0.0 			 0.0			 0.0 
g3	 32 	 0.0 			 0.0 			 0.0			 0.0 
g3	 33 	 0.0 			 0.0 			 0.0			 0.0 
g3	 34 	 0.0 			 0.0 			 0.0			 0.0 
g3	 35 	 0.0 			 0.0 			 0.0			 0.0 
g3	 36 	 0.0 			 0.0 			 0.0			 0.0 
g3	 37 	 0.0 			 0.0 			 0.0			 0.0 
g3	 38 	 0.0 			 0.0 			 0.0			 0.0 
g3	 39 	 0.0 			 0.0 			 0.0			 0.0 
g3	 40 	 0.0 			 0.0 			 0.0			 0.0 
g3	 41 	 15.56631 			 0.0 			 0.0			 15.56631 
g3	 42 	 15.56631 			 0.0 			 0.0			 15.56631 
g3	 43 	 15.56631 			 0.0 			 0.0			 15.56631 
g3	 44 	 15.56631 			 0.0 			 0.0			 15.56631 
g3	 45 	 49.58384 			 0.0 			 0.0			 49.58384 
g3	 46 	 14.702139 			 0.0 			 0.0			 14.702139 
g3	 47 	 16.491381 			 0.0 			 0.0			 16.491381 
g3	 48 	 15.56631 			 0.0 			 0.0			 15.56631 
g3	 49 	 15.56631 			 0.0 			 0.0			 15.56631 
g3	 50 	 16.491381 			 0.0 			 0.0			 16.491381 
g3	 51 	 15.56631 			 0.0 			 0.0			 15.56631 
g3	 52 	 15.56631 			 0.0 			 0.0			 15.56631 
g3	 53 	 53.466642 			 0.0 			 0.0			 53.466642 
g3	 54 	 15.56631 			 0.0 			 0.0			 15.56631 
g3	 55 	 16.491381 			 0.0 			 0.0			 16.491381 
g3	 56 	 16.491381 			 0.0 			 0.0			 16.491381 
g3	 57 	 16.491381 			 0.0 			 0.0			 16.491381 
g3	 58 	 15.56631 			 0.0 			 0.0			 15.56631 
g3	 59 	 18.341523 			 0.0 			 0.0			 18.341523 
g3	 60 	 15.56631 			 0.0 			 0.0			 15.56631 
g3	 61 	 16.491381 			 0.0 			 0.0			 16.491381 
g3	 62 	 15.56631 			 0.0 			 0.0			 15.56631 
g3	 63 	 194.178825 			 0.0 			 0.0			 194.178825 
g3	 64 	 15.56631 			 0.0 			 0.0			 15.56631 
g3	 65 	 203.374463 			 0.0 			 0.0			 203.374463 
g3	 66 	 15.56631 			 0.0 			 0.0			 15.56631 
g3	 67 	 150.645584 			 0.0 			 0.0			 150.645584 
g3	 68 	 15.894803 			 0.0 			 0.0			 15.894803 
g3	 69 	 18349.949472 			 0.0 			 0.0			 18349.949472 
g3	 70 	 54735.3175 			 0.0 			 0.0			 54735.3175 
g3	 71 	 71.331248 			 0.0 			 0.0			 71.331248 
g3	 72 	 194.178825 			 0.0 			 0.0			 194.178825 
g3	 73 	 15.56631 			 0.0 			 0.0			 15.56631 
g3	 74 	 18.609117 			 0.0 			 0.0			 18.609117 
g3	 75 	 15.56631 			 0.0 			 0.0			 15.56631 
g3	 76 	 194.178825 			 0.0 			 0.0			 194.178825 
g3	 77 	 17.416451 			 0.0 			 0.0			 17.416451 
g3	 78 	 15.56631 			 0.0 			 0.0			 15.56631 
g3	 79 	 15.56631 			 0.0 			 0.0			 15.56631 
g3	 80 	 15.56631 			 0.0 			 0.0			 15.56631 
g3	 81 	 16.491381 			 0.0 			 0.0			 16.491381 
g3	 82 	 15.56631 			 0.0 			 0.0			 15.56631 
g3	 83 	 16.491381 			 0.0 			 0.0			 16.491381 
g3	 84 	 16.491381 			 0.0 			 0.0			 16.491381 
g3	 85 	 10.848404 			 0.0 			 0.0			 10.848404 
g3	 86 	 10.848404 			 0.0 			 0.0			 10.848404 
g3	 87 	 10.848404 			 0.0 			 0.0			 10.848404 
g3	 88 	 10.848404 			 0.0 			 0.0			 10.848404 
g3	 89 	 0.0 			 0.0 			 0.0			 0.0 
g3	 90 	 0.0 			 0.0 			 0.0			 0.0 
g3	 91 	 0.0 			 0.0 			 0.0			 0.0 
g3	 92 	 0.0 			 0.0 			 0.0			 0.0 
g3	 93 	 0.0 			 0.0 			 0.0			 0.0 
g3	 94 	 0.0 			 0.0 			 0.0			 0.0 
g3	 95 	 0.0 			 0.0 			 0.0			 0.0 
g3	 96 	 0.0 			 0.0 			 0.0			 0.0 
----------------------------------------------------------------------------------------------------
g4	 1 	 0.0 			 0.0 			 0.0			 0.0 
g4	 2 	 0.0 			 0.0 			 0.0			 0.0 
g4	 3 	 0.0 			 0.0 			 0.0			 0.0 
g4	 4 	 0.0 			 0.0 			 0.0			 0.0 
g4	 5 	 0.0 			 0.0 			 0.0			 0.0 
g4	 6 	 0.0 			 0.0 			 0.0			 0.0 
g4	 7 	 0.0 			 0.0 			 0.0			 0.0 
g4	 8 	 0.0 			 0.0 			 0.0			 0.0 
g4	 9 	 0.0 			 0.0 			 0.0			 0.0 
g4	 10 	 0.0 			 0.0 			 0.0			 0.0 
g4	 11 	 0.0 			 0.0 			 0.0			 0.0 
g4	 12 	 0.0 			 0.0 			 0.0			 0.0 
g4	 13 	 0.0 			 0.0 			 0.0			 0.0 
g4	 14 	 0.0 			 0.0 			 0.0			 0.0 
g4	 15 	 0.0 			 0.0 			 0.0			 0.0 
g4	 16 	 0.0 			 0.0 			 0.0			 0.0 
g4	 17 	 0.0 			 0.0 			 0.0			 0.0 
g4	 18 	 0.0 			 0.0 			 0.0			 0.0 
g4	 19 	 0.0 			 0.0 			 0.0			 0.0 
g4	 20 	 0.0 			 0.0 			 0.0			 0.0 
g4	 21 	 0.0 			 0.0 			 0.0			 0.0 
g4	 22 	 0.0 			 0.0 			 0.0			 0.0 
g4	 23 	 0.0 			 0.0 			 0.0			 0.0 
g4	 24 	 0.0 			 0.0 			 0.0			 0.0 
g4	 25 	 0.0 			 0.0 			 0.0			 0.0 
g4	 26 	 0.0 			 0.0 			 0.0			 0.0 
g4	 27 	 0.0 			 0.0 			 0.0			 0.0 
g4	 28 	 0.0 			 0.0 			 0.0			 0.0 
g4	 29 	 0.0 			 0.0 			 0.0			 0.0 
g4	 30 	 0.0 			 0.0 			 0.0			 0.0 
g4	 31 	 0.0 			 0.0 			 0.0			 0.0 
g4	 32 	 0.0 			 0.0 			 0.0			 0.0 
g4	 33 	 0.0 			 0.0 			 0.0			 0.0 
g4	 34 	 0.0 			 0.0 			 0.0			 0.0 
g4	 35 	 0.0 			 0.0 			 0.0			 0.0 
g4	 36 	 0.0 			 0.0 			 0.0			 0.0 
g4	 37 	 0.0 			 0.0 			 0.0			 0.0 
g4	 38 	 0.0 			 0.0 			 0.0			 0.0 
g4	 39 	 0.0 			 0.0 			 0.0			 0.0 
g4	 40 	 0.0 			 0.0 			 0.0			 0.0 
g4	 41 	 0.0 			 0.0 			 0.0			 0.0 
g4	 42 	 0.0 			 0.0 			 0.0			 0.0 
g4	 43 	 0.0 			 0.0 			 0.0			 0.0 
g4	 44 	 0.0 			 0.0 			 0.0			 0.0 
g4	 45 	 0.0 			 0.0 			 0.0			 0.0 
g4	 46 	 0.0 			 0.0 			 0.0			 0.0 
g4	 47 	 0.0 			 0.0 			 0.0			 0.0 
g4	 48 	 0.0 			 0.0 			 0.0			 0.0 
g4	 49 	 0.0 			 0.0 			 0.0			 0.0 
g4	 50 	 0.0 			 0.0 			 0.0			 0.0 
g4	 51 	 0.0 			 0.0 			 0.0			 0.0 
g4	 52 	 0.0 			 0.0 			 0.0			 0.0 
g4	 53 	 0.0 			 0.0 			 0.0			 0.0 
g4	 54 	 0.0 			 0.0 			 0.0			 0.0 
g4	 55 	 0.0 			 0.0 			 0.0			 0.0 
g4	 56 	 0.0 			 0.0 			 0.0			 0.0 
g4	 57 	 0.0 			 0.0 			 0.0			 0.0 
g4	 58 	 0.0 			 0.0 			 0.0			 0.0 
g4	 59 	 0.0 			 0.0 			 0.0			 0.0 
g4	 60 	 0.0 			 0.0 			 0.0			 0.0 
g4	 61 	 0.0 			 0.0 			 0.0			 0.0 
g4	 62 	 0.0 			 0.0 			 0.0			 0.0 
g4	 63 	 0.0 			 0.0 			 0.0			 0.0 
g4	 64 	 0.0 			 0.0 			 0.0			 0.0 
g4	 65 	 0.0 			 0.0 			 0.0			 0.0 
g4	 66 	 0.0 			 0.0 			 0.0			 0.0 
g4	 67 	 0.0 			 0.0 			 0.0			 0.0 
g4	 68 	 0.0 			 0.0 			 0.0			 0.0 
g4	 69 	 0.0 			 0.0 			 0.0			 0.0 
g4	 70 	 0.0 			 0.0 			 0.0			 0.0 
g4	 71 	 0.0 			 0.0 			 0.0			 0.0 
g4	 72 	 0.0 			 0.0 			 0.0			 0.0 
g4	 73 	 0.0 			 0.0 			 0.0			 0.0 
g4	 74 	 0.0 			 0.0 			 0.0			 0.0 
g4	 75 	 0.0 			 0.0 			 0.0			 0.0 
g4	 76 	 0.0 			 0.0 			 0.0			 0.0 
g4	 77 	 0.0 			 0.0 			 0.0			 0.0 
g4	 78 	 0.0 			 0.0 			 0.0			 0.0 
g4	 79 	 0.0 			 0.0 			 0.0			 0.0 
g4	 80 	 0.0 			 0.0 			 0.0			 0.0 
g4	 81 	 0.0 			 0.0 			 0.0			 0.0 
g4	 82 	 0.0 			 0.0 			 0.0			 0.0 
g4	 83 	 0.0 			 0.0 			 0.0			 0.0 
g4	 84 	 0.0 			 0.0 			 0.0			 0.0 
g4	 85 	 0.0 			 0.0 			 0.0			 0.0 
g4	 86 	 0.0 			 0.0 			 0.0			 0.0 
g4	 87 	 0.0 			 0.0 			 0.0			 0.0 
g4	 88 	 0.0 			 0.0 			 0.0			 0.0 
g4	 89 	 0.0 			 0.0 			 0.0			 0.0 
g4	 90 	 0.0 			 0.0 			 0.0			 0.0 
g4	 91 	 0.0 			 0.0 			 0.0			 0.0 
g4	 92 	 0.0 			 0.0 			 0.0			 0.0 
g4	 93 	 0.0 			 0.0 			 0.0			 0.0 
g4	 94 	 0.0 			 0.0 			 0.0			 0.0 
g4	 95 	 0.0 			 0.0 			 0.0			 0.0 
g4	 96 	 0.0 			 0.0 			 0.0			 0.0 
----------------------------------------------------------------------------------------------------
g5	 1 	 0.0 			 0.0 			 0.0			 0.0 
g5	 2 	 0.0 			 0.0 			 0.0			 0.0 
g5	 3 	 0.0 			 0.0 			 0.0			 0.0 
g5	 4 	 0.0 			 0.0 			 0.0			 0.0 
g5	 5 	 0.0 			 0.0 			 0.0			 0.0 
g5	 6 	 0.0 			 0.0 			 0.0			 0.0 
g5	 7 	 0.0 			 0.0 			 0.0			 0.0 
g5	 8 	 0.0 			 0.0 			 0.0			 0.0 
g5	 9 	 0.0 			 0.0 			 0.0			 0.0 
g5	 10 	 0.0 			 0.0 			 0.0			 0.0 
g5	 11 	 0.0 			 0.0 			 0.0			 0.0 
g5	 12 	 0.0 			 0.0 			 0.0			 0.0 
g5	 13 	 0.0 			 0.0 			 0.0			 0.0 
g5	 14 	 0.0 			 0.0 			 0.0			 0.0 
g5	 15 	 0.0 			 0.0 			 0.0			 0.0 
g5	 16 	 0.0 			 0.0 			 0.0			 0.0 
g5	 17 	 0.0 			 0.0 			 0.0			 0.0 
g5	 18 	 0.0 			 0.0 			 0.0			 0.0 
g5	 19 	 0.0 			 0.0 			 0.0			 0.0 
g5	 20 	 0.0 			 0.0 			 0.0			 0.0 
g5	 21 	 0.0 			 0.0 			 0.0			 0.0 
g5	 22 	 0.0 			 0.0 			 0.0			 0.0 
g5	 23 	 0.0 			 0.0 			 0.0			 0.0 
g5	 24 	 0.0 			 0.0 			 0.0			 0.0 
g5	 25 	 0.0 			 0.0 			 0.0			 0.0 
g5	 26 	 0.0 			 0.0 			 0.0			 0.0 
g5	 27 	 0.0 			 0.0 			 0.0			 0.0 
g5	 28 	 0.0 			 0.0 			 0.0			 0.0 
g5	 29 	 0.0 			 0.0 			 0.0			 0.0 
g5	 30 	 0.0 			 0.0 			 0.0			 0.0 
g5	 31 	 0.0 			 0.0 			 0.0			 0.0 
g5	 32 	 0.0 			 0.0 			 0.0			 0.0 
g5	 33 	 0.0 			 0.0 			 0.0			 0.0 
g5	 34 	 0.0 			 0.0 			 0.0			 0.0 
g5	 35 	 0.0 			 0.0 			 0.0			 0.0 
g5	 36 	 0.0 			 0.0 			 0.0			 0.0 
g5	 37 	 0.0 			 0.0 			 0.0			 0.0 
g5	 38 	 0.0 			 0.0 			 0.0			 0.0 
g5	 39 	 0.0 			 0.0 			 0.0			 0.0 
g5	 40 	 0.0 			 0.0 			 0.0			 0.0 
g5	 41 	 0.0 			 0.0 			 0.0			 0.0 
g5	 42 	 0.0 			 0.0 			 0.0			 0.0 
g5	 43 	 0.0 			 0.0 			 0.0			 0.0 
g5	 44 	 0.0 			 0.0 			 0.0			 0.0 
g5	 45 	 0.0 			 0.0 			 0.0			 0.0 
g5	 46 	 0.0 			 0.0 			 0.0			 0.0 
g5	 47 	 0.0 			 0.0 			 0.0			 0.0 
g5	 48 	 0.0 			 0.0 			 0.0			 0.0 
g5	 49 	 0.0 			 0.0 			 0.0			 0.0 
g5	 50 	 0.0 			 0.0 			 0.0			 0.0 
g5	 51 	 0.0 			 0.0 			 0.0			 0.0 
g5	 52 	 0.0 			 0.0 			 0.0			 0.0 
g5	 53 	 0.0 			 0.0 			 0.0			 0.0 
g5	 54 	 0.0 			 0.0 			 0.0			 0.0 
g5	 55 	 0.0 			 0.0 			 0.0			 0.0 
g5	 56 	 0.0 			 0.0 			 0.0			 0.0 
g5	 57 	 0.0 			 0.0 			 0.0			 0.0 
g5	 58 	 0.0 			 0.0 			 0.0			 0.0 
g5	 59 	 0.0 			 0.0 			 0.0			 0.0 
g5	 60 	 0.0 			 0.0 			 0.0			 0.0 
g5	 61 	 0.0 			 0.0 			 0.0			 0.0 
g5	 62 	 0.0 			 0.0 			 0.0			 0.0 
g5	 63 	 0.0 			 0.0 			 0.0			 0.0 
g5	 64 	 0.0 			 0.0 			 0.0			 0.0 
g5	 65 	 0.0 			 0.0 			 0.0			 0.0 
g5	 66 	 0.0 			 0.0 			 0.0			 0.0 
g5	 67 	 0.0 			 0.0 			 0.0			 0.0 
g5	 68 	 0.0 			 0.0 			 0.0			 0.0 
g5	 69 	 0.0 			 0.0 			 0.0			 0.0 
g5	 70 	 0.0 			 0.0 			 0.0			 0.0 
g5	 71 	 0.0 			 0.0 			 0.0			 0.0 
g5	 72 	 0.0 			 0.0 			 0.0			 0.0 
g5	 73 	 0.0 			 0.0 			 0.0			 0.0 
g5	 74 	 0.0 			 0.0 			 0.0			 0.0 
g5	 75 	 0.0 			 0.0 			 0.0			 0.0 
g5	 76 	 0.0 			 0.0 			 0.0			 0.0 
g5	 77 	 0.0 			 0.0 			 0.0			 0.0 
g5	 78 	 0.0 			 0.0 			 0.0			 0.0 
g5	 79 	 0.0 			 0.0 			 0.0			 0.0 
g5	 80 	 0.0 			 0.0 			 0.0			 0.0 
g5	 81 	 0.0 			 0.0 			 0.0			 0.0 
g5	 82 	 0.0 			 0.0 			 0.0			 0.0 
g5	 83 	 0.0 			 0.0 			 0.0			 0.0 
g5	 84 	 0.0 			 0.0 			 0.0			 0.0 
g5	 85 	 0.0 			 0.0 			 0.0			 0.0 
g5	 86 	 0.0 			 0.0 			 0.0			 0.0 
g5	 87 	 0.0 			 0.0 			 0.0			 0.0 
g5	 88 	 0.0 			 0.0 			 0.0			 0.0 
g5	 89 	 0.0 			 0.0 			 0.0			 0.0 
g5	 90 	 0.0 			 0.0 			 0.0			 0.0 
g5	 91 	 0.0 			 0.0 			 0.0			 0.0 
g5	 92 	 0.0 			 0.0 			 0.0			 0.0 
g5	 93 	 0.0 			 0.0 			 0.0			 0.0 
g5	 94 	 0.0 			 0.0 			 0.0			 0.0 
g5	 95 	 0.0 			 0.0 			 0.0			 0.0 
g5	 96 	 0.0 			 0.0 			 0.0			 0.0 
----------------------------------------------------------------------------------------------------------------
unit 	 generation payment 	 up-FRP payment 	 dw-FRP payment 	pre-up total payment
----------------------------------------------------------------------------------------------------------------
 g1 	 -45284.683255			 0.000000			 0.000000			 -45284.683255
 g2 	 97094.951391			 0.000000			 0.000000			 97094.951391
 g3 	 74784.311502			 0.000000			 0.000000			 74784.311502
 g4 	 0.000000			 0.000000			 0.000000			 0.000000
 g5 	 0.000000			 0.000000			 0.000000			 0.000000
----------------------------------------------------------------------------------------------------
generation payment 	 up-FRP payment 	 dw-FRP payment 	 pre-up total payment
----------------------------------------------------------------------------------------------------
126594.579638 			 0.0 			 0.0 			 126594.579638
 
****************************************************************************************************
 
Generation costs
----------------------------------------------------------------------------------------------------
unit	 time 	 generation cost 	 start-up cost  	total cost
----------------------------------------------------------------------------------------------------
g1	 1 	 2329.683199 			 0.0 			2329.683199
g1	 2 	 1999.843567 			 0.0 			1999.843567
g1	 3 	 2329.544663 			 0.0 			2329.544663
g1	 4 	 2605.274783 			 0.0 			2605.274783
g1	 5 	 2221.944928 			 0.0 			2221.944928
g1	 6 	 2205.409094 			 0.0 			2205.409094
g1	 7 	 2238.390477 			 0.0 			2238.390477
g1	 8 	 2282.024271 			 0.0 			2282.024271
g1	 9 	 2028.566874 			 0.0 			2028.566874
g1	 10 	 2041.716992 			 0.0 			2041.716992
g1	 11 	 2105.987847 			 0.0 			2105.987847
g1	 12 	 2401.498277 			 0.0 			2401.498277
g1	 13 	 2144.790777 			 0.0 			2144.790777
g1	 14 	 1919.588153 			 0.0 			1919.588153
g1	 15 	 2172.693271 			 0.0 			2172.693271
g1	 16 	 2303.47936 			 0.0 			2303.47936
g1	 17 	 2280.939389 			 0.0 			2280.939389
g1	 18 	 2102.994357 			 0.0 			2102.994357
g1	 19 	 2176.528908 			 0.0 			2176.528908
g1	 20 	 2052.77709 			 0.0 			2052.77709
g1	 21 	 2127.828895 			 0.0 			2127.828895
g1	 22 	 2234.478672 			 0.0 			2234.478672
g1	 23 	 2323.471007 			 0.0 			2323.471007
g1	 24 	 2201.688454 			 0.0 			2201.688454
g1	 25 	 2313.086426 			 0.0 			2313.086426
g1	 26 	 2254.88561 			 0.0 			2254.88561
g1	 27 	 2090.303702 			 0.0 			2090.303702
g1	 28 	 2313.086426 			 0.0 			2313.086426
g1	 29 	 2420.845914 			 0.0 			2420.845914
g1	 30 	 2429.354673 			 0.0 			2429.354673
g1	 31 	 2347.210413 			 0.0 			2347.210413
g1	 32 	 2415.555101 			 0.0 			2415.555101
g1	 33 	 2396.498902 			 0.0 			2396.498902
g1	 34 	 2436.18309 			 0.0 			2436.18309
g1	 35 	 2611.285052 			 0.0 			2611.285052
g1	 36 	 2466.228275 			 0.0 			2466.228275
g1	 37 	 2796.590726 			 0.0 			2796.590726
g1	 38 	 2900.08693 			 0.0 			2900.08693
g1	 39 	 2419.933811 			 0.0 			2419.933811
g1	 40 	 2756.668622 			 0.0 			2756.668622
g1	 41 	 2629.075271 			 0.0 			2629.075271
g1	 42 	 2743.097485 			 0.0 			2743.097485
g1	 43 	 2854.982662 			 0.0 			2854.982662
g1	 44 	 2698.306914 			 0.0 			2698.306914
g1	 45 	 3058.233409 			 0.0 			3058.233409
g1	 46 	 2508.187447 			 0.0 			2508.187447
g1	 47 	 3058.233409 			 0.0 			3058.233409
g1	 48 	 2849.40365 			 0.0 			2849.40365
g1	 49 	 2971.284795 			 0.0 			2971.284795
g1	 50 	 3058.233409 			 0.0 			3058.233409
g1	 51 	 2981.014935 			 0.0 			2981.014935
g1	 52 	 2899.200826 			 0.0 			2899.200826
g1	 53 	 3058.233409 			 0.0 			3058.233409
g1	 54 	 2921.40007 			 0.0 			2921.40007
g1	 55 	 3058.233409 			 0.0 			3058.233409
g1	 56 	 3058.233409 			 0.0 			3058.233409
g1	 57 	 3058.233409 			 0.0 			3058.233409
g1	 58 	 2932.54989 			 0.0 			2932.54989
g1	 59 	 3058.233409 			 0.0 			3058.233409
g1	 60 	 3036.958009 			 0.0 			3036.958009
g1	 61 	 3058.233409 			 0.0 			3058.233409
g1	 62 	 2695.864507 			 0.0 			2695.864507
g1	 63 	 3058.233409 			 0.0 			3058.233409
g1	 64 	 2705.511522 			 0.0 			2705.511522
g1	 65 	 3058.233409 			 0.0 			3058.233409
g1	 66 	 2849.610943 			 0.0 			2849.610943
g1	 67 	 3058.233409 			 0.0 			3058.233409
g1	 68 	 3058.233409 			 0.0 			3058.233409
g1	 69 	 2508.187447 			 0.0 			2508.187447
g1	 70 	 3058.233409 			 0.0 			3058.233409
g1	 71 	 3006.438621 			 0.0 			3006.438621
g1	 72 	 3058.233409 			 0.0 			3058.233409
g1	 73 	 2678.551581 			 0.0 			2678.551581
g1	 74 	 3058.233409 			 0.0 			3058.233409
g1	 75 	 2843.308485 			 0.0 			2843.308485
g1	 76 	 3058.233409 			 0.0 			3058.233409
g1	 77 	 3058.233409 			 0.0 			3058.233409
g1	 78 	 3042.953606 			 0.0 			3042.953606
g1	 79 	 2935.278419 			 0.0 			2935.278419
g1	 80 	 2970.898659 			 0.0 			2970.898659
g1	 81 	 3058.233409 			 0.0 			3058.233409
g1	 82 	 2901.008174 			 0.0 			2901.008174
g1	 83 	 3058.233409 			 0.0 			3058.233409
g1	 84 	 3058.233409 			 0.0 			3058.233409
g1	 85 	 2822.820379 			 0.0 			2822.820379
g1	 86 	 2560.209941 			 0.0 			2560.209941
g1	 87 	 2675.019202 			 0.0 			2675.019202
g1	 88 	 2786.326912 			 0.0 			2786.326912
g1	 89 	 2722.780655 			 0.0 			2722.780655
g1	 90 	 2386.284453 			 0.0 			2386.284453
g1	 91 	 2623.507306 			 0.0 			2623.507306
g1	 92 	 2969.479792 			 0.0 			2969.479792
g1	 93 	 2695.283464 			 0.0 			2695.283464
g1	 94 	 2936.164917 			 0.0 			2936.164917
g1	 95 	 2800.121895 			 0.0 			2800.121895
g1	 96 	 2601.295 			 0.0 			2601.295
----------------------------------------------------------------------------------------------------
g2	 1 	 0.0 			 0.0 			0.0
g2	 2 	 0.0 			 0.0 			0.0
g2	 3 	 0.0 			 0.0 			0.0
g2	 4 	 0.0 			 0.0 			0.0
g2	 5 	 0.0 			 0.0 			0.0
g2	 6 	 0.0 			 0.0 			0.0
g2	 7 	 0.0 			 0.0 			0.0
g2	 8 	 0.0 			 0.0 			0.0
g2	 9 	 0.0 			 0.0 			0.0
g2	 10 	 0.0 			 0.0 			0.0
g2	 11 	 0.0 			 0.0 			0.0
g2	 12 	 0.0 			 0.0 			0.0
g2	 13 	 0.0 			 0.0 			0.0
g2	 14 	 0.0 			 0.0 			0.0
g2	 15 	 0.0 			 0.0 			0.0
g2	 16 	 0.0 			 0.0 			0.0
g2	 17 	 0.0 			 0.0 			0.0
g2	 18 	 0.0 			 0.0 			0.0
g2	 19 	 0.0 			 0.0 			0.0
g2	 20 	 0.0 			 0.0 			0.0
g2	 21 	 0.0 			 0.0 			0.0
g2	 22 	 0.0 			 0.0 			0.0
g2	 23 	 0.0 			 0.0 			0.0
g2	 24 	 0.0 			 0.0 			0.0
g2	 25 	 441.252826 			 10598.13 			11039.382826
g2	 26 	 238.356787 			 0.0 			238.356787
g2	 27 	 238.356787 			 0.0 			238.356787
g2	 28 	 404.457205 			 0.0 			404.457205
g2	 29 	 534.771644 			 0.0 			534.771644
g2	 30 	 534.771644 			 0.0 			534.771644
g2	 31 	 534.771644 			 0.0 			534.771644
g2	 32 	 534.771644 			 0.0 			534.771644
g2	 33 	 534.771644 			 0.0 			534.771644
g2	 34 	 534.771644 			 0.0 			534.771644
g2	 35 	 534.771644 			 0.0 			534.771644
g2	 36 	 534.771644 			 0.0 			534.771644
g2	 37 	 534.771644 			 0.0 			534.771644
g2	 38 	 534.771644 			 0.0 			534.771644
g2	 39 	 534.771644 			 0.0 			534.771644
g2	 40 	 534.771644 			 0.0 			534.771644
g2	 41 	 534.771644 			 0.0 			534.771644
g2	 42 	 534.771644 			 0.0 			534.771644
g2	 43 	 534.771644 			 0.0 			534.771644
g2	 44 	 563.098349 			 0.0 			563.098349
g2	 45 	 790.599883 			 0.0 			790.599883
g2	 46 	 563.098349 			 0.0 			563.098349
g2	 47 	 614.324749 			 0.0 			614.324749
g2	 48 	 534.771644 			 0.0 			534.771644
g2	 49 	 534.771644 			 0.0 			534.771644
g2	 50 	 603.101866 			 0.0 			603.101866
g2	 51 	 534.771644 			 0.0 			534.771644
g2	 52 	 626.50935 			 0.0 			626.50935
g2	 53 	 854.010884 			 0.0 			854.010884
g2	 54 	 626.50935 			 0.0 			626.50935
g2	 55 	 589.649814 			 0.0 			589.649814
g2	 56 	 696.630965 			 0.0 			696.630965
g2	 57 	 836.080457 			 0.0 			836.080457
g2	 58 	 617.857863 			 0.0 			617.857863
g2	 59 	 845.359398 			 0.0 			845.359398
g2	 60 	 617.857863 			 0.0 			617.857863
g2	 61 	 840.561772 			 0.0 			840.561772
g2	 62 	 667.336106 			 0.0 			667.336106
g2	 63 	 900.080396 			 0.0 			900.080396
g2	 64 	 851.283752 			 0.0 			851.283752
g2	 65 	 1107.649621 			 0.0 			1107.649621
g2	 66 	 851.283752 			 0.0 			851.283752
g2	 67 	 996.460554 			 0.0 			996.460554
g2	 68 	 752.748108 			 0.0 			752.748108
g2	 69 	 981.796367 			 0.0 			981.796367
g2	 70 	 1242.318775 			 0.0 			1242.318775
g2	 71 	 981.796367 			 0.0 			981.796367
g2	 72 	 876.568652 			 0.0 			876.568652
g2	 73 	 646.500021 			 0.0 			646.500021
g2	 74 	 861.937866 			 0.0 			861.937866
g2	 75 	 715.76856 			 0.0 			715.76856
g2	 76 	 954.732289 			 0.0 			954.732289
g2	 77 	 802.757554 			 0.0 			802.757554
g2	 78 	 575.256019 			 0.0 			575.256019
g2	 79 	 534.771644 			 0.0 			534.771644
g2	 80 	 534.771644 			 0.0 			534.771644
g2	 81 	 636.627794 			 0.0 			636.627794
g2	 82 	 534.771644 			 0.0 			534.771644
g2	 83 	 574.01839 			 0.0 			574.01839
g2	 84 	 676.164568 			 0.0 			676.164568
g2	 85 	 534.771644 			 0.0 			534.771644
g2	 86 	 534.771644 			 0.0 			534.771644
g2	 87 	 534.771644 			 0.0 			534.771644
g2	 88 	 534.771644 			 0.0 			534.771644
g2	 89 	 534.771644 			 0.0 			534.771644
g2	 90 	 534.771644 			 0.0 			534.771644
g2	 91 	 534.771644 			 0.0 			534.771644
g2	 92 	 534.771644 			 0.0 			534.771644
g2	 93 	 0.0 			 0.0 			0.0
g2	 94 	 0.0 			 0.0 			0.0
g2	 95 	 0.0 			 0.0 			0.0
g2	 96 	 0.0 			 0.0 			0.0
----------------------------------------------------------------------------------------------------
g3	 1 	 0.0 			 0.0 			0.0
g3	 2 	 0.0 			 0.0 			0.0
g3	 3 	 0.0 			 0.0 			0.0
g3	 4 	 0.0 			 0.0 			0.0
g3	 5 	 0.0 			 0.0 			0.0
g3	 6 	 0.0 			 0.0 			0.0
g3	 7 	 0.0 			 0.0 			0.0
g3	 8 	 0.0 			 0.0 			0.0
g3	 9 	 0.0 			 0.0 			0.0
g3	 10 	 0.0 			 0.0 			0.0
g3	 11 	 0.0 			 0.0 			0.0
g3	 12 	 0.0 			 0.0 			0.0
g3	 13 	 0.0 			 0.0 			0.0
g3	 14 	 0.0 			 0.0 			0.0
g3	 15 	 0.0 			 0.0 			0.0
g3	 16 	 0.0 			 0.0 			0.0
g3	 17 	 0.0 			 0.0 			0.0
g3	 18 	 0.0 			 0.0 			0.0
g3	 19 	 0.0 			 0.0 			0.0
g3	 20 	 0.0 			 0.0 			0.0
g3	 21 	 0.0 			 0.0 			0.0
g3	 22 	 0.0 			 0.0 			0.0
g3	 23 	 0.0 			 0.0 			0.0
g3	 24 	 0.0 			 0.0 			0.0
g3	 25 	 0.0 			 0.0 			0.0
g3	 26 	 0.0 			 0.0 			0.0
g3	 27 	 0.0 			 0.0 			0.0
g3	 28 	 0.0 			 0.0 			0.0
g3	 29 	 0.0 			 0.0 			0.0
g3	 30 	 0.0 			 0.0 			0.0
g3	 31 	 0.0 			 0.0 			0.0
g3	 32 	 0.0 			 0.0 			0.0
g3	 33 	 0.0 			 0.0 			0.0
g3	 34 	 0.0 			 0.0 			0.0
g3	 35 	 0.0 			 0.0 			0.0
g3	 36 	 0.0 			 0.0 			0.0
g3	 37 	 0.0 			 0.0 			0.0
g3	 38 	 0.0 			 0.0 			0.0
g3	 39 	 0.0 			 0.0 			0.0
g3	 40 	 0.0 			 0.0 			0.0
g3	 41 	 350.954412 			 4595.43 			4946.384412
g3	 42 	 350.954412 			 0.0 			350.954412
g3	 43 	 350.954412 			 0.0 			350.954412
g3	 44 	 350.954412 			 0.0 			350.954412
g3	 45 	 381.332557 			 0.0 			381.332557
g3	 46 	 350.954412 			 0.0 			350.954412
g3	 47 	 350.954412 			 0.0 			350.954412
g3	 48 	 350.954412 			 0.0 			350.954412
g3	 49 	 350.954412 			 0.0 			350.954412
g3	 50 	 350.954412 			 0.0 			350.954412
g3	 51 	 350.954412 			 0.0 			350.954412
g3	 52 	 350.954412 			 0.0 			350.954412
g3	 53 	 385.21536 			 0.0 			385.21536
g3	 54 	 350.954412 			 0.0 			350.954412
g3	 55 	 350.954412 			 0.0 			350.954412
g3	 56 	 350.954412 			 0.0 			350.954412
g3	 57 	 350.954412 			 0.0 			350.954412
g3	 58 	 350.954412 			 0.0 			350.954412
g3	 59 	 350.954412 			 0.0 			350.954412
g3	 60 	 350.954412 			 0.0 			350.954412
g3	 61 	 350.954412 			 0.0 			350.954412
g3	 62 	 350.954412 			 0.0 			350.954412
g3	 63 	 522.662177 			 0.0 			522.662177
g3	 64 	 350.954412 			 0.0 			350.954412
g3	 65 	 522.662177 			 0.0 			522.662177
g3	 66 	 350.954412 			 0.0 			350.954412
g3	 67 	 482.394311 			 0.0 			482.394311
g3	 68 	 350.954412 			 0.0 			350.954412
g3	 69 	 419.757124 			 0.0 			419.757124
g3	 70 	 591.464889 			 0.0 			591.464889
g3	 71 	 419.757124 			 0.0 			419.757124
g3	 72 	 522.662177 			 0.0 			522.662177
g3	 73 	 350.954412 			 0.0 			350.954412
g3	 74 	 350.954412 			 0.0 			350.954412
g3	 75 	 350.954412 			 0.0 			350.954412
g3	 76 	 522.662177 			 0.0 			522.662177
g3	 77 	 350.954412 			 0.0 			350.954412
g3	 78 	 350.954412 			 0.0 			350.954412
g3	 79 	 350.954412 			 0.0 			350.954412
g3	 80 	 350.954412 			 0.0 			350.954412
g3	 81 	 350.954412 			 0.0 			350.954412
g3	 82 	 350.954412 			 0.0 			350.954412
g3	 83 	 350.954412 			 0.0 			350.954412
g3	 84 	 350.954412 			 0.0 			350.954412
g3	 85 	 350.954412 			 0.0 			350.954412
g3	 86 	 350.954412 			 0.0 			350.954412
g3	 87 	 350.954412 			 0.0 			350.954412
g3	 88 	 350.954412 			 0.0 			350.954412
g3	 89 	 0.0 			 0.0 			0.0
g3	 90 	 0.0 			 0.0 			0.0
g3	 91 	 0.0 			 0.0 			0.0
g3	 92 	 0.0 			 0.0 			0.0
g3	 93 	 0.0 			 0.0 			0.0
g3	 94 	 0.0 			 0.0 			0.0
g3	 95 	 0.0 			 0.0 			0.0
g3	 96 	 0.0 			 0.0 			0.0
----------------------------------------------------------------------------------------------------
g4	 1 	 0.0 			 0.0 			0.0
g4	 2 	 0.0 			 0.0 			0.0
g4	 3 	 0.0 			 0.0 			0.0
g4	 4 	 0.0 			 0.0 			0.0
g4	 5 	 0.0 			 0.0 			0.0
g4	 6 	 0.0 			 0.0 			0.0
g4	 7 	 0.0 			 0.0 			0.0
g4	 8 	 0.0 			 0.0 			0.0
g4	 9 	 0.0 			 0.0 			0.0
g4	 10 	 0.0 			 0.0 			0.0
g4	 11 	 0.0 			 0.0 			0.0
g4	 12 	 0.0 			 0.0 			0.0
g4	 13 	 0.0 			 0.0 			0.0
g4	 14 	 0.0 			 0.0 			0.0
g4	 15 	 0.0 			 0.0 			0.0
g4	 16 	 0.0 			 0.0 			0.0
g4	 17 	 0.0 			 0.0 			0.0
g4	 18 	 0.0 			 0.0 			0.0
g4	 19 	 0.0 			 0.0 			0.0
g4	 20 	 0.0 			 0.0 			0.0
g4	 21 	 0.0 			 0.0 			0.0
g4	 22 	 0.0 			 0.0 			0.0
g4	 23 	 0.0 			 0.0 			0.0
g4	 24 	 0.0 			 0.0 			0.0
g4	 25 	 0.0 			 0.0 			0.0
g4	 26 	 0.0 			 0.0 			0.0
g4	 27 	 0.0 			 0.0 			0.0
g4	 28 	 0.0 			 0.0 			0.0
g4	 29 	 0.0 			 0.0 			0.0
g4	 30 	 0.0 			 0.0 			0.0
g4	 31 	 0.0 			 0.0 			0.0
g4	 32 	 0.0 			 0.0 			0.0
g4	 33 	 0.0 			 0.0 			0.0
g4	 34 	 0.0 			 0.0 			0.0
g4	 35 	 0.0 			 0.0 			0.0
g4	 36 	 0.0 			 0.0 			0.0
g4	 37 	 0.0 			 0.0 			0.0
g4	 38 	 0.0 			 0.0 			0.0
g4	 39 	 0.0 			 0.0 			0.0
g4	 40 	 0.0 			 0.0 			0.0
g4	 41 	 0.0 			 0.0 			0.0
g4	 42 	 0.0 			 0.0 			0.0
g4	 43 	 0.0 			 0.0 			0.0
g4	 44 	 0.0 			 0.0 			0.0
g4	 45 	 0.0 			 0.0 			0.0
g4	 46 	 0.0 			 0.0 			0.0
g4	 47 	 0.0 			 0.0 			0.0
g4	 48 	 0.0 			 0.0 			0.0
g4	 49 	 0.0 			 0.0 			0.0
g4	 50 	 0.0 			 0.0 			0.0
g4	 51 	 0.0 			 0.0 			0.0
g4	 52 	 0.0 			 0.0 			0.0
g4	 53 	 0.0 			 0.0 			0.0
g4	 54 	 0.0 			 0.0 			0.0
g4	 55 	 0.0 			 0.0 			0.0
g4	 56 	 0.0 			 0.0 			0.0
g4	 57 	 0.0 			 0.0 			0.0
g4	 58 	 0.0 			 0.0 			0.0
g4	 59 	 0.0 			 0.0 			0.0
g4	 60 	 0.0 			 0.0 			0.0
g4	 61 	 0.0 			 0.0 			0.0
g4	 62 	 0.0 			 0.0 			0.0
g4	 63 	 0.0 			 0.0 			0.0
g4	 64 	 0.0 			 0.0 			0.0
g4	 65 	 0.0 			 0.0 			0.0
g4	 66 	 0.0 			 0.0 			0.0
g4	 67 	 0.0 			 0.0 			0.0
g4	 68 	 0.0 			 0.0 			0.0
g4	 69 	 0.0 			 0.0 			0.0
g4	 70 	 0.0 			 0.0 			0.0
g4	 71 	 0.0 			 0.0 			0.0
g4	 72 	 0.0 			 0.0 			0.0
g4	 73 	 0.0 			 0.0 			0.0
g4	 74 	 0.0 			 0.0 			0.0
g4	 75 	 0.0 			 0.0 			0.0
g4	 76 	 0.0 			 0.0 			0.0
g4	 77 	 0.0 			 0.0 			0.0
g4	 78 	 0.0 			 0.0 			0.0
g4	 79 	 0.0 			 0.0 			0.0
g4	 80 	 0.0 			 0.0 			0.0
g4	 81 	 0.0 			 0.0 			0.0
g4	 82 	 0.0 			 0.0 			0.0
g4	 83 	 0.0 			 0.0 			0.0
g4	 84 	 0.0 			 0.0 			0.0
g4	 85 	 0.0 			 0.0 			0.0
g4	 86 	 0.0 			 0.0 			0.0
g4	 87 	 0.0 			 0.0 			0.0
g4	 88 	 0.0 			 0.0 			0.0
g4	 89 	 0.0 			 0.0 			0.0
g4	 90 	 0.0 			 0.0 			0.0
g4	 91 	 0.0 			 0.0 			0.0
g4	 92 	 0.0 			 0.0 			0.0
g4	 93 	 0.0 			 0.0 			0.0
g4	 94 	 0.0 			 0.0 			0.0
g4	 95 	 0.0 			 0.0 			0.0
g4	 96 	 0.0 			 0.0 			0.0
----------------------------------------------------------------------------------------------------
g5	 1 	 0.0 			 0.0 			0.0
g5	 2 	 0.0 			 0.0 			0.0
g5	 3 	 0.0 			 0.0 			0.0
g5	 4 	 0.0 			 0.0 			0.0
g5	 5 	 0.0 			 0.0 			0.0
g5	 6 	 0.0 			 0.0 			0.0
g5	 7 	 0.0 			 0.0 			0.0
g5	 8 	 0.0 			 0.0 			0.0
g5	 9 	 0.0 			 0.0 			0.0
g5	 10 	 0.0 			 0.0 			0.0
g5	 11 	 0.0 			 0.0 			0.0
g5	 12 	 0.0 			 0.0 			0.0
g5	 13 	 0.0 			 0.0 			0.0
g5	 14 	 0.0 			 0.0 			0.0
g5	 15 	 0.0 			 0.0 			0.0
g5	 16 	 0.0 			 0.0 			0.0
g5	 17 	 0.0 			 0.0 			0.0
g5	 18 	 0.0 			 0.0 			0.0
g5	 19 	 0.0 			 0.0 			0.0
g5	 20 	 0.0 			 0.0 			0.0
g5	 21 	 0.0 			 0.0 			0.0
g5	 22 	 0.0 			 0.0 			0.0
g5	 23 	 0.0 			 0.0 			0.0
g5	 24 	 0.0 			 0.0 			0.0
g5	 25 	 0.0 			 0.0 			0.0
g5	 26 	 0.0 			 0.0 			0.0
g5	 27 	 0.0 			 0.0 			0.0
g5	 28 	 0.0 			 0.0 			0.0
g5	 29 	 0.0 			 0.0 			0.0
g5	 30 	 0.0 			 0.0 			0.0
g5	 31 	 0.0 			 0.0 			0.0
g5	 32 	 0.0 			 0.0 			0.0
g5	 33 	 0.0 			 0.0 			0.0
g5	 34 	 0.0 			 0.0 			0.0
g5	 35 	 0.0 			 0.0 			0.0
g5	 36 	 0.0 			 0.0 			0.0
g5	 37 	 0.0 			 0.0 			0.0
g5	 38 	 0.0 			 0.0 			0.0
g5	 39 	 0.0 			 0.0 			0.0
g5	 40 	 0.0 			 0.0 			0.0
g5	 41 	 0.0 			 0.0 			0.0
g5	 42 	 0.0 			 0.0 			0.0
g5	 43 	 0.0 			 0.0 			0.0
g5	 44 	 0.0 			 0.0 			0.0
g5	 45 	 0.0 			 0.0 			0.0
g5	 46 	 0.0 			 0.0 			0.0
g5	 47 	 0.0 			 0.0 			0.0
g5	 48 	 0.0 			 0.0 			0.0
g5	 49 	 0.0 			 0.0 			0.0
g5	 50 	 0.0 			 0.0 			0.0
g5	 51 	 0.0 			 0.0 			0.0
g5	 52 	 0.0 			 0.0 			0.0
g5	 53 	 0.0 			 0.0 			0.0
g5	 54 	 0.0 			 0.0 			0.0
g5	 55 	 0.0 			 0.0 			0.0
g5	 56 	 0.0 			 0.0 			0.0
g5	 57 	 0.0 			 0.0 			0.0
g5	 58 	 0.0 			 0.0 			0.0
g5	 59 	 0.0 			 0.0 			0.0
g5	 60 	 0.0 			 0.0 			0.0
g5	 61 	 0.0 			 0.0 			0.0
g5	 62 	 0.0 			 0.0 			0.0
g5	 63 	 0.0 			 0.0 			0.0
g5	 64 	 0.0 			 0.0 			0.0
g5	 65 	 0.0 			 0.0 			0.0
g5	 66 	 0.0 			 0.0 			0.0
g5	 67 	 0.0 			 0.0 			0.0
g5	 68 	 0.0 			 0.0 			0.0
g5	 69 	 0.0 			 0.0 			0.0
g5	 70 	 0.0 			 0.0 			0.0
g5	 71 	 0.0 			 0.0 			0.0
g5	 72 	 0.0 			 0.0 			0.0
g5	 73 	 0.0 			 0.0 			0.0
g5	 74 	 0.0 			 0.0 			0.0
g5	 75 	 0.0 			 0.0 			0.0
g5	 76 	 0.0 			 0.0 			0.0
g5	 77 	 0.0 			 0.0 			0.0
g5	 78 	 0.0 			 0.0 			0.0
g5	 79 	 0.0 			 0.0 			0.0
g5	 80 	 0.0 			 0.0 			0.0
g5	 81 	 0.0 			 0.0 			0.0
g5	 82 	 0.0 			 0.0 			0.0
g5	 83 	 0.0 			 0.0 			0.0
g5	 84 	 0.0 			 0.0 			0.0
g5	 85 	 0.0 			 0.0 			0.0
g5	 86 	 0.0 			 0.0 			0.0
g5	 87 	 0.0 			 0.0 			0.0
g5	 88 	 0.0 			 0.0 			0.0
g5	 89 	 0.0 			 0.0 			0.0
g5	 90 	 0.0 			 0.0 			0.0
g5	 91 	 0.0 			 0.0 			0.0
g5	 92 	 0.0 			 0.0 			0.0
g5	 93 	 0.0 			 0.0 			0.0
g5	 94 	 0.0 			 0.0 			0.0
g5	 95 	 0.0 			 0.0 			0.0
g5	 96 	 0.0 			 0.0 			0.0
----------------------------------------------------------------------------------------------------
 
unit 	 generation 	 generation cost 	 start-up cost 	 total cost
----------------------------------------------------------------------------------------------------
g1 	 6818.750974			254164.216401			 0.000000		 254164.216401
g2 	 747.888124			43769.137704			 10598.130000		 54367.267704
g3 	 289.305706			18106.837729			 4595.430000		 22702.267729
g4 	 0.000000			0.000000			 0.000000		 0.000000
g5 	 0.000000			0.000000			 0.000000		 0.000000
----------------------------------------------------------------------------------------------------
 
generation cost 	 start-up cost 		 total cost
----------------------------------------------------------------------------------------------------
316040.19183400006 			 15193.56 			 331233.7518340001
----------------------------------------------------------------------------------------------------
uplift payment for generator g1: 17935.212892
uplift payment for generator g2: 0.0
uplift payment for generator g3: 0.0
uplift payment for generator g4: 0.0
uplift payment for generator g5: 0.0
 
****************************************************************************************************
 
rtm Systemwide prices
----------------------------------------------------------------------------------------------------
time	 energy 	 up-FRP 	 dw-FRP
----------------------------------------------------------------------------------------------------
1 	 9.614507 		 0.0 		 0.0
2 	 9.408671 		 0.0 		 0.0
3 	 9.614507 		 0.0 		 0.0
4 	 9.614507 		 0.0 		 0.0
5 	 9.408671 		 0.0 		 0.0
6 	 9.408671 		 0.0 		 0.0
7 	 9.408671 		 0.0 		 0.0
8 	 9.408671 		 0.0 		 0.0
9 	 9.408671 		 0.0 		 0.0
10 	 9.408671 		 0.0 		 0.0
11 	 9.408671 		 0.0 		 0.0
12 	 9.614507 		 0.0 		 0.0
13 	 9.408671 		 0.0 		 0.0
14 	 9.408671 		 0.0 		 0.0
15 	 9.408671 		 0.0 		 0.0
16 	 9.408671 		 0.0 		 0.0
17 	 9.408671 		 0.0 		 0.0
18 	 9.408671 		 0.0 		 0.0
19 	 9.408671 		 0.0 		 0.0
20 	 9.408671 		 0.0 		 0.0
21 	 9.408671 		 0.0 		 0.0
22 	 9.408671 		 0.0 		 0.0
23 	 9.614507 		 0.0 		 0.0
24 	 9.408671 		 0.0 		 0.0
25 	 9.457625 		 0.0 		 0.0
26 	 9.408671 		 0.0 		 0.0
27 	 9.408671 		 0.0 		 0.0
28 	 9.457625 		 0.0 		 0.0
29 	 9.614507 		 0.0 		 0.0
30 	 9.614507 		 0.0 		 0.0
31 	 9.614507 		 0.0 		 0.0
32 	 9.614507 		 0.0 		 0.0
33 	 9.614507 		 0.0 		 0.0
34 	 9.614507 		 0.0 		 0.0
35 	 9.614507 		 0.0 		 0.0
36 	 9.614507 		 0.0 		 0.0
37 	 9.614507 		 0.0 		 0.0
38 	 9.614507 		 0.0 		 0.0
39 	 9.614507 		 0.0 		 0.0
40 	 9.614507 		 0.0 		 0.0
41 	 9.614507 		 0.0 		 0.0
42 	 9.614507 		 0.0 		 0.0
43 	 9.614507 		 0.0 		 0.0
44 	 9.614507 		 0.0 		 0.0
45 	 11.862367 		 0.0 		 0.0
46 	 9.080753 		 0.0 		 0.0
47 	 10.185876 		 0.0 		 0.0
48 	 9.614507 		 0.0 		 0.0
49 	 9.614507 		 0.0 		 0.0
50 	 10.185876 		 0.0 		 0.0
51 	 9.614507 		 0.0 		 0.0
52 	 9.614507 		 0.0 		 0.0
53 	 11.862367 		 0.0 		 0.0
54 	 9.614507 		 0.0 		 0.0
55 	 10.185876 		 0.0 		 0.0
56 	 10.185876 		 0.0 		 0.0
57 	 10.185876 		 0.0 		 0.0
58 	 9.614507 		 0.0 		 0.0
59 	 11.328613 		 0.0 		 0.0
60 	 9.614507 		 0.0 		 0.0
61 	 10.185876 		 0.0 		 0.0
62 	 9.614507 		 0.0 		 0.0
63 	 12.06526 		 0.0 		 0.0
64 	 9.614507 		 0.0 		 0.0
65 	 12.636629 		 0.0 		 0.0
66 	 9.614507 		 0.0 		 0.0
67 	 11.862367 		 0.0 		 0.0
68 	 9.8174 		 0.0 		 0.0
69 	 2473.330012 		 0.0 		 0.0
70 	 2500.0 		 0.0 		 0.0
71 	 9.614507 		 0.0 		 0.0
72 	 12.06526 		 0.0 		 0.0
73 	 9.614507 		 0.0 		 0.0
74 	 11.493892 		 0.0 		 0.0
75 	 9.614507 		 0.0 		 0.0
76 	 12.06526 		 0.0 		 0.0
77 	 10.757244 		 0.0 		 0.0
78 	 9.614507 		 0.0 		 0.0
79 	 9.614507 		 0.0 		 0.0
80 	 9.614507 		 0.0 		 0.0
81 	 10.185876 		 0.0 		 0.0
82 	 9.614507 		 0.0 		 0.0
83 	 10.185876 		 0.0 		 0.0
84 	 10.185876 		 0.0 		 0.0
85 	 9.614507 		 0.0 		 0.0
86 	 9.614507 		 0.0 		 0.0
87 	 9.614507 		 0.0 		 0.0
88 	 9.614507 		 0.0 		 0.0
89 	 9.614507 		 0.0 		 0.0
90 	 9.614507 		 0.0 		 0.0
91 	 9.614507 		 0.0 		 0.0
92 	 9.614507 		 0.0 		 0.0
93 	 9.614507 		 0.0 		 0.0
94 	 9.614507 		 0.0 		 0.0
95 	 9.614507 		 0.0 		 0.0
96 	 9.614507 		 0.0 		 0.0
 
****************************************************************************************************
 
rtm Post-uplift payments
----------------------------------------------------------------------------------------------------------------------------------------------------
unit 	 generation payment 	 up-FRP payment 	 dw-FRP payment 	pre-up t. payment 	 uplift payments 	 post-up t. payment 	 profit
----------------------------------------------------------------------------------------------------------------------------------------------------
 g1 	 -45284.683255			 0.000000			 0.000000			 -45284.683255			 17935.212892			 -27349.470363		 -0.000000
 g2 	 97094.951391			 0.000000			 0.000000			 97094.951391			 0.000000			 97094.951391		 76297.000727
 g3 	 74784.311502			 0.000000			 0.000000			 74784.311502			 0.000000			 74784.311502		 63200.247485
 g4 	 0.000000			 0.000000			 0.000000			 0.000000			 0.000000			 0.000000		 0.000000
 g5 	 0.000000			 0.000000			 0.000000			 0.000000			 0.000000			 0.000000		 0.000000
****************************************************************************************************
 
Total generator payments
----------------------------------------------------------------------------------------------------------------------------------------------------
unit 	 generation payment 	 up-FRP payment 	 dw-FRP payment 	pre-up t. payment 	 uplift payments 	 post-up t. payment 	 profit
----------------------------------------------------------------------------------------------------------------------------------------------------
 g1 	 235777.322560			 451.680949			 0.000000			 236229.003509			 17935.212892			 254164.216401		 0.000000
 g2 	 129958.888443			 705.379988			 0.000000			 130664.268431			 0.000000			 130664.268431		 76297.000727
 g3 	 85902.515214			 0.000000			 0.000000			 85902.515214			 0.000000			 85902.515214		 63200.247485
 g4 	 0.000000			 0.000000			 0.000000			 0.000000			 0.000000			 0.000000		 0.000000
 g5 	 0.000000			 0.000000			 0.000000			 0.000000			 0.000000			 0.000000		 0.000000
 
****************************************************************************************************
 
rtm LMP
----------------------------------------------------------------------------------------------------
bus name 	 time 		 LMP
----------------------------------------------------------------------------------------------------
b1 		 1 		 9.614507
b1 		 2 		 9.408671
b1 		 3 		 9.614507
b1 		 4 		 9.614507
b1 		 5 		 9.408671
b1 		 6 		 9.408671
b1 		 7 		 9.408671
b1 		 8 		 9.408671
b1 		 9 		 9.408671
b1 		 10 		 9.408671
b1 		 11 		 9.408671
b1 		 12 		 9.614507
b1 		 13 		 9.408671
b1 		 14 		 9.408671
b1 		 15 		 9.408671
b1 		 16 		 9.408671
b1 		 17 		 9.408671
b1 		 18 		 9.408671
b1 		 19 		 9.408671
b1 		 20 		 9.408671
b1 		 21 		 9.408671
b1 		 22 		 9.408671
b1 		 23 		 9.614507
b1 		 24 		 9.408671
b1 		 25 		 9.457625
b1 		 26 		 9.408671
b1 		 27 		 9.408671
b1 		 28 		 9.457625
b1 		 29 		 9.614507
b1 		 30 		 9.614507
b1 		 31 		 9.614507
b1 		 32 		 9.614507
b1 		 33 		 9.614507
b1 		 34 		 9.614507
b1 		 35 		 9.614507
b1 		 36 		 9.614507
b1 		 37 		 9.614507
b1 		 38 		 9.614507
b1 		 39 		 9.614507
b1 		 40 		 9.614507
b1 		 41 		 9.614507
b1 		 42 		 9.614507
b1 		 43 		 9.614507
b1 		 44 		 9.614507
b1 		 45 		 11.862367
b1 		 46 		 9.080753
b1 		 47 		 10.185876
b1 		 48 		 9.614507
b1 		 49 		 9.614507
b1 		 50 		 10.185876
b1 		 51 		 9.614507
b1 		 52 		 9.614507
b1 		 53 		 11.862367
b1 		 54 		 9.614507
b1 		 55 		 10.185876
b1 		 56 		 10.185876
b1 		 57 		 10.185876
b1 		 58 		 9.614507
b1 		 59 		 11.328613
b1 		 60 		 9.614507
b1 		 61 		 10.185876
b1 		 62 		 9.614507
b1 		 63 		 12.06526
b1 		 64 		 9.614507
b1 		 65 		 12.636629
b1 		 66 		 9.614507
b1 		 67 		 11.862367
b1 		 68 		 9.8174
b1 		 69 		 2473.330012
b1 		 70 		 2500.0
b1 		 71 		 9.614507
b1 		 72 		 12.06526
b1 		 73 		 9.614507
b1 		 74 		 11.493892
b1 		 75 		 9.614507
b1 		 76 		 12.06526
b1 		 77 		 10.757244
b1 		 78 		 9.614507
b1 		 79 		 9.614507
b1 		 80 		 9.614507
b1 		 81 		 10.185876
b1 		 82 		 9.614507
b1 		 83 		 10.185876
b1 		 84 		 10.185876
b1 		 85 		 9.614507
b1 		 86 		 9.614507
b1 		 87 		 9.614507
b1 		 88 		 9.614507
b1 		 89 		 9.614507
b1 		 90 		 9.614507
b1 		 91 		 9.614507
b1 		 92 		 9.614507
b1 		 93 		 9.614507
b1 		 94 		 9.614507
b1 		 95 		 9.614507
b1 		 96 		 9.614507
----------------------------------------------------------------------------------------------------
b2 		 1 		 9.614507
b2 		 2 		 9.408671
b2 		 3 		 9.614507
b2 		 4 		 9.614507
b2 		 5 		 9.408671
b2 		 6 		 9.408671
b2 		 7 		 9.408671
b2 		 8 		 9.408671
b2 		 9 		 9.408671
b2 		 10 		 9.408671
b2 		 11 		 9.408671
b2 		 12 		 9.614507
b2 		 13 		 9.408671
b2 		 14 		 9.408671
b2 		 15 		 9.408671
b2 		 16 		 9.408671
b2 		 17 		 9.408671
b2 		 18 		 9.408671
b2 		 19 		 9.408671
b2 		 20 		 9.408671
b2 		 21 		 9.408671
b2 		 22 		 9.408671
b2 		 23 		 9.614507
b2 		 24 		 9.408671
b2 		 25 		 9.457625
b2 		 26 		 9.408671
b2 		 27 		 9.408671
b2 		 28 		 9.457625
b2 		 29 		 9.614507
b2 		 30 		 9.614507
b2 		 31 		 9.614507
b2 		 32 		 9.614507
b2 		 33 		 9.614507
b2 		 34 		 9.614507
b2 		 35 		 9.614507
b2 		 36 		 9.614507
b2 		 37 		 9.614507
b2 		 38 		 9.614507
b2 		 39 		 9.614507
b2 		 40 		 9.614507
b2 		 41 		 9.614507
b2 		 42 		 9.614507
b2 		 43 		 9.614507
b2 		 44 		 9.614507
b2 		 45 		 11.862367
b2 		 46 		 9.080753
b2 		 47 		 10.185876
b2 		 48 		 9.614507
b2 		 49 		 9.614507
b2 		 50 		 10.185876
b2 		 51 		 9.614507
b2 		 52 		 9.614507
b2 		 53 		 11.862367
b2 		 54 		 9.614507
b2 		 55 		 10.185876
b2 		 56 		 10.185876
b2 		 57 		 10.185876
b2 		 58 		 9.614507
b2 		 59 		 11.328613
b2 		 60 		 9.614507
b2 		 61 		 10.185876
b2 		 62 		 9.614507
b2 		 63 		 12.06526
b2 		 64 		 9.614507
b2 		 65 		 12.636629
b2 		 66 		 9.614507
b2 		 67 		 11.862367
b2 		 68 		 9.8174
b2 		 69 		 2473.330012
b2 		 70 		 2500.0
b2 		 71 		 9.614507
b2 		 72 		 12.06526
b2 		 73 		 9.614507
b2 		 74 		 11.493892
b2 		 75 		 9.614507
b2 		 76 		 12.06526
b2 		 77 		 10.757244
b2 		 78 		 9.614507
b2 		 79 		 9.614507
b2 		 80 		 9.614507
b2 		 81 		 10.185876
b2 		 82 		 9.614507
b2 		 83 		 10.185876
b2 		 84 		 10.185876
b2 		 85 		 9.614507
b2 		 86 		 9.614507
b2 		 87 		 9.614507
b2 		 88 		 9.614507
b2 		 89 		 9.614507
b2 		 90 		 9.614507
b2 		 91 		 9.614507
b2 		 92 		 9.614507
b2 		 93 		 9.614507
b2 		 94 		 9.614507
b2 		 95 		 9.614507
b2 		 96 		 9.614507
----------------------------------------------------------------------------------------------------
b3 		 1 		 9.614507
b3 		 2 		 9.408671
b3 		 3 		 9.614507
b3 		 4 		 9.614507
b3 		 5 		 9.408671
b3 		 6 		 9.408671
b3 		 7 		 9.408671
b3 		 8 		 9.408671
b3 		 9 		 9.408671
b3 		 10 		 9.408671
b3 		 11 		 9.408671
b3 		 12 		 9.614507
b3 		 13 		 9.408671
b3 		 14 		 9.408671
b3 		 15 		 9.408671
b3 		 16 		 9.408671
b3 		 17 		 9.408671
b3 		 18 		 9.408671
b3 		 19 		 9.408671
b3 		 20 		 9.408671
b3 		 21 		 9.408671
b3 		 22 		 9.408671
b3 		 23 		 9.614507
b3 		 24 		 9.408671
b3 		 25 		 9.457625
b3 		 26 		 9.408671
b3 		 27 		 9.408671
b3 		 28 		 9.457625
b3 		 29 		 9.614507
b3 		 30 		 9.614507
b3 		 31 		 9.614507
b3 		 32 		 9.614507
b3 		 33 		 9.614507
b3 		 34 		 9.614507
b3 		 35 		 9.614507
b3 		 36 		 9.614507
b3 		 37 		 9.614507
b3 		 38 		 9.614507
b3 		 39 		 9.614507
b3 		 40 		 9.614507
b3 		 41 		 9.614507
b3 		 42 		 9.614507
b3 		 43 		 9.614507
b3 		 44 		 9.614507
b3 		 45 		 11.862367
b3 		 46 		 9.080753
b3 		 47 		 10.185876
b3 		 48 		 9.614507
b3 		 49 		 9.614507
b3 		 50 		 10.185876
b3 		 51 		 9.614507
b3 		 52 		 9.614507
b3 		 53 		 11.862367
b3 		 54 		 9.614507
b3 		 55 		 10.185876
b3 		 56 		 10.185876
b3 		 57 		 10.185876
b3 		 58 		 9.614507
b3 		 59 		 11.328613
b3 		 60 		 9.614507
b3 		 61 		 10.185876
b3 		 62 		 9.614507
b3 		 63 		 12.06526
b3 		 64 		 9.614507
b3 		 65 		 12.636629
b3 		 66 		 9.614507
b3 		 67 		 11.862367
b3 		 68 		 9.8174
b3 		 69 		 2473.330012
b3 		 70 		 2500.0
b3 		 71 		 9.614507
b3 		 72 		 12.06526
b3 		 73 		 9.614507
b3 		 74 		 11.493892
b3 		 75 		 9.614507
b3 		 76 		 12.06526
b3 		 77 		 10.757244
b3 		 78 		 9.614507
b3 		 79 		 9.614507
b3 		 80 		 9.614507
b3 		 81 		 10.185876
b3 		 82 		 9.614507
b3 		 83 		 10.185876
b3 		 84 		 10.185876
b3 		 85 		 9.614507
b3 		 86 		 9.614507
b3 		 87 		 9.614507
b3 		 88 		 9.614507
b3 		 89 		 9.614507
b3 		 90 		 9.614507
b3 		 91 		 9.614507
b3 		 92 		 9.614507
b3 		 93 		 9.614507
b3 		 94 		 9.614507
b3 		 95 		 9.614507
b3 		 96 		 9.614507
----------------------------------------------------------------------------------------------------
b4 		 1 		 9.614507
b4 		 2 		 9.408671
b4 		 3 		 9.614507
b4 		 4 		 9.614507
b4 		 5 		 9.408671
b4 		 6 		 9.408671
b4 		 7 		 9.408671
b4 		 8 		 9.408671
b4 		 9 		 9.408671
b4 		 10 		 9.408671
b4 		 11 		 9.408671
b4 		 12 		 9.614507
b4 		 13 		 9.408671
b4 		 14 		 9.408671
b4 		 15 		 9.408671
b4 		 16 		 9.408671
b4 		 17 		 9.408671
b4 		 18 		 9.408671
b4 		 19 		 9.408671
b4 		 20 		 9.408671
b4 		 21 		 9.408671
b4 		 22 		 9.408671
b4 		 23 		 9.614507
b4 		 24 		 9.408671
b4 		 25 		 9.457625
b4 		 26 		 9.408671
b4 		 27 		 9.408671
b4 		 28 		 9.457625
b4 		 29 		 9.614507
b4 		 30 		 9.614507
b4 		 31 		 9.614507
b4 		 32 		 9.614507
b4 		 33 		 9.614507
b4 		 34 		 9.614507
b4 		 35 		 9.614507
b4 		 36 		 9.614507
b4 		 37 		 9.614507
b4 		 38 		 9.614507
b4 		 39 		 9.614507
b4 		 40 		 9.614507
b4 		 41 		 9.614507
b4 		 42 		 9.614507
b4 		 43 		 9.614507
b4 		 44 		 9.614507
b4 		 45 		 11.862367
b4 		 46 		 9.080753
b4 		 47 		 10.185876
b4 		 48 		 9.614507
b4 		 49 		 9.614507
b4 		 50 		 10.185876
b4 		 51 		 9.614507
b4 		 52 		 9.614507
b4 		 53 		 11.862367
b4 		 54 		 9.614507
b4 		 55 		 10.185876
b4 		 56 		 10.185876
b4 		 57 		 10.185876
b4 		 58 		 9.614507
b4 		 59 		 11.328613
b4 		 60 		 9.614507
b4 		 61 		 10.185876
b4 		 62 		 9.614507
b4 		 63 		 12.06526
b4 		 64 		 9.614507
b4 		 65 		 12.636629
b4 		 66 		 9.614507
b4 		 67 		 11.862367
b4 		 68 		 9.8174
b4 		 69 		 2473.330012
b4 		 70 		 2500.0
b4 		 71 		 9.614507
b4 		 72 		 12.06526
b4 		 73 		 9.614507
b4 		 74 		 11.493892
b4 		 75 		 9.614507
b4 		 76 		 12.06526
b4 		 77 		 10.757244
b4 		 78 		 9.614507
b4 		 79 		 9.614507
b4 		 80 		 9.614507
b4 		 81 		 10.185876
b4 		 82 		 9.614507
b4 		 83 		 10.185876
b4 		 84 		 10.185876
b4 		 85 		 9.614507
b4 		 86 		 9.614507
b4 		 87 		 9.614507
b4 		 88 		 9.614507
b4 		 89 		 9.614507
b4 		 90 		 9.614507
b4 		 91 		 9.614507
b4 		 92 		 9.614507
b4 		 93 		 9.614507
b4 		 94 		 9.614507
b4 		 95 		 9.614507
b4 		 96 		 9.614507
----------------------------------------------------------------------------------------------------
b5 		 1 		 9.614507
b5 		 2 		 9.408671
b5 		 3 		 9.614507
b5 		 4 		 9.614507
b5 		 5 		 9.408671
b5 		 6 		 9.408671
b5 		 7 		 9.408671
b5 		 8 		 9.408671
b5 		 9 		 9.408671
b5 		 10 		 9.408671
b5 		 11 		 9.408671
b5 		 12 		 9.614507
b5 		 13 		 9.408671
b5 		 14 		 9.408671
b5 		 15 		 9.408671
b5 		 16 		 9.408671
b5 		 17 		 9.408671
b5 		 18 		 9.408671
b5 		 19 		 9.408671
b5 		 20 		 9.408671
b5 		 21 		 9.408671
b5 		 22 		 9.408671
b5 		 23 		 9.614507
b5 		 24 		 9.408671
b5 		 25 		 9.457625
b5 		 26 		 9.408671
b5 		 27 		 9.408671
b5 		 28 		 9.457625
b5 		 29 		 9.614507
b5 		 30 		 9.614507
b5 		 31 		 9.614507
b5 		 32 		 9.614507
b5 		 33 		 9.614507
b5 		 34 		 9.614507
b5 		 35 		 9.614507
b5 		 36 		 9.614507
b5 		 37 		 9.614507
b5 		 38 		 9.614507
b5 		 39 		 9.614507
b5 		 40 		 9.614507
b5 		 41 		 9.614507
b5 		 42 		 9.614507
b5 		 43 		 9.614507
b5 		 44 		 9.614507
b5 		 45 		 11.862367
b5 		 46 		 9.080753
b5 		 47 		 10.185876
b5 		 48 		 9.614507
b5 		 49 		 9.614507
b5 		 50 		 10.185876
b5 		 51 		 9.614507
b5 		 52 		 9.614507
b5 		 53 		 11.862367
b5 		 54 		 9.614507
b5 		 55 		 10.185876
b5 		 56 		 10.185876
b5 		 57 		 10.185876
b5 		 58 		 9.614507
b5 		 59 		 11.328613
b5 		 60 		 9.614507
b5 		 61 		 10.185876
b5 		 62 		 9.614507
b5 		 63 		 12.06526
b5 		 64 		 9.614507
b5 		 65 		 12.636629
b5 		 66 		 9.614507
b5 		 67 		 11.862367
b5 		 68 		 9.8174
b5 		 69 		 2473.330012
b5 		 70 		 2500.0
b5 		 71 		 9.614507
b5 		 72 		 12.06526
b5 		 73 		 9.614507
b5 		 74 		 11.493892
b5 		 75 		 9.614507
b5 		 76 		 12.06526
b5 		 77 		 10.757244
b5 		 78 		 9.614507
b5 		 79 		 9.614507
b5 		 80 		 9.614507
b5 		 81 		 10.185876
b5 		 82 		 9.614507
b5 		 83 		 10.185876
b5 		 84 		 10.185876
b5 		 85 		 9.614507
b5 		 86 		 9.614507
b5 		 87 		 9.614507
b5 		 88 		 9.614507
b5 		 89 		 9.614507
b5 		 90 		 9.614507
b5 		 91 		 9.614507
b5 		 92 		 9.614507
b5 		 93 		 9.614507
b5 		 94 		 9.614507
b5 		 95 		 9.614507
b5 		 96 		 9.614507
----------------------------------------------------------------------------------------------------
b6 		 1 		 9.614507
b6 		 2 		 9.408671
b6 		 3 		 9.614507
b6 		 4 		 9.614507
b6 		 5 		 9.408671
b6 		 6 		 9.408671
b6 		 7 		 9.408671
b6 		 8 		 9.408671
b6 		 9 		 9.408671
b6 		 10 		 9.408671
b6 		 11 		 9.408671
b6 		 12 		 9.614507
b6 		 13 		 9.408671
b6 		 14 		 9.408671
b6 		 15 		 9.408671
b6 		 16 		 9.408671
b6 		 17 		 9.408671
b6 		 18 		 9.408671
b6 		 19 		 9.408671
b6 		 20 		 9.408671
b6 		 21 		 9.408671
b6 		 22 		 9.408671
b6 		 23 		 9.614507
b6 		 24 		 9.408671
b6 		 25 		 9.457625
b6 		 26 		 9.408671
b6 		 27 		 9.408671
b6 		 28 		 9.457625
b6 		 29 		 9.614507
b6 		 30 		 9.614507
b6 		 31 		 9.614507
b6 		 32 		 9.614507
b6 		 33 		 9.614507
b6 		 34 		 9.614507
b6 		 35 		 9.614507
b6 		 36 		 9.614507
b6 		 37 		 9.614507
b6 		 38 		 9.614507
b6 		 39 		 9.614507
b6 		 40 		 9.614507
b6 		 41 		 9.614507
b6 		 42 		 9.614507
b6 		 43 		 9.614507
b6 		 44 		 9.614507
b6 		 45 		 11.862367
b6 		 46 		 9.080753
b6 		 47 		 10.185876
b6 		 48 		 9.614507
b6 		 49 		 9.614507
b6 		 50 		 10.185876
b6 		 51 		 9.614507
b6 		 52 		 9.614507
b6 		 53 		 11.862367
b6 		 54 		 9.614507
b6 		 55 		 10.185876
b6 		 56 		 10.185876
b6 		 57 		 10.185876
b6 		 58 		 9.614507
b6 		 59 		 11.328613
b6 		 60 		 9.614507
b6 		 61 		 10.185876
b6 		 62 		 9.614507
b6 		 63 		 12.06526
b6 		 64 		 9.614507
b6 		 65 		 12.636629
b6 		 66 		 9.614507
b6 		 67 		 11.862367
b6 		 68 		 9.8174
b6 		 69 		 2473.330012
b6 		 70 		 2500.0
b6 		 71 		 9.614507
b6 		 72 		 12.06526
b6 		 73 		 9.614507
b6 		 74 		 11.493892
b6 		 75 		 9.614507
b6 		 76 		 12.06526
b6 		 77 		 10.757244
b6 		 78 		 9.614507
b6 		 79 		 9.614507
b6 		 80 		 9.614507
b6 		 81 		 10.185876
b6 		 82 		 9.614507
b6 		 83 		 10.185876
b6 		 84 		 10.185876
b6 		 85 		 9.614507
b6 		 86 		 9.614507
b6 		 87 		 9.614507
b6 		 88 		 9.614507
b6 		 89 		 9.614507
b6 		 90 		 9.614507
b6 		 91 		 9.614507
b6 		 92 		 9.614507
b6 		 93 		 9.614507
b6 		 94 		 9.614507
b6 		 95 		 9.614507
b6 		 96 		 9.614507
----------------------------------------------------------------------------------------------------
b7 		 1 		 9.614507
b7 		 2 		 9.408671
b7 		 3 		 9.614507
b7 		 4 		 9.614507
b7 		 5 		 9.408671
b7 		 6 		 9.408671
b7 		 7 		 9.408671
b7 		 8 		 9.408671
b7 		 9 		 9.408671
b7 		 10 		 9.408671
b7 		 11 		 9.408671
b7 		 12 		 9.614507
b7 		 13 		 9.408671
b7 		 14 		 9.408671
b7 		 15 		 9.408671
b7 		 16 		 9.408671
b7 		 17 		 9.408671
b7 		 18 		 9.408671
b7 		 19 		 9.408671
b7 		 20 		 9.408671
b7 		 21 		 9.408671
b7 		 22 		 9.408671
b7 		 23 		 9.614507
b7 		 24 		 9.408671
b7 		 25 		 9.457625
b7 		 26 		 9.408671
b7 		 27 		 9.408671
b7 		 28 		 9.457625
b7 		 29 		 9.614507
b7 		 30 		 9.614507
b7 		 31 		 9.614507
b7 		 32 		 9.614507
b7 		 33 		 9.614507
b7 		 34 		 9.614507
b7 		 35 		 9.614507
b7 		 36 		 9.614507
b7 		 37 		 9.614507
b7 		 38 		 9.614507
b7 		 39 		 9.614507
b7 		 40 		 9.614507
b7 		 41 		 9.614507
b7 		 42 		 9.614507
b7 		 43 		 9.614507
b7 		 44 		 9.614507
b7 		 45 		 11.862367
b7 		 46 		 9.080753
b7 		 47 		 10.185876
b7 		 48 		 9.614507
b7 		 49 		 9.614507
b7 		 50 		 10.185876
b7 		 51 		 9.614507
b7 		 52 		 9.614507
b7 		 53 		 11.862367
b7 		 54 		 9.614507
b7 		 55 		 10.185876
b7 		 56 		 10.185876
b7 		 57 		 10.185876
b7 		 58 		 9.614507
b7 		 59 		 11.328613
b7 		 60 		 9.614507
b7 		 61 		 10.185876
b7 		 62 		 9.614507
b7 		 63 		 12.06526
b7 		 64 		 9.614507
b7 		 65 		 12.636629
b7 		 66 		 9.614507
b7 		 67 		 11.862367
b7 		 68 		 9.8174
b7 		 69 		 2473.330012
b7 		 70 		 2500.0
b7 		 71 		 9.614507
b7 		 72 		 12.06526
b7 		 73 		 9.614507
b7 		 74 		 11.493892
b7 		 75 		 9.614507
b7 		 76 		 12.06526
b7 		 77 		 10.757244
b7 		 78 		 9.614507
b7 		 79 		 9.614507
b7 		 80 		 9.614507
b7 		 81 		 10.185876
b7 		 82 		 9.614507
b7 		 83 		 10.185876
b7 		 84 		 10.185876
b7 		 85 		 9.614507
b7 		 86 		 9.614507
b7 		 87 		 9.614507
b7 		 88 		 9.614507
b7 		 89 		 9.614507
b7 		 90 		 9.614507
b7 		 91 		 9.614507
b7 		 92 		 9.614507
b7 		 93 		 9.614507
b7 		 94 		 9.614507
b7 		 95 		 9.614507
b7 		 96 		 9.614507
----------------------------------------------------------------------------------------------------
b8 		 1 		 9.614507
b8 		 2 		 9.408671
b8 		 3 		 9.614507
b8 		 4 		 9.614507
b8 		 5 		 9.408671
b8 		 6 		 9.408671
b8 		 7 		 9.408671
b8 		 8 		 9.408671
b8 		 9 		 9.408671
b8 		 10 		 9.408671
b8 		 11 		 9.408671
b8 		 12 		 9.614507
b8 		 13 		 9.408671
b8 		 14 		 9.408671
b8 		 15 		 9.408671
b8 		 16 		 9.408671
b8 		 17 		 9.408671
b8 		 18 		 9.408671
b8 		 19 		 9.408671
b8 		 20 		 9.408671
b8 		 21 		 9.408671
b8 		 22 		 9.408671
b8 		 23 		 9.614507
b8 		 24 		 9.408671
b8 		 25 		 9.457625
b8 		 26 		 9.408671
b8 		 27 		 9.408671
b8 		 28 		 9.457625
b8 		 29 		 9.614507
b8 		 30 		 9.614507
b8 		 31 		 9.614507
b8 		 32 		 9.614507
b8 		 33 		 9.614507
b8 		 34 		 9.614507
b8 		 35 		 9.614507
b8 		 36 		 9.614507
b8 		 37 		 9.614507
b8 		 38 		 9.614507
b8 		 39 		 9.614507
b8 		 40 		 9.614507
b8 		 41 		 9.614507
b8 		 42 		 9.614507
b8 		 43 		 9.614507
b8 		 44 		 9.614507
b8 		 45 		 11.862367
b8 		 46 		 9.080753
b8 		 47 		 10.185876
b8 		 48 		 9.614507
b8 		 49 		 9.614507
b8 		 50 		 10.185876
b8 		 51 		 9.614507
b8 		 52 		 9.614507
b8 		 53 		 11.862367
b8 		 54 		 9.614507
b8 		 55 		 10.185876
b8 		 56 		 10.185876
b8 		 57 		 10.185876
b8 		 58 		 9.614507
b8 		 59 		 11.328613
b8 		 60 		 9.614507
b8 		 61 		 10.185876
b8 		 62 		 9.614507
b8 		 63 		 12.06526
b8 		 64 		 9.614507
b8 		 65 		 12.636629
b8 		 66 		 9.614507
b8 		 67 		 11.862367
b8 		 68 		 9.8174
b8 		 69 		 2473.330012
b8 		 70 		 2500.0
b8 		 71 		 9.614507
b8 		 72 		 12.06526
b8 		 73 		 9.614507
b8 		 74 		 11.493892
b8 		 75 		 9.614507
b8 		 76 		 12.06526
b8 		 77 		 10.757244
b8 		 78 		 9.614507
b8 		 79 		 9.614507
b8 		 80 		 9.614507
b8 		 81 		 10.185876
b8 		 82 		 9.614507
b8 		 83 		 10.185876
b8 		 84 		 10.185876
b8 		 85 		 9.614507
b8 		 86 		 9.614507
b8 		 87 		 9.614507
b8 		 88 		 9.614507
b8 		 89 		 9.614507
b8 		 90 		 9.614507
b8 		 91 		 9.614507
b8 		 92 		 9.614507
b8 		 93 		 9.614507
b8 		 94 		 9.614507
b8 		 95 		 9.614507
b8 		 96 		 9.614507
----------------------------------------------------------------------------------------------------
b9 		 1 		 9.614507
b9 		 2 		 9.408671
b9 		 3 		 9.614507
b9 		 4 		 9.614507
b9 		 5 		 9.408671
b9 		 6 		 9.408671
b9 		 7 		 9.408671
b9 		 8 		 9.408671
b9 		 9 		 9.408671
b9 		 10 		 9.408671
b9 		 11 		 9.408671
b9 		 12 		 9.614507
b9 		 13 		 9.408671
b9 		 14 		 9.408671
b9 		 15 		 9.408671
b9 		 16 		 9.408671
b9 		 17 		 9.408671
b9 		 18 		 9.408671
b9 		 19 		 9.408671
b9 		 20 		 9.408671
b9 		 21 		 9.408671
b9 		 22 		 9.408671
b9 		 23 		 9.614507
b9 		 24 		 9.408671
b9 		 25 		 9.457625
b9 		 26 		 9.408671
b9 		 27 		 9.408671
b9 		 28 		 9.457625
b9 		 29 		 9.614507
b9 		 30 		 9.614507
b9 		 31 		 9.614507
b9 		 32 		 9.614507
b9 		 33 		 9.614507
b9 		 34 		 9.614507
b9 		 35 		 9.614507
b9 		 36 		 9.614507
b9 		 37 		 9.614507
b9 		 38 		 9.614507
b9 		 39 		 9.614507
b9 		 40 		 9.614507
b9 		 41 		 9.614507
b9 		 42 		 9.614507
b9 		 43 		 9.614507
b9 		 44 		 9.614507
b9 		 45 		 11.862367
b9 		 46 		 9.080753
b9 		 47 		 10.185876
b9 		 48 		 9.614507
b9 		 49 		 9.614507
b9 		 50 		 10.185876
b9 		 51 		 9.614507
b9 		 52 		 9.614507
b9 		 53 		 11.862367
b9 		 54 		 9.614507
b9 		 55 		 10.185876
b9 		 56 		 10.185876
b9 		 57 		 10.185876
b9 		 58 		 9.614507
b9 		 59 		 11.328613
b9 		 60 		 9.614507
b9 		 61 		 10.185876
b9 		 62 		 9.614507
b9 		 63 		 12.06526
b9 		 64 		 9.614507
b9 		 65 		 12.636629
b9 		 66 		 9.614507
b9 		 67 		 11.862367
b9 		 68 		 9.8174
b9 		 69 		 2473.330012
b9 		 70 		 2500.0
b9 		 71 		 9.614507
b9 		 72 		 12.06526
b9 		 73 		 9.614507
b9 		 74 		 11.493892
b9 		 75 		 9.614507
b9 		 76 		 12.06526
b9 		 77 		 10.757244
b9 		 78 		 9.614507
b9 		 79 		 9.614507
b9 		 80 		 9.614507
b9 		 81 		 10.185876
b9 		 82 		 9.614507
b9 		 83 		 10.185876
b9 		 84 		 10.185876
b9 		 85 		 9.614507
b9 		 86 		 9.614507
b9 		 87 		 9.614507
b9 		 88 		 9.614507
b9 		 89 		 9.614507
b9 		 90 		 9.614507
b9 		 91 		 9.614507
b9 		 92 		 9.614507
b9 		 93 		 9.614507
b9 		 94 		 9.614507
b9 		 95 		 9.614507
b9 		 96 		 9.614507
----------------------------------------------------------------------------------------------------
b10 		 1 		 9.614507
b10 		 2 		 9.408671
b10 		 3 		 9.614507
b10 		 4 		 9.614507
b10 		 5 		 9.408671
b10 		 6 		 9.408671
b10 		 7 		 9.408671
b10 		 8 		 9.408671
b10 		 9 		 9.408671
b10 		 10 		 9.408671
b10 		 11 		 9.408671
b10 		 12 		 9.614507
b10 		 13 		 9.408671
b10 		 14 		 9.408671
b10 		 15 		 9.408671
b10 		 16 		 9.408671
b10 		 17 		 9.408671
b10 		 18 		 9.408671
b10 		 19 		 9.408671
b10 		 20 		 9.408671
b10 		 21 		 9.408671
b10 		 22 		 9.408671
b10 		 23 		 9.614507
b10 		 24 		 9.408671
b10 		 25 		 9.457625
b10 		 26 		 9.408671
b10 		 27 		 9.408671
b10 		 28 		 9.457625
b10 		 29 		 9.614507
b10 		 30 		 9.614507
b10 		 31 		 9.614507
b10 		 32 		 9.614507
b10 		 33 		 9.614507
b10 		 34 		 9.614507
b10 		 35 		 9.614507
b10 		 36 		 9.614507
b10 		 37 		 9.614507
b10 		 38 		 9.614507
b10 		 39 		 9.614507
b10 		 40 		 9.614507
b10 		 41 		 9.614507
b10 		 42 		 9.614507
b10 		 43 		 9.614507
b10 		 44 		 9.614507
b10 		 45 		 11.862367
b10 		 46 		 9.080753
b10 		 47 		 10.185876
b10 		 48 		 9.614507
b10 		 49 		 9.614507
b10 		 50 		 10.185876
b10 		 51 		 9.614507
b10 		 52 		 9.614507
b10 		 53 		 11.862367
b10 		 54 		 9.614507
b10 		 55 		 10.185876
b10 		 56 		 10.185876
b10 		 57 		 10.185876
b10 		 58 		 9.614507
b10 		 59 		 11.328613
b10 		 60 		 9.614507
b10 		 61 		 10.185876
b10 		 62 		 9.614507
b10 		 63 		 12.06526
b10 		 64 		 9.614507
b10 		 65 		 12.636629
b10 		 66 		 9.614507
b10 		 67 		 11.862367
b10 		 68 		 9.8174
b10 		 69 		 2473.330012
b10 		 70 		 2500.0
b10 		 71 		 9.614507
b10 		 72 		 12.06526
b10 		 73 		 9.614507
b10 		 74 		 11.493892
b10 		 75 		 9.614507
b10 		 76 		 12.06526
b10 		 77 		 10.757244
b10 		 78 		 9.614507
b10 		 79 		 9.614507
b10 		 80 		 9.614507
b10 		 81 		 10.185876
b10 		 82 		 9.614507
b10 		 83 		 10.185876
b10 		 84 		 10.185876
b10 		 85 		 9.614507
b10 		 86 		 9.614507
b10 		 87 		 9.614507
b10 		 88 		 9.614507
b10 		 89 		 9.614507
b10 		 90 		 9.614507
b10 		 91 		 9.614507
b10 		 92 		 9.614507
b10 		 93 		 9.614507
b10 		 94 		 9.614507
b10 		 95 		 9.614507
b10 		 96 		 9.614507
----------------------------------------------------------------------------------------------------
b11 		 1 		 9.614507
b11 		 2 		 9.408671
b11 		 3 		 9.614507
b11 		 4 		 9.614507
b11 		 5 		 9.408671
b11 		 6 		 9.408671
b11 		 7 		 9.408671
b11 		 8 		 9.408671
b11 		 9 		 9.408671
b11 		 10 		 9.408671
b11 		 11 		 9.408671
b11 		 12 		 9.614507
b11 		 13 		 9.408671
b11 		 14 		 9.408671
b11 		 15 		 9.408671
b11 		 16 		 9.408671
b11 		 17 		 9.408671
b11 		 18 		 9.408671
b11 		 19 		 9.408671
b11 		 20 		 9.408671
b11 		 21 		 9.408671
b11 		 22 		 9.408671
b11 		 23 		 9.614507
b11 		 24 		 9.408671
b11 		 25 		 9.457625
b11 		 26 		 9.408671
b11 		 27 		 9.408671
b11 		 28 		 9.457625
b11 		 29 		 9.614507
b11 		 30 		 9.614507
b11 		 31 		 9.614507
b11 		 32 		 9.614507
b11 		 33 		 9.614507
b11 		 34 		 9.614507
b11 		 35 		 9.614507
b11 		 36 		 9.614507
b11 		 37 		 9.614507
b11 		 38 		 9.614507
b11 		 39 		 9.614507
b11 		 40 		 9.614507
b11 		 41 		 9.614507
b11 		 42 		 9.614507
b11 		 43 		 9.614507
b11 		 44 		 9.614507
b11 		 45 		 11.862367
b11 		 46 		 9.080753
b11 		 47 		 10.185876
b11 		 48 		 9.614507
b11 		 49 		 9.614507
b11 		 50 		 10.185876
b11 		 51 		 9.614507
b11 		 52 		 9.614507
b11 		 53 		 11.862367
b11 		 54 		 9.614507
b11 		 55 		 10.185876
b11 		 56 		 10.185876
b11 		 57 		 10.185876
b11 		 58 		 9.614507
b11 		 59 		 11.328613
b11 		 60 		 9.614507
b11 		 61 		 10.185876
b11 		 62 		 9.614507
b11 		 63 		 12.06526
b11 		 64 		 9.614507
b11 		 65 		 12.636629
b11 		 66 		 9.614507
b11 		 67 		 11.862367
b11 		 68 		 9.8174
b11 		 69 		 2473.330012
b11 		 70 		 2500.0
b11 		 71 		 9.614507
b11 		 72 		 12.06526
b11 		 73 		 9.614507
b11 		 74 		 11.493892
b11 		 75 		 9.614507
b11 		 76 		 12.06526
b11 		 77 		 10.757244
b11 		 78 		 9.614507
b11 		 79 		 9.614507
b11 		 80 		 9.614507
b11 		 81 		 10.185876
b11 		 82 		 9.614507
b11 		 83 		 10.185876
b11 		 84 		 10.185876
b11 		 85 		 9.614507
b11 		 86 		 9.614507
b11 		 87 		 9.614507
b11 		 88 		 9.614507
b11 		 89 		 9.614507
b11 		 90 		 9.614507
b11 		 91 		 9.614507
b11 		 92 		 9.614507
b11 		 93 		 9.614507
b11 		 94 		 9.614507
b11 		 95 		 9.614507
b11 		 96 		 9.614507
----------------------------------------------------------------------------------------------------
b12 		 1 		 9.614507
b12 		 2 		 9.408671
b12 		 3 		 9.614507
b12 		 4 		 9.614507
b12 		 5 		 9.408671
b12 		 6 		 9.408671
b12 		 7 		 9.408671
b12 		 8 		 9.408671
b12 		 9 		 9.408671
b12 		 10 		 9.408671
b12 		 11 		 9.408671
b12 		 12 		 9.614507
b12 		 13 		 9.408671
b12 		 14 		 9.408671
b12 		 15 		 9.408671
b12 		 16 		 9.408671
b12 		 17 		 9.408671
b12 		 18 		 9.408671
b12 		 19 		 9.408671
b12 		 20 		 9.408671
b12 		 21 		 9.408671
b12 		 22 		 9.408671
b12 		 23 		 9.614507
b12 		 24 		 9.408671
b12 		 25 		 9.457625
b12 		 26 		 9.408671
b12 		 27 		 9.408671
b12 		 28 		 9.457625
b12 		 29 		 9.614507
b12 		 30 		 9.614507
b12 		 31 		 9.614507
b12 		 32 		 9.614507
b12 		 33 		 9.614507
b12 		 34 		 9.614507
b12 		 35 		 9.614507
b12 		 36 		 9.614507
b12 		 37 		 9.614507
b12 		 38 		 9.614507
b12 		 39 		 9.614507
b12 		 40 		 9.614507
b12 		 41 		 9.614507
b12 		 42 		 9.614507
b12 		 43 		 9.614507
b12 		 44 		 9.614507
b12 		 45 		 11.862367
b12 		 46 		 9.080753
b12 		 47 		 10.185876
b12 		 48 		 9.614507
b12 		 49 		 9.614507
b12 		 50 		 10.185876
b12 		 51 		 9.614507
b12 		 52 		 9.614507
b12 		 53 		 11.862367
b12 		 54 		 9.614507
b12 		 55 		 10.185876
b12 		 56 		 10.185876
b12 		 57 		 10.185876
b12 		 58 		 9.614507
b12 		 59 		 11.328613
b12 		 60 		 9.614507
b12 		 61 		 10.185876
b12 		 62 		 9.614507
b12 		 63 		 12.06526
b12 		 64 		 9.614507
b12 		 65 		 12.636629
b12 		 66 		 9.614507
b12 		 67 		 11.862367
b12 		 68 		 9.8174
b12 		 69 		 2473.330012
b12 		 70 		 2500.0
b12 		 71 		 9.614507
b12 		 72 		 12.06526
b12 		 73 		 9.614507
b12 		 74 		 11.493892
b12 		 75 		 9.614507
b12 		 76 		 12.06526
b12 		 77 		 10.757244
b12 		 78 		 9.614507
b12 		 79 		 9.614507
b12 		 80 		 9.614507
b12 		 81 		 10.185876
b12 		 82 		 9.614507
b12 		 83 		 10.185876
b12 		 84 		 10.185876
b12 		 85 		 9.614507
b12 		 86 		 9.614507
b12 		 87 		 9.614507
b12 		 88 		 9.614507
b12 		 89 		 9.614507
b12 		 90 		 9.614507
b12 		 91 		 9.614507
b12 		 92 		 9.614507
b12 		 93 		 9.614507
b12 		 94 		 9.614507
b12 		 95 		 9.614507
b12 		 96 		 9.614507
----------------------------------------------------------------------------------------------------
b13 		 1 		 9.614507
b13 		 2 		 9.408671
b13 		 3 		 9.614507
b13 		 4 		 9.614507
b13 		 5 		 9.408671
b13 		 6 		 9.408671
b13 		 7 		 9.408671
b13 		 8 		 9.408671
b13 		 9 		 9.408671
b13 		 10 		 9.408671
b13 		 11 		 9.408671
b13 		 12 		 9.614507
b13 		 13 		 9.408671
b13 		 14 		 9.408671
b13 		 15 		 9.408671
b13 		 16 		 9.408671
b13 		 17 		 9.408671
b13 		 18 		 9.408671
b13 		 19 		 9.408671
b13 		 20 		 9.408671
b13 		 21 		 9.408671
b13 		 22 		 9.408671
b13 		 23 		 9.614507
b13 		 24 		 9.408671
b13 		 25 		 9.457625
b13 		 26 		 9.408671
b13 		 27 		 9.408671
b13 		 28 		 9.457625
b13 		 29 		 9.614507
b13 		 30 		 9.614507
b13 		 31 		 9.614507
b13 		 32 		 9.614507
b13 		 33 		 9.614507
b13 		 34 		 9.614507
b13 		 35 		 9.614507
b13 		 36 		 9.614507
b13 		 37 		 9.614507
b13 		 38 		 9.614507
b13 		 39 		 9.614507
b13 		 40 		 9.614507
b13 		 41 		 9.614507
b13 		 42 		 9.614507
b13 		 43 		 9.614507
b13 		 44 		 9.614507
b13 		 45 		 11.862367
b13 		 46 		 9.080753
b13 		 47 		 10.185876
b13 		 48 		 9.614507
b13 		 49 		 9.614507
b13 		 50 		 10.185876
b13 		 51 		 9.614507
b13 		 52 		 9.614507
b13 		 53 		 11.862367
b13 		 54 		 9.614507
b13 		 55 		 10.185876
b13 		 56 		 10.185876
b13 		 57 		 10.185876
b13 		 58 		 9.614507
b13 		 59 		 11.328613
b13 		 60 		 9.614507
b13 		 61 		 10.185876
b13 		 62 		 9.614507
b13 		 63 		 12.06526
b13 		 64 		 9.614507
b13 		 65 		 12.636629
b13 		 66 		 9.614507
b13 		 67 		 11.862367
b13 		 68 		 9.8174
b13 		 69 		 2473.330012
b13 		 70 		 2500.0
b13 		 71 		 9.614507
b13 		 72 		 12.06526
b13 		 73 		 9.614507
b13 		 74 		 11.493892
b13 		 75 		 9.614507
b13 		 76 		 12.06526
b13 		 77 		 10.757244
b13 		 78 		 9.614507
b13 		 79 		 9.614507
b13 		 80 		 9.614507
b13 		 81 		 10.185876
b13 		 82 		 9.614507
b13 		 83 		 10.185876
b13 		 84 		 10.185876
b13 		 85 		 9.614507
b13 		 86 		 9.614507
b13 		 87 		 9.614507
b13 		 88 		 9.614507
b13 		 89 		 9.614507
b13 		 90 		 9.614507
b13 		 91 		 9.614507
b13 		 92 		 9.614507
b13 		 93 		 9.614507
b13 		 94 		 9.614507
b13 		 95 		 9.614507
b13 		 96 		 9.614507
----------------------------------------------------------------------------------------------------
b14 		 1 		 9.614507
b14 		 2 		 9.408671
b14 		 3 		 9.614507
b14 		 4 		 9.614507
b14 		 5 		 9.408671
b14 		 6 		 9.408671
b14 		 7 		 9.408671
b14 		 8 		 9.408671
b14 		 9 		 9.408671
b14 		 10 		 9.408671
b14 		 11 		 9.408671
b14 		 12 		 9.614507
b14 		 13 		 9.408671
b14 		 14 		 9.408671
b14 		 15 		 9.408671
b14 		 16 		 9.408671
b14 		 17 		 9.408671
b14 		 18 		 9.408671
b14 		 19 		 9.408671
b14 		 20 		 9.408671
b14 		 21 		 9.408671
b14 		 22 		 9.408671
b14 		 23 		 9.614507
b14 		 24 		 9.408671
b14 		 25 		 9.457625
b14 		 26 		 9.408671
b14 		 27 		 9.408671
b14 		 28 		 9.457625
b14 		 29 		 9.614507
b14 		 30 		 9.614507
b14 		 31 		 9.614507
b14 		 32 		 9.614507
b14 		 33 		 9.614507
b14 		 34 		 9.614507
b14 		 35 		 9.614507
b14 		 36 		 9.614507
b14 		 37 		 9.614507
b14 		 38 		 9.614507
b14 		 39 		 9.614507
b14 		 40 		 9.614507
b14 		 41 		 9.614507
b14 		 42 		 9.614507
b14 		 43 		 9.614507
b14 		 44 		 9.614507
b14 		 45 		 11.862367
b14 		 46 		 9.080753
b14 		 47 		 10.185876
b14 		 48 		 9.614507
b14 		 49 		 9.614507
b14 		 50 		 10.185876
b14 		 51 		 9.614507
b14 		 52 		 9.614507
b14 		 53 		 11.862367
b14 		 54 		 9.614507
b14 		 55 		 10.185876
b14 		 56 		 10.185876
b14 		 57 		 10.185876
b14 		 58 		 9.614507
b14 		 59 		 11.328613
b14 		 60 		 9.614507
b14 		 61 		 10.185876
b14 		 62 		 9.614507
b14 		 63 		 12.06526
b14 		 64 		 9.614507
b14 		 65 		 12.636629
b14 		 66 		 9.614507
b14 		 67 		 11.862367
b14 		 68 		 9.8174
b14 		 69 		 2473.330012
b14 		 70 		 2500.0
b14 		 71 		 9.614507
b14 		 72 		 12.06526
b14 		 73 		 9.614507
b14 		 74 		 11.493892
b14 		 75 		 9.614507
b14 		 76 		 12.06526
b14 		 77 		 10.757244
b14 		 78 		 9.614507
b14 		 79 		 9.614507
b14 		 80 		 9.614507
b14 		 81 		 10.185876
b14 		 82 		 9.614507
b14 		 83 		 10.185876
b14 		 84 		 10.185876
b14 		 85 		 9.614507
b14 		 86 		 9.614507
b14 		 87 		 9.614507
b14 		 88 		 9.614507
b14 		 89 		 9.614507
b14 		 90 		 9.614507
b14 		 91 		 9.614507
b14 		 92 		 9.614507
b14 		 93 		 9.614507
b14 		 94 		 9.614507
b14 		 95 		 9.614507
b14 		 96 		 9.614507
----------------------------------------------------------------------------------------------------
Total overall payments
----------------------------------------------------------------------------------------------------------------------------------------------------
total generation payment 	 total up-FRP payment 	 total dw-FRP payment 	 total pre-up t. payment 	 uplift payment 	 total post-up t. payment 	 profit
----------------------------------------------------------------------------------------------------------------------------------------------------
451638.726217 			 1157.060937 			 0.0 			 452795.78715399996			 17935.212892 			 470731.00004599994 			 139497.248212
