****************************************************************************************************
 
Generation payment
----------------------------------------------------------------------------------------------------------------
unit	 time 	 generation payment 	 up-FRP payment 	 dw-FRP payment 	pre-up total payment
----------------------------------------------------------------------------------------------------------------
g1	 1 	 9912.237773 			 0.0 			 0.0			 9912.237773 
g1	 2 	 8341.298071 			 0.0 			 0.0			 8341.298071 
g1	 3 	 7888.782394 			 0.0 			 0.0			 7888.782394 
g1	 4 	 7661.334547 			 0.0 			 0.0			 7661.334547 
g1	 5 	 7720.831219 			 0.0 			 0.0			 7720.831219 
g1	 6 	 8231.145114 			 0.0 			 0.0			 8231.145114 
g1	 7 	 9059.340368 			 0.0 			 0.0			 9059.340368 
g1	 8 	 9435.235639 			 0.0 			 0.0			 9435.235639 
g1	 9 	 9624.676937 			 0.0 			 0.0			 9624.676937 
g1	 10 	 10435.901756 			 0.0 			 0.0			 10435.901756 
g1	 11 	 11396.865987 			 0.0 			 0.0			 11396.865987 
g1	 12 	 11288.959026 			 0.0 			 0.0			 11288.959026 
g1	 13 	 11946.62478 			 0.0 			 0.0			 11946.62478 
g1	 14 	 12455.247212 			 0.0 			 0.0			 12455.247212 
g1	 15 	 13319.480201 			 0.0 			 0.0			 13319.480201 
g1	 16 	 13319.480201 			 0.0 			 0.0			 13319.480201 
g1	 17 	 13319.480201 			 0.0 			 0.0			 13319.480201 
g1	 18 	 13319.480201 			 0.0 			 0.0			 13319.480201 
g1	 19 	 13237.520366 			 4.597471 			 0.0			 13242.117837 
g1	 20 	 12043.902826 			 0.0 			 0.0			 12043.902826 
g1	 21 	 11871.581628 			 0.0 			 0.0			 11871.581628 
g1	 22 	 10712.527492 			 146.234913 			 0.0			 10858.762405 
g1	 23 	 18192.534431 			 2130.621091 			 0.0			 20323.155522 
g1	 24 	 10678.134189 			 0.0 			 0.0			 10678.134189 
----------------------------------------------------------------------------------------------------
g2	 1 	 0.0 			 0.0 			 0.0			 0.0 
g2	 2 	 0.0 			 0.0 			 0.0			 0.0 
g2	 3 	 0.0 			 0.0 			 0.0			 0.0 
g2	 4 	 0.0 			 0.0 			 0.0			 0.0 
g2	 5 	 0.0 			 0.0 			 0.0			 0.0 
g2	 6 	 0.0 			 0.0 			 0.0			 0.0 
g2	 7 	 0.0 			 0.0 			 0.0			 0.0 
g2	 8 	 436.421754 			 0.0 			 0.0			 436.421754 
g2	 9 	 1292.134703 			 0.0 			 0.0			 1292.134703 
g2	 10 	 1292.134703 			 0.0 			 0.0			 1292.134703 
g2	 11 	 1292.134703 			 0.0 			 0.0			 1292.134703 
g2	 12 	 1292.134703 			 0.0 			 0.0			 1292.134703 
g2	 13 	 1292.134703 			 0.0 			 0.0			 1292.134703 
g2	 14 	 1292.134703 			 0.0 			 0.0			 1292.134703 
g2	 15 	 1594.909559 			 0.0 			 0.0			 1594.909559 
g2	 16 	 1755.385994 			 0.0 			 0.0			 1755.385994 
g2	 17 	 2000.886379 			 0.0 			 0.0			 2000.886379 
g2	 18 	 1911.078327 			 0.0 			 0.0			 1911.078327 
g2	 19 	 1377.63118 			 204.184247 			 0.0			 1581.815427 
g2	 20 	 1292.134703 			 0.0 			 0.0			 1292.134703 
g2	 21 	 1292.134703 			 0.0 			 0.0			 1292.134703 
g2	 22 	 2234.915512 			 0.0 			 0.0			 2234.915512 
g2	 23 	 0.0 			 0.0 			 0.0			 0.0 
g2	 24 	 0.0 			 0.0 			 0.0			 0.0 
----------------------------------------------------------------------------------------------------
g3	 1 	 0.0 			 0.0 			 0.0			 0.0 
g3	 2 	 0.0 			 0.0 			 0.0			 0.0 
g3	 3 	 0.0 			 0.0 			 0.0			 0.0 
g3	 4 	 0.0 			 0.0 			 0.0			 0.0 
g3	 5 	 0.0 			 0.0 			 0.0			 0.0 
g3	 6 	 0.0 			 0.0 			 0.0			 0.0 
g3	 7 	 0.0 			 0.0 			 0.0			 0.0 
g3	 8 	 0.0 			 0.0 			 0.0			 0.0 
g3	 9 	 0.0 			 0.0 			 0.0			 0.0 
g3	 10 	 0.0 			 0.0 			 0.0			 0.0 
g3	 11 	 0.0 			 0.0 			 0.0			 0.0 
g3	 12 	 842.004971 			 0.0 			 0.0			 842.004971 
g3	 13 	 842.004971 			 0.0 			 0.0			 842.004971 
g3	 14 	 842.004971 			 0.0 			 0.0			 842.004971 
g3	 15 	 892.043429 			 0.0 			 0.0			 892.043429 
g3	 16 	 892.043429 			 0.0 			 0.0			 892.043429 
g3	 17 	 892.043429 			 0.0 			 0.0			 892.043429 
g3	 18 	 892.043429 			 0.0 			 0.0			 892.043429 
g3	 19 	 892.043429 			 132.328945 			 0.0			 1024.372374 
g3	 20 	 842.004971 			 0.0 			 0.0			 842.004971 
g3	 21 	 842.004971 			 0.0 			 0.0			 842.004971 
g3	 22 	 892.043429 			 82.290489 			 0.0			 974.333918 
g3	 23 	 2962.142674 			 0.0 			 0.0			 2962.142674 
g3	 24 	 0.0 			 0.0 			 0.0			 0.0 
----------------------------------------------------------------------------------------------------
g4	 1 	 0.0 			 0.0 			 0.0			 0.0 
g4	 2 	 0.0 			 0.0 			 0.0			 0.0 
g4	 3 	 0.0 			 0.0 			 0.0			 0.0 
g4	 4 	 0.0 			 0.0 			 0.0			 0.0 
g4	 5 	 0.0 			 0.0 			 0.0			 0.0 
g4	 6 	 0.0 			 0.0 			 0.0			 0.0 
g4	 7 	 0.0 			 0.0 			 0.0			 0.0 
g4	 8 	 0.0 			 0.0 			 0.0			 0.0 
g4	 9 	 0.0 			 0.0 			 0.0			 0.0 
g4	 10 	 0.0 			 0.0 			 0.0			 0.0 
g4	 11 	 0.0 			 0.0 			 0.0			 0.0 
g4	 12 	 0.0 			 0.0 			 0.0			 0.0 
g4	 13 	 0.0 			 0.0 			 0.0			 0.0 
g4	 14 	 0.0 			 0.0 			 0.0			 0.0 
g4	 15 	 0.0 			 0.0 			 0.0			 0.0 
g4	 16 	 0.0 			 0.0 			 0.0			 0.0 
g4	 17 	 0.0 			 0.0 			 0.0			 0.0 
g4	 18 	 0.0 			 0.0 			 0.0			 0.0 
g4	 19 	 0.0 			 0.0 			 0.0			 0.0 
g4	 20 	 0.0 			 0.0 			 0.0			 0.0 
g4	 21 	 0.0 			 0.0 			 0.0			 0.0 
g4	 22 	 0.0 			 0.0 			 0.0			 0.0 
g4	 23 	 0.0 			 0.0 			 0.0			 0.0 
g4	 24 	 0.0 			 0.0 			 0.0			 0.0 
----------------------------------------------------------------------------------------------------
g5	 1 	 0.0 			 0.0 			 0.0			 0.0 
g5	 2 	 870.174712 			 0.0 			 0.0			 870.174712 
g5	 3 	 870.174712 			 0.0 			 0.0			 870.174712 
g5	 4 	 870.174712 			 0.0 			 0.0			 870.174712 
g5	 5 	 870.174712 			 0.0 			 0.0			 870.174712 
g5	 6 	 870.174712 			 0.0 			 0.0			 870.174712 
g5	 7 	 870.174712 			 0.0 			 0.0			 870.174712 
g5	 8 	 874.702271 			 0.0 			 0.0			 874.702271 
g5	 9 	 889.211779 			 0.0 			 0.0			 889.211779 
g5	 10 	 889.211779 			 0.0 			 0.0			 889.211779 
g5	 11 	 889.211779 			 0.0 			 0.0			 889.211779 
g5	 12 	 889.211779 			 0.0 			 0.0			 889.211779 
g5	 13 	 889.211779 			 0.0 			 0.0			 889.211779 
g5	 14 	 889.211779 			 0.0 			 0.0			 889.211779 
g5	 15 	 942.055631 			 0.0 			 0.0			 942.055631 
g5	 16 	 942.055631 			 0.0 			 0.0			 942.055631 
g5	 17 	 942.055631 			 0.0 			 0.0			 942.055631 
g5	 18 	 942.055631 			 0.0 			 0.0			 942.055631 
g5	 19 	 942.055631 			 136.785619 			 0.0			 1078.84125 
g5	 20 	 889.211779 			 0.0 			 0.0			 889.211779 
g5	 21 	 889.211779 			 0.0 			 0.0			 889.211779 
g5	 22 	 942.055631 			 136.785619 			 0.0			 1078.84125 
g5	 23 	 1798.234282 			 1893.231639 			 0.0			 3691.465921 
g5	 24 	 889.211779 			 0.0 			 0.0			 889.211779 
----------------------------------------------------------------------------------------------------------------
unit 	 generation payment 	 up-FRP payment 	 dw-FRP payment 	pre-up total payment
----------------------------------------------------------------------------------------------------------------
 g1 	 265412.602559			 2281.453475			 0.000000			 267694.056034
 g2 	 21648.306329			 204.184247			 0.000000			 21852.490576
 g3 	 12524.428103			 214.619434			 0.000000			 12739.047537
 g4 	 0.000000			 0.000000			 0.000000			 0.000000
 g5 	 21549.224622			 2166.802877			 0.000000			 23716.027499
----------------------------------------------------------------------------------------------------
generation payment 	 up-FRP payment 	 dw-FRP payment 	 pre-up total payment
----------------------------------------------------------------------------------------------------
321134.561613 			 4867.060033 			 0.0 			 326001.621646
 
****************************************************************************************************
 
Generation costs
----------------------------------------------------------------------------------------------------
unit	 time 	 generation cost 	 start-up cost  	total cost
----------------------------------------------------------------------------------------------------
g1	 1 	 9572.836703 			 0.0 			9572.836703
g1	 2 	 8207.245969 			 0.0 			8207.245969
g1	 3 	 7754.730289 			 0.0 			7754.730289
g1	 4 	 7527.28244 			 0.0 			7527.28244
g1	 5 	 7586.779113 			 0.0 			7586.779113
g1	 6 	 8097.093012 			 0.0 			8097.093012
g1	 7 	 8925.288272 			 0.0 			8925.288272
g1	 8 	 9252.345705 			 0.0 			9252.345705
g1	 9 	 9285.275874 			 0.0 			9285.275874
g1	 10 	 10096.500694 			 0.0 			10096.500694
g1	 11 	 11057.464928 			 0.0 			11057.464928
g1	 12 	 10949.557989 			 0.0 			10949.557989
g1	 13 	 11607.223746 			 0.0 			11607.223746
g1	 14 	 12115.846179 			 0.0 			12115.846179
g1	 15 	 12232.933635 			 0.0 			12232.933635
g1	 16 	 12232.933635 			 0.0 			12232.933635
g1	 17 	 12232.933635 			 0.0 			12232.933635
g1	 18 	 12232.933635 			 0.0 			12232.933635
g1	 19 	 12155.571271 			 0.0 			12155.571271
g1	 20 	 11704.501792 			 0.0 			11704.501792
g1	 21 	 11532.180593 			 0.0 			11532.180593
g1	 22 	 9772.215817 			 0.0 			9772.215817
g1	 23 	 9642.612275 			 0.0 			9642.612275
g1	 24 	 10338.733126 			 0.0 			10338.733126
----------------------------------------------------------------------------------------------------
g2	 1 	 0.0 			 0.0 			0.0
g2	 2 	 0.0 			 0.0 			0.0
g2	 3 	 0.0 			 0.0 			0.0
g2	 4 	 0.0 			 0.0 			0.0
g2	 5 	 0.0 			 0.0 			0.0
g2	 6 	 0.0 			 0.0 			0.0
g2	 7 	 0.0 			 0.0 			0.0
g2	 8 	 1304.45773 			 10598.13 			11902.58773
g2	 9 	 2139.086578 			 0.0 			2139.086578
g2	 10 	 2139.086578 			 0.0 			2139.086578
g2	 11 	 2139.086578 			 0.0 			2139.086578
g2	 12 	 2139.086578 			 0.0 			2139.086578
g2	 13 	 2139.086578 			 0.0 			2139.086578
g2	 14 	 2139.086578 			 0.0 			2139.086578
g2	 15 	 2365.072795 			 0.0 			2365.072795
g2	 16 	 2525.54923 			 0.0 			2525.54923
g2	 17 	 2771.049614 			 0.0 			2771.049614
g2	 18 	 2681.241562 			 0.0 			2681.241562
g2	 19 	 2147.794416 			 0.0 			2147.794416
g2	 20 	 2139.086578 			 0.0 			2139.086578
g2	 21 	 2139.086578 			 0.0 			2139.086578
g2	 22 	 3005.078723 			 0.0 			3005.078723
g2	 23 	 0.0 			 0.0 			0.0
g2	 24 	 0.0 			 0.0 			0.0
----------------------------------------------------------------------------------------------------
g3	 1 	 0.0 			 0.0 			0.0
g3	 2 	 0.0 			 0.0 			0.0
g3	 3 	 0.0 			 0.0 			0.0
g3	 4 	 0.0 			 0.0 			0.0
g3	 5 	 0.0 			 0.0 			0.0
g3	 6 	 0.0 			 0.0 			0.0
g3	 7 	 0.0 			 0.0 			0.0
g3	 8 	 0.0 			 0.0 			0.0
g3	 9 	 0.0 			 0.0 			0.0
g3	 10 	 0.0 			 0.0 			0.0
g3	 11 	 0.0 			 0.0 			0.0
g3	 12 	 1403.817649 			 4595.43 			5999.247649
g3	 13 	 1403.817649 			 0.0 			1403.817649
g3	 14 	 1403.817649 			 0.0 			1403.817649
g3	 15 	 1403.817649 			 0.0 			1403.817649
g3	 16 	 1403.817649 			 0.0 			1403.817649
g3	 17 	 1403.817649 			 0.0 			1403.817649
g3	 18 	 1403.817649 			 0.0 			1403.817649
g3	 19 	 1403.817649 			 0.0 			1403.817649
g3	 20 	 1403.817649 			 0.0 			1403.817649
g3	 21 	 1403.817649 			 0.0 			1403.817649
g3	 22 	 1403.817649 			 0.0 			1403.817649
g3	 23 	 2372.321323 			 0.0 			2372.321323
g3	 24 	 0.0 			 0.0 			0.0
----------------------------------------------------------------------------------------------------
g4	 1 	 0.0 			 0.0 			0.0
g4	 2 	 0.0 			 0.0 			0.0
g4	 3 	 0.0 			 0.0 			0.0
g4	 4 	 0.0 			 0.0 			0.0
g4	 5 	 0.0 			 0.0 			0.0
g4	 6 	 0.0 			 0.0 			0.0
g4	 7 	 0.0 			 0.0 			0.0
g4	 8 	 0.0 			 0.0 			0.0
g4	 9 	 0.0 			 0.0 			0.0
g4	 10 	 0.0 			 0.0 			0.0
g4	 11 	 0.0 			 0.0 			0.0
g4	 12 	 0.0 			 0.0 			0.0
g4	 13 	 0.0 			 0.0 			0.0
g4	 14 	 0.0 			 0.0 			0.0
g4	 15 	 0.0 			 0.0 			0.0
g4	 16 	 0.0 			 0.0 			0.0
g4	 17 	 0.0 			 0.0 			0.0
g4	 18 	 0.0 			 0.0 			0.0
g4	 19 	 0.0 			 0.0 			0.0
g4	 20 	 0.0 			 0.0 			0.0
g4	 21 	 0.0 			 0.0 			0.0
g4	 22 	 0.0 			 0.0 			0.0
g4	 23 	 0.0 			 0.0 			0.0
g4	 24 	 0.0 			 0.0 			0.0
----------------------------------------------------------------------------------------------------
g5	 1 	 0.0 			 0.0 			0.0
g5	 2 	 1395.386125 			 6821.79 			8217.176125
g5	 3 	 1395.386125 			 0.0 			1395.386125
g5	 4 	 1395.386125 			 0.0 			1395.386125
g5	 5 	 1395.386125 			 0.0 			1395.386125
g5	 6 	 1395.386125 			 0.0 			1395.386125
g5	 7 	 1395.386125 			 0.0 			1395.386125
g5	 8 	 1395.386125 			 0.0 			1395.386125
g5	 9 	 1395.386125 			 0.0 			1395.386125
g5	 10 	 1395.386125 			 0.0 			1395.386125
g5	 11 	 1395.386125 			 0.0 			1395.386125
g5	 12 	 1395.386125 			 0.0 			1395.386125
g5	 13 	 1395.386125 			 0.0 			1395.386125
g5	 14 	 1395.386125 			 0.0 			1395.386125
g5	 15 	 1395.386125 			 0.0 			1395.386125
g5	 16 	 1395.386125 			 0.0 			1395.386125
g5	 17 	 1395.386125 			 0.0 			1395.386125
g5	 18 	 1395.386125 			 0.0 			1395.386125
g5	 19 	 1395.386125 			 0.0 			1395.386125
g5	 20 	 1395.386125 			 0.0 			1395.386125
g5	 21 	 1395.386125 			 0.0 			1395.386125
g5	 22 	 1395.386125 			 0.0 			1395.386125
g5	 23 	 1507.11162 			 0.0 			1507.11162
g5	 24 	 1395.386125 			 0.0 			1395.386125
----------------------------------------------------------------------------------------------------
 
unit 	 generation 	 generation cost 	 start-up cost 	 total cost
----------------------------------------------------------------------------------------------------
g1 	 6607.109575			246113.020327			 0.000000		 246113.020327
g2 	 547.233765			33912.936694			 10598.130000		 44511.066694
g3 	 283.096793			17814.315462			 4595.430000		 22409.745462
g4 	 0.000000			0.000000			 0.000000		 0.000000
g5 	 534.331266			32205.606370			 6821.790000		 39027.396370
----------------------------------------------------------------------------------------------------
 
generation cost 	 start-up cost 		 total cost
----------------------------------------------------------------------------------------------------
330045.87885299994 			 22015.35 			 352061.228853
----------------------------------------------------------------------------------------------------
uplift payment for generator g1: 0.0
uplift payment for generator g2: 22658.576118
uplift payment for generator g3: 9670.697925
uplift payment for generator g4: 0.0
uplift payment for generator g5: 15311.368871
 
****************************************************************************************************
 
dam Systemwide prices
----------------------------------------------------------------------------------------------------
time	 energy 	 up-FRP 	 dw-FRP
----------------------------------------------------------------------------------------------------
1 	 38.458029 		 0.0 		 0.0
2 	 37.634684 		 0.0 		 0.0
3 	 37.634684 		 0.0 		 0.0
4 	 37.634684 		 0.0 		 0.0
5 	 37.634684 		 0.0 		 0.0
6 	 37.634684 		 0.0 		 0.0
7 	 37.634684 		 0.0 		 0.0
8 	 37.830499 		 0.0 		 0.0
9 	 38.458029 		 0.0 		 0.0
10 	 38.458029 		 0.0 		 0.0
11 	 38.458029 		 0.0 		 0.0
12 	 38.458029 		 0.0 		 0.0
13 	 38.458029 		 0.0 		 0.0
14 	 38.458029 		 0.0 		 0.0
15 	 40.743503 		 0.0 		 0.0
16 	 40.743503 		 0.0 		 0.0
17 	 40.743503 		 0.0 		 0.0
18 	 40.743503 		 0.0 		 0.0
19 	 40.743503 		 2.285474 		 0.0
20 	 38.458029 		 0.0 		 0.0
21 	 38.458029 		 0.0 		 0.0
22 	 40.743503 		 2.285474 		 0.0
23 	 70.090972 		 31.632943 		 0.0
24 	 38.458029 		 0.0 		 0.0
 
****************************************************************************************************
 
dam Post-uplift payments
----------------------------------------------------------------------------------------------------------------------------------------------------
unit 	 generation payment 	 up-FRP payment 	 dw-FRP payment 	pre-up t. payment 	 uplift payments 	 post-up t. payment 	 profit
----------------------------------------------------------------------------------------------------------------------------------------------------
 g1 	 265412.602559			 2281.453475			 0.000000			 267694.056034			 0.000000			 267694.056034		 21581.035707
 g2 	 21648.306329			 204.184247			 0.000000			 21852.490576			 22658.576118			 44511.066694		 0.000000
 g3 	 12524.428103			 214.619434			 0.000000			 12739.047537			 9670.697925			 22409.745462		 0.000000
 g4 	 0.000000			 0.000000			 0.000000			 0.000000			 0.000000			 0.000000		 0.000000
 g5 	 21549.224622			 2166.802877			 0.000000			 23716.027499			 15311.368871			 39027.396370		 0.000000
