****************************************************************************************************
 
Generation payment
----------------------------------------------------------------------------------------------------------------
unit	 time 	 generation payment 	 up-FRP payment 	 dw-FRP payment 	pre-up total payment
----------------------------------------------------------------------------------------------------------------
g1	 1 	 328.586958 			 0.0 			 0.0			 328.586958 
g1	 2 	 187.228342 			 0.0 			 0.0			 187.228342 
g1	 3 	 254.551957 			 0.0 			 0.0			 254.551957 
g1	 4 	 140.597032 			 0.0 			 0.0			 140.597032 
g1	 5 	 83.843019 			 0.0 			 0.0			 83.843019 
g1	 6 	 155.960708 			 0.0 			 0.0			 155.960708 
g1	 7 	 142.519622 			 0.0 			 0.0			 142.519622 
g1	 8 	 273.592296 			 0.0 			 0.0			 273.592296 
g1	 9 	 130.676702 			 0.0 			 0.0			 130.676702 
g1	 10 	 89.369259 			 0.0 			 0.0			 89.369259 
g1	 11 	 77.395709 			 0.0 			 0.0			 77.395709 
g1	 12 	 167.521886 			 0.0 			 0.0			 167.521886 
g1	 13 	 134.211625 			 0.0 			 0.0			 134.211625 
g1	 14 	 160.964861 			 0.0 			 0.0			 160.964861 
g1	 15 	 82.475441 			 0.0 			 0.0			 82.475441 
g1	 16 	 139.600215 			 0.0 			 0.0			 139.600215 
g1	 17 	 136.230198 			 0.0 			 0.0			 136.230198 
g1	 18 	 41.993825 			 0.0 			 0.0			 41.993825 
g1	 19 	 236.748742 			 0.0 			 0.0			 236.748742 
g1	 20 	 174.35005 			 0.0 			 0.0			 174.35005 
g1	 21 	 237.229701 			 0.0 			 0.0			 237.229701 
g1	 22 	 88.338605 			 0.0 			 0.0			 88.338605 
g1	 23 	 271.299005 			 0.0 			 0.0			 271.299005 
g1	 24 	 251.504918 			 0.0 			 0.0			 251.504918 
g1	 25 	 98.58541 			 0.0 			 0.0			 98.58541 
g1	 26 	 159.844266 			 0.0 			 0.0			 159.844266 
g1	 27 	 159.844266 			 0.0 			 0.0			 159.844266 
g1	 28 	 144.066982 			 0.0 			 0.0			 144.066982 
g1	 29 	 301.309198 			 0.0 			 0.0			 301.309198 
g1	 30 	 149.825908 			 0.0 			 0.0			 149.825908 
g1	 31 	 149.825908 			 0.0 			 0.0			 149.825908 
g1	 32 	 149.825908 			 0.0 			 0.0			 149.825908 
g1	 33 	 164.243671 			 0.0 			 0.0			 164.243671 
g1	 34 	 217.288752 			 0.0 			 0.0			 217.288752 
g1	 35 	 202.030309 			 0.0 			 0.0			 202.030309 
g1	 36 	 85.592379 			 0.0 			 0.0			 85.592379 
g1	 37 	 157.911951 			 0.0 			 0.0			 157.911951 
g1	 38 	 111.307234 			 0.0 			 0.0			 111.307234 
g1	 39 	 33.562196 			 0.0 			 0.0			 33.562196 
g1	 40 	 413.144634 			 0.0 			 0.0			 413.144634 
g1	 41 	 320.511551 			 0.0 			 0.0			 320.511551 
g1	 42 	 95.087897 			 0.0 			 0.0			 95.087897 
g1	 43 	 195.051955 			 0.0 			 0.0			 195.051955 
g1	 44 	 182.11777 			 0.0 			 0.0			 182.11777 
g1	 45 	 276.549548 			 0.0 			 0.0			 276.549548 
g1	 46 	 -89.112452 			 0.0 			 0.0			 -89.112452 
g1	 47 	 276.549548 			 0.0 			 0.0			 276.549548 
g1	 48 	 276.549548 			 0.0 			 0.0			 276.549548 
g1	 49 	 172.152509 			 0.0 			 0.0			 172.152509 
g1	 50 	 172.152509 			 0.0 			 0.0			 172.152509 
g1	 51 	 172.152509 			 0.0 			 0.0			 172.152509 
g1	 52 	 73.431316 			 0.0 			 0.0			 73.431316 
g1	 53 	 181.809257 			 0.0 			 0.0			 181.809257 
g1	 54 	 172.152509 			 0.0 			 0.0			 172.152509 
g1	 55 	 172.152509 			 0.0 			 0.0			 172.152509 
g1	 56 	 31.392327 			 0.0 			 0.0			 31.392327 
g1	 57 	 200.487051 			 0.0 			 0.0			 200.487051 
g1	 58 	 172.152509 			 0.0 			 0.0			 172.152509 
g1	 59 	 172.152509 			 0.0 			 0.0			 172.152509 
g1	 60 	 172.152509 			 0.0 			 0.0			 172.152509 
g1	 61 	 194.259418 			 0.0 			 0.0			 194.259418 
g1	 62 	 172.152509 			 0.0 			 0.0			 172.152509 
g1	 63 	 194.259418 			 0.0 			 0.0			 194.259418 
g1	 64 	 194.259418 			 0.0 			 0.0			 194.259418 
g1	 65 	 194.259418 			 0.0 			 0.0			 194.259418 
g1	 66 	 194.259418 			 0.0 			 0.0			 194.259418 
g1	 67 	 200.487051 			 0.0 			 0.0			 200.487051 
g1	 68 	 122.934702 			 0.0 			 0.0			 122.934702 
g1	 69 	 197.688533 			 0.0 			 0.0			 197.688533 
g1	 70 	 194.259418 			 0.0 			 0.0			 194.259418 
g1	 71 	 194.259418 			 0.0 			 0.0			 194.259418 
g1	 72 	 172.152509 			 0.0 			 0.0			 172.152509 
g1	 73 	 172.152509 			 0.0 			 0.0			 172.152509 
g1	 74 	 172.152509 			 0.0 			 0.0			 172.152509 
g1	 75 	 80.692673 			 0.0 			 0.0			 80.692673 
g1	 76 	 181.809257 			 0.0 			 0.0			 181.809257 
g1	 77 	 172.152509 			 0.0 			 0.0			 172.152509 
g1	 78 	 82.085853 			 0.0 			 0.0			 82.085853 
g1	 79 	 172.152509 			 0.0 			 0.0			 172.152509 
g1	 80 	 172.152509 			 0.0 			 0.0			 172.152509 
g1	 81 	 172.152509 			 0.0 			 0.0			 172.152509 
g1	 82 	 102.468877 			 0.0 			 0.0			 102.468877 
g1	 83 	 172.152509 			 0.0 			 0.0			 172.152509 
g1	 84 	 172.152509 			 0.0 			 0.0			 172.152509 
g1	 85 	 -23.674329 			 0.0 			 0.0			 -23.674329 
g1	 86 	 172.152509 			 0.0 			 0.0			 172.152509 
g1	 87 	 172.152509 			 0.0 			 0.0			 172.152509 
g1	 88 	 172.152509 			 0.0 			 0.0			 172.152509 
g1	 89 	 9.633524 			 0.0 			 0.0			 9.633524 
g1	 90 	 284.893802 			 0.0 			 0.0			 284.893802 
g1	 91 	 -13.152684 			 0.0 			 0.0			 -13.152684 
g1	 92 	 387.50036 			 0.0 			 0.0			 387.50036 
g1	 93 	 139.476182 			 0.0 			 0.0			 139.476182 
g1	 94 	 197.662563 			 0.0 			 0.0			 197.662563 
g1	 95 	 349.237045 			 0.0 			 0.0			 349.237045 
g1	 96 	 280.402818 			 0.0 			 0.0			 280.402818 
----------------------------------------------------------------------------------------------------
g2	 1 	 0.0 			 0.0 			 0.0			 0.0 
g2	 2 	 0.0 			 0.0 			 0.0			 0.0 
g2	 3 	 0.0 			 0.0 			 0.0			 0.0 
g2	 4 	 0.0 			 0.0 			 0.0			 0.0 
g2	 5 	 0.0 			 0.0 			 0.0			 0.0 
g2	 6 	 0.0 			 0.0 			 0.0			 0.0 
g2	 7 	 0.0 			 0.0 			 0.0			 0.0 
g2	 8 	 0.0 			 0.0 			 0.0			 0.0 
g2	 9 	 0.0 			 0.0 			 0.0			 0.0 
g2	 10 	 0.0 			 0.0 			 0.0			 0.0 
g2	 11 	 0.0 			 0.0 			 0.0			 0.0 
g2	 12 	 0.0 			 0.0 			 0.0			 0.0 
g2	 13 	 0.0 			 0.0 			 0.0			 0.0 
g2	 14 	 0.0 			 0.0 			 0.0			 0.0 
g2	 15 	 0.0 			 0.0 			 0.0			 0.0 
g2	 16 	 0.0 			 0.0 			 0.0			 0.0 
g2	 17 	 0.0 			 0.0 			 0.0			 0.0 
g2	 18 	 0.0 			 0.0 			 0.0			 0.0 
g2	 19 	 0.0 			 0.0 			 0.0			 0.0 
g2	 20 	 0.0 			 0.0 			 0.0			 0.0 
g2	 21 	 0.0 			 0.0 			 0.0			 0.0 
g2	 22 	 0.0 			 0.0 			 0.0			 0.0 
g2	 23 	 0.0 			 0.0 			 0.0			 0.0 
g2	 24 	 0.0 			 0.0 			 0.0			 0.0 
g2	 25 	 -93.304737 			 0.0 			 0.0			 -93.304737 
g2	 26 	 -44.579518 			 0.0 			 0.0			 -44.579518 
g2	 27 	 74.855617 			 0.0 			 0.0			 74.855617 
g2	 28 	 -8.566821 			 0.0 			 0.0			 -8.566821 
g2	 29 	 21.701904 			 0.0 			 0.0			 21.701904 
g2	 30 	 -87.669063 			 0.0 			 0.0			 -87.669063 
g2	 31 	 -24.092108 			 0.0 			 0.0			 -24.092108 
g2	 32 	 -116.029246 			 0.0 			 0.0			 -116.029246 
g2	 33 	 21.701904 			 0.0 			 0.0			 21.701904 
g2	 34 	 21.701904 			 0.0 			 0.0			 21.701904 
g2	 35 	 21.701904 			 0.0 			 0.0			 21.701904 
g2	 36 	 21.701904 			 0.0 			 0.0			 21.701904 
g2	 37 	 21.701904 			 0.0 			 0.0			 21.701904 
g2	 38 	 21.701904 			 0.0 			 0.0			 21.701904 
g2	 39 	 21.701904 			 0.0 			 0.0			 21.701904 
g2	 40 	 21.701904 			 0.0 			 0.0			 21.701904 
g2	 41 	 21.701904 			 0.0 			 0.0			 21.701904 
g2	 42 	 21.701904 			 0.0 			 0.0			 21.701904 
g2	 43 	 21.701904 			 0.0 			 0.0			 21.701904 
g2	 44 	 21.701904 			 0.0 			 0.0			 21.701904 
g2	 45 	 32.203085 			 0.0 			 0.0			 32.203085 
g2	 46 	 21.701904 			 0.0 			 0.0			 21.701904 
g2	 47 	 69.056246 			 0.0 			 0.0			 69.056246 
g2	 48 	 53.588943 			 0.0 			 0.0			 53.588943 
g2	 49 	 118.838004 			 0.0 			 0.0			 118.838004 
g2	 50 	 -0.242108 			 0.0 			 0.0			 -0.242108 
g2	 51 	 -8.148894 			 0.0 			 0.0			 -8.148894 
g2	 52 	 30.59214 			 0.0 			 0.0			 30.59214 
g2	 53 	 132.222482 			 0.0 			 0.0			 132.222482 
g2	 54 	 69.597666 			 0.0 			 0.0			 69.597666 
g2	 55 	 -88.133649 			 0.0 			 0.0			 -88.133649 
g2	 56 	 -84.737419 			 0.0 			 0.0			 -84.737419 
g2	 57 	 58.486143 			 0.0 			 0.0			 58.486143 
g2	 58 	 -118.503561 			 0.0 			 0.0			 -118.503561 
g2	 59 	 -75.924837 			 0.0 			 0.0			 -75.924837 
g2	 60 	 -157.547766 			 0.0 			 0.0			 -157.547766 
g2	 61 	 23.286763 			 0.0 			 0.0			 23.286763 
g2	 62 	 -10.628962 			 0.0 			 0.0			 -10.628962 
g2	 63 	 178.957795 			 0.0 			 0.0			 178.957795 
g2	 64 	 252.651516 			 0.0 			 0.0			 252.651516 
g2	 65 	 297.299723 			 0.0 			 0.0			 297.299723 
g2	 66 	 212.122007 			 0.0 			 0.0			 212.122007 
g2	 67 	 92.284174 			 0.0 			 0.0			 92.284174 
g2	 68 	 -139.943236 			 0.0 			 0.0			 -139.943236 
g2	 69 	 116.778421 			 0.0 			 0.0			 116.778421 
g2	 70 	 94.585352 			 0.0 			 0.0			 94.585352 
g2	 71 	 98.015704 			 0.0 			 0.0			 98.015704 
g2	 72 	 -138.589314 			 0.0 			 0.0			 -138.589314 
g2	 73 	 39.087067 			 0.0 			 0.0			 39.087067 
g2	 74 	 19.215584 			 0.0 			 0.0			 19.215584 
g2	 75 	 -126.574629 			 0.0 			 0.0			 -126.574629 
g2	 76 	 98.644325 			 0.0 			 0.0			 98.644325 
g2	 77 	 105.81525 			 0.0 			 0.0			 105.81525 
g2	 78 	 -35.155156 			 0.0 			 0.0			 -35.155156 
g2	 79 	 -18.887181 			 0.0 			 0.0			 -18.887181 
g2	 80 	 22.432151 			 0.0 			 0.0			 22.432151 
g2	 81 	 -231.919898 			 0.0 			 0.0			 -231.919898 
g2	 82 	 -235.914014 			 0.0 			 0.0			 -235.914014 
g2	 83 	 -171.151258 			 0.0 			 0.0			 -171.151258 
g2	 84 	 -47.484181 			 0.0 			 0.0			 -47.484181 
g2	 85 	 -0.276581 			 0.0 			 0.0			 -0.276581 
g2	 86 	 99.616961 			 0.0 			 0.0			 99.616961 
g2	 87 	 3.070033 			 0.0 			 0.0			 3.070033 
g2	 88 	 136.036856 			 0.0 			 0.0			 136.036856 
g2	 89 	 21.701904 			 0.0 			 0.0			 21.701904 
g2	 90 	 21.701904 			 0.0 			 0.0			 21.701904 
g2	 91 	 21.701904 			 0.0 			 0.0			 21.701904 
g2	 92 	 21.701904 			 0.0 			 0.0			 21.701904 
g2	 93 	 21.701904 			 0.0 			 0.0			 21.701904 
g2	 94 	 21.701904 			 0.0 			 0.0			 21.701904 
g2	 95 	 21.701904 			 0.0 			 0.0			 21.701904 
g2	 96 	 21.701904 			 0.0 			 0.0			 21.701904 
----------------------------------------------------------------------------------------------------
g3	 1 	 0.0 			 0.0 			 0.0			 0.0 
g3	 2 	 0.0 			 0.0 			 0.0			 0.0 
g3	 3 	 0.0 			 0.0 			 0.0			 0.0 
g3	 4 	 0.0 			 0.0 			 0.0			 0.0 
g3	 5 	 0.0 			 0.0 			 0.0			 0.0 
g3	 6 	 0.0 			 0.0 			 0.0			 0.0 
g3	 7 	 0.0 			 0.0 			 0.0			 0.0 
g3	 8 	 0.0 			 0.0 			 0.0			 0.0 
g3	 9 	 0.0 			 0.0 			 0.0			 0.0 
g3	 10 	 0.0 			 0.0 			 0.0			 0.0 
g3	 11 	 0.0 			 0.0 			 0.0			 0.0 
g3	 12 	 0.0 			 0.0 			 0.0			 0.0 
g3	 13 	 0.0 			 0.0 			 0.0			 0.0 
g3	 14 	 0.0 			 0.0 			 0.0			 0.0 
g3	 15 	 0.0 			 0.0 			 0.0			 0.0 
g3	 16 	 0.0 			 0.0 			 0.0			 0.0 
g3	 17 	 0.0 			 0.0 			 0.0			 0.0 
g3	 18 	 0.0 			 0.0 			 0.0			 0.0 
g3	 19 	 0.0 			 0.0 			 0.0			 0.0 
g3	 20 	 0.0 			 0.0 			 0.0			 0.0 
g3	 21 	 0.0 			 0.0 			 0.0			 0.0 
g3	 22 	 0.0 			 0.0 			 0.0			 0.0 
g3	 23 	 0.0 			 0.0 			 0.0			 0.0 
g3	 24 	 0.0 			 0.0 			 0.0			 0.0 
g3	 25 	 0.0 			 0.0 			 0.0			 0.0 
g3	 26 	 0.0 			 0.0 			 0.0			 0.0 
g3	 27 	 0.0 			 0.0 			 0.0			 0.0 
g3	 28 	 0.0 			 0.0 			 0.0			 0.0 
g3	 29 	 0.0 			 0.0 			 0.0			 0.0 
g3	 30 	 0.0 			 0.0 			 0.0			 0.0 
g3	 31 	 0.0 			 0.0 			 0.0			 0.0 
g3	 32 	 0.0 			 0.0 			 0.0			 0.0 
g3	 33 	 0.0 			 0.0 			 0.0			 0.0 
g3	 34 	 0.0 			 0.0 			 0.0			 0.0 
g3	 35 	 0.0 			 0.0 			 0.0			 0.0 
g3	 36 	 0.0 			 0.0 			 0.0			 0.0 
g3	 37 	 0.0 			 0.0 			 0.0			 0.0 
g3	 38 	 0.0 			 0.0 			 0.0			 0.0 
g3	 39 	 0.0 			 0.0 			 0.0			 0.0 
g3	 40 	 0.0 			 0.0 			 0.0			 0.0 
g3	 41 	 15.56631 			 0.0 			 0.0			 15.56631 
g3	 42 	 15.56631 			 0.0 			 0.0			 15.56631 
g3	 43 	 15.56631 			 0.0 			 0.0			 15.56631 
g3	 44 	 15.56631 			 0.0 			 0.0			 15.56631 
g3	 45 	 16.491381 			 0.0 			 0.0			 16.491381 
g3	 46 	 15.56631 			 0.0 			 0.0			 15.56631 
g3	 47 	 16.491381 			 0.0 			 0.0			 16.491381 
g3	 48 	 16.491381 			 0.0 			 0.0			 16.491381 
g3	 49 	 16.491381 			 0.0 			 0.0			 16.491381 
g3	 50 	 16.491381 			 0.0 			 0.0			 16.491381 
g3	 51 	 16.491381 			 0.0 			 0.0			 16.491381 
g3	 52 	 15.56631 			 0.0 			 0.0			 15.56631 
g3	 53 	 17.416451 			 0.0 			 0.0			 17.416451 
g3	 54 	 16.491381 			 0.0 			 0.0			 16.491381 
g3	 55 	 16.491381 			 0.0 			 0.0			 16.491381 
g3	 56 	 15.56631 			 0.0 			 0.0			 15.56631 
g3	 57 	 119.527642 			 0.0 			 0.0			 119.527642 
g3	 58 	 16.491381 			 0.0 			 0.0			 16.491381 
g3	 59 	 16.491381 			 0.0 			 0.0			 16.491381 
g3	 60 	 16.491381 			 0.0 			 0.0			 16.491381 
g3	 61 	 18.609117 			 0.0 			 0.0			 18.609117 
g3	 62 	 16.491381 			 0.0 			 0.0			 16.491381 
g3	 63 	 18.609117 			 0.0 			 0.0			 18.609117 
g3	 64 	 18.609117 			 0.0 			 0.0			 18.609117 
g3	 65 	 18.609117 			 0.0 			 0.0			 18.609117 
g3	 66 	 18.609117 			 0.0 			 0.0			 18.609117 
g3	 67 	 42.746716 			 0.0 			 0.0			 42.746716 
g3	 68 	 15.56631 			 0.0 			 0.0			 15.56631 
g3	 69 	 18.93761 			 0.0 			 0.0			 18.93761 
g3	 70 	 18.609117 			 0.0 			 0.0			 18.609117 
g3	 71 	 18.609117 			 0.0 			 0.0			 18.609117 
g3	 72 	 16.491381 			 0.0 			 0.0			 16.491381 
g3	 73 	 16.491381 			 0.0 			 0.0			 16.491381 
g3	 74 	 16.491381 			 0.0 			 0.0			 16.491381 
g3	 75 	 15.56631 			 0.0 			 0.0			 15.56631 
g3	 76 	 17.416451 			 0.0 			 0.0			 17.416451 
g3	 77 	 -18.827736 			 0.0 			 0.0			 -18.827736 
g3	 78 	 -17.771609 			 0.0 			 0.0			 -17.771609 
g3	 79 	 -18.827736 			 0.0 			 0.0			 -18.827736 
g3	 80 	 -18.827736 			 0.0 			 0.0			 -18.827736 
g3	 81 	 0.0 			 0.0 			 0.0			 0.0 
g3	 82 	 0.0 			 0.0 			 0.0			 0.0 
g3	 83 	 0.0 			 0.0 			 0.0			 0.0 
g3	 84 	 0.0 			 0.0 			 0.0			 0.0 
g3	 85 	 0.0 			 0.0 			 0.0			 0.0 
g3	 86 	 0.0 			 0.0 			 0.0			 0.0 
g3	 87 	 0.0 			 0.0 			 0.0			 0.0 
g3	 88 	 0.0 			 0.0 			 0.0			 0.0 
g3	 89 	 0.0 			 0.0 			 0.0			 0.0 
g3	 90 	 0.0 			 0.0 			 0.0			 0.0 
g3	 91 	 0.0 			 0.0 			 0.0			 0.0 
g3	 92 	 0.0 			 0.0 			 0.0			 0.0 
g3	 93 	 0.0 			 0.0 			 0.0			 0.0 
g3	 94 	 0.0 			 0.0 			 0.0			 0.0 
g3	 95 	 0.0 			 0.0 			 0.0			 0.0 
g3	 96 	 0.0 			 0.0 			 0.0			 0.0 
----------------------------------------------------------------------------------------------------
g4	 1 	 0.0 			 0.0 			 0.0			 0.0 
g4	 2 	 0.0 			 0.0 			 0.0			 0.0 
g4	 3 	 0.0 			 0.0 			 0.0			 0.0 
g4	 4 	 0.0 			 0.0 			 0.0			 0.0 
g4	 5 	 0.0 			 0.0 			 0.0			 0.0 
g4	 6 	 0.0 			 0.0 			 0.0			 0.0 
g4	 7 	 0.0 			 0.0 			 0.0			 0.0 
g4	 8 	 0.0 			 0.0 			 0.0			 0.0 
g4	 9 	 0.0 			 0.0 			 0.0			 0.0 
g4	 10 	 0.0 			 0.0 			 0.0			 0.0 
g4	 11 	 0.0 			 0.0 			 0.0			 0.0 
g4	 12 	 0.0 			 0.0 			 0.0			 0.0 
g4	 13 	 0.0 			 0.0 			 0.0			 0.0 
g4	 14 	 0.0 			 0.0 			 0.0			 0.0 
g4	 15 	 0.0 			 0.0 			 0.0			 0.0 
g4	 16 	 0.0 			 0.0 			 0.0			 0.0 
g4	 17 	 0.0 			 0.0 			 0.0			 0.0 
g4	 18 	 0.0 			 0.0 			 0.0			 0.0 
g4	 19 	 0.0 			 0.0 			 0.0			 0.0 
g4	 20 	 0.0 			 0.0 			 0.0			 0.0 
g4	 21 	 0.0 			 0.0 			 0.0			 0.0 
g4	 22 	 0.0 			 0.0 			 0.0			 0.0 
g4	 23 	 0.0 			 0.0 			 0.0			 0.0 
g4	 24 	 0.0 			 0.0 			 0.0			 0.0 
g4	 25 	 0.0 			 0.0 			 0.0			 0.0 
g4	 26 	 0.0 			 0.0 			 0.0			 0.0 
g4	 27 	 0.0 			 0.0 			 0.0			 0.0 
g4	 28 	 0.0 			 0.0 			 0.0			 0.0 
g4	 29 	 0.0 			 0.0 			 0.0			 0.0 
g4	 30 	 0.0 			 0.0 			 0.0			 0.0 
g4	 31 	 0.0 			 0.0 			 0.0			 0.0 
g4	 32 	 0.0 			 0.0 			 0.0			 0.0 
g4	 33 	 0.0 			 0.0 			 0.0			 0.0 
g4	 34 	 0.0 			 0.0 			 0.0			 0.0 
g4	 35 	 0.0 			 0.0 			 0.0			 0.0 
g4	 36 	 0.0 			 0.0 			 0.0			 0.0 
g4	 37 	 0.0 			 0.0 			 0.0			 0.0 
g4	 38 	 0.0 			 0.0 			 0.0			 0.0 
g4	 39 	 0.0 			 0.0 			 0.0			 0.0 
g4	 40 	 0.0 			 0.0 			 0.0			 0.0 
g4	 41 	 0.0 			 0.0 			 0.0			 0.0 
g4	 42 	 0.0 			 0.0 			 0.0			 0.0 
g4	 43 	 0.0 			 0.0 			 0.0			 0.0 
g4	 44 	 0.0 			 0.0 			 0.0			 0.0 
g4	 45 	 0.0 			 0.0 			 0.0			 0.0 
g4	 46 	 0.0 			 0.0 			 0.0			 0.0 
g4	 47 	 0.0 			 0.0 			 0.0			 0.0 
g4	 48 	 0.0 			 0.0 			 0.0			 0.0 
g4	 49 	 0.0 			 0.0 			 0.0			 0.0 
g4	 50 	 0.0 			 0.0 			 0.0			 0.0 
g4	 51 	 0.0 			 0.0 			 0.0			 0.0 
g4	 52 	 0.0 			 0.0 			 0.0			 0.0 
g4	 53 	 0.0 			 0.0 			 0.0			 0.0 
g4	 54 	 0.0 			 0.0 			 0.0			 0.0 
g4	 55 	 0.0 			 0.0 			 0.0			 0.0 
g4	 56 	 0.0 			 0.0 			 0.0			 0.0 
g4	 57 	 0.0 			 0.0 			 0.0			 0.0 
g4	 58 	 0.0 			 0.0 			 0.0			 0.0 
g4	 59 	 0.0 			 0.0 			 0.0			 0.0 
g4	 60 	 0.0 			 0.0 			 0.0			 0.0 
g4	 61 	 0.0 			 0.0 			 0.0			 0.0 
g4	 62 	 0.0 			 0.0 			 0.0			 0.0 
g4	 63 	 0.0 			 0.0 			 0.0			 0.0 
g4	 64 	 0.0 			 0.0 			 0.0			 0.0 
g4	 65 	 0.0 			 0.0 			 0.0			 0.0 
g4	 66 	 0.0 			 0.0 			 0.0			 0.0 
g4	 67 	 0.0 			 0.0 			 0.0			 0.0 
g4	 68 	 0.0 			 0.0 			 0.0			 0.0 
g4	 69 	 0.0 			 0.0 			 0.0			 0.0 
g4	 70 	 0.0 			 0.0 			 0.0			 0.0 
g4	 71 	 0.0 			 0.0 			 0.0			 0.0 
g4	 72 	 0.0 			 0.0 			 0.0			 0.0 
g4	 73 	 0.0 			 0.0 			 0.0			 0.0 
g4	 74 	 0.0 			 0.0 			 0.0			 0.0 
g4	 75 	 0.0 			 0.0 			 0.0			 0.0 
g4	 76 	 0.0 			 0.0 			 0.0			 0.0 
g4	 77 	 0.0 			 0.0 			 0.0			 0.0 
g4	 78 	 0.0 			 0.0 			 0.0			 0.0 
g4	 79 	 0.0 			 0.0 			 0.0			 0.0 
g4	 80 	 0.0 			 0.0 			 0.0			 0.0 
g4	 81 	 0.0 			 0.0 			 0.0			 0.0 
g4	 82 	 0.0 			 0.0 			 0.0			 0.0 
g4	 83 	 0.0 			 0.0 			 0.0			 0.0 
g4	 84 	 0.0 			 0.0 			 0.0			 0.0 
g4	 85 	 0.0 			 0.0 			 0.0			 0.0 
g4	 86 	 0.0 			 0.0 			 0.0			 0.0 
g4	 87 	 0.0 			 0.0 			 0.0			 0.0 
g4	 88 	 0.0 			 0.0 			 0.0			 0.0 
g4	 89 	 0.0 			 0.0 			 0.0			 0.0 
g4	 90 	 0.0 			 0.0 			 0.0			 0.0 
g4	 91 	 0.0 			 0.0 			 0.0			 0.0 
g4	 92 	 0.0 			 0.0 			 0.0			 0.0 
g4	 93 	 0.0 			 0.0 			 0.0			 0.0 
g4	 94 	 0.0 			 0.0 			 0.0			 0.0 
g4	 95 	 0.0 			 0.0 			 0.0			 0.0 
g4	 96 	 0.0 			 0.0 			 0.0			 0.0 
----------------------------------------------------------------------------------------------------
g5	 1 	 0.0 			 0.0 			 0.0			 0.0 
g5	 2 	 0.0 			 0.0 			 0.0			 0.0 
g5	 3 	 0.0 			 0.0 			 0.0			 0.0 
g5	 4 	 0.0 			 0.0 			 0.0			 0.0 
g5	 5 	 0.0 			 0.0 			 0.0			 0.0 
g5	 6 	 0.0 			 0.0 			 0.0			 0.0 
g5	 7 	 0.0 			 0.0 			 0.0			 0.0 
g5	 8 	 0.0 			 0.0 			 0.0			 0.0 
g5	 9 	 0.0 			 0.0 			 0.0			 0.0 
g5	 10 	 0.0 			 0.0 			 0.0			 0.0 
g5	 11 	 0.0 			 0.0 			 0.0			 0.0 
g5	 12 	 0.0 			 0.0 			 0.0			 0.0 
g5	 13 	 0.0 			 0.0 			 0.0			 0.0 
g5	 14 	 0.0 			 0.0 			 0.0			 0.0 
g5	 15 	 0.0 			 0.0 			 0.0			 0.0 
g5	 16 	 0.0 			 0.0 			 0.0			 0.0 
g5	 17 	 0.0 			 0.0 			 0.0			 0.0 
g5	 18 	 0.0 			 0.0 			 0.0			 0.0 
g5	 19 	 0.0 			 0.0 			 0.0			 0.0 
g5	 20 	 0.0 			 0.0 			 0.0			 0.0 
g5	 21 	 0.0 			 0.0 			 0.0			 0.0 
g5	 22 	 0.0 			 0.0 			 0.0			 0.0 
g5	 23 	 0.0 			 0.0 			 0.0			 0.0 
g5	 24 	 0.0 			 0.0 			 0.0			 0.0 
g5	 25 	 0.0 			 0.0 			 0.0			 0.0 
g5	 26 	 0.0 			 0.0 			 0.0			 0.0 
g5	 27 	 0.0 			 0.0 			 0.0			 0.0 
g5	 28 	 0.0 			 0.0 			 0.0			 0.0 
g5	 29 	 0.0 			 0.0 			 0.0			 0.0 
g5	 30 	 0.0 			 0.0 			 0.0			 0.0 
g5	 31 	 0.0 			 0.0 			 0.0			 0.0 
g5	 32 	 0.0 			 0.0 			 0.0			 0.0 
g5	 33 	 0.0 			 0.0 			 0.0			 0.0 
g5	 34 	 0.0 			 0.0 			 0.0			 0.0 
g5	 35 	 0.0 			 0.0 			 0.0			 0.0 
g5	 36 	 0.0 			 0.0 			 0.0			 0.0 
g5	 37 	 0.0 			 0.0 			 0.0			 0.0 
g5	 38 	 0.0 			 0.0 			 0.0			 0.0 
g5	 39 	 0.0 			 0.0 			 0.0			 0.0 
g5	 40 	 0.0 			 0.0 			 0.0			 0.0 
g5	 41 	 0.0 			 0.0 			 0.0			 0.0 
g5	 42 	 0.0 			 0.0 			 0.0			 0.0 
g5	 43 	 0.0 			 0.0 			 0.0			 0.0 
g5	 44 	 0.0 			 0.0 			 0.0			 0.0 
g5	 45 	 0.0 			 0.0 			 0.0			 0.0 
g5	 46 	 0.0 			 0.0 			 0.0			 0.0 
g5	 47 	 0.0 			 0.0 			 0.0			 0.0 
g5	 48 	 0.0 			 0.0 			 0.0			 0.0 
g5	 49 	 0.0 			 0.0 			 0.0			 0.0 
g5	 50 	 0.0 			 0.0 			 0.0			 0.0 
g5	 51 	 0.0 			 0.0 			 0.0			 0.0 
g5	 52 	 0.0 			 0.0 			 0.0			 0.0 
g5	 53 	 0.0 			 0.0 			 0.0			 0.0 
g5	 54 	 0.0 			 0.0 			 0.0			 0.0 
g5	 55 	 0.0 			 0.0 			 0.0			 0.0 
g5	 56 	 0.0 			 0.0 			 0.0			 0.0 
g5	 57 	 0.0 			 0.0 			 0.0			 0.0 
g5	 58 	 0.0 			 0.0 			 0.0			 0.0 
g5	 59 	 0.0 			 0.0 			 0.0			 0.0 
g5	 60 	 0.0 			 0.0 			 0.0			 0.0 
g5	 61 	 0.0 			 0.0 			 0.0			 0.0 
g5	 62 	 0.0 			 0.0 			 0.0			 0.0 
g5	 63 	 0.0 			 0.0 			 0.0			 0.0 
g5	 64 	 0.0 			 0.0 			 0.0			 0.0 
g5	 65 	 0.0 			 0.0 			 0.0			 0.0 
g5	 66 	 0.0 			 0.0 			 0.0			 0.0 
g5	 67 	 0.0 			 0.0 			 0.0			 0.0 
g5	 68 	 0.0 			 0.0 			 0.0			 0.0 
g5	 69 	 0.0 			 0.0 			 0.0			 0.0 
g5	 70 	 0.0 			 0.0 			 0.0			 0.0 
g5	 71 	 0.0 			 0.0 			 0.0			 0.0 
g5	 72 	 0.0 			 0.0 			 0.0			 0.0 
g5	 73 	 0.0 			 0.0 			 0.0			 0.0 
g5	 74 	 0.0 			 0.0 			 0.0			 0.0 
g5	 75 	 0.0 			 0.0 			 0.0			 0.0 
g5	 76 	 0.0 			 0.0 			 0.0			 0.0 
g5	 77 	 0.0 			 0.0 			 0.0			 0.0 
g5	 78 	 0.0 			 0.0 			 0.0			 0.0 
g5	 79 	 0.0 			 0.0 			 0.0			 0.0 
g5	 80 	 0.0 			 0.0 			 0.0			 0.0 
g5	 81 	 0.0 			 0.0 			 0.0			 0.0 
g5	 82 	 0.0 			 0.0 			 0.0			 0.0 
g5	 83 	 0.0 			 0.0 			 0.0			 0.0 
g5	 84 	 0.0 			 0.0 			 0.0			 0.0 
g5	 85 	 0.0 			 0.0 			 0.0			 0.0 
g5	 86 	 0.0 			 0.0 			 0.0			 0.0 
g5	 87 	 0.0 			 0.0 			 0.0			 0.0 
g5	 88 	 0.0 			 0.0 			 0.0			 0.0 
g5	 89 	 0.0 			 0.0 			 0.0			 0.0 
g5	 90 	 0.0 			 0.0 			 0.0			 0.0 
g5	 91 	 0.0 			 0.0 			 0.0			 0.0 
g5	 92 	 0.0 			 0.0 			 0.0			 0.0 
g5	 93 	 0.0 			 0.0 			 0.0			 0.0 
g5	 94 	 0.0 			 0.0 			 0.0			 0.0 
g5	 95 	 0.0 			 0.0 			 0.0			 0.0 
g5	 96 	 0.0 			 0.0 			 0.0			 0.0 
----------------------------------------------------------------------------------------------------------------
unit 	 generation payment 	 up-FRP payment 	 dw-FRP payment 	pre-up total payment
----------------------------------------------------------------------------------------------------------------
 g1 	 16260.589806			 0.000000			 0.000000			 16260.589806
 g2 	 942.777759			 0.000000			 0.000000			 942.777759
 g3 	 659.521377			 0.000000			 0.000000			 659.521377
 g4 	 0.000000			 0.000000			 0.000000			 0.000000
 g5 	 0.000000			 0.000000			 0.000000			 0.000000
----------------------------------------------------------------------------------------------------
generation payment 	 up-FRP payment 	 dw-FRP payment 	 pre-up total payment
----------------------------------------------------------------------------------------------------
17862.888942 			 0.0 			 0.0 			 17862.888942
 
****************************************************************************************************
 
Generation costs
----------------------------------------------------------------------------------------------------
unit	 time 	 generation cost 	 start-up cost  	total cost
----------------------------------------------------------------------------------------------------
g1	 1 	 2559.300403 			 0.0 			2559.300403
g1	 2 	 2417.941778 			 0.0 			2417.941778
g1	 3 	 2485.265399 			 0.0 			2485.265399
g1	 4 	 2371.310469 			 0.0 			2371.310469
g1	 5 	 2194.181303 			 0.0 			2194.181303
g1	 6 	 2266.298993 			 0.0 			2266.298993
g1	 7 	 2252.857912 			 0.0 			2252.857912
g1	 8 	 2379.495005 			 0.0 			2379.495005
g1	 9 	 2127.886067 			 0.0 			2127.886067
g1	 10 	 2086.578625 			 0.0 			2086.578625
g1	 11 	 2074.605072 			 0.0 			2074.605072
g1	 12 	 2164.731249 			 0.0 			2164.731249
g1	 13 	 2074.559032 			 0.0 			2074.559032
g1	 14 	 2101.312264 			 0.0 			2101.312264
g1	 15 	 2022.82284 			 0.0 			2022.82284
g1	 16 	 2079.947621 			 0.0 			2079.947621
g1	 17 	 2091.451773 			 0.0 			2091.451773
g1	 18 	 1997.215395 			 0.0 			1997.215395
g1	 19 	 2191.970312 			 0.0 			2191.970312
g1	 20 	 2129.571625 			 0.0 			2129.571625
g1	 21 	 2314.991716 			 0.0 			2314.991716
g1	 22 	 2171.138654 			 0.0 			2171.138654
g1	 23 	 2349.061016 			 0.0 			2349.061016
g1	 24 	 2329.266927 			 0.0 			2329.266927
g1	 25 	 2252.654944 			 0.0 			2252.654944
g1	 26 	 2313.086426 			 0.0 			2313.086426
g1	 27 	 2313.086426 			 0.0 			2313.086426
g1	 28 	 2298.136517 			 0.0 			2298.136517
g1	 29 	 2462.084426 			 0.0 			2462.084426
g1	 30 	 2313.086426 			 0.0 			2313.086426
g1	 31 	 2313.086426 			 0.0 			2313.086426
g1	 32 	 2313.086426 			 0.0 			2313.086426
g1	 33 	 2545.369846 			 0.0 			2545.369846
g1	 34 	 2598.414925 			 0.0 			2598.414925
g1	 35 	 2583.156485 			 0.0 			2583.156485
g1	 36 	 2466.718547 			 0.0 			2466.718547
g1	 37 	 2741.844327 			 0.0 			2741.844327
g1	 38 	 2695.239613 			 0.0 			2695.239613
g1	 39 	 2617.494572 			 0.0 			2617.494572
g1	 40 	 2997.077022 			 0.0 			2997.077022
g1	 41 	 2934.183746 			 0.0 			2934.183746
g1	 42 	 2708.76009 			 0.0 			2708.76009
g1	 43 	 2808.724149 			 0.0 			2808.724149
g1	 44 	 2795.78996 			 0.0 			2795.78996
g1	 45 	 3058.233409 			 0.0 			3058.233409
g1	 46 	 2708.084237 			 0.0 			2708.084237
g1	 47 	 3058.233409 			 0.0 			3058.233409
g1	 48 	 3058.233409 			 0.0 			3058.233409
g1	 49 	 3058.233409 			 0.0 			3058.233409
g1	 50 	 3058.233409 			 0.0 			3058.233409
g1	 51 	 3058.233409 			 0.0 			3058.233409
g1	 52 	 2969.16898 			 0.0 			2969.16898
g1	 53 	 3058.233409 			 0.0 			3058.233409
g1	 54 	 3058.233409 			 0.0 			3058.233409
g1	 55 	 3058.233409 			 0.0 			3058.233409
g1	 56 	 2927.129986 			 0.0 			2927.129986
g1	 57 	 3058.233409 			 0.0 			3058.233409
g1	 58 	 3058.233409 			 0.0 			3058.233409
g1	 59 	 3058.233409 			 0.0 			3058.233409
g1	 60 	 3058.233409 			 0.0 			3058.233409
g1	 61 	 3058.233409 			 0.0 			3058.233409
g1	 62 	 3058.233409 			 0.0 			3058.233409
g1	 63 	 3058.233409 			 0.0 			3058.233409
g1	 64 	 3058.233409 			 0.0 			3058.233409
g1	 65 	 3058.233409 			 0.0 			3058.233409
g1	 66 	 3058.233409 			 0.0 			3058.233409
g1	 67 	 3058.233409 			 0.0 			3058.233409
g1	 68 	 3018.672363 			 0.0 			3018.672363
g1	 69 	 3058.233409 			 0.0 			3058.233409
g1	 70 	 3058.233409 			 0.0 			3058.233409
g1	 71 	 3058.233409 			 0.0 			3058.233409
g1	 72 	 3058.233409 			 0.0 			3058.233409
g1	 73 	 3058.233409 			 0.0 			3058.233409
g1	 74 	 3058.233409 			 0.0 			3058.233409
g1	 75 	 2976.430336 			 0.0 			2976.430336
g1	 76 	 3058.233409 			 0.0 			3058.233409
g1	 77 	 3058.233409 			 0.0 			3058.233409
g1	 78 	 2977.823519 			 0.0 			2977.823519
g1	 79 	 3058.233409 			 0.0 			3058.233409
g1	 80 	 3058.233409 			 0.0 			3058.233409
g1	 81 	 3058.233409 			 0.0 			3058.233409
g1	 82 	 2998.206542 			 0.0 			2998.206542
g1	 83 	 3058.233409 			 0.0 			3058.233409
g1	 84 	 3058.233409 			 0.0 			3058.233409
g1	 85 	 2872.063328 			 0.0 			2872.063328
g1	 86 	 3058.233409 			 0.0 			3058.233409
g1	 87 	 3058.233409 			 0.0 			3058.233409
g1	 88 	 3058.233409 			 0.0 			3058.233409
g1	 89 	 2587.746813 			 0.0 			2587.746813
g1	 90 	 2863.007103 			 0.0 			2863.007103
g1	 91 	 2564.960604 			 0.0 			2564.960604
g1	 92 	 2965.613659 			 0.0 			2965.613659
g1	 93 	 2460.932989 			 0.0 			2460.932989
g1	 94 	 2519.119369 			 0.0 			2519.119369
g1	 95 	 2670.693856 			 0.0 			2670.693856
g1	 96 	 2601.859631 			 0.0 			2601.859631
----------------------------------------------------------------------------------------------------
g2	 1 	 0.0 			 0.0 			0.0
g2	 2 	 0.0 			 0.0 			0.0
g2	 3 	 0.0 			 0.0 			0.0
g2	 4 	 0.0 			 0.0 			0.0
g2	 5 	 0.0 			 0.0 			0.0
g2	 6 	 0.0 			 0.0 			0.0
g2	 7 	 0.0 			 0.0 			0.0
g2	 8 	 0.0 			 0.0 			0.0
g2	 9 	 0.0 			 0.0 			0.0
g2	 10 	 0.0 			 0.0 			0.0
g2	 11 	 0.0 			 0.0 			0.0
g2	 12 	 0.0 			 0.0 			0.0
g2	 13 	 0.0 			 0.0 			0.0
g2	 14 	 0.0 			 0.0 			0.0
g2	 15 	 0.0 			 0.0 			0.0
g2	 16 	 0.0 			 0.0 			0.0
g2	 17 	 0.0 			 0.0 			0.0
g2	 18 	 0.0 			 0.0 			0.0
g2	 19 	 0.0 			 0.0 			0.0
g2	 20 	 0.0 			 0.0 			0.0
g2	 21 	 0.0 			 0.0 			0.0
g2	 22 	 0.0 			 0.0 			0.0
g2	 23 	 0.0 			 0.0 			0.0
g2	 24 	 0.0 			 0.0 			0.0
g2	 25 	 238.356787 			 10598.13 			10836.486787
g2	 26 	 287.567479 			 0.0 			287.567479
g2	 27 	 407.002605 			 0.0 			407.002605
g2	 28 	 323.535598 			 0.0 			323.535598
g2	 29 	 534.771644 			 0.0 			534.771644
g2	 30 	 425.754799 			 0.0 			425.754799
g2	 31 	 489.331744 			 0.0 			489.331744
g2	 32 	 397.394614 			 0.0 			397.394614
g2	 33 	 534.771644 			 0.0 			534.771644
g2	 34 	 534.771644 			 0.0 			534.771644
g2	 35 	 534.771644 			 0.0 			534.771644
g2	 36 	 534.771644 			 0.0 			534.771644
g2	 37 	 534.771644 			 0.0 			534.771644
g2	 38 	 534.771644 			 0.0 			534.771644
g2	 39 	 534.771644 			 0.0 			534.771644
g2	 40 	 534.771644 			 0.0 			534.771644
g2	 41 	 534.771644 			 0.0 			534.771644
g2	 42 	 534.771644 			 0.0 			534.771644
g2	 43 	 534.771644 			 0.0 			534.771644
g2	 44 	 534.771644 			 0.0 			534.771644
g2	 45 	 543.983132 			 0.0 			543.983132
g2	 46 	 534.771644 			 0.0 			534.771644
g2	 47 	 580.836293 			 0.0 			580.836293
g2	 48 	 565.36898 			 0.0 			565.36898
g2	 49 	 700.408342 			 0.0 			700.408342
g2	 50 	 581.328235 			 0.0 			581.328235
g2	 51 	 573.42145 			 0.0 			573.42145
g2	 52 	 613.980509 			 0.0 			613.980509
g2	 53 	 841.482044 			 0.0 			841.482044
g2	 54 	 785.880185 			 0.0 			785.880185
g2	 55 	 628.148877 			 0.0 			628.148877
g2	 56 	 626.50935 			 0.0 			626.50935
g2	 57 	 854.010884 			 0.0 			854.010884
g2	 58 	 685.286942 			 0.0 			685.286942
g2	 59 	 727.865669 			 0.0 			727.865669
g2	 60 	 646.242741 			 0.0 			646.242741
g2	 61 	 865.899225 			 0.0 			865.899225
g2	 62 	 833.280644 			 0.0 			833.280644
g2	 63 	 1021.570246 			 0.0 			1021.570246
g2	 64 	 1095.26397 			 0.0 			1095.26397
g2	 65 	 1209.168741 			 0.0 			1209.168741
g2	 66 	 1123.99102 			 0.0 			1123.99102
g2	 67 	 1001.286615 			 0.0 			1001.286615
g2	 68 	 757.024959 			 0.0 			757.024959
g2	 69 	 1001.286615 			 0.0 			1001.286615
g2	 70 	 981.119185 			 0.0 			981.119185
g2	 71 	 984.549545 			 0.0 			984.549545
g2	 72 	 744.243387 			 0.0 			744.243387
g2	 73 	 768.06801 			 0.0 			768.06801
g2	 74 	 748.196531 			 0.0 			748.196531
g2	 75 	 594.884274 			 0.0 			594.884274
g2	 76 	 822.385809 			 0.0 			822.385809
g2	 77 	 677.831241 			 0.0 			677.831241
g2	 78 	 534.771644 			 0.0 			534.771644
g2	 79 	 553.128811 			 0.0 			553.128811
g2	 80 	 594.448139 			 0.0 			594.448139
g2	 81 	 552.785607 			 0.0 			552.785607
g2	 82 	 534.771644 			 0.0 			534.771644
g2	 83 	 613.55425 			 0.0 			613.55425
g2	 84 	 737.221325 			 0.0 			737.221325
g2	 85 	 534.771644 			 0.0 			534.771644
g2	 86 	 634.681623 			 0.0 			634.681623
g2	 87 	 538.134695 			 0.0 			538.134695
g2	 88 	 671.101509 			 0.0 			671.101509
g2	 89 	 534.771644 			 0.0 			534.771644
g2	 90 	 534.771644 			 0.0 			534.771644
g2	 91 	 534.771644 			 0.0 			534.771644
g2	 92 	 534.771644 			 0.0 			534.771644
g2	 93 	 534.771644 			 0.0 			534.771644
g2	 94 	 534.771644 			 0.0 			534.771644
g2	 95 	 534.771644 			 0.0 			534.771644
g2	 96 	 534.771644 			 0.0 			534.771644
----------------------------------------------------------------------------------------------------
g3	 1 	 0.0 			 0.0 			0.0
g3	 2 	 0.0 			 0.0 			0.0
g3	 3 	 0.0 			 0.0 			0.0
g3	 4 	 0.0 			 0.0 			0.0
g3	 5 	 0.0 			 0.0 			0.0
g3	 6 	 0.0 			 0.0 			0.0
g3	 7 	 0.0 			 0.0 			0.0
g3	 8 	 0.0 			 0.0 			0.0
g3	 9 	 0.0 			 0.0 			0.0
g3	 10 	 0.0 			 0.0 			0.0
g3	 11 	 0.0 			 0.0 			0.0
g3	 12 	 0.0 			 0.0 			0.0
g3	 13 	 0.0 			 0.0 			0.0
g3	 14 	 0.0 			 0.0 			0.0
g3	 15 	 0.0 			 0.0 			0.0
g3	 16 	 0.0 			 0.0 			0.0
g3	 17 	 0.0 			 0.0 			0.0
g3	 18 	 0.0 			 0.0 			0.0
g3	 19 	 0.0 			 0.0 			0.0
g3	 20 	 0.0 			 0.0 			0.0
g3	 21 	 0.0 			 0.0 			0.0
g3	 22 	 0.0 			 0.0 			0.0
g3	 23 	 0.0 			 0.0 			0.0
g3	 24 	 0.0 			 0.0 			0.0
g3	 25 	 0.0 			 0.0 			0.0
g3	 26 	 0.0 			 0.0 			0.0
g3	 27 	 0.0 			 0.0 			0.0
g3	 28 	 0.0 			 0.0 			0.0
g3	 29 	 0.0 			 0.0 			0.0
g3	 30 	 0.0 			 0.0 			0.0
g3	 31 	 0.0 			 0.0 			0.0
g3	 32 	 0.0 			 0.0 			0.0
g3	 33 	 0.0 			 0.0 			0.0
g3	 34 	 0.0 			 0.0 			0.0
g3	 35 	 0.0 			 0.0 			0.0
g3	 36 	 0.0 			 0.0 			0.0
g3	 37 	 0.0 			 0.0 			0.0
g3	 38 	 0.0 			 0.0 			0.0
g3	 39 	 0.0 			 0.0 			0.0
g3	 40 	 0.0 			 0.0 			0.0
g3	 41 	 350.954412 			 4595.43 			4946.384412
g3	 42 	 350.954412 			 0.0 			350.954412
g3	 43 	 350.954412 			 0.0 			350.954412
g3	 44 	 350.954412 			 0.0 			350.954412
g3	 45 	 350.954412 			 0.0 			350.954412
g3	 46 	 350.954412 			 0.0 			350.954412
g3	 47 	 350.954412 			 0.0 			350.954412
g3	 48 	 350.954412 			 0.0 			350.954412
g3	 49 	 350.954412 			 0.0 			350.954412
g3	 50 	 350.954412 			 0.0 			350.954412
g3	 51 	 350.954412 			 0.0 			350.954412
g3	 52 	 350.954412 			 0.0 			350.954412
g3	 53 	 350.954412 			 0.0 			350.954412
g3	 54 	 350.954412 			 0.0 			350.954412
g3	 55 	 350.954412 			 0.0 			350.954412
g3	 56 	 350.954412 			 0.0 			350.954412
g3	 57 	 451.276363 			 0.0 			451.276363
g3	 58 	 350.954412 			 0.0 			350.954412
g3	 59 	 350.954412 			 0.0 			350.954412
g3	 60 	 350.954412 			 0.0 			350.954412
g3	 61 	 350.954412 			 0.0 			350.954412
g3	 62 	 350.954412 			 0.0 			350.954412
g3	 63 	 350.954412 			 0.0 			350.954412
g3	 64 	 350.954412 			 0.0 			350.954412
g3	 65 	 350.954412 			 0.0 			350.954412
g3	 66 	 350.954412 			 0.0 			350.954412
g3	 67 	 374.495433 			 0.0 			374.495433
g3	 68 	 350.954412 			 0.0 			350.954412
g3	 69 	 350.954412 			 0.0 			350.954412
g3	 70 	 350.954412 			 0.0 			350.954412
g3	 71 	 350.954412 			 0.0 			350.954412
g3	 72 	 350.954412 			 0.0 			350.954412
g3	 73 	 350.954412 			 0.0 			350.954412
g3	 74 	 350.954412 			 0.0 			350.954412
g3	 75 	 350.954412 			 0.0 			350.954412
g3	 76 	 350.954412 			 0.0 			350.954412
g3	 77 	 350.954412 			 0.0 			350.954412
g3	 78 	 350.954412 			 0.0 			350.954412
g3	 79 	 350.954412 			 0.0 			350.954412
g3	 80 	 350.954412 			 0.0 			350.954412
g3	 81 	 0.0 			 0.0 			0.0
g3	 82 	 0.0 			 0.0 			0.0
g3	 83 	 0.0 			 0.0 			0.0
g3	 84 	 0.0 			 0.0 			0.0
g3	 85 	 0.0 			 0.0 			0.0
g3	 86 	 0.0 			 0.0 			0.0
g3	 87 	 0.0 			 0.0 			0.0
g3	 88 	 0.0 			 0.0 			0.0
g3	 89 	 0.0 			 0.0 			0.0
g3	 90 	 0.0 			 0.0 			0.0
g3	 91 	 0.0 			 0.0 			0.0
g3	 92 	 0.0 			 0.0 			0.0
g3	 93 	 0.0 			 0.0 			0.0
g3	 94 	 0.0 			 0.0 			0.0
g3	 95 	 0.0 			 0.0 			0.0
g3	 96 	 0.0 			 0.0 			0.0
----------------------------------------------------------------------------------------------------
g4	 1 	 0.0 			 0.0 			0.0
g4	 2 	 0.0 			 0.0 			0.0
g4	 3 	 0.0 			 0.0 			0.0
g4	 4 	 0.0 			 0.0 			0.0
g4	 5 	 0.0 			 0.0 			0.0
g4	 6 	 0.0 			 0.0 			0.0
g4	 7 	 0.0 			 0.0 			0.0
g4	 8 	 0.0 			 0.0 			0.0
g4	 9 	 0.0 			 0.0 			0.0
g4	 10 	 0.0 			 0.0 			0.0
g4	 11 	 0.0 			 0.0 			0.0
g4	 12 	 0.0 			 0.0 			0.0
g4	 13 	 0.0 			 0.0 			0.0
g4	 14 	 0.0 			 0.0 			0.0
g4	 15 	 0.0 			 0.0 			0.0
g4	 16 	 0.0 			 0.0 			0.0
g4	 17 	 0.0 			 0.0 			0.0
g4	 18 	 0.0 			 0.0 			0.0
g4	 19 	 0.0 			 0.0 			0.0
g4	 20 	 0.0 			 0.0 			0.0
g4	 21 	 0.0 			 0.0 			0.0
g4	 22 	 0.0 			 0.0 			0.0
g4	 23 	 0.0 			 0.0 			0.0
g4	 24 	 0.0 			 0.0 			0.0
g4	 25 	 0.0 			 0.0 			0.0
g4	 26 	 0.0 			 0.0 			0.0
g4	 27 	 0.0 			 0.0 			0.0
g4	 28 	 0.0 			 0.0 			0.0
g4	 29 	 0.0 			 0.0 			0.0
g4	 30 	 0.0 			 0.0 			0.0
g4	 31 	 0.0 			 0.0 			0.0
g4	 32 	 0.0 			 0.0 			0.0
g4	 33 	 0.0 			 0.0 			0.0
g4	 34 	 0.0 			 0.0 			0.0
g4	 35 	 0.0 			 0.0 			0.0
g4	 36 	 0.0 			 0.0 			0.0
g4	 37 	 0.0 			 0.0 			0.0
g4	 38 	 0.0 			 0.0 			0.0
g4	 39 	 0.0 			 0.0 			0.0
g4	 40 	 0.0 			 0.0 			0.0
g4	 41 	 0.0 			 0.0 			0.0
g4	 42 	 0.0 			 0.0 			0.0
g4	 43 	 0.0 			 0.0 			0.0
g4	 44 	 0.0 			 0.0 			0.0
g4	 45 	 0.0 			 0.0 			0.0
g4	 46 	 0.0 			 0.0 			0.0
g4	 47 	 0.0 			 0.0 			0.0
g4	 48 	 0.0 			 0.0 			0.0
g4	 49 	 0.0 			 0.0 			0.0
g4	 50 	 0.0 			 0.0 			0.0
g4	 51 	 0.0 			 0.0 			0.0
g4	 52 	 0.0 			 0.0 			0.0
g4	 53 	 0.0 			 0.0 			0.0
g4	 54 	 0.0 			 0.0 			0.0
g4	 55 	 0.0 			 0.0 			0.0
g4	 56 	 0.0 			 0.0 			0.0
g4	 57 	 0.0 			 0.0 			0.0
g4	 58 	 0.0 			 0.0 			0.0
g4	 59 	 0.0 			 0.0 			0.0
g4	 60 	 0.0 			 0.0 			0.0
g4	 61 	 0.0 			 0.0 			0.0
g4	 62 	 0.0 			 0.0 			0.0
g4	 63 	 0.0 			 0.0 			0.0
g4	 64 	 0.0 			 0.0 			0.0
g4	 65 	 0.0 			 0.0 			0.0
g4	 66 	 0.0 			 0.0 			0.0
g4	 67 	 0.0 			 0.0 			0.0
g4	 68 	 0.0 			 0.0 			0.0
g4	 69 	 0.0 			 0.0 			0.0
g4	 70 	 0.0 			 0.0 			0.0
g4	 71 	 0.0 			 0.0 			0.0
g4	 72 	 0.0 			 0.0 			0.0
g4	 73 	 0.0 			 0.0 			0.0
g4	 74 	 0.0 			 0.0 			0.0
g4	 75 	 0.0 			 0.0 			0.0
g4	 76 	 0.0 			 0.0 			0.0
g4	 77 	 0.0 			 0.0 			0.0
g4	 78 	 0.0 			 0.0 			0.0
g4	 79 	 0.0 			 0.0 			0.0
g4	 80 	 0.0 			 0.0 			0.0
g4	 81 	 0.0 			 0.0 			0.0
g4	 82 	 0.0 			 0.0 			0.0
g4	 83 	 0.0 			 0.0 			0.0
g4	 84 	 0.0 			 0.0 			0.0
g4	 85 	 0.0 			 0.0 			0.0
g4	 86 	 0.0 			 0.0 			0.0
g4	 87 	 0.0 			 0.0 			0.0
g4	 88 	 0.0 			 0.0 			0.0
g4	 89 	 0.0 			 0.0 			0.0
g4	 90 	 0.0 			 0.0 			0.0
g4	 91 	 0.0 			 0.0 			0.0
g4	 92 	 0.0 			 0.0 			0.0
g4	 93 	 0.0 			 0.0 			0.0
g4	 94 	 0.0 			 0.0 			0.0
g4	 95 	 0.0 			 0.0 			0.0
g4	 96 	 0.0 			 0.0 			0.0
----------------------------------------------------------------------------------------------------
g5	 1 	 0.0 			 0.0 			0.0
g5	 2 	 0.0 			 0.0 			0.0
g5	 3 	 0.0 			 0.0 			0.0
g5	 4 	 0.0 			 0.0 			0.0
g5	 5 	 0.0 			 0.0 			0.0
g5	 6 	 0.0 			 0.0 			0.0
g5	 7 	 0.0 			 0.0 			0.0
g5	 8 	 0.0 			 0.0 			0.0
g5	 9 	 0.0 			 0.0 			0.0
g5	 10 	 0.0 			 0.0 			0.0
g5	 11 	 0.0 			 0.0 			0.0
g5	 12 	 0.0 			 0.0 			0.0
g5	 13 	 0.0 			 0.0 			0.0
g5	 14 	 0.0 			 0.0 			0.0
g5	 15 	 0.0 			 0.0 			0.0
g5	 16 	 0.0 			 0.0 			0.0
g5	 17 	 0.0 			 0.0 			0.0
g5	 18 	 0.0 			 0.0 			0.0
g5	 19 	 0.0 			 0.0 			0.0
g5	 20 	 0.0 			 0.0 			0.0
g5	 21 	 0.0 			 0.0 			0.0
g5	 22 	 0.0 			 0.0 			0.0
g5	 23 	 0.0 			 0.0 			0.0
g5	 24 	 0.0 			 0.0 			0.0
g5	 25 	 0.0 			 0.0 			0.0
g5	 26 	 0.0 			 0.0 			0.0
g5	 27 	 0.0 			 0.0 			0.0
g5	 28 	 0.0 			 0.0 			0.0
g5	 29 	 0.0 			 0.0 			0.0
g5	 30 	 0.0 			 0.0 			0.0
g5	 31 	 0.0 			 0.0 			0.0
g5	 32 	 0.0 			 0.0 			0.0
g5	 33 	 0.0 			 0.0 			0.0
g5	 34 	 0.0 			 0.0 			0.0
g5	 35 	 0.0 			 0.0 			0.0
g5	 36 	 0.0 			 0.0 			0.0
g5	 37 	 0.0 			 0.0 			0.0
g5	 38 	 0.0 			 0.0 			0.0
g5	 39 	 0.0 			 0.0 			0.0
g5	 40 	 0.0 			 0.0 			0.0
g5	 41 	 0.0 			 0.0 			0.0
g5	 42 	 0.0 			 0.0 			0.0
g5	 43 	 0.0 			 0.0 			0.0
g5	 44 	 0.0 			 0.0 			0.0
g5	 45 	 0.0 			 0.0 			0.0
g5	 46 	 0.0 			 0.0 			0.0
g5	 47 	 0.0 			 0.0 			0.0
g5	 48 	 0.0 			 0.0 			0.0
g5	 49 	 0.0 			 0.0 			0.0
g5	 50 	 0.0 			 0.0 			0.0
g5	 51 	 0.0 			 0.0 			0.0
g5	 52 	 0.0 			 0.0 			0.0
g5	 53 	 0.0 			 0.0 			0.0
g5	 54 	 0.0 			 0.0 			0.0
g5	 55 	 0.0 			 0.0 			0.0
g5	 56 	 0.0 			 0.0 			0.0
g5	 57 	 0.0 			 0.0 			0.0
g5	 58 	 0.0 			 0.0 			0.0
g5	 59 	 0.0 			 0.0 			0.0
g5	 60 	 0.0 			 0.0 			0.0
g5	 61 	 0.0 			 0.0 			0.0
g5	 62 	 0.0 			 0.0 			0.0
g5	 63 	 0.0 			 0.0 			0.0
g5	 64 	 0.0 			 0.0 			0.0
g5	 65 	 0.0 			 0.0 			0.0
g5	 66 	 0.0 			 0.0 			0.0
g5	 67 	 0.0 			 0.0 			0.0
g5	 68 	 0.0 			 0.0 			0.0
g5	 69 	 0.0 			 0.0 			0.0
g5	 70 	 0.0 			 0.0 			0.0
g5	 71 	 0.0 			 0.0 			0.0
g5	 72 	 0.0 			 0.0 			0.0
g5	 73 	 0.0 			 0.0 			0.0
g5	 74 	 0.0 			 0.0 			0.0
g5	 75 	 0.0 			 0.0 			0.0
g5	 76 	 0.0 			 0.0 			0.0
g5	 77 	 0.0 			 0.0 			0.0
g5	 78 	 0.0 			 0.0 			0.0
g5	 79 	 0.0 			 0.0 			0.0
g5	 80 	 0.0 			 0.0 			0.0
g5	 81 	 0.0 			 0.0 			0.0
g5	 82 	 0.0 			 0.0 			0.0
g5	 83 	 0.0 			 0.0 			0.0
g5	 84 	 0.0 			 0.0 			0.0
g5	 85 	 0.0 			 0.0 			0.0
g5	 86 	 0.0 			 0.0 			0.0
g5	 87 	 0.0 			 0.0 			0.0
g5	 88 	 0.0 			 0.0 			0.0
g5	 89 	 0.0 			 0.0 			0.0
g5	 90 	 0.0 			 0.0 			0.0
g5	 91 	 0.0 			 0.0 			0.0
g5	 92 	 0.0 			 0.0 			0.0
g5	 93 	 0.0 			 0.0 			0.0
g5	 94 	 0.0 			 0.0 			0.0
g5	 95 	 0.0 			 0.0 			0.0
g5	 96 	 0.0 			 0.0 			0.0
----------------------------------------------------------------------------------------------------
 
unit 	 generation 	 generation cost 	 start-up cost 	 total cost
----------------------------------------------------------------------------------------------------
g1 	 6946.832652			259082.758788			 0.000000		 259082.758788
g2 	 782.526311			46018.094335			 10598.130000		 56616.224335
g3 	 221.551684			14162.039452			 4595.430000		 18757.469452
g4 	 0.000000			0.000000			 0.000000		 0.000000
g5 	 0.000000			0.000000			 0.000000		 0.000000
----------------------------------------------------------------------------------------------------
 
generation cost 	 start-up cost 		 total cost
----------------------------------------------------------------------------------------------------
319262.89257499995 			 15193.56 			 334456.452575
----------------------------------------------------------------------------------------------------
uplift payment for generator g1: 0.0
uplift payment for generator g2: 21500.253197
uplift payment for generator g3: 8622.585872
uplift payment for generator g4: 0.0
uplift payment for generator g5: 0.0
 
****************************************************************************************************
 
rtm Systemwide prices
----------------------------------------------------------------------------------------------------
time	 energy 	 up-FRP 	 dw-FRP
----------------------------------------------------------------------------------------------------
1 	 9.614507 		 0.0 		 0.0
2 	 9.614507 		 0.0 		 0.0
3 	 9.614507 		 0.0 		 0.0
4 	 9.614507 		 0.0 		 0.0
5 	 9.408671 		 0.0 		 0.0
6 	 9.408671 		 0.0 		 0.0
7 	 9.408671 		 0.0 		 0.0
8 	 9.614507 		 0.0 		 0.0
9 	 9.408671 		 0.0 		 0.0
10 	 9.408671 		 0.0 		 0.0
11 	 9.408671 		 0.0 		 0.0
12 	 9.408671 		 0.0 		 0.0
13 	 9.408671 		 0.0 		 0.0
14 	 9.408671 		 0.0 		 0.0
15 	 9.408671 		 0.0 		 0.0
16 	 9.408671 		 0.0 		 0.0
17 	 9.408671 		 0.0 		 0.0
18 	 9.408671 		 0.0 		 0.0
19 	 9.408671 		 0.0 		 0.0
20 	 9.408671 		 0.0 		 0.0
21 	 9.614507 		 0.0 		 0.0
22 	 9.408671 		 0.0 		 0.0
23 	 9.614507 		 0.0 		 0.0
24 	 9.614507 		 0.0 		 0.0
25 	 9.408671 		 0.0 		 0.0
26 	 9.457625 		 0.0 		 0.0
27 	 9.457625 		 0.0 		 0.0
28 	 9.408671 		 0.0 		 0.0
29 	 9.614507 		 0.0 		 0.0
30 	 9.457625 		 0.0 		 0.0
31 	 9.457625 		 0.0 		 0.0
32 	 9.457625 		 0.0 		 0.0
33 	 9.614507 		 0.0 		 0.0
34 	 9.614507 		 0.0 		 0.0
35 	 9.614507 		 0.0 		 0.0
36 	 9.614507 		 0.0 		 0.0
37 	 9.614507 		 0.0 		 0.0
38 	 9.614507 		 0.0 		 0.0
39 	 9.614507 		 0.0 		 0.0
40 	 9.614507 		 0.0 		 0.0
41 	 9.614507 		 0.0 		 0.0
42 	 9.614507 		 0.0 		 0.0
43 	 9.614507 		 0.0 		 0.0
44 	 9.614507 		 0.0 		 0.0
45 	 10.185876 		 0.0 		 0.0
46 	 9.614507 		 0.0 		 0.0
47 	 10.185876 		 0.0 		 0.0
48 	 10.185876 		 0.0 		 0.0
49 	 10.185876 		 0.0 		 0.0
50 	 10.185876 		 0.0 		 0.0
51 	 10.185876 		 0.0 		 0.0
52 	 9.614507 		 0.0 		 0.0
53 	 10.757244 		 0.0 		 0.0
54 	 10.185876 		 0.0 		 0.0
55 	 10.185876 		 0.0 		 0.0
56 	 9.614507 		 0.0 		 0.0
57 	 11.862367 		 0.0 		 0.0
58 	 10.185876 		 0.0 		 0.0
59 	 10.185876 		 0.0 		 0.0
60 	 10.185876 		 0.0 		 0.0
61 	 11.493892 		 0.0 		 0.0
62 	 10.185876 		 0.0 		 0.0
63 	 11.493892 		 0.0 		 0.0
64 	 11.493892 		 0.0 		 0.0
65 	 11.493892 		 0.0 		 0.0
66 	 11.493892 		 0.0 		 0.0
67 	 11.862367 		 0.0 		 0.0
68 	 9.614507 		 0.0 		 0.0
69 	 11.696785 		 0.0 		 0.0
70 	 11.493892 		 0.0 		 0.0
71 	 11.493892 		 0.0 		 0.0
72 	 10.185876 		 0.0 		 0.0
73 	 10.185876 		 0.0 		 0.0
74 	 10.185876 		 0.0 		 0.0
75 	 9.614507 		 0.0 		 0.0
76 	 10.757244 		 0.0 		 0.0
77 	 10.185876 		 0.0 		 0.0
78 	 9.614507 		 0.0 		 0.0
79 	 10.185876 		 0.0 		 0.0
80 	 10.185876 		 0.0 		 0.0
81 	 10.185876 		 0.0 		 0.0
82 	 9.614507 		 0.0 		 0.0
83 	 10.185876 		 0.0 		 0.0
84 	 10.185876 		 0.0 		 0.0
85 	 9.614507 		 0.0 		 0.0
86 	 10.185876 		 0.0 		 0.0
87 	 10.185876 		 0.0 		 0.0
88 	 10.185876 		 0.0 		 0.0
89 	 9.614507 		 0.0 		 0.0
90 	 9.614507 		 0.0 		 0.0
91 	 9.614507 		 0.0 		 0.0
92 	 9.614507 		 0.0 		 0.0
93 	 9.614507 		 0.0 		 0.0
94 	 9.614507 		 0.0 		 0.0
95 	 9.614507 		 0.0 		 0.0
96 	 9.614507 		 0.0 		 0.0
 
****************************************************************************************************
 
rtm Post-uplift payments
----------------------------------------------------------------------------------------------------------------------------------------------------
unit 	 generation payment 	 up-FRP payment 	 dw-FRP payment 	pre-up t. payment 	 uplift payments 	 post-up t. payment 	 profit
----------------------------------------------------------------------------------------------------------------------------------------------------
 g1 	 16260.589806			 0.000000			 0.000000			 16260.589806			 0.000000			 16260.589806		 37908.651939
 g2 	 942.777759			 0.000000			 0.000000			 942.777759			 21500.253197			 22443.030956		 -0.000000
 g3 	 659.521377			 0.000000			 0.000000			 659.521377			 8622.585872			 9282.107249		 0.000000
 g4 	 0.000000			 0.000000			 0.000000			 0.000000			 0.000000			 0.000000		 0.000000
 g5 	 0.000000			 0.000000			 0.000000			 0.000000			 0.000000			 0.000000		 0.000000
****************************************************************************************************
 
Total generator payments
----------------------------------------------------------------------------------------------------------------------------------------------------
unit 	 generation payment 	 up-FRP payment 	 dw-FRP payment 	pre-up t. payment 	 uplift payments 	 post-up t. payment 	 profit
----------------------------------------------------------------------------------------------------------------------------------------------------
 g1 	 296991.410727			 0.000000			 0.000000			 296991.410727			 0.000000			 296991.410727		 37908.651939
 g2 	 34525.105671			 590.865467			 0.000000			 35115.971138			 21500.253197			 56616.224335		 -0.000000
 g3 	 10134.883580			 0.000000			 0.000000			 10134.883580			 8622.585872			 18757.469452		 0.000000
 g4 	 0.000000			 0.000000			 0.000000			 0.000000			 0.000000			 0.000000		 0.000000
 g5 	 0.000000			 0.000000			 0.000000			 0.000000			 0.000000			 0.000000		 0.000000
 
****************************************************************************************************
 
rtm LMP
----------------------------------------------------------------------------------------------------
bus name 	 time 		 LMP
----------------------------------------------------------------------------------------------------
b1 		 1 		 9.614507
b1 		 2 		 9.614507
b1 		 3 		 9.614507
b1 		 4 		 9.614507
b1 		 5 		 9.408671
b1 		 6 		 9.408671
b1 		 7 		 9.408671
b1 		 8 		 9.614507
b1 		 9 		 9.408671
b1 		 10 		 9.408671
b1 		 11 		 9.408671
b1 		 12 		 9.408671
b1 		 13 		 9.408671
b1 		 14 		 9.408671
b1 		 15 		 9.408671
b1 		 16 		 9.408671
b1 		 17 		 9.408671
b1 		 18 		 9.408671
b1 		 19 		 9.408671
b1 		 20 		 9.408671
b1 		 21 		 9.614507
b1 		 22 		 9.408671
b1 		 23 		 9.614507
b1 		 24 		 9.614507
b1 		 25 		 9.408671
b1 		 26 		 9.457625
b1 		 27 		 9.457625
b1 		 28 		 9.408671
b1 		 29 		 9.614507
b1 		 30 		 9.457625
b1 		 31 		 9.457625
b1 		 32 		 9.457625
b1 		 33 		 9.614507
b1 		 34 		 9.614507
b1 		 35 		 9.614507
b1 		 36 		 9.614507
b1 		 37 		 9.614507
b1 		 38 		 9.614507
b1 		 39 		 9.614507
b1 		 40 		 9.614507
b1 		 41 		 9.614507
b1 		 42 		 9.614507
b1 		 43 		 9.614507
b1 		 44 		 9.614507
b1 		 45 		 10.185876
b1 		 46 		 9.614507
b1 		 47 		 10.185876
b1 		 48 		 10.185876
b1 		 49 		 10.185876
b1 		 50 		 10.185876
b1 		 51 		 10.185876
b1 		 52 		 9.614507
b1 		 53 		 10.757244
b1 		 54 		 10.185876
b1 		 55 		 10.185876
b1 		 56 		 9.614507
b1 		 57 		 11.862367
b1 		 58 		 10.185876
b1 		 59 		 10.185876
b1 		 60 		 10.185876
b1 		 61 		 11.493892
b1 		 62 		 10.185876
b1 		 63 		 11.493892
b1 		 64 		 11.493892
b1 		 65 		 11.493892
b1 		 66 		 11.493892
b1 		 67 		 11.862367
b1 		 68 		 9.614507
b1 		 69 		 11.696785
b1 		 70 		 11.493892
b1 		 71 		 11.493892
b1 		 72 		 10.185876
b1 		 73 		 10.185876
b1 		 74 		 10.185876
b1 		 75 		 9.614507
b1 		 76 		 10.757244
b1 		 77 		 10.185876
b1 		 78 		 9.614507
b1 		 79 		 10.185876
b1 		 80 		 10.185876
b1 		 81 		 10.185876
b1 		 82 		 9.614507
b1 		 83 		 10.185876
b1 		 84 		 10.185876
b1 		 85 		 9.614507
b1 		 86 		 10.185876
b1 		 87 		 10.185876
b1 		 88 		 10.185876
b1 		 89 		 9.614507
b1 		 90 		 9.614507
b1 		 91 		 9.614507
b1 		 92 		 9.614507
b1 		 93 		 9.614507
b1 		 94 		 9.614507
b1 		 95 		 9.614507
b1 		 96 		 9.614507
----------------------------------------------------------------------------------------------------
b2 		 1 		 9.614507
b2 		 2 		 9.614507
b2 		 3 		 9.614507
b2 		 4 		 9.614507
b2 		 5 		 9.408671
b2 		 6 		 9.408671
b2 		 7 		 9.408671
b2 		 8 		 9.614507
b2 		 9 		 9.408671
b2 		 10 		 9.408671
b2 		 11 		 9.408671
b2 		 12 		 9.408671
b2 		 13 		 9.408671
b2 		 14 		 9.408671
b2 		 15 		 9.408671
b2 		 16 		 9.408671
b2 		 17 		 9.408671
b2 		 18 		 9.408671
b2 		 19 		 9.408671
b2 		 20 		 9.408671
b2 		 21 		 9.614507
b2 		 22 		 9.408671
b2 		 23 		 9.614507
b2 		 24 		 9.614507
b2 		 25 		 9.408671
b2 		 26 		 9.457625
b2 		 27 		 9.457625
b2 		 28 		 9.408671
b2 		 29 		 9.614507
b2 		 30 		 9.457625
b2 		 31 		 9.457625
b2 		 32 		 9.457625
b2 		 33 		 9.614507
b2 		 34 		 9.614507
b2 		 35 		 9.614507
b2 		 36 		 9.614507
b2 		 37 		 9.614507
b2 		 38 		 9.614507
b2 		 39 		 9.614507
b2 		 40 		 9.614507
b2 		 41 		 9.614507
b2 		 42 		 9.614507
b2 		 43 		 9.614507
b2 		 44 		 9.614507
b2 		 45 		 10.185876
b2 		 46 		 9.614507
b2 		 47 		 10.185876
b2 		 48 		 10.185876
b2 		 49 		 10.185876
b2 		 50 		 10.185876
b2 		 51 		 10.185876
b2 		 52 		 9.614507
b2 		 53 		 10.757244
b2 		 54 		 10.185876
b2 		 55 		 10.185876
b2 		 56 		 9.614507
b2 		 57 		 11.862367
b2 		 58 		 10.185876
b2 		 59 		 10.185876
b2 		 60 		 10.185876
b2 		 61 		 11.493892
b2 		 62 		 10.185876
b2 		 63 		 11.493892
b2 		 64 		 11.493892
b2 		 65 		 11.493892
b2 		 66 		 11.493892
b2 		 67 		 11.862367
b2 		 68 		 9.614507
b2 		 69 		 11.696785
b2 		 70 		 11.493892
b2 		 71 		 11.493892
b2 		 72 		 10.185876
b2 		 73 		 10.185876
b2 		 74 		 10.185876
b2 		 75 		 9.614507
b2 		 76 		 10.757244
b2 		 77 		 10.185876
b2 		 78 		 9.614507
b2 		 79 		 10.185876
b2 		 80 		 10.185876
b2 		 81 		 10.185876
b2 		 82 		 9.614507
b2 		 83 		 10.185876
b2 		 84 		 10.185876
b2 		 85 		 9.614507
b2 		 86 		 10.185876
b2 		 87 		 10.185876
b2 		 88 		 10.185876
b2 		 89 		 9.614507
b2 		 90 		 9.614507
b2 		 91 		 9.614507
b2 		 92 		 9.614507
b2 		 93 		 9.614507
b2 		 94 		 9.614507
b2 		 95 		 9.614507
b2 		 96 		 9.614507
----------------------------------------------------------------------------------------------------
b3 		 1 		 9.614507
b3 		 2 		 9.614507
b3 		 3 		 9.614507
b3 		 4 		 9.614507
b3 		 5 		 9.408671
b3 		 6 		 9.408671
b3 		 7 		 9.408671
b3 		 8 		 9.614507
b3 		 9 		 9.408671
b3 		 10 		 9.408671
b3 		 11 		 9.408671
b3 		 12 		 9.408671
b3 		 13 		 9.408671
b3 		 14 		 9.408671
b3 		 15 		 9.408671
b3 		 16 		 9.408671
b3 		 17 		 9.408671
b3 		 18 		 9.408671
b3 		 19 		 9.408671
b3 		 20 		 9.408671
b3 		 21 		 9.614507
b3 		 22 		 9.408671
b3 		 23 		 9.614507
b3 		 24 		 9.614507
b3 		 25 		 9.408671
b3 		 26 		 9.457625
b3 		 27 		 9.457625
b3 		 28 		 9.408671
b3 		 29 		 9.614507
b3 		 30 		 9.457625
b3 		 31 		 9.457625
b3 		 32 		 9.457625
b3 		 33 		 9.614507
b3 		 34 		 9.614507
b3 		 35 		 9.614507
b3 		 36 		 9.614507
b3 		 37 		 9.614507
b3 		 38 		 9.614507
b3 		 39 		 9.614507
b3 		 40 		 9.614507
b3 		 41 		 9.614507
b3 		 42 		 9.614507
b3 		 43 		 9.614507
b3 		 44 		 9.614507
b3 		 45 		 10.185876
b3 		 46 		 9.614507
b3 		 47 		 10.185876
b3 		 48 		 10.185876
b3 		 49 		 10.185876
b3 		 50 		 10.185876
b3 		 51 		 10.185876
b3 		 52 		 9.614507
b3 		 53 		 10.757244
b3 		 54 		 10.185876
b3 		 55 		 10.185876
b3 		 56 		 9.614507
b3 		 57 		 11.862367
b3 		 58 		 10.185876
b3 		 59 		 10.185876
b3 		 60 		 10.185876
b3 		 61 		 11.493892
b3 		 62 		 10.185876
b3 		 63 		 11.493892
b3 		 64 		 11.493892
b3 		 65 		 11.493892
b3 		 66 		 11.493892
b3 		 67 		 11.862367
b3 		 68 		 9.614507
b3 		 69 		 11.696785
b3 		 70 		 11.493892
b3 		 71 		 11.493892
b3 		 72 		 10.185876
b3 		 73 		 10.185876
b3 		 74 		 10.185876
b3 		 75 		 9.614507
b3 		 76 		 10.757244
b3 		 77 		 10.185876
b3 		 78 		 9.614507
b3 		 79 		 10.185876
b3 		 80 		 10.185876
b3 		 81 		 10.185876
b3 		 82 		 9.614507
b3 		 83 		 10.185876
b3 		 84 		 10.185876
b3 		 85 		 9.614507
b3 		 86 		 10.185876
b3 		 87 		 10.185876
b3 		 88 		 10.185876
b3 		 89 		 9.614507
b3 		 90 		 9.614507
b3 		 91 		 9.614507
b3 		 92 		 9.614507
b3 		 93 		 9.614507
b3 		 94 		 9.614507
b3 		 95 		 9.614507
b3 		 96 		 9.614507
----------------------------------------------------------------------------------------------------
b4 		 1 		 9.614507
b4 		 2 		 9.614507
b4 		 3 		 9.614507
b4 		 4 		 9.614507
b4 		 5 		 9.408671
b4 		 6 		 9.408671
b4 		 7 		 9.408671
b4 		 8 		 9.614507
b4 		 9 		 9.408671
b4 		 10 		 9.408671
b4 		 11 		 9.408671
b4 		 12 		 9.408671
b4 		 13 		 9.408671
b4 		 14 		 9.408671
b4 		 15 		 9.408671
b4 		 16 		 9.408671
b4 		 17 		 9.408671
b4 		 18 		 9.408671
b4 		 19 		 9.408671
b4 		 20 		 9.408671
b4 		 21 		 9.614507
b4 		 22 		 9.408671
b4 		 23 		 9.614507
b4 		 24 		 9.614507
b4 		 25 		 9.408671
b4 		 26 		 9.457625
b4 		 27 		 9.457625
b4 		 28 		 9.408671
b4 		 29 		 9.614507
b4 		 30 		 9.457625
b4 		 31 		 9.457625
b4 		 32 		 9.457625
b4 		 33 		 9.614507
b4 		 34 		 9.614507
b4 		 35 		 9.614507
b4 		 36 		 9.614507
b4 		 37 		 9.614507
b4 		 38 		 9.614507
b4 		 39 		 9.614507
b4 		 40 		 9.614507
b4 		 41 		 9.614507
b4 		 42 		 9.614507
b4 		 43 		 9.614507
b4 		 44 		 9.614507
b4 		 45 		 10.185876
b4 		 46 		 9.614507
b4 		 47 		 10.185876
b4 		 48 		 10.185876
b4 		 49 		 10.185876
b4 		 50 		 10.185876
b4 		 51 		 10.185876
b4 		 52 		 9.614507
b4 		 53 		 10.757244
b4 		 54 		 10.185876
b4 		 55 		 10.185876
b4 		 56 		 9.614507
b4 		 57 		 11.862367
b4 		 58 		 10.185876
b4 		 59 		 10.185876
b4 		 60 		 10.185876
b4 		 61 		 11.493892
b4 		 62 		 10.185876
b4 		 63 		 11.493892
b4 		 64 		 11.493892
b4 		 65 		 11.493892
b4 		 66 		 11.493892
b4 		 67 		 11.862367
b4 		 68 		 9.614507
b4 		 69 		 11.696785
b4 		 70 		 11.493892
b4 		 71 		 11.493892
b4 		 72 		 10.185876
b4 		 73 		 10.185876
b4 		 74 		 10.185876
b4 		 75 		 9.614507
b4 		 76 		 10.757244
b4 		 77 		 10.185876
b4 		 78 		 9.614507
b4 		 79 		 10.185876
b4 		 80 		 10.185876
b4 		 81 		 10.185876
b4 		 82 		 9.614507
b4 		 83 		 10.185876
b4 		 84 		 10.185876
b4 		 85 		 9.614507
b4 		 86 		 10.185876
b4 		 87 		 10.185876
b4 		 88 		 10.185876
b4 		 89 		 9.614507
b4 		 90 		 9.614507
b4 		 91 		 9.614507
b4 		 92 		 9.614507
b4 		 93 		 9.614507
b4 		 94 		 9.614507
b4 		 95 		 9.614507
b4 		 96 		 9.614507
----------------------------------------------------------------------------------------------------
b5 		 1 		 9.614507
b5 		 2 		 9.614507
b5 		 3 		 9.614507
b5 		 4 		 9.614507
b5 		 5 		 9.408671
b5 		 6 		 9.408671
b5 		 7 		 9.408671
b5 		 8 		 9.614507
b5 		 9 		 9.408671
b5 		 10 		 9.408671
b5 		 11 		 9.408671
b5 		 12 		 9.408671
b5 		 13 		 9.408671
b5 		 14 		 9.408671
b5 		 15 		 9.408671
b5 		 16 		 9.408671
b5 		 17 		 9.408671
b5 		 18 		 9.408671
b5 		 19 		 9.408671
b5 		 20 		 9.408671
b5 		 21 		 9.614507
b5 		 22 		 9.408671
b5 		 23 		 9.614507
b5 		 24 		 9.614507
b5 		 25 		 9.408671
b5 		 26 		 9.457625
b5 		 27 		 9.457625
b5 		 28 		 9.408671
b5 		 29 		 9.614507
b5 		 30 		 9.457625
b5 		 31 		 9.457625
b5 		 32 		 9.457625
b5 		 33 		 9.614507
b5 		 34 		 9.614507
b5 		 35 		 9.614507
b5 		 36 		 9.614507
b5 		 37 		 9.614507
b5 		 38 		 9.614507
b5 		 39 		 9.614507
b5 		 40 		 9.614507
b5 		 41 		 9.614507
b5 		 42 		 9.614507
b5 		 43 		 9.614507
b5 		 44 		 9.614507
b5 		 45 		 10.185876
b5 		 46 		 9.614507
b5 		 47 		 10.185876
b5 		 48 		 10.185876
b5 		 49 		 10.185876
b5 		 50 		 10.185876
b5 		 51 		 10.185876
b5 		 52 		 9.614507
b5 		 53 		 10.757244
b5 		 54 		 10.185876
b5 		 55 		 10.185876
b5 		 56 		 9.614507
b5 		 57 		 11.862367
b5 		 58 		 10.185876
b5 		 59 		 10.185876
b5 		 60 		 10.185876
b5 		 61 		 11.493892
b5 		 62 		 10.185876
b5 		 63 		 11.493892
b5 		 64 		 11.493892
b5 		 65 		 11.493892
b5 		 66 		 11.493892
b5 		 67 		 11.862367
b5 		 68 		 9.614507
b5 		 69 		 11.696785
b5 		 70 		 11.493892
b5 		 71 		 11.493892
b5 		 72 		 10.185876
b5 		 73 		 10.185876
b5 		 74 		 10.185876
b5 		 75 		 9.614507
b5 		 76 		 10.757244
b5 		 77 		 10.185876
b5 		 78 		 9.614507
b5 		 79 		 10.185876
b5 		 80 		 10.185876
b5 		 81 		 10.185876
b5 		 82 		 9.614507
b5 		 83 		 10.185876
b5 		 84 		 10.185876
b5 		 85 		 9.614507
b5 		 86 		 10.185876
b5 		 87 		 10.185876
b5 		 88 		 10.185876
b5 		 89 		 9.614507
b5 		 90 		 9.614507
b5 		 91 		 9.614507
b5 		 92 		 9.614507
b5 		 93 		 9.614507
b5 		 94 		 9.614507
b5 		 95 		 9.614507
b5 		 96 		 9.614507
----------------------------------------------------------------------------------------------------
b6 		 1 		 9.614507
b6 		 2 		 9.614507
b6 		 3 		 9.614507
b6 		 4 		 9.614507
b6 		 5 		 9.408671
b6 		 6 		 9.408671
b6 		 7 		 9.408671
b6 		 8 		 9.614507
b6 		 9 		 9.408671
b6 		 10 		 9.408671
b6 		 11 		 9.408671
b6 		 12 		 9.408671
b6 		 13 		 9.408671
b6 		 14 		 9.408671
b6 		 15 		 9.408671
b6 		 16 		 9.408671
b6 		 17 		 9.408671
b6 		 18 		 9.408671
b6 		 19 		 9.408671
b6 		 20 		 9.408671
b6 		 21 		 9.614507
b6 		 22 		 9.408671
b6 		 23 		 9.614507
b6 		 24 		 9.614507
b6 		 25 		 9.408671
b6 		 26 		 9.457625
b6 		 27 		 9.457625
b6 		 28 		 9.408671
b6 		 29 		 9.614507
b6 		 30 		 9.457625
b6 		 31 		 9.457625
b6 		 32 		 9.457625
b6 		 33 		 9.614507
b6 		 34 		 9.614507
b6 		 35 		 9.614507
b6 		 36 		 9.614507
b6 		 37 		 9.614507
b6 		 38 		 9.614507
b6 		 39 		 9.614507
b6 		 40 		 9.614507
b6 		 41 		 9.614507
b6 		 42 		 9.614507
b6 		 43 		 9.614507
b6 		 44 		 9.614507
b6 		 45 		 10.185876
b6 		 46 		 9.614507
b6 		 47 		 10.185876
b6 		 48 		 10.185876
b6 		 49 		 10.185876
b6 		 50 		 10.185876
b6 		 51 		 10.185876
b6 		 52 		 9.614507
b6 		 53 		 10.757244
b6 		 54 		 10.185876
b6 		 55 		 10.185876
b6 		 56 		 9.614507
b6 		 57 		 11.862367
b6 		 58 		 10.185876
b6 		 59 		 10.185876
b6 		 60 		 10.185876
b6 		 61 		 11.493892
b6 		 62 		 10.185876
b6 		 63 		 11.493892
b6 		 64 		 11.493892
b6 		 65 		 11.493892
b6 		 66 		 11.493892
b6 		 67 		 11.862367
b6 		 68 		 9.614507
b6 		 69 		 11.696785
b6 		 70 		 11.493892
b6 		 71 		 11.493892
b6 		 72 		 10.185876
b6 		 73 		 10.185876
b6 		 74 		 10.185876
b6 		 75 		 9.614507
b6 		 76 		 10.757244
b6 		 77 		 10.185876
b6 		 78 		 9.614507
b6 		 79 		 10.185876
b6 		 80 		 10.185876
b6 		 81 		 10.185876
b6 		 82 		 9.614507
b6 		 83 		 10.185876
b6 		 84 		 10.185876
b6 		 85 		 9.614507
b6 		 86 		 10.185876
b6 		 87 		 10.185876
b6 		 88 		 10.185876
b6 		 89 		 9.614507
b6 		 90 		 9.614507
b6 		 91 		 9.614507
b6 		 92 		 9.614507
b6 		 93 		 9.614507
b6 		 94 		 9.614507
b6 		 95 		 9.614507
b6 		 96 		 9.614507
----------------------------------------------------------------------------------------------------
b7 		 1 		 9.614507
b7 		 2 		 9.614507
b7 		 3 		 9.614507
b7 		 4 		 9.614507
b7 		 5 		 9.408671
b7 		 6 		 9.408671
b7 		 7 		 9.408671
b7 		 8 		 9.614507
b7 		 9 		 9.408671
b7 		 10 		 9.408671
b7 		 11 		 9.408671
b7 		 12 		 9.408671
b7 		 13 		 9.408671
b7 		 14 		 9.408671
b7 		 15 		 9.408671
b7 		 16 		 9.408671
b7 		 17 		 9.408671
b7 		 18 		 9.408671
b7 		 19 		 9.408671
b7 		 20 		 9.408671
b7 		 21 		 9.614507
b7 		 22 		 9.408671
b7 		 23 		 9.614507
b7 		 24 		 9.614507
b7 		 25 		 9.408671
b7 		 26 		 9.457625
b7 		 27 		 9.457625
b7 		 28 		 9.408671
b7 		 29 		 9.614507
b7 		 30 		 9.457625
b7 		 31 		 9.457625
b7 		 32 		 9.457625
b7 		 33 		 9.614507
b7 		 34 		 9.614507
b7 		 35 		 9.614507
b7 		 36 		 9.614507
b7 		 37 		 9.614507
b7 		 38 		 9.614507
b7 		 39 		 9.614507
b7 		 40 		 9.614507
b7 		 41 		 9.614507
b7 		 42 		 9.614507
b7 		 43 		 9.614507
b7 		 44 		 9.614507
b7 		 45 		 10.185876
b7 		 46 		 9.614507
b7 		 47 		 10.185876
b7 		 48 		 10.185876
b7 		 49 		 10.185876
b7 		 50 		 10.185876
b7 		 51 		 10.185876
b7 		 52 		 9.614507
b7 		 53 		 10.757244
b7 		 54 		 10.185876
b7 		 55 		 10.185876
b7 		 56 		 9.614507
b7 		 57 		 11.862367
b7 		 58 		 10.185876
b7 		 59 		 10.185876
b7 		 60 		 10.185876
b7 		 61 		 11.493892
b7 		 62 		 10.185876
b7 		 63 		 11.493892
b7 		 64 		 11.493892
b7 		 65 		 11.493892
b7 		 66 		 11.493892
b7 		 67 		 11.862367
b7 		 68 		 9.614507
b7 		 69 		 11.696785
b7 		 70 		 11.493892
b7 		 71 		 11.493892
b7 		 72 		 10.185876
b7 		 73 		 10.185876
b7 		 74 		 10.185876
b7 		 75 		 9.614507
b7 		 76 		 10.757244
b7 		 77 		 10.185876
b7 		 78 		 9.614507
b7 		 79 		 10.185876
b7 		 80 		 10.185876
b7 		 81 		 10.185876
b7 		 82 		 9.614507
b7 		 83 		 10.185876
b7 		 84 		 10.185876
b7 		 85 		 9.614507
b7 		 86 		 10.185876
b7 		 87 		 10.185876
b7 		 88 		 10.185876
b7 		 89 		 9.614507
b7 		 90 		 9.614507
b7 		 91 		 9.614507
b7 		 92 		 9.614507
b7 		 93 		 9.614507
b7 		 94 		 9.614507
b7 		 95 		 9.614507
b7 		 96 		 9.614507
----------------------------------------------------------------------------------------------------
b8 		 1 		 9.614507
b8 		 2 		 9.614507
b8 		 3 		 9.614507
b8 		 4 		 9.614507
b8 		 5 		 9.408671
b8 		 6 		 9.408671
b8 		 7 		 9.408671
b8 		 8 		 9.614507
b8 		 9 		 9.408671
b8 		 10 		 9.408671
b8 		 11 		 9.408671
b8 		 12 		 9.408671
b8 		 13 		 9.408671
b8 		 14 		 9.408671
b8 		 15 		 9.408671
b8 		 16 		 9.408671
b8 		 17 		 9.408671
b8 		 18 		 9.408671
b8 		 19 		 9.408671
b8 		 20 		 9.408671
b8 		 21 		 9.614507
b8 		 22 		 9.408671
b8 		 23 		 9.614507
b8 		 24 		 9.614507
b8 		 25 		 9.408671
b8 		 26 		 9.457625
b8 		 27 		 9.457625
b8 		 28 		 9.408671
b8 		 29 		 9.614507
b8 		 30 		 9.457625
b8 		 31 		 9.457625
b8 		 32 		 9.457625
b8 		 33 		 9.614507
b8 		 34 		 9.614507
b8 		 35 		 9.614507
b8 		 36 		 9.614507
b8 		 37 		 9.614507
b8 		 38 		 9.614507
b8 		 39 		 9.614507
b8 		 40 		 9.614507
b8 		 41 		 9.614507
b8 		 42 		 9.614507
b8 		 43 		 9.614507
b8 		 44 		 9.614507
b8 		 45 		 10.185876
b8 		 46 		 9.614507
b8 		 47 		 10.185876
b8 		 48 		 10.185876
b8 		 49 		 10.185876
b8 		 50 		 10.185876
b8 		 51 		 10.185876
b8 		 52 		 9.614507
b8 		 53 		 10.757244
b8 		 54 		 10.185876
b8 		 55 		 10.185876
b8 		 56 		 9.614507
b8 		 57 		 11.862367
b8 		 58 		 10.185876
b8 		 59 		 10.185876
b8 		 60 		 10.185876
b8 		 61 		 11.493892
b8 		 62 		 10.185876
b8 		 63 		 11.493892
b8 		 64 		 11.493892
b8 		 65 		 11.493892
b8 		 66 		 11.493892
b8 		 67 		 11.862367
b8 		 68 		 9.614507
b8 		 69 		 11.696785
b8 		 70 		 11.493892
b8 		 71 		 11.493892
b8 		 72 		 10.185876
b8 		 73 		 10.185876
b8 		 74 		 10.185876
b8 		 75 		 9.614507
b8 		 76 		 10.757244
b8 		 77 		 10.185876
b8 		 78 		 9.614507
b8 		 79 		 10.185876
b8 		 80 		 10.185876
b8 		 81 		 10.185876
b8 		 82 		 9.614507
b8 		 83 		 10.185876
b8 		 84 		 10.185876
b8 		 85 		 9.614507
b8 		 86 		 10.185876
b8 		 87 		 10.185876
b8 		 88 		 10.185876
b8 		 89 		 9.614507
b8 		 90 		 9.614507
b8 		 91 		 9.614507
b8 		 92 		 9.614507
b8 		 93 		 9.614507
b8 		 94 		 9.614507
b8 		 95 		 9.614507
b8 		 96 		 9.614507
----------------------------------------------------------------------------------------------------
b9 		 1 		 9.614507
b9 		 2 		 9.614507
b9 		 3 		 9.614507
b9 		 4 		 9.614507
b9 		 5 		 9.408671
b9 		 6 		 9.408671
b9 		 7 		 9.408671
b9 		 8 		 9.614507
b9 		 9 		 9.408671
b9 		 10 		 9.408671
b9 		 11 		 9.408671
b9 		 12 		 9.408671
b9 		 13 		 9.408671
b9 		 14 		 9.408671
b9 		 15 		 9.408671
b9 		 16 		 9.408671
b9 		 17 		 9.408671
b9 		 18 		 9.408671
b9 		 19 		 9.408671
b9 		 20 		 9.408671
b9 		 21 		 9.614507
b9 		 22 		 9.408671
b9 		 23 		 9.614507
b9 		 24 		 9.614507
b9 		 25 		 9.408671
b9 		 26 		 9.457625
b9 		 27 		 9.457625
b9 		 28 		 9.408671
b9 		 29 		 9.614507
b9 		 30 		 9.457625
b9 		 31 		 9.457625
b9 		 32 		 9.457625
b9 		 33 		 9.614507
b9 		 34 		 9.614507
b9 		 35 		 9.614507
b9 		 36 		 9.614507
b9 		 37 		 9.614507
b9 		 38 		 9.614507
b9 		 39 		 9.614507
b9 		 40 		 9.614507
b9 		 41 		 9.614507
b9 		 42 		 9.614507
b9 		 43 		 9.614507
b9 		 44 		 9.614507
b9 		 45 		 10.185876
b9 		 46 		 9.614507
b9 		 47 		 10.185876
b9 		 48 		 10.185876
b9 		 49 		 10.185876
b9 		 50 		 10.185876
b9 		 51 		 10.185876
b9 		 52 		 9.614507
b9 		 53 		 10.757244
b9 		 54 		 10.185876
b9 		 55 		 10.185876
b9 		 56 		 9.614507
b9 		 57 		 11.862367
b9 		 58 		 10.185876
b9 		 59 		 10.185876
b9 		 60 		 10.185876
b9 		 61 		 11.493892
b9 		 62 		 10.185876
b9 		 63 		 11.493892
b9 		 64 		 11.493892
b9 		 65 		 11.493892
b9 		 66 		 11.493892
b9 		 67 		 11.862367
b9 		 68 		 9.614507
b9 		 69 		 11.696785
b9 		 70 		 11.493892
b9 		 71 		 11.493892
b9 		 72 		 10.185876
b9 		 73 		 10.185876
b9 		 74 		 10.185876
b9 		 75 		 9.614507
b9 		 76 		 10.757244
b9 		 77 		 10.185876
b9 		 78 		 9.614507
b9 		 79 		 10.185876
b9 		 80 		 10.185876
b9 		 81 		 10.185876
b9 		 82 		 9.614507
b9 		 83 		 10.185876
b9 		 84 		 10.185876
b9 		 85 		 9.614507
b9 		 86 		 10.185876
b9 		 87 		 10.185876
b9 		 88 		 10.185876
b9 		 89 		 9.614507
b9 		 90 		 9.614507
b9 		 91 		 9.614507
b9 		 92 		 9.614507
b9 		 93 		 9.614507
b9 		 94 		 9.614507
b9 		 95 		 9.614507
b9 		 96 		 9.614507
----------------------------------------------------------------------------------------------------
b10 		 1 		 9.614507
b10 		 2 		 9.614507
b10 		 3 		 9.614507
b10 		 4 		 9.614507
b10 		 5 		 9.408671
b10 		 6 		 9.408671
b10 		 7 		 9.408671
b10 		 8 		 9.614507
b10 		 9 		 9.408671
b10 		 10 		 9.408671
b10 		 11 		 9.408671
b10 		 12 		 9.408671
b10 		 13 		 9.408671
b10 		 14 		 9.408671
b10 		 15 		 9.408671
b10 		 16 		 9.408671
b10 		 17 		 9.408671
b10 		 18 		 9.408671
b10 		 19 		 9.408671
b10 		 20 		 9.408671
b10 		 21 		 9.614507
b10 		 22 		 9.408671
b10 		 23 		 9.614507
b10 		 24 		 9.614507
b10 		 25 		 9.408671
b10 		 26 		 9.457625
b10 		 27 		 9.457625
b10 		 28 		 9.408671
b10 		 29 		 9.614507
b10 		 30 		 9.457625
b10 		 31 		 9.457625
b10 		 32 		 9.457625
b10 		 33 		 9.614507
b10 		 34 		 9.614507
b10 		 35 		 9.614507
b10 		 36 		 9.614507
b10 		 37 		 9.614507
b10 		 38 		 9.614507
b10 		 39 		 9.614507
b10 		 40 		 9.614507
b10 		 41 		 9.614507
b10 		 42 		 9.614507
b10 		 43 		 9.614507
b10 		 44 		 9.614507
b10 		 45 		 10.185876
b10 		 46 		 9.614507
b10 		 47 		 10.185876
b10 		 48 		 10.185876
b10 		 49 		 10.185876
b10 		 50 		 10.185876
b10 		 51 		 10.185876
b10 		 52 		 9.614507
b10 		 53 		 10.757244
b10 		 54 		 10.185876
b10 		 55 		 10.185876
b10 		 56 		 9.614507
b10 		 57 		 11.862367
b10 		 58 		 10.185876
b10 		 59 		 10.185876
b10 		 60 		 10.185876
b10 		 61 		 11.493892
b10 		 62 		 10.185876
b10 		 63 		 11.493892
b10 		 64 		 11.493892
b10 		 65 		 11.493892
b10 		 66 		 11.493892
b10 		 67 		 11.862367
b10 		 68 		 9.614507
b10 		 69 		 11.696785
b10 		 70 		 11.493892
b10 		 71 		 11.493892
b10 		 72 		 10.185876
b10 		 73 		 10.185876
b10 		 74 		 10.185876
b10 		 75 		 9.614507
b10 		 76 		 10.757244
b10 		 77 		 10.185876
b10 		 78 		 9.614507
b10 		 79 		 10.185876
b10 		 80 		 10.185876
b10 		 81 		 10.185876
b10 		 82 		 9.614507
b10 		 83 		 10.185876
b10 		 84 		 10.185876
b10 		 85 		 9.614507
b10 		 86 		 10.185876
b10 		 87 		 10.185876
b10 		 88 		 10.185876
b10 		 89 		 9.614507
b10 		 90 		 9.614507
b10 		 91 		 9.614507
b10 		 92 		 9.614507
b10 		 93 		 9.614507
b10 		 94 		 9.614507
b10 		 95 		 9.614507
b10 		 96 		 9.614507
----------------------------------------------------------------------------------------------------
b11 		 1 		 9.614507
b11 		 2 		 9.614507
b11 		 3 		 9.614507
b11 		 4 		 9.614507
b11 		 5 		 9.408671
b11 		 6 		 9.408671
b11 		 7 		 9.408671
b11 		 8 		 9.614507
b11 		 9 		 9.408671
b11 		 10 		 9.408671
b11 		 11 		 9.408671
b11 		 12 		 9.408671
b11 		 13 		 9.408671
b11 		 14 		 9.408671
b11 		 15 		 9.408671
b11 		 16 		 9.408671
b11 		 17 		 9.408671
b11 		 18 		 9.408671
b11 		 19 		 9.408671
b11 		 20 		 9.408671
b11 		 21 		 9.614507
b11 		 22 		 9.408671
b11 		 23 		 9.614507
b11 		 24 		 9.614507
b11 		 25 		 9.408671
b11 		 26 		 9.457625
b11 		 27 		 9.457625
b11 		 28 		 9.408671
b11 		 29 		 9.614507
b11 		 30 		 9.457625
b11 		 31 		 9.457625
b11 		 32 		 9.457625
b11 		 33 		 9.614507
b11 		 34 		 9.614507
b11 		 35 		 9.614507
b11 		 36 		 9.614507
b11 		 37 		 9.614507
b11 		 38 		 9.614507
b11 		 39 		 9.614507
b11 		 40 		 9.614507
b11 		 41 		 9.614507
b11 		 42 		 9.614507
b11 		 43 		 9.614507
b11 		 44 		 9.614507
b11 		 45 		 10.185876
b11 		 46 		 9.614507
b11 		 47 		 10.185876
b11 		 48 		 10.185876
b11 		 49 		 10.185876
b11 		 50 		 10.185876
b11 		 51 		 10.185876
b11 		 52 		 9.614507
b11 		 53 		 10.757244
b11 		 54 		 10.185876
b11 		 55 		 10.185876
b11 		 56 		 9.614507
b11 		 57 		 11.862367
b11 		 58 		 10.185876
b11 		 59 		 10.185876
b11 		 60 		 10.185876
b11 		 61 		 11.493892
b11 		 62 		 10.185876
b11 		 63 		 11.493892
b11 		 64 		 11.493892
b11 		 65 		 11.493892
b11 		 66 		 11.493892
b11 		 67 		 11.862367
b11 		 68 		 9.614507
b11 		 69 		 11.696785
b11 		 70 		 11.493892
b11 		 71 		 11.493892
b11 		 72 		 10.185876
b11 		 73 		 10.185876
b11 		 74 		 10.185876
b11 		 75 		 9.614507
b11 		 76 		 10.757244
b11 		 77 		 10.185876
b11 		 78 		 9.614507
b11 		 79 		 10.185876
b11 		 80 		 10.185876
b11 		 81 		 10.185876
b11 		 82 		 9.614507
b11 		 83 		 10.185876
b11 		 84 		 10.185876
b11 		 85 		 9.614507
b11 		 86 		 10.185876
b11 		 87 		 10.185876
b11 		 88 		 10.185876
b11 		 89 		 9.614507
b11 		 90 		 9.614507
b11 		 91 		 9.614507
b11 		 92 		 9.614507
b11 		 93 		 9.614507
b11 		 94 		 9.614507
b11 		 95 		 9.614507
b11 		 96 		 9.614507
----------------------------------------------------------------------------------------------------
b12 		 1 		 9.614507
b12 		 2 		 9.614507
b12 		 3 		 9.614507
b12 		 4 		 9.614507
b12 		 5 		 9.408671
b12 		 6 		 9.408671
b12 		 7 		 9.408671
b12 		 8 		 9.614507
b12 		 9 		 9.408671
b12 		 10 		 9.408671
b12 		 11 		 9.408671
b12 		 12 		 9.408671
b12 		 13 		 9.408671
b12 		 14 		 9.408671
b12 		 15 		 9.408671
b12 		 16 		 9.408671
b12 		 17 		 9.408671
b12 		 18 		 9.408671
b12 		 19 		 9.408671
b12 		 20 		 9.408671
b12 		 21 		 9.614507
b12 		 22 		 9.408671
b12 		 23 		 9.614507
b12 		 24 		 9.614507
b12 		 25 		 9.408671
b12 		 26 		 9.457625
b12 		 27 		 9.457625
b12 		 28 		 9.408671
b12 		 29 		 9.614507
b12 		 30 		 9.457625
b12 		 31 		 9.457625
b12 		 32 		 9.457625
b12 		 33 		 9.614507
b12 		 34 		 9.614507
b12 		 35 		 9.614507
b12 		 36 		 9.614507
b12 		 37 		 9.614507
b12 		 38 		 9.614507
b12 		 39 		 9.614507
b12 		 40 		 9.614507
b12 		 41 		 9.614507
b12 		 42 		 9.614507
b12 		 43 		 9.614507
b12 		 44 		 9.614507
b12 		 45 		 10.185876
b12 		 46 		 9.614507
b12 		 47 		 10.185876
b12 		 48 		 10.185876
b12 		 49 		 10.185876
b12 		 50 		 10.185876
b12 		 51 		 10.185876
b12 		 52 		 9.614507
b12 		 53 		 10.757244
b12 		 54 		 10.185876
b12 		 55 		 10.185876
b12 		 56 		 9.614507
b12 		 57 		 11.862367
b12 		 58 		 10.185876
b12 		 59 		 10.185876
b12 		 60 		 10.185876
b12 		 61 		 11.493892
b12 		 62 		 10.185876
b12 		 63 		 11.493892
b12 		 64 		 11.493892
b12 		 65 		 11.493892
b12 		 66 		 11.493892
b12 		 67 		 11.862367
b12 		 68 		 9.614507
b12 		 69 		 11.696785
b12 		 70 		 11.493892
b12 		 71 		 11.493892
b12 		 72 		 10.185876
b12 		 73 		 10.185876
b12 		 74 		 10.185876
b12 		 75 		 9.614507
b12 		 76 		 10.757244
b12 		 77 		 10.185876
b12 		 78 		 9.614507
b12 		 79 		 10.185876
b12 		 80 		 10.185876
b12 		 81 		 10.185876
b12 		 82 		 9.614507
b12 		 83 		 10.185876
b12 		 84 		 10.185876
b12 		 85 		 9.614507
b12 		 86 		 10.185876
b12 		 87 		 10.185876
b12 		 88 		 10.185876
b12 		 89 		 9.614507
b12 		 90 		 9.614507
b12 		 91 		 9.614507
b12 		 92 		 9.614507
b12 		 93 		 9.614507
b12 		 94 		 9.614507
b12 		 95 		 9.614507
b12 		 96 		 9.614507
----------------------------------------------------------------------------------------------------
b13 		 1 		 9.614507
b13 		 2 		 9.614507
b13 		 3 		 9.614507
b13 		 4 		 9.614507
b13 		 5 		 9.408671
b13 		 6 		 9.408671
b13 		 7 		 9.408671
b13 		 8 		 9.614507
b13 		 9 		 9.408671
b13 		 10 		 9.408671
b13 		 11 		 9.408671
b13 		 12 		 9.408671
b13 		 13 		 9.408671
b13 		 14 		 9.408671
b13 		 15 		 9.408671
b13 		 16 		 9.408671
b13 		 17 		 9.408671
b13 		 18 		 9.408671
b13 		 19 		 9.408671
b13 		 20 		 9.408671
b13 		 21 		 9.614507
b13 		 22 		 9.408671
b13 		 23 		 9.614507
b13 		 24 		 9.614507
b13 		 25 		 9.408671
b13 		 26 		 9.457625
b13 		 27 		 9.457625
b13 		 28 		 9.408671
b13 		 29 		 9.614507
b13 		 30 		 9.457625
b13 		 31 		 9.457625
b13 		 32 		 9.457625
b13 		 33 		 9.614507
b13 		 34 		 9.614507
b13 		 35 		 9.614507
b13 		 36 		 9.614507
b13 		 37 		 9.614507
b13 		 38 		 9.614507
b13 		 39 		 9.614507
b13 		 40 		 9.614507
b13 		 41 		 9.614507
b13 		 42 		 9.614507
b13 		 43 		 9.614507
b13 		 44 		 9.614507
b13 		 45 		 10.185876
b13 		 46 		 9.614507
b13 		 47 		 10.185876
b13 		 48 		 10.185876
b13 		 49 		 10.185876
b13 		 50 		 10.185876
b13 		 51 		 10.185876
b13 		 52 		 9.614507
b13 		 53 		 10.757244
b13 		 54 		 10.185876
b13 		 55 		 10.185876
b13 		 56 		 9.614507
b13 		 57 		 11.862367
b13 		 58 		 10.185876
b13 		 59 		 10.185876
b13 		 60 		 10.185876
b13 		 61 		 11.493892
b13 		 62 		 10.185876
b13 		 63 		 11.493892
b13 		 64 		 11.493892
b13 		 65 		 11.493892
b13 		 66 		 11.493892
b13 		 67 		 11.862367
b13 		 68 		 9.614507
b13 		 69 		 11.696785
b13 		 70 		 11.493892
b13 		 71 		 11.493892
b13 		 72 		 10.185876
b13 		 73 		 10.185876
b13 		 74 		 10.185876
b13 		 75 		 9.614507
b13 		 76 		 10.757244
b13 		 77 		 10.185876
b13 		 78 		 9.614507
b13 		 79 		 10.185876
b13 		 80 		 10.185876
b13 		 81 		 10.185876
b13 		 82 		 9.614507
b13 		 83 		 10.185876
b13 		 84 		 10.185876
b13 		 85 		 9.614507
b13 		 86 		 10.185876
b13 		 87 		 10.185876
b13 		 88 		 10.185876
b13 		 89 		 9.614507
b13 		 90 		 9.614507
b13 		 91 		 9.614507
b13 		 92 		 9.614507
b13 		 93 		 9.614507
b13 		 94 		 9.614507
b13 		 95 		 9.614507
b13 		 96 		 9.614507
----------------------------------------------------------------------------------------------------
b14 		 1 		 9.614507
b14 		 2 		 9.614507
b14 		 3 		 9.614507
b14 		 4 		 9.614507
b14 		 5 		 9.408671
b14 		 6 		 9.408671
b14 		 7 		 9.408671
b14 		 8 		 9.614507
b14 		 9 		 9.408671
b14 		 10 		 9.408671
b14 		 11 		 9.408671
b14 		 12 		 9.408671
b14 		 13 		 9.408671
b14 		 14 		 9.408671
b14 		 15 		 9.408671
b14 		 16 		 9.408671
b14 		 17 		 9.408671
b14 		 18 		 9.408671
b14 		 19 		 9.408671
b14 		 20 		 9.408671
b14 		 21 		 9.614507
b14 		 22 		 9.408671
b14 		 23 		 9.614507
b14 		 24 		 9.614507
b14 		 25 		 9.408671
b14 		 26 		 9.457625
b14 		 27 		 9.457625
b14 		 28 		 9.408671
b14 		 29 		 9.614507
b14 		 30 		 9.457625
b14 		 31 		 9.457625
b14 		 32 		 9.457625
b14 		 33 		 9.614507
b14 		 34 		 9.614507
b14 		 35 		 9.614507
b14 		 36 		 9.614507
b14 		 37 		 9.614507
b14 		 38 		 9.614507
b14 		 39 		 9.614507
b14 		 40 		 9.614507
b14 		 41 		 9.614507
b14 		 42 		 9.614507
b14 		 43 		 9.614507
b14 		 44 		 9.614507
b14 		 45 		 10.185876
b14 		 46 		 9.614507
b14 		 47 		 10.185876
b14 		 48 		 10.185876
b14 		 49 		 10.185876
b14 		 50 		 10.185876
b14 		 51 		 10.185876
b14 		 52 		 9.614507
b14 		 53 		 10.757244
b14 		 54 		 10.185876
b14 		 55 		 10.185876
b14 		 56 		 9.614507
b14 		 57 		 11.862367
b14 		 58 		 10.185876
b14 		 59 		 10.185876
b14 		 60 		 10.185876
b14 		 61 		 11.493892
b14 		 62 		 10.185876
b14 		 63 		 11.493892
b14 		 64 		 11.493892
b14 		 65 		 11.493892
b14 		 66 		 11.493892
b14 		 67 		 11.862367
b14 		 68 		 9.614507
b14 		 69 		 11.696785
b14 		 70 		 11.493892
b14 		 71 		 11.493892
b14 		 72 		 10.185876
b14 		 73 		 10.185876
b14 		 74 		 10.185876
b14 		 75 		 9.614507
b14 		 76 		 10.757244
b14 		 77 		 10.185876
b14 		 78 		 9.614507
b14 		 79 		 10.185876
b14 		 80 		 10.185876
b14 		 81 		 10.185876
b14 		 82 		 9.614507
b14 		 83 		 10.185876
b14 		 84 		 10.185876
b14 		 85 		 9.614507
b14 		 86 		 10.185876
b14 		 87 		 10.185876
b14 		 88 		 10.185876
b14 		 89 		 9.614507
b14 		 90 		 9.614507
b14 		 91 		 9.614507
b14 		 92 		 9.614507
b14 		 93 		 9.614507
b14 		 94 		 9.614507
b14 		 95 		 9.614507
b14 		 96 		 9.614507
----------------------------------------------------------------------------------------------------
Total overall payments
----------------------------------------------------------------------------------------------------------------------------------------------------
total generation payment 	 total up-FRP payment 	 total dw-FRP payment 	 total pre-up t. payment 	 uplift payment 	 total post-up t. payment 	 profit
----------------------------------------------------------------------------------------------------------------------------------------------------
341651.39997800003 			 590.865467 			 0.0 			 342242.265445			 30122.839068999998 			 372365.10451399995 			 37908.65193899997
