****************************************************************************************************
 
Generation payment
----------------------------------------------------------------------------------------------------------------
unit	 time 	 generation payment 	 up-FRP payment 	 dw-FRP payment 	pre-up total payment
----------------------------------------------------------------------------------------------------------------
g1	 1 	 187.974928 			 0.0 			 0.0			 187.974928 
g1	 2 	 146.20477 			 0.0 			 0.0			 146.20477 
g1	 3 	 182.859462 			 0.0 			 0.0			 182.859462 
g1	 4 	 161.616651 			 0.0 			 0.0			 161.616651 
g1	 5 	 154.602256 			 0.0 			 0.0			 154.602256 
g1	 6 	 156.041821 			 0.0 			 0.0			 156.041821 
g1	 7 	 128.85031 			 0.0 			 0.0			 128.85031 
g1	 8 	 161.599231 			 0.0 			 0.0			 161.599231 
g1	 9 	 134.850934 			 0.0 			 0.0			 134.850934 
g1	 10 	 186.771556 			 0.0 			 0.0			 186.771556 
g1	 11 	 154.28573 			 0.0 			 0.0			 154.28573 
g1	 12 	 180.569022 			 0.0 			 0.0			 180.569022 
g1	 13 	 189.075279 			 0.0 			 0.0			 189.075279 
g1	 14 	 172.191447 			 0.0 			 0.0			 172.191447 
g1	 15 	 173.728353 			 0.0 			 0.0			 173.728353 
g1	 16 	 142.711418 			 0.0 			 0.0			 142.711418 
g1	 17 	 155.732539 			 0.0 			 0.0			 155.732539 
g1	 18 	 98.824587 			 0.0 			 0.0			 98.824587 
g1	 19 	 137.237481 			 0.0 			 0.0			 137.237481 
g1	 20 	 166.893979 			 0.0 			 0.0			 166.893979 
g1	 21 	 142.891952 			 0.0 			 0.0			 142.891952 
g1	 22 	 128.767382 			 0.0 			 0.0			 128.767382 
g1	 23 	 148.910622 			 0.0 			 0.0			 148.910622 
g1	 24 	 142.620662 			 0.0 			 0.0			 142.620662 
g1	 25 	 153.989479 			 0.0 			 0.0			 153.989479 
g1	 26 	 142.358028 			 0.0 			 0.0			 142.358028 
g1	 27 	 118.964215 			 0.0 			 0.0			 118.964215 
g1	 28 	 165.716813 			 0.0 			 0.0			 165.716813 
g1	 29 	 217.258121 			 0.0 			 0.0			 217.258121 
g1	 30 	 151.983877 			 0.0 			 0.0			 151.983877 
g1	 31 	 185.867563 			 0.0 			 0.0			 185.867563 
g1	 32 	 180.753683 			 0.0 			 0.0			 180.753683 
g1	 33 	 177.361839 			 0.0 			 0.0			 177.361839 
g1	 34 	 157.963245 			 0.0 			 0.0			 157.963245 
g1	 35 	 180.981874 			 0.0 			 0.0			 180.981874 
g1	 36 	 126.616269 			 0.0 			 0.0			 126.616269 
g1	 37 	 157.462021 			 0.0 			 0.0			 157.462021 
g1	 38 	 185.699645 			 0.0 			 0.0			 185.699645 
g1	 39 	 177.716115 			 0.0 			 0.0			 177.716115 
g1	 40 	 149.41988 			 0.0 			 0.0			 149.41988 
g1	 41 	 150.802167 			 0.0 			 0.0			 150.802167 
g1	 42 	 236.070144 			 0.0 			 0.0			 236.070144 
g1	 43 	 229.377485 			 0.0 			 0.0			 229.377485 
g1	 44 	 175.164742 			 0.0 			 0.0			 175.164742 
g1	 45 	 98.453119 			 0.0 			 0.0			 98.453119 
g1	 46 	 186.287169 			 0.0 			 0.0			 186.287169 
g1	 47 	 186.287169 			 0.0 			 0.0			 186.287169 
g1	 48 	 186.287169 			 0.0 			 0.0			 186.287169 
g1	 49 	 186.287169 			 0.0 			 0.0			 186.287169 
g1	 50 	 186.287169 			 0.0 			 0.0			 186.287169 
g1	 51 	 200.487051 			 0.0 			 0.0			 200.487051 
g1	 52 	 186.287169 			 0.0 			 0.0			 186.287169 
g1	 53 	 182.942458 			 0.0 			 0.0			 182.942458 
g1	 54 	 182.942458 			 0.0 			 0.0			 182.942458 
g1	 55 	 182.942458 			 0.0 			 0.0			 182.942458 
g1	 56 	 182.942458 			 0.0 			 0.0			 182.942458 
g1	 57 	 186.287169 			 0.0 			 0.0			 186.287169 
g1	 58 	 182.942458 			 0.0 			 0.0			 182.942458 
g1	 59 	 182.942458 			 0.0 			 0.0			 182.942458 
g1	 60 	 182.942458 			 0.0 			 0.0			 182.942458 
g1	 61 	 186.287169 			 0.0 			 0.0			 186.287169 
g1	 62 	 182.942458 			 0.0 			 0.0			 182.942458 
g1	 63 	 182.942458 			 0.0 			 0.0			 182.942458 
g1	 64 	 186.287169 			 0.0 			 0.0			 186.287169 
g1	 65 	 186.287169 			 0.0 			 0.0			 186.287169 
g1	 66 	 186.287169 			 0.0 			 0.0			 186.287169 
g1	 67 	 186.287169 			 0.0 			 0.0			 186.287169 
g1	 68 	 182.942458 			 0.0 			 0.0			 182.942458 
g1	 69 	 253.461774 			 0.0 			 0.0			 253.461774 
g1	 70 	 200.487051 			 0.0 			 0.0			 200.487051 
g1	 71 	 250.11708 			 0.0 			 0.0			 250.11708 
g1	 72 	 250.11708 			 0.0 			 0.0			 250.11708 
g1	 73 	 186.287169 			 0.0 			 0.0			 186.287169 
g1	 74 	 200.487051 			 0.0 			 0.0			 200.487051 
g1	 75 	 200.487051 			 0.0 			 0.0			 200.487051 
g1	 76 	 200.487051 			 0.0 			 0.0			 200.487051 
g1	 77 	 186.287169 			 0.0 			 0.0			 186.287169 
g1	 78 	 186.287169 			 0.0 			 0.0			 186.287169 
g1	 79 	 186.287169 			 0.0 			 0.0			 186.287169 
g1	 80 	 186.287169 			 0.0 			 0.0			 186.287169 
g1	 81 	 186.287169 			 0.0 			 0.0			 186.287169 
g1	 82 	 186.287169 			 0.0 			 0.0			 186.287169 
g1	 83 	 186.287169 			 0.0 			 0.0			 186.287169 
g1	 84 	 200.487051 			 0.0 			 0.0			 200.487051 
g1	 85 	 175.479424 			 0.0 			 0.0			 175.479424 
g1	 86 	 194.542963 			 0.0 			 0.0			 194.542963 
g1	 87 	 153.87931 			 0.0 			 0.0			 153.87931 
g1	 88 	 152.536605 			 0.0 			 0.0			 152.536605 
g1	 89 	 425.541387 			 0.0 			 0.0			 425.541387 
g1	 90 	 497.412183 			 0.0 			 0.0			 497.412183 
g1	 91 	 460.072168 			 0.0 			 0.0			 460.072168 
g1	 92 	 432.833481 			 0.0 			 0.0			 432.833481 
g1	 93 	 211.314019 			 0.0 			 0.0			 211.314019 
g1	 94 	 147.813459 			 0.0 			 0.0			 147.813459 
g1	 95 	 165.235206 			 0.0 			 0.0			 165.235206 
g1	 96 	 108.869312 			 0.0 			 0.0			 108.869312 
----------------------------------------------------------------------------------------------------
g2	 1 	 0.0 			 0.0 			 0.0			 0.0 
g2	 2 	 0.0 			 0.0 			 0.0			 0.0 
g2	 3 	 0.0 			 0.0 			 0.0			 0.0 
g2	 4 	 0.0 			 0.0 			 0.0			 0.0 
g2	 5 	 0.0 			 0.0 			 0.0			 0.0 
g2	 6 	 0.0 			 0.0 			 0.0			 0.0 
g2	 7 	 0.0 			 0.0 			 0.0			 0.0 
g2	 8 	 0.0 			 0.0 			 0.0			 0.0 
g2	 9 	 0.0 			 0.0 			 0.0			 0.0 
g2	 10 	 0.0 			 0.0 			 0.0			 0.0 
g2	 11 	 0.0 			 0.0 			 0.0			 0.0 
g2	 12 	 0.0 			 0.0 			 0.0			 0.0 
g2	 13 	 0.0 			 0.0 			 0.0			 0.0 
g2	 14 	 0.0 			 0.0 			 0.0			 0.0 
g2	 15 	 0.0 			 0.0 			 0.0			 0.0 
g2	 16 	 0.0 			 0.0 			 0.0			 0.0 
g2	 17 	 0.0 			 0.0 			 0.0			 0.0 
g2	 18 	 0.0 			 0.0 			 0.0			 0.0 
g2	 19 	 0.0 			 0.0 			 0.0			 0.0 
g2	 20 	 0.0 			 0.0 			 0.0			 0.0 
g2	 21 	 0.0 			 0.0 			 0.0			 0.0 
g2	 22 	 0.0 			 0.0 			 0.0			 0.0 
g2	 23 	 0.0 			 0.0 			 0.0			 0.0 
g2	 24 	 0.0 			 0.0 			 0.0			 0.0 
g2	 25 	 0.0 			 0.0 			 0.0			 0.0 
g2	 26 	 0.0 			 0.0 			 0.0			 0.0 
g2	 27 	 0.0 			 0.0 			 0.0			 0.0 
g2	 28 	 0.0 			 0.0 			 0.0			 0.0 
g2	 29 	 0.0 			 0.0 			 0.0			 0.0 
g2	 30 	 0.0 			 0.0 			 0.0			 0.0 
g2	 31 	 0.0 			 0.0 			 0.0			 0.0 
g2	 32 	 0.0 			 0.0 			 0.0			 0.0 
g2	 33 	 0.0 			 0.0 			 0.0			 0.0 
g2	 34 	 0.0 			 0.0 			 0.0			 0.0 
g2	 35 	 0.0 			 0.0 			 0.0			 0.0 
g2	 36 	 0.0 			 0.0 			 0.0			 0.0 
g2	 37 	 0.0 			 0.0 			 0.0			 0.0 
g2	 38 	 0.0 			 0.0 			 0.0			 0.0 
g2	 39 	 0.0 			 0.0 			 0.0			 0.0 
g2	 40 	 0.0 			 0.0 			 0.0			 0.0 
g2	 41 	 0.0 			 0.0 			 0.0			 0.0 
g2	 42 	 0.0 			 0.0 			 0.0			 0.0 
g2	 43 	 0.0 			 0.0 			 0.0			 0.0 
g2	 44 	 0.0 			 0.0 			 0.0			 0.0 
g2	 45 	 0.0 			 0.0 			 0.0			 0.0 
g2	 46 	 0.0 			 0.0 			 0.0			 0.0 
g2	 47 	 0.0 			 0.0 			 0.0			 0.0 
g2	 48 	 0.0 			 0.0 			 0.0			 0.0 
g2	 49 	 0.0 			 0.0 			 0.0			 0.0 
g2	 50 	 0.0 			 0.0 			 0.0			 0.0 
g2	 51 	 0.0 			 0.0 			 0.0			 0.0 
g2	 52 	 0.0 			 0.0 			 0.0			 0.0 
g2	 53 	 0.0 			 0.0 			 0.0			 0.0 
g2	 54 	 0.0 			 0.0 			 0.0			 0.0 
g2	 55 	 0.0 			 0.0 			 0.0			 0.0 
g2	 56 	 0.0 			 0.0 			 0.0			 0.0 
g2	 57 	 0.0 			 0.0 			 0.0			 0.0 
g2	 58 	 0.0 			 0.0 			 0.0			 0.0 
g2	 59 	 0.0 			 0.0 			 0.0			 0.0 
g2	 60 	 0.0 			 0.0 			 0.0			 0.0 
g2	 61 	 0.0 			 0.0 			 0.0			 0.0 
g2	 62 	 0.0 			 0.0 			 0.0			 0.0 
g2	 63 	 0.0 			 0.0 			 0.0			 0.0 
g2	 64 	 0.0 			 0.0 			 0.0			 0.0 
g2	 65 	 0.0 			 0.0 			 0.0			 0.0 
g2	 66 	 0.0 			 0.0 			 0.0			 0.0 
g2	 67 	 0.0 			 0.0 			 0.0			 0.0 
g2	 68 	 0.0 			 0.0 			 0.0			 0.0 
g2	 69 	 0.0 			 0.0 			 0.0			 0.0 
g2	 70 	 0.0 			 0.0 			 0.0			 0.0 
g2	 71 	 0.0 			 0.0 			 0.0			 0.0 
g2	 72 	 0.0 			 0.0 			 0.0			 0.0 
g2	 73 	 0.0 			 0.0 			 0.0			 0.0 
g2	 74 	 0.0 			 0.0 			 0.0			 0.0 
g2	 75 	 0.0 			 0.0 			 0.0			 0.0 
g2	 76 	 0.0 			 0.0 			 0.0			 0.0 
g2	 77 	 0.0 			 0.0 			 0.0			 0.0 
g2	 78 	 0.0 			 0.0 			 0.0			 0.0 
g2	 79 	 0.0 			 0.0 			 0.0			 0.0 
g2	 80 	 0.0 			 0.0 			 0.0			 0.0 
g2	 81 	 0.0 			 0.0 			 0.0			 0.0 
g2	 82 	 0.0 			 0.0 			 0.0			 0.0 
g2	 83 	 0.0 			 0.0 			 0.0			 0.0 
g2	 84 	 0.0 			 0.0 			 0.0			 0.0 
g2	 85 	 0.0 			 0.0 			 0.0			 0.0 
g2	 86 	 0.0 			 0.0 			 0.0			 0.0 
g2	 87 	 0.0 			 0.0 			 0.0			 0.0 
g2	 88 	 0.0 			 0.0 			 0.0			 0.0 
g2	 89 	 0.0 			 0.0 			 0.0			 0.0 
g2	 90 	 0.0 			 0.0 			 0.0			 0.0 
g2	 91 	 0.0 			 0.0 			 0.0			 0.0 
g2	 92 	 0.0 			 0.0 			 0.0			 0.0 
g2	 93 	 0.0 			 0.0 			 0.0			 0.0 
g2	 94 	 0.0 			 0.0 			 0.0			 0.0 
g2	 95 	 0.0 			 0.0 			 0.0			 0.0 
g2	 96 	 0.0 			 0.0 			 0.0			 0.0 
----------------------------------------------------------------------------------------------------
g3	 1 	 0.0 			 0.0 			 0.0			 0.0 
g3	 2 	 0.0 			 0.0 			 0.0			 0.0 
g3	 3 	 0.0 			 0.0 			 0.0			 0.0 
g3	 4 	 0.0 			 0.0 			 0.0			 0.0 
g3	 5 	 0.0 			 0.0 			 0.0			 0.0 
g3	 6 	 0.0 			 0.0 			 0.0			 0.0 
g3	 7 	 0.0 			 0.0 			 0.0			 0.0 
g3	 8 	 0.0 			 0.0 			 0.0			 0.0 
g3	 9 	 0.0 			 0.0 			 0.0			 0.0 
g3	 10 	 0.0 			 0.0 			 0.0			 0.0 
g3	 11 	 0.0 			 0.0 			 0.0			 0.0 
g3	 12 	 0.0 			 0.0 			 0.0			 0.0 
g3	 13 	 0.0 			 0.0 			 0.0			 0.0 
g3	 14 	 0.0 			 0.0 			 0.0			 0.0 
g3	 15 	 0.0 			 0.0 			 0.0			 0.0 
g3	 16 	 0.0 			 0.0 			 0.0			 0.0 
g3	 17 	 0.0 			 0.0 			 0.0			 0.0 
g3	 18 	 0.0 			 0.0 			 0.0			 0.0 
g3	 19 	 0.0 			 0.0 			 0.0			 0.0 
g3	 20 	 0.0 			 0.0 			 0.0			 0.0 
g3	 21 	 0.0 			 0.0 			 0.0			 0.0 
g3	 22 	 0.0 			 0.0 			 0.0			 0.0 
g3	 23 	 0.0 			 0.0 			 0.0			 0.0 
g3	 24 	 0.0 			 0.0 			 0.0			 0.0 
g3	 25 	 0.0 			 0.0 			 0.0			 0.0 
g3	 26 	 0.0 			 0.0 			 0.0			 0.0 
g3	 27 	 0.0 			 0.0 			 0.0			 0.0 
g3	 28 	 0.0 			 0.0 			 0.0			 0.0 
g3	 29 	 0.0 			 0.0 			 0.0			 0.0 
g3	 30 	 0.0 			 0.0 			 0.0			 0.0 
g3	 31 	 0.0 			 0.0 			 0.0			 0.0 
g3	 32 	 0.0 			 0.0 			 0.0			 0.0 
g3	 33 	 15.56631 			 0.0 			 0.0			 15.56631 
g3	 34 	 15.56631 			 0.0 			 0.0			 15.56631 
g3	 35 	 15.56631 			 0.0 			 0.0			 15.56631 
g3	 36 	 15.56631 			 0.0 			 0.0			 15.56631 
g3	 37 	 15.56631 			 0.0 			 0.0			 15.56631 
g3	 38 	 15.56631 			 0.0 			 0.0			 15.56631 
g3	 39 	 15.56631 			 0.0 			 0.0			 15.56631 
g3	 40 	 15.56631 			 0.0 			 0.0			 15.56631 
g3	 41 	 15.56631 			 0.0 			 0.0			 15.56631 
g3	 42 	 15.56631 			 0.0 			 0.0			 15.56631 
g3	 43 	 15.56631 			 0.0 			 0.0			 15.56631 
g3	 44 	 15.56631 			 0.0 			 0.0			 15.56631 
g3	 45 	 15.56631 			 0.0 			 0.0			 15.56631 
g3	 46 	 17.845414 			 0.0 			 0.0			 17.845414 
g3	 47 	 17.845414 			 0.0 			 0.0			 17.845414 
g3	 48 	 17.845414 			 0.0 			 0.0			 17.845414 
g3	 49 	 17.845414 			 0.0 			 0.0			 17.845414 
g3	 50 	 17.845414 			 0.0 			 0.0			 17.845414 
g3	 51 	 89.733089 			 0.0 			 0.0			 89.733089 
g3	 52 	 17.845414 			 0.0 			 0.0			 17.845414 
g3	 53 	 17.525007 			 0.0 			 0.0			 17.525007 
g3	 54 	 17.525007 			 0.0 			 0.0			 17.525007 
g3	 55 	 17.525007 			 0.0 			 0.0			 17.525007 
g3	 56 	 17.525007 			 0.0 			 0.0			 17.525007 
g3	 57 	 17.845414 			 0.0 			 0.0			 17.845414 
g3	 58 	 17.525007 			 0.0 			 0.0			 17.525007 
g3	 59 	 17.525007 			 0.0 			 0.0			 17.525007 
g3	 60 	 17.525007 			 0.0 			 0.0			 17.525007 
g3	 61 	 17.845414 			 0.0 			 0.0			 17.845414 
g3	 62 	 17.525007 			 0.0 			 0.0			 17.525007 
g3	 63 	 17.525007 			 0.0 			 0.0			 17.525007 
g3	 64 	 17.845414 			 0.0 			 0.0			 17.845414 
g3	 65 	 17.845414 			 0.0 			 0.0			 17.845414 
g3	 66 	 17.845414 			 0.0 			 0.0			 17.845414 
g3	 67 	 17.845414 			 0.0 			 0.0			 17.845414 
g3	 68 	 80.306804 			 0.0 			 0.0			 80.306804 
g3	 69 	 24.280418 			 0.0 			 0.0			 24.280418 
g3	 70 	 -0.935751 			 0.0 			 0.0			 -0.935751 
g3	 71 	 23.960012 			 0.0 			 0.0			 23.960012 
g3	 72 	 23.960012 			 0.0 			 0.0			 23.960012 
g3	 73 	 -39.535038 			 0.0 			 0.0			 -39.535038 
g3	 74 	 25.554801 			 0.0 			 0.0			 25.554801 
g3	 75 	 -18.665624 			 0.0 			 0.0			 -18.665624 
g3	 76 	 11.413839 			 0.0 			 0.0			 11.413839 
g3	 77 	 17.845414 			 0.0 			 0.0			 17.845414 
g3	 78 	 17.845414 			 0.0 			 0.0			 17.845414 
g3	 79 	 17.845414 			 0.0 			 0.0			 17.845414 
g3	 80 	 17.845414 			 0.0 			 0.0			 17.845414 
g3	 81 	 17.845414 			 0.0 			 0.0			 17.845414 
g3	 82 	 17.845414 			 0.0 			 0.0			 17.845414 
g3	 83 	 17.845414 			 0.0 			 0.0			 17.845414 
g3	 84 	 40.789603 			 0.0 			 0.0			 40.789603 
g3	 85 	 15.56631 			 0.0 			 0.0			 15.56631 
g3	 86 	 15.56631 			 0.0 			 0.0			 15.56631 
g3	 87 	 15.56631 			 0.0 			 0.0			 15.56631 
g3	 88 	 15.56631 			 0.0 			 0.0			 15.56631 
g3	 89 	 -91.425059 			 0.0 			 0.0			 -91.425059 
g3	 90 	 -91.425059 			 0.0 			 0.0			 -91.425059 
g3	 91 	 -91.425059 			 0.0 			 0.0			 -91.425059 
g3	 92 	 -91.425059 			 0.0 			 0.0			 -91.425059 
g3	 93 	 0.0 			 0.0 			 0.0			 0.0 
g3	 94 	 0.0 			 0.0 			 0.0			 0.0 
g3	 95 	 0.0 			 0.0 			 0.0			 0.0 
g3	 96 	 0.0 			 0.0 			 0.0			 0.0 
----------------------------------------------------------------------------------------------------
g4	 1 	 0.0 			 0.0 			 0.0			 0.0 
g4	 2 	 0.0 			 0.0 			 0.0			 0.0 
g4	 3 	 0.0 			 0.0 			 0.0			 0.0 
g4	 4 	 0.0 			 0.0 			 0.0			 0.0 
g4	 5 	 0.0 			 0.0 			 0.0			 0.0 
g4	 6 	 0.0 			 0.0 			 0.0			 0.0 
g4	 7 	 0.0 			 0.0 			 0.0			 0.0 
g4	 8 	 0.0 			 0.0 			 0.0			 0.0 
g4	 9 	 0.0 			 0.0 			 0.0			 0.0 
g4	 10 	 0.0 			 0.0 			 0.0			 0.0 
g4	 11 	 0.0 			 0.0 			 0.0			 0.0 
g4	 12 	 0.0 			 0.0 			 0.0			 0.0 
g4	 13 	 0.0 			 0.0 			 0.0			 0.0 
g4	 14 	 0.0 			 0.0 			 0.0			 0.0 
g4	 15 	 0.0 			 0.0 			 0.0			 0.0 
g4	 16 	 0.0 			 0.0 			 0.0			 0.0 
g4	 17 	 0.0 			 0.0 			 0.0			 0.0 
g4	 18 	 0.0 			 0.0 			 0.0			 0.0 
g4	 19 	 0.0 			 0.0 			 0.0			 0.0 
g4	 20 	 0.0 			 0.0 			 0.0			 0.0 
g4	 21 	 0.0 			 0.0 			 0.0			 0.0 
g4	 22 	 0.0 			 0.0 			 0.0			 0.0 
g4	 23 	 0.0 			 0.0 			 0.0			 0.0 
g4	 24 	 0.0 			 0.0 			 0.0			 0.0 
g4	 25 	 0.0 			 0.0 			 0.0			 0.0 
g4	 26 	 0.0 			 0.0 			 0.0			 0.0 
g4	 27 	 0.0 			 0.0 			 0.0			 0.0 
g4	 28 	 0.0 			 0.0 			 0.0			 0.0 
g4	 29 	 0.0 			 0.0 			 0.0			 0.0 
g4	 30 	 0.0 			 0.0 			 0.0			 0.0 
g4	 31 	 0.0 			 0.0 			 0.0			 0.0 
g4	 32 	 0.0 			 0.0 			 0.0			 0.0 
g4	 33 	 0.0 			 0.0 			 0.0			 0.0 
g4	 34 	 0.0 			 0.0 			 0.0			 0.0 
g4	 35 	 0.0 			 0.0 			 0.0			 0.0 
g4	 36 	 0.0 			 0.0 			 0.0			 0.0 
g4	 37 	 0.0 			 0.0 			 0.0			 0.0 
g4	 38 	 0.0 			 0.0 			 0.0			 0.0 
g4	 39 	 0.0 			 0.0 			 0.0			 0.0 
g4	 40 	 0.0 			 0.0 			 0.0			 0.0 
g4	 41 	 0.0 			 0.0 			 0.0			 0.0 
g4	 42 	 0.0 			 0.0 			 0.0			 0.0 
g4	 43 	 0.0 			 0.0 			 0.0			 0.0 
g4	 44 	 0.0 			 0.0 			 0.0			 0.0 
g4	 45 	 0.0 			 0.0 			 0.0			 0.0 
g4	 46 	 0.0 			 0.0 			 0.0			 0.0 
g4	 47 	 0.0 			 0.0 			 0.0			 0.0 
g4	 48 	 0.0 			 0.0 			 0.0			 0.0 
g4	 49 	 0.0 			 0.0 			 0.0			 0.0 
g4	 50 	 0.0 			 0.0 			 0.0			 0.0 
g4	 51 	 0.0 			 0.0 			 0.0			 0.0 
g4	 52 	 0.0 			 0.0 			 0.0			 0.0 
g4	 53 	 -21.8808 			 0.0 			 0.0			 -21.8808 
g4	 54 	 52.591494 			 0.0 			 0.0			 52.591494 
g4	 55 	 -21.716844 			 0.0 			 0.0			 -21.716844 
g4	 56 	 13.170643 			 0.0 			 0.0			 13.170643 
g4	 57 	 59.575984 			 0.0 			 0.0			 59.575984 
g4	 58 	 -41.732856 			 0.0 			 0.0			 -41.732856 
g4	 59 	 -23.105276 			 0.0 			 0.0			 -23.105276 
g4	 60 	 19.106847 			 0.0 			 0.0			 19.106847 
g4	 61 	 16.162876 			 0.0 			 0.0			 16.162876 
g4	 62 	 -56.942471 			 0.0 			 0.0			 -56.942471 
g4	 63 	 -51.137695 			 0.0 			 0.0			 -51.137695 
g4	 64 	 16.162876 			 0.0 			 0.0			 16.162876 
g4	 65 	 9.91132 			 0.0 			 0.0			 9.91132 
g4	 66 	 9.91132 			 0.0 			 0.0			 9.91132 
g4	 67 	 9.91132 			 0.0 			 0.0			 9.91132 
g4	 68 	 -67.649407 			 0.0 			 0.0			 -67.649407 
g4	 69 	 0.0 			 0.0 			 0.0			 0.0 
g4	 70 	 0.0 			 0.0 			 0.0			 0.0 
g4	 71 	 0.0 			 0.0 			 0.0			 0.0 
g4	 72 	 0.0 			 0.0 			 0.0			 0.0 
g4	 73 	 0.0 			 0.0 			 0.0			 0.0 
g4	 74 	 0.0 			 0.0 			 0.0			 0.0 
g4	 75 	 0.0 			 0.0 			 0.0			 0.0 
g4	 76 	 0.0 			 0.0 			 0.0			 0.0 
g4	 77 	 0.0 			 0.0 			 0.0			 0.0 
g4	 78 	 0.0 			 0.0 			 0.0			 0.0 
g4	 79 	 0.0 			 0.0 			 0.0			 0.0 
g4	 80 	 0.0 			 0.0 			 0.0			 0.0 
g4	 81 	 0.0 			 0.0 			 0.0			 0.0 
g4	 82 	 0.0 			 0.0 			 0.0			 0.0 
g4	 83 	 0.0 			 0.0 			 0.0			 0.0 
g4	 84 	 0.0 			 0.0 			 0.0			 0.0 
g4	 85 	 0.0 			 0.0 			 0.0			 0.0 
g4	 86 	 0.0 			 0.0 			 0.0			 0.0 
g4	 87 	 0.0 			 0.0 			 0.0			 0.0 
g4	 88 	 0.0 			 0.0 			 0.0			 0.0 
g4	 89 	 0.0 			 0.0 			 0.0			 0.0 
g4	 90 	 0.0 			 0.0 			 0.0			 0.0 
g4	 91 	 0.0 			 0.0 			 0.0			 0.0 
g4	 92 	 0.0 			 0.0 			 0.0			 0.0 
g4	 93 	 0.0 			 0.0 			 0.0			 0.0 
g4	 94 	 0.0 			 0.0 			 0.0			 0.0 
g4	 95 	 0.0 			 0.0 			 0.0			 0.0 
g4	 96 	 0.0 			 0.0 			 0.0			 0.0 
----------------------------------------------------------------------------------------------------
g5	 1 	 0.0 			 0.0 			 0.0			 0.0 
g5	 2 	 0.0 			 0.0 			 0.0			 0.0 
g5	 3 	 0.0 			 0.0 			 0.0			 0.0 
g5	 4 	 0.0 			 0.0 			 0.0			 0.0 
g5	 5 	 21.893178 			 0.0 			 0.0			 21.893178 
g5	 6 	 21.893178 			 0.0 			 0.0			 21.893178 
g5	 7 	 21.893178 			 0.0 			 0.0			 21.893178 
g5	 8 	 21.893178 			 0.0 			 0.0			 21.893178 
g5	 9 	 21.893178 			 0.0 			 0.0			 21.893178 
g5	 10 	 21.893178 			 0.0 			 0.0			 21.893178 
g5	 11 	 21.893178 			 0.0 			 0.0			 21.893178 
g5	 12 	 21.893178 			 0.0 			 0.0			 21.893178 
g5	 13 	 21.893178 			 0.0 			 0.0			 21.893178 
g5	 14 	 21.893178 			 0.0 			 0.0			 21.893178 
g5	 15 	 21.893178 			 0.0 			 0.0			 21.893178 
g5	 16 	 21.893178 			 0.0 			 0.0			 21.893178 
g5	 17 	 21.893178 			 0.0 			 0.0			 21.893178 
g5	 18 	 21.893178 			 0.0 			 0.0			 21.893178 
g5	 19 	 21.893178 			 0.0 			 0.0			 21.893178 
g5	 20 	 21.893178 			 0.0 			 0.0			 21.893178 
g5	 21 	 21.893178 			 0.0 			 0.0			 21.893178 
g5	 22 	 21.893178 			 0.0 			 0.0			 21.893178 
g5	 23 	 21.893178 			 0.0 			 0.0			 21.893178 
g5	 24 	 21.893178 			 0.0 			 0.0			 21.893178 
g5	 25 	 21.893178 			 0.0 			 0.0			 21.893178 
g5	 26 	 21.893178 			 0.0 			 0.0			 21.893178 
g5	 27 	 21.893178 			 0.0 			 0.0			 21.893178 
g5	 28 	 21.893178 			 0.0 			 0.0			 21.893178 
g5	 29 	 22.372141 			 0.0 			 0.0			 22.372141 
g5	 30 	 22.372141 			 0.0 			 0.0			 22.372141 
g5	 31 	 22.372141 			 0.0 			 0.0			 22.372141 
g5	 32 	 22.372141 			 0.0 			 0.0			 22.372141 
g5	 33 	 22.372141 			 0.0 			 0.0			 22.372141 
g5	 34 	 22.372141 			 0.0 			 0.0			 22.372141 
g5	 35 	 22.372141 			 0.0 			 0.0			 22.372141 
g5	 36 	 22.372141 			 0.0 			 0.0			 22.372141 
g5	 37 	 22.372141 			 0.0 			 0.0			 22.372141 
g5	 38 	 22.372141 			 0.0 			 0.0			 22.372141 
g5	 39 	 22.372141 			 0.0 			 0.0			 22.372141 
g5	 40 	 22.372141 			 0.0 			 0.0			 22.372141 
g5	 41 	 22.372141 			 0.0 			 0.0			 22.372141 
g5	 42 	 22.372141 			 0.0 			 0.0			 22.372141 
g5	 43 	 22.372141 			 0.0 			 0.0			 22.372141 
g5	 44 	 22.372141 			 0.0 			 0.0			 22.372141 
g5	 45 	 20.182379 			 0.0 			 0.0			 20.182379 
g5	 46 	 67.406943 			 0.0 			 0.0			 67.406943 
g5	 47 	 85.616078 			 0.0 			 0.0			 85.616078 
g5	 48 	 88.238378 			 0.0 			 0.0			 88.238378 
g5	 49 	 30.927235 			 0.0 			 0.0			 30.927235 
g5	 50 	 28.957558 			 0.0 			 0.0			 28.957558 
g5	 51 	 68.718573 			 0.0 			 0.0			 68.718573 
g5	 52 	 -36.525263 			 0.0 			 0.0			 -36.525263 
g5	 53 	 25.18721 			 0.0 			 0.0			 25.18721 
g5	 54 	 25.18721 			 0.0 			 0.0			 25.18721 
g5	 55 	 25.18721 			 0.0 			 0.0			 25.18721 
g5	 56 	 25.18721 			 0.0 			 0.0			 25.18721 
g5	 57 	 41.382203 			 0.0 			 0.0			 41.382203 
g5	 58 	 25.18721 			 0.0 			 0.0			 25.18721 
g5	 59 	 25.18721 			 0.0 			 0.0			 25.18721 
g5	 60 	 25.18721 			 0.0 			 0.0			 25.18721 
g5	 61 	 41.562713 			 0.0 			 0.0			 41.562713 
g5	 62 	 25.18721 			 0.0 			 0.0			 25.18721 
g5	 63 	 25.18721 			 0.0 			 0.0			 25.18721 
g5	 64 	 94.585431 			 0.0 			 0.0			 94.585431 
g5	 65 	 -0.870511 			 0.0 			 0.0			 -0.870511 
g5	 66 	 -14.2647 			 0.0 			 0.0			 -14.2647 
g5	 67 	 29.713096 			 0.0 			 0.0			 29.713096 
g5	 68 	 70.363122 			 0.0 			 0.0			 70.363122 
g5	 69 	 4.368407 			 0.0 			 0.0			 4.368407 
g5	 70 	 -41.618023 			 0.0 			 0.0			 -41.618023 
g5	 71 	 25.920699 			 0.0 			 0.0			 25.920699 
g5	 72 	 124.163135 			 0.0 			 0.0			 124.163135 
g5	 73 	 12.287319 			 0.0 			 0.0			 12.287319 
g5	 74 	 27.60272 			 0.0 			 0.0			 27.60272 
g5	 75 	 27.60272 			 0.0 			 0.0			 27.60272 
g5	 76 	 27.60272 			 0.0 			 0.0			 27.60272 
g5	 77 	 19.78187 			 0.0 			 0.0			 19.78187 
g5	 78 	 -1.999878 			 0.0 			 0.0			 -1.999878 
g5	 79 	 7.593783 			 0.0 			 0.0			 7.593783 
g5	 80 	 18.123228 			 0.0 			 0.0			 18.123228 
g5	 81 	 -3.181324 			 0.0 			 0.0			 -3.181324 
g5	 82 	 -28.514774 			 0.0 			 0.0			 -28.514774 
g5	 83 	 26.904983 			 0.0 			 0.0			 26.904983 
g5	 84 	 22.681901 			 0.0 			 0.0			 22.681901 
g5	 85 	 22.372141 			 0.0 			 0.0			 22.372141 
g5	 86 	 22.372141 			 0.0 			 0.0			 22.372141 
g5	 87 	 22.372141 			 0.0 			 0.0			 22.372141 
g5	 88 	 22.372141 			 0.0 			 0.0			 22.372141 
g5	 89 	 -177.558658 			 0.0 			 0.0			 -177.558658 
g5	 90 	 -177.558658 			 0.0 			 0.0			 -177.558658 
g5	 91 	 -177.558658 			 0.0 			 0.0			 -177.558658 
g5	 92 	 -177.558658 			 0.0 			 0.0			 -177.558658 
g5	 93 	 0.0 			 0.0 			 0.0			 0.0 
g5	 94 	 0.0 			 0.0 			 0.0			 0.0 
g5	 95 	 0.0 			 0.0 			 0.0			 0.0 
g5	 96 	 0.0 			 0.0 			 0.0			 0.0 
----------------------------------------------------------------------------------------------------------------
unit 	 generation payment 	 up-FRP payment 	 dw-FRP payment 	pre-up total payment
----------------------------------------------------------------------------------------------------------------
 g1 	 17893.108413			 0.000000			 0.000000			 17893.108413
 g2 	 0.000000			 0.000000			 0.000000			 0.000000
 g3 	 656.577128			 0.000000			 0.000000			 656.577128
 g4 	 -77.660669			 0.000000			 0.000000			 -77.660669
 g5 	 1374.642071			 0.000000			 0.000000			 1374.642071
----------------------------------------------------------------------------------------------------
generation payment 	 up-FRP payment 	 dw-FRP payment 	 pre-up total payment
----------------------------------------------------------------------------------------------------
19846.666943 			 0.0 			 0.0 			 19846.666943
 
****************************************************************************************************
 
Generation costs
----------------------------------------------------------------------------------------------------
unit	 time 	 generation cost 	 start-up cost  	total cost
----------------------------------------------------------------------------------------------------
g1	 1 	 2418.688361 			 0.0 			2418.688361
g1	 2 	 2376.918203 			 0.0 			2376.918203
g1	 3 	 2413.572902 			 0.0 			2413.572902
g1	 4 	 2392.330087 			 0.0 			2392.330087
g1	 5 	 2047.39686 			 0.0 			2047.39686
g1	 6 	 2048.83643 			 0.0 			2048.83643
g1	 7 	 2021.644917 			 0.0 			2021.644917
g1	 8 	 2054.393836 			 0.0 			2054.393836
g1	 9 	 1914.516616 			 0.0 			1914.516616
g1	 10 	 1966.437244 			 0.0 			1966.437244
g1	 11 	 1933.951416 			 0.0 			1933.951416
g1	 12 	 1960.234709 			 0.0 			1960.234709
g1	 13 	 1911.878998 			 0.0 			1911.878998
g1	 14 	 1894.995175 			 0.0 			1894.995175
g1	 15 	 1896.532076 			 0.0 			1896.532076
g1	 16 	 1865.51514 			 0.0 			1865.51514
g1	 17 	 1893.410435 			 0.0 			1893.410435
g1	 18 	 1836.50248 			 0.0 			1836.50248
g1	 19 	 1874.91537 			 0.0 			1874.91537
g1	 20 	 1904.571867 			 0.0 			1904.571867
g1	 21 	 2008.148319 			 0.0 			2008.148319
g1	 22 	 1994.023749 			 0.0 			1994.023749
g1	 23 	 2014.16699 			 0.0 			2014.16699
g1	 24 	 2007.87703 			 0.0 			2007.87703
g1	 25 	 2226.294659 			 0.0 			2226.294659
g1	 26 	 2214.663209 			 0.0 			2214.663209
g1	 27 	 2191.269392 			 0.0 			2191.269392
g1	 28 	 2238.021996 			 0.0 			2238.021996
g1	 29 	 2478.764071 			 0.0 			2478.764071
g1	 30 	 2413.489832 			 0.0 			2413.489832
g1	 31 	 2447.373518 			 0.0 			2447.373518
g1	 32 	 2442.259639 			 0.0 			2442.259639
g1	 33 	 2448.7175 			 0.0 			2448.7175
g1	 34 	 2429.318902 			 0.0 			2429.318902
g1	 35 	 2452.337532 			 0.0 			2452.337532
g1	 36 	 2397.971925 			 0.0 			2397.971925
g1	 37 	 2631.623887 			 0.0 			2631.623887
g1	 38 	 2659.861511 			 0.0 			2659.861511
g1	 39 	 2651.87798 			 0.0 			2651.87798
g1	 40 	 2623.581745 			 0.0 			2623.581745
g1	 41 	 2865.205086 			 0.0 			2865.205086
g1	 42 	 2950.473066 			 0.0 			2950.473066
g1	 43 	 2943.780407 			 0.0 			2943.780407
g1	 44 	 2889.567669 			 0.0 			2889.567669
g1	 45 	 2994.19078 			 0.0 			2994.19078
g1	 46 	 3058.233409 			 0.0 			3058.233409
g1	 47 	 3058.233409 			 0.0 			3058.233409
g1	 48 	 3058.233409 			 0.0 			3058.233409
g1	 49 	 3058.233409 			 0.0 			3058.233409
g1	 50 	 3058.233409 			 0.0 			3058.233409
g1	 51 	 3058.233409 			 0.0 			3058.233409
g1	 52 	 3058.233409 			 0.0 			3058.233409
g1	 53 	 3058.233409 			 0.0 			3058.233409
g1	 54 	 3058.233409 			 0.0 			3058.233409
g1	 55 	 3058.233409 			 0.0 			3058.233409
g1	 56 	 3058.233409 			 0.0 			3058.233409
g1	 57 	 3058.233409 			 0.0 			3058.233409
g1	 58 	 3058.233409 			 0.0 			3058.233409
g1	 59 	 3058.233409 			 0.0 			3058.233409
g1	 60 	 3058.233409 			 0.0 			3058.233409
g1	 61 	 3058.233409 			 0.0 			3058.233409
g1	 62 	 3058.233409 			 0.0 			3058.233409
g1	 63 	 3058.233409 			 0.0 			3058.233409
g1	 64 	 3058.233409 			 0.0 			3058.233409
g1	 65 	 3058.233409 			 0.0 			3058.233409
g1	 66 	 3058.233409 			 0.0 			3058.233409
g1	 67 	 3058.233409 			 0.0 			3058.233409
g1	 68 	 3058.233409 			 0.0 			3058.233409
g1	 69 	 3058.233409 			 0.0 			3058.233409
g1	 70 	 3058.233409 			 0.0 			3058.233409
g1	 71 	 3058.233409 			 0.0 			3058.233409
g1	 72 	 3058.233409 			 0.0 			3058.233409
g1	 73 	 3058.233409 			 0.0 			3058.233409
g1	 74 	 3058.233409 			 0.0 			3058.233409
g1	 75 	 3058.233409 			 0.0 			3058.233409
g1	 76 	 3058.233409 			 0.0 			3058.233409
g1	 77 	 3058.233409 			 0.0 			3058.233409
g1	 78 	 3058.233409 			 0.0 			3058.233409
g1	 79 	 3058.233409 			 0.0 			3058.233409
g1	 80 	 3058.233409 			 0.0 			3058.233409
g1	 81 	 3058.233409 			 0.0 			3058.233409
g1	 82 	 3058.233409 			 0.0 			3058.233409
g1	 83 	 3058.233409 			 0.0 			3058.233409
g1	 84 	 3058.233409 			 0.0 			3058.233409
g1	 85 	 2983.425061 			 0.0 			2983.425061
g1	 86 	 3002.488598 			 0.0 			3002.488598
g1	 87 	 2961.824948 			 0.0 			2961.824948
g1	 88 	 2960.482242 			 0.0 			2960.482242
g1	 89 	 2586.962001 			 0.0 			2586.962001
g1	 90 	 2658.832801 			 0.0 			2658.832801
g1	 91 	 2621.492777 			 0.0 			2621.492777
g1	 92 	 2594.254091 			 0.0 			2594.254091
g1	 93 	 2855.80451 			 0.0 			2855.80451
g1	 94 	 2792.303941 			 0.0 			2792.303941
g1	 95 	 2809.725695 			 0.0 			2809.725695
g1	 96 	 2753.359796 			 0.0 			2753.359796
----------------------------------------------------------------------------------------------------
g2	 1 	 0.0 			 0.0 			0.0
g2	 2 	 0.0 			 0.0 			0.0
g2	 3 	 0.0 			 0.0 			0.0
g2	 4 	 0.0 			 0.0 			0.0
g2	 5 	 0.0 			 0.0 			0.0
g2	 6 	 0.0 			 0.0 			0.0
g2	 7 	 0.0 			 0.0 			0.0
g2	 8 	 0.0 			 0.0 			0.0
g2	 9 	 0.0 			 0.0 			0.0
g2	 10 	 0.0 			 0.0 			0.0
g2	 11 	 0.0 			 0.0 			0.0
g2	 12 	 0.0 			 0.0 			0.0
g2	 13 	 0.0 			 0.0 			0.0
g2	 14 	 0.0 			 0.0 			0.0
g2	 15 	 0.0 			 0.0 			0.0
g2	 16 	 0.0 			 0.0 			0.0
g2	 17 	 0.0 			 0.0 			0.0
g2	 18 	 0.0 			 0.0 			0.0
g2	 19 	 0.0 			 0.0 			0.0
g2	 20 	 0.0 			 0.0 			0.0
g2	 21 	 0.0 			 0.0 			0.0
g2	 22 	 0.0 			 0.0 			0.0
g2	 23 	 0.0 			 0.0 			0.0
g2	 24 	 0.0 			 0.0 			0.0
g2	 25 	 0.0 			 0.0 			0.0
g2	 26 	 0.0 			 0.0 			0.0
g2	 27 	 0.0 			 0.0 			0.0
g2	 28 	 0.0 			 0.0 			0.0
g2	 29 	 0.0 			 0.0 			0.0
g2	 30 	 0.0 			 0.0 			0.0
g2	 31 	 0.0 			 0.0 			0.0
g2	 32 	 0.0 			 0.0 			0.0
g2	 33 	 0.0 			 0.0 			0.0
g2	 34 	 0.0 			 0.0 			0.0
g2	 35 	 0.0 			 0.0 			0.0
g2	 36 	 0.0 			 0.0 			0.0
g2	 37 	 0.0 			 0.0 			0.0
g2	 38 	 0.0 			 0.0 			0.0
g2	 39 	 0.0 			 0.0 			0.0
g2	 40 	 0.0 			 0.0 			0.0
g2	 41 	 0.0 			 0.0 			0.0
g2	 42 	 0.0 			 0.0 			0.0
g2	 43 	 0.0 			 0.0 			0.0
g2	 44 	 0.0 			 0.0 			0.0
g2	 45 	 0.0 			 0.0 			0.0
g2	 46 	 0.0 			 0.0 			0.0
g2	 47 	 0.0 			 0.0 			0.0
g2	 48 	 0.0 			 0.0 			0.0
g2	 49 	 0.0 			 0.0 			0.0
g2	 50 	 0.0 			 0.0 			0.0
g2	 51 	 0.0 			 0.0 			0.0
g2	 52 	 0.0 			 0.0 			0.0
g2	 53 	 0.0 			 0.0 			0.0
g2	 54 	 0.0 			 0.0 			0.0
g2	 55 	 0.0 			 0.0 			0.0
g2	 56 	 0.0 			 0.0 			0.0
g2	 57 	 0.0 			 0.0 			0.0
g2	 58 	 0.0 			 0.0 			0.0
g2	 59 	 0.0 			 0.0 			0.0
g2	 60 	 0.0 			 0.0 			0.0
g2	 61 	 0.0 			 0.0 			0.0
g2	 62 	 0.0 			 0.0 			0.0
g2	 63 	 0.0 			 0.0 			0.0
g2	 64 	 0.0 			 0.0 			0.0
g2	 65 	 0.0 			 0.0 			0.0
g2	 66 	 0.0 			 0.0 			0.0
g2	 67 	 0.0 			 0.0 			0.0
g2	 68 	 0.0 			 0.0 			0.0
g2	 69 	 0.0 			 0.0 			0.0
g2	 70 	 0.0 			 0.0 			0.0
g2	 71 	 0.0 			 0.0 			0.0
g2	 72 	 0.0 			 0.0 			0.0
g2	 73 	 0.0 			 0.0 			0.0
g2	 74 	 0.0 			 0.0 			0.0
g2	 75 	 0.0 			 0.0 			0.0
g2	 76 	 0.0 			 0.0 			0.0
g2	 77 	 0.0 			 0.0 			0.0
g2	 78 	 0.0 			 0.0 			0.0
g2	 79 	 0.0 			 0.0 			0.0
g2	 80 	 0.0 			 0.0 			0.0
g2	 81 	 0.0 			 0.0 			0.0
g2	 82 	 0.0 			 0.0 			0.0
g2	 83 	 0.0 			 0.0 			0.0
g2	 84 	 0.0 			 0.0 			0.0
g2	 85 	 0.0 			 0.0 			0.0
g2	 86 	 0.0 			 0.0 			0.0
g2	 87 	 0.0 			 0.0 			0.0
g2	 88 	 0.0 			 0.0 			0.0
g2	 89 	 0.0 			 0.0 			0.0
g2	 90 	 0.0 			 0.0 			0.0
g2	 91 	 0.0 			 0.0 			0.0
g2	 92 	 0.0 			 0.0 			0.0
g2	 93 	 0.0 			 0.0 			0.0
g2	 94 	 0.0 			 0.0 			0.0
g2	 95 	 0.0 			 0.0 			0.0
g2	 96 	 0.0 			 0.0 			0.0
----------------------------------------------------------------------------------------------------
g3	 1 	 0.0 			 0.0 			0.0
g3	 2 	 0.0 			 0.0 			0.0
g3	 3 	 0.0 			 0.0 			0.0
g3	 4 	 0.0 			 0.0 			0.0
g3	 5 	 0.0 			 0.0 			0.0
g3	 6 	 0.0 			 0.0 			0.0
g3	 7 	 0.0 			 0.0 			0.0
g3	 8 	 0.0 			 0.0 			0.0
g3	 9 	 0.0 			 0.0 			0.0
g3	 10 	 0.0 			 0.0 			0.0
g3	 11 	 0.0 			 0.0 			0.0
g3	 12 	 0.0 			 0.0 			0.0
g3	 13 	 0.0 			 0.0 			0.0
g3	 14 	 0.0 			 0.0 			0.0
g3	 15 	 0.0 			 0.0 			0.0
g3	 16 	 0.0 			 0.0 			0.0
g3	 17 	 0.0 			 0.0 			0.0
g3	 18 	 0.0 			 0.0 			0.0
g3	 19 	 0.0 			 0.0 			0.0
g3	 20 	 0.0 			 0.0 			0.0
g3	 21 	 0.0 			 0.0 			0.0
g3	 22 	 0.0 			 0.0 			0.0
g3	 23 	 0.0 			 0.0 			0.0
g3	 24 	 0.0 			 0.0 			0.0
g3	 25 	 0.0 			 0.0 			0.0
g3	 26 	 0.0 			 0.0 			0.0
g3	 27 	 0.0 			 0.0 			0.0
g3	 28 	 0.0 			 0.0 			0.0
g3	 29 	 0.0 			 0.0 			0.0
g3	 30 	 0.0 			 0.0 			0.0
g3	 31 	 0.0 			 0.0 			0.0
g3	 32 	 0.0 			 0.0 			0.0
g3	 33 	 350.954412 			 4595.43 			4946.384412
g3	 34 	 350.954412 			 0.0 			350.954412
g3	 35 	 350.954412 			 0.0 			350.954412
g3	 36 	 350.954412 			 0.0 			350.954412
g3	 37 	 350.954412 			 0.0 			350.954412
g3	 38 	 350.954412 			 0.0 			350.954412
g3	 39 	 350.954412 			 0.0 			350.954412
g3	 40 	 350.954412 			 0.0 			350.954412
g3	 41 	 350.954412 			 0.0 			350.954412
g3	 42 	 350.954412 			 0.0 			350.954412
g3	 43 	 350.954412 			 0.0 			350.954412
g3	 44 	 350.954412 			 0.0 			350.954412
g3	 45 	 350.954412 			 0.0 			350.954412
g3	 46 	 350.954412 			 0.0 			350.954412
g3	 47 	 350.954412 			 0.0 			350.954412
g3	 48 	 350.954412 			 0.0 			350.954412
g3	 49 	 350.954412 			 0.0 			350.954412
g3	 50 	 350.954412 			 0.0 			350.954412
g3	 51 	 421.481804 			 0.0 			421.481804
g3	 52 	 350.954412 			 0.0 			350.954412
g3	 53 	 350.954412 			 0.0 			350.954412
g3	 54 	 350.954412 			 0.0 			350.954412
g3	 55 	 350.954412 			 0.0 			350.954412
g3	 56 	 350.954412 			 0.0 			350.954412
g3	 57 	 350.954412 			 0.0 			350.954412
g3	 58 	 350.954412 			 0.0 			350.954412
g3	 59 	 350.954412 			 0.0 			350.954412
g3	 60 	 350.954412 			 0.0 			350.954412
g3	 61 	 350.954412 			 0.0 			350.954412
g3	 62 	 350.954412 			 0.0 			350.954412
g3	 63 	 350.954412 			 0.0 			350.954412
g3	 64 	 350.954412 			 0.0 			350.954412
g3	 65 	 350.954412 			 0.0 			350.954412
g3	 66 	 350.954412 			 0.0 			350.954412
g3	 67 	 350.954412 			 0.0 			350.954412
g3	 68 	 419.757124 			 0.0 			419.757124
g3	 69 	 591.464889 			 0.0 			591.464889
g3	 70 	 571.32345 			 0.0 			571.32345
g3	 71 	 591.464889 			 0.0 			591.464889
g3	 72 	 591.464889 			 0.0 			591.464889
g3	 73 	 419.757124 			 0.0 			419.757124
g3	 74 	 487.860552 			 0.0 			487.860552
g3	 75 	 443.640127 			 0.0 			443.640127
g3	 76 	 473.71959 			 0.0 			473.71959
g3	 77 	 350.954412 			 0.0 			350.954412
g3	 78 	 350.954412 			 0.0 			350.954412
g3	 79 	 350.954412 			 0.0 			350.954412
g3	 80 	 350.954412 			 0.0 			350.954412
g3	 81 	 350.954412 			 0.0 			350.954412
g3	 82 	 350.954412 			 0.0 			350.954412
g3	 83 	 350.954412 			 0.0 			350.954412
g3	 84 	 372.538322 			 0.0 			372.538322
g3	 85 	 350.954412 			 0.0 			350.954412
g3	 86 	 350.954412 			 0.0 			350.954412
g3	 87 	 350.954412 			 0.0 			350.954412
g3	 88 	 350.954412 			 0.0 			350.954412
g3	 89 	 350.954412 			 0.0 			350.954412
g3	 90 	 350.954412 			 0.0 			350.954412
g3	 91 	 350.954412 			 0.0 			350.954412
g3	 92 	 350.954412 			 0.0 			350.954412
g3	 93 	 0.0 			 0.0 			0.0
g3	 94 	 0.0 			 0.0 			0.0
g3	 95 	 0.0 			 0.0 			0.0
g3	 96 	 0.0 			 0.0 			0.0
----------------------------------------------------------------------------------------------------
g4	 1 	 0.0 			 0.0 			0.0
g4	 2 	 0.0 			 0.0 			0.0
g4	 3 	 0.0 			 0.0 			0.0
g4	 4 	 0.0 			 0.0 			0.0
g4	 5 	 0.0 			 0.0 			0.0
g4	 6 	 0.0 			 0.0 			0.0
g4	 7 	 0.0 			 0.0 			0.0
g4	 8 	 0.0 			 0.0 			0.0
g4	 9 	 0.0 			 0.0 			0.0
g4	 10 	 0.0 			 0.0 			0.0
g4	 11 	 0.0 			 0.0 			0.0
g4	 12 	 0.0 			 0.0 			0.0
g4	 13 	 0.0 			 0.0 			0.0
g4	 14 	 0.0 			 0.0 			0.0
g4	 15 	 0.0 			 0.0 			0.0
g4	 16 	 0.0 			 0.0 			0.0
g4	 17 	 0.0 			 0.0 			0.0
g4	 18 	 0.0 			 0.0 			0.0
g4	 19 	 0.0 			 0.0 			0.0
g4	 20 	 0.0 			 0.0 			0.0
g4	 21 	 0.0 			 0.0 			0.0
g4	 22 	 0.0 			 0.0 			0.0
g4	 23 	 0.0 			 0.0 			0.0
g4	 24 	 0.0 			 0.0 			0.0
g4	 25 	 0.0 			 0.0 			0.0
g4	 26 	 0.0 			 0.0 			0.0
g4	 27 	 0.0 			 0.0 			0.0
g4	 28 	 0.0 			 0.0 			0.0
g4	 29 	 0.0 			 0.0 			0.0
g4	 30 	 0.0 			 0.0 			0.0
g4	 31 	 0.0 			 0.0 			0.0
g4	 32 	 0.0 			 0.0 			0.0
g4	 33 	 0.0 			 0.0 			0.0
g4	 34 	 0.0 			 0.0 			0.0
g4	 35 	 0.0 			 0.0 			0.0
g4	 36 	 0.0 			 0.0 			0.0
g4	 37 	 0.0 			 0.0 			0.0
g4	 38 	 0.0 			 0.0 			0.0
g4	 39 	 0.0 			 0.0 			0.0
g4	 40 	 0.0 			 0.0 			0.0
g4	 41 	 0.0 			 0.0 			0.0
g4	 42 	 0.0 			 0.0 			0.0
g4	 43 	 0.0 			 0.0 			0.0
g4	 44 	 0.0 			 0.0 			0.0
g4	 45 	 0.0 			 0.0 			0.0
g4	 46 	 0.0 			 0.0 			0.0
g4	 47 	 0.0 			 0.0 			0.0
g4	 48 	 0.0 			 0.0 			0.0
g4	 49 	 0.0 			 0.0 			0.0
g4	 50 	 0.0 			 0.0 			0.0
g4	 51 	 0.0 			 0.0 			0.0
g4	 52 	 0.0 			 0.0 			0.0
g4	 53 	 456.627798 			 4827.67 			5284.297798
g4	 54 	 531.100094 			 0.0 			531.100094
g4	 55 	 456.791761 			 0.0 			456.791761
g4	 56 	 491.679248 			 0.0 			491.679248
g4	 57 	 630.007619 			 0.0 			630.007619
g4	 58 	 529.76844 			 0.0 			529.76844
g4	 59 	 548.396015 			 0.0 			548.396015
g4	 60 	 590.608147 			 0.0 			590.608147
g4	 61 	 630.007619 			 0.0 			630.007619
g4	 62 	 557.192468 			 0.0 			557.192468
g4	 63 	 562.997249 			 0.0 			562.997249
g4	 64 	 630.007619 			 0.0 			630.007619
g4	 65 	 630.007619 			 0.0 			630.007619
g4	 66 	 630.007619 			 0.0 			630.007619
g4	 67 	 630.007619 			 0.0 			630.007619
g4	 68 	 552.624839 			 0.0 			552.624839
g4	 69 	 0.0 			 0.0 			0.0
g4	 70 	 0.0 			 0.0 			0.0
g4	 71 	 0.0 			 0.0 			0.0
g4	 72 	 0.0 			 0.0 			0.0
g4	 73 	 0.0 			 0.0 			0.0
g4	 74 	 0.0 			 0.0 			0.0
g4	 75 	 0.0 			 0.0 			0.0
g4	 76 	 0.0 			 0.0 			0.0
g4	 77 	 0.0 			 0.0 			0.0
g4	 78 	 0.0 			 0.0 			0.0
g4	 79 	 0.0 			 0.0 			0.0
g4	 80 	 0.0 			 0.0 			0.0
g4	 81 	 0.0 			 0.0 			0.0
g4	 82 	 0.0 			 0.0 			0.0
g4	 83 	 0.0 			 0.0 			0.0
g4	 84 	 0.0 			 0.0 			0.0
g4	 85 	 0.0 			 0.0 			0.0
g4	 86 	 0.0 			 0.0 			0.0
g4	 87 	 0.0 			 0.0 			0.0
g4	 88 	 0.0 			 0.0 			0.0
g4	 89 	 0.0 			 0.0 			0.0
g4	 90 	 0.0 			 0.0 			0.0
g4	 91 	 0.0 			 0.0 			0.0
g4	 92 	 0.0 			 0.0 			0.0
g4	 93 	 0.0 			 0.0 			0.0
g4	 94 	 0.0 			 0.0 			0.0
g4	 95 	 0.0 			 0.0 			0.0
g4	 96 	 0.0 			 0.0 			0.0
----------------------------------------------------------------------------------------------------
g5	 1 	 0.0 			 0.0 			0.0
g5	 2 	 0.0 			 0.0 			0.0
g5	 3 	 0.0 			 0.0 			0.0
g5	 4 	 0.0 			 0.0 			0.0
g5	 5 	 348.846531 			 6821.79 			7170.636531
g5	 6 	 348.846531 			 0.0 			348.846531
g5	 7 	 348.846531 			 0.0 			348.846531
g5	 8 	 348.846531 			 0.0 			348.846531
g5	 9 	 348.846531 			 0.0 			348.846531
g5	 10 	 348.846531 			 0.0 			348.846531
g5	 11 	 348.846531 			 0.0 			348.846531
g5	 12 	 348.846531 			 0.0 			348.846531
g5	 13 	 348.846531 			 0.0 			348.846531
g5	 14 	 348.846531 			 0.0 			348.846531
g5	 15 	 348.846531 			 0.0 			348.846531
g5	 16 	 348.846531 			 0.0 			348.846531
g5	 17 	 348.846531 			 0.0 			348.846531
g5	 18 	 348.846531 			 0.0 			348.846531
g5	 19 	 348.846531 			 0.0 			348.846531
g5	 20 	 348.846531 			 0.0 			348.846531
g5	 21 	 348.846531 			 0.0 			348.846531
g5	 22 	 348.846531 			 0.0 			348.846531
g5	 23 	 348.846531 			 0.0 			348.846531
g5	 24 	 348.846531 			 0.0 			348.846531
g5	 25 	 348.846531 			 0.0 			348.846531
g5	 26 	 348.846531 			 0.0 			348.846531
g5	 27 	 348.846531 			 0.0 			348.846531
g5	 28 	 348.846531 			 0.0 			348.846531
g5	 29 	 348.846531 			 0.0 			348.846531
g5	 30 	 348.846531 			 0.0 			348.846531
g5	 31 	 348.846531 			 0.0 			348.846531
g5	 32 	 348.846531 			 0.0 			348.846531
g5	 33 	 348.846531 			 0.0 			348.846531
g5	 34 	 348.846531 			 0.0 			348.846531
g5	 35 	 348.846531 			 0.0 			348.846531
g5	 36 	 348.846531 			 0.0 			348.846531
g5	 37 	 348.846531 			 0.0 			348.846531
g5	 38 	 348.846531 			 0.0 			348.846531
g5	 39 	 348.846531 			 0.0 			348.846531
g5	 40 	 348.846531 			 0.0 			348.846531
g5	 41 	 348.846531 			 0.0 			348.846531
g5	 42 	 348.846531 			 0.0 			348.846531
g5	 43 	 348.846531 			 0.0 			348.846531
g5	 44 	 348.846531 			 0.0 			348.846531
g5	 45 	 348.846531 			 0.0 			348.846531
g5	 46 	 393.116143 			 0.0 			393.116143
g5	 47 	 411.32528 			 0.0 			411.32528
g5	 48 	 413.947575 			 0.0 			413.947575
g5	 49 	 545.125504 			 0.0 			545.125504
g5	 50 	 543.155826 			 0.0 			543.155826
g5	 51 	 578.049724 			 0.0 			578.049724
g5	 52 	 477.673014 			 0.0 			477.673014
g5	 53 	 348.846531 			 0.0 			348.846531
g5	 54 	 348.846531 			 0.0 			348.846531
g5	 55 	 348.846531 			 0.0 			348.846531
g5	 56 	 348.846531 			 0.0 			348.846531
g5	 57 	 364.581029 			 0.0 			364.581029
g5	 58 	 348.846531 			 0.0 			348.846531
g5	 59 	 348.846531 			 0.0 			348.846531
g5	 60 	 348.846531 			 0.0 			348.846531
g5	 61 	 364.761541 			 0.0 			364.761541
g5	 62 	 348.846531 			 0.0 			348.846531
g5	 63 	 348.846531 			 0.0 			348.846531
g5	 64 	 417.784253 			 0.0 			417.784253
g5	 65 	 382.491097 			 0.0 			382.491097
g5	 66 	 369.096911 			 0.0 			369.096911
g5	 67 	 413.074712 			 0.0 			413.074712
g5	 68 	 455.01117 			 0.0 			455.01117
g5	 69 	 634.280931 			 0.0 			634.280931
g5	 70 	 578.049724 			 0.0 			578.049724
g5	 71 	 655.890864 			 0.0 			655.890864
g5	 72 	 754.13331 			 0.0 			754.13331
g5	 73 	 564.689335 			 0.0 			564.689335
g5	 74 	 578.049724 			 0.0 			578.049724
g5	 75 	 578.049724 			 0.0 			578.049724
g5	 76 	 578.049724 			 0.0 			578.049724
g5	 77 	 561.860334 			 0.0 			561.860334
g5	 78 	 540.078585 			 0.0 			540.078585
g5	 79 	 549.672252 			 0.0 			549.672252
g5	 80 	 560.201698 			 0.0 			560.201698
g5	 81 	 489.509344 			 0.0 			489.509344
g5	 82 	 464.175898 			 0.0 			464.175898
g5	 83 	 519.595655 			 0.0 			519.595655
g5	 84 	 513.766082 			 0.0 			513.766082
g5	 85 	 348.846531 			 0.0 			348.846531
g5	 86 	 348.846531 			 0.0 			348.846531
g5	 87 	 348.846531 			 0.0 			348.846531
g5	 88 	 348.846531 			 0.0 			348.846531
g5	 89 	 348.846531 			 0.0 			348.846531
g5	 90 	 348.846531 			 0.0 			348.846531
g5	 91 	 348.846531 			 0.0 			348.846531
g5	 92 	 348.846531 			 0.0 			348.846531
g5	 93 	 0.0 			 0.0 			0.0
g5	 94 	 0.0 			 0.0 			0.0
g5	 95 	 0.0 			 0.0 			0.0
g5	 96 	 0.0 			 0.0 			0.0
----------------------------------------------------------------------------------------------------
 
unit 	 generation 	 generation cost 	 start-up cost 	 total cost
----------------------------------------------------------------------------------------------------
g1 	 6840.539206			255094.162928			 0.000000		 255094.162928
g2 	 0.000000			0.000000			 0.000000		 0.000000
g3 	 360.529735			22581.238948			 4595.430000		 27176.668948
g4 	 150.993006			9057.831773			 4827.670000		 13885.501773
g5 	 615.385246			35482.345761			 6821.790000		 42304.135761
----------------------------------------------------------------------------------------------------
 
generation cost 	 start-up cost 		 total cost
----------------------------------------------------------------------------------------------------
322215.5794100004 			 16244.890000000001 			 338460.46941000025
----------------------------------------------------------------------------------------------------
uplift payment for generator g1: 0.0
uplift payment for generator g2: 0.0
uplift payment for generator g3: 9857.578619
uplift payment for generator g4: 7155.459688
uplift payment for generator g5: 13481.207655
 
****************************************************************************************************
 
rtm Systemwide prices
----------------------------------------------------------------------------------------------------
time	 energy 	 up-FRP 	 dw-FRP
----------------------------------------------------------------------------------------------------
1 	 9.614507 		 0.0 		 0.0
2 	 9.614507 		 0.0 		 0.0
3 	 9.614507 		 0.0 		 0.0
4 	 9.614507 		 0.0 		 0.0
5 	 9.408671 		 0.0 		 0.0
6 	 9.408671 		 0.0 		 0.0
7 	 9.408671 		 0.0 		 0.0
8 	 9.408671 		 0.0 		 0.0
9 	 9.408671 		 0.0 		 0.0
10 	 9.408671 		 0.0 		 0.0
11 	 9.408671 		 0.0 		 0.0
12 	 9.408671 		 0.0 		 0.0
13 	 9.408671 		 0.0 		 0.0
14 	 9.408671 		 0.0 		 0.0
15 	 9.408671 		 0.0 		 0.0
16 	 9.408671 		 0.0 		 0.0
17 	 9.408671 		 0.0 		 0.0
18 	 9.408671 		 0.0 		 0.0
19 	 9.408671 		 0.0 		 0.0
20 	 9.408671 		 0.0 		 0.0
21 	 9.408671 		 0.0 		 0.0
22 	 9.408671 		 0.0 		 0.0
23 	 9.408671 		 0.0 		 0.0
24 	 9.408671 		 0.0 		 0.0
25 	 9.408671 		 0.0 		 0.0
26 	 9.408671 		 0.0 		 0.0
27 	 9.408671 		 0.0 		 0.0
28 	 9.408671 		 0.0 		 0.0
29 	 9.614507 		 0.0 		 0.0
30 	 9.614507 		 0.0 		 0.0
31 	 9.614507 		 0.0 		 0.0
32 	 9.614507 		 0.0 		 0.0
33 	 9.614507 		 0.0 		 0.0
34 	 9.614507 		 0.0 		 0.0
35 	 9.614507 		 0.0 		 0.0
36 	 9.614507 		 0.0 		 0.0
37 	 9.614507 		 0.0 		 0.0
38 	 9.614507 		 0.0 		 0.0
39 	 9.614507 		 0.0 		 0.0
40 	 9.614507 		 0.0 		 0.0
41 	 9.614507 		 0.0 		 0.0
42 	 9.614507 		 0.0 		 0.0
43 	 9.614507 		 0.0 		 0.0
44 	 9.614507 		 0.0 		 0.0
45 	 9.614507 		 0.0 		 0.0
46 	 11.022192 		 0.0 		 0.0
47 	 11.022192 		 0.0 		 0.0
48 	 11.022192 		 0.0 		 0.0
49 	 11.022192 		 0.0 		 0.0
50 	 11.022192 		 0.0 		 0.0
51 	 11.862367 		 0.0 		 0.0
52 	 11.022192 		 0.0 		 0.0
53 	 10.824293 		 0.0 		 0.0
54 	 10.824293 		 0.0 		 0.0
55 	 10.824293 		 0.0 		 0.0
56 	 10.824293 		 0.0 		 0.0
57 	 11.022192 		 0.0 		 0.0
58 	 10.824293 		 0.0 		 0.0
59 	 10.824293 		 0.0 		 0.0
60 	 10.824293 		 0.0 		 0.0
61 	 11.022192 		 0.0 		 0.0
62 	 10.824293 		 0.0 		 0.0
63 	 10.824293 		 0.0 		 0.0
64 	 11.022192 		 0.0 		 0.0
65 	 11.022192 		 0.0 		 0.0
66 	 11.022192 		 0.0 		 0.0
67 	 11.022192 		 0.0 		 0.0
68 	 10.824293 		 0.0 		 0.0
69 	 14.996762 		 0.0 		 0.0
70 	 11.862367 		 0.0 		 0.0
71 	 14.798864 		 0.0 		 0.0
72 	 14.798864 		 0.0 		 0.0
73 	 11.022192 		 0.0 		 0.0
74 	 11.862367 		 0.0 		 0.0
75 	 11.862367 		 0.0 		 0.0
76 	 11.862367 		 0.0 		 0.0
77 	 11.022192 		 0.0 		 0.0
78 	 11.022192 		 0.0 		 0.0
79 	 11.022192 		 0.0 		 0.0
80 	 11.022192 		 0.0 		 0.0
81 	 11.022192 		 0.0 		 0.0
82 	 11.022192 		 0.0 		 0.0
83 	 11.022192 		 0.0 		 0.0
84 	 11.862367 		 0.0 		 0.0
85 	 9.614507 		 0.0 		 0.0
86 	 9.614507 		 0.0 		 0.0
87 	 9.614507 		 0.0 		 0.0
88 	 9.614507 		 0.0 		 0.0
89 	 9.614507 		 0.0 		 0.0
90 	 9.614507 		 0.0 		 0.0
91 	 9.614507 		 0.0 		 0.0
92 	 9.614507 		 0.0 		 0.0
93 	 9.614507 		 0.0 		 0.0
94 	 9.614507 		 0.0 		 0.0
95 	 9.614507 		 0.0 		 0.0
96 	 9.614507 		 0.0 		 0.0
 
****************************************************************************************************
 
rtm Post-uplift payments
----------------------------------------------------------------------------------------------------------------------------------------------------
unit 	 generation payment 	 up-FRP payment 	 dw-FRP payment 	pre-up t. payment 	 uplift payments 	 post-up t. payment 	 profit
----------------------------------------------------------------------------------------------------------------------------------------------------
 g1 	 17893.108413			 0.000000			 0.000000			 17893.108413			 0.000000			 17893.108413		 50211.800382
 g2 	 0.000000			 0.000000			 0.000000			 0.000000			 0.000000			 0.000000		 0.000000
 g3 	 656.577128			 0.000000			 0.000000			 656.577128			 9857.578619			 10514.155747		 0.000000
 g4 	 -77.660669			 0.000000			 0.000000			 -77.660669			 7155.459688			 7077.799019		 0.000000
 g5 	 1374.642071			 0.000000			 0.000000			 1374.642071			 13481.207655			 14855.849726		 0.000000
****************************************************************************************************
 
Total generator payments
----------------------------------------------------------------------------------------------------------------------------------------------------
unit 	 generation payment 	 up-FRP payment 	 dw-FRP payment 	pre-up t. payment 	 uplift payments 	 post-up t. payment 	 profit
----------------------------------------------------------------------------------------------------------------------------------------------------
 g1 	 304619.233601			 686.729709			 0.000000			 305305.963310			 0.000000			 305305.963310		 50211.800382
 g2 	 0.000000			 0.000000			 0.000000			 0.000000			 0.000000			 0.000000		 0.000000
 g3 	 17319.090329			 0.000000			 0.000000			 17319.090329			 9857.578619			 27176.668948		 0.000000
 g4 	 6730.042085			 0.000000			 0.000000			 6730.042085			 7155.459688			 13885.501773		 0.000000
 g5 	 28822.928106			 0.000000			 0.000000			 28822.928106			 13481.207655			 42304.135761		 0.000000
 
****************************************************************************************************
 
rtm LMP
----------------------------------------------------------------------------------------------------
bus name 	 time 		 LMP
----------------------------------------------------------------------------------------------------
b1 		 1 		 9.614507
b1 		 2 		 9.614507
b1 		 3 		 9.614507
b1 		 4 		 9.614507
b1 		 5 		 9.408671
b1 		 6 		 9.408671
b1 		 7 		 9.408671
b1 		 8 		 9.408671
b1 		 9 		 9.408671
b1 		 10 		 9.408671
b1 		 11 		 9.408671
b1 		 12 		 9.408671
b1 		 13 		 9.408671
b1 		 14 		 9.408671
b1 		 15 		 9.408671
b1 		 16 		 9.408671
b1 		 17 		 9.408671
b1 		 18 		 9.408671
b1 		 19 		 9.408671
b1 		 20 		 9.408671
b1 		 21 		 9.408671
b1 		 22 		 9.408671
b1 		 23 		 9.408671
b1 		 24 		 9.408671
b1 		 25 		 9.408671
b1 		 26 		 9.408671
b1 		 27 		 9.408671
b1 		 28 		 9.408671
b1 		 29 		 9.614507
b1 		 30 		 9.614507
b1 		 31 		 9.614507
b1 		 32 		 9.614507
b1 		 33 		 9.614507
b1 		 34 		 9.614507
b1 		 35 		 9.614507
b1 		 36 		 9.614507
b1 		 37 		 9.614507
b1 		 38 		 9.614507
b1 		 39 		 9.614507
b1 		 40 		 9.614507
b1 		 41 		 9.614507
b1 		 42 		 9.614507
b1 		 43 		 9.614507
b1 		 44 		 9.614507
b1 		 45 		 9.614507
b1 		 46 		 11.022192
b1 		 47 		 11.022192
b1 		 48 		 11.022192
b1 		 49 		 11.022192
b1 		 50 		 11.022192
b1 		 51 		 11.862367
b1 		 52 		 11.022192
b1 		 53 		 10.824293
b1 		 54 		 10.824293
b1 		 55 		 10.824293
b1 		 56 		 10.824293
b1 		 57 		 11.022192
b1 		 58 		 10.824293
b1 		 59 		 10.824293
b1 		 60 		 10.824293
b1 		 61 		 11.022192
b1 		 62 		 10.824293
b1 		 63 		 10.824293
b1 		 64 		 11.022192
b1 		 65 		 11.022192
b1 		 66 		 11.022192
b1 		 67 		 11.022192
b1 		 68 		 10.824293
b1 		 69 		 14.996762
b1 		 70 		 11.862367
b1 		 71 		 14.798864
b1 		 72 		 14.798864
b1 		 73 		 11.022192
b1 		 74 		 11.862367
b1 		 75 		 11.862367
b1 		 76 		 11.862367
b1 		 77 		 11.022192
b1 		 78 		 11.022192
b1 		 79 		 11.022192
b1 		 80 		 11.022192
b1 		 81 		 11.022192
b1 		 82 		 11.022192
b1 		 83 		 11.022192
b1 		 84 		 11.862367
b1 		 85 		 9.614507
b1 		 86 		 9.614507
b1 		 87 		 9.614507
b1 		 88 		 9.614507
b1 		 89 		 9.614507
b1 		 90 		 9.614507
b1 		 91 		 9.614507
b1 		 92 		 9.614507
b1 		 93 		 9.614507
b1 		 94 		 9.614507
b1 		 95 		 9.614507
b1 		 96 		 9.614507
----------------------------------------------------------------------------------------------------
b2 		 1 		 9.614507
b2 		 2 		 9.614507
b2 		 3 		 9.614507
b2 		 4 		 9.614507
b2 		 5 		 9.408671
b2 		 6 		 9.408671
b2 		 7 		 9.408671
b2 		 8 		 9.408671
b2 		 9 		 9.408671
b2 		 10 		 9.408671
b2 		 11 		 9.408671
b2 		 12 		 9.408671
b2 		 13 		 9.408671
b2 		 14 		 9.408671
b2 		 15 		 9.408671
b2 		 16 		 9.408671
b2 		 17 		 9.408671
b2 		 18 		 9.408671
b2 		 19 		 9.408671
b2 		 20 		 9.408671
b2 		 21 		 9.408671
b2 		 22 		 9.408671
b2 		 23 		 9.408671
b2 		 24 		 9.408671
b2 		 25 		 9.408671
b2 		 26 		 9.408671
b2 		 27 		 9.408671
b2 		 28 		 9.408671
b2 		 29 		 9.614507
b2 		 30 		 9.614507
b2 		 31 		 9.614507
b2 		 32 		 9.614507
b2 		 33 		 9.614507
b2 		 34 		 9.614507
b2 		 35 		 9.614507
b2 		 36 		 9.614507
b2 		 37 		 9.614507
b2 		 38 		 9.614507
b2 		 39 		 9.614507
b2 		 40 		 9.614507
b2 		 41 		 9.614507
b2 		 42 		 9.614507
b2 		 43 		 9.614507
b2 		 44 		 9.614507
b2 		 45 		 9.614507
b2 		 46 		 11.022192
b2 		 47 		 11.022192
b2 		 48 		 11.022192
b2 		 49 		 11.022192
b2 		 50 		 11.022192
b2 		 51 		 11.862367
b2 		 52 		 11.022192
b2 		 53 		 10.824293
b2 		 54 		 10.824293
b2 		 55 		 10.824293
b2 		 56 		 10.824293
b2 		 57 		 11.022192
b2 		 58 		 10.824293
b2 		 59 		 10.824293
b2 		 60 		 10.824293
b2 		 61 		 11.022192
b2 		 62 		 10.824293
b2 		 63 		 10.824293
b2 		 64 		 11.022192
b2 		 65 		 11.022192
b2 		 66 		 11.022192
b2 		 67 		 11.022192
b2 		 68 		 10.824293
b2 		 69 		 14.996762
b2 		 70 		 11.862367
b2 		 71 		 14.798864
b2 		 72 		 14.798864
b2 		 73 		 11.022192
b2 		 74 		 11.862367
b2 		 75 		 11.862367
b2 		 76 		 11.862367
b2 		 77 		 11.022192
b2 		 78 		 11.022192
b2 		 79 		 11.022192
b2 		 80 		 11.022192
b2 		 81 		 11.022192
b2 		 82 		 11.022192
b2 		 83 		 11.022192
b2 		 84 		 11.862367
b2 		 85 		 9.614507
b2 		 86 		 9.614507
b2 		 87 		 9.614507
b2 		 88 		 9.614507
b2 		 89 		 9.614507
b2 		 90 		 9.614507
b2 		 91 		 9.614507
b2 		 92 		 9.614507
b2 		 93 		 9.614507
b2 		 94 		 9.614507
b2 		 95 		 9.614507
b2 		 96 		 9.614507
----------------------------------------------------------------------------------------------------
b3 		 1 		 9.614507
b3 		 2 		 9.614507
b3 		 3 		 9.614507
b3 		 4 		 9.614507
b3 		 5 		 9.408671
b3 		 6 		 9.408671
b3 		 7 		 9.408671
b3 		 8 		 9.408671
b3 		 9 		 9.408671
b3 		 10 		 9.408671
b3 		 11 		 9.408671
b3 		 12 		 9.408671
b3 		 13 		 9.408671
b3 		 14 		 9.408671
b3 		 15 		 9.408671
b3 		 16 		 9.408671
b3 		 17 		 9.408671
b3 		 18 		 9.408671
b3 		 19 		 9.408671
b3 		 20 		 9.408671
b3 		 21 		 9.408671
b3 		 22 		 9.408671
b3 		 23 		 9.408671
b3 		 24 		 9.408671
b3 		 25 		 9.408671
b3 		 26 		 9.408671
b3 		 27 		 9.408671
b3 		 28 		 9.408671
b3 		 29 		 9.614507
b3 		 30 		 9.614507
b3 		 31 		 9.614507
b3 		 32 		 9.614507
b3 		 33 		 9.614507
b3 		 34 		 9.614507
b3 		 35 		 9.614507
b3 		 36 		 9.614507
b3 		 37 		 9.614507
b3 		 38 		 9.614507
b3 		 39 		 9.614507
b3 		 40 		 9.614507
b3 		 41 		 9.614507
b3 		 42 		 9.614507
b3 		 43 		 9.614507
b3 		 44 		 9.614507
b3 		 45 		 9.614507
b3 		 46 		 11.022192
b3 		 47 		 11.022192
b3 		 48 		 11.022192
b3 		 49 		 11.022192
b3 		 50 		 11.022192
b3 		 51 		 11.862367
b3 		 52 		 11.022192
b3 		 53 		 10.824293
b3 		 54 		 10.824293
b3 		 55 		 10.824293
b3 		 56 		 10.824293
b3 		 57 		 11.022192
b3 		 58 		 10.824293
b3 		 59 		 10.824293
b3 		 60 		 10.824293
b3 		 61 		 11.022192
b3 		 62 		 10.824293
b3 		 63 		 10.824293
b3 		 64 		 11.022192
b3 		 65 		 11.022192
b3 		 66 		 11.022192
b3 		 67 		 11.022192
b3 		 68 		 10.824293
b3 		 69 		 14.996762
b3 		 70 		 11.862367
b3 		 71 		 14.798864
b3 		 72 		 14.798864
b3 		 73 		 11.022192
b3 		 74 		 11.862367
b3 		 75 		 11.862367
b3 		 76 		 11.862367
b3 		 77 		 11.022192
b3 		 78 		 11.022192
b3 		 79 		 11.022192
b3 		 80 		 11.022192
b3 		 81 		 11.022192
b3 		 82 		 11.022192
b3 		 83 		 11.022192
b3 		 84 		 11.862367
b3 		 85 		 9.614507
b3 		 86 		 9.614507
b3 		 87 		 9.614507
b3 		 88 		 9.614507
b3 		 89 		 9.614507
b3 		 90 		 9.614507
b3 		 91 		 9.614507
b3 		 92 		 9.614507
b3 		 93 		 9.614507
b3 		 94 		 9.614507
b3 		 95 		 9.614507
b3 		 96 		 9.614507
----------------------------------------------------------------------------------------------------
b4 		 1 		 9.614507
b4 		 2 		 9.614507
b4 		 3 		 9.614507
b4 		 4 		 9.614507
b4 		 5 		 9.408671
b4 		 6 		 9.408671
b4 		 7 		 9.408671
b4 		 8 		 9.408671
b4 		 9 		 9.408671
b4 		 10 		 9.408671
b4 		 11 		 9.408671
b4 		 12 		 9.408671
b4 		 13 		 9.408671
b4 		 14 		 9.408671
b4 		 15 		 9.408671
b4 		 16 		 9.408671
b4 		 17 		 9.408671
b4 		 18 		 9.408671
b4 		 19 		 9.408671
b4 		 20 		 9.408671
b4 		 21 		 9.408671
b4 		 22 		 9.408671
b4 		 23 		 9.408671
b4 		 24 		 9.408671
b4 		 25 		 9.408671
b4 		 26 		 9.408671
b4 		 27 		 9.408671
b4 		 28 		 9.408671
b4 		 29 		 9.614507
b4 		 30 		 9.614507
b4 		 31 		 9.614507
b4 		 32 		 9.614507
b4 		 33 		 9.614507
b4 		 34 		 9.614507
b4 		 35 		 9.614507
b4 		 36 		 9.614507
b4 		 37 		 9.614507
b4 		 38 		 9.614507
b4 		 39 		 9.614507
b4 		 40 		 9.614507
b4 		 41 		 9.614507
b4 		 42 		 9.614507
b4 		 43 		 9.614507
b4 		 44 		 9.614507
b4 		 45 		 9.614507
b4 		 46 		 11.022192
b4 		 47 		 11.022192
b4 		 48 		 11.022192
b4 		 49 		 11.022192
b4 		 50 		 11.022192
b4 		 51 		 11.862367
b4 		 52 		 11.022192
b4 		 53 		 10.824293
b4 		 54 		 10.824293
b4 		 55 		 10.824293
b4 		 56 		 10.824293
b4 		 57 		 11.022192
b4 		 58 		 10.824293
b4 		 59 		 10.824293
b4 		 60 		 10.824293
b4 		 61 		 11.022192
b4 		 62 		 10.824293
b4 		 63 		 10.824293
b4 		 64 		 11.022192
b4 		 65 		 11.022192
b4 		 66 		 11.022192
b4 		 67 		 11.022192
b4 		 68 		 10.824293
b4 		 69 		 14.996762
b4 		 70 		 11.862367
b4 		 71 		 14.798864
b4 		 72 		 14.798864
b4 		 73 		 11.022192
b4 		 74 		 11.862367
b4 		 75 		 11.862367
b4 		 76 		 11.862367
b4 		 77 		 11.022192
b4 		 78 		 11.022192
b4 		 79 		 11.022192
b4 		 80 		 11.022192
b4 		 81 		 11.022192
b4 		 82 		 11.022192
b4 		 83 		 11.022192
b4 		 84 		 11.862367
b4 		 85 		 9.614507
b4 		 86 		 9.614507
b4 		 87 		 9.614507
b4 		 88 		 9.614507
b4 		 89 		 9.614507
b4 		 90 		 9.614507
b4 		 91 		 9.614507
b4 		 92 		 9.614507
b4 		 93 		 9.614507
b4 		 94 		 9.614507
b4 		 95 		 9.614507
b4 		 96 		 9.614507
----------------------------------------------------------------------------------------------------
b5 		 1 		 9.614507
b5 		 2 		 9.614507
b5 		 3 		 9.614507
b5 		 4 		 9.614507
b5 		 5 		 9.408671
b5 		 6 		 9.408671
b5 		 7 		 9.408671
b5 		 8 		 9.408671
b5 		 9 		 9.408671
b5 		 10 		 9.408671
b5 		 11 		 9.408671
b5 		 12 		 9.408671
b5 		 13 		 9.408671
b5 		 14 		 9.408671
b5 		 15 		 9.408671
b5 		 16 		 9.408671
b5 		 17 		 9.408671
b5 		 18 		 9.408671
b5 		 19 		 9.408671
b5 		 20 		 9.408671
b5 		 21 		 9.408671
b5 		 22 		 9.408671
b5 		 23 		 9.408671
b5 		 24 		 9.408671
b5 		 25 		 9.408671
b5 		 26 		 9.408671
b5 		 27 		 9.408671
b5 		 28 		 9.408671
b5 		 29 		 9.614507
b5 		 30 		 9.614507
b5 		 31 		 9.614507
b5 		 32 		 9.614507
b5 		 33 		 9.614507
b5 		 34 		 9.614507
b5 		 35 		 9.614507
b5 		 36 		 9.614507
b5 		 37 		 9.614507
b5 		 38 		 9.614507
b5 		 39 		 9.614507
b5 		 40 		 9.614507
b5 		 41 		 9.614507
b5 		 42 		 9.614507
b5 		 43 		 9.614507
b5 		 44 		 9.614507
b5 		 45 		 9.614507
b5 		 46 		 11.022192
b5 		 47 		 11.022192
b5 		 48 		 11.022192
b5 		 49 		 11.022192
b5 		 50 		 11.022192
b5 		 51 		 11.862367
b5 		 52 		 11.022192
b5 		 53 		 10.824293
b5 		 54 		 10.824293
b5 		 55 		 10.824293
b5 		 56 		 10.824293
b5 		 57 		 11.022192
b5 		 58 		 10.824293
b5 		 59 		 10.824293
b5 		 60 		 10.824293
b5 		 61 		 11.022192
b5 		 62 		 10.824293
b5 		 63 		 10.824293
b5 		 64 		 11.022192
b5 		 65 		 11.022192
b5 		 66 		 11.022192
b5 		 67 		 11.022192
b5 		 68 		 10.824293
b5 		 69 		 14.996762
b5 		 70 		 11.862367
b5 		 71 		 14.798864
b5 		 72 		 14.798864
b5 		 73 		 11.022192
b5 		 74 		 11.862367
b5 		 75 		 11.862367
b5 		 76 		 11.862367
b5 		 77 		 11.022192
b5 		 78 		 11.022192
b5 		 79 		 11.022192
b5 		 80 		 11.022192
b5 		 81 		 11.022192
b5 		 82 		 11.022192
b5 		 83 		 11.022192
b5 		 84 		 11.862367
b5 		 85 		 9.614507
b5 		 86 		 9.614507
b5 		 87 		 9.614507
b5 		 88 		 9.614507
b5 		 89 		 9.614507
b5 		 90 		 9.614507
b5 		 91 		 9.614507
b5 		 92 		 9.614507
b5 		 93 		 9.614507
b5 		 94 		 9.614507
b5 		 95 		 9.614507
b5 		 96 		 9.614507
----------------------------------------------------------------------------------------------------
b6 		 1 		 9.614507
b6 		 2 		 9.614507
b6 		 3 		 9.614507
b6 		 4 		 9.614507
b6 		 5 		 9.408671
b6 		 6 		 9.408671
b6 		 7 		 9.408671
b6 		 8 		 9.408671
b6 		 9 		 9.408671
b6 		 10 		 9.408671
b6 		 11 		 9.408671
b6 		 12 		 9.408671
b6 		 13 		 9.408671
b6 		 14 		 9.408671
b6 		 15 		 9.408671
b6 		 16 		 9.408671
b6 		 17 		 9.408671
b6 		 18 		 9.408671
b6 		 19 		 9.408671
b6 		 20 		 9.408671
b6 		 21 		 9.408671
b6 		 22 		 9.408671
b6 		 23 		 9.408671
b6 		 24 		 9.408671
b6 		 25 		 9.408671
b6 		 26 		 9.408671
b6 		 27 		 9.408671
b6 		 28 		 9.408671
b6 		 29 		 9.614507
b6 		 30 		 9.614507
b6 		 31 		 9.614507
b6 		 32 		 9.614507
b6 		 33 		 9.614507
b6 		 34 		 9.614507
b6 		 35 		 9.614507
b6 		 36 		 9.614507
b6 		 37 		 9.614507
b6 		 38 		 9.614507
b6 		 39 		 9.614507
b6 		 40 		 9.614507
b6 		 41 		 9.614507
b6 		 42 		 9.614507
b6 		 43 		 9.614507
b6 		 44 		 9.614507
b6 		 45 		 9.614507
b6 		 46 		 11.022192
b6 		 47 		 11.022192
b6 		 48 		 11.022192
b6 		 49 		 11.022192
b6 		 50 		 11.022192
b6 		 51 		 11.862367
b6 		 52 		 11.022192
b6 		 53 		 10.824293
b6 		 54 		 10.824293
b6 		 55 		 10.824293
b6 		 56 		 10.824293
b6 		 57 		 11.022192
b6 		 58 		 10.824293
b6 		 59 		 10.824293
b6 		 60 		 10.824293
b6 		 61 		 11.022192
b6 		 62 		 10.824293
b6 		 63 		 10.824293
b6 		 64 		 11.022192
b6 		 65 		 11.022192
b6 		 66 		 11.022192
b6 		 67 		 11.022192
b6 		 68 		 10.824293
b6 		 69 		 14.996762
b6 		 70 		 11.862367
b6 		 71 		 14.798864
b6 		 72 		 14.798864
b6 		 73 		 11.022192
b6 		 74 		 11.862367
b6 		 75 		 11.862367
b6 		 76 		 11.862367
b6 		 77 		 11.022192
b6 		 78 		 11.022192
b6 		 79 		 11.022192
b6 		 80 		 11.022192
b6 		 81 		 11.022192
b6 		 82 		 11.022192
b6 		 83 		 11.022192
b6 		 84 		 11.862367
b6 		 85 		 9.614507
b6 		 86 		 9.614507
b6 		 87 		 9.614507
b6 		 88 		 9.614507
b6 		 89 		 9.614507
b6 		 90 		 9.614507
b6 		 91 		 9.614507
b6 		 92 		 9.614507
b6 		 93 		 9.614507
b6 		 94 		 9.614507
b6 		 95 		 9.614507
b6 		 96 		 9.614507
----------------------------------------------------------------------------------------------------
b7 		 1 		 9.614507
b7 		 2 		 9.614507
b7 		 3 		 9.614507
b7 		 4 		 9.614507
b7 		 5 		 9.408671
b7 		 6 		 9.408671
b7 		 7 		 9.408671
b7 		 8 		 9.408671
b7 		 9 		 9.408671
b7 		 10 		 9.408671
b7 		 11 		 9.408671
b7 		 12 		 9.408671
b7 		 13 		 9.408671
b7 		 14 		 9.408671
b7 		 15 		 9.408671
b7 		 16 		 9.408671
b7 		 17 		 9.408671
b7 		 18 		 9.408671
b7 		 19 		 9.408671
b7 		 20 		 9.408671
b7 		 21 		 9.408671
b7 		 22 		 9.408671
b7 		 23 		 9.408671
b7 		 24 		 9.408671
b7 		 25 		 9.408671
b7 		 26 		 9.408671
b7 		 27 		 9.408671
b7 		 28 		 9.408671
b7 		 29 		 9.614507
b7 		 30 		 9.614507
b7 		 31 		 9.614507
b7 		 32 		 9.614507
b7 		 33 		 9.614507
b7 		 34 		 9.614507
b7 		 35 		 9.614507
b7 		 36 		 9.614507
b7 		 37 		 9.614507
b7 		 38 		 9.614507
b7 		 39 		 9.614507
b7 		 40 		 9.614507
b7 		 41 		 9.614507
b7 		 42 		 9.614507
b7 		 43 		 9.614507
b7 		 44 		 9.614507
b7 		 45 		 9.614507
b7 		 46 		 11.022192
b7 		 47 		 11.022192
b7 		 48 		 11.022192
b7 		 49 		 11.022192
b7 		 50 		 11.022192
b7 		 51 		 11.862367
b7 		 52 		 11.022192
b7 		 53 		 10.824293
b7 		 54 		 10.824293
b7 		 55 		 10.824293
b7 		 56 		 10.824293
b7 		 57 		 11.022192
b7 		 58 		 10.824293
b7 		 59 		 10.824293
b7 		 60 		 10.824293
b7 		 61 		 11.022192
b7 		 62 		 10.824293
b7 		 63 		 10.824293
b7 		 64 		 11.022192
b7 		 65 		 11.022192
b7 		 66 		 11.022192
b7 		 67 		 11.022192
b7 		 68 		 10.824293
b7 		 69 		 14.996762
b7 		 70 		 11.862367
b7 		 71 		 14.798864
b7 		 72 		 14.798864
b7 		 73 		 11.022192
b7 		 74 		 11.862367
b7 		 75 		 11.862367
b7 		 76 		 11.862367
b7 		 77 		 11.022192
b7 		 78 		 11.022192
b7 		 79 		 11.022192
b7 		 80 		 11.022192
b7 		 81 		 11.022192
b7 		 82 		 11.022192
b7 		 83 		 11.022192
b7 		 84 		 11.862367
b7 		 85 		 9.614507
b7 		 86 		 9.614507
b7 		 87 		 9.614507
b7 		 88 		 9.614507
b7 		 89 		 9.614507
b7 		 90 		 9.614507
b7 		 91 		 9.614507
b7 		 92 		 9.614507
b7 		 93 		 9.614507
b7 		 94 		 9.614507
b7 		 95 		 9.614507
b7 		 96 		 9.614507
----------------------------------------------------------------------------------------------------
b8 		 1 		 9.614507
b8 		 2 		 9.614507
b8 		 3 		 9.614507
b8 		 4 		 9.614507
b8 		 5 		 9.408671
b8 		 6 		 9.408671
b8 		 7 		 9.408671
b8 		 8 		 9.408671
b8 		 9 		 9.408671
b8 		 10 		 9.408671
b8 		 11 		 9.408671
b8 		 12 		 9.408671
b8 		 13 		 9.408671
b8 		 14 		 9.408671
b8 		 15 		 9.408671
b8 		 16 		 9.408671
b8 		 17 		 9.408671
b8 		 18 		 9.408671
b8 		 19 		 9.408671
b8 		 20 		 9.408671
b8 		 21 		 9.408671
b8 		 22 		 9.408671
b8 		 23 		 9.408671
b8 		 24 		 9.408671
b8 		 25 		 9.408671
b8 		 26 		 9.408671
b8 		 27 		 9.408671
b8 		 28 		 9.408671
b8 		 29 		 9.614507
b8 		 30 		 9.614507
b8 		 31 		 9.614507
b8 		 32 		 9.614507
b8 		 33 		 9.614507
b8 		 34 		 9.614507
b8 		 35 		 9.614507
b8 		 36 		 9.614507
b8 		 37 		 9.614507
b8 		 38 		 9.614507
b8 		 39 		 9.614507
b8 		 40 		 9.614507
b8 		 41 		 9.614507
b8 		 42 		 9.614507
b8 		 43 		 9.614507
b8 		 44 		 9.614507
b8 		 45 		 9.614507
b8 		 46 		 11.022192
b8 		 47 		 11.022192
b8 		 48 		 11.022192
b8 		 49 		 11.022192
b8 		 50 		 11.022192
b8 		 51 		 11.862367
b8 		 52 		 11.022192
b8 		 53 		 10.824293
b8 		 54 		 10.824293
b8 		 55 		 10.824293
b8 		 56 		 10.824293
b8 		 57 		 11.022192
b8 		 58 		 10.824293
b8 		 59 		 10.824293
b8 		 60 		 10.824293
b8 		 61 		 11.022192
b8 		 62 		 10.824293
b8 		 63 		 10.824293
b8 		 64 		 11.022192
b8 		 65 		 11.022192
b8 		 66 		 11.022192
b8 		 67 		 11.022192
b8 		 68 		 10.824293
b8 		 69 		 14.996762
b8 		 70 		 11.862367
b8 		 71 		 14.798864
b8 		 72 		 14.798864
b8 		 73 		 11.022192
b8 		 74 		 11.862367
b8 		 75 		 11.862367
b8 		 76 		 11.862367
b8 		 77 		 11.022192
b8 		 78 		 11.022192
b8 		 79 		 11.022192
b8 		 80 		 11.022192
b8 		 81 		 11.022192
b8 		 82 		 11.022192
b8 		 83 		 11.022192
b8 		 84 		 11.862367
b8 		 85 		 9.614507
b8 		 86 		 9.614507
b8 		 87 		 9.614507
b8 		 88 		 9.614507
b8 		 89 		 9.614507
b8 		 90 		 9.614507
b8 		 91 		 9.614507
b8 		 92 		 9.614507
b8 		 93 		 9.614507
b8 		 94 		 9.614507
b8 		 95 		 9.614507
b8 		 96 		 9.614507
----------------------------------------------------------------------------------------------------
b9 		 1 		 9.614507
b9 		 2 		 9.614507
b9 		 3 		 9.614507
b9 		 4 		 9.614507
b9 		 5 		 9.408671
b9 		 6 		 9.408671
b9 		 7 		 9.408671
b9 		 8 		 9.408671
b9 		 9 		 9.408671
b9 		 10 		 9.408671
b9 		 11 		 9.408671
b9 		 12 		 9.408671
b9 		 13 		 9.408671
b9 		 14 		 9.408671
b9 		 15 		 9.408671
b9 		 16 		 9.408671
b9 		 17 		 9.408671
b9 		 18 		 9.408671
b9 		 19 		 9.408671
b9 		 20 		 9.408671
b9 		 21 		 9.408671
b9 		 22 		 9.408671
b9 		 23 		 9.408671
b9 		 24 		 9.408671
b9 		 25 		 9.408671
b9 		 26 		 9.408671
b9 		 27 		 9.408671
b9 		 28 		 9.408671
b9 		 29 		 9.614507
b9 		 30 		 9.614507
b9 		 31 		 9.614507
b9 		 32 		 9.614507
b9 		 33 		 9.614507
b9 		 34 		 9.614507
b9 		 35 		 9.614507
b9 		 36 		 9.614507
b9 		 37 		 9.614507
b9 		 38 		 9.614507
b9 		 39 		 9.614507
b9 		 40 		 9.614507
b9 		 41 		 9.614507
b9 		 42 		 9.614507
b9 		 43 		 9.614507
b9 		 44 		 9.614507
b9 		 45 		 9.614507
b9 		 46 		 11.022192
b9 		 47 		 11.022192
b9 		 48 		 11.022192
b9 		 49 		 11.022192
b9 		 50 		 11.022192
b9 		 51 		 11.862367
b9 		 52 		 11.022192
b9 		 53 		 10.824293
b9 		 54 		 10.824293
b9 		 55 		 10.824293
b9 		 56 		 10.824293
b9 		 57 		 11.022192
b9 		 58 		 10.824293
b9 		 59 		 10.824293
b9 		 60 		 10.824293
b9 		 61 		 11.022192
b9 		 62 		 10.824293
b9 		 63 		 10.824293
b9 		 64 		 11.022192
b9 		 65 		 11.022192
b9 		 66 		 11.022192
b9 		 67 		 11.022192
b9 		 68 		 10.824293
b9 		 69 		 14.996762
b9 		 70 		 11.862367
b9 		 71 		 14.798864
b9 		 72 		 14.798864
b9 		 73 		 11.022192
b9 		 74 		 11.862367
b9 		 75 		 11.862367
b9 		 76 		 11.862367
b9 		 77 		 11.022192
b9 		 78 		 11.022192
b9 		 79 		 11.022192
b9 		 80 		 11.022192
b9 		 81 		 11.022192
b9 		 82 		 11.022192
b9 		 83 		 11.022192
b9 		 84 		 11.862367
b9 		 85 		 9.614507
b9 		 86 		 9.614507
b9 		 87 		 9.614507
b9 		 88 		 9.614507
b9 		 89 		 9.614507
b9 		 90 		 9.614507
b9 		 91 		 9.614507
b9 		 92 		 9.614507
b9 		 93 		 9.614507
b9 		 94 		 9.614507
b9 		 95 		 9.614507
b9 		 96 		 9.614507
----------------------------------------------------------------------------------------------------
b10 		 1 		 9.614507
b10 		 2 		 9.614507
b10 		 3 		 9.614507
b10 		 4 		 9.614507
b10 		 5 		 9.408671
b10 		 6 		 9.408671
b10 		 7 		 9.408671
b10 		 8 		 9.408671
b10 		 9 		 9.408671
b10 		 10 		 9.408671
b10 		 11 		 9.408671
b10 		 12 		 9.408671
b10 		 13 		 9.408671
b10 		 14 		 9.408671
b10 		 15 		 9.408671
b10 		 16 		 9.408671
b10 		 17 		 9.408671
b10 		 18 		 9.408671
b10 		 19 		 9.408671
b10 		 20 		 9.408671
b10 		 21 		 9.408671
b10 		 22 		 9.408671
b10 		 23 		 9.408671
b10 		 24 		 9.408671
b10 		 25 		 9.408671
b10 		 26 		 9.408671
b10 		 27 		 9.408671
b10 		 28 		 9.408671
b10 		 29 		 9.614507
b10 		 30 		 9.614507
b10 		 31 		 9.614507
b10 		 32 		 9.614507
b10 		 33 		 9.614507
b10 		 34 		 9.614507
b10 		 35 		 9.614507
b10 		 36 		 9.614507
b10 		 37 		 9.614507
b10 		 38 		 9.614507
b10 		 39 		 9.614507
b10 		 40 		 9.614507
b10 		 41 		 9.614507
b10 		 42 		 9.614507
b10 		 43 		 9.614507
b10 		 44 		 9.614507
b10 		 45 		 9.614507
b10 		 46 		 11.022192
b10 		 47 		 11.022192
b10 		 48 		 11.022192
b10 		 49 		 11.022192
b10 		 50 		 11.022192
b10 		 51 		 11.862367
b10 		 52 		 11.022192
b10 		 53 		 10.824293
b10 		 54 		 10.824293
b10 		 55 		 10.824293
b10 		 56 		 10.824293
b10 		 57 		 11.022192
b10 		 58 		 10.824293
b10 		 59 		 10.824293
b10 		 60 		 10.824293
b10 		 61 		 11.022192
b10 		 62 		 10.824293
b10 		 63 		 10.824293
b10 		 64 		 11.022192
b10 		 65 		 11.022192
b10 		 66 		 11.022192
b10 		 67 		 11.022192
b10 		 68 		 10.824293
b10 		 69 		 14.996762
b10 		 70 		 11.862367
b10 		 71 		 14.798864
b10 		 72 		 14.798864
b10 		 73 		 11.022192
b10 		 74 		 11.862367
b10 		 75 		 11.862367
b10 		 76 		 11.862367
b10 		 77 		 11.022192
b10 		 78 		 11.022192
b10 		 79 		 11.022192
b10 		 80 		 11.022192
b10 		 81 		 11.022192
b10 		 82 		 11.022192
b10 		 83 		 11.022192
b10 		 84 		 11.862367
b10 		 85 		 9.614507
b10 		 86 		 9.614507
b10 		 87 		 9.614507
b10 		 88 		 9.614507
b10 		 89 		 9.614507
b10 		 90 		 9.614507
b10 		 91 		 9.614507
b10 		 92 		 9.614507
b10 		 93 		 9.614507
b10 		 94 		 9.614507
b10 		 95 		 9.614507
b10 		 96 		 9.614507
----------------------------------------------------------------------------------------------------
b11 		 1 		 9.614507
b11 		 2 		 9.614507
b11 		 3 		 9.614507
b11 		 4 		 9.614507
b11 		 5 		 9.408671
b11 		 6 		 9.408671
b11 		 7 		 9.408671
b11 		 8 		 9.408671
b11 		 9 		 9.408671
b11 		 10 		 9.408671
b11 		 11 		 9.408671
b11 		 12 		 9.408671
b11 		 13 		 9.408671
b11 		 14 		 9.408671
b11 		 15 		 9.408671
b11 		 16 		 9.408671
b11 		 17 		 9.408671
b11 		 18 		 9.408671
b11 		 19 		 9.408671
b11 		 20 		 9.408671
b11 		 21 		 9.408671
b11 		 22 		 9.408671
b11 		 23 		 9.408671
b11 		 24 		 9.408671
b11 		 25 		 9.408671
b11 		 26 		 9.408671
b11 		 27 		 9.408671
b11 		 28 		 9.408671
b11 		 29 		 9.614507
b11 		 30 		 9.614507
b11 		 31 		 9.614507
b11 		 32 		 9.614507
b11 		 33 		 9.614507
b11 		 34 		 9.614507
b11 		 35 		 9.614507
b11 		 36 		 9.614507
b11 		 37 		 9.614507
b11 		 38 		 9.614507
b11 		 39 		 9.614507
b11 		 40 		 9.614507
b11 		 41 		 9.614507
b11 		 42 		 9.614507
b11 		 43 		 9.614507
b11 		 44 		 9.614507
b11 		 45 		 9.614507
b11 		 46 		 11.022192
b11 		 47 		 11.022192
b11 		 48 		 11.022192
b11 		 49 		 11.022192
b11 		 50 		 11.022192
b11 		 51 		 11.862367
b11 		 52 		 11.022192
b11 		 53 		 10.824293
b11 		 54 		 10.824293
b11 		 55 		 10.824293
b11 		 56 		 10.824293
b11 		 57 		 11.022192
b11 		 58 		 10.824293
b11 		 59 		 10.824293
b11 		 60 		 10.824293
b11 		 61 		 11.022192
b11 		 62 		 10.824293
b11 		 63 		 10.824293
b11 		 64 		 11.022192
b11 		 65 		 11.022192
b11 		 66 		 11.022192
b11 		 67 		 11.022192
b11 		 68 		 10.824293
b11 		 69 		 14.996762
b11 		 70 		 11.862367
b11 		 71 		 14.798864
b11 		 72 		 14.798864
b11 		 73 		 11.022192
b11 		 74 		 11.862367
b11 		 75 		 11.862367
b11 		 76 		 11.862367
b11 		 77 		 11.022192
b11 		 78 		 11.022192
b11 		 79 		 11.022192
b11 		 80 		 11.022192
b11 		 81 		 11.022192
b11 		 82 		 11.022192
b11 		 83 		 11.022192
b11 		 84 		 11.862367
b11 		 85 		 9.614507
b11 		 86 		 9.614507
b11 		 87 		 9.614507
b11 		 88 		 9.614507
b11 		 89 		 9.614507
b11 		 90 		 9.614507
b11 		 91 		 9.614507
b11 		 92 		 9.614507
b11 		 93 		 9.614507
b11 		 94 		 9.614507
b11 		 95 		 9.614507
b11 		 96 		 9.614507
----------------------------------------------------------------------------------------------------
b12 		 1 		 9.614507
b12 		 2 		 9.614507
b12 		 3 		 9.614507
b12 		 4 		 9.614507
b12 		 5 		 9.408671
b12 		 6 		 9.408671
b12 		 7 		 9.408671
b12 		 8 		 9.408671
b12 		 9 		 9.408671
b12 		 10 		 9.408671
b12 		 11 		 9.408671
b12 		 12 		 9.408671
b12 		 13 		 9.408671
b12 		 14 		 9.408671
b12 		 15 		 9.408671
b12 		 16 		 9.408671
b12 		 17 		 9.408671
b12 		 18 		 9.408671
b12 		 19 		 9.408671
b12 		 20 		 9.408671
b12 		 21 		 9.408671
b12 		 22 		 9.408671
b12 		 23 		 9.408671
b12 		 24 		 9.408671
b12 		 25 		 9.408671
b12 		 26 		 9.408671
b12 		 27 		 9.408671
b12 		 28 		 9.408671
b12 		 29 		 9.614507
b12 		 30 		 9.614507
b12 		 31 		 9.614507
b12 		 32 		 9.614507
b12 		 33 		 9.614507
b12 		 34 		 9.614507
b12 		 35 		 9.614507
b12 		 36 		 9.614507
b12 		 37 		 9.614507
b12 		 38 		 9.614507
b12 		 39 		 9.614507
b12 		 40 		 9.614507
b12 		 41 		 9.614507
b12 		 42 		 9.614507
b12 		 43 		 9.614507
b12 		 44 		 9.614507
b12 		 45 		 9.614507
b12 		 46 		 11.022192
b12 		 47 		 11.022192
b12 		 48 		 11.022192
b12 		 49 		 11.022192
b12 		 50 		 11.022192
b12 		 51 		 11.862367
b12 		 52 		 11.022192
b12 		 53 		 10.824293
b12 		 54 		 10.824293
b12 		 55 		 10.824293
b12 		 56 		 10.824293
b12 		 57 		 11.022192
b12 		 58 		 10.824293
b12 		 59 		 10.824293
b12 		 60 		 10.824293
b12 		 61 		 11.022192
b12 		 62 		 10.824293
b12 		 63 		 10.824293
b12 		 64 		 11.022192
b12 		 65 		 11.022192
b12 		 66 		 11.022192
b12 		 67 		 11.022192
b12 		 68 		 10.824293
b12 		 69 		 14.996762
b12 		 70 		 11.862367
b12 		 71 		 14.798864
b12 		 72 		 14.798864
b12 		 73 		 11.022192
b12 		 74 		 11.862367
b12 		 75 		 11.862367
b12 		 76 		 11.862367
b12 		 77 		 11.022192
b12 		 78 		 11.022192
b12 		 79 		 11.022192
b12 		 80 		 11.022192
b12 		 81 		 11.022192
b12 		 82 		 11.022192
b12 		 83 		 11.022192
b12 		 84 		 11.862367
b12 		 85 		 9.614507
b12 		 86 		 9.614507
b12 		 87 		 9.614507
b12 		 88 		 9.614507
b12 		 89 		 9.614507
b12 		 90 		 9.614507
b12 		 91 		 9.614507
b12 		 92 		 9.614507
b12 		 93 		 9.614507
b12 		 94 		 9.614507
b12 		 95 		 9.614507
b12 		 96 		 9.614507
----------------------------------------------------------------------------------------------------
b13 		 1 		 9.614507
b13 		 2 		 9.614507
b13 		 3 		 9.614507
b13 		 4 		 9.614507
b13 		 5 		 9.408671
b13 		 6 		 9.408671
b13 		 7 		 9.408671
b13 		 8 		 9.408671
b13 		 9 		 9.408671
b13 		 10 		 9.408671
b13 		 11 		 9.408671
b13 		 12 		 9.408671
b13 		 13 		 9.408671
b13 		 14 		 9.408671
b13 		 15 		 9.408671
b13 		 16 		 9.408671
b13 		 17 		 9.408671
b13 		 18 		 9.408671
b13 		 19 		 9.408671
b13 		 20 		 9.408671
b13 		 21 		 9.408671
b13 		 22 		 9.408671
b13 		 23 		 9.408671
b13 		 24 		 9.408671
b13 		 25 		 9.408671
b13 		 26 		 9.408671
b13 		 27 		 9.408671
b13 		 28 		 9.408671
b13 		 29 		 9.614507
b13 		 30 		 9.614507
b13 		 31 		 9.614507
b13 		 32 		 9.614507
b13 		 33 		 9.614507
b13 		 34 		 9.614507
b13 		 35 		 9.614507
b13 		 36 		 9.614507
b13 		 37 		 9.614507
b13 		 38 		 9.614507
b13 		 39 		 9.614507
b13 		 40 		 9.614507
b13 		 41 		 9.614507
b13 		 42 		 9.614507
b13 		 43 		 9.614507
b13 		 44 		 9.614507
b13 		 45 		 9.614507
b13 		 46 		 11.022192
b13 		 47 		 11.022192
b13 		 48 		 11.022192
b13 		 49 		 11.022192
b13 		 50 		 11.022192
b13 		 51 		 11.862367
b13 		 52 		 11.022192
b13 		 53 		 10.824293
b13 		 54 		 10.824293
b13 		 55 		 10.824293
b13 		 56 		 10.824293
b13 		 57 		 11.022192
b13 		 58 		 10.824293
b13 		 59 		 10.824293
b13 		 60 		 10.824293
b13 		 61 		 11.022192
b13 		 62 		 10.824293
b13 		 63 		 10.824293
b13 		 64 		 11.022192
b13 		 65 		 11.022192
b13 		 66 		 11.022192
b13 		 67 		 11.022192
b13 		 68 		 10.824293
b13 		 69 		 14.996762
b13 		 70 		 11.862367
b13 		 71 		 14.798864
b13 		 72 		 14.798864
b13 		 73 		 11.022192
b13 		 74 		 11.862367
b13 		 75 		 11.862367
b13 		 76 		 11.862367
b13 		 77 		 11.022192
b13 		 78 		 11.022192
b13 		 79 		 11.022192
b13 		 80 		 11.022192
b13 		 81 		 11.022192
b13 		 82 		 11.022192
b13 		 83 		 11.022192
b13 		 84 		 11.862367
b13 		 85 		 9.614507
b13 		 86 		 9.614507
b13 		 87 		 9.614507
b13 		 88 		 9.614507
b13 		 89 		 9.614507
b13 		 90 		 9.614507
b13 		 91 		 9.614507
b13 		 92 		 9.614507
b13 		 93 		 9.614507
b13 		 94 		 9.614507
b13 		 95 		 9.614507
b13 		 96 		 9.614507
----------------------------------------------------------------------------------------------------
b14 		 1 		 9.614507
b14 		 2 		 9.614507
b14 		 3 		 9.614507
b14 		 4 		 9.614507
b14 		 5 		 9.408671
b14 		 6 		 9.408671
b14 		 7 		 9.408671
b14 		 8 		 9.408671
b14 		 9 		 9.408671
b14 		 10 		 9.408671
b14 		 11 		 9.408671
b14 		 12 		 9.408671
b14 		 13 		 9.408671
b14 		 14 		 9.408671
b14 		 15 		 9.408671
b14 		 16 		 9.408671
b14 		 17 		 9.408671
b14 		 18 		 9.408671
b14 		 19 		 9.408671
b14 		 20 		 9.408671
b14 		 21 		 9.408671
b14 		 22 		 9.408671
b14 		 23 		 9.408671
b14 		 24 		 9.408671
b14 		 25 		 9.408671
b14 		 26 		 9.408671
b14 		 27 		 9.408671
b14 		 28 		 9.408671
b14 		 29 		 9.614507
b14 		 30 		 9.614507
b14 		 31 		 9.614507
b14 		 32 		 9.614507
b14 		 33 		 9.614507
b14 		 34 		 9.614507
b14 		 35 		 9.614507
b14 		 36 		 9.614507
b14 		 37 		 9.614507
b14 		 38 		 9.614507
b14 		 39 		 9.614507
b14 		 40 		 9.614507
b14 		 41 		 9.614507
b14 		 42 		 9.614507
b14 		 43 		 9.614507
b14 		 44 		 9.614507
b14 		 45 		 9.614507
b14 		 46 		 11.022192
b14 		 47 		 11.022192
b14 		 48 		 11.022192
b14 		 49 		 11.022192
b14 		 50 		 11.022192
b14 		 51 		 11.862367
b14 		 52 		 11.022192
b14 		 53 		 10.824293
b14 		 54 		 10.824293
b14 		 55 		 10.824293
b14 		 56 		 10.824293
b14 		 57 		 11.022192
b14 		 58 		 10.824293
b14 		 59 		 10.824293
b14 		 60 		 10.824293
b14 		 61 		 11.022192
b14 		 62 		 10.824293
b14 		 63 		 10.824293
b14 		 64 		 11.022192
b14 		 65 		 11.022192
b14 		 66 		 11.022192
b14 		 67 		 11.022192
b14 		 68 		 10.824293
b14 		 69 		 14.996762
b14 		 70 		 11.862367
b14 		 71 		 14.798864
b14 		 72 		 14.798864
b14 		 73 		 11.022192
b14 		 74 		 11.862367
b14 		 75 		 11.862367
b14 		 76 		 11.862367
b14 		 77 		 11.022192
b14 		 78 		 11.022192
b14 		 79 		 11.022192
b14 		 80 		 11.022192
b14 		 81 		 11.022192
b14 		 82 		 11.022192
b14 		 83 		 11.022192
b14 		 84 		 11.862367
b14 		 85 		 9.614507
b14 		 86 		 9.614507
b14 		 87 		 9.614507
b14 		 88 		 9.614507
b14 		 89 		 9.614507
b14 		 90 		 9.614507
b14 		 91 		 9.614507
b14 		 92 		 9.614507
b14 		 93 		 9.614507
b14 		 94 		 9.614507
b14 		 95 		 9.614507
b14 		 96 		 9.614507
----------------------------------------------------------------------------------------------------
Total overall payments
----------------------------------------------------------------------------------------------------------------------------------------------------
total generation payment 	 total up-FRP payment 	 total dw-FRP payment 	 total pre-up t. payment 	 uplift payment 	 total post-up t. payment 	 profit
----------------------------------------------------------------------------------------------------------------------------------------------------
357491.294121 			 686.729709 			 0.0 			 358178.02383			 30494.245962 			 388672.26979200006 			 50211.80038200003
