****************************************************************************************************
 
Generation payment
----------------------------------------------------------------------------------------------------------------
unit	 time 	 generation payment 	 up-FRP payment 	 dw-FRP payment 	pre-up total payment
----------------------------------------------------------------------------------------------------------------
g1	 1 	 139.508852 			 0.0 			 0.0			 139.508852 
g1	 2 	 157.271067 			 0.0 			 0.0			 157.271067 
g1	 3 	 149.97732 			 0.0 			 0.0			 149.97732 
g1	 4 	 213.993524 			 0.0 			 0.0			 213.993524 
g1	 5 	 141.369384 			 0.0 			 0.0			 141.369384 
g1	 6 	 142.252002 			 0.0 			 0.0			 142.252002 
g1	 7 	 142.221254 			 0.0 			 0.0			 142.221254 
g1	 8 	 159.54704 			 0.0 			 0.0			 159.54704 
g1	 9 	 151.865697 			 0.0 			 0.0			 151.865697 
g1	 10 	 181.185515 			 0.0 			 0.0			 181.185515 
g1	 11 	 149.972795 			 0.0 			 0.0			 149.972795 
g1	 12 	 185.14841 			 0.0 			 0.0			 185.14841 
g1	 13 	 133.374752 			 0.0 			 0.0			 133.374752 
g1	 14 	 180.100639 			 0.0 			 0.0			 180.100639 
g1	 15 	 198.182562 			 0.0 			 0.0			 198.182562 
g1	 16 	 119.382985 			 0.0 			 0.0			 119.382985 
g1	 17 	 148.254979 			 0.0 			 0.0			 148.254979 
g1	 18 	 157.657327 			 0.0 			 0.0			 157.657327 
g1	 19 	 170.134128 			 0.0 			 0.0			 170.134128 
g1	 20 	 127.279146 			 0.0 			 0.0			 127.279146 
g1	 21 	 140.903231 			 0.0 			 0.0			 140.903231 
g1	 22 	 145.783801 			 0.0 			 0.0			 145.783801 
g1	 23 	 191.989125 			 0.0 			 0.0			 191.989125 
g1	 24 	 157.734619 			 0.0 			 0.0			 157.734619 
g1	 25 	 158.553287 			 0.0 			 0.0			 158.553287 
g1	 26 	 163.934303 			 0.0 			 0.0			 163.934303 
g1	 27 	 152.286622 			 0.0 			 0.0			 152.286622 
g1	 28 	 187.79537 			 0.0 			 0.0			 187.79537 
g1	 29 	 173.345206 			 0.0 			 0.0			 173.345206 
g1	 30 	 130.904051 			 0.0 			 0.0			 130.904051 
g1	 31 	 91.671988 			 0.0 			 0.0			 91.671988 
g1	 32 	 157.248079 			 0.0 			 0.0			 157.248079 
g1	 33 	 188.514619 			 0.0 			 0.0			 188.514619 
g1	 34 	 159.046655 			 0.0 			 0.0			 159.046655 
g1	 35 	 153.706662 			 0.0 			 0.0			 153.706662 
g1	 36 	 144.473293 			 0.0 			 0.0			 144.473293 
g1	 37 	 148.389118 			 0.0 			 0.0			 148.389118 
g1	 38 	 182.923918 			 0.0 			 0.0			 182.923918 
g1	 39 	 222.192247 			 0.0 			 0.0			 222.192247 
g1	 40 	 136.274474 			 0.0 			 0.0			 136.274474 
g1	 41 	 197.803387 			 0.0 			 0.0			 197.803387 
g1	 42 	 142.767555 			 0.0 			 0.0			 142.767555 
g1	 43 	 143.379412 			 0.0 			 0.0			 143.379412 
g1	 44 	 147.810537 			 0.0 			 0.0			 147.810537 
g1	 45 	 117.985019 			 0.0 			 0.0			 117.985019 
g1	 46 	 186.287169 			 0.0 			 0.0			 186.287169 
g1	 47 	 141.664338 			 0.0 			 0.0			 141.664338 
g1	 48 	 132.050408 			 0.0 			 0.0			 132.050408 
g1	 49 	 200.487051 			 0.0 			 0.0			 200.487051 
g1	 50 	 186.287169 			 0.0 			 0.0			 186.287169 
g1	 51 	 186.287169 			 0.0 			 0.0			 186.287169 
g1	 52 	 189.63188 			 0.0 			 0.0			 189.63188 
g1	 53 	 182.942458 			 0.0 			 0.0			 182.942458 
g1	 54 	 182.942458 			 0.0 			 0.0			 182.942458 
g1	 55 	 182.942458 			 0.0 			 0.0			 182.942458 
g1	 56 	 182.942458 			 0.0 			 0.0			 182.942458 
g1	 57 	 182.942458 			 0.0 			 0.0			 182.942458 
g1	 58 	 182.942458 			 0.0 			 0.0			 182.942458 
g1	 59 	 182.942458 			 0.0 			 0.0			 182.942458 
g1	 60 	 182.942458 			 0.0 			 0.0			 182.942458 
g1	 61 	 182.942458 			 0.0 			 0.0			 182.942458 
g1	 62 	 186.287169 			 0.0 			 0.0			 186.287169 
g1	 63 	 182.942458 			 0.0 			 0.0			 182.942458 
g1	 64 	 186.287169 			 0.0 			 0.0			 186.287169 
g1	 65 	 186.287169 			 0.0 			 0.0			 186.287169 
g1	 66 	 186.287169 			 0.0 			 0.0			 186.287169 
g1	 67 	 186.287169 			 0.0 			 0.0			 186.287169 
g1	 68 	 182.942458 			 0.0 			 0.0			 182.942458 
g1	 69 	 253.461774 			 0.0 			 0.0			 253.461774 
g1	 70 	 250.11708 			 0.0 			 0.0			 250.11708 
g1	 71 	 250.11708 			 0.0 			 0.0			 250.11708 
g1	 72 	 250.11708 			 0.0 			 0.0			 250.11708 
g1	 73 	 200.487051 			 0.0 			 0.0			 200.487051 
g1	 74 	 200.487051 			 0.0 			 0.0			 200.487051 
g1	 75 	 200.487051 			 0.0 			 0.0			 200.487051 
g1	 76 	 200.487051 			 0.0 			 0.0			 200.487051 
g1	 77 	 186.287169 			 0.0 			 0.0			 186.287169 
g1	 78 	 200.487051 			 0.0 			 0.0			 200.487051 
g1	 79 	 200.487051 			 0.0 			 0.0			 200.487051 
g1	 80 	 186.287169 			 0.0 			 0.0			 186.287169 
g1	 81 	 186.287169 			 0.0 			 0.0			 186.287169 
g1	 82 	 186.287169 			 0.0 			 0.0			 186.287169 
g1	 83 	 186.287169 			 0.0 			 0.0			 186.287169 
g1	 84 	 200.487051 			 0.0 			 0.0			 200.487051 
g1	 85 	 126.375436 			 0.0 			 0.0			 126.375436 
g1	 86 	 141.12657 			 0.0 			 0.0			 141.12657 
g1	 87 	 170.813004 			 0.0 			 0.0			 170.813004 
g1	 88 	 160.532558 			 0.0 			 0.0			 160.532558 
g1	 89 	 486.90694 			 0.0 			 0.0			 486.90694 
g1	 90 	 449.324832 			 0.0 			 0.0			 449.324832 
g1	 91 	 437.224177 			 0.0 			 0.0			 437.224177 
g1	 92 	 467.552812 			 0.0 			 0.0			 467.552812 
g1	 93 	 166.424318 			 0.0 			 0.0			 166.424318 
g1	 94 	 189.843575 			 0.0 			 0.0			 189.843575 
g1	 95 	 196.148269 			 0.0 			 0.0			 196.148269 
g1	 96 	 190.64704 			 0.0 			 0.0			 190.64704 
----------------------------------------------------------------------------------------------------
g2	 1 	 0.0 			 0.0 			 0.0			 0.0 
g2	 2 	 0.0 			 0.0 			 0.0			 0.0 
g2	 3 	 0.0 			 0.0 			 0.0			 0.0 
g2	 4 	 0.0 			 0.0 			 0.0			 0.0 
g2	 5 	 0.0 			 0.0 			 0.0			 0.0 
g2	 6 	 0.0 			 0.0 			 0.0			 0.0 
g2	 7 	 0.0 			 0.0 			 0.0			 0.0 
g2	 8 	 0.0 			 0.0 			 0.0			 0.0 
g2	 9 	 0.0 			 0.0 			 0.0			 0.0 
g2	 10 	 0.0 			 0.0 			 0.0			 0.0 
g2	 11 	 0.0 			 0.0 			 0.0			 0.0 
g2	 12 	 0.0 			 0.0 			 0.0			 0.0 
g2	 13 	 0.0 			 0.0 			 0.0			 0.0 
g2	 14 	 0.0 			 0.0 			 0.0			 0.0 
g2	 15 	 0.0 			 0.0 			 0.0			 0.0 
g2	 16 	 0.0 			 0.0 			 0.0			 0.0 
g2	 17 	 0.0 			 0.0 			 0.0			 0.0 
g2	 18 	 0.0 			 0.0 			 0.0			 0.0 
g2	 19 	 0.0 			 0.0 			 0.0			 0.0 
g2	 20 	 0.0 			 0.0 			 0.0			 0.0 
g2	 21 	 0.0 			 0.0 			 0.0			 0.0 
g2	 22 	 0.0 			 0.0 			 0.0			 0.0 
g2	 23 	 0.0 			 0.0 			 0.0			 0.0 
g2	 24 	 0.0 			 0.0 			 0.0			 0.0 
g2	 25 	 0.0 			 0.0 			 0.0			 0.0 
g2	 26 	 0.0 			 0.0 			 0.0			 0.0 
g2	 27 	 0.0 			 0.0 			 0.0			 0.0 
g2	 28 	 0.0 			 0.0 			 0.0			 0.0 
g2	 29 	 0.0 			 0.0 			 0.0			 0.0 
g2	 30 	 0.0 			 0.0 			 0.0			 0.0 
g2	 31 	 0.0 			 0.0 			 0.0			 0.0 
g2	 32 	 0.0 			 0.0 			 0.0			 0.0 
g2	 33 	 0.0 			 0.0 			 0.0			 0.0 
g2	 34 	 0.0 			 0.0 			 0.0			 0.0 
g2	 35 	 0.0 			 0.0 			 0.0			 0.0 
g2	 36 	 0.0 			 0.0 			 0.0			 0.0 
g2	 37 	 0.0 			 0.0 			 0.0			 0.0 
g2	 38 	 0.0 			 0.0 			 0.0			 0.0 
g2	 39 	 0.0 			 0.0 			 0.0			 0.0 
g2	 40 	 0.0 			 0.0 			 0.0			 0.0 
g2	 41 	 0.0 			 0.0 			 0.0			 0.0 
g2	 42 	 0.0 			 0.0 			 0.0			 0.0 
g2	 43 	 0.0 			 0.0 			 0.0			 0.0 
g2	 44 	 0.0 			 0.0 			 0.0			 0.0 
g2	 45 	 0.0 			 0.0 			 0.0			 0.0 
g2	 46 	 0.0 			 0.0 			 0.0			 0.0 
g2	 47 	 0.0 			 0.0 			 0.0			 0.0 
g2	 48 	 0.0 			 0.0 			 0.0			 0.0 
g2	 49 	 0.0 			 0.0 			 0.0			 0.0 
g2	 50 	 0.0 			 0.0 			 0.0			 0.0 
g2	 51 	 0.0 			 0.0 			 0.0			 0.0 
g2	 52 	 0.0 			 0.0 			 0.0			 0.0 
g2	 53 	 0.0 			 0.0 			 0.0			 0.0 
g2	 54 	 0.0 			 0.0 			 0.0			 0.0 
g2	 55 	 0.0 			 0.0 			 0.0			 0.0 
g2	 56 	 0.0 			 0.0 			 0.0			 0.0 
g2	 57 	 0.0 			 0.0 			 0.0			 0.0 
g2	 58 	 0.0 			 0.0 			 0.0			 0.0 
g2	 59 	 0.0 			 0.0 			 0.0			 0.0 
g2	 60 	 0.0 			 0.0 			 0.0			 0.0 
g2	 61 	 0.0 			 0.0 			 0.0			 0.0 
g2	 62 	 0.0 			 0.0 			 0.0			 0.0 
g2	 63 	 0.0 			 0.0 			 0.0			 0.0 
g2	 64 	 0.0 			 0.0 			 0.0			 0.0 
g2	 65 	 0.0 			 0.0 			 0.0			 0.0 
g2	 66 	 0.0 			 0.0 			 0.0			 0.0 
g2	 67 	 0.0 			 0.0 			 0.0			 0.0 
g2	 68 	 0.0 			 0.0 			 0.0			 0.0 
g2	 69 	 0.0 			 0.0 			 0.0			 0.0 
g2	 70 	 0.0 			 0.0 			 0.0			 0.0 
g2	 71 	 0.0 			 0.0 			 0.0			 0.0 
g2	 72 	 0.0 			 0.0 			 0.0			 0.0 
g2	 73 	 0.0 			 0.0 			 0.0			 0.0 
g2	 74 	 0.0 			 0.0 			 0.0			 0.0 
g2	 75 	 0.0 			 0.0 			 0.0			 0.0 
g2	 76 	 0.0 			 0.0 			 0.0			 0.0 
g2	 77 	 0.0 			 0.0 			 0.0			 0.0 
g2	 78 	 0.0 			 0.0 			 0.0			 0.0 
g2	 79 	 0.0 			 0.0 			 0.0			 0.0 
g2	 80 	 0.0 			 0.0 			 0.0			 0.0 
g2	 81 	 0.0 			 0.0 			 0.0			 0.0 
g2	 82 	 0.0 			 0.0 			 0.0			 0.0 
g2	 83 	 0.0 			 0.0 			 0.0			 0.0 
g2	 84 	 0.0 			 0.0 			 0.0			 0.0 
g2	 85 	 0.0 			 0.0 			 0.0			 0.0 
g2	 86 	 0.0 			 0.0 			 0.0			 0.0 
g2	 87 	 0.0 			 0.0 			 0.0			 0.0 
g2	 88 	 0.0 			 0.0 			 0.0			 0.0 
g2	 89 	 0.0 			 0.0 			 0.0			 0.0 
g2	 90 	 0.0 			 0.0 			 0.0			 0.0 
g2	 91 	 0.0 			 0.0 			 0.0			 0.0 
g2	 92 	 0.0 			 0.0 			 0.0			 0.0 
g2	 93 	 0.0 			 0.0 			 0.0			 0.0 
g2	 94 	 0.0 			 0.0 			 0.0			 0.0 
g2	 95 	 0.0 			 0.0 			 0.0			 0.0 
g2	 96 	 0.0 			 0.0 			 0.0			 0.0 
----------------------------------------------------------------------------------------------------
g3	 1 	 0.0 			 0.0 			 0.0			 0.0 
g3	 2 	 0.0 			 0.0 			 0.0			 0.0 
g3	 3 	 0.0 			 0.0 			 0.0			 0.0 
g3	 4 	 0.0 			 0.0 			 0.0			 0.0 
g3	 5 	 0.0 			 0.0 			 0.0			 0.0 
g3	 6 	 0.0 			 0.0 			 0.0			 0.0 
g3	 7 	 0.0 			 0.0 			 0.0			 0.0 
g3	 8 	 0.0 			 0.0 			 0.0			 0.0 
g3	 9 	 0.0 			 0.0 			 0.0			 0.0 
g3	 10 	 0.0 			 0.0 			 0.0			 0.0 
g3	 11 	 0.0 			 0.0 			 0.0			 0.0 
g3	 12 	 0.0 			 0.0 			 0.0			 0.0 
g3	 13 	 0.0 			 0.0 			 0.0			 0.0 
g3	 14 	 0.0 			 0.0 			 0.0			 0.0 
g3	 15 	 0.0 			 0.0 			 0.0			 0.0 
g3	 16 	 0.0 			 0.0 			 0.0			 0.0 
g3	 17 	 0.0 			 0.0 			 0.0			 0.0 
g3	 18 	 0.0 			 0.0 			 0.0			 0.0 
g3	 19 	 0.0 			 0.0 			 0.0			 0.0 
g3	 20 	 0.0 			 0.0 			 0.0			 0.0 
g3	 21 	 0.0 			 0.0 			 0.0			 0.0 
g3	 22 	 0.0 			 0.0 			 0.0			 0.0 
g3	 23 	 0.0 			 0.0 			 0.0			 0.0 
g3	 24 	 0.0 			 0.0 			 0.0			 0.0 
g3	 25 	 0.0 			 0.0 			 0.0			 0.0 
g3	 26 	 0.0 			 0.0 			 0.0			 0.0 
g3	 27 	 0.0 			 0.0 			 0.0			 0.0 
g3	 28 	 0.0 			 0.0 			 0.0			 0.0 
g3	 29 	 0.0 			 0.0 			 0.0			 0.0 
g3	 30 	 0.0 			 0.0 			 0.0			 0.0 
g3	 31 	 0.0 			 0.0 			 0.0			 0.0 
g3	 32 	 0.0 			 0.0 			 0.0			 0.0 
g3	 33 	 15.56631 			 0.0 			 0.0			 15.56631 
g3	 34 	 15.56631 			 0.0 			 0.0			 15.56631 
g3	 35 	 15.56631 			 0.0 			 0.0			 15.56631 
g3	 36 	 15.56631 			 0.0 			 0.0			 15.56631 
g3	 37 	 15.56631 			 0.0 			 0.0			 15.56631 
g3	 38 	 15.56631 			 0.0 			 0.0			 15.56631 
g3	 39 	 15.56631 			 0.0 			 0.0			 15.56631 
g3	 40 	 15.56631 			 0.0 			 0.0			 15.56631 
g3	 41 	 15.56631 			 0.0 			 0.0			 15.56631 
g3	 42 	 15.56631 			 0.0 			 0.0			 15.56631 
g3	 43 	 15.56631 			 0.0 			 0.0			 15.56631 
g3	 44 	 15.56631 			 0.0 			 0.0			 15.56631 
g3	 45 	 15.56631 			 0.0 			 0.0			 15.56631 
g3	 46 	 17.845414 			 0.0 			 0.0			 17.845414 
g3	 47 	 15.56631 			 0.0 			 0.0			 15.56631 
g3	 48 	 15.56631 			 0.0 			 0.0			 15.56631 
g3	 49 	 109.707986 			 0.0 			 0.0			 109.707986 
g3	 50 	 17.845414 			 0.0 			 0.0			 17.845414 
g3	 51 	 17.845414 			 0.0 			 0.0			 17.845414 
g3	 52 	 18.165821 			 0.0 			 0.0			 18.165821 
g3	 53 	 17.525007 			 0.0 			 0.0			 17.525007 
g3	 54 	 17.525007 			 0.0 			 0.0			 17.525007 
g3	 55 	 17.525007 			 0.0 			 0.0			 17.525007 
g3	 56 	 17.525007 			 0.0 			 0.0			 17.525007 
g3	 57 	 17.525007 			 0.0 			 0.0			 17.525007 
g3	 58 	 17.525007 			 0.0 			 0.0			 17.525007 
g3	 59 	 17.525007 			 0.0 			 0.0			 17.525007 
g3	 60 	 17.525007 			 0.0 			 0.0			 17.525007 
g3	 61 	 17.525007 			 0.0 			 0.0			 17.525007 
g3	 62 	 17.845414 			 0.0 			 0.0			 17.845414 
g3	 63 	 17.525007 			 0.0 			 0.0			 17.525007 
g3	 64 	 17.845414 			 0.0 			 0.0			 17.845414 
g3	 65 	 17.845414 			 0.0 			 0.0			 17.845414 
g3	 66 	 17.845414 			 0.0 			 0.0			 17.845414 
g3	 67 	 17.845414 			 0.0 			 0.0			 17.845414 
g3	 68 	 80.306804 			 0.0 			 0.0			 80.306804 
g3	 69 	 24.280418 			 0.0 			 0.0			 24.280418 
g3	 70 	 23.960012 			 0.0 			 0.0			 23.960012 
g3	 71 	 23.960012 			 0.0 			 0.0			 23.960012 
g3	 72 	 23.960012 			 0.0 			 0.0			 23.960012 
g3	 73 	 1.113829 			 0.0 			 0.0			 1.113829 
g3	 74 	 -59.667991 			 0.0 			 0.0			 -59.667991 
g3	 75 	 -40.66251 			 0.0 			 0.0			 -40.66251 
g3	 76 	 54.960161 			 0.0 			 0.0			 54.960161 
g3	 77 	 17.845414 			 0.0 			 0.0			 17.845414 
g3	 78 	 40.301301 			 0.0 			 0.0			 40.301301 
g3	 79 	 33.27891 			 0.0 			 0.0			 33.27891 
g3	 80 	 17.845414 			 0.0 			 0.0			 17.845414 
g3	 81 	 17.845414 			 0.0 			 0.0			 17.845414 
g3	 82 	 17.845414 			 0.0 			 0.0			 17.845414 
g3	 83 	 17.845414 			 0.0 			 0.0			 17.845414 
g3	 84 	 29.200498 			 0.0 			 0.0			 29.200498 
g3	 85 	 15.56631 			 0.0 			 0.0			 15.56631 
g3	 86 	 15.56631 			 0.0 			 0.0			 15.56631 
g3	 87 	 15.56631 			 0.0 			 0.0			 15.56631 
g3	 88 	 15.56631 			 0.0 			 0.0			 15.56631 
g3	 89 	 -91.425059 			 0.0 			 0.0			 -91.425059 
g3	 90 	 -91.425059 			 0.0 			 0.0			 -91.425059 
g3	 91 	 -91.425059 			 0.0 			 0.0			 -91.425059 
g3	 92 	 -91.425059 			 0.0 			 0.0			 -91.425059 
g3	 93 	 0.0 			 0.0 			 0.0			 0.0 
g3	 94 	 0.0 			 0.0 			 0.0			 0.0 
g3	 95 	 0.0 			 0.0 			 0.0			 0.0 
g3	 96 	 0.0 			 0.0 			 0.0			 0.0 
----------------------------------------------------------------------------------------------------
g4	 1 	 0.0 			 0.0 			 0.0			 0.0 
g4	 2 	 0.0 			 0.0 			 0.0			 0.0 
g4	 3 	 0.0 			 0.0 			 0.0			 0.0 
g4	 4 	 0.0 			 0.0 			 0.0			 0.0 
g4	 5 	 0.0 			 0.0 			 0.0			 0.0 
g4	 6 	 0.0 			 0.0 			 0.0			 0.0 
g4	 7 	 0.0 			 0.0 			 0.0			 0.0 
g4	 8 	 0.0 			 0.0 			 0.0			 0.0 
g4	 9 	 0.0 			 0.0 			 0.0			 0.0 
g4	 10 	 0.0 			 0.0 			 0.0			 0.0 
g4	 11 	 0.0 			 0.0 			 0.0			 0.0 
g4	 12 	 0.0 			 0.0 			 0.0			 0.0 
g4	 13 	 0.0 			 0.0 			 0.0			 0.0 
g4	 14 	 0.0 			 0.0 			 0.0			 0.0 
g4	 15 	 0.0 			 0.0 			 0.0			 0.0 
g4	 16 	 0.0 			 0.0 			 0.0			 0.0 
g4	 17 	 0.0 			 0.0 			 0.0			 0.0 
g4	 18 	 0.0 			 0.0 			 0.0			 0.0 
g4	 19 	 0.0 			 0.0 			 0.0			 0.0 
g4	 20 	 0.0 			 0.0 			 0.0			 0.0 
g4	 21 	 0.0 			 0.0 			 0.0			 0.0 
g4	 22 	 0.0 			 0.0 			 0.0			 0.0 
g4	 23 	 0.0 			 0.0 			 0.0			 0.0 
g4	 24 	 0.0 			 0.0 			 0.0			 0.0 
g4	 25 	 0.0 			 0.0 			 0.0			 0.0 
g4	 26 	 0.0 			 0.0 			 0.0			 0.0 
g4	 27 	 0.0 			 0.0 			 0.0			 0.0 
g4	 28 	 0.0 			 0.0 			 0.0			 0.0 
g4	 29 	 0.0 			 0.0 			 0.0			 0.0 
g4	 30 	 0.0 			 0.0 			 0.0			 0.0 
g4	 31 	 0.0 			 0.0 			 0.0			 0.0 
g4	 32 	 0.0 			 0.0 			 0.0			 0.0 
g4	 33 	 0.0 			 0.0 			 0.0			 0.0 
g4	 34 	 0.0 			 0.0 			 0.0			 0.0 
g4	 35 	 0.0 			 0.0 			 0.0			 0.0 
g4	 36 	 0.0 			 0.0 			 0.0			 0.0 
g4	 37 	 0.0 			 0.0 			 0.0			 0.0 
g4	 38 	 0.0 			 0.0 			 0.0			 0.0 
g4	 39 	 0.0 			 0.0 			 0.0			 0.0 
g4	 40 	 0.0 			 0.0 			 0.0			 0.0 
g4	 41 	 0.0 			 0.0 			 0.0			 0.0 
g4	 42 	 0.0 			 0.0 			 0.0			 0.0 
g4	 43 	 0.0 			 0.0 			 0.0			 0.0 
g4	 44 	 0.0 			 0.0 			 0.0			 0.0 
g4	 45 	 0.0 			 0.0 			 0.0			 0.0 
g4	 46 	 0.0 			 0.0 			 0.0			 0.0 
g4	 47 	 0.0 			 0.0 			 0.0			 0.0 
g4	 48 	 0.0 			 0.0 			 0.0			 0.0 
g4	 49 	 0.0 			 0.0 			 0.0			 0.0 
g4	 50 	 0.0 			 0.0 			 0.0			 0.0 
g4	 51 	 0.0 			 0.0 			 0.0			 0.0 
g4	 52 	 0.0 			 0.0 			 0.0			 0.0 
g4	 53 	 -36.710601 			 0.0 			 0.0			 -36.710601 
g4	 54 	 37.891542 			 0.0 			 0.0			 37.891542 
g4	 55 	 -1.142071 			 0.0 			 0.0			 -1.142071 
g4	 56 	 62.102032 			 0.0 			 0.0			 62.102032 
g4	 57 	 39.623201 			 0.0 			 0.0			 39.623201 
g4	 58 	 -93.438252 			 0.0 			 0.0			 -93.438252 
g4	 59 	 40.107134 			 0.0 			 0.0			 40.107134 
g4	 60 	 -8.130094 			 0.0 			 0.0			 -8.130094 
g4	 61 	 -16.453163 			 0.0 			 0.0			 -16.453163 
g4	 62 	 16.162876 			 0.0 			 0.0			 16.162876 
g4	 63 	 -67.164922 			 0.0 			 0.0			 -67.164922 
g4	 64 	 16.162876 			 0.0 			 0.0			 16.162876 
g4	 65 	 9.91132 			 0.0 			 0.0			 9.91132 
g4	 66 	 9.91132 			 0.0 			 0.0			 9.91132 
g4	 67 	 9.91132 			 0.0 			 0.0			 9.91132 
g4	 68 	 -131.067792 			 0.0 			 0.0			 -131.067792 
g4	 69 	 0.0 			 0.0 			 0.0			 0.0 
g4	 70 	 0.0 			 0.0 			 0.0			 0.0 
g4	 71 	 0.0 			 0.0 			 0.0			 0.0 
g4	 72 	 0.0 			 0.0 			 0.0			 0.0 
g4	 73 	 0.0 			 0.0 			 0.0			 0.0 
g4	 74 	 0.0 			 0.0 			 0.0			 0.0 
g4	 75 	 0.0 			 0.0 			 0.0			 0.0 
g4	 76 	 0.0 			 0.0 			 0.0			 0.0 
g4	 77 	 0.0 			 0.0 			 0.0			 0.0 
g4	 78 	 0.0 			 0.0 			 0.0			 0.0 
g4	 79 	 0.0 			 0.0 			 0.0			 0.0 
g4	 80 	 0.0 			 0.0 			 0.0			 0.0 
g4	 81 	 0.0 			 0.0 			 0.0			 0.0 
g4	 82 	 0.0 			 0.0 			 0.0			 0.0 
g4	 83 	 0.0 			 0.0 			 0.0			 0.0 
g4	 84 	 0.0 			 0.0 			 0.0			 0.0 
g4	 85 	 0.0 			 0.0 			 0.0			 0.0 
g4	 86 	 0.0 			 0.0 			 0.0			 0.0 
g4	 87 	 0.0 			 0.0 			 0.0			 0.0 
g4	 88 	 0.0 			 0.0 			 0.0			 0.0 
g4	 89 	 0.0 			 0.0 			 0.0			 0.0 
g4	 90 	 0.0 			 0.0 			 0.0			 0.0 
g4	 91 	 0.0 			 0.0 			 0.0			 0.0 
g4	 92 	 0.0 			 0.0 			 0.0			 0.0 
g4	 93 	 0.0 			 0.0 			 0.0			 0.0 
g4	 94 	 0.0 			 0.0 			 0.0			 0.0 
g4	 95 	 0.0 			 0.0 			 0.0			 0.0 
g4	 96 	 0.0 			 0.0 			 0.0			 0.0 
----------------------------------------------------------------------------------------------------
g5	 1 	 0.0 			 0.0 			 0.0			 0.0 
g5	 2 	 0.0 			 0.0 			 0.0			 0.0 
g5	 3 	 0.0 			 0.0 			 0.0			 0.0 
g5	 4 	 0.0 			 0.0 			 0.0			 0.0 
g5	 5 	 21.893178 			 0.0 			 0.0			 21.893178 
g5	 6 	 21.893178 			 0.0 			 0.0			 21.893178 
g5	 7 	 21.893178 			 0.0 			 0.0			 21.893178 
g5	 8 	 21.893178 			 0.0 			 0.0			 21.893178 
g5	 9 	 21.893178 			 0.0 			 0.0			 21.893178 
g5	 10 	 21.893178 			 0.0 			 0.0			 21.893178 
g5	 11 	 21.893178 			 0.0 			 0.0			 21.893178 
g5	 12 	 21.893178 			 0.0 			 0.0			 21.893178 
g5	 13 	 21.893178 			 0.0 			 0.0			 21.893178 
g5	 14 	 21.893178 			 0.0 			 0.0			 21.893178 
g5	 15 	 21.893178 			 0.0 			 0.0			 21.893178 
g5	 16 	 21.893178 			 0.0 			 0.0			 21.893178 
g5	 17 	 21.893178 			 0.0 			 0.0			 21.893178 
g5	 18 	 21.893178 			 0.0 			 0.0			 21.893178 
g5	 19 	 21.893178 			 0.0 			 0.0			 21.893178 
g5	 20 	 21.893178 			 0.0 			 0.0			 21.893178 
g5	 21 	 21.893178 			 0.0 			 0.0			 21.893178 
g5	 22 	 21.893178 			 0.0 			 0.0			 21.893178 
g5	 23 	 21.893178 			 0.0 			 0.0			 21.893178 
g5	 24 	 21.893178 			 0.0 			 0.0			 21.893178 
g5	 25 	 21.893178 			 0.0 			 0.0			 21.893178 
g5	 26 	 21.893178 			 0.0 			 0.0			 21.893178 
g5	 27 	 21.893178 			 0.0 			 0.0			 21.893178 
g5	 28 	 21.893178 			 0.0 			 0.0			 21.893178 
g5	 29 	 22.372141 			 0.0 			 0.0			 22.372141 
g5	 30 	 22.372141 			 0.0 			 0.0			 22.372141 
g5	 31 	 22.372141 			 0.0 			 0.0			 22.372141 
g5	 32 	 22.372141 			 0.0 			 0.0			 22.372141 
g5	 33 	 22.372141 			 0.0 			 0.0			 22.372141 
g5	 34 	 22.372141 			 0.0 			 0.0			 22.372141 
g5	 35 	 22.372141 			 0.0 			 0.0			 22.372141 
g5	 36 	 22.372141 			 0.0 			 0.0			 22.372141 
g5	 37 	 22.372141 			 0.0 			 0.0			 22.372141 
g5	 38 	 22.372141 			 0.0 			 0.0			 22.372141 
g5	 39 	 22.372141 			 0.0 			 0.0			 22.372141 
g5	 40 	 22.372141 			 0.0 			 0.0			 22.372141 
g5	 41 	 22.372141 			 0.0 			 0.0			 22.372141 
g5	 42 	 22.372141 			 0.0 			 0.0			 22.372141 
g5	 43 	 22.372141 			 0.0 			 0.0			 22.372141 
g5	 44 	 22.372141 			 0.0 			 0.0			 22.372141 
g5	 45 	 20.182379 			 0.0 			 0.0			 20.182379 
g5	 46 	 37.428785 			 0.0 			 0.0			 37.428785 
g5	 47 	 20.182379 			 0.0 			 0.0			 20.182379 
g5	 48 	 20.182379 			 0.0 			 0.0			 20.182379 
g5	 49 	 -0.465135 			 0.0 			 0.0			 -0.465135 
g5	 50 	 -111.153604 			 0.0 			 0.0			 -111.153604 
g5	 51 	 40.911897 			 0.0 			 0.0			 40.911897 
g5	 52 	 58.607023 			 0.0 			 0.0			 58.607023 
g5	 53 	 82.151253 			 0.0 			 0.0			 82.151253 
g5	 54 	 25.18721 			 0.0 			 0.0			 25.18721 
g5	 55 	 25.18721 			 0.0 			 0.0			 25.18721 
g5	 56 	 25.18721 			 0.0 			 0.0			 25.18721 
g5	 57 	 25.18721 			 0.0 			 0.0			 25.18721 
g5	 58 	 25.18721 			 0.0 			 0.0			 25.18721 
g5	 59 	 25.18721 			 0.0 			 0.0			 25.18721 
g5	 60 	 25.18721 			 0.0 			 0.0			 25.18721 
g5	 61 	 25.18721 			 0.0 			 0.0			 25.18721 
g5	 62 	 53.659018 			 0.0 			 0.0			 53.659018 
g5	 63 	 25.18721 			 0.0 			 0.0			 25.18721 
g5	 64 	 105.220832 			 0.0 			 0.0			 105.220832 
g5	 65 	 76.220431 			 0.0 			 0.0			 76.220431 
g5	 66 	 -6.311715 			 0.0 			 0.0			 -6.311715 
g5	 67 	 -8.749791 			 0.0 			 0.0			 -8.749791 
g5	 68 	 96.36683 			 0.0 			 0.0			 96.36683 
g5	 69 	 40.395833 			 0.0 			 0.0			 40.395833 
g5	 70 	 40.352891 			 0.0 			 0.0			 40.352891 
g5	 71 	 2.63257 			 0.0 			 0.0			 2.63257 
g5	 72 	 39.482659 			 0.0 			 0.0			 39.482659 
g5	 73 	 27.60272 			 0.0 			 0.0			 27.60272 
g5	 74 	 27.60272 			 0.0 			 0.0			 27.60272 
g5	 75 	 27.60272 			 0.0 			 0.0			 27.60272 
g5	 76 	 27.60272 			 0.0 			 0.0			 27.60272 
g5	 77 	 30.180305 			 0.0 			 0.0			 30.180305 
g5	 78 	 38.713191 			 0.0 			 0.0			 38.713191 
g5	 79 	 38.713191 			 0.0 			 0.0			 38.713191 
g5	 80 	 20.84593 			 0.0 			 0.0			 20.84593 
g5	 81 	 77.09395 			 0.0 			 0.0			 77.09395 
g5	 82 	 -13.510606 			 0.0 			 0.0			 -13.510606 
g5	 83 	 -9.937366 			 0.0 			 0.0			 -9.937366 
g5	 84 	 22.681901 			 0.0 			 0.0			 22.681901 
g5	 85 	 22.372141 			 0.0 			 0.0			 22.372141 
g5	 86 	 22.372141 			 0.0 			 0.0			 22.372141 
g5	 87 	 22.372141 			 0.0 			 0.0			 22.372141 
g5	 88 	 22.372141 			 0.0 			 0.0			 22.372141 
g5	 89 	 -177.558658 			 0.0 			 0.0			 -177.558658 
g5	 90 	 -177.558658 			 0.0 			 0.0			 -177.558658 
g5	 91 	 -177.558658 			 0.0 			 0.0			 -177.558658 
g5	 92 	 -177.558658 			 0.0 			 0.0			 -177.558658 
g5	 93 	 0.0 			 0.0 			 0.0			 0.0 
g5	 94 	 0.0 			 0.0 			 0.0			 0.0 
g5	 95 	 0.0 			 0.0 			 0.0			 0.0 
g5	 96 	 0.0 			 0.0 			 0.0			 0.0 
----------------------------------------------------------------------------------------------------------------
unit 	 generation payment 	 up-FRP payment 	 dw-FRP payment 	pre-up total payment
----------------------------------------------------------------------------------------------------------------
 g1 	 17774.171770			 0.000000			 0.000000			 17774.171770
 g2 	 0.000000			 0.000000			 0.000000			 0.000000
 g3 	 700.165369			 0.000000			 0.000000			 700.165369
 g4 	 -112.323274			 0.000000			 0.000000			 -112.323274
 g5 	 1411.817640			 0.000000			 0.000000			 1411.817640
----------------------------------------------------------------------------------------------------
generation payment 	 up-FRP payment 	 dw-FRP payment 	 pre-up total payment
----------------------------------------------------------------------------------------------------
19773.831505000002 			 0.0 			 0.0 			 19773.831505000002
 
****************************************************************************************************
 
Generation costs
----------------------------------------------------------------------------------------------------
unit	 time 	 generation cost 	 start-up cost  	total cost
----------------------------------------------------------------------------------------------------
g1	 1 	 2370.222291 			 0.0 			2370.222291
g1	 2 	 2387.984502 			 0.0 			2387.984502
g1	 3 	 2380.690753 			 0.0 			2380.690753
g1	 4 	 2444.706964 			 0.0 			2444.706964
g1	 5 	 2034.163985 			 0.0 			2034.163985
g1	 6 	 2035.046605 			 0.0 			2035.046605
g1	 7 	 2035.015857 			 0.0 			2035.015857
g1	 8 	 2052.341647 			 0.0 			2052.341647
g1	 9 	 1931.531387 			 0.0 			1931.531387
g1	 10 	 1960.851198 			 0.0 			1960.851198
g1	 11 	 1929.638478 			 0.0 			1929.638478
g1	 12 	 1964.814101 			 0.0 			1964.814101
g1	 13 	 1856.178472 			 0.0 			1856.178472
g1	 14 	 1902.904363 			 0.0 			1902.904363
g1	 15 	 1920.986284 			 0.0 			1920.986284
g1	 16 	 1842.186706 			 0.0 			1842.186706
g1	 17 	 1885.932873 			 0.0 			1885.932873
g1	 18 	 1895.335222 			 0.0 			1895.335222
g1	 19 	 1907.812018 			 0.0 			1907.812018
g1	 20 	 1864.957034 			 0.0 			1864.957034
g1	 21 	 2006.159597 			 0.0 			2006.159597
g1	 22 	 2011.040172 			 0.0 			2011.040172
g1	 23 	 2057.245494 			 0.0 			2057.245494
g1	 24 	 2022.990991 			 0.0 			2022.990991
g1	 25 	 2230.858471 			 0.0 			2230.858471
g1	 26 	 2236.239484 			 0.0 			2236.239484
g1	 27 	 2224.591806 			 0.0 			2224.591806
g1	 28 	 2260.100549 			 0.0 			2260.100549
g1	 29 	 2434.851158 			 0.0 			2434.851158
g1	 30 	 2392.410004 			 0.0 			2392.410004
g1	 31 	 2353.17794 			 0.0 			2353.17794
g1	 32 	 2418.754036 			 0.0 			2418.754036
g1	 33 	 2459.870281 			 0.0 			2459.870281
g1	 34 	 2430.402316 			 0.0 			2430.402316
g1	 35 	 2425.062321 			 0.0 			2425.062321
g1	 36 	 2415.828954 			 0.0 			2415.828954
g1	 37 	 2622.550982 			 0.0 			2622.550982
g1	 38 	 2657.085787 			 0.0 			2657.085787
g1	 39 	 2696.354117 			 0.0 			2696.354117
g1	 40 	 2610.436341 			 0.0 			2610.436341
g1	 41 	 2912.206311 			 0.0 			2912.206311
g1	 42 	 2857.17048 			 0.0 			2857.17048
g1	 43 	 2857.782337 			 0.0 			2857.782337
g1	 44 	 2862.213462 			 0.0 			2862.213462
g1	 45 	 3013.722681 			 0.0 			3013.722681
g1	 46 	 3058.233409 			 0.0 			3058.233409
g1	 47 	 3037.402002 			 0.0 			3037.402002
g1	 48 	 3027.788074 			 0.0 			3027.788074
g1	 49 	 3058.233409 			 0.0 			3058.233409
g1	 50 	 3058.233409 			 0.0 			3058.233409
g1	 51 	 3058.233409 			 0.0 			3058.233409
g1	 52 	 3058.233409 			 0.0 			3058.233409
g1	 53 	 3058.233409 			 0.0 			3058.233409
g1	 54 	 3058.233409 			 0.0 			3058.233409
g1	 55 	 3058.233409 			 0.0 			3058.233409
g1	 56 	 3058.233409 			 0.0 			3058.233409
g1	 57 	 3058.233409 			 0.0 			3058.233409
g1	 58 	 3058.233409 			 0.0 			3058.233409
g1	 59 	 3058.233409 			 0.0 			3058.233409
g1	 60 	 3058.233409 			 0.0 			3058.233409
g1	 61 	 3058.233409 			 0.0 			3058.233409
g1	 62 	 3058.233409 			 0.0 			3058.233409
g1	 63 	 3058.233409 			 0.0 			3058.233409
g1	 64 	 3058.233409 			 0.0 			3058.233409
g1	 65 	 3058.233409 			 0.0 			3058.233409
g1	 66 	 3058.233409 			 0.0 			3058.233409
g1	 67 	 3058.233409 			 0.0 			3058.233409
g1	 68 	 3058.233409 			 0.0 			3058.233409
g1	 69 	 3058.233409 			 0.0 			3058.233409
g1	 70 	 3058.233409 			 0.0 			3058.233409
g1	 71 	 3058.233409 			 0.0 			3058.233409
g1	 72 	 3058.233409 			 0.0 			3058.233409
g1	 73 	 3058.233409 			 0.0 			3058.233409
g1	 74 	 3058.233409 			 0.0 			3058.233409
g1	 75 	 3058.233409 			 0.0 			3058.233409
g1	 76 	 3058.233409 			 0.0 			3058.233409
g1	 77 	 3058.233409 			 0.0 			3058.233409
g1	 78 	 3058.233409 			 0.0 			3058.233409
g1	 79 	 3058.233409 			 0.0 			3058.233409
g1	 80 	 3058.233409 			 0.0 			3058.233409
g1	 81 	 3058.233409 			 0.0 			3058.233409
g1	 82 	 3058.233409 			 0.0 			3058.233409
g1	 83 	 3058.233409 			 0.0 			3058.233409
g1	 84 	 3058.233409 			 0.0 			3058.233409
g1	 85 	 2934.321073 			 0.0 			2934.321073
g1	 86 	 2949.072203 			 0.0 			2949.072203
g1	 87 	 2978.758643 			 0.0 			2978.758643
g1	 88 	 2968.478195 			 0.0 			2968.478195
g1	 89 	 2648.327552 			 0.0 			2648.327552
g1	 90 	 2610.745447 			 0.0 			2610.745447
g1	 91 	 2598.644786 			 0.0 			2598.644786
g1	 92 	 2628.973429 			 0.0 			2628.973429
g1	 93 	 2810.9148 			 0.0 			2810.9148
g1	 94 	 2834.33406 			 0.0 			2834.33406
g1	 95 	 2840.638751 			 0.0 			2840.638751
g1	 96 	 2835.137524 			 0.0 			2835.137524
----------------------------------------------------------------------------------------------------
g2	 1 	 0.0 			 0.0 			0.0
g2	 2 	 0.0 			 0.0 			0.0
g2	 3 	 0.0 			 0.0 			0.0
g2	 4 	 0.0 			 0.0 			0.0
g2	 5 	 0.0 			 0.0 			0.0
g2	 6 	 0.0 			 0.0 			0.0
g2	 7 	 0.0 			 0.0 			0.0
g2	 8 	 0.0 			 0.0 			0.0
g2	 9 	 0.0 			 0.0 			0.0
g2	 10 	 0.0 			 0.0 			0.0
g2	 11 	 0.0 			 0.0 			0.0
g2	 12 	 0.0 			 0.0 			0.0
g2	 13 	 0.0 			 0.0 			0.0
g2	 14 	 0.0 			 0.0 			0.0
g2	 15 	 0.0 			 0.0 			0.0
g2	 16 	 0.0 			 0.0 			0.0
g2	 17 	 0.0 			 0.0 			0.0
g2	 18 	 0.0 			 0.0 			0.0
g2	 19 	 0.0 			 0.0 			0.0
g2	 20 	 0.0 			 0.0 			0.0
g2	 21 	 0.0 			 0.0 			0.0
g2	 22 	 0.0 			 0.0 			0.0
g2	 23 	 0.0 			 0.0 			0.0
g2	 24 	 0.0 			 0.0 			0.0
g2	 25 	 0.0 			 0.0 			0.0
g2	 26 	 0.0 			 0.0 			0.0
g2	 27 	 0.0 			 0.0 			0.0
g2	 28 	 0.0 			 0.0 			0.0
g2	 29 	 0.0 			 0.0 			0.0
g2	 30 	 0.0 			 0.0 			0.0
g2	 31 	 0.0 			 0.0 			0.0
g2	 32 	 0.0 			 0.0 			0.0
g2	 33 	 0.0 			 0.0 			0.0
g2	 34 	 0.0 			 0.0 			0.0
g2	 35 	 0.0 			 0.0 			0.0
g2	 36 	 0.0 			 0.0 			0.0
g2	 37 	 0.0 			 0.0 			0.0
g2	 38 	 0.0 			 0.0 			0.0
g2	 39 	 0.0 			 0.0 			0.0
g2	 40 	 0.0 			 0.0 			0.0
g2	 41 	 0.0 			 0.0 			0.0
g2	 42 	 0.0 			 0.0 			0.0
g2	 43 	 0.0 			 0.0 			0.0
g2	 44 	 0.0 			 0.0 			0.0
g2	 45 	 0.0 			 0.0 			0.0
g2	 46 	 0.0 			 0.0 			0.0
g2	 47 	 0.0 			 0.0 			0.0
g2	 48 	 0.0 			 0.0 			0.0
g2	 49 	 0.0 			 0.0 			0.0
g2	 50 	 0.0 			 0.0 			0.0
g2	 51 	 0.0 			 0.0 			0.0
g2	 52 	 0.0 			 0.0 			0.0
g2	 53 	 0.0 			 0.0 			0.0
g2	 54 	 0.0 			 0.0 			0.0
g2	 55 	 0.0 			 0.0 			0.0
g2	 56 	 0.0 			 0.0 			0.0
g2	 57 	 0.0 			 0.0 			0.0
g2	 58 	 0.0 			 0.0 			0.0
g2	 59 	 0.0 			 0.0 			0.0
g2	 60 	 0.0 			 0.0 			0.0
g2	 61 	 0.0 			 0.0 			0.0
g2	 62 	 0.0 			 0.0 			0.0
g2	 63 	 0.0 			 0.0 			0.0
g2	 64 	 0.0 			 0.0 			0.0
g2	 65 	 0.0 			 0.0 			0.0
g2	 66 	 0.0 			 0.0 			0.0
g2	 67 	 0.0 			 0.0 			0.0
g2	 68 	 0.0 			 0.0 			0.0
g2	 69 	 0.0 			 0.0 			0.0
g2	 70 	 0.0 			 0.0 			0.0
g2	 71 	 0.0 			 0.0 			0.0
g2	 72 	 0.0 			 0.0 			0.0
g2	 73 	 0.0 			 0.0 			0.0
g2	 74 	 0.0 			 0.0 			0.0
g2	 75 	 0.0 			 0.0 			0.0
g2	 76 	 0.0 			 0.0 			0.0
g2	 77 	 0.0 			 0.0 			0.0
g2	 78 	 0.0 			 0.0 			0.0
g2	 79 	 0.0 			 0.0 			0.0
g2	 80 	 0.0 			 0.0 			0.0
g2	 81 	 0.0 			 0.0 			0.0
g2	 82 	 0.0 			 0.0 			0.0
g2	 83 	 0.0 			 0.0 			0.0
g2	 84 	 0.0 			 0.0 			0.0
g2	 85 	 0.0 			 0.0 			0.0
g2	 86 	 0.0 			 0.0 			0.0
g2	 87 	 0.0 			 0.0 			0.0
g2	 88 	 0.0 			 0.0 			0.0
g2	 89 	 0.0 			 0.0 			0.0
g2	 90 	 0.0 			 0.0 			0.0
g2	 91 	 0.0 			 0.0 			0.0
g2	 92 	 0.0 			 0.0 			0.0
g2	 93 	 0.0 			 0.0 			0.0
g2	 94 	 0.0 			 0.0 			0.0
g2	 95 	 0.0 			 0.0 			0.0
g2	 96 	 0.0 			 0.0 			0.0
----------------------------------------------------------------------------------------------------
g3	 1 	 0.0 			 0.0 			0.0
g3	 2 	 0.0 			 0.0 			0.0
g3	 3 	 0.0 			 0.0 			0.0
g3	 4 	 0.0 			 0.0 			0.0
g3	 5 	 0.0 			 0.0 			0.0
g3	 6 	 0.0 			 0.0 			0.0
g3	 7 	 0.0 			 0.0 			0.0
g3	 8 	 0.0 			 0.0 			0.0
g3	 9 	 0.0 			 0.0 			0.0
g3	 10 	 0.0 			 0.0 			0.0
g3	 11 	 0.0 			 0.0 			0.0
g3	 12 	 0.0 			 0.0 			0.0
g3	 13 	 0.0 			 0.0 			0.0
g3	 14 	 0.0 			 0.0 			0.0
g3	 15 	 0.0 			 0.0 			0.0
g3	 16 	 0.0 			 0.0 			0.0
g3	 17 	 0.0 			 0.0 			0.0
g3	 18 	 0.0 			 0.0 			0.0
g3	 19 	 0.0 			 0.0 			0.0
g3	 20 	 0.0 			 0.0 			0.0
g3	 21 	 0.0 			 0.0 			0.0
g3	 22 	 0.0 			 0.0 			0.0
g3	 23 	 0.0 			 0.0 			0.0
g3	 24 	 0.0 			 0.0 			0.0
g3	 25 	 0.0 			 0.0 			0.0
g3	 26 	 0.0 			 0.0 			0.0
g3	 27 	 0.0 			 0.0 			0.0
g3	 28 	 0.0 			 0.0 			0.0
g3	 29 	 0.0 			 0.0 			0.0
g3	 30 	 0.0 			 0.0 			0.0
g3	 31 	 0.0 			 0.0 			0.0
g3	 32 	 0.0 			 0.0 			0.0
g3	 33 	 350.954412 			 4595.43 			4946.384412
g3	 34 	 350.954412 			 0.0 			350.954412
g3	 35 	 350.954412 			 0.0 			350.954412
g3	 36 	 350.954412 			 0.0 			350.954412
g3	 37 	 350.954412 			 0.0 			350.954412
g3	 38 	 350.954412 			 0.0 			350.954412
g3	 39 	 350.954412 			 0.0 			350.954412
g3	 40 	 350.954412 			 0.0 			350.954412
g3	 41 	 350.954412 			 0.0 			350.954412
g3	 42 	 350.954412 			 0.0 			350.954412
g3	 43 	 350.954412 			 0.0 			350.954412
g3	 44 	 350.954412 			 0.0 			350.954412
g3	 45 	 350.954412 			 0.0 			350.954412
g3	 46 	 350.954412 			 0.0 			350.954412
g3	 47 	 350.954412 			 0.0 			350.954412
g3	 48 	 350.954412 			 0.0 			350.954412
g3	 49 	 441.456709 			 0.0 			441.456709
g3	 50 	 350.954412 			 0.0 			350.954412
g3	 51 	 350.954412 			 0.0 			350.954412
g3	 52 	 350.954412 			 0.0 			350.954412
g3	 53 	 350.954412 			 0.0 			350.954412
g3	 54 	 350.954412 			 0.0 			350.954412
g3	 55 	 350.954412 			 0.0 			350.954412
g3	 56 	 350.954412 			 0.0 			350.954412
g3	 57 	 350.954412 			 0.0 			350.954412
g3	 58 	 350.954412 			 0.0 			350.954412
g3	 59 	 350.954412 			 0.0 			350.954412
g3	 60 	 350.954412 			 0.0 			350.954412
g3	 61 	 350.954412 			 0.0 			350.954412
g3	 62 	 350.954412 			 0.0 			350.954412
g3	 63 	 350.954412 			 0.0 			350.954412
g3	 64 	 350.954412 			 0.0 			350.954412
g3	 65 	 350.954412 			 0.0 			350.954412
g3	 66 	 350.954412 			 0.0 			350.954412
g3	 67 	 350.954412 			 0.0 			350.954412
g3	 68 	 419.757124 			 0.0 			419.757124
g3	 69 	 591.464889 			 0.0 			591.464889
g3	 70 	 591.464889 			 0.0 			591.464889
g3	 71 	 591.464889 			 0.0 			591.464889
g3	 72 	 591.464889 			 0.0 			591.464889
g3	 73 	 463.419588 			 0.0 			463.419588
g3	 74 	 402.637765 			 0.0 			402.637765
g3	 75 	 421.643245 			 0.0 			421.643245
g3	 76 	 517.265915 			 0.0 			517.265915
g3	 77 	 350.954412 			 0.0 			350.954412
g3	 78 	 372.050019 			 0.0 			372.050019
g3	 79 	 365.027636 			 0.0 			365.027636
g3	 80 	 350.954412 			 0.0 			350.954412
g3	 81 	 350.954412 			 0.0 			350.954412
g3	 82 	 350.954412 			 0.0 			350.954412
g3	 83 	 350.954412 			 0.0 			350.954412
g3	 84 	 360.949214 			 0.0 			360.949214
g3	 85 	 350.954412 			 0.0 			350.954412
g3	 86 	 350.954412 			 0.0 			350.954412
g3	 87 	 350.954412 			 0.0 			350.954412
g3	 88 	 350.954412 			 0.0 			350.954412
g3	 89 	 350.954412 			 0.0 			350.954412
g3	 90 	 350.954412 			 0.0 			350.954412
g3	 91 	 350.954412 			 0.0 			350.954412
g3	 92 	 350.954412 			 0.0 			350.954412
g3	 93 	 0.0 			 0.0 			0.0
g3	 94 	 0.0 			 0.0 			0.0
g3	 95 	 0.0 			 0.0 			0.0
g3	 96 	 0.0 			 0.0 			0.0
----------------------------------------------------------------------------------------------------
g4	 1 	 0.0 			 0.0 			0.0
g4	 2 	 0.0 			 0.0 			0.0
g4	 3 	 0.0 			 0.0 			0.0
g4	 4 	 0.0 			 0.0 			0.0
g4	 5 	 0.0 			 0.0 			0.0
g4	 6 	 0.0 			 0.0 			0.0
g4	 7 	 0.0 			 0.0 			0.0
g4	 8 	 0.0 			 0.0 			0.0
g4	 9 	 0.0 			 0.0 			0.0
g4	 10 	 0.0 			 0.0 			0.0
g4	 11 	 0.0 			 0.0 			0.0
g4	 12 	 0.0 			 0.0 			0.0
g4	 13 	 0.0 			 0.0 			0.0
g4	 14 	 0.0 			 0.0 			0.0
g4	 15 	 0.0 			 0.0 			0.0
g4	 16 	 0.0 			 0.0 			0.0
g4	 17 	 0.0 			 0.0 			0.0
g4	 18 	 0.0 			 0.0 			0.0
g4	 19 	 0.0 			 0.0 			0.0
g4	 20 	 0.0 			 0.0 			0.0
g4	 21 	 0.0 			 0.0 			0.0
g4	 22 	 0.0 			 0.0 			0.0
g4	 23 	 0.0 			 0.0 			0.0
g4	 24 	 0.0 			 0.0 			0.0
g4	 25 	 0.0 			 0.0 			0.0
g4	 26 	 0.0 			 0.0 			0.0
g4	 27 	 0.0 			 0.0 			0.0
g4	 28 	 0.0 			 0.0 			0.0
g4	 29 	 0.0 			 0.0 			0.0
g4	 30 	 0.0 			 0.0 			0.0
g4	 31 	 0.0 			 0.0 			0.0
g4	 32 	 0.0 			 0.0 			0.0
g4	 33 	 0.0 			 0.0 			0.0
g4	 34 	 0.0 			 0.0 			0.0
g4	 35 	 0.0 			 0.0 			0.0
g4	 36 	 0.0 			 0.0 			0.0
g4	 37 	 0.0 			 0.0 			0.0
g4	 38 	 0.0 			 0.0 			0.0
g4	 39 	 0.0 			 0.0 			0.0
g4	 40 	 0.0 			 0.0 			0.0
g4	 41 	 0.0 			 0.0 			0.0
g4	 42 	 0.0 			 0.0 			0.0
g4	 43 	 0.0 			 0.0 			0.0
g4	 44 	 0.0 			 0.0 			0.0
g4	 45 	 0.0 			 0.0 			0.0
g4	 46 	 0.0 			 0.0 			0.0
g4	 47 	 0.0 			 0.0 			0.0
g4	 48 	 0.0 			 0.0 			0.0
g4	 49 	 0.0 			 0.0 			0.0
g4	 50 	 0.0 			 0.0 			0.0
g4	 51 	 0.0 			 0.0 			0.0
g4	 52 	 0.0 			 0.0 			0.0
g4	 53 	 441.797996 			 4827.67 			5269.467996
g4	 54 	 516.400144 			 0.0 			516.400144
g4	 55 	 477.366532 			 0.0 			477.366532
g4	 56 	 540.610634 			 0.0 			540.610634
g4	 57 	 611.124496 			 0.0 			611.124496
g4	 58 	 478.063037 			 0.0 			478.063037
g4	 59 	 611.608428 			 0.0 			611.608428
g4	 60 	 563.3712 			 0.0 			563.3712
g4	 61 	 597.681781 			 0.0 			597.681781
g4	 62 	 630.007619 			 0.0 			630.007619
g4	 63 	 546.97002 			 0.0 			546.97002
g4	 64 	 630.007619 			 0.0 			630.007619
g4	 65 	 630.007619 			 0.0 			630.007619
g4	 66 	 630.007619 			 0.0 			630.007619
g4	 67 	 630.007619 			 0.0 			630.007619
g4	 68 	 489.206461 			 0.0 			489.206461
g4	 69 	 0.0 			 0.0 			0.0
g4	 70 	 0.0 			 0.0 			0.0
g4	 71 	 0.0 			 0.0 			0.0
g4	 72 	 0.0 			 0.0 			0.0
g4	 73 	 0.0 			 0.0 			0.0
g4	 74 	 0.0 			 0.0 			0.0
g4	 75 	 0.0 			 0.0 			0.0
g4	 76 	 0.0 			 0.0 			0.0
g4	 77 	 0.0 			 0.0 			0.0
g4	 78 	 0.0 			 0.0 			0.0
g4	 79 	 0.0 			 0.0 			0.0
g4	 80 	 0.0 			 0.0 			0.0
g4	 81 	 0.0 			 0.0 			0.0
g4	 82 	 0.0 			 0.0 			0.0
g4	 83 	 0.0 			 0.0 			0.0
g4	 84 	 0.0 			 0.0 			0.0
g4	 85 	 0.0 			 0.0 			0.0
g4	 86 	 0.0 			 0.0 			0.0
g4	 87 	 0.0 			 0.0 			0.0
g4	 88 	 0.0 			 0.0 			0.0
g4	 89 	 0.0 			 0.0 			0.0
g4	 90 	 0.0 			 0.0 			0.0
g4	 91 	 0.0 			 0.0 			0.0
g4	 92 	 0.0 			 0.0 			0.0
g4	 93 	 0.0 			 0.0 			0.0
g4	 94 	 0.0 			 0.0 			0.0
g4	 95 	 0.0 			 0.0 			0.0
g4	 96 	 0.0 			 0.0 			0.0
----------------------------------------------------------------------------------------------------
g5	 1 	 0.0 			 0.0 			0.0
g5	 2 	 0.0 			 0.0 			0.0
g5	 3 	 0.0 			 0.0 			0.0
g5	 4 	 0.0 			 0.0 			0.0
g5	 5 	 348.846531 			 6821.79 			7170.636531
g5	 6 	 348.846531 			 0.0 			348.846531
g5	 7 	 348.846531 			 0.0 			348.846531
g5	 8 	 348.846531 			 0.0 			348.846531
g5	 9 	 348.846531 			 0.0 			348.846531
g5	 10 	 348.846531 			 0.0 			348.846531
g5	 11 	 348.846531 			 0.0 			348.846531
g5	 12 	 348.846531 			 0.0 			348.846531
g5	 13 	 348.846531 			 0.0 			348.846531
g5	 14 	 348.846531 			 0.0 			348.846531
g5	 15 	 348.846531 			 0.0 			348.846531
g5	 16 	 348.846531 			 0.0 			348.846531
g5	 17 	 348.846531 			 0.0 			348.846531
g5	 18 	 348.846531 			 0.0 			348.846531
g5	 19 	 348.846531 			 0.0 			348.846531
g5	 20 	 348.846531 			 0.0 			348.846531
g5	 21 	 348.846531 			 0.0 			348.846531
g5	 22 	 348.846531 			 0.0 			348.846531
g5	 23 	 348.846531 			 0.0 			348.846531
g5	 24 	 348.846531 			 0.0 			348.846531
g5	 25 	 348.846531 			 0.0 			348.846531
g5	 26 	 348.846531 			 0.0 			348.846531
g5	 27 	 348.846531 			 0.0 			348.846531
g5	 28 	 348.846531 			 0.0 			348.846531
g5	 29 	 348.846531 			 0.0 			348.846531
g5	 30 	 348.846531 			 0.0 			348.846531
g5	 31 	 348.846531 			 0.0 			348.846531
g5	 32 	 348.846531 			 0.0 			348.846531
g5	 33 	 348.846531 			 0.0 			348.846531
g5	 34 	 348.846531 			 0.0 			348.846531
g5	 35 	 348.846531 			 0.0 			348.846531
g5	 36 	 348.846531 			 0.0 			348.846531
g5	 37 	 348.846531 			 0.0 			348.846531
g5	 38 	 348.846531 			 0.0 			348.846531
g5	 39 	 348.846531 			 0.0 			348.846531
g5	 40 	 348.846531 			 0.0 			348.846531
g5	 41 	 348.846531 			 0.0 			348.846531
g5	 42 	 348.846531 			 0.0 			348.846531
g5	 43 	 348.846531 			 0.0 			348.846531
g5	 44 	 348.846531 			 0.0 			348.846531
g5	 45 	 348.846531 			 0.0 			348.846531
g5	 46 	 363.137985 			 0.0 			363.137985
g5	 47 	 348.846531 			 0.0 			348.846531
g5	 48 	 348.846531 			 0.0 			348.846531
g5	 49 	 513.766082 			 0.0 			513.766082
g5	 50 	 403.044667 			 0.0 			403.044667
g5	 51 	 555.110166 			 0.0 			555.110166
g5	 52 	 571.771594 			 0.0 			571.771594
g5	 53 	 406.852043 			 0.0 			406.852043
g5	 54 	 348.846531 			 0.0 			348.846531
g5	 55 	 348.846531 			 0.0 			348.846531
g5	 56 	 348.846531 			 0.0 			348.846531
g5	 57 	 348.846531 			 0.0 			348.846531
g5	 58 	 348.846531 			 0.0 			348.846531
g5	 59 	 348.846531 			 0.0 			348.846531
g5	 60 	 348.846531 			 0.0 			348.846531
g5	 61 	 348.846531 			 0.0 			348.846531
g5	 62 	 376.857846 			 0.0 			376.857846
g5	 63 	 348.846531 			 0.0 			348.846531
g5	 64 	 428.419665 			 0.0 			428.419665
g5	 65 	 459.582042 			 0.0 			459.582042
g5	 66 	 377.049896 			 0.0 			377.049896
g5	 67 	 374.611819 			 0.0 			374.611819
g5	 68 	 481.490299 			 0.0 			481.490299
g5	 69 	 669.832934 			 0.0 			669.832934
g5	 70 	 670.323059 			 0.0 			670.323059
g5	 71 	 632.602749 			 0.0 			632.602749
g5	 72 	 669.452835 			 0.0 			669.452835
g5	 73 	 578.049724 			 0.0 			578.049724
g5	 74 	 578.049724 			 0.0 			578.049724
g5	 75 	 578.049724 			 0.0 			578.049724
g5	 76 	 578.049724 			 0.0 			578.049724
g5	 77 	 572.258775 			 0.0 			572.258775
g5	 78 	 578.049724 			 0.0 			578.049724
g5	 79 	 578.049724 			 0.0 			578.049724
g5	 80 	 562.924397 			 0.0 			562.924397
g5	 81 	 569.784617 			 0.0 			569.784617
g5	 82 	 479.180063 			 0.0 			479.180063
g5	 83 	 482.753303 			 0.0 			482.753303
g5	 84 	 513.766082 			 0.0 			513.766082
g5	 85 	 348.846531 			 0.0 			348.846531
g5	 86 	 348.846531 			 0.0 			348.846531
g5	 87 	 348.846531 			 0.0 			348.846531
g5	 88 	 348.846531 			 0.0 			348.846531
g5	 89 	 348.846531 			 0.0 			348.846531
g5	 90 	 348.846531 			 0.0 			348.846531
g5	 91 	 348.846531 			 0.0 			348.846531
g5	 92 	 348.846531 			 0.0 			348.846531
g5	 93 	 0.0 			 0.0 			0.0
g5	 94 	 0.0 			 0.0 			0.0
g5	 95 	 0.0 			 0.0 			0.0
g5	 96 	 0.0 			 0.0 			0.0
----------------------------------------------------------------------------------------------------
 
unit 	 generation 	 generation cost 	 start-up cost 	 total cost
----------------------------------------------------------------------------------------------------
g1 	 6836.370251			254930.579484			 0.000000		 254930.579484
g2 	 0.000000			0.000000			 0.000000		 0.000000
g3 	 361.450402			22624.924135			 4595.430000		 27220.354135
g4 	 150.217137			9024.238824			 4827.670000		 13851.908824
g5 	 616.434264			35533.663122			 6821.790000		 42355.453122
----------------------------------------------------------------------------------------------------
 
generation cost 	 start-up cost 		 total cost
----------------------------------------------------------------------------------------------------
322113.40556500043 			 16244.890000000001 			 338358.2955650002
----------------------------------------------------------------------------------------------------
uplift payment for generator g1: 0.0
uplift payment for generator g2: 0.0
uplift payment for generator g3: 9857.675565
uplift payment for generator g4: 7156.529344
uplift payment for generator g5: 13495.349447
 
****************************************************************************************************
 
rtm Systemwide prices
----------------------------------------------------------------------------------------------------
time	 energy 	 up-FRP 	 dw-FRP
----------------------------------------------------------------------------------------------------
1 	 9.614507 		 0.0 		 0.0
2 	 9.614507 		 0.0 		 0.0
3 	 9.614507 		 0.0 		 0.0
4 	 9.614507 		 0.0 		 0.0
5 	 9.408671 		 0.0 		 0.0
6 	 9.408671 		 0.0 		 0.0
7 	 9.408671 		 0.0 		 0.0
8 	 9.408671 		 0.0 		 0.0
9 	 9.408671 		 0.0 		 0.0
10 	 9.408671 		 0.0 		 0.0
11 	 9.408671 		 0.0 		 0.0
12 	 9.408671 		 0.0 		 0.0
13 	 9.408671 		 0.0 		 0.0
14 	 9.408671 		 0.0 		 0.0
15 	 9.408671 		 0.0 		 0.0
16 	 9.408671 		 0.0 		 0.0
17 	 9.408671 		 0.0 		 0.0
18 	 9.408671 		 0.0 		 0.0
19 	 9.408671 		 0.0 		 0.0
20 	 9.408671 		 0.0 		 0.0
21 	 9.408671 		 0.0 		 0.0
22 	 9.408671 		 0.0 		 0.0
23 	 9.408671 		 0.0 		 0.0
24 	 9.408671 		 0.0 		 0.0
25 	 9.408671 		 0.0 		 0.0
26 	 9.408671 		 0.0 		 0.0
27 	 9.408671 		 0.0 		 0.0
28 	 9.408671 		 0.0 		 0.0
29 	 9.614507 		 0.0 		 0.0
30 	 9.614507 		 0.0 		 0.0
31 	 9.614507 		 0.0 		 0.0
32 	 9.614507 		 0.0 		 0.0
33 	 9.614507 		 0.0 		 0.0
34 	 9.614507 		 0.0 		 0.0
35 	 9.614507 		 0.0 		 0.0
36 	 9.614507 		 0.0 		 0.0
37 	 9.614507 		 0.0 		 0.0
38 	 9.614507 		 0.0 		 0.0
39 	 9.614507 		 0.0 		 0.0
40 	 9.614507 		 0.0 		 0.0
41 	 9.614507 		 0.0 		 0.0
42 	 9.614507 		 0.0 		 0.0
43 	 9.614507 		 0.0 		 0.0
44 	 9.614507 		 0.0 		 0.0
45 	 9.614507 		 0.0 		 0.0
46 	 11.022192 		 0.0 		 0.0
47 	 9.614507 		 0.0 		 0.0
48 	 9.614507 		 0.0 		 0.0
49 	 11.862367 		 0.0 		 0.0
50 	 11.022192 		 0.0 		 0.0
51 	 11.022192 		 0.0 		 0.0
52 	 11.220091 		 0.0 		 0.0
53 	 10.824293 		 0.0 		 0.0
54 	 10.824293 		 0.0 		 0.0
55 	 10.824293 		 0.0 		 0.0
56 	 10.824293 		 0.0 		 0.0
57 	 10.824293 		 0.0 		 0.0
58 	 10.824293 		 0.0 		 0.0
59 	 10.824293 		 0.0 		 0.0
60 	 10.824293 		 0.0 		 0.0
61 	 10.824293 		 0.0 		 0.0
62 	 11.022192 		 0.0 		 0.0
63 	 10.824293 		 0.0 		 0.0
64 	 11.022192 		 0.0 		 0.0
65 	 11.022192 		 0.0 		 0.0
66 	 11.022192 		 0.0 		 0.0
67 	 11.022192 		 0.0 		 0.0
68 	 10.824293 		 0.0 		 0.0
69 	 14.996762 		 0.0 		 0.0
70 	 14.798864 		 0.0 		 0.0
71 	 14.798864 		 0.0 		 0.0
72 	 14.798864 		 0.0 		 0.0
73 	 11.862367 		 0.0 		 0.0
74 	 11.862367 		 0.0 		 0.0
75 	 11.862367 		 0.0 		 0.0
76 	 11.862367 		 0.0 		 0.0
77 	 11.022192 		 0.0 		 0.0
78 	 11.862367 		 0.0 		 0.0
79 	 11.862367 		 0.0 		 0.0
80 	 11.022192 		 0.0 		 0.0
81 	 11.022192 		 0.0 		 0.0
82 	 11.022192 		 0.0 		 0.0
83 	 11.022192 		 0.0 		 0.0
84 	 11.862367 		 0.0 		 0.0
85 	 9.614507 		 0.0 		 0.0
86 	 9.614507 		 0.0 		 0.0
87 	 9.614507 		 0.0 		 0.0
88 	 9.614507 		 0.0 		 0.0
89 	 9.614507 		 0.0 		 0.0
90 	 9.614507 		 0.0 		 0.0
91 	 9.614507 		 0.0 		 0.0
92 	 9.614507 		 0.0 		 0.0
93 	 9.614507 		 0.0 		 0.0
94 	 9.614507 		 0.0 		 0.0
95 	 9.614507 		 0.0 		 0.0
96 	 9.614507 		 0.0 		 0.0
 
****************************************************************************************************
 
rtm Post-uplift payments
----------------------------------------------------------------------------------------------------------------------------------------------------
unit 	 generation payment 	 up-FRP payment 	 dw-FRP payment 	pre-up t. payment 	 uplift payments 	 post-up t. payment 	 profit
----------------------------------------------------------------------------------------------------------------------------------------------------
 g1 	 17774.171770			 0.000000			 0.000000			 17774.171770			 0.000000			 17774.171770		 50256.447183
 g2 	 0.000000			 0.000000			 0.000000			 0.000000			 0.000000			 0.000000		 0.000000
 g3 	 700.165369			 0.000000			 0.000000			 700.165369			 9857.675565			 10557.840934		 0.000000
 g4 	 -112.323274			 0.000000			 0.000000			 -112.323274			 7156.529344			 7044.206070		 0.000000
 g5 	 1411.817640			 0.000000			 0.000000			 1411.817640			 13495.349447			 14907.167087		 0.000000
****************************************************************************************************
 
Total generator payments
----------------------------------------------------------------------------------------------------------------------------------------------------
unit 	 generation payment 	 up-FRP payment 	 dw-FRP payment 	pre-up t. payment 	 uplift payments 	 post-up t. payment 	 profit
----------------------------------------------------------------------------------------------------------------------------------------------------
 g1 	 304500.296958			 686.729709			 0.000000			 305187.026667			 0.000000			 305187.026667		 50256.447183
 g2 	 0.000000			 0.000000			 0.000000			 0.000000			 0.000000			 0.000000		 0.000000
 g3 	 17362.678570			 0.000000			 0.000000			 17362.678570			 9857.675565			 27220.354135		 0.000000
 g4 	 6695.379480			 0.000000			 0.000000			 6695.379480			 7156.529344			 13851.908824		 0.000000
 g5 	 28860.103675			 0.000000			 0.000000			 28860.103675			 13495.349447			 42355.453122		 0.000000
 
****************************************************************************************************
 
rtm LMP
----------------------------------------------------------------------------------------------------
bus name 	 time 		 LMP
----------------------------------------------------------------------------------------------------
b1 		 1 		 9.614507
b1 		 2 		 9.614507
b1 		 3 		 9.614507
b1 		 4 		 9.614507
b1 		 5 		 9.408671
b1 		 6 		 9.408671
b1 		 7 		 9.408671
b1 		 8 		 9.408671
b1 		 9 		 9.408671
b1 		 10 		 9.408671
b1 		 11 		 9.408671
b1 		 12 		 9.408671
b1 		 13 		 9.408671
b1 		 14 		 9.408671
b1 		 15 		 9.408671
b1 		 16 		 9.408671
b1 		 17 		 9.408671
b1 		 18 		 9.408671
b1 		 19 		 9.408671
b1 		 20 		 9.408671
b1 		 21 		 9.408671
b1 		 22 		 9.408671
b1 		 23 		 9.408671
b1 		 24 		 9.408671
b1 		 25 		 9.408671
b1 		 26 		 9.408671
b1 		 27 		 9.408671
b1 		 28 		 9.408671
b1 		 29 		 9.614507
b1 		 30 		 9.614507
b1 		 31 		 9.614507
b1 		 32 		 9.614507
b1 		 33 		 9.614507
b1 		 34 		 9.614507
b1 		 35 		 9.614507
b1 		 36 		 9.614507
b1 		 37 		 9.614507
b1 		 38 		 9.614507
b1 		 39 		 9.614507
b1 		 40 		 9.614507
b1 		 41 		 9.614507
b1 		 42 		 9.614507
b1 		 43 		 9.614507
b1 		 44 		 9.614507
b1 		 45 		 9.614507
b1 		 46 		 11.022192
b1 		 47 		 9.614507
b1 		 48 		 9.614507
b1 		 49 		 11.862367
b1 		 50 		 11.022192
b1 		 51 		 11.022192
b1 		 52 		 11.220091
b1 		 53 		 10.824293
b1 		 54 		 10.824293
b1 		 55 		 10.824293
b1 		 56 		 10.824293
b1 		 57 		 10.824293
b1 		 58 		 10.824293
b1 		 59 		 10.824293
b1 		 60 		 10.824293
b1 		 61 		 10.824293
b1 		 62 		 11.022192
b1 		 63 		 10.824293
b1 		 64 		 11.022192
b1 		 65 		 11.022192
b1 		 66 		 11.022192
b1 		 67 		 11.022192
b1 		 68 		 10.824293
b1 		 69 		 14.996762
b1 		 70 		 14.798864
b1 		 71 		 14.798864
b1 		 72 		 14.798864
b1 		 73 		 11.862367
b1 		 74 		 11.862367
b1 		 75 		 11.862367
b1 		 76 		 11.862367
b1 		 77 		 11.022192
b1 		 78 		 11.862367
b1 		 79 		 11.862367
b1 		 80 		 11.022192
b1 		 81 		 11.022192
b1 		 82 		 11.022192
b1 		 83 		 11.022192
b1 		 84 		 11.862367
b1 		 85 		 9.614507
b1 		 86 		 9.614507
b1 		 87 		 9.614507
b1 		 88 		 9.614507
b1 		 89 		 9.614507
b1 		 90 		 9.614507
b1 		 91 		 9.614507
b1 		 92 		 9.614507
b1 		 93 		 9.614507
b1 		 94 		 9.614507
b1 		 95 		 9.614507
b1 		 96 		 9.614507
----------------------------------------------------------------------------------------------------
b2 		 1 		 9.614507
b2 		 2 		 9.614507
b2 		 3 		 9.614507
b2 		 4 		 9.614507
b2 		 5 		 9.408671
b2 		 6 		 9.408671
b2 		 7 		 9.408671
b2 		 8 		 9.408671
b2 		 9 		 9.408671
b2 		 10 		 9.408671
b2 		 11 		 9.408671
b2 		 12 		 9.408671
b2 		 13 		 9.408671
b2 		 14 		 9.408671
b2 		 15 		 9.408671
b2 		 16 		 9.408671
b2 		 17 		 9.408671
b2 		 18 		 9.408671
b2 		 19 		 9.408671
b2 		 20 		 9.408671
b2 		 21 		 9.408671
b2 		 22 		 9.408671
b2 		 23 		 9.408671
b2 		 24 		 9.408671
b2 		 25 		 9.408671
b2 		 26 		 9.408671
b2 		 27 		 9.408671
b2 		 28 		 9.408671
b2 		 29 		 9.614507
b2 		 30 		 9.614507
b2 		 31 		 9.614507
b2 		 32 		 9.614507
b2 		 33 		 9.614507
b2 		 34 		 9.614507
b2 		 35 		 9.614507
b2 		 36 		 9.614507
b2 		 37 		 9.614507
b2 		 38 		 9.614507
b2 		 39 		 9.614507
b2 		 40 		 9.614507
b2 		 41 		 9.614507
b2 		 42 		 9.614507
b2 		 43 		 9.614507
b2 		 44 		 9.614507
b2 		 45 		 9.614507
b2 		 46 		 11.022192
b2 		 47 		 9.614507
b2 		 48 		 9.614507
b2 		 49 		 11.862367
b2 		 50 		 11.022192
b2 		 51 		 11.022192
b2 		 52 		 11.220091
b2 		 53 		 10.824293
b2 		 54 		 10.824293
b2 		 55 		 10.824293
b2 		 56 		 10.824293
b2 		 57 		 10.824293
b2 		 58 		 10.824293
b2 		 59 		 10.824293
b2 		 60 		 10.824293
b2 		 61 		 10.824293
b2 		 62 		 11.022192
b2 		 63 		 10.824293
b2 		 64 		 11.022192
b2 		 65 		 11.022192
b2 		 66 		 11.022192
b2 		 67 		 11.022192
b2 		 68 		 10.824293
b2 		 69 		 14.996762
b2 		 70 		 14.798864
b2 		 71 		 14.798864
b2 		 72 		 14.798864
b2 		 73 		 11.862367
b2 		 74 		 11.862367
b2 		 75 		 11.862367
b2 		 76 		 11.862367
b2 		 77 		 11.022192
b2 		 78 		 11.862367
b2 		 79 		 11.862367
b2 		 80 		 11.022192
b2 		 81 		 11.022192
b2 		 82 		 11.022192
b2 		 83 		 11.022192
b2 		 84 		 11.862367
b2 		 85 		 9.614507
b2 		 86 		 9.614507
b2 		 87 		 9.614507
b2 		 88 		 9.614507
b2 		 89 		 9.614507
b2 		 90 		 9.614507
b2 		 91 		 9.614507
b2 		 92 		 9.614507
b2 		 93 		 9.614507
b2 		 94 		 9.614507
b2 		 95 		 9.614507
b2 		 96 		 9.614507
----------------------------------------------------------------------------------------------------
b3 		 1 		 9.614507
b3 		 2 		 9.614507
b3 		 3 		 9.614507
b3 		 4 		 9.614507
b3 		 5 		 9.408671
b3 		 6 		 9.408671
b3 		 7 		 9.408671
b3 		 8 		 9.408671
b3 		 9 		 9.408671
b3 		 10 		 9.408671
b3 		 11 		 9.408671
b3 		 12 		 9.408671
b3 		 13 		 9.408671
b3 		 14 		 9.408671
b3 		 15 		 9.408671
b3 		 16 		 9.408671
b3 		 17 		 9.408671
b3 		 18 		 9.408671
b3 		 19 		 9.408671
b3 		 20 		 9.408671
b3 		 21 		 9.408671
b3 		 22 		 9.408671
b3 		 23 		 9.408671
b3 		 24 		 9.408671
b3 		 25 		 9.408671
b3 		 26 		 9.408671
b3 		 27 		 9.408671
b3 		 28 		 9.408671
b3 		 29 		 9.614507
b3 		 30 		 9.614507
b3 		 31 		 9.614507
b3 		 32 		 9.614507
b3 		 33 		 9.614507
b3 		 34 		 9.614507
b3 		 35 		 9.614507
b3 		 36 		 9.614507
b3 		 37 		 9.614507
b3 		 38 		 9.614507
b3 		 39 		 9.614507
b3 		 40 		 9.614507
b3 		 41 		 9.614507
b3 		 42 		 9.614507
b3 		 43 		 9.614507
b3 		 44 		 9.614507
b3 		 45 		 9.614507
b3 		 46 		 11.022192
b3 		 47 		 9.614507
b3 		 48 		 9.614507
b3 		 49 		 11.862367
b3 		 50 		 11.022192
b3 		 51 		 11.022192
b3 		 52 		 11.220091
b3 		 53 		 10.824293
b3 		 54 		 10.824293
b3 		 55 		 10.824293
b3 		 56 		 10.824293
b3 		 57 		 10.824293
b3 		 58 		 10.824293
b3 		 59 		 10.824293
b3 		 60 		 10.824293
b3 		 61 		 10.824293
b3 		 62 		 11.022192
b3 		 63 		 10.824293
b3 		 64 		 11.022192
b3 		 65 		 11.022192
b3 		 66 		 11.022192
b3 		 67 		 11.022192
b3 		 68 		 10.824293
b3 		 69 		 14.996762
b3 		 70 		 14.798864
b3 		 71 		 14.798864
b3 		 72 		 14.798864
b3 		 73 		 11.862367
b3 		 74 		 11.862367
b3 		 75 		 11.862367
b3 		 76 		 11.862367
b3 		 77 		 11.022192
b3 		 78 		 11.862367
b3 		 79 		 11.862367
b3 		 80 		 11.022192
b3 		 81 		 11.022192
b3 		 82 		 11.022192
b3 		 83 		 11.022192
b3 		 84 		 11.862367
b3 		 85 		 9.614507
b3 		 86 		 9.614507
b3 		 87 		 9.614507
b3 		 88 		 9.614507
b3 		 89 		 9.614507
b3 		 90 		 9.614507
b3 		 91 		 9.614507
b3 		 92 		 9.614507
b3 		 93 		 9.614507
b3 		 94 		 9.614507
b3 		 95 		 9.614507
b3 		 96 		 9.614507
----------------------------------------------------------------------------------------------------
b4 		 1 		 9.614507
b4 		 2 		 9.614507
b4 		 3 		 9.614507
b4 		 4 		 9.614507
b4 		 5 		 9.408671
b4 		 6 		 9.408671
b4 		 7 		 9.408671
b4 		 8 		 9.408671
b4 		 9 		 9.408671
b4 		 10 		 9.408671
b4 		 11 		 9.408671
b4 		 12 		 9.408671
b4 		 13 		 9.408671
b4 		 14 		 9.408671
b4 		 15 		 9.408671
b4 		 16 		 9.408671
b4 		 17 		 9.408671
b4 		 18 		 9.408671
b4 		 19 		 9.408671
b4 		 20 		 9.408671
b4 		 21 		 9.408671
b4 		 22 		 9.408671
b4 		 23 		 9.408671
b4 		 24 		 9.408671
b4 		 25 		 9.408671
b4 		 26 		 9.408671
b4 		 27 		 9.408671
b4 		 28 		 9.408671
b4 		 29 		 9.614507
b4 		 30 		 9.614507
b4 		 31 		 9.614507
b4 		 32 		 9.614507
b4 		 33 		 9.614507
b4 		 34 		 9.614507
b4 		 35 		 9.614507
b4 		 36 		 9.614507
b4 		 37 		 9.614507
b4 		 38 		 9.614507
b4 		 39 		 9.614507
b4 		 40 		 9.614507
b4 		 41 		 9.614507
b4 		 42 		 9.614507
b4 		 43 		 9.614507
b4 		 44 		 9.614507
b4 		 45 		 9.614507
b4 		 46 		 11.022192
b4 		 47 		 9.614507
b4 		 48 		 9.614507
b4 		 49 		 11.862367
b4 		 50 		 11.022192
b4 		 51 		 11.022192
b4 		 52 		 11.220091
b4 		 53 		 10.824293
b4 		 54 		 10.824293
b4 		 55 		 10.824293
b4 		 56 		 10.824293
b4 		 57 		 10.824293
b4 		 58 		 10.824293
b4 		 59 		 10.824293
b4 		 60 		 10.824293
b4 		 61 		 10.824293
b4 		 62 		 11.022192
b4 		 63 		 10.824293
b4 		 64 		 11.022192
b4 		 65 		 11.022192
b4 		 66 		 11.022192
b4 		 67 		 11.022192
b4 		 68 		 10.824293
b4 		 69 		 14.996762
b4 		 70 		 14.798864
b4 		 71 		 14.798864
b4 		 72 		 14.798864
b4 		 73 		 11.862367
b4 		 74 		 11.862367
b4 		 75 		 11.862367
b4 		 76 		 11.862367
b4 		 77 		 11.022192
b4 		 78 		 11.862367
b4 		 79 		 11.862367
b4 		 80 		 11.022192
b4 		 81 		 11.022192
b4 		 82 		 11.022192
b4 		 83 		 11.022192
b4 		 84 		 11.862367
b4 		 85 		 9.614507
b4 		 86 		 9.614507
b4 		 87 		 9.614507
b4 		 88 		 9.614507
b4 		 89 		 9.614507
b4 		 90 		 9.614507
b4 		 91 		 9.614507
b4 		 92 		 9.614507
b4 		 93 		 9.614507
b4 		 94 		 9.614507
b4 		 95 		 9.614507
b4 		 96 		 9.614507
----------------------------------------------------------------------------------------------------
b5 		 1 		 9.614507
b5 		 2 		 9.614507
b5 		 3 		 9.614507
b5 		 4 		 9.614507
b5 		 5 		 9.408671
b5 		 6 		 9.408671
b5 		 7 		 9.408671
b5 		 8 		 9.408671
b5 		 9 		 9.408671
b5 		 10 		 9.408671
b5 		 11 		 9.408671
b5 		 12 		 9.408671
b5 		 13 		 9.408671
b5 		 14 		 9.408671
b5 		 15 		 9.408671
b5 		 16 		 9.408671
b5 		 17 		 9.408671
b5 		 18 		 9.408671
b5 		 19 		 9.408671
b5 		 20 		 9.408671
b5 		 21 		 9.408671
b5 		 22 		 9.408671
b5 		 23 		 9.408671
b5 		 24 		 9.408671
b5 		 25 		 9.408671
b5 		 26 		 9.408671
b5 		 27 		 9.408671
b5 		 28 		 9.408671
b5 		 29 		 9.614507
b5 		 30 		 9.614507
b5 		 31 		 9.614507
b5 		 32 		 9.614507
b5 		 33 		 9.614507
b5 		 34 		 9.614507
b5 		 35 		 9.614507
b5 		 36 		 9.614507
b5 		 37 		 9.614507
b5 		 38 		 9.614507
b5 		 39 		 9.614507
b5 		 40 		 9.614507
b5 		 41 		 9.614507
b5 		 42 		 9.614507
b5 		 43 		 9.614507
b5 		 44 		 9.614507
b5 		 45 		 9.614507
b5 		 46 		 11.022192
b5 		 47 		 9.614507
b5 		 48 		 9.614507
b5 		 49 		 11.862367
b5 		 50 		 11.022192
b5 		 51 		 11.022192
b5 		 52 		 11.220091
b5 		 53 		 10.824293
b5 		 54 		 10.824293
b5 		 55 		 10.824293
b5 		 56 		 10.824293
b5 		 57 		 10.824293
b5 		 58 		 10.824293
b5 		 59 		 10.824293
b5 		 60 		 10.824293
b5 		 61 		 10.824293
b5 		 62 		 11.022192
b5 		 63 		 10.824293
b5 		 64 		 11.022192
b5 		 65 		 11.022192
b5 		 66 		 11.022192
b5 		 67 		 11.022192
b5 		 68 		 10.824293
b5 		 69 		 14.996762
b5 		 70 		 14.798864
b5 		 71 		 14.798864
b5 		 72 		 14.798864
b5 		 73 		 11.862367
b5 		 74 		 11.862367
b5 		 75 		 11.862367
b5 		 76 		 11.862367
b5 		 77 		 11.022192
b5 		 78 		 11.862367
b5 		 79 		 11.862367
b5 		 80 		 11.022192
b5 		 81 		 11.022192
b5 		 82 		 11.022192
b5 		 83 		 11.022192
b5 		 84 		 11.862367
b5 		 85 		 9.614507
b5 		 86 		 9.614507
b5 		 87 		 9.614507
b5 		 88 		 9.614507
b5 		 89 		 9.614507
b5 		 90 		 9.614507
b5 		 91 		 9.614507
b5 		 92 		 9.614507
b5 		 93 		 9.614507
b5 		 94 		 9.614507
b5 		 95 		 9.614507
b5 		 96 		 9.614507
----------------------------------------------------------------------------------------------------
b6 		 1 		 9.614507
b6 		 2 		 9.614507
b6 		 3 		 9.614507
b6 		 4 		 9.614507
b6 		 5 		 9.408671
b6 		 6 		 9.408671
b6 		 7 		 9.408671
b6 		 8 		 9.408671
b6 		 9 		 9.408671
b6 		 10 		 9.408671
b6 		 11 		 9.408671
b6 		 12 		 9.408671
b6 		 13 		 9.408671
b6 		 14 		 9.408671
b6 		 15 		 9.408671
b6 		 16 		 9.408671
b6 		 17 		 9.408671
b6 		 18 		 9.408671
b6 		 19 		 9.408671
b6 		 20 		 9.408671
b6 		 21 		 9.408671
b6 		 22 		 9.408671
b6 		 23 		 9.408671
b6 		 24 		 9.408671
b6 		 25 		 9.408671
b6 		 26 		 9.408671
b6 		 27 		 9.408671
b6 		 28 		 9.408671
b6 		 29 		 9.614507
b6 		 30 		 9.614507
b6 		 31 		 9.614507
b6 		 32 		 9.614507
b6 		 33 		 9.614507
b6 		 34 		 9.614507
b6 		 35 		 9.614507
b6 		 36 		 9.614507
b6 		 37 		 9.614507
b6 		 38 		 9.614507
b6 		 39 		 9.614507
b6 		 40 		 9.614507
b6 		 41 		 9.614507
b6 		 42 		 9.614507
b6 		 43 		 9.614507
b6 		 44 		 9.614507
b6 		 45 		 9.614507
b6 		 46 		 11.022192
b6 		 47 		 9.614507
b6 		 48 		 9.614507
b6 		 49 		 11.862367
b6 		 50 		 11.022192
b6 		 51 		 11.022192
b6 		 52 		 11.220091
b6 		 53 		 10.824293
b6 		 54 		 10.824293
b6 		 55 		 10.824293
b6 		 56 		 10.824293
b6 		 57 		 10.824293
b6 		 58 		 10.824293
b6 		 59 		 10.824293
b6 		 60 		 10.824293
b6 		 61 		 10.824293
b6 		 62 		 11.022192
b6 		 63 		 10.824293
b6 		 64 		 11.022192
b6 		 65 		 11.022192
b6 		 66 		 11.022192
b6 		 67 		 11.022192
b6 		 68 		 10.824293
b6 		 69 		 14.996762
b6 		 70 		 14.798864
b6 		 71 		 14.798864
b6 		 72 		 14.798864
b6 		 73 		 11.862367
b6 		 74 		 11.862367
b6 		 75 		 11.862367
b6 		 76 		 11.862367
b6 		 77 		 11.022192
b6 		 78 		 11.862367
b6 		 79 		 11.862367
b6 		 80 		 11.022192
b6 		 81 		 11.022192
b6 		 82 		 11.022192
b6 		 83 		 11.022192
b6 		 84 		 11.862367
b6 		 85 		 9.614507
b6 		 86 		 9.614507
b6 		 87 		 9.614507
b6 		 88 		 9.614507
b6 		 89 		 9.614507
b6 		 90 		 9.614507
b6 		 91 		 9.614507
b6 		 92 		 9.614507
b6 		 93 		 9.614507
b6 		 94 		 9.614507
b6 		 95 		 9.614507
b6 		 96 		 9.614507
----------------------------------------------------------------------------------------------------
b7 		 1 		 9.614507
b7 		 2 		 9.614507
b7 		 3 		 9.614507
b7 		 4 		 9.614507
b7 		 5 		 9.408671
b7 		 6 		 9.408671
b7 		 7 		 9.408671
b7 		 8 		 9.408671
b7 		 9 		 9.408671
b7 		 10 		 9.408671
b7 		 11 		 9.408671
b7 		 12 		 9.408671
b7 		 13 		 9.408671
b7 		 14 		 9.408671
b7 		 15 		 9.408671
b7 		 16 		 9.408671
b7 		 17 		 9.408671
b7 		 18 		 9.408671
b7 		 19 		 9.408671
b7 		 20 		 9.408671
b7 		 21 		 9.408671
b7 		 22 		 9.408671
b7 		 23 		 9.408671
b7 		 24 		 9.408671
b7 		 25 		 9.408671
b7 		 26 		 9.408671
b7 		 27 		 9.408671
b7 		 28 		 9.408671
b7 		 29 		 9.614507
b7 		 30 		 9.614507
b7 		 31 		 9.614507
b7 		 32 		 9.614507
b7 		 33 		 9.614507
b7 		 34 		 9.614507
b7 		 35 		 9.614507
b7 		 36 		 9.614507
b7 		 37 		 9.614507
b7 		 38 		 9.614507
b7 		 39 		 9.614507
b7 		 40 		 9.614507
b7 		 41 		 9.614507
b7 		 42 		 9.614507
b7 		 43 		 9.614507
b7 		 44 		 9.614507
b7 		 45 		 9.614507
b7 		 46 		 11.022192
b7 		 47 		 9.614507
b7 		 48 		 9.614507
b7 		 49 		 11.862367
b7 		 50 		 11.022192
b7 		 51 		 11.022192
b7 		 52 		 11.220091
b7 		 53 		 10.824293
b7 		 54 		 10.824293
b7 		 55 		 10.824293
b7 		 56 		 10.824293
b7 		 57 		 10.824293
b7 		 58 		 10.824293
b7 		 59 		 10.824293
b7 		 60 		 10.824293
b7 		 61 		 10.824293
b7 		 62 		 11.022192
b7 		 63 		 10.824293
b7 		 64 		 11.022192
b7 		 65 		 11.022192
b7 		 66 		 11.022192
b7 		 67 		 11.022192
b7 		 68 		 10.824293
b7 		 69 		 14.996762
b7 		 70 		 14.798864
b7 		 71 		 14.798864
b7 		 72 		 14.798864
b7 		 73 		 11.862367
b7 		 74 		 11.862367
b7 		 75 		 11.862367
b7 		 76 		 11.862367
b7 		 77 		 11.022192
b7 		 78 		 11.862367
b7 		 79 		 11.862367
b7 		 80 		 11.022192
b7 		 81 		 11.022192
b7 		 82 		 11.022192
b7 		 83 		 11.022192
b7 		 84 		 11.862367
b7 		 85 		 9.614507
b7 		 86 		 9.614507
b7 		 87 		 9.614507
b7 		 88 		 9.614507
b7 		 89 		 9.614507
b7 		 90 		 9.614507
b7 		 91 		 9.614507
b7 		 92 		 9.614507
b7 		 93 		 9.614507
b7 		 94 		 9.614507
b7 		 95 		 9.614507
b7 		 96 		 9.614507
----------------------------------------------------------------------------------------------------
b8 		 1 		 9.614507
b8 		 2 		 9.614507
b8 		 3 		 9.614507
b8 		 4 		 9.614507
b8 		 5 		 9.408671
b8 		 6 		 9.408671
b8 		 7 		 9.408671
b8 		 8 		 9.408671
b8 		 9 		 9.408671
b8 		 10 		 9.408671
b8 		 11 		 9.408671
b8 		 12 		 9.408671
b8 		 13 		 9.408671
b8 		 14 		 9.408671
b8 		 15 		 9.408671
b8 		 16 		 9.408671
b8 		 17 		 9.408671
b8 		 18 		 9.408671
b8 		 19 		 9.408671
b8 		 20 		 9.408671
b8 		 21 		 9.408671
b8 		 22 		 9.408671
b8 		 23 		 9.408671
b8 		 24 		 9.408671
b8 		 25 		 9.408671
b8 		 26 		 9.408671
b8 		 27 		 9.408671
b8 		 28 		 9.408671
b8 		 29 		 9.614507
b8 		 30 		 9.614507
b8 		 31 		 9.614507
b8 		 32 		 9.614507
b8 		 33 		 9.614507
b8 		 34 		 9.614507
b8 		 35 		 9.614507
b8 		 36 		 9.614507
b8 		 37 		 9.614507
b8 		 38 		 9.614507
b8 		 39 		 9.614507
b8 		 40 		 9.614507
b8 		 41 		 9.614507
b8 		 42 		 9.614507
b8 		 43 		 9.614507
b8 		 44 		 9.614507
b8 		 45 		 9.614507
b8 		 46 		 11.022192
b8 		 47 		 9.614507
b8 		 48 		 9.614507
b8 		 49 		 11.862367
b8 		 50 		 11.022192
b8 		 51 		 11.022192
b8 		 52 		 11.220091
b8 		 53 		 10.824293
b8 		 54 		 10.824293
b8 		 55 		 10.824293
b8 		 56 		 10.824293
b8 		 57 		 10.824293
b8 		 58 		 10.824293
b8 		 59 		 10.824293
b8 		 60 		 10.824293
b8 		 61 		 10.824293
b8 		 62 		 11.022192
b8 		 63 		 10.824293
b8 		 64 		 11.022192
b8 		 65 		 11.022192
b8 		 66 		 11.022192
b8 		 67 		 11.022192
b8 		 68 		 10.824293
b8 		 69 		 14.996762
b8 		 70 		 14.798864
b8 		 71 		 14.798864
b8 		 72 		 14.798864
b8 		 73 		 11.862367
b8 		 74 		 11.862367
b8 		 75 		 11.862367
b8 		 76 		 11.862367
b8 		 77 		 11.022192
b8 		 78 		 11.862367
b8 		 79 		 11.862367
b8 		 80 		 11.022192
b8 		 81 		 11.022192
b8 		 82 		 11.022192
b8 		 83 		 11.022192
b8 		 84 		 11.862367
b8 		 85 		 9.614507
b8 		 86 		 9.614507
b8 		 87 		 9.614507
b8 		 88 		 9.614507
b8 		 89 		 9.614507
b8 		 90 		 9.614507
b8 		 91 		 9.614507
b8 		 92 		 9.614507
b8 		 93 		 9.614507
b8 		 94 		 9.614507
b8 		 95 		 9.614507
b8 		 96 		 9.614507
----------------------------------------------------------------------------------------------------
b9 		 1 		 9.614507
b9 		 2 		 9.614507
b9 		 3 		 9.614507
b9 		 4 		 9.614507
b9 		 5 		 9.408671
b9 		 6 		 9.408671
b9 		 7 		 9.408671
b9 		 8 		 9.408671
b9 		 9 		 9.408671
b9 		 10 		 9.408671
b9 		 11 		 9.408671
b9 		 12 		 9.408671
b9 		 13 		 9.408671
b9 		 14 		 9.408671
b9 		 15 		 9.408671
b9 		 16 		 9.408671
b9 		 17 		 9.408671
b9 		 18 		 9.408671
b9 		 19 		 9.408671
b9 		 20 		 9.408671
b9 		 21 		 9.408671
b9 		 22 		 9.408671
b9 		 23 		 9.408671
b9 		 24 		 9.408671
b9 		 25 		 9.408671
b9 		 26 		 9.408671
b9 		 27 		 9.408671
b9 		 28 		 9.408671
b9 		 29 		 9.614507
b9 		 30 		 9.614507
b9 		 31 		 9.614507
b9 		 32 		 9.614507
b9 		 33 		 9.614507
b9 		 34 		 9.614507
b9 		 35 		 9.614507
b9 		 36 		 9.614507
b9 		 37 		 9.614507
b9 		 38 		 9.614507
b9 		 39 		 9.614507
b9 		 40 		 9.614507
b9 		 41 		 9.614507
b9 		 42 		 9.614507
b9 		 43 		 9.614507
b9 		 44 		 9.614507
b9 		 45 		 9.614507
b9 		 46 		 11.022192
b9 		 47 		 9.614507
b9 		 48 		 9.614507
b9 		 49 		 11.862367
b9 		 50 		 11.022192
b9 		 51 		 11.022192
b9 		 52 		 11.220091
b9 		 53 		 10.824293
b9 		 54 		 10.824293
b9 		 55 		 10.824293
b9 		 56 		 10.824293
b9 		 57 		 10.824293
b9 		 58 		 10.824293
b9 		 59 		 10.824293
b9 		 60 		 10.824293
b9 		 61 		 10.824293
b9 		 62 		 11.022192
b9 		 63 		 10.824293
b9 		 64 		 11.022192
b9 		 65 		 11.022192
b9 		 66 		 11.022192
b9 		 67 		 11.022192
b9 		 68 		 10.824293
b9 		 69 		 14.996762
b9 		 70 		 14.798864
b9 		 71 		 14.798864
b9 		 72 		 14.798864
b9 		 73 		 11.862367
b9 		 74 		 11.862367
b9 		 75 		 11.862367
b9 		 76 		 11.862367
b9 		 77 		 11.022192
b9 		 78 		 11.862367
b9 		 79 		 11.862367
b9 		 80 		 11.022192
b9 		 81 		 11.022192
b9 		 82 		 11.022192
b9 		 83 		 11.022192
b9 		 84 		 11.862367
b9 		 85 		 9.614507
b9 		 86 		 9.614507
b9 		 87 		 9.614507
b9 		 88 		 9.614507
b9 		 89 		 9.614507
b9 		 90 		 9.614507
b9 		 91 		 9.614507
b9 		 92 		 9.614507
b9 		 93 		 9.614507
b9 		 94 		 9.614507
b9 		 95 		 9.614507
b9 		 96 		 9.614507
----------------------------------------------------------------------------------------------------
b10 		 1 		 9.614507
b10 		 2 		 9.614507
b10 		 3 		 9.614507
b10 		 4 		 9.614507
b10 		 5 		 9.408671
b10 		 6 		 9.408671
b10 		 7 		 9.408671
b10 		 8 		 9.408671
b10 		 9 		 9.408671
b10 		 10 		 9.408671
b10 		 11 		 9.408671
b10 		 12 		 9.408671
b10 		 13 		 9.408671
b10 		 14 		 9.408671
b10 		 15 		 9.408671
b10 		 16 		 9.408671
b10 		 17 		 9.408671
b10 		 18 		 9.408671
b10 		 19 		 9.408671
b10 		 20 		 9.408671
b10 		 21 		 9.408671
b10 		 22 		 9.408671
b10 		 23 		 9.408671
b10 		 24 		 9.408671
b10 		 25 		 9.408671
b10 		 26 		 9.408671
b10 		 27 		 9.408671
b10 		 28 		 9.408671
b10 		 29 		 9.614507
b10 		 30 		 9.614507
b10 		 31 		 9.614507
b10 		 32 		 9.614507
b10 		 33 		 9.614507
b10 		 34 		 9.614507
b10 		 35 		 9.614507
b10 		 36 		 9.614507
b10 		 37 		 9.614507
b10 		 38 		 9.614507
b10 		 39 		 9.614507
b10 		 40 		 9.614507
b10 		 41 		 9.614507
b10 		 42 		 9.614507
b10 		 43 		 9.614507
b10 		 44 		 9.614507
b10 		 45 		 9.614507
b10 		 46 		 11.022192
b10 		 47 		 9.614507
b10 		 48 		 9.614507
b10 		 49 		 11.862367
b10 		 50 		 11.022192
b10 		 51 		 11.022192
b10 		 52 		 11.220091
b10 		 53 		 10.824293
b10 		 54 		 10.824293
b10 		 55 		 10.824293
b10 		 56 		 10.824293
b10 		 57 		 10.824293
b10 		 58 		 10.824293
b10 		 59 		 10.824293
b10 		 60 		 10.824293
b10 		 61 		 10.824293
b10 		 62 		 11.022192
b10 		 63 		 10.824293
b10 		 64 		 11.022192
b10 		 65 		 11.022192
b10 		 66 		 11.022192
b10 		 67 		 11.022192
b10 		 68 		 10.824293
b10 		 69 		 14.996762
b10 		 70 		 14.798864
b10 		 71 		 14.798864
b10 		 72 		 14.798864
b10 		 73 		 11.862367
b10 		 74 		 11.862367
b10 		 75 		 11.862367
b10 		 76 		 11.862367
b10 		 77 		 11.022192
b10 		 78 		 11.862367
b10 		 79 		 11.862367
b10 		 80 		 11.022192
b10 		 81 		 11.022192
b10 		 82 		 11.022192
b10 		 83 		 11.022192
b10 		 84 		 11.862367
b10 		 85 		 9.614507
b10 		 86 		 9.614507
b10 		 87 		 9.614507
b10 		 88 		 9.614507
b10 		 89 		 9.614507
b10 		 90 		 9.614507
b10 		 91 		 9.614507
b10 		 92 		 9.614507
b10 		 93 		 9.614507
b10 		 94 		 9.614507
b10 		 95 		 9.614507
b10 		 96 		 9.614507
----------------------------------------------------------------------------------------------------
b11 		 1 		 9.614507
b11 		 2 		 9.614507
b11 		 3 		 9.614507
b11 		 4 		 9.614507
b11 		 5 		 9.408671
b11 		 6 		 9.408671
b11 		 7 		 9.408671
b11 		 8 		 9.408671
b11 		 9 		 9.408671
b11 		 10 		 9.408671
b11 		 11 		 9.408671
b11 		 12 		 9.408671
b11 		 13 		 9.408671
b11 		 14 		 9.408671
b11 		 15 		 9.408671
b11 		 16 		 9.408671
b11 		 17 		 9.408671
b11 		 18 		 9.408671
b11 		 19 		 9.408671
b11 		 20 		 9.408671
b11 		 21 		 9.408671
b11 		 22 		 9.408671
b11 		 23 		 9.408671
b11 		 24 		 9.408671
b11 		 25 		 9.408671
b11 		 26 		 9.408671
b11 		 27 		 9.408671
b11 		 28 		 9.408671
b11 		 29 		 9.614507
b11 		 30 		 9.614507
b11 		 31 		 9.614507
b11 		 32 		 9.614507
b11 		 33 		 9.614507
b11 		 34 		 9.614507
b11 		 35 		 9.614507
b11 		 36 		 9.614507
b11 		 37 		 9.614507
b11 		 38 		 9.614507
b11 		 39 		 9.614507
b11 		 40 		 9.614507
b11 		 41 		 9.614507
b11 		 42 		 9.614507
b11 		 43 		 9.614507
b11 		 44 		 9.614507
b11 		 45 		 9.614507
b11 		 46 		 11.022192
b11 		 47 		 9.614507
b11 		 48 		 9.614507
b11 		 49 		 11.862367
b11 		 50 		 11.022192
b11 		 51 		 11.022192
b11 		 52 		 11.220091
b11 		 53 		 10.824293
b11 		 54 		 10.824293
b11 		 55 		 10.824293
b11 		 56 		 10.824293
b11 		 57 		 10.824293
b11 		 58 		 10.824293
b11 		 59 		 10.824293
b11 		 60 		 10.824293
b11 		 61 		 10.824293
b11 		 62 		 11.022192
b11 		 63 		 10.824293
b11 		 64 		 11.022192
b11 		 65 		 11.022192
b11 		 66 		 11.022192
b11 		 67 		 11.022192
b11 		 68 		 10.824293
b11 		 69 		 14.996762
b11 		 70 		 14.798864
b11 		 71 		 14.798864
b11 		 72 		 14.798864
b11 		 73 		 11.862367
b11 		 74 		 11.862367
b11 		 75 		 11.862367
b11 		 76 		 11.862367
b11 		 77 		 11.022192
b11 		 78 		 11.862367
b11 		 79 		 11.862367
b11 		 80 		 11.022192
b11 		 81 		 11.022192
b11 		 82 		 11.022192
b11 		 83 		 11.022192
b11 		 84 		 11.862367
b11 		 85 		 9.614507
b11 		 86 		 9.614507
b11 		 87 		 9.614507
b11 		 88 		 9.614507
b11 		 89 		 9.614507
b11 		 90 		 9.614507
b11 		 91 		 9.614507
b11 		 92 		 9.614507
b11 		 93 		 9.614507
b11 		 94 		 9.614507
b11 		 95 		 9.614507
b11 		 96 		 9.614507
----------------------------------------------------------------------------------------------------
b12 		 1 		 9.614507
b12 		 2 		 9.614507
b12 		 3 		 9.614507
b12 		 4 		 9.614507
b12 		 5 		 9.408671
b12 		 6 		 9.408671
b12 		 7 		 9.408671
b12 		 8 		 9.408671
b12 		 9 		 9.408671
b12 		 10 		 9.408671
b12 		 11 		 9.408671
b12 		 12 		 9.408671
b12 		 13 		 9.408671
b12 		 14 		 9.408671
b12 		 15 		 9.408671
b12 		 16 		 9.408671
b12 		 17 		 9.408671
b12 		 18 		 9.408671
b12 		 19 		 9.408671
b12 		 20 		 9.408671
b12 		 21 		 9.408671
b12 		 22 		 9.408671
b12 		 23 		 9.408671
b12 		 24 		 9.408671
b12 		 25 		 9.408671
b12 		 26 		 9.408671
b12 		 27 		 9.408671
b12 		 28 		 9.408671
b12 		 29 		 9.614507
b12 		 30 		 9.614507
b12 		 31 		 9.614507
b12 		 32 		 9.614507
b12 		 33 		 9.614507
b12 		 34 		 9.614507
b12 		 35 		 9.614507
b12 		 36 		 9.614507
b12 		 37 		 9.614507
b12 		 38 		 9.614507
b12 		 39 		 9.614507
b12 		 40 		 9.614507
b12 		 41 		 9.614507
b12 		 42 		 9.614507
b12 		 43 		 9.614507
b12 		 44 		 9.614507
b12 		 45 		 9.614507
b12 		 46 		 11.022192
b12 		 47 		 9.614507
b12 		 48 		 9.614507
b12 		 49 		 11.862367
b12 		 50 		 11.022192
b12 		 51 		 11.022192
b12 		 52 		 11.220091
b12 		 53 		 10.824293
b12 		 54 		 10.824293
b12 		 55 		 10.824293
b12 		 56 		 10.824293
b12 		 57 		 10.824293
b12 		 58 		 10.824293
b12 		 59 		 10.824293
b12 		 60 		 10.824293
b12 		 61 		 10.824293
b12 		 62 		 11.022192
b12 		 63 		 10.824293
b12 		 64 		 11.022192
b12 		 65 		 11.022192
b12 		 66 		 11.022192
b12 		 67 		 11.022192
b12 		 68 		 10.824293
b12 		 69 		 14.996762
b12 		 70 		 14.798864
b12 		 71 		 14.798864
b12 		 72 		 14.798864
b12 		 73 		 11.862367
b12 		 74 		 11.862367
b12 		 75 		 11.862367
b12 		 76 		 11.862367
b12 		 77 		 11.022192
b12 		 78 		 11.862367
b12 		 79 		 11.862367
b12 		 80 		 11.022192
b12 		 81 		 11.022192
b12 		 82 		 11.022192
b12 		 83 		 11.022192
b12 		 84 		 11.862367
b12 		 85 		 9.614507
b12 		 86 		 9.614507
b12 		 87 		 9.614507
b12 		 88 		 9.614507
b12 		 89 		 9.614507
b12 		 90 		 9.614507
b12 		 91 		 9.614507
b12 		 92 		 9.614507
b12 		 93 		 9.614507
b12 		 94 		 9.614507
b12 		 95 		 9.614507
b12 		 96 		 9.614507
----------------------------------------------------------------------------------------------------
b13 		 1 		 9.614507
b13 		 2 		 9.614507
b13 		 3 		 9.614507
b13 		 4 		 9.614507
b13 		 5 		 9.408671
b13 		 6 		 9.408671
b13 		 7 		 9.408671
b13 		 8 		 9.408671
b13 		 9 		 9.408671
b13 		 10 		 9.408671
b13 		 11 		 9.408671
b13 		 12 		 9.408671
b13 		 13 		 9.408671
b13 		 14 		 9.408671
b13 		 15 		 9.408671
b13 		 16 		 9.408671
b13 		 17 		 9.408671
b13 		 18 		 9.408671
b13 		 19 		 9.408671
b13 		 20 		 9.408671
b13 		 21 		 9.408671
b13 		 22 		 9.408671
b13 		 23 		 9.408671
b13 		 24 		 9.408671
b13 		 25 		 9.408671
b13 		 26 		 9.408671
b13 		 27 		 9.408671
b13 		 28 		 9.408671
b13 		 29 		 9.614507
b13 		 30 		 9.614507
b13 		 31 		 9.614507
b13 		 32 		 9.614507
b13 		 33 		 9.614507
b13 		 34 		 9.614507
b13 		 35 		 9.614507
b13 		 36 		 9.614507
b13 		 37 		 9.614507
b13 		 38 		 9.614507
b13 		 39 		 9.614507
b13 		 40 		 9.614507
b13 		 41 		 9.614507
b13 		 42 		 9.614507
b13 		 43 		 9.614507
b13 		 44 		 9.614507
b13 		 45 		 9.614507
b13 		 46 		 11.022192
b13 		 47 		 9.614507
b13 		 48 		 9.614507
b13 		 49 		 11.862367
b13 		 50 		 11.022192
b13 		 51 		 11.022192
b13 		 52 		 11.220091
b13 		 53 		 10.824293
b13 		 54 		 10.824293
b13 		 55 		 10.824293
b13 		 56 		 10.824293
b13 		 57 		 10.824293
b13 		 58 		 10.824293
b13 		 59 		 10.824293
b13 		 60 		 10.824293
b13 		 61 		 10.824293
b13 		 62 		 11.022192
b13 		 63 		 10.824293
b13 		 64 		 11.022192
b13 		 65 		 11.022192
b13 		 66 		 11.022192
b13 		 67 		 11.022192
b13 		 68 		 10.824293
b13 		 69 		 14.996762
b13 		 70 		 14.798864
b13 		 71 		 14.798864
b13 		 72 		 14.798864
b13 		 73 		 11.862367
b13 		 74 		 11.862367
b13 		 75 		 11.862367
b13 		 76 		 11.862367
b13 		 77 		 11.022192
b13 		 78 		 11.862367
b13 		 79 		 11.862367
b13 		 80 		 11.022192
b13 		 81 		 11.022192
b13 		 82 		 11.022192
b13 		 83 		 11.022192
b13 		 84 		 11.862367
b13 		 85 		 9.614507
b13 		 86 		 9.614507
b13 		 87 		 9.614507
b13 		 88 		 9.614507
b13 		 89 		 9.614507
b13 		 90 		 9.614507
b13 		 91 		 9.614507
b13 		 92 		 9.614507
b13 		 93 		 9.614507
b13 		 94 		 9.614507
b13 		 95 		 9.614507
b13 		 96 		 9.614507
----------------------------------------------------------------------------------------------------
b14 		 1 		 9.614507
b14 		 2 		 9.614507
b14 		 3 		 9.614507
b14 		 4 		 9.614507
b14 		 5 		 9.408671
b14 		 6 		 9.408671
b14 		 7 		 9.408671
b14 		 8 		 9.408671
b14 		 9 		 9.408671
b14 		 10 		 9.408671
b14 		 11 		 9.408671
b14 		 12 		 9.408671
b14 		 13 		 9.408671
b14 		 14 		 9.408671
b14 		 15 		 9.408671
b14 		 16 		 9.408671
b14 		 17 		 9.408671
b14 		 18 		 9.408671
b14 		 19 		 9.408671
b14 		 20 		 9.408671
b14 		 21 		 9.408671
b14 		 22 		 9.408671
b14 		 23 		 9.408671
b14 		 24 		 9.408671
b14 		 25 		 9.408671
b14 		 26 		 9.408671
b14 		 27 		 9.408671
b14 		 28 		 9.408671
b14 		 29 		 9.614507
b14 		 30 		 9.614507
b14 		 31 		 9.614507
b14 		 32 		 9.614507
b14 		 33 		 9.614507
b14 		 34 		 9.614507
b14 		 35 		 9.614507
b14 		 36 		 9.614507
b14 		 37 		 9.614507
b14 		 38 		 9.614507
b14 		 39 		 9.614507
b14 		 40 		 9.614507
b14 		 41 		 9.614507
b14 		 42 		 9.614507
b14 		 43 		 9.614507
b14 		 44 		 9.614507
b14 		 45 		 9.614507
b14 		 46 		 11.022192
b14 		 47 		 9.614507
b14 		 48 		 9.614507
b14 		 49 		 11.862367
b14 		 50 		 11.022192
b14 		 51 		 11.022192
b14 		 52 		 11.220091
b14 		 53 		 10.824293
b14 		 54 		 10.824293
b14 		 55 		 10.824293
b14 		 56 		 10.824293
b14 		 57 		 10.824293
b14 		 58 		 10.824293
b14 		 59 		 10.824293
b14 		 60 		 10.824293
b14 		 61 		 10.824293
b14 		 62 		 11.022192
b14 		 63 		 10.824293
b14 		 64 		 11.022192
b14 		 65 		 11.022192
b14 		 66 		 11.022192
b14 		 67 		 11.022192
b14 		 68 		 10.824293
b14 		 69 		 14.996762
b14 		 70 		 14.798864
b14 		 71 		 14.798864
b14 		 72 		 14.798864
b14 		 73 		 11.862367
b14 		 74 		 11.862367
b14 		 75 		 11.862367
b14 		 76 		 11.862367
b14 		 77 		 11.022192
b14 		 78 		 11.862367
b14 		 79 		 11.862367
b14 		 80 		 11.022192
b14 		 81 		 11.022192
b14 		 82 		 11.022192
b14 		 83 		 11.022192
b14 		 84 		 11.862367
b14 		 85 		 9.614507
b14 		 86 		 9.614507
b14 		 87 		 9.614507
b14 		 88 		 9.614507
b14 		 89 		 9.614507
b14 		 90 		 9.614507
b14 		 91 		 9.614507
b14 		 92 		 9.614507
b14 		 93 		 9.614507
b14 		 94 		 9.614507
b14 		 95 		 9.614507
b14 		 96 		 9.614507
----------------------------------------------------------------------------------------------------
Total overall payments
----------------------------------------------------------------------------------------------------------------------------------------------------
total generation payment 	 total up-FRP payment 	 total dw-FRP payment 	 total pre-up t. payment 	 uplift payment 	 total post-up t. payment 	 profit
----------------------------------------------------------------------------------------------------------------------------------------------------
357418.458683 			 686.729709 			 0.0 			 358105.18839200004			 30509.554356 			 388614.742748 			 50256.44718300004
