****************************************************************************************************
 
Generation payment
----------------------------------------------------------------------------------------------------------------
unit	 time 	 generation payment 	 up-FRP payment 	 dw-FRP payment 	pre-up total payment
----------------------------------------------------------------------------------------------------------------
g1	 1 	 323.116458 			 0.0 			 0.0			 323.116458 
g1	 2 	 647.810272 			 0.0 			 0.0			 647.810272 
g1	 3 	 254.802424 			 0.0 			 0.0			 254.802424 
g1	 4 	 47.312875 			 0.0 			 0.0			 47.312875 
g1	 5 	 -141.955606 			 0.0 			 0.0			 -141.955606 
g1	 6 	 304.439811 			 0.0 			 0.0			 304.439811 
g1	 7 	 11182.585 			 0.0 			 0.0			 11182.585 
g1	 8 	 -130858.036022 			 0.0 			 0.0			 -130858.036022 
g1	 9 	 -38.643395 			 0.0 			 0.0			 -38.643395 
g1	 10 	 539.640088 			 0.0 			 0.0			 539.640088 
g1	 11 	 -38.643395 			 0.0 			 0.0			 -38.643395 
g1	 12 	 205.568679 			 0.0 			 0.0			 205.568679 
g1	 13 	 191.353673 			 0.0 			 0.0			 191.353673 
g1	 14 	 566.73445 			 0.0 			 0.0			 566.73445 
g1	 15 	 165.957299 			 0.0 			 0.0			 165.957299 
g1	 16 	 570.307421 			 0.0 			 0.0			 570.307421 
g1	 17 	 220.154932 			 0.0 			 0.0			 220.154932 
g1	 18 	 312.606556 			 0.0 			 0.0			 312.606556 
g1	 19 	 492.023891 			 0.0 			 0.0			 492.023891 
g1	 20 	 307.285191 			 0.0 			 0.0			 307.285191 
g1	 21 	 -21.73371 			 0.0 			 0.0			 -21.73371 
g1	 22 	 464.079562 			 0.0 			 0.0			 464.079562 
g1	 23 	 110.583168 			 0.0 			 0.0			 110.583168 
g1	 24 	 42429.010632 			 0.0 			 0.0			 42429.010632 
g1	 25 	 130763.915 			 0.0 			 0.0			 130763.915 
g1	 26 	 67.976811 			 0.0 			 0.0			 67.976811 
g1	 27 	 -41.997654 			 0.0 			 0.0			 -41.997654 
g1	 28 	 -5269.150675 			 0.0 			 0.0			 -5269.150675 
g1	 29 	 87149.0475 			 0.0 			 0.0			 87149.0475 
g1	 30 	 240.413642 			 0.0 			 0.0			 240.413642 
g1	 31 	 -18.990819 			 0.0 			 0.0			 -18.990819 
g1	 32 	 -351.610823 			 0.0 			 0.0			 -351.610823 
g1	 33 	 186.985801 			 0.0 			 0.0			 186.985801 
g1	 34 	 138578.335 			 0.0 			 0.0			 138578.335 
g1	 35 	 -4412.82912 			 0.0 			 0.0			 -4412.82912 
g1	 36 	 129.498995 			 0.0 			 0.0			 129.498995 
g1	 37 	 505.244601 			 0.0 			 0.0			 505.244601 
g1	 38 	 115.081813 			 0.0 			 0.0			 115.081813 
g1	 39 	 -47.750915 			 0.0 			 0.0			 -47.750915 
g1	 40 	 -28022.920998 			 0.0 			 0.0			 -28022.920998 
g1	 41 	 52318.835 			 0.0 			 0.0			 52318.835 
g1	 42 	 207.011825 			 0.0 			 0.0			 207.011825 
g1	 43 	 -284.071901 			 0.0 			 0.0			 -284.071901 
g1	 44 	 259.250624 			 0.0 			 0.0			 259.250624 
g1	 45 	 317.028952 			 0.0 			 0.0			 317.028952 
g1	 46 	 47986.9275 			 0.0 			 0.0			 47986.9275 
g1	 47 	 -94307.077091 			 0.0 			 0.0			 -94307.077091 
g1	 48 	 -71502.830012 			 0.0 			 0.0			 -71502.830012 
g1	 49 	 42252.75 			 0.0 			 0.0			 42252.75 
g1	 50 	 -387.50859 			 0.0 			 0.0			 -387.50859 
g1	 51 	 186.287169 			 0.0 			 0.0			 186.287169 
g1	 52 	 -13814.025 			 0.0 			 0.0			 -13814.025 
g1	 53 	 -296745.876224 			 0.0 			 0.0			 -296745.876224 
g1	 54 	 -6202.645 			 0.0 			 0.0			 -6202.645 
g1	 55 	 236.602644 			 0.0 			 0.0			 236.602644 
g1	 56 	 -304.617711 			 0.0 			 0.0			 -304.617711 
g1	 57 	 -119.63606 			 0.0 			 0.0			 -119.63606 
g1	 58 	 287.949838 			 0.0 			 0.0			 287.949838 
g1	 59 	 -0.640807 			 0.0 			 0.0			 -0.640807 
g1	 60 	 186.287169 			 0.0 			 0.0			 186.287169 
g1	 61 	 -184.759481 			 0.0 			 0.0			 -184.759481 
g1	 62 	 200.487051 			 0.0 			 0.0			 200.487051 
g1	 63 	 194.259418 			 0.0 			 0.0			 194.259418 
g1	 64 	 51.006873 			 0.0 			 0.0			 51.006873 
g1	 65 	 213.57293 			 0.0 			 0.0			 213.57293 
g1	 66 	 -108.113622 			 0.0 			 0.0			 -108.113622 
g1	 67 	 -70.762512 			 0.0 			 0.0			 -70.762512 
g1	 68 	 232.886443 			 0.0 			 0.0			 232.886443 
g1	 69 	 75.986631 			 0.0 			 0.0			 75.986631 
g1	 70 	 -117614.496034 			 0.0 			 0.0			 -117614.496034 
g1	 71 	 24498.8475 			 0.0 			 0.0			 24498.8475 
g1	 72 	 240.454532 			 0.0 			 0.0			 240.454532 
g1	 73 	 172.152509 			 0.0 			 0.0			 172.152509 
g1	 74 	 -13.413487 			 0.0 			 0.0			 -13.413487 
g1	 75 	 -99951.087126 			 0.0 			 0.0			 -99951.087126 
g1	 76 	 42252.75 			 0.0 			 0.0			 42252.75 
g1	 77 	 172.152509 			 0.0 			 0.0			 172.152509 
g1	 78 	 194.259418 			 0.0 			 0.0			 194.259418 
g1	 79 	 -99875.331184 			 0.0 			 0.0			 -99875.331184 
g1	 80 	 42252.75 			 0.0 			 0.0			 42252.75 
g1	 81 	 29.88556 			 0.0 			 0.0			 29.88556 
g1	 82 	 -99898.3624 			 0.0 			 0.0			 -99898.3624 
g1	 83 	 42252.75 			 0.0 			 0.0			 42252.75 
g1	 84 	 186.287169 			 0.0 			 0.0			 186.287169 
g1	 85 	 697.363837 			 0.0 			 0.0			 697.363837 
g1	 86 	 54.620595 			 0.0 			 0.0			 54.620595 
g1	 87 	 697.363837 			 0.0 			 0.0			 697.363837 
g1	 88 	 141.893808 			 0.0 			 0.0			 141.893808 
g1	 89 	 25.261021 			 0.0 			 0.0			 25.261021 
g1	 90 	 288.253323 			 0.0 			 0.0			 288.253323 
g1	 91 	 117.669913 			 0.0 			 0.0			 117.669913 
g1	 92 	 -260.702356 			 0.0 			 0.0			 -260.702356 
g1	 93 	 141.667645 			 0.0 			 0.0			 141.667645 
g1	 94 	 177.558283 			 0.0 			 0.0			 177.558283 
g1	 95 	 10431.8775 			 0.0 			 0.0			 10431.8775 
g1	 96 	 -131584.185472 			 0.0 			 0.0			 -131584.185472 
----------------------------------------------------------------------------------------------------
g2	 1 	 0.0 			 0.0 			 0.0			 0.0 
g2	 2 	 0.0 			 0.0 			 0.0			 0.0 
g2	 3 	 0.0 			 0.0 			 0.0			 0.0 
g2	 4 	 0.0 			 0.0 			 0.0			 0.0 
g2	 5 	 0.0 			 0.0 			 0.0			 0.0 
g2	 6 	 0.0 			 0.0 			 0.0			 0.0 
g2	 7 	 0.0 			 0.0 			 0.0			 0.0 
g2	 8 	 0.0 			 0.0 			 0.0			 0.0 
g2	 9 	 0.0 			 0.0 			 0.0			 0.0 
g2	 10 	 0.0 			 0.0 			 0.0			 0.0 
g2	 11 	 0.0 			 0.0 			 0.0			 0.0 
g2	 12 	 0.0 			 0.0 			 0.0			 0.0 
g2	 13 	 0.0 			 0.0 			 0.0			 0.0 
g2	 14 	 0.0 			 0.0 			 0.0			 0.0 
g2	 15 	 0.0 			 0.0 			 0.0			 0.0 
g2	 16 	 0.0 			 0.0 			 0.0			 0.0 
g2	 17 	 0.0 			 0.0 			 0.0			 0.0 
g2	 18 	 0.0 			 0.0 			 0.0			 0.0 
g2	 19 	 0.0 			 0.0 			 0.0			 0.0 
g2	 20 	 0.0 			 0.0 			 0.0			 0.0 
g2	 21 	 0.0 			 0.0 			 0.0			 0.0 
g2	 22 	 0.0 			 0.0 			 0.0			 0.0 
g2	 23 	 0.0 			 0.0 			 0.0			 0.0 
g2	 24 	 0.0 			 0.0 			 0.0			 0.0 
g2	 25 	 0.0 			 0.0 			 0.0			 0.0 
g2	 26 	 0.0 			 0.0 			 0.0			 0.0 
g2	 27 	 0.0 			 0.0 			 0.0			 0.0 
g2	 28 	 0.0 			 0.0 			 0.0			 0.0 
g2	 29 	 0.0 			 0.0 			 0.0			 0.0 
g2	 30 	 0.0 			 0.0 			 0.0			 0.0 
g2	 31 	 0.0 			 0.0 			 0.0			 0.0 
g2	 32 	 0.0 			 0.0 			 0.0			 0.0 
g2	 33 	 527.731795 			 0.0 			 0.0			 527.731795 
g2	 34 	 53070.06 			 0.0 			 0.0			 53070.06 
g2	 35 	 -2746.381799 			 0.0 			 0.0			 -2746.381799 
g2	 36 	 -180.994966 			 0.0 			 0.0			 -180.994966 
g2	 37 	 22.591217 			 0.0 			 0.0			 22.591217 
g2	 38 	 21.701904 			 0.0 			 0.0			 21.701904 
g2	 39 	 -82.376755 			 0.0 			 0.0			 -82.376755 
g2	 40 	 -49812.546513 			 0.0 			 0.0			 -49812.546513 
g2	 41 	 5643.01 			 0.0 			 0.0			 5643.01 
g2	 42 	 21.701904 			 0.0 			 0.0			 21.701904 
g2	 43 	 -103.160643 			 0.0 			 0.0			 -103.160643 
g2	 44 	 44.695997 			 0.0 			 0.0			 44.695997 
g2	 45 	 301.455817 			 0.0 			 0.0			 301.455817 
g2	 46 	 11622.02 			 0.0 			 0.0			 11622.02 
g2	 47 	 -43875.391949 			 0.0 			 0.0			 -43875.391949 
g2	 48 	 5597.782686 			 0.0 			 0.0			 5597.782686 
g2	 49 	 47420.0475 			 0.0 			 0.0			 47420.0475 
g2	 50 	 54.219887 			 0.0 			 0.0			 54.219887 
g2	 51 	 308.339021 			 0.0 			 0.0			 308.339021 
g2	 52 	 14098.4575 			 0.0 			 0.0			 14098.4575 
g2	 53 	 -55040.099807 			 0.0 			 0.0			 -55040.099807 
g2	 54 	 28158.92 			 0.0 			 0.0			 28158.92 
g2	 55 	 398.558544 			 0.0 			 0.0			 398.558544 
g2	 56 	 92.074127 			 0.0 			 0.0			 92.074127 
g2	 57 	 269.706247 			 0.0 			 0.0			 269.706247 
g2	 58 	 858.460772 			 0.0 			 0.0			 858.460772 
g2	 59 	 269.706247 			 0.0 			 0.0			 269.706247 
g2	 60 	 309.19464 			 0.0 			 0.0			 309.19464 
g2	 61 	 17.097574 			 0.0 			 0.0			 17.097574 
g2	 62 	 286.040933 			 0.0 			 0.0			 286.040933 
g2	 63 	 368.593519 			 0.0 			 0.0			 368.593519 
g2	 64 	 145.07319 			 0.0 			 0.0			 145.07319 
g2	 65 	 416.04855 			 0.0 			 0.0			 416.04855 
g2	 66 	 101.808149 			 0.0 			 0.0			 101.808149 
g2	 67 	 162.749221 			 0.0 			 0.0			 162.749221 
g2	 68 	 541.011862 			 0.0 			 0.0			 541.011862 
g2	 69 	 252.175106 			 0.0 			 0.0			 252.175106 
g2	 70 	 9659.142311 			 0.0 			 0.0			 9659.142311 
g2	 71 	 65571.5125 			 0.0 			 0.0			 65571.5125 
g2	 72 	 165.88244 			 0.0 			 0.0			 165.88244 
g2	 73 	 -143.148563 			 0.0 			 0.0			 -143.148563 
g2	 74 	 -171.513585 			 0.0 			 0.0			 -171.513585 
g2	 75 	 -41764.723266 			 0.0 			 0.0			 -41764.723266 
g2	 76 	 13729.6525 			 0.0 			 0.0			 13729.6525 
g2	 77 	 126.319082 			 0.0 			 0.0			 126.319082 
g2	 78 	 378.752338 			 0.0 			 0.0			 378.752338 
g2	 79 	 35517.008628 			 0.0 			 0.0			 35517.008628 
g2	 80 	 91673.465 			 0.0 			 0.0			 91673.465 
g2	 81 	 180.898353 			 0.0 			 0.0			 180.898353 
g2	 82 	 49250.688947 			 0.0 			 0.0			 49250.688947 
g2	 83 	 105519.0225 			 0.0 			 0.0			 105519.0225 
g2	 84 	 329.846624 			 0.0 			 0.0			 329.846624 
g2	 85 	 219.431033 			 0.0 			 0.0			 219.431033 
g2	 86 	 -21.877626 			 0.0 			 0.0			 -21.877626 
g2	 87 	 219.431033 			 0.0 			 0.0			 219.431033 
g2	 88 	 -23.333332 			 0.0 			 0.0			 -23.333332 
g2	 89 	 21.701904 			 0.0 			 0.0			 21.701904 
g2	 90 	 21.701904 			 0.0 			 0.0			 21.701904 
g2	 91 	 21.701904 			 0.0 			 0.0			 21.701904 
g2	 92 	 -17.952407 			 0.0 			 0.0			 -17.952407 
g2	 93 	 21.701904 			 0.0 			 0.0			 21.701904 
g2	 94 	 21.701904 			 0.0 			 0.0			 21.701904 
g2	 95 	 5643.01 			 0.0 			 0.0			 5643.01 
g2	 96 	 -49812.546513 			 0.0 			 0.0			 -49812.546513 
----------------------------------------------------------------------------------------------------
g3	 1 	 0.0 			 0.0 			 0.0			 0.0 
g3	 2 	 0.0 			 0.0 			 0.0			 0.0 
g3	 3 	 0.0 			 0.0 			 0.0			 0.0 
g3	 4 	 0.0 			 0.0 			 0.0			 0.0 
g3	 5 	 0.0 			 0.0 			 0.0			 0.0 
g3	 6 	 0.0 			 0.0 			 0.0			 0.0 
g3	 7 	 0.0 			 0.0 			 0.0			 0.0 
g3	 8 	 0.0 			 0.0 			 0.0			 0.0 
g3	 9 	 0.0 			 0.0 			 0.0			 0.0 
g3	 10 	 0.0 			 0.0 			 0.0			 0.0 
g3	 11 	 0.0 			 0.0 			 0.0			 0.0 
g3	 12 	 0.0 			 0.0 			 0.0			 0.0 
g3	 13 	 0.0 			 0.0 			 0.0			 0.0 
g3	 14 	 0.0 			 0.0 			 0.0			 0.0 
g3	 15 	 0.0 			 0.0 			 0.0			 0.0 
g3	 16 	 0.0 			 0.0 			 0.0			 0.0 
g3	 17 	 0.0 			 0.0 			 0.0			 0.0 
g3	 18 	 0.0 			 0.0 			 0.0			 0.0 
g3	 19 	 0.0 			 0.0 			 0.0			 0.0 
g3	 20 	 0.0 			 0.0 			 0.0			 0.0 
g3	 21 	 0.0 			 0.0 			 0.0			 0.0 
g3	 22 	 0.0 			 0.0 			 0.0			 0.0 
g3	 23 	 0.0 			 0.0 			 0.0			 0.0 
g3	 24 	 0.0 			 0.0 			 0.0			 0.0 
g3	 25 	 0.0 			 0.0 			 0.0			 0.0 
g3	 26 	 0.0 			 0.0 			 0.0			 0.0 
g3	 27 	 0.0 			 0.0 			 0.0			 0.0 
g3	 28 	 0.0 			 0.0 			 0.0			 0.0 
g3	 29 	 0.0 			 0.0 			 0.0			 0.0 
g3	 30 	 0.0 			 0.0 			 0.0			 0.0 
g3	 31 	 0.0 			 0.0 			 0.0			 0.0 
g3	 32 	 0.0 			 0.0 			 0.0			 0.0 
g3	 33 	 0.0 			 0.0 			 0.0			 0.0 
g3	 34 	 0.0 			 0.0 			 0.0			 0.0 
g3	 35 	 0.0 			 0.0 			 0.0			 0.0 
g3	 36 	 0.0 			 0.0 			 0.0			 0.0 
g3	 37 	 0.0 			 0.0 			 0.0			 0.0 
g3	 38 	 0.0 			 0.0 			 0.0			 0.0 
g3	 39 	 0.0 			 0.0 			 0.0			 0.0 
g3	 40 	 0.0 			 0.0 			 0.0			 0.0 
g3	 41 	 0.0 			 0.0 			 0.0			 0.0 
g3	 42 	 0.0 			 0.0 			 0.0			 0.0 
g3	 43 	 0.0 			 0.0 			 0.0			 0.0 
g3	 44 	 0.0 			 0.0 			 0.0			 0.0 
g3	 45 	 0.0 			 0.0 			 0.0			 0.0 
g3	 46 	 0.0 			 0.0 			 0.0			 0.0 
g3	 47 	 0.0 			 0.0 			 0.0			 0.0 
g3	 48 	 0.0 			 0.0 			 0.0			 0.0 
g3	 49 	 0.0 			 0.0 			 0.0			 0.0 
g3	 50 	 0.0 			 0.0 			 0.0			 0.0 
g3	 51 	 0.0 			 0.0 			 0.0			 0.0 
g3	 52 	 0.0 			 0.0 			 0.0			 0.0 
g3	 53 	 -92745.929213 			 0.0 			 0.0			 -92745.929213 
g3	 54 	 -10452.5975 			 0.0 			 0.0			 -10452.5975 
g3	 55 	 64.319426 			 0.0 			 0.0			 64.319426 
g3	 56 	 -60.828656 			 0.0 			 0.0			 -60.828656 
g3	 57 	 67.625923 			 0.0 			 0.0			 67.625923 
g3	 58 	 366.451747 			 0.0 			 0.0			 366.451747 
g3	 59 	 67.625923 			 0.0 			 0.0			 67.625923 
g3	 60 	 17.845414 			 0.0 			 0.0			 17.845414 
g3	 61 	 15.56631 			 0.0 			 0.0			 15.56631 
g3	 62 	 74.78812 			 0.0 			 0.0			 74.78812 
g3	 63 	 18.609117 			 0.0 			 0.0			 18.609117 
g3	 64 	 15.56631 			 0.0 			 0.0			 15.56631 
g3	 65 	 203.374463 			 0.0 			 0.0			 203.374463 
g3	 66 	 15.56631 			 0.0 			 0.0			 15.56631 
g3	 67 	 15.56631 			 0.0 			 0.0			 15.56631 
g3	 68 	 221.765723 			 0.0 			 0.0			 221.765723 
g3	 69 	 -107.440779 			 0.0 			 0.0			 -107.440779 
g3	 70 	 -63631.430938 			 0.0 			 0.0			 -63631.430938 
g3	 71 	 -27937.1525 			 0.0 			 0.0			 -27937.1525 
g3	 72 	 -113.825748 			 0.0 			 0.0			 -113.825748 
g3	 73 	 0.0 			 0.0 			 0.0			 0.0 
g3	 74 	 0.0 			 0.0 			 0.0			 0.0 
g3	 75 	 0.0 			 0.0 			 0.0			 0.0 
g3	 76 	 0.0 			 0.0 			 0.0			 0.0 
g3	 77 	 0.0 			 0.0 			 0.0			 0.0 
g3	 78 	 0.0 			 0.0 			 0.0			 0.0 
g3	 79 	 0.0 			 0.0 			 0.0			 0.0 
g3	 80 	 0.0 			 0.0 			 0.0			 0.0 
g3	 81 	 0.0 			 0.0 			 0.0			 0.0 
g3	 82 	 0.0 			 0.0 			 0.0			 0.0 
g3	 83 	 0.0 			 0.0 			 0.0			 0.0 
g3	 84 	 0.0 			 0.0 			 0.0			 0.0 
g3	 85 	 0.0 			 0.0 			 0.0			 0.0 
g3	 86 	 0.0 			 0.0 			 0.0			 0.0 
g3	 87 	 0.0 			 0.0 			 0.0			 0.0 
g3	 88 	 0.0 			 0.0 			 0.0			 0.0 
g3	 89 	 0.0 			 0.0 			 0.0			 0.0 
g3	 90 	 0.0 			 0.0 			 0.0			 0.0 
g3	 91 	 0.0 			 0.0 			 0.0			 0.0 
g3	 92 	 0.0 			 0.0 			 0.0			 0.0 
g3	 93 	 0.0 			 0.0 			 0.0			 0.0 
g3	 94 	 0.0 			 0.0 			 0.0			 0.0 
g3	 95 	 0.0 			 0.0 			 0.0			 0.0 
g3	 96 	 0.0 			 0.0 			 0.0			 0.0 
----------------------------------------------------------------------------------------------------
g4	 1 	 0.0 			 0.0 			 0.0			 0.0 
g4	 2 	 0.0 			 0.0 			 0.0			 0.0 
g4	 3 	 0.0 			 0.0 			 0.0			 0.0 
g4	 4 	 0.0 			 0.0 			 0.0			 0.0 
g4	 5 	 0.0 			 0.0 			 0.0			 0.0 
g4	 6 	 0.0 			 0.0 			 0.0			 0.0 
g4	 7 	 0.0 			 0.0 			 0.0			 0.0 
g4	 8 	 0.0 			 0.0 			 0.0			 0.0 
g4	 9 	 0.0 			 0.0 			 0.0			 0.0 
g4	 10 	 0.0 			 0.0 			 0.0			 0.0 
g4	 11 	 0.0 			 0.0 			 0.0			 0.0 
g4	 12 	 0.0 			 0.0 			 0.0			 0.0 
g4	 13 	 0.0 			 0.0 			 0.0			 0.0 
g4	 14 	 0.0 			 0.0 			 0.0			 0.0 
g4	 15 	 0.0 			 0.0 			 0.0			 0.0 
g4	 16 	 0.0 			 0.0 			 0.0			 0.0 
g4	 17 	 0.0 			 0.0 			 0.0			 0.0 
g4	 18 	 0.0 			 0.0 			 0.0			 0.0 
g4	 19 	 0.0 			 0.0 			 0.0			 0.0 
g4	 20 	 0.0 			 0.0 			 0.0			 0.0 
g4	 21 	 0.0 			 0.0 			 0.0			 0.0 
g4	 22 	 0.0 			 0.0 			 0.0			 0.0 
g4	 23 	 0.0 			 0.0 			 0.0			 0.0 
g4	 24 	 0.0 			 0.0 			 0.0			 0.0 
g4	 25 	 0.0 			 0.0 			 0.0			 0.0 
g4	 26 	 0.0 			 0.0 			 0.0			 0.0 
g4	 27 	 0.0 			 0.0 			 0.0			 0.0 
g4	 28 	 0.0 			 0.0 			 0.0			 0.0 
g4	 29 	 0.0 			 0.0 			 0.0			 0.0 
g4	 30 	 0.0 			 0.0 			 0.0			 0.0 
g4	 31 	 0.0 			 0.0 			 0.0			 0.0 
g4	 32 	 0.0 			 0.0 			 0.0			 0.0 
g4	 33 	 0.0 			 0.0 			 0.0			 0.0 
g4	 34 	 0.0 			 0.0 			 0.0			 0.0 
g4	 35 	 0.0 			 0.0 			 0.0			 0.0 
g4	 36 	 0.0 			 0.0 			 0.0			 0.0 
g4	 37 	 0.0 			 0.0 			 0.0			 0.0 
g4	 38 	 0.0 			 0.0 			 0.0			 0.0 
g4	 39 	 0.0 			 0.0 			 0.0			 0.0 
g4	 40 	 0.0 			 0.0 			 0.0			 0.0 
g4	 41 	 0.0 			 0.0 			 0.0			 0.0 
g4	 42 	 0.0 			 0.0 			 0.0			 0.0 
g4	 43 	 0.0 			 0.0 			 0.0			 0.0 
g4	 44 	 0.0 			 0.0 			 0.0			 0.0 
g4	 45 	 0.0 			 0.0 			 0.0			 0.0 
g4	 46 	 0.0 			 0.0 			 0.0			 0.0 
g4	 47 	 0.0 			 0.0 			 0.0			 0.0 
g4	 48 	 0.0 			 0.0 			 0.0			 0.0 
g4	 49 	 0.0 			 0.0 			 0.0			 0.0 
g4	 50 	 0.0 			 0.0 			 0.0			 0.0 
g4	 51 	 0.0 			 0.0 			 0.0			 0.0 
g4	 52 	 0.0 			 0.0 			 0.0			 0.0 
g4	 53 	 0.0 			 0.0 			 0.0			 0.0 
g4	 54 	 0.0 			 0.0 			 0.0			 0.0 
g4	 55 	 0.0 			 0.0 			 0.0			 0.0 
g4	 56 	 0.0 			 0.0 			 0.0			 0.0 
g4	 57 	 0.0 			 0.0 			 0.0			 0.0 
g4	 58 	 0.0 			 0.0 			 0.0			 0.0 
g4	 59 	 0.0 			 0.0 			 0.0			 0.0 
g4	 60 	 0.0 			 0.0 			 0.0			 0.0 
g4	 61 	 0.0 			 0.0 			 0.0			 0.0 
g4	 62 	 0.0 			 0.0 			 0.0			 0.0 
g4	 63 	 0.0 			 0.0 			 0.0			 0.0 
g4	 64 	 0.0 			 0.0 			 0.0			 0.0 
g4	 65 	 0.0 			 0.0 			 0.0			 0.0 
g4	 66 	 0.0 			 0.0 			 0.0			 0.0 
g4	 67 	 0.0 			 0.0 			 0.0			 0.0 
g4	 68 	 0.0 			 0.0 			 0.0			 0.0 
g4	 69 	 0.0 			 0.0 			 0.0			 0.0 
g4	 70 	 0.0 			 0.0 			 0.0			 0.0 
g4	 71 	 0.0 			 0.0 			 0.0			 0.0 
g4	 72 	 0.0 			 0.0 			 0.0			 0.0 
g4	 73 	 0.0 			 0.0 			 0.0			 0.0 
g4	 74 	 0.0 			 0.0 			 0.0			 0.0 
g4	 75 	 0.0 			 0.0 			 0.0			 0.0 
g4	 76 	 0.0 			 0.0 			 0.0			 0.0 
g4	 77 	 0.0 			 0.0 			 0.0			 0.0 
g4	 78 	 0.0 			 0.0 			 0.0			 0.0 
g4	 79 	 0.0 			 0.0 			 0.0			 0.0 
g4	 80 	 0.0 			 0.0 			 0.0			 0.0 
g4	 81 	 0.0 			 0.0 			 0.0			 0.0 
g4	 82 	 0.0 			 0.0 			 0.0			 0.0 
g4	 83 	 0.0 			 0.0 			 0.0			 0.0 
g4	 84 	 0.0 			 0.0 			 0.0			 0.0 
g4	 85 	 0.0 			 0.0 			 0.0			 0.0 
g4	 86 	 0.0 			 0.0 			 0.0			 0.0 
g4	 87 	 0.0 			 0.0 			 0.0			 0.0 
g4	 88 	 0.0 			 0.0 			 0.0			 0.0 
g4	 89 	 0.0 			 0.0 			 0.0			 0.0 
g4	 90 	 0.0 			 0.0 			 0.0			 0.0 
g4	 91 	 0.0 			 0.0 			 0.0			 0.0 
g4	 92 	 0.0 			 0.0 			 0.0			 0.0 
g4	 93 	 0.0 			 0.0 			 0.0			 0.0 
g4	 94 	 0.0 			 0.0 			 0.0			 0.0 
g4	 95 	 0.0 			 0.0 			 0.0			 0.0 
g4	 96 	 0.0 			 0.0 			 0.0			 0.0 
----------------------------------------------------------------------------------------------------
g5	 1 	 0.0 			 0.0 			 0.0			 0.0 
g5	 2 	 0.0 			 0.0 			 0.0			 0.0 
g5	 3 	 0.0 			 0.0 			 0.0			 0.0 
g5	 4 	 0.0 			 0.0 			 0.0			 0.0 
g5	 5 	 -141.983218 			 0.0 			 0.0			 -141.983218 
g5	 6 	 -14.183995 			 0.0 			 0.0			 -14.183995 
g5	 7 	 5817.2875 			 0.0 			 0.0			 5817.2875 
g5	 8 	 -31353.108882 			 0.0 			 0.0			 -31353.108882 
g5	 9 	 -40.690269 			 0.0 			 0.0			 -40.690269 
g5	 10 	 23.726733 			 0.0 			 0.0			 23.726733 
g5	 11 	 -35.172174 			 0.0 			 0.0			 -35.172174 
g5	 12 	 21.893178 			 0.0 			 0.0			 21.893178 
g5	 13 	 21.893178 			 0.0 			 0.0			 21.893178 
g5	 14 	 21.893178 			 0.0 			 0.0			 21.893178 
g5	 15 	 21.893178 			 0.0 			 0.0			 21.893178 
g5	 16 	 21.893178 			 0.0 			 0.0			 21.893178 
g5	 17 	 21.893178 			 0.0 			 0.0			 21.893178 
g5	 18 	 21.893178 			 0.0 			 0.0			 21.893178 
g5	 19 	 21.893178 			 0.0 			 0.0			 21.893178 
g5	 20 	 21.893178 			 0.0 			 0.0			 21.893178 
g5	 21 	 21.893178 			 0.0 			 0.0			 21.893178 
g5	 22 	 22.372141 			 0.0 			 0.0			 22.372141 
g5	 23 	 21.893178 			 0.0 			 0.0			 21.893178 
g5	 24 	 -31348.593517 			 0.0 			 0.0			 -31348.593517 
g5	 25 	 5817.2875 			 0.0 			 0.0			 5817.2875 
g5	 26 	 21.893178 			 0.0 			 0.0			 21.893178 
g5	 27 	 21.893178 			 0.0 			 0.0			 21.893178 
g5	 28 	 -31348.593517 			 0.0 			 0.0			 -31348.593517 
g5	 29 	 5817.2875 			 0.0 			 0.0			 5817.2875 
g5	 30 	 22.372141 			 0.0 			 0.0			 22.372141 
g5	 31 	 21.893178 			 0.0 			 0.0			 21.893178 
g5	 32 	 -84.697944 			 0.0 			 0.0			 -84.697944 
g5	 33 	 28.188746 			 0.0 			 0.0			 28.188746 
g5	 34 	 5817.2875 			 0.0 			 0.0			 5817.2875 
g5	 35 	 -31348.593517 			 0.0 			 0.0			 -31348.593517 
g5	 36 	 13.522006 			 0.0 			 0.0			 13.522006 
g5	 37 	 23.288919 			 0.0 			 0.0			 23.288919 
g5	 38 	 22.372141 			 0.0 			 0.0			 22.372141 
g5	 39 	 22.007089 			 0.0 			 0.0			 22.007089 
g5	 40 	 -31348.593517 			 0.0 			 0.0			 -31348.593517 
g5	 41 	 5817.2875 			 0.0 			 0.0			 5817.2875 
g5	 42 	 22.372141 			 0.0 			 0.0			 22.372141 
g5	 43 	 22.007089 			 0.0 			 0.0			 22.007089 
g5	 44 	 22.372141 			 0.0 			 0.0			 22.372141 
g5	 45 	 193.152676 			 0.0 			 0.0			 193.152676 
g5	 46 	 5817.2875 			 0.0 			 0.0			 5817.2875 
g5	 47 	 -31345.992647 			 0.0 			 0.0			 -31345.992647 
g5	 48 	 3812.846586 			 0.0 			 0.0			 3812.846586 
g5	 49 	 41249.9025 			 0.0 			 0.0			 41249.9025 
g5	 50 	 22.372141 			 0.0 			 0.0			 22.372141 
g5	 51 	 157.874383 			 0.0 			 0.0			 157.874383 
g5	 52 	 5817.2875 			 0.0 			 0.0			 5817.2875 
g5	 53 	 -62816.071084 			 0.0 			 0.0			 -62816.071084 
g5	 54 	 5817.2875 			 0.0 			 0.0			 5817.2875 
g5	 55 	 158.29585 			 0.0 			 0.0			 158.29585 
g5	 56 	 -13.227392 			 0.0 			 0.0			 -13.227392 
g5	 57 	 78.445878 			 0.0 			 0.0			 78.445878 
g5	 58 	 393.930903 			 0.0 			 0.0			 393.930903 
g5	 59 	 78.445878 			 0.0 			 0.0			 78.445878 
g5	 60 	 61.541913 			 0.0 			 0.0			 61.541913 
g5	 61 	 22.372141 			 0.0 			 0.0			 22.372141 
g5	 62 	 205.093386 			 0.0 			 0.0			 205.093386 
g5	 63 	 198.722669 			 0.0 			 0.0			 198.722669 
g5	 64 	 22.372141 			 0.0 			 0.0			 22.372141 
g5	 65 	 199.202291 			 0.0 			 0.0			 199.202291 
g5	 66 	 7.704864 			 0.0 			 0.0			 7.704864 
g5	 67 	 7.704864 			 0.0 			 0.0			 7.704864 
g5	 68 	 217.216258 			 0.0 			 0.0			 217.216258 
g5	 69 	 -1.99201 			 0.0 			 0.0			 -1.99201 
g5	 70 	 -37632.521842 			 0.0 			 0.0			 -37632.521842 
g5	 71 	 -517.97 			 0.0 			 0.0			 -517.97 
g5	 72 	 -2.110391 			 0.0 			 0.0			 -2.110391 
g5	 73 	 23.701668 			 0.0 			 0.0			 23.701668 
g5	 74 	 22.372141 			 0.0 			 0.0			 22.372141 
g5	 75 	 5769.884167 			 0.0 			 0.0			 5769.884167 
g5	 76 	 43223.5375 			 0.0 			 0.0			 43223.5375 
g5	 77 	 23.701668 			 0.0 			 0.0			 23.701668 
g5	 78 	 198.722669 			 0.0 			 0.0			 198.722669 
g5	 79 	 5765.510998 			 0.0 			 0.0			 5765.510998 
g5	 80 	 43223.5375 			 0.0 			 0.0			 43223.5375 
g5	 81 	 22.372141 			 0.0 			 0.0			 22.372141 
g5	 82 	 5766.840523 			 0.0 			 0.0			 5766.840523 
g5	 83 	 43223.5375 			 0.0 			 0.0			 43223.5375 
g5	 84 	 148.641457 			 0.0 			 0.0			 148.641457 
g5	 85 	 -188.124359 			 0.0 			 0.0			 -188.124359 
g5	 86 	 -196.720188 			 0.0 			 0.0			 -196.720188 
g5	 87 	 -155.186236 			 0.0 			 0.0			 -155.186236 
g5	 88 	 -178.073342 			 0.0 			 0.0			 -178.073342 
g5	 89 	 0.0 			 0.0 			 0.0			 0.0 
g5	 90 	 0.0 			 0.0 			 0.0			 0.0 
g5	 91 	 0.0 			 0.0 			 0.0			 0.0 
g5	 92 	 0.0 			 0.0 			 0.0			 0.0 
g5	 93 	 0.0 			 0.0 			 0.0			 0.0 
g5	 94 	 0.0 			 0.0 			 0.0			 0.0 
g5	 95 	 0.0 			 0.0 			 0.0			 0.0 
g5	 96 	 0.0 			 0.0 			 0.0			 0.0 
----------------------------------------------------------------------------------------------------------------
unit 	 generation payment 	 up-FRP payment 	 dw-FRP payment 	pre-up total payment
----------------------------------------------------------------------------------------------------------------
 g1 	 -475189.584631			 0.000000			 0.000000			 -475189.584631
 g2 	 305897.558994			 0.000000			 0.000000			 305897.558994
 g3 	 -193884.534238			 0.000000			 0.000000			 -193884.534238
 g4 	 0.000000			 0.000000			 0.000000			 0.000000
 g5 	 -48523.237008			 0.000000			 0.000000			 -48523.237008
----------------------------------------------------------------------------------------------------
generation payment 	 up-FRP payment 	 dw-FRP payment 	 pre-up total payment
----------------------------------------------------------------------------------------------------
-411699.79688299994 			 0.0 			 0.0 			 -411699.79688299994
 
****************************************************************************************************
 
Generation costs
----------------------------------------------------------------------------------------------------
unit	 time 	 generation cost 	 start-up cost  	total cost
----------------------------------------------------------------------------------------------------
g1	 1 	 2553.829901 			 0.0 			2553.829901
g1	 2 	 2878.523717 			 0.0 			2878.523717
g1	 3 	 2485.515866 			 0.0 			2485.515866
g1	 4 	 2276.133576 			 0.0 			2276.133576
g1	 5 	 1737.863504 			 0.0 			1737.863504
g1	 6 	 2197.234414 			 0.0 			2197.234414
g1	 7 	 1934.879915 			 0.0 			1934.879915
g1	 8 	 1399.625836 			 0.0 			1399.625836
g1	 9 	 1739.333371 			 0.0 			1739.333371
g1	 10 	 2277.603442 			 0.0 			2277.603442
g1	 11 	 1739.333371 			 0.0 			1739.333371
g1	 12 	 1985.234363 			 0.0 			1985.234363
g1	 13 	 1914.157396 			 0.0 			1914.157396
g1	 14 	 2289.538175 			 0.0 			2289.538175
g1	 15 	 1888.761025 			 0.0 			1888.761025
g1	 16 	 2293.111145 			 0.0 			2293.111145
g1	 17 	 1957.832828 			 0.0 			1957.832828
g1	 18 	 2050.284453 			 0.0 			2050.284453
g1	 19 	 2229.701784 			 0.0 			2229.701784
g1	 20 	 2044.963081 			 0.0 			2044.963081
g1	 21 	 1843.522658 			 0.0 			1843.522658
g1	 22 	 2319.538636 			 0.0 			2319.538636
g1	 23 	 1975.839534 			 0.0 			1975.839534
g1	 24 	 2026.160972 			 0.0 			2026.160972
g1	 25 	 2569.929783 			 0.0 			2569.929783
g1	 26 	 2140.281994 			 0.0 			2140.281994
g1	 27 	 2030.307524 			 0.0 			2030.307524
g1	 28 	 2052.322847 			 0.0 			2052.322847
g1	 29 	 2596.664008 			 0.0 			2596.664008
g1	 30 	 2501.919597 			 0.0 			2501.919597
g1	 31 	 2243.61941 			 0.0 			2243.61941
g1	 32 	 1769.080851 			 0.0 			1769.080851
g1	 33 	 2307.350923 			 0.0 			2307.350923
g1	 34 	 2691.768188 			 0.0 			2691.768188
g1	 35 	 2145.390949 			 0.0 			2145.390949
g1	 36 	 2297.284595 			 0.0 			2297.284595
g1	 37 	 2846.984855 			 0.0 			2846.984855
g1	 38 	 2476.711246 			 0.0 			2476.711246
g1	 39 	 2313.086426 			 0.0 			2313.086426
g1	 40 	 2254.318145 			 0.0 			2254.318145
g1	 41 	 2803.078415 			 0.0 			2803.078415
g1	 42 	 2808.882321 			 0.0 			2808.882321
g1	 43 	 2313.086426 			 0.0 			2313.086426
g1	 44 	 2861.121117 			 0.0 			2861.121117
g1	 45 	 3058.233409 			 0.0 			3058.233409
g1	 46 	 2969.943249 			 0.0 			2969.943249
g1	 47 	 2419.897288 			 0.0 			2419.897288
g1	 48 	 2508.187447 			 0.0 			2508.187447
g1	 49 	 3058.233409 			 0.0 			3058.233409
g1	 50 	 2508.22906 			 0.0 			2508.22906
g1	 51 	 3058.233409 			 0.0 			3058.233409
g1	 52 	 2842.611641 			 0.0 			2842.611641
g1	 53 	 2293.005007 			 0.0 			2293.005007
g1	 54 	 2842.611641 			 0.0 			2842.611641
g1	 55 	 3058.233409 			 0.0 			3058.233409
g1	 56 	 2508.187447 			 0.0 			2508.187447
g1	 57 	 2776.101592 			 0.0 			2776.101592
g1	 58 	 3058.233409 			 0.0 			3058.233409
g1	 59 	 2895.096851 			 0.0 			2895.096851
g1	 60 	 3058.233409 			 0.0 			3058.233409
g1	 61 	 2710.978177 			 0.0 			2710.978177
g1	 62 	 3058.233409 			 0.0 			3058.233409
g1	 63 	 3058.233409 			 0.0 			3058.233409
g1	 64 	 2946.744538 			 0.0 			2946.744538
g1	 65 	 3058.233409 			 0.0 			3058.233409
g1	 66 	 2787.624039 			 0.0 			2787.624039
g1	 67 	 2824.975151 			 0.0 			2824.975151
g1	 68 	 3058.233409 			 0.0 			3058.233409
g1	 69 	 2907.253619 			 0.0 			2907.253619
g1	 70 	 2375.438764 			 0.0 			2375.438764
g1	 71 	 2925.484725 			 0.0 			2925.484725
g1	 72 	 3058.233409 			 0.0 			3058.233409
g1	 73 	 3058.233409 			 0.0 			3058.233409
g1	 74 	 2882.324176 			 0.0 			2882.324176
g1	 75 	 2508.187447 			 0.0 			2508.187447
g1	 76 	 3058.233409 			 0.0 			3058.233409
g1	 77 	 3058.233409 			 0.0 			3058.233409
g1	 78 	 3058.233409 			 0.0 			3058.233409
g1	 79 	 2508.187447 			 0.0 			2508.187447
g1	 80 	 3058.233409 			 0.0 			3058.233409
g1	 81 	 2925.623218 			 0.0 			2925.623218
g1	 82 	 2508.187447 			 0.0 			2508.187447
g1	 83 	 3058.233409 			 0.0 			3058.233409
g1	 84 	 3058.233409 			 0.0 			3058.233409
g1	 85 	 3058.233409 			 0.0 			3058.233409
g1	 86 	 2508.187447 			 0.0 			2508.187447
g1	 87 	 3058.233409 			 0.0 			3058.233409
g1	 88 	 2591.826286 			 0.0 			2591.826286
g1	 89 	 2603.374314 			 0.0 			2603.374314
g1	 90 	 2866.366622 			 0.0 			2866.366622
g1	 91 	 2695.783209 			 0.0 			2695.783209
g1	 92 	 2313.086426 			 0.0 			2313.086426
g1	 93 	 2463.124452 			 0.0 			2463.124452
g1	 94 	 2499.015095 			 0.0 			2499.015095
g1	 95 	 2361.575747 			 0.0 			2361.575747
g1	 96 	 1822.267571 			 0.0 			1822.267571
----------------------------------------------------------------------------------------------------
g2	 1 	 0.0 			 0.0 			0.0
g2	 2 	 0.0 			 0.0 			0.0
g2	 3 	 0.0 			 0.0 			0.0
g2	 4 	 0.0 			 0.0 			0.0
g2	 5 	 0.0 			 0.0 			0.0
g2	 6 	 0.0 			 0.0 			0.0
g2	 7 	 0.0 			 0.0 			0.0
g2	 8 	 0.0 			 0.0 			0.0
g2	 9 	 0.0 			 0.0 			0.0
g2	 10 	 0.0 			 0.0 			0.0
g2	 11 	 0.0 			 0.0 			0.0
g2	 12 	 0.0 			 0.0 			0.0
g2	 13 	 0.0 			 0.0 			0.0
g2	 14 	 0.0 			 0.0 			0.0
g2	 15 	 0.0 			 0.0 			0.0
g2	 16 	 0.0 			 0.0 			0.0
g2	 17 	 0.0 			 0.0 			0.0
g2	 18 	 0.0 			 0.0 			0.0
g2	 19 	 0.0 			 0.0 			0.0
g2	 20 	 0.0 			 0.0 			0.0
g2	 21 	 0.0 			 0.0 			0.0
g2	 22 	 0.0 			 0.0 			0.0
g2	 23 	 0.0 			 0.0 			0.0
g2	 24 	 0.0 			 0.0 			0.0
g2	 25 	 0.0 			 0.0 			0.0
g2	 26 	 0.0 			 0.0 			0.0
g2	 27 	 0.0 			 0.0 			0.0
g2	 28 	 0.0 			 0.0 			0.0
g2	 29 	 0.0 			 0.0 			0.0
g2	 30 	 0.0 			 0.0 			0.0
g2	 31 	 0.0 			 0.0 			0.0
g2	 32 	 0.0 			 0.0 			0.0
g2	 33 	 968.541266 			 10598.13 			11566.671266
g2	 34 	 728.006063 			 0.0 			728.006063
g2	 35 	 502.954496 			 0.0 			502.954496
g2	 36 	 323.535598 			 0.0 			323.535598
g2	 37 	 534.771644 			 0.0 			534.771644
g2	 38 	 534.771644 			 0.0 			534.771644
g2	 39 	 431.047105 			 0.0 			431.047105
g2	 40 	 323.535598 			 0.0 			323.535598
g2	 41 	 534.771644 			 0.0 			534.771644
g2	 42 	 534.771644 			 0.0 			534.771644
g2	 43 	 410.263216 			 0.0 			410.263216
g2	 44 	 559.132226 			 0.0 			559.132226
g2	 45 	 786.63376 			 0.0 			786.63376
g2	 46 	 559.132226 			 0.0 			559.132226
g2	 47 	 346.154492 			 0.0 			346.154492
g2	 48 	 534.771644 			 0.0 			534.771644
g2	 49 	 762.273179 			 0.0 			762.273179
g2	 50 	 626.50935 			 0.0 			626.50935
g2	 51 	 854.010884 			 0.0 			854.010884
g2	 52 	 626.50935 			 0.0 			626.50935
g2	 53 	 408.714409 			 0.0 			408.714409
g2	 54 	 626.50935 			 0.0 			626.50935
g2	 55 	 854.010884 			 0.0 			854.010884
g2	 56 	 626.50935 			 0.0 			626.50935
g2	 57 	 854.010884 			 0.0 			854.010884
g2	 58 	 1110.726958 			 0.0 			1110.726958
g2	 59 	 854.010884 			 0.0 			854.010884
g2	 60 	 854.010884 			 0.0 			854.010884
g2	 61 	 626.50935 			 0.0 			626.50935
g2	 62 	 854.010884 			 0.0 			854.010884
g2	 63 	 945.448618 			 0.0 			945.448618
g2	 64 	 762.090266 			 0.0 			762.090266
g2	 65 	 1007.002382 			 0.0 			1007.002382
g2	 66 	 762.090266 			 0.0 			762.090266
g2	 67 	 826.652937 			 0.0 			826.652937
g2	 68 	 1079.855848 			 0.0 			1079.855848
g2	 69 	 826.652937 			 0.0 			826.652937
g2	 70 	 599.151402 			 0.0 			599.151402
g2	 71 	 826.652937 			 0.0 			826.652937
g2	 72 	 725.374062 			 0.0 			725.374062
g2	 73 	 573.329341 			 0.0 			573.329341
g2	 74 	 534.771644 			 0.0 			534.771644
g2	 75 	 544.915773 			 0.0 			544.915773
g2	 76 	 772.417308 			 0.0 			772.417308
g2	 77 	 721.151133 			 0.0 			721.151133
g2	 78 	 940.302024 			 0.0 			940.302024
g2	 79 	 740.840336 			 0.0 			740.840336
g2	 80 	 983.023649 			 0.0 			983.023649
g2	 81 	 740.840336 			 0.0 			740.840336
g2	 82 	 751.611516 			 0.0 			751.611516
g2	 83 	 995.178007 			 0.0 			995.178007
g2	 84 	 854.010884 			 0.0 			854.010884
g2	 85 	 762.273179 			 0.0 			762.273179
g2	 86 	 534.771644 			 0.0 			534.771644
g2	 87 	 762.273179 			 0.0 			762.273179
g2	 88 	 534.771644 			 0.0 			534.771644
g2	 89 	 534.771644 			 0.0 			534.771644
g2	 90 	 534.771644 			 0.0 			534.771644
g2	 91 	 534.771644 			 0.0 			534.771644
g2	 92 	 495.471453 			 0.0 			495.471453
g2	 93 	 534.771644 			 0.0 			534.771644
g2	 94 	 534.771644 			 0.0 			534.771644
g2	 95 	 534.771644 			 0.0 			534.771644
g2	 96 	 323.535598 			 0.0 			323.535598
----------------------------------------------------------------------------------------------------
g3	 1 	 0.0 			 0.0 			0.0
g3	 2 	 0.0 			 0.0 			0.0
g3	 3 	 0.0 			 0.0 			0.0
g3	 4 	 0.0 			 0.0 			0.0
g3	 5 	 0.0 			 0.0 			0.0
g3	 6 	 0.0 			 0.0 			0.0
g3	 7 	 0.0 			 0.0 			0.0
g3	 8 	 0.0 			 0.0 			0.0
g3	 9 	 0.0 			 0.0 			0.0
g3	 10 	 0.0 			 0.0 			0.0
g3	 11 	 0.0 			 0.0 			0.0
g3	 12 	 0.0 			 0.0 			0.0
g3	 13 	 0.0 			 0.0 			0.0
g3	 14 	 0.0 			 0.0 			0.0
g3	 15 	 0.0 			 0.0 			0.0
g3	 16 	 0.0 			 0.0 			0.0
g3	 17 	 0.0 			 0.0 			0.0
g3	 18 	 0.0 			 0.0 			0.0
g3	 19 	 0.0 			 0.0 			0.0
g3	 20 	 0.0 			 0.0 			0.0
g3	 21 	 0.0 			 0.0 			0.0
g3	 22 	 0.0 			 0.0 			0.0
g3	 23 	 0.0 			 0.0 			0.0
g3	 24 	 0.0 			 0.0 			0.0
g3	 25 	 0.0 			 0.0 			0.0
g3	 26 	 0.0 			 0.0 			0.0
g3	 27 	 0.0 			 0.0 			0.0
g3	 28 	 0.0 			 0.0 			0.0
g3	 29 	 0.0 			 0.0 			0.0
g3	 30 	 0.0 			 0.0 			0.0
g3	 31 	 0.0 			 0.0 			0.0
g3	 32 	 0.0 			 0.0 			0.0
g3	 33 	 0.0 			 0.0 			0.0
g3	 34 	 0.0 			 0.0 			0.0
g3	 35 	 0.0 			 0.0 			0.0
g3	 36 	 0.0 			 0.0 			0.0
g3	 37 	 0.0 			 0.0 			0.0
g3	 38 	 0.0 			 0.0 			0.0
g3	 39 	 0.0 			 0.0 			0.0
g3	 40 	 0.0 			 0.0 			0.0
g3	 41 	 0.0 			 0.0 			0.0
g3	 42 	 0.0 			 0.0 			0.0
g3	 43 	 0.0 			 0.0 			0.0
g3	 44 	 0.0 			 0.0 			0.0
g3	 45 	 0.0 			 0.0 			0.0
g3	 46 	 0.0 			 0.0 			0.0
g3	 47 	 0.0 			 0.0 			0.0
g3	 48 	 0.0 			 0.0 			0.0
g3	 49 	 0.0 			 0.0 			0.0
g3	 50 	 0.0 			 0.0 			0.0
g3	 51 	 0.0 			 0.0 			0.0
g3	 52 	 0.0 			 0.0 			0.0
g3	 53 	 171.443626 			 4595.43 			4766.873626
g3	 54 	 299.601851 			 0.0 			299.601851
g3	 55 	 396.068142 			 0.0 			396.068142
g3	 56 	 270.736604 			 0.0 			270.736604
g3	 57 	 415.185498 			 0.0 			415.185498
g3	 58 	 586.893262 			 0.0 			586.893262
g3	 59 	 415.185498 			 0.0 			415.185498
g3	 60 	 350.954412 			 0.0 			350.954412
g3	 61 	 350.954412 			 0.0 			350.954412
g3	 62 	 406.53684 			 0.0 			406.53684
g3	 63 	 350.954412 			 0.0 			350.954412
g3	 64 	 350.954412 			 0.0 			350.954412
g3	 65 	 522.662177 			 0.0 			522.662177
g3	 66 	 350.954412 			 0.0 			350.954412
g3	 67 	 350.954412 			 0.0 			350.954412
g3	 68 	 522.662177 			 0.0 			522.662177
g3	 69 	 350.954412 			 0.0 			350.954412
g3	 70 	 222.796187 			 0.0 			222.796187
g3	 71 	 350.954412 			 0.0 			350.954412
g3	 72 	 350.954412 			 0.0 			350.954412
g3	 73 	 0.0 			 0.0 			0.0
g3	 74 	 0.0 			 0.0 			0.0
g3	 75 	 0.0 			 0.0 			0.0
g3	 76 	 0.0 			 0.0 			0.0
g3	 77 	 0.0 			 0.0 			0.0
g3	 78 	 0.0 			 0.0 			0.0
g3	 79 	 0.0 			 0.0 			0.0
g3	 80 	 0.0 			 0.0 			0.0
g3	 81 	 0.0 			 0.0 			0.0
g3	 82 	 0.0 			 0.0 			0.0
g3	 83 	 0.0 			 0.0 			0.0
g3	 84 	 0.0 			 0.0 			0.0
g3	 85 	 0.0 			 0.0 			0.0
g3	 86 	 0.0 			 0.0 			0.0
g3	 87 	 0.0 			 0.0 			0.0
g3	 88 	 0.0 			 0.0 			0.0
g3	 89 	 0.0 			 0.0 			0.0
g3	 90 	 0.0 			 0.0 			0.0
g3	 91 	 0.0 			 0.0 			0.0
g3	 92 	 0.0 			 0.0 			0.0
g3	 93 	 0.0 			 0.0 			0.0
g3	 94 	 0.0 			 0.0 			0.0
g3	 95 	 0.0 			 0.0 			0.0
g3	 96 	 0.0 			 0.0 			0.0
----------------------------------------------------------------------------------------------------
g4	 1 	 0.0 			 0.0 			0.0
g4	 2 	 0.0 			 0.0 			0.0
g4	 3 	 0.0 			 0.0 			0.0
g4	 4 	 0.0 			 0.0 			0.0
g4	 5 	 0.0 			 0.0 			0.0
g4	 6 	 0.0 			 0.0 			0.0
g4	 7 	 0.0 			 0.0 			0.0
g4	 8 	 0.0 			 0.0 			0.0
g4	 9 	 0.0 			 0.0 			0.0
g4	 10 	 0.0 			 0.0 			0.0
g4	 11 	 0.0 			 0.0 			0.0
g4	 12 	 0.0 			 0.0 			0.0
g4	 13 	 0.0 			 0.0 			0.0
g4	 14 	 0.0 			 0.0 			0.0
g4	 15 	 0.0 			 0.0 			0.0
g4	 16 	 0.0 			 0.0 			0.0
g4	 17 	 0.0 			 0.0 			0.0
g4	 18 	 0.0 			 0.0 			0.0
g4	 19 	 0.0 			 0.0 			0.0
g4	 20 	 0.0 			 0.0 			0.0
g4	 21 	 0.0 			 0.0 			0.0
g4	 22 	 0.0 			 0.0 			0.0
g4	 23 	 0.0 			 0.0 			0.0
g4	 24 	 0.0 			 0.0 			0.0
g4	 25 	 0.0 			 0.0 			0.0
g4	 26 	 0.0 			 0.0 			0.0
g4	 27 	 0.0 			 0.0 			0.0
g4	 28 	 0.0 			 0.0 			0.0
g4	 29 	 0.0 			 0.0 			0.0
g4	 30 	 0.0 			 0.0 			0.0
g4	 31 	 0.0 			 0.0 			0.0
g4	 32 	 0.0 			 0.0 			0.0
g4	 33 	 0.0 			 0.0 			0.0
g4	 34 	 0.0 			 0.0 			0.0
g4	 35 	 0.0 			 0.0 			0.0
g4	 36 	 0.0 			 0.0 			0.0
g4	 37 	 0.0 			 0.0 			0.0
g4	 38 	 0.0 			 0.0 			0.0
g4	 39 	 0.0 			 0.0 			0.0
g4	 40 	 0.0 			 0.0 			0.0
g4	 41 	 0.0 			 0.0 			0.0
g4	 42 	 0.0 			 0.0 			0.0
g4	 43 	 0.0 			 0.0 			0.0
g4	 44 	 0.0 			 0.0 			0.0
g4	 45 	 0.0 			 0.0 			0.0
g4	 46 	 0.0 			 0.0 			0.0
g4	 47 	 0.0 			 0.0 			0.0
g4	 48 	 0.0 			 0.0 			0.0
g4	 49 	 0.0 			 0.0 			0.0
g4	 50 	 0.0 			 0.0 			0.0
g4	 51 	 0.0 			 0.0 			0.0
g4	 52 	 0.0 			 0.0 			0.0
g4	 53 	 0.0 			 0.0 			0.0
g4	 54 	 0.0 			 0.0 			0.0
g4	 55 	 0.0 			 0.0 			0.0
g4	 56 	 0.0 			 0.0 			0.0
g4	 57 	 0.0 			 0.0 			0.0
g4	 58 	 0.0 			 0.0 			0.0
g4	 59 	 0.0 			 0.0 			0.0
g4	 60 	 0.0 			 0.0 			0.0
g4	 61 	 0.0 			 0.0 			0.0
g4	 62 	 0.0 			 0.0 			0.0
g4	 63 	 0.0 			 0.0 			0.0
g4	 64 	 0.0 			 0.0 			0.0
g4	 65 	 0.0 			 0.0 			0.0
g4	 66 	 0.0 			 0.0 			0.0
g4	 67 	 0.0 			 0.0 			0.0
g4	 68 	 0.0 			 0.0 			0.0
g4	 69 	 0.0 			 0.0 			0.0
g4	 70 	 0.0 			 0.0 			0.0
g4	 71 	 0.0 			 0.0 			0.0
g4	 72 	 0.0 			 0.0 			0.0
g4	 73 	 0.0 			 0.0 			0.0
g4	 74 	 0.0 			 0.0 			0.0
g4	 75 	 0.0 			 0.0 			0.0
g4	 76 	 0.0 			 0.0 			0.0
g4	 77 	 0.0 			 0.0 			0.0
g4	 78 	 0.0 			 0.0 			0.0
g4	 79 	 0.0 			 0.0 			0.0
g4	 80 	 0.0 			 0.0 			0.0
g4	 81 	 0.0 			 0.0 			0.0
g4	 82 	 0.0 			 0.0 			0.0
g4	 83 	 0.0 			 0.0 			0.0
g4	 84 	 0.0 			 0.0 			0.0
g4	 85 	 0.0 			 0.0 			0.0
g4	 86 	 0.0 			 0.0 			0.0
g4	 87 	 0.0 			 0.0 			0.0
g4	 88 	 0.0 			 0.0 			0.0
g4	 89 	 0.0 			 0.0 			0.0
g4	 90 	 0.0 			 0.0 			0.0
g4	 91 	 0.0 			 0.0 			0.0
g4	 92 	 0.0 			 0.0 			0.0
g4	 93 	 0.0 			 0.0 			0.0
g4	 94 	 0.0 			 0.0 			0.0
g4	 95 	 0.0 			 0.0 			0.0
g4	 96 	 0.0 			 0.0 			0.0
----------------------------------------------------------------------------------------------------
g5	 1 	 0.0 			 0.0 			0.0
g5	 2 	 0.0 			 0.0 			0.0
g5	 3 	 0.0 			 0.0 			0.0
g5	 4 	 0.0 			 0.0 			0.0
g5	 5 	 179.397903 			 6821.79 			7001.187903
g5	 6 	 314.280094 			 0.0 			314.280094
g5	 7 	 348.846531 			 0.0 			348.846531
g5	 8 	 213.96434 			 0.0 			213.96434
g5	 9 	 287.179863 			 0.0 			287.179863
g5	 10 	 348.846531 			 0.0 			348.846531
g5	 11 	 292.697954 			 0.0 			292.697954
g5	 12 	 348.846531 			 0.0 			348.846531
g5	 13 	 348.846531 			 0.0 			348.846531
g5	 14 	 348.846531 			 0.0 			348.846531
g5	 15 	 348.846531 			 0.0 			348.846531
g5	 16 	 348.846531 			 0.0 			348.846531
g5	 17 	 348.846531 			 0.0 			348.846531
g5	 18 	 348.846531 			 0.0 			348.846531
g5	 19 	 348.846531 			 0.0 			348.846531
g5	 20 	 348.846531 			 0.0 			348.846531
g5	 21 	 348.846531 			 0.0 			348.846531
g5	 22 	 348.846531 			 0.0 			348.846531
g5	 23 	 348.846531 			 0.0 			348.846531
g5	 24 	 213.96434 			 0.0 			213.96434
g5	 25 	 348.846531 			 0.0 			348.846531
g5	 26 	 348.846531 			 0.0 			348.846531
g5	 27 	 348.846531 			 0.0 			348.846531
g5	 28 	 213.96434 			 0.0 			213.96434
g5	 29 	 348.846531 			 0.0 			348.846531
g5	 30 	 348.846531 			 0.0 			348.846531
g5	 31 	 348.846531 			 0.0 			348.846531
g5	 32 	 213.96434 			 0.0 			213.96434
g5	 33 	 348.846531 			 0.0 			348.846531
g5	 34 	 348.846531 			 0.0 			348.846531
g5	 35 	 213.96434 			 0.0 			213.96434
g5	 36 	 341.39214 			 0.0 			341.39214
g5	 37 	 348.846531 			 0.0 			348.846531
g5	 38 	 348.846531 			 0.0 			348.846531
g5	 39 	 348.846531 			 0.0 			348.846531
g5	 40 	 213.96434 			 0.0 			213.96434
g5	 41 	 348.846531 			 0.0 			348.846531
g5	 42 	 348.846531 			 0.0 			348.846531
g5	 43 	 348.846531 			 0.0 			348.846531
g5	 44 	 348.846531 			 0.0 			348.846531
g5	 45 	 513.766082 			 0.0 			513.766082
g5	 46 	 348.846531 			 0.0 			348.846531
g5	 47 	 213.96434 			 0.0 			213.96434
g5	 48 	 341.72985 			 0.0 			341.72985
g5	 49 	 505.064564 			 0.0 			505.064564
g5	 50 	 348.846531 			 0.0 			348.846531
g5	 51 	 481.073207 			 0.0 			481.073207
g5	 52 	 348.846531 			 0.0 			348.846531
g5	 53 	 213.96434 			 0.0 			213.96434
g5	 54 	 348.846531 			 0.0 			348.846531
g5	 55 	 470.28307 			 0.0 			470.28307
g5	 56 	 313.283228 			 0.0 			313.283228
g5	 57 	 413.130173 			 0.0 			413.130173
g5	 58 	 578.049724 			 0.0 			578.049724
g5	 59 	 413.130173 			 0.0 			413.130173
g5	 60 	 384.740742 			 0.0 			384.740742
g5	 61 	 348.846531 			 0.0 			348.846531
g5	 62 	 513.766082 			 0.0 			513.766082
g5	 63 	 513.766082 			 0.0 			513.766082
g5	 64 	 348.846531 			 0.0 			348.846531
g5	 65 	 513.766082 			 0.0 			513.766082
g5	 66 	 348.846531 			 0.0 			348.846531
g5	 67 	 348.846531 			 0.0 			348.846531
g5	 68 	 513.766082 			 0.0 			513.766082
g5	 69 	 348.846531 			 0.0 			348.846531
g5	 70 	 213.96434 			 0.0 			213.96434
g5	 71 	 348.846531 			 0.0 			348.846531
g5	 72 	 348.846531 			 0.0 			348.846531
g5	 73 	 348.846531 			 0.0 			348.846531
g5	 74 	 348.846531 			 0.0 			348.846531
g5	 75 	 348.846531 			 0.0 			348.846531
g5	 76 	 513.766082 			 0.0 			513.766082
g5	 77 	 348.846531 			 0.0 			348.846531
g5	 78 	 513.766082 			 0.0 			513.766082
g5	 79 	 348.846531 			 0.0 			348.846531
g5	 80 	 513.766082 			 0.0 			513.766082
g5	 81 	 348.846531 			 0.0 			348.846531
g5	 82 	 348.846531 			 0.0 			348.846531
g5	 83 	 513.766082 			 0.0 			513.766082
g5	 84 	 471.840288 			 0.0 			471.840288
g5	 85 	 364.8677 			 0.0 			364.8677
g5	 86 	 319.09015 			 0.0 			319.09015
g5	 87 	 397.805816 			 0.0 			397.805816
g5	 88 	 348.846531 			 0.0 			348.846531
g5	 89 	 0.0 			 0.0 			0.0
g5	 90 	 0.0 			 0.0 			0.0
g5	 91 	 0.0 			 0.0 			0.0
g5	 92 	 0.0 			 0.0 			0.0
g5	 93 	 0.0 			 0.0 			0.0
g5	 94 	 0.0 			 0.0 			0.0
g5	 95 	 0.0 			 0.0 			0.0
g5	 96 	 0.0 			 0.0 			0.0
----------------------------------------------------------------------------------------------------
 
unit 	 generation 	 generation cost 	 start-up cost 	 total cost
----------------------------------------------------------------------------------------------------
g1 	 6533.911952			243325.867903			 0.000000		 243325.867903
g2 	 754.259876			43286.211033			 10598.130000		 53884.341033
g3 	 114.107462			7388.361570			 4595.430000		 11983.791570
g4 	 0.000000			0.000000			 0.000000		 0.000000
g5 	 496.902366			30163.243925			 6821.790000		 36985.033925
----------------------------------------------------------------------------------------------------
 
generation cost 	 start-up cost 		 total cost
----------------------------------------------------------------------------------------------------
324163.6844309999 			 22015.35 			 346179.03443099983
----------------------------------------------------------------------------------------------------
uplift payment for generator g1: 444892.161791
uplift payment for generator g2: 0.0
uplift payment for generator g3: 200510.570946
uplift payment for generator g4: 0.0
uplift payment for generator g5: 63654.438339
 
****************************************************************************************************
 
rtm Systemwide prices
----------------------------------------------------------------------------------------------------
time	 energy 	 up-FRP 	 dw-FRP
----------------------------------------------------------------------------------------------------
1 	 9.614507 		 0.0 		 0.0
2 	 9.614507 		 0.0 		 0.0
3 	 9.614507 		 0.0 		 0.0
4 	 10.196648 		 0.0 		 0.0
5 	 8.620694 		 0.0 		 0.0
6 	 9.408671 		 0.0 		 0.0
7 	 2500.0 		 0.0 		 0.0
8 	 2481.334175 		 0.0 		 0.0
9 	 9.014683 		 0.0 		 0.0
10 	 10.196648 		 0.0 		 0.0
11 	 9.014683 		 0.0 		 0.0
12 	 9.408671 		 0.0 		 0.0
13 	 9.408671 		 0.0 		 0.0
14 	 9.408671 		 0.0 		 0.0
15 	 9.408671 		 0.0 		 0.0
16 	 9.408671 		 0.0 		 0.0
17 	 9.408671 		 0.0 		 0.0
18 	 9.408671 		 0.0 		 0.0
19 	 9.408671 		 0.0 		 0.0
20 	 9.408671 		 0.0 		 0.0
21 	 9.408671 		 0.0 		 0.0
22 	 9.614507 		 0.0 		 0.0
23 	 9.408671 		 0.0 		 0.0
24 	 2480.976822 		 0.0 		 0.0
25 	 2500.0 		 0.0 		 0.0
26 	 9.408671 		 0.0 		 0.0
27 	 9.408671 		 0.0 		 0.0
28 	 2480.976822 		 0.0 		 0.0
29 	 2500.0 		 0.0 		 0.0
30 	 9.614507 		 0.0 		 0.0
31 	 9.408671 		 0.0 		 0.0
32 	 6.703128 		 0.0 		 0.0
33 	 12.114214 		 0.0 		 0.0
34 	 2500.0 		 0.0 		 0.0
35 	 2480.976822 		 0.0 		 0.0
36 	 9.014683 		 0.0 		 0.0
37 	 10.008496 		 0.0 		 0.0
38 	 9.614507 		 0.0 		 0.0
39 	 9.457625 		 0.0 		 0.0
40 	 2480.976822 		 0.0 		 0.0
41 	 2500.0 		 0.0 		 0.0
42 	 9.614507 		 0.0 		 0.0
43 	 9.457625 		 0.0 		 0.0
44 	 9.614507 		 0.0 		 0.0
45 	 11.17173 		 0.0 		 0.0
46 	 2500.0 		 0.0 		 0.0
47 	 2480.770985 		 0.0 		 0.0
48 	 2479.963125 		 0.0 		 0.0
49 	 2500.0 		 0.0 		 0.0
50 	 9.614507 		 0.0 		 0.0
51 	 11.022192 		 0.0 		 0.0
52 	 2500.0 		 0.0 		 0.0
53 	 4971.362314 		 0.0 		 0.0
54 	 2500.0 		 0.0 		 0.0
55 	 11.862367 		 0.0 		 0.0
56 	 8.174508 		 0.0 		 0.0
57 	 9.614507 		 0.0 		 0.0
58 	 17.037343 		 0.0 		 0.0
59 	 9.614507 		 0.0 		 0.0
60 	 11.022192 		 0.0 		 0.0
61 	 9.614507 		 0.0 		 0.0
62 	 11.862367 		 0.0 		 0.0
63 	 11.493892 		 0.0 		 0.0
64 	 9.614507 		 0.0 		 0.0
65 	 12.636629 		 0.0 		 0.0
66 	 9.614507 		 0.0 		 0.0
67 	 9.614507 		 0.0 		 0.0
68 	 13.779366 		 0.0 		 0.0
69 	 9.614507 		 0.0 		 0.0
70 	 2480.770985 		 0.0 		 0.0
71 	 2500.0 		 0.0 		 0.0
72 	 10.185876 		 0.0 		 0.0
73 	 10.185876 		 0.0 		 0.0
74 	 9.614507 		 0.0 		 0.0
75 	 2479.628249 		 0.0 		 0.0
76 	 2500.0 		 0.0 		 0.0
77 	 10.185876 		 0.0 		 0.0
78 	 11.493892 		 0.0 		 0.0
79 	 2477.748864 		 0.0 		 0.0
80 	 2500.0 		 0.0 		 0.0
81 	 9.614507 		 0.0 		 0.0
82 	 2478.320232 		 0.0 		 0.0
83 	 2500.0 		 0.0 		 0.0
84 	 11.022192 		 0.0 		 0.0
85 	 11.022192 		 0.0 		 0.0
86 	 9.014683 		 0.0 		 0.0
87 	 11.022192 		 0.0 		 0.0
88 	 9.614507 		 0.0 		 0.0
89 	 9.614507 		 0.0 		 0.0
90 	 9.614507 		 0.0 		 0.0
91 	 9.614507 		 0.0 		 0.0
92 	 9.457625 		 0.0 		 0.0
93 	 9.614507 		 0.0 		 0.0
94 	 9.614507 		 0.0 		 0.0
95 	 2500.0 		 0.0 		 0.0
96 	 2480.976822 		 0.0 		 0.0
 
****************************************************************************************************
 
rtm Post-uplift payments
----------------------------------------------------------------------------------------------------------------------------------------------------
unit 	 generation payment 	 up-FRP payment 	 dw-FRP payment 	pre-up t. payment 	 uplift payments 	 post-up t. payment 	 profit
----------------------------------------------------------------------------------------------------------------------------------------------------
 g1 	 -475189.584631			 0.000000			 0.000000			 -475189.584631			 444892.161791			 -30297.422840		 -0.000000
 g2 	 305897.558994			 0.000000			 0.000000			 305897.558994			 0.000000			 305897.558994		 280518.235150
 g3 	 -193884.534238			 0.000000			 0.000000			 -193884.534238			 200510.570946			 6626.036708		 0.000000
 g4 	 0.000000			 0.000000			 0.000000			 0.000000			 0.000000			 0.000000		 0.000000
 g5 	 -48523.237008			 0.000000			 0.000000			 -48523.237008			 63654.438339			 15131.201331		 -0.000000
****************************************************************************************************
 
Total generator payments
----------------------------------------------------------------------------------------------------------------------------------------------------
unit 	 generation payment 	 up-FRP payment 	 dw-FRP payment 	pre-up t. payment 	 uplift payments 	 post-up t. payment 	 profit
----------------------------------------------------------------------------------------------------------------------------------------------------
 g1 	 -202588.138846			 1021.844958			 0.000000			 -201566.293888			 444892.161791			 243325.867903		 0.000000
 g2 	 331478.848109			 2923.728074			 0.000000			 334402.576183			 0.000000			 334402.576183		 280518.235150
 g3 	 -188647.228602			 120.449226			 0.000000			 -188526.779376			 200510.570946			 11983.791570		 0.000000
 g4 	 0.000000			 0.000000			 0.000000			 0.000000			 0.000000			 0.000000		 0.000000
 g5 	 -27407.756268			 738.351854			 0.000000			 -26669.404414			 63654.438339			 36985.033925		 -0.000000
 
****************************************************************************************************
 
rtm LMP
----------------------------------------------------------------------------------------------------
bus name 	 time 		 LMP
----------------------------------------------------------------------------------------------------
b1 		 1 		 9.614507
b1 		 2 		 9.614507
b1 		 3 		 9.614507
b1 		 4 		 10.196648
b1 		 5 		 8.620694
b1 		 6 		 9.408671
b1 		 7 		 2500.0
b1 		 8 		 2481.334175
b1 		 9 		 9.014683
b1 		 10 		 10.196648
b1 		 11 		 9.014683
b1 		 12 		 9.408671
b1 		 13 		 9.408671
b1 		 14 		 9.408671
b1 		 15 		 9.408671
b1 		 16 		 9.408671
b1 		 17 		 9.408671
b1 		 18 		 9.408671
b1 		 19 		 9.408671
b1 		 20 		 9.408671
b1 		 21 		 9.408671
b1 		 22 		 9.614507
b1 		 23 		 9.408671
b1 		 24 		 2480.976822
b1 		 25 		 2500.0
b1 		 26 		 9.408671
b1 		 27 		 9.408671
b1 		 28 		 2480.976822
b1 		 29 		 2500.0
b1 		 30 		 9.614507
b1 		 31 		 9.408671
b1 		 32 		 6.703128
b1 		 33 		 12.114214
b1 		 34 		 2500.0
b1 		 35 		 2480.976822
b1 		 36 		 9.014683
b1 		 37 		 10.008496
b1 		 38 		 9.614507
b1 		 39 		 9.457625
b1 		 40 		 2480.976822
b1 		 41 		 2500.0
b1 		 42 		 9.614507
b1 		 43 		 9.457625
b1 		 44 		 9.614507
b1 		 45 		 11.17173
b1 		 46 		 2500.0
b1 		 47 		 2480.770985
b1 		 48 		 2479.963125
b1 		 49 		 2500.0
b1 		 50 		 9.614507
b1 		 51 		 11.022192
b1 		 52 		 2500.0
b1 		 53 		 4971.362314
b1 		 54 		 2500.0
b1 		 55 		 11.862367
b1 		 56 		 8.174508
b1 		 57 		 9.614507
b1 		 58 		 17.037343
b1 		 59 		 9.614507
b1 		 60 		 11.022192
b1 		 61 		 9.614507
b1 		 62 		 11.862367
b1 		 63 		 11.493892
b1 		 64 		 9.614507
b1 		 65 		 12.636629
b1 		 66 		 9.614507
b1 		 67 		 9.614507
b1 		 68 		 13.779366
b1 		 69 		 9.614507
b1 		 70 		 2480.770985
b1 		 71 		 2500.0
b1 		 72 		 10.185876
b1 		 73 		 10.185876
b1 		 74 		 9.614507
b1 		 75 		 2479.628249
b1 		 76 		 2500.0
b1 		 77 		 10.185876
b1 		 78 		 11.493892
b1 		 79 		 2477.748864
b1 		 80 		 2500.0
b1 		 81 		 9.614507
b1 		 82 		 2478.320232
b1 		 83 		 2500.0
b1 		 84 		 11.022192
b1 		 85 		 11.022192
b1 		 86 		 9.014683
b1 		 87 		 11.022192
b1 		 88 		 9.614507
b1 		 89 		 9.614507
b1 		 90 		 9.614507
b1 		 91 		 9.614507
b1 		 92 		 9.457625
b1 		 93 		 9.614507
b1 		 94 		 9.614507
b1 		 95 		 2500.0
b1 		 96 		 2480.976822
----------------------------------------------------------------------------------------------------
b2 		 1 		 9.614507
b2 		 2 		 9.614507
b2 		 3 		 9.614507
b2 		 4 		 10.196648
b2 		 5 		 8.620694
b2 		 6 		 9.408671
b2 		 7 		 2500.0
b2 		 8 		 2481.334175
b2 		 9 		 9.014683
b2 		 10 		 10.196648
b2 		 11 		 9.014683
b2 		 12 		 9.408671
b2 		 13 		 9.408671
b2 		 14 		 9.408671
b2 		 15 		 9.408671
b2 		 16 		 9.408671
b2 		 17 		 9.408671
b2 		 18 		 9.408671
b2 		 19 		 9.408671
b2 		 20 		 9.408671
b2 		 21 		 9.408671
b2 		 22 		 9.614507
b2 		 23 		 9.408671
b2 		 24 		 2480.976822
b2 		 25 		 2500.0
b2 		 26 		 9.408671
b2 		 27 		 9.408671
b2 		 28 		 2480.976822
b2 		 29 		 2500.0
b2 		 30 		 9.614507
b2 		 31 		 9.408671
b2 		 32 		 6.703128
b2 		 33 		 12.114214
b2 		 34 		 2500.0
b2 		 35 		 2480.976822
b2 		 36 		 9.014683
b2 		 37 		 10.008496
b2 		 38 		 9.614507
b2 		 39 		 9.457625
b2 		 40 		 2480.976822
b2 		 41 		 2500.0
b2 		 42 		 9.614507
b2 		 43 		 9.457625
b2 		 44 		 9.614507
b2 		 45 		 11.17173
b2 		 46 		 2500.0
b2 		 47 		 2480.770985
b2 		 48 		 2479.963125
b2 		 49 		 2500.0
b2 		 50 		 9.614507
b2 		 51 		 11.022192
b2 		 52 		 2500.0
b2 		 53 		 4971.362314
b2 		 54 		 2500.0
b2 		 55 		 11.862367
b2 		 56 		 8.174508
b2 		 57 		 9.614507
b2 		 58 		 17.037343
b2 		 59 		 9.614507
b2 		 60 		 11.022192
b2 		 61 		 9.614507
b2 		 62 		 11.862367
b2 		 63 		 11.493892
b2 		 64 		 9.614507
b2 		 65 		 12.636629
b2 		 66 		 9.614507
b2 		 67 		 9.614507
b2 		 68 		 13.779366
b2 		 69 		 9.614507
b2 		 70 		 2480.770985
b2 		 71 		 2500.0
b2 		 72 		 10.185876
b2 		 73 		 10.185876
b2 		 74 		 9.614507
b2 		 75 		 2479.628249
b2 		 76 		 2500.0
b2 		 77 		 10.185876
b2 		 78 		 11.493892
b2 		 79 		 2477.748864
b2 		 80 		 2500.0
b2 		 81 		 9.614507
b2 		 82 		 2478.320232
b2 		 83 		 2500.0
b2 		 84 		 11.022192
b2 		 85 		 11.022192
b2 		 86 		 9.014683
b2 		 87 		 11.022192
b2 		 88 		 9.614507
b2 		 89 		 9.614507
b2 		 90 		 9.614507
b2 		 91 		 9.614507
b2 		 92 		 9.457625
b2 		 93 		 9.614507
b2 		 94 		 9.614507
b2 		 95 		 2500.0
b2 		 96 		 2480.976822
----------------------------------------------------------------------------------------------------
b3 		 1 		 9.614507
b3 		 2 		 9.614507
b3 		 3 		 9.614507
b3 		 4 		 10.196648
b3 		 5 		 8.620694
b3 		 6 		 9.408671
b3 		 7 		 2500.0
b3 		 8 		 2481.334175
b3 		 9 		 9.014683
b3 		 10 		 10.196648
b3 		 11 		 9.014683
b3 		 12 		 9.408671
b3 		 13 		 9.408671
b3 		 14 		 9.408671
b3 		 15 		 9.408671
b3 		 16 		 9.408671
b3 		 17 		 9.408671
b3 		 18 		 9.408671
b3 		 19 		 9.408671
b3 		 20 		 9.408671
b3 		 21 		 9.408671
b3 		 22 		 9.614507
b3 		 23 		 9.408671
b3 		 24 		 2480.976822
b3 		 25 		 2500.0
b3 		 26 		 9.408671
b3 		 27 		 9.408671
b3 		 28 		 2480.976822
b3 		 29 		 2500.0
b3 		 30 		 9.614507
b3 		 31 		 9.408671
b3 		 32 		 6.703128
b3 		 33 		 12.114214
b3 		 34 		 2500.0
b3 		 35 		 2480.976822
b3 		 36 		 9.014683
b3 		 37 		 10.008496
b3 		 38 		 9.614507
b3 		 39 		 9.457625
b3 		 40 		 2480.976822
b3 		 41 		 2500.0
b3 		 42 		 9.614507
b3 		 43 		 9.457625
b3 		 44 		 9.614507
b3 		 45 		 11.17173
b3 		 46 		 2500.0
b3 		 47 		 2480.770985
b3 		 48 		 2479.963125
b3 		 49 		 2500.0
b3 		 50 		 9.614507
b3 		 51 		 11.022192
b3 		 52 		 2500.0
b3 		 53 		 4971.362314
b3 		 54 		 2500.0
b3 		 55 		 11.862367
b3 		 56 		 8.174508
b3 		 57 		 9.614507
b3 		 58 		 17.037343
b3 		 59 		 9.614507
b3 		 60 		 11.022192
b3 		 61 		 9.614507
b3 		 62 		 11.862367
b3 		 63 		 11.493892
b3 		 64 		 9.614507
b3 		 65 		 12.636629
b3 		 66 		 9.614507
b3 		 67 		 9.614507
b3 		 68 		 13.779366
b3 		 69 		 9.614507
b3 		 70 		 2480.770985
b3 		 71 		 2500.0
b3 		 72 		 10.185876
b3 		 73 		 10.185876
b3 		 74 		 9.614507
b3 		 75 		 2479.628249
b3 		 76 		 2500.0
b3 		 77 		 10.185876
b3 		 78 		 11.493892
b3 		 79 		 2477.748864
b3 		 80 		 2500.0
b3 		 81 		 9.614507
b3 		 82 		 2478.320232
b3 		 83 		 2500.0
b3 		 84 		 11.022192
b3 		 85 		 11.022192
b3 		 86 		 9.014683
b3 		 87 		 11.022192
b3 		 88 		 9.614507
b3 		 89 		 9.614507
b3 		 90 		 9.614507
b3 		 91 		 9.614507
b3 		 92 		 9.457625
b3 		 93 		 9.614507
b3 		 94 		 9.614507
b3 		 95 		 2500.0
b3 		 96 		 2480.976822
----------------------------------------------------------------------------------------------------
b4 		 1 		 9.614507
b4 		 2 		 9.614507
b4 		 3 		 9.614507
b4 		 4 		 10.196648
b4 		 5 		 8.620694
b4 		 6 		 9.408671
b4 		 7 		 2500.0
b4 		 8 		 2481.334175
b4 		 9 		 9.014683
b4 		 10 		 10.196648
b4 		 11 		 9.014683
b4 		 12 		 9.408671
b4 		 13 		 9.408671
b4 		 14 		 9.408671
b4 		 15 		 9.408671
b4 		 16 		 9.408671
b4 		 17 		 9.408671
b4 		 18 		 9.408671
b4 		 19 		 9.408671
b4 		 20 		 9.408671
b4 		 21 		 9.408671
b4 		 22 		 9.614507
b4 		 23 		 9.408671
b4 		 24 		 2480.976822
b4 		 25 		 2500.0
b4 		 26 		 9.408671
b4 		 27 		 9.408671
b4 		 28 		 2480.976822
b4 		 29 		 2500.0
b4 		 30 		 9.614507
b4 		 31 		 9.408671
b4 		 32 		 6.703128
b4 		 33 		 12.114214
b4 		 34 		 2500.0
b4 		 35 		 2480.976822
b4 		 36 		 9.014683
b4 		 37 		 10.008496
b4 		 38 		 9.614507
b4 		 39 		 9.457625
b4 		 40 		 2480.976822
b4 		 41 		 2500.0
b4 		 42 		 9.614507
b4 		 43 		 9.457625
b4 		 44 		 9.614507
b4 		 45 		 11.17173
b4 		 46 		 2500.0
b4 		 47 		 2480.770985
b4 		 48 		 2479.963125
b4 		 49 		 2500.0
b4 		 50 		 9.614507
b4 		 51 		 11.022192
b4 		 52 		 2500.0
b4 		 53 		 4971.362314
b4 		 54 		 2500.0
b4 		 55 		 11.862367
b4 		 56 		 8.174508
b4 		 57 		 9.614507
b4 		 58 		 17.037343
b4 		 59 		 9.614507
b4 		 60 		 11.022192
b4 		 61 		 9.614507
b4 		 62 		 11.862367
b4 		 63 		 11.493892
b4 		 64 		 9.614507
b4 		 65 		 12.636629
b4 		 66 		 9.614507
b4 		 67 		 9.614507
b4 		 68 		 13.779366
b4 		 69 		 9.614507
b4 		 70 		 2480.770985
b4 		 71 		 2500.0
b4 		 72 		 10.185876
b4 		 73 		 10.185876
b4 		 74 		 9.614507
b4 		 75 		 2479.628249
b4 		 76 		 2500.0
b4 		 77 		 10.185876
b4 		 78 		 11.493892
b4 		 79 		 2477.748864
b4 		 80 		 2500.0
b4 		 81 		 9.614507
b4 		 82 		 2478.320232
b4 		 83 		 2500.0
b4 		 84 		 11.022192
b4 		 85 		 11.022192
b4 		 86 		 9.014683
b4 		 87 		 11.022192
b4 		 88 		 9.614507
b4 		 89 		 9.614507
b4 		 90 		 9.614507
b4 		 91 		 9.614507
b4 		 92 		 9.457625
b4 		 93 		 9.614507
b4 		 94 		 9.614507
b4 		 95 		 2500.0
b4 		 96 		 2480.976822
----------------------------------------------------------------------------------------------------
b5 		 1 		 9.614507
b5 		 2 		 9.614507
b5 		 3 		 9.614507
b5 		 4 		 10.196648
b5 		 5 		 8.620694
b5 		 6 		 9.408671
b5 		 7 		 2500.0
b5 		 8 		 2481.334175
b5 		 9 		 9.014683
b5 		 10 		 10.196648
b5 		 11 		 9.014683
b5 		 12 		 9.408671
b5 		 13 		 9.408671
b5 		 14 		 9.408671
b5 		 15 		 9.408671
b5 		 16 		 9.408671
b5 		 17 		 9.408671
b5 		 18 		 9.408671
b5 		 19 		 9.408671
b5 		 20 		 9.408671
b5 		 21 		 9.408671
b5 		 22 		 9.614507
b5 		 23 		 9.408671
b5 		 24 		 2480.976822
b5 		 25 		 2500.0
b5 		 26 		 9.408671
b5 		 27 		 9.408671
b5 		 28 		 2480.976822
b5 		 29 		 2500.0
b5 		 30 		 9.614507
b5 		 31 		 9.408671
b5 		 32 		 6.703128
b5 		 33 		 12.114214
b5 		 34 		 2500.0
b5 		 35 		 2480.976822
b5 		 36 		 9.014683
b5 		 37 		 10.008496
b5 		 38 		 9.614507
b5 		 39 		 9.457625
b5 		 40 		 2480.976822
b5 		 41 		 2500.0
b5 		 42 		 9.614507
b5 		 43 		 9.457625
b5 		 44 		 9.614507
b5 		 45 		 11.17173
b5 		 46 		 2500.0
b5 		 47 		 2480.770985
b5 		 48 		 2479.963125
b5 		 49 		 2500.0
b5 		 50 		 9.614507
b5 		 51 		 11.022192
b5 		 52 		 2500.0
b5 		 53 		 4971.362314
b5 		 54 		 2500.0
b5 		 55 		 11.862367
b5 		 56 		 8.174508
b5 		 57 		 9.614507
b5 		 58 		 17.037343
b5 		 59 		 9.614507
b5 		 60 		 11.022192
b5 		 61 		 9.614507
b5 		 62 		 11.862367
b5 		 63 		 11.493892
b5 		 64 		 9.614507
b5 		 65 		 12.636629
b5 		 66 		 9.614507
b5 		 67 		 9.614507
b5 		 68 		 13.779366
b5 		 69 		 9.614507
b5 		 70 		 2480.770985
b5 		 71 		 2500.0
b5 		 72 		 10.185876
b5 		 73 		 10.185876
b5 		 74 		 9.614507
b5 		 75 		 2479.628249
b5 		 76 		 2500.0
b5 		 77 		 10.185876
b5 		 78 		 11.493892
b5 		 79 		 2477.748864
b5 		 80 		 2500.0
b5 		 81 		 9.614507
b5 		 82 		 2478.320232
b5 		 83 		 2500.0
b5 		 84 		 11.022192
b5 		 85 		 11.022192
b5 		 86 		 9.014683
b5 		 87 		 11.022192
b5 		 88 		 9.614507
b5 		 89 		 9.614507
b5 		 90 		 9.614507
b5 		 91 		 9.614507
b5 		 92 		 9.457625
b5 		 93 		 9.614507
b5 		 94 		 9.614507
b5 		 95 		 2500.0
b5 		 96 		 2480.976822
----------------------------------------------------------------------------------------------------
b6 		 1 		 9.614507
b6 		 2 		 9.614507
b6 		 3 		 9.614507
b6 		 4 		 10.196648
b6 		 5 		 8.620694
b6 		 6 		 9.408671
b6 		 7 		 2500.0
b6 		 8 		 2481.334175
b6 		 9 		 9.014683
b6 		 10 		 10.196648
b6 		 11 		 9.014683
b6 		 12 		 9.408671
b6 		 13 		 9.408671
b6 		 14 		 9.408671
b6 		 15 		 9.408671
b6 		 16 		 9.408671
b6 		 17 		 9.408671
b6 		 18 		 9.408671
b6 		 19 		 9.408671
b6 		 20 		 9.408671
b6 		 21 		 9.408671
b6 		 22 		 9.614507
b6 		 23 		 9.408671
b6 		 24 		 2480.976822
b6 		 25 		 2500.0
b6 		 26 		 9.408671
b6 		 27 		 9.408671
b6 		 28 		 2480.976822
b6 		 29 		 2500.0
b6 		 30 		 9.614507
b6 		 31 		 9.408671
b6 		 32 		 6.703128
b6 		 33 		 12.114214
b6 		 34 		 2500.0
b6 		 35 		 2480.976822
b6 		 36 		 9.014683
b6 		 37 		 10.008496
b6 		 38 		 9.614507
b6 		 39 		 9.457625
b6 		 40 		 2480.976822
b6 		 41 		 2500.0
b6 		 42 		 9.614507
b6 		 43 		 9.457625
b6 		 44 		 9.614507
b6 		 45 		 11.17173
b6 		 46 		 2500.0
b6 		 47 		 2480.770985
b6 		 48 		 2479.963125
b6 		 49 		 2500.0
b6 		 50 		 9.614507
b6 		 51 		 11.022192
b6 		 52 		 2500.0
b6 		 53 		 4971.362314
b6 		 54 		 2500.0
b6 		 55 		 11.862367
b6 		 56 		 8.174508
b6 		 57 		 9.614507
b6 		 58 		 17.037343
b6 		 59 		 9.614507
b6 		 60 		 11.022192
b6 		 61 		 9.614507
b6 		 62 		 11.862367
b6 		 63 		 11.493892
b6 		 64 		 9.614507
b6 		 65 		 12.636629
b6 		 66 		 9.614507
b6 		 67 		 9.614507
b6 		 68 		 13.779366
b6 		 69 		 9.614507
b6 		 70 		 2480.770985
b6 		 71 		 2500.0
b6 		 72 		 10.185876
b6 		 73 		 10.185876
b6 		 74 		 9.614507
b6 		 75 		 2479.628249
b6 		 76 		 2500.0
b6 		 77 		 10.185876
b6 		 78 		 11.493892
b6 		 79 		 2477.748864
b6 		 80 		 2500.0
b6 		 81 		 9.614507
b6 		 82 		 2478.320232
b6 		 83 		 2500.0
b6 		 84 		 11.022192
b6 		 85 		 11.022192
b6 		 86 		 9.014683
b6 		 87 		 11.022192
b6 		 88 		 9.614507
b6 		 89 		 9.614507
b6 		 90 		 9.614507
b6 		 91 		 9.614507
b6 		 92 		 9.457625
b6 		 93 		 9.614507
b6 		 94 		 9.614507
b6 		 95 		 2500.0
b6 		 96 		 2480.976822
----------------------------------------------------------------------------------------------------
b7 		 1 		 9.614507
b7 		 2 		 9.614507
b7 		 3 		 9.614507
b7 		 4 		 10.196648
b7 		 5 		 8.620694
b7 		 6 		 9.408671
b7 		 7 		 2500.0
b7 		 8 		 2481.334175
b7 		 9 		 9.014683
b7 		 10 		 10.196648
b7 		 11 		 9.014683
b7 		 12 		 9.408671
b7 		 13 		 9.408671
b7 		 14 		 9.408671
b7 		 15 		 9.408671
b7 		 16 		 9.408671
b7 		 17 		 9.408671
b7 		 18 		 9.408671
b7 		 19 		 9.408671
b7 		 20 		 9.408671
b7 		 21 		 9.408671
b7 		 22 		 9.614507
b7 		 23 		 9.408671
b7 		 24 		 2480.976822
b7 		 25 		 2500.0
b7 		 26 		 9.408671
b7 		 27 		 9.408671
b7 		 28 		 2480.976822
b7 		 29 		 2500.0
b7 		 30 		 9.614507
b7 		 31 		 9.408671
b7 		 32 		 6.703128
b7 		 33 		 12.114214
b7 		 34 		 2500.0
b7 		 35 		 2480.976822
b7 		 36 		 9.014683
b7 		 37 		 10.008496
b7 		 38 		 9.614507
b7 		 39 		 9.457625
b7 		 40 		 2480.976822
b7 		 41 		 2500.0
b7 		 42 		 9.614507
b7 		 43 		 9.457625
b7 		 44 		 9.614507
b7 		 45 		 11.17173
b7 		 46 		 2500.0
b7 		 47 		 2480.770985
b7 		 48 		 2479.963125
b7 		 49 		 2500.0
b7 		 50 		 9.614507
b7 		 51 		 11.022192
b7 		 52 		 2500.0
b7 		 53 		 4971.362314
b7 		 54 		 2500.0
b7 		 55 		 11.862367
b7 		 56 		 8.174508
b7 		 57 		 9.614507
b7 		 58 		 17.037343
b7 		 59 		 9.614507
b7 		 60 		 11.022192
b7 		 61 		 9.614507
b7 		 62 		 11.862367
b7 		 63 		 11.493892
b7 		 64 		 9.614507
b7 		 65 		 12.636629
b7 		 66 		 9.614507
b7 		 67 		 9.614507
b7 		 68 		 13.779366
b7 		 69 		 9.614507
b7 		 70 		 2480.770985
b7 		 71 		 2500.0
b7 		 72 		 10.185876
b7 		 73 		 10.185876
b7 		 74 		 9.614507
b7 		 75 		 2479.628249
b7 		 76 		 2500.0
b7 		 77 		 10.185876
b7 		 78 		 11.493892
b7 		 79 		 2477.748864
b7 		 80 		 2500.0
b7 		 81 		 9.614507
b7 		 82 		 2478.320232
b7 		 83 		 2500.0
b7 		 84 		 11.022192
b7 		 85 		 11.022192
b7 		 86 		 9.014683
b7 		 87 		 11.022192
b7 		 88 		 9.614507
b7 		 89 		 9.614507
b7 		 90 		 9.614507
b7 		 91 		 9.614507
b7 		 92 		 9.457625
b7 		 93 		 9.614507
b7 		 94 		 9.614507
b7 		 95 		 2500.0
b7 		 96 		 2480.976822
----------------------------------------------------------------------------------------------------
b8 		 1 		 9.614507
b8 		 2 		 9.614507
b8 		 3 		 9.614507
b8 		 4 		 10.196648
b8 		 5 		 8.620694
b8 		 6 		 9.408671
b8 		 7 		 2500.0
b8 		 8 		 2481.334175
b8 		 9 		 9.014683
b8 		 10 		 10.196648
b8 		 11 		 9.014683
b8 		 12 		 9.408671
b8 		 13 		 9.408671
b8 		 14 		 9.408671
b8 		 15 		 9.408671
b8 		 16 		 9.408671
b8 		 17 		 9.408671
b8 		 18 		 9.408671
b8 		 19 		 9.408671
b8 		 20 		 9.408671
b8 		 21 		 9.408671
b8 		 22 		 9.614507
b8 		 23 		 9.408671
b8 		 24 		 2480.976822
b8 		 25 		 2500.0
b8 		 26 		 9.408671
b8 		 27 		 9.408671
b8 		 28 		 2480.976822
b8 		 29 		 2500.0
b8 		 30 		 9.614507
b8 		 31 		 9.408671
b8 		 32 		 6.703128
b8 		 33 		 12.114214
b8 		 34 		 2500.0
b8 		 35 		 2480.976822
b8 		 36 		 9.014683
b8 		 37 		 10.008496
b8 		 38 		 9.614507
b8 		 39 		 9.457625
b8 		 40 		 2480.976822
b8 		 41 		 2500.0
b8 		 42 		 9.614507
b8 		 43 		 9.457625
b8 		 44 		 9.614507
b8 		 45 		 11.17173
b8 		 46 		 2500.0
b8 		 47 		 2480.770985
b8 		 48 		 2479.963125
b8 		 49 		 2500.0
b8 		 50 		 9.614507
b8 		 51 		 11.022192
b8 		 52 		 2500.0
b8 		 53 		 4971.362314
b8 		 54 		 2500.0
b8 		 55 		 11.862367
b8 		 56 		 8.174508
b8 		 57 		 9.614507
b8 		 58 		 17.037343
b8 		 59 		 9.614507
b8 		 60 		 11.022192
b8 		 61 		 9.614507
b8 		 62 		 11.862367
b8 		 63 		 11.493892
b8 		 64 		 9.614507
b8 		 65 		 12.636629
b8 		 66 		 9.614507
b8 		 67 		 9.614507
b8 		 68 		 13.779366
b8 		 69 		 9.614507
b8 		 70 		 2480.770985
b8 		 71 		 2500.0
b8 		 72 		 10.185876
b8 		 73 		 10.185876
b8 		 74 		 9.614507
b8 		 75 		 2479.628249
b8 		 76 		 2500.0
b8 		 77 		 10.185876
b8 		 78 		 11.493892
b8 		 79 		 2477.748864
b8 		 80 		 2500.0
b8 		 81 		 9.614507
b8 		 82 		 2478.320232
b8 		 83 		 2500.0
b8 		 84 		 11.022192
b8 		 85 		 11.022192
b8 		 86 		 9.014683
b8 		 87 		 11.022192
b8 		 88 		 9.614507
b8 		 89 		 9.614507
b8 		 90 		 9.614507
b8 		 91 		 9.614507
b8 		 92 		 9.457625
b8 		 93 		 9.614507
b8 		 94 		 9.614507
b8 		 95 		 2500.0
b8 		 96 		 2480.976822
----------------------------------------------------------------------------------------------------
b9 		 1 		 9.614507
b9 		 2 		 9.614507
b9 		 3 		 9.614507
b9 		 4 		 10.196648
b9 		 5 		 8.620694
b9 		 6 		 9.408671
b9 		 7 		 2500.0
b9 		 8 		 2481.334175
b9 		 9 		 9.014683
b9 		 10 		 10.196648
b9 		 11 		 9.014683
b9 		 12 		 9.408671
b9 		 13 		 9.408671
b9 		 14 		 9.408671
b9 		 15 		 9.408671
b9 		 16 		 9.408671
b9 		 17 		 9.408671
b9 		 18 		 9.408671
b9 		 19 		 9.408671
b9 		 20 		 9.408671
b9 		 21 		 9.408671
b9 		 22 		 9.614507
b9 		 23 		 9.408671
b9 		 24 		 2480.976822
b9 		 25 		 2500.0
b9 		 26 		 9.408671
b9 		 27 		 9.408671
b9 		 28 		 2480.976822
b9 		 29 		 2500.0
b9 		 30 		 9.614507
b9 		 31 		 9.408671
b9 		 32 		 6.703128
b9 		 33 		 12.114214
b9 		 34 		 2500.0
b9 		 35 		 2480.976822
b9 		 36 		 9.014683
b9 		 37 		 10.008496
b9 		 38 		 9.614507
b9 		 39 		 9.457625
b9 		 40 		 2480.976822
b9 		 41 		 2500.0
b9 		 42 		 9.614507
b9 		 43 		 9.457625
b9 		 44 		 9.614507
b9 		 45 		 11.17173
b9 		 46 		 2500.0
b9 		 47 		 2480.770985
b9 		 48 		 2479.963125
b9 		 49 		 2500.0
b9 		 50 		 9.614507
b9 		 51 		 11.022192
b9 		 52 		 2500.0
b9 		 53 		 4971.362314
b9 		 54 		 2500.0
b9 		 55 		 11.862367
b9 		 56 		 8.174508
b9 		 57 		 9.614507
b9 		 58 		 17.037343
b9 		 59 		 9.614507
b9 		 60 		 11.022192
b9 		 61 		 9.614507
b9 		 62 		 11.862367
b9 		 63 		 11.493892
b9 		 64 		 9.614507
b9 		 65 		 12.636629
b9 		 66 		 9.614507
b9 		 67 		 9.614507
b9 		 68 		 13.779366
b9 		 69 		 9.614507
b9 		 70 		 2480.770985
b9 		 71 		 2500.0
b9 		 72 		 10.185876
b9 		 73 		 10.185876
b9 		 74 		 9.614507
b9 		 75 		 2479.628249
b9 		 76 		 2500.0
b9 		 77 		 10.185876
b9 		 78 		 11.493892
b9 		 79 		 2477.748864
b9 		 80 		 2500.0
b9 		 81 		 9.614507
b9 		 82 		 2478.320232
b9 		 83 		 2500.0
b9 		 84 		 11.022192
b9 		 85 		 11.022192
b9 		 86 		 9.014683
b9 		 87 		 11.022192
b9 		 88 		 9.614507
b9 		 89 		 9.614507
b9 		 90 		 9.614507
b9 		 91 		 9.614507
b9 		 92 		 9.457625
b9 		 93 		 9.614507
b9 		 94 		 9.614507
b9 		 95 		 2500.0
b9 		 96 		 2480.976822
----------------------------------------------------------------------------------------------------
b10 		 1 		 9.614507
b10 		 2 		 9.614507
b10 		 3 		 9.614507
b10 		 4 		 10.196648
b10 		 5 		 8.620694
b10 		 6 		 9.408671
b10 		 7 		 2500.0
b10 		 8 		 2481.334175
b10 		 9 		 9.014683
b10 		 10 		 10.196648
b10 		 11 		 9.014683
b10 		 12 		 9.408671
b10 		 13 		 9.408671
b10 		 14 		 9.408671
b10 		 15 		 9.408671
b10 		 16 		 9.408671
b10 		 17 		 9.408671
b10 		 18 		 9.408671
b10 		 19 		 9.408671
b10 		 20 		 9.408671
b10 		 21 		 9.408671
b10 		 22 		 9.614507
b10 		 23 		 9.408671
b10 		 24 		 2480.976822
b10 		 25 		 2500.0
b10 		 26 		 9.408671
b10 		 27 		 9.408671
b10 		 28 		 2480.976822
b10 		 29 		 2500.0
b10 		 30 		 9.614507
b10 		 31 		 9.408671
b10 		 32 		 6.703128
b10 		 33 		 12.114214
b10 		 34 		 2500.0
b10 		 35 		 2480.976822
b10 		 36 		 9.014683
b10 		 37 		 10.008496
b10 		 38 		 9.614507
b10 		 39 		 9.457625
b10 		 40 		 2480.976822
b10 		 41 		 2500.0
b10 		 42 		 9.614507
b10 		 43 		 9.457625
b10 		 44 		 9.614507
b10 		 45 		 11.17173
b10 		 46 		 2500.0
b10 		 47 		 2480.770985
b10 		 48 		 2479.963125
b10 		 49 		 2500.0
b10 		 50 		 9.614507
b10 		 51 		 11.022192
b10 		 52 		 2500.0
b10 		 53 		 4971.362314
b10 		 54 		 2500.0
b10 		 55 		 11.862367
b10 		 56 		 8.174508
b10 		 57 		 9.614507
b10 		 58 		 17.037343
b10 		 59 		 9.614507
b10 		 60 		 11.022192
b10 		 61 		 9.614507
b10 		 62 		 11.862367
b10 		 63 		 11.493892
b10 		 64 		 9.614507
b10 		 65 		 12.636629
b10 		 66 		 9.614507
b10 		 67 		 9.614507
b10 		 68 		 13.779366
b10 		 69 		 9.614507
b10 		 70 		 2480.770985
b10 		 71 		 2500.0
b10 		 72 		 10.185876
b10 		 73 		 10.185876
b10 		 74 		 9.614507
b10 		 75 		 2479.628249
b10 		 76 		 2500.0
b10 		 77 		 10.185876
b10 		 78 		 11.493892
b10 		 79 		 2477.748864
b10 		 80 		 2500.0
b10 		 81 		 9.614507
b10 		 82 		 2478.320232
b10 		 83 		 2500.0
b10 		 84 		 11.022192
b10 		 85 		 11.022192
b10 		 86 		 9.014683
b10 		 87 		 11.022192
b10 		 88 		 9.614507
b10 		 89 		 9.614507
b10 		 90 		 9.614507
b10 		 91 		 9.614507
b10 		 92 		 9.457625
b10 		 93 		 9.614507
b10 		 94 		 9.614507
b10 		 95 		 2500.0
b10 		 96 		 2480.976822
----------------------------------------------------------------------------------------------------
b11 		 1 		 9.614507
b11 		 2 		 9.614507
b11 		 3 		 9.614507
b11 		 4 		 10.196648
b11 		 5 		 8.620694
b11 		 6 		 9.408671
b11 		 7 		 2500.0
b11 		 8 		 2481.334175
b11 		 9 		 9.014683
b11 		 10 		 10.196648
b11 		 11 		 9.014683
b11 		 12 		 9.408671
b11 		 13 		 9.408671
b11 		 14 		 9.408671
b11 		 15 		 9.408671
b11 		 16 		 9.408671
b11 		 17 		 9.408671
b11 		 18 		 9.408671
b11 		 19 		 9.408671
b11 		 20 		 9.408671
b11 		 21 		 9.408671
b11 		 22 		 9.614507
b11 		 23 		 9.408671
b11 		 24 		 2480.976822
b11 		 25 		 2500.0
b11 		 26 		 9.408671
b11 		 27 		 9.408671
b11 		 28 		 2480.976822
b11 		 29 		 2500.0
b11 		 30 		 9.614507
b11 		 31 		 9.408671
b11 		 32 		 6.703128
b11 		 33 		 12.114214
b11 		 34 		 2500.0
b11 		 35 		 2480.976822
b11 		 36 		 9.014683
b11 		 37 		 10.008496
b11 		 38 		 9.614507
b11 		 39 		 9.457625
b11 		 40 		 2480.976822
b11 		 41 		 2500.0
b11 		 42 		 9.614507
b11 		 43 		 9.457625
b11 		 44 		 9.614507
b11 		 45 		 11.17173
b11 		 46 		 2500.0
b11 		 47 		 2480.770985
b11 		 48 		 2479.963125
b11 		 49 		 2500.0
b11 		 50 		 9.614507
b11 		 51 		 11.022192
b11 		 52 		 2500.0
b11 		 53 		 4971.362314
b11 		 54 		 2500.0
b11 		 55 		 11.862367
b11 		 56 		 8.174508
b11 		 57 		 9.614507
b11 		 58 		 17.037343
b11 		 59 		 9.614507
b11 		 60 		 11.022192
b11 		 61 		 9.614507
b11 		 62 		 11.862367
b11 		 63 		 11.493892
b11 		 64 		 9.614507
b11 		 65 		 12.636629
b11 		 66 		 9.614507
b11 		 67 		 9.614507
b11 		 68 		 13.779366
b11 		 69 		 9.614507
b11 		 70 		 2480.770985
b11 		 71 		 2500.0
b11 		 72 		 10.185876
b11 		 73 		 10.185876
b11 		 74 		 9.614507
b11 		 75 		 2479.628249
b11 		 76 		 2500.0
b11 		 77 		 10.185876
b11 		 78 		 11.493892
b11 		 79 		 2477.748864
b11 		 80 		 2500.0
b11 		 81 		 9.614507
b11 		 82 		 2478.320232
b11 		 83 		 2500.0
b11 		 84 		 11.022192
b11 		 85 		 11.022192
b11 		 86 		 9.014683
b11 		 87 		 11.022192
b11 		 88 		 9.614507
b11 		 89 		 9.614507
b11 		 90 		 9.614507
b11 		 91 		 9.614507
b11 		 92 		 9.457625
b11 		 93 		 9.614507
b11 		 94 		 9.614507
b11 		 95 		 2500.0
b11 		 96 		 2480.976822
----------------------------------------------------------------------------------------------------
b12 		 1 		 9.614507
b12 		 2 		 9.614507
b12 		 3 		 9.614507
b12 		 4 		 10.196648
b12 		 5 		 8.620694
b12 		 6 		 9.408671
b12 		 7 		 2500.0
b12 		 8 		 2481.334175
b12 		 9 		 9.014683
b12 		 10 		 10.196648
b12 		 11 		 9.014683
b12 		 12 		 9.408671
b12 		 13 		 9.408671
b12 		 14 		 9.408671
b12 		 15 		 9.408671
b12 		 16 		 9.408671
b12 		 17 		 9.408671
b12 		 18 		 9.408671
b12 		 19 		 9.408671
b12 		 20 		 9.408671
b12 		 21 		 9.408671
b12 		 22 		 9.614507
b12 		 23 		 9.408671
b12 		 24 		 2480.976822
b12 		 25 		 2500.0
b12 		 26 		 9.408671
b12 		 27 		 9.408671
b12 		 28 		 2480.976822
b12 		 29 		 2500.0
b12 		 30 		 9.614507
b12 		 31 		 9.408671
b12 		 32 		 6.703128
b12 		 33 		 12.114214
b12 		 34 		 2500.0
b12 		 35 		 2480.976822
b12 		 36 		 9.014683
b12 		 37 		 10.008496
b12 		 38 		 9.614507
b12 		 39 		 9.457625
b12 		 40 		 2480.976822
b12 		 41 		 2500.0
b12 		 42 		 9.614507
b12 		 43 		 9.457625
b12 		 44 		 9.614507
b12 		 45 		 11.17173
b12 		 46 		 2500.0
b12 		 47 		 2480.770985
b12 		 48 		 2479.963125
b12 		 49 		 2500.0
b12 		 50 		 9.614507
b12 		 51 		 11.022192
b12 		 52 		 2500.0
b12 		 53 		 4971.362314
b12 		 54 		 2500.0
b12 		 55 		 11.862367
b12 		 56 		 8.174508
b12 		 57 		 9.614507
b12 		 58 		 17.037343
b12 		 59 		 9.614507
b12 		 60 		 11.022192
b12 		 61 		 9.614507
b12 		 62 		 11.862367
b12 		 63 		 11.493892
b12 		 64 		 9.614507
b12 		 65 		 12.636629
b12 		 66 		 9.614507
b12 		 67 		 9.614507
b12 		 68 		 13.779366
b12 		 69 		 9.614507
b12 		 70 		 2480.770985
b12 		 71 		 2500.0
b12 		 72 		 10.185876
b12 		 73 		 10.185876
b12 		 74 		 9.614507
b12 		 75 		 2479.628249
b12 		 76 		 2500.0
b12 		 77 		 10.185876
b12 		 78 		 11.493892
b12 		 79 		 2477.748864
b12 		 80 		 2500.0
b12 		 81 		 9.614507
b12 		 82 		 2478.320232
b12 		 83 		 2500.0
b12 		 84 		 11.022192
b12 		 85 		 11.022192
b12 		 86 		 9.014683
b12 		 87 		 11.022192
b12 		 88 		 9.614507
b12 		 89 		 9.614507
b12 		 90 		 9.614507
b12 		 91 		 9.614507
b12 		 92 		 9.457625
b12 		 93 		 9.614507
b12 		 94 		 9.614507
b12 		 95 		 2500.0
b12 		 96 		 2480.976822
----------------------------------------------------------------------------------------------------
b13 		 1 		 9.614507
b13 		 2 		 9.614507
b13 		 3 		 9.614507
b13 		 4 		 10.196648
b13 		 5 		 8.620694
b13 		 6 		 9.408671
b13 		 7 		 2500.0
b13 		 8 		 2481.334175
b13 		 9 		 9.014683
b13 		 10 		 10.196648
b13 		 11 		 9.014683
b13 		 12 		 9.408671
b13 		 13 		 9.408671
b13 		 14 		 9.408671
b13 		 15 		 9.408671
b13 		 16 		 9.408671
b13 		 17 		 9.408671
b13 		 18 		 9.408671
b13 		 19 		 9.408671
b13 		 20 		 9.408671
b13 		 21 		 9.408671
b13 		 22 		 9.614507
b13 		 23 		 9.408671
b13 		 24 		 2480.976822
b13 		 25 		 2500.0
b13 		 26 		 9.408671
b13 		 27 		 9.408671
b13 		 28 		 2480.976822
b13 		 29 		 2500.0
b13 		 30 		 9.614507
b13 		 31 		 9.408671
b13 		 32 		 6.703128
b13 		 33 		 12.114214
b13 		 34 		 2500.0
b13 		 35 		 2480.976822
b13 		 36 		 9.014683
b13 		 37 		 10.008496
b13 		 38 		 9.614507
b13 		 39 		 9.457625
b13 		 40 		 2480.976822
b13 		 41 		 2500.0
b13 		 42 		 9.614507
b13 		 43 		 9.457625
b13 		 44 		 9.614507
b13 		 45 		 11.17173
b13 		 46 		 2500.0
b13 		 47 		 2480.770985
b13 		 48 		 2479.963125
b13 		 49 		 2500.0
b13 		 50 		 9.614507
b13 		 51 		 11.022192
b13 		 52 		 2500.0
b13 		 53 		 4971.362314
b13 		 54 		 2500.0
b13 		 55 		 11.862367
b13 		 56 		 8.174508
b13 		 57 		 9.614507
b13 		 58 		 17.037343
b13 		 59 		 9.614507
b13 		 60 		 11.022192
b13 		 61 		 9.614507
b13 		 62 		 11.862367
b13 		 63 		 11.493892
b13 		 64 		 9.614507
b13 		 65 		 12.636629
b13 		 66 		 9.614507
b13 		 67 		 9.614507
b13 		 68 		 13.779366
b13 		 69 		 9.614507
b13 		 70 		 2480.770985
b13 		 71 		 2500.0
b13 		 72 		 10.185876
b13 		 73 		 10.185876
b13 		 74 		 9.614507
b13 		 75 		 2479.628249
b13 		 76 		 2500.0
b13 		 77 		 10.185876
b13 		 78 		 11.493892
b13 		 79 		 2477.748864
b13 		 80 		 2500.0
b13 		 81 		 9.614507
b13 		 82 		 2478.320232
b13 		 83 		 2500.0
b13 		 84 		 11.022192
b13 		 85 		 11.022192
b13 		 86 		 9.014683
b13 		 87 		 11.022192
b13 		 88 		 9.614507
b13 		 89 		 9.614507
b13 		 90 		 9.614507
b13 		 91 		 9.614507
b13 		 92 		 9.457625
b13 		 93 		 9.614507
b13 		 94 		 9.614507
b13 		 95 		 2500.0
b13 		 96 		 2480.976822
----------------------------------------------------------------------------------------------------
b14 		 1 		 9.614507
b14 		 2 		 9.614507
b14 		 3 		 9.614507
b14 		 4 		 10.196648
b14 		 5 		 8.620694
b14 		 6 		 9.408671
b14 		 7 		 2500.0
b14 		 8 		 2481.334175
b14 		 9 		 9.014683
b14 		 10 		 10.196648
b14 		 11 		 9.014683
b14 		 12 		 9.408671
b14 		 13 		 9.408671
b14 		 14 		 9.408671
b14 		 15 		 9.408671
b14 		 16 		 9.408671
b14 		 17 		 9.408671
b14 		 18 		 9.408671
b14 		 19 		 9.408671
b14 		 20 		 9.408671
b14 		 21 		 9.408671
b14 		 22 		 9.614507
b14 		 23 		 9.408671
b14 		 24 		 2480.976822
b14 		 25 		 2500.0
b14 		 26 		 9.408671
b14 		 27 		 9.408671
b14 		 28 		 2480.976822
b14 		 29 		 2500.0
b14 		 30 		 9.614507
b14 		 31 		 9.408671
b14 		 32 		 6.703128
b14 		 33 		 12.114214
b14 		 34 		 2500.0
b14 		 35 		 2480.976822
b14 		 36 		 9.014683
b14 		 37 		 10.008496
b14 		 38 		 9.614507
b14 		 39 		 9.457625
b14 		 40 		 2480.976822
b14 		 41 		 2500.0
b14 		 42 		 9.614507
b14 		 43 		 9.457625
b14 		 44 		 9.614507
b14 		 45 		 11.17173
b14 		 46 		 2500.0
b14 		 47 		 2480.770985
b14 		 48 		 2479.963125
b14 		 49 		 2500.0
b14 		 50 		 9.614507
b14 		 51 		 11.022192
b14 		 52 		 2500.0
b14 		 53 		 4971.362314
b14 		 54 		 2500.0
b14 		 55 		 11.862367
b14 		 56 		 8.174508
b14 		 57 		 9.614507
b14 		 58 		 17.037343
b14 		 59 		 9.614507
b14 		 60 		 11.022192
b14 		 61 		 9.614507
b14 		 62 		 11.862367
b14 		 63 		 11.493892
b14 		 64 		 9.614507
b14 		 65 		 12.636629
b14 		 66 		 9.614507
b14 		 67 		 9.614507
b14 		 68 		 13.779366
b14 		 69 		 9.614507
b14 		 70 		 2480.770985
b14 		 71 		 2500.0
b14 		 72 		 10.185876
b14 		 73 		 10.185876
b14 		 74 		 9.614507
b14 		 75 		 2479.628249
b14 		 76 		 2500.0
b14 		 77 		 10.185876
b14 		 78 		 11.493892
b14 		 79 		 2477.748864
b14 		 80 		 2500.0
b14 		 81 		 9.614507
b14 		 82 		 2478.320232
b14 		 83 		 2500.0
b14 		 84 		 11.022192
b14 		 85 		 11.022192
b14 		 86 		 9.014683
b14 		 87 		 11.022192
b14 		 88 		 9.614507
b14 		 89 		 9.614507
b14 		 90 		 9.614507
b14 		 91 		 9.614507
b14 		 92 		 9.457625
b14 		 93 		 9.614507
b14 		 94 		 9.614507
b14 		 95 		 2500.0
b14 		 96 		 2480.976822
----------------------------------------------------------------------------------------------------
Total overall payments
----------------------------------------------------------------------------------------------------------------------------------------------------
total generation payment 	 total up-FRP payment 	 total dw-FRP payment 	 total pre-up t. payment 	 uplift payment 	 total post-up t. payment 	 profit
----------------------------------------------------------------------------------------------------------------------------------------------------
-87164.27560699999 			 4804.374112 			 0.0 			 -82359.90149499997			 709057.171076 			 626697.2695810001 			 280518.23515
