257.74170000000004,
244.76020000000003,
232.7363,
226.69273000000007,
228.27362999999997,
241.83330000000004,
263.83947,
284.06602999999996,
306.98462,
328.07839000000007,
353.06574,
372.1540299999999,
389.2549,
402.4802899999999,
411.07140000000004,
415.01009999999997,
421.03560999999996,
418.83137999999997,
403.72695999999996,
391.78436000000005,
387.3036,
362.79507,
327.47315,
300.77844,
277.51655,
260.93061,
250.51469999999998,
243.25157000000004,
243.33286999999999,
256.53117,
277.13715,
299.22464,
325.38634999999994,
353.21027,
375.65912000000003,
392.9678,
