****************************************************************************************************
 
Generation payment
----------------------------------------------------------------------------------------------------------------
unit	 time 	 generation payment 	 up-FRP payment 	 dw-FRP payment 	pre-up total payment
----------------------------------------------------------------------------------------------------------------
g1	 1 	 92.545822 			 0.0 			 0.0			 92.545822 
g1	 2 	 236.425131 			 0.0 			 0.0			 236.425131 
g1	 3 	 -13442.828054 			 0.0 			 0.0			 -13442.828054 
g1	 4 	 129479.0975 			 0.0 			 0.0			 129479.0975 
g1	 5 	 291.926036 			 0.0 			 0.0			 291.926036 
g1	 6 	 83950.76 			 0.0 			 0.0			 83950.76 
g1	 7 	 -59074.24 			 0.0 			 0.0			 -59074.24 
g1	 8 	 -603250.952455 			 0.0 			 0.0			 -603250.952455 
g1	 9 	 -29014.49 			 0.0 			 0.0			 -29014.49 
g1	 10 	 -84.328403 			 0.0 			 0.0			 -84.328403 
g1	 11 	 118.612302 			 0.0 			 0.0			 118.612302 
g1	 12 	 156281.4125 			 0.0 			 0.0			 156281.4125 
g1	 13 	 28149.497954 			 0.0 			 0.0			 28149.497954 
g1	 14 	 10.987587 			 0.0 			 0.0			 10.987587 
g1	 15 	 132.638034 			 0.0 			 0.0			 132.638034 
g1	 16 	 -37123.307725 			 0.0 			 0.0			 -37123.307725 
g1	 17 	 101664.795 			 0.0 			 0.0			 101664.795 
g1	 18 	 -76.228469 			 0.0 			 0.0			 -76.228469 
g1	 19 	 65845.9775 			 0.0 			 0.0			 65845.9775 
g1	 20 	 -76598.100875 			 0.0 			 0.0			 -76598.100875 
g1	 21 	 100.099095 			 0.0 			 0.0			 100.099095 
g1	 22 	 335.809626 			 0.0 			 0.0			 335.809626 
g1	 23 	 184.756859 			 0.0 			 0.0			 184.756859 
g1	 24 	 243.566008 			 0.0 			 0.0			 243.566008 
g1	 25 	 -69532.890981 			 0.0 			 0.0			 -69532.890981 
g1	 26 	 72958.9575 			 0.0 			 0.0			 72958.9575 
g1	 27 	 26.167813 			 0.0 			 0.0			 26.167813 
g1	 28 	 206.378219 			 0.0 			 0.0			 206.378219 
g1	 29 	 210.250693 			 0.0 			 0.0			 210.250693 
g1	 30 	 322.603495 			 0.0 			 0.0			 322.603495 
g1	 31 	 149364.0025 			 0.0 			 0.0			 149364.0025 
g1	 32 	 149364.0025 			 0.0 			 0.0			 149364.0025 
g1	 33 	 41366.0525 			 0.0 			 0.0			 41366.0525 
g1	 34 	 -100877.026929 			 0.0 			 0.0			 -100877.026929 
g1	 35 	 -75186.207263 			 0.0 			 0.0			 -75186.207263 
g1	 36 	 67256.0075 			 0.0 			 0.0			 67256.0075 
g1	 37 	 468.162581 			 0.0 			 0.0			 468.162581 
g1	 38 	 -28120.16 			 0.0 			 0.0			 -28120.16 
g1	 39 	 -340368.954275 			 0.0 			 0.0			 -340368.954275 
g1	 40 	 -28120.16 			 0.0 			 0.0			 -28120.16 
g1	 41 	 120.720009 			 0.0 			 0.0			 120.720009 
g1	 42 	 -105.786238 			 0.0 			 0.0			 -105.786238 
g1	 43 	 124.221921 			 0.0 			 0.0			 124.221921 
g1	 44 	 64.170219 			 0.0 			 0.0			 64.170219 
g1	 45 	 -265.17567 			 0.0 			 0.0			 -265.17567 
g1	 46 	 172.152509 			 0.0 			 0.0			 172.152509 
g1	 47 	 -204.322263 			 0.0 			 0.0			 -204.322263 
g1	 48 	 -99898.3624 			 0.0 			 0.0			 -99898.3624 
g1	 49 	 42252.75 			 0.0 			 0.0			 42252.75 
g1	 50 	 42252.75 			 0.0 			 0.0			 42252.75 
g1	 51 	 -99898.3624 			 0.0 			 0.0			 -99898.3624 
g1	 52 	 42252.75 			 0.0 			 0.0			 42252.75 
g1	 53 	 -99951.087126 			 0.0 			 0.0			 -99951.087126 
g1	 54 	 -644.593695 			 0.0 			 0.0			 -644.593695 
g1	 55 	 -156.18608 			 0.0 			 0.0			 -156.18608 
g1	 56 	 -186.838234 			 0.0 			 0.0			 -186.838234 
g1	 57 	 -99672.207623 			 0.0 			 0.0			 -99672.207623 
g1	 58 	 42252.75 			 0.0 			 0.0			 42252.75 
g1	 59 	 120.086663 			 0.0 			 0.0			 120.086663 
g1	 60 	 42252.75 			 0.0 			 0.0			 42252.75 
g1	 61 	 -367.576832 			 0.0 			 0.0			 -367.576832 
g1	 62 	 -39346.8575 			 0.0 			 0.0			 -39346.8575 
g1	 63 	 -362654.631804 			 0.0 			 0.0			 -362654.631804 
g1	 64 	 -39346.8575 			 0.0 			 0.0			 -39346.8575 
g1	 65 	 133.542022 			 0.0 			 0.0			 133.542022 
g1	 66 	 42252.75 			 0.0 			 0.0			 42252.75 
g1	 67 	 -200342.110666 			 0.0 			 0.0			 -200342.110666 
g1	 68 	 42252.75 			 0.0 			 0.0			 42252.75 
g1	 69 	 42252.75 			 0.0 			 0.0			 42252.75 
g1	 70 	 -200312.755669 			 0.0 			 0.0			 -200312.755669 
g1	 71 	 42252.75 			 0.0 			 0.0			 42252.75 
g1	 72 	 128.082962 			 0.0 			 0.0			 128.082962 
g1	 73 	 -327.739733 			 0.0 			 0.0			 -327.739733 
g1	 74 	 -209536.514572 			 0.0 			 0.0			 -209536.514572 
g1	 75 	 -67909.795 			 0.0 			 0.0			 -67909.795 
g1	 76 	 42252.75 			 0.0 			 0.0			 42252.75 
g1	 77 	 -20.213366 			 0.0 			 0.0			 -20.213366 
g1	 78 	 -312.020816 			 0.0 			 0.0			 -312.020816 
g1	 79 	 164.745213 			 0.0 			 0.0			 164.745213 
g1	 80 	 8.079628 			 0.0 			 0.0			 8.079628 
g1	 81 	 42252.75 			 0.0 			 0.0			 42252.75 
g1	 82 	 -99951.087126 			 0.0 			 0.0			 -99951.087126 
g1	 83 	 -100.870485 			 0.0 			 0.0			 -100.870485 
g1	 84 	 -392.004448 			 0.0 			 0.0			 -392.004448 
g1	 85 	 -159.063519 			 0.0 			 0.0			 -159.063519 
g1	 86 	 -103.84855 			 0.0 			 0.0			 -103.84855 
g1	 87 	 430.212413 			 0.0 			 0.0			 430.212413 
g1	 88 	 -173.489164 			 0.0 			 0.0			 -173.489164 
g1	 89 	 -20.526184 			 0.0 			 0.0			 -20.526184 
g1	 90 	 124842.6225 			 0.0 			 0.0			 124842.6225 
g1	 91 	 11097.7525 			 0.0 			 0.0			 11097.7525 
g1	 92 	 -262343.258565 			 0.0 			 0.0			 -262343.258565 
g1	 93 	 -6161.8925 			 0.0 			 0.0			 -6161.8925 
g1	 94 	 -300.158371 			 0.0 			 0.0			 -300.158371 
g1	 95 	 -134.864988 			 0.0 			 0.0			 -134.864988 
g1	 96 	 368.667463 			 0.0 			 0.0			 368.667463 
----------------------------------------------------------------------------------------------------
g2	 1 	 0.0 			 0.0 			 0.0			 0.0 
g2	 2 	 0.0 			 0.0 			 0.0			 0.0 
g2	 3 	 0.0 			 0.0 			 0.0			 0.0 
g2	 4 	 0.0 			 0.0 			 0.0			 0.0 
g2	 5 	 0.0 			 0.0 			 0.0			 0.0 
g2	 6 	 0.0 			 0.0 			 0.0			 0.0 
g2	 7 	 0.0 			 0.0 			 0.0			 0.0 
g2	 8 	 0.0 			 0.0 			 0.0			 0.0 
g2	 9 	 0.0 			 0.0 			 0.0			 0.0 
g2	 10 	 0.0 			 0.0 			 0.0			 0.0 
g2	 11 	 0.0 			 0.0 			 0.0			 0.0 
g2	 12 	 0.0 			 0.0 			 0.0			 0.0 
g2	 13 	 0.0 			 0.0 			 0.0			 0.0 
g2	 14 	 0.0 			 0.0 			 0.0			 0.0 
g2	 15 	 0.0 			 0.0 			 0.0			 0.0 
g2	 16 	 0.0 			 0.0 			 0.0			 0.0 
g2	 17 	 0.0 			 0.0 			 0.0			 0.0 
g2	 18 	 0.0 			 0.0 			 0.0			 0.0 
g2	 19 	 0.0 			 0.0 			 0.0			 0.0 
g2	 20 	 0.0 			 0.0 			 0.0			 0.0 
g2	 21 	 0.0 			 0.0 			 0.0			 0.0 
g2	 22 	 0.0 			 0.0 			 0.0			 0.0 
g2	 23 	 0.0 			 0.0 			 0.0			 0.0 
g2	 24 	 0.0 			 0.0 			 0.0			 0.0 
g2	 25 	 0.0 			 0.0 			 0.0			 0.0 
g2	 26 	 0.0 			 0.0 			 0.0			 0.0 
g2	 27 	 0.0 			 0.0 			 0.0			 0.0 
g2	 28 	 0.0 			 0.0 			 0.0			 0.0 
g2	 29 	 0.0 			 0.0 			 0.0			 0.0 
g2	 30 	 0.0 			 0.0 			 0.0			 0.0 
g2	 31 	 0.0 			 0.0 			 0.0			 0.0 
g2	 32 	 0.0 			 0.0 			 0.0			 0.0 
g2	 33 	 0.0 			 0.0 			 0.0			 0.0 
g2	 34 	 0.0 			 0.0 			 0.0			 0.0 
g2	 35 	 0.0 			 0.0 			 0.0			 0.0 
g2	 36 	 0.0 			 0.0 			 0.0			 0.0 
g2	 37 	 129.447857 			 0.0 			 0.0			 129.447857 
g2	 38 	 -16872.9 			 0.0 			 0.0			 -16872.9 
g2	 39 	 -144604.514746 			 0.0 			 0.0			 -144604.514746 
g2	 40 	 -16872.9 			 0.0 			 0.0			 -16872.9 
g2	 41 	 21.701904 			 0.0 			 0.0			 21.701904 
g2	 42 	 21.701904 			 0.0 			 0.0			 21.701904 
g2	 43 	 21.701904 			 0.0 			 0.0			 21.701904 
g2	 44 	 21.701904 			 0.0 			 0.0			 21.701904 
g2	 45 	 -90.258367 			 0.0 			 0.0			 -90.258367 
g2	 46 	 -22.98171 			 0.0 			 0.0			 -22.98171 
g2	 47 	 -90.258367 			 0.0 			 0.0			 -90.258367 
g2	 48 	 19519.322019 			 0.0 			 0.0			 19519.322019 
g2	 49 	 32775.3975 			 0.0 			 0.0			 32775.3975 
g2	 50 	 67538.345 			 0.0 			 0.0			 67538.345 
g2	 51 	 11599.376358 			 0.0 			 0.0			 11599.376358 
g2	 52 	 5226.0075 			 0.0 			 0.0			 5226.0075 
g2	 53 	 -82993.125259 			 0.0 			 0.0			 -82993.125259 
g2	 54 	 -495.951315 			 0.0 			 0.0			 -495.951315 
g2	 55 	 -292.06136 			 0.0 			 0.0			 -292.06136 
g2	 56 	 -77.321346 			 0.0 			 0.0			 -77.321346 
g2	 57 	 14098.737857 			 0.0 			 0.0			 14098.737857 
g2	 58 	 70091.84 			 0.0 			 0.0			 70091.84 
g2	 59 	 224.825584 			 0.0 			 0.0			 224.825584 
g2	 60 	 114297.4875 			 0.0 			 0.0			 114297.4875 
g2	 61 	 186.956925 			 0.0 			 0.0			 186.956925 
g2	 62 	 -7224.2625 			 0.0 			 0.0			 -7224.2625 
g2	 63 	 -125401.147819 			 0.0 			 0.0			 -125401.147819 
g2	 64 	 -7224.2625 			 0.0 			 0.0			 -7224.2625 
g2	 65 	 -300.455411 			 0.0 			 0.0			 -300.455411 
g2	 66 	 -100710.205 			 0.0 			 0.0			 -100710.205 
g2	 67 	 -311227.521858 			 0.0 			 0.0			 -311227.521858 
g2	 68 	 -100710.205 			 0.0 			 0.0			 -100710.205 
g2	 69 	 -74505.5025 			 0.0 			 0.0			 -74505.5025 
g2	 70 	 -259092.815859 			 0.0 			 0.0			 -259092.815859 
g2	 71 	 -74505.5025 			 0.0 			 0.0			 -74505.5025 
g2	 72 	 -316.937137 			 0.0 			 0.0			 -316.937137 
g2	 73 	 53.991423 			 0.0 			 0.0			 53.991423 
g2	 74 	 20844.487928 			 0.0 			 0.0			 20844.487928 
g2	 75 	 76821.0875 			 0.0 			 0.0			 76821.0875 
g2	 76 	 132658.5875 			 0.0 			 0.0			 132658.5875 
g2	 77 	 410.260965 			 0.0 			 0.0			 410.260965 
g2	 78 	 145.682352 			 0.0 			 0.0			 145.682352 
g2	 79 	 227.803969 			 0.0 			 0.0			 227.803969 
g2	 80 	 -33.208671 			 0.0 			 0.0			 -33.208671 
g2	 81 	 7079.0 			 0.0 			 0.0			 7079.0 
g2	 82 	 -48361.181592 			 0.0 			 0.0			 -48361.181592 
g2	 83 	 -235.914014 			 0.0 			 0.0			 -235.914014 
g2	 84 	 -58.962166 			 0.0 			 0.0			 -58.962166 
g2	 85 	 391.415281 			 0.0 			 0.0			 391.415281 
g2	 86 	 606.155295 			 0.0 			 0.0			 606.155295 
g2	 87 	 2173.345237 			 0.0 			 0.0			 2173.345237 
g2	 88 	 606.155295 			 0.0 			 0.0			 606.155295 
g2	 89 	 413.393765 			 0.0 			 0.0			 413.393765 
g2	 90 	 51654.69 			 0.0 			 0.0			 51654.69 
g2	 91 	 -4182.81 			 0.0 			 0.0			 -4182.81 
g2	 92 	 -119353.082883 			 0.0 			 0.0			 -119353.082883 
g2	 93 	 0.0 			 0.0 			 0.0			 0.0 
g2	 94 	 0.0 			 0.0 			 0.0			 0.0 
g2	 95 	 0.0 			 0.0 			 0.0			 0.0 
g2	 96 	 0.0 			 0.0 			 0.0			 0.0 
----------------------------------------------------------------------------------------------------
g3	 1 	 0.0 			 0.0 			 0.0			 0.0 
g3	 2 	 0.0 			 0.0 			 0.0			 0.0 
g3	 3 	 0.0 			 0.0 			 0.0			 0.0 
g3	 4 	 0.0 			 0.0 			 0.0			 0.0 
g3	 5 	 0.0 			 0.0 			 0.0			 0.0 
g3	 6 	 0.0 			 0.0 			 0.0			 0.0 
g3	 7 	 0.0 			 0.0 			 0.0			 0.0 
g3	 8 	 0.0 			 0.0 			 0.0			 0.0 
g3	 9 	 0.0 			 0.0 			 0.0			 0.0 
g3	 10 	 0.0 			 0.0 			 0.0			 0.0 
g3	 11 	 0.0 			 0.0 			 0.0			 0.0 
g3	 12 	 0.0 			 0.0 			 0.0			 0.0 
g3	 13 	 0.0 			 0.0 			 0.0			 0.0 
g3	 14 	 0.0 			 0.0 			 0.0			 0.0 
g3	 15 	 0.0 			 0.0 			 0.0			 0.0 
g3	 16 	 0.0 			 0.0 			 0.0			 0.0 
g3	 17 	 0.0 			 0.0 			 0.0			 0.0 
g3	 18 	 0.0 			 0.0 			 0.0			 0.0 
g3	 19 	 0.0 			 0.0 			 0.0			 0.0 
g3	 20 	 0.0 			 0.0 			 0.0			 0.0 
g3	 21 	 0.0 			 0.0 			 0.0			 0.0 
g3	 22 	 0.0 			 0.0 			 0.0			 0.0 
g3	 23 	 0.0 			 0.0 			 0.0			 0.0 
g3	 24 	 0.0 			 0.0 			 0.0			 0.0 
g3	 25 	 0.0 			 0.0 			 0.0			 0.0 
g3	 26 	 0.0 			 0.0 			 0.0			 0.0 
g3	 27 	 0.0 			 0.0 			 0.0			 0.0 
g3	 28 	 0.0 			 0.0 			 0.0			 0.0 
g3	 29 	 0.0 			 0.0 			 0.0			 0.0 
g3	 30 	 0.0 			 0.0 			 0.0			 0.0 
g3	 31 	 0.0 			 0.0 			 0.0			 0.0 
g3	 32 	 0.0 			 0.0 			 0.0			 0.0 
g3	 33 	 0.0 			 0.0 			 0.0			 0.0 
g3	 34 	 0.0 			 0.0 			 0.0			 0.0 
g3	 35 	 0.0 			 0.0 			 0.0			 0.0 
g3	 36 	 0.0 			 0.0 			 0.0			 0.0 
g3	 37 	 0.0 			 0.0 			 0.0			 0.0 
g3	 38 	 0.0 			 0.0 			 0.0			 0.0 
g3	 39 	 0.0 			 0.0 			 0.0			 0.0 
g3	 40 	 0.0 			 0.0 			 0.0			 0.0 
g3	 41 	 0.0 			 0.0 			 0.0			 0.0 
g3	 42 	 0.0 			 0.0 			 0.0			 0.0 
g3	 43 	 0.0 			 0.0 			 0.0			 0.0 
g3	 44 	 0.0 			 0.0 			 0.0			 0.0 
g3	 45 	 0.0 			 0.0 			 0.0			 0.0 
g3	 46 	 0.0 			 0.0 			 0.0			 0.0 
g3	 47 	 0.0 			 0.0 			 0.0			 0.0 
g3	 48 	 0.0 			 0.0 			 0.0			 0.0 
g3	 49 	 0.0 			 0.0 			 0.0			 0.0 
g3	 50 	 0.0 			 0.0 			 0.0			 0.0 
g3	 51 	 0.0 			 0.0 			 0.0			 0.0 
g3	 52 	 0.0 			 0.0 			 0.0			 0.0 
g3	 53 	 0.0 			 0.0 			 0.0			 0.0 
g3	 54 	 0.0 			 0.0 			 0.0			 0.0 
g3	 55 	 0.0 			 0.0 			 0.0			 0.0 
g3	 56 	 0.0 			 0.0 			 0.0			 0.0 
g3	 57 	 0.0 			 0.0 			 0.0			 0.0 
g3	 58 	 0.0 			 0.0 			 0.0			 0.0 
g3	 59 	 0.0 			 0.0 			 0.0			 0.0 
g3	 60 	 0.0 			 0.0 			 0.0			 0.0 
g3	 61 	 0.0 			 0.0 			 0.0			 0.0 
g3	 62 	 0.0 			 0.0 			 0.0			 0.0 
g3	 63 	 0.0 			 0.0 			 0.0			 0.0 
g3	 64 	 0.0 			 0.0 			 0.0			 0.0 
g3	 65 	 0.0 			 0.0 			 0.0			 0.0 
g3	 66 	 0.0 			 0.0 			 0.0			 0.0 
g3	 67 	 0.0 			 0.0 			 0.0			 0.0 
g3	 68 	 0.0 			 0.0 			 0.0			 0.0 
g3	 69 	 0.0 			 0.0 			 0.0			 0.0 
g3	 70 	 0.0 			 0.0 			 0.0			 0.0 
g3	 71 	 0.0 			 0.0 			 0.0			 0.0 
g3	 72 	 0.0 			 0.0 			 0.0			 0.0 
g3	 73 	 0.0 			 0.0 			 0.0			 0.0 
g3	 74 	 0.0 			 0.0 			 0.0			 0.0 
g3	 75 	 0.0 			 0.0 			 0.0			 0.0 
g3	 76 	 0.0 			 0.0 			 0.0			 0.0 
g3	 77 	 0.0 			 0.0 			 0.0			 0.0 
g3	 78 	 0.0 			 0.0 			 0.0			 0.0 
g3	 79 	 0.0 			 0.0 			 0.0			 0.0 
g3	 80 	 0.0 			 0.0 			 0.0			 0.0 
g3	 81 	 0.0 			 0.0 			 0.0			 0.0 
g3	 82 	 0.0 			 0.0 			 0.0			 0.0 
g3	 83 	 0.0 			 0.0 			 0.0			 0.0 
g3	 84 	 0.0 			 0.0 			 0.0			 0.0 
g3	 85 	 0.0 			 0.0 			 0.0			 0.0 
g3	 86 	 0.0 			 0.0 			 0.0			 0.0 
g3	 87 	 0.0 			 0.0 			 0.0			 0.0 
g3	 88 	 0.0 			 0.0 			 0.0			 0.0 
g3	 89 	 0.0 			 0.0 			 0.0			 0.0 
g3	 90 	 0.0 			 0.0 			 0.0			 0.0 
g3	 91 	 0.0 			 0.0 			 0.0			 0.0 
g3	 92 	 0.0 			 0.0 			 0.0			 0.0 
g3	 93 	 0.0 			 0.0 			 0.0			 0.0 
g3	 94 	 0.0 			 0.0 			 0.0			 0.0 
g3	 95 	 0.0 			 0.0 			 0.0			 0.0 
g3	 96 	 0.0 			 0.0 			 0.0			 0.0 
----------------------------------------------------------------------------------------------------
g4	 1 	 0.0 			 0.0 			 0.0			 0.0 
g4	 2 	 0.0 			 0.0 			 0.0			 0.0 
g4	 3 	 0.0 			 0.0 			 0.0			 0.0 
g4	 4 	 0.0 			 0.0 			 0.0			 0.0 
g4	 5 	 0.0 			 0.0 			 0.0			 0.0 
g4	 6 	 0.0 			 0.0 			 0.0			 0.0 
g4	 7 	 0.0 			 0.0 			 0.0			 0.0 
g4	 8 	 0.0 			 0.0 			 0.0			 0.0 
g4	 9 	 0.0 			 0.0 			 0.0			 0.0 
g4	 10 	 0.0 			 0.0 			 0.0			 0.0 
g4	 11 	 0.0 			 0.0 			 0.0			 0.0 
g4	 12 	 0.0 			 0.0 			 0.0			 0.0 
g4	 13 	 0.0 			 0.0 			 0.0			 0.0 
g4	 14 	 0.0 			 0.0 			 0.0			 0.0 
g4	 15 	 0.0 			 0.0 			 0.0			 0.0 
g4	 16 	 0.0 			 0.0 			 0.0			 0.0 
g4	 17 	 0.0 			 0.0 			 0.0			 0.0 
g4	 18 	 0.0 			 0.0 			 0.0			 0.0 
g4	 19 	 0.0 			 0.0 			 0.0			 0.0 
g4	 20 	 0.0 			 0.0 			 0.0			 0.0 
g4	 21 	 0.0 			 0.0 			 0.0			 0.0 
g4	 22 	 0.0 			 0.0 			 0.0			 0.0 
g4	 23 	 0.0 			 0.0 			 0.0			 0.0 
g4	 24 	 0.0 			 0.0 			 0.0			 0.0 
g4	 25 	 0.0 			 0.0 			 0.0			 0.0 
g4	 26 	 0.0 			 0.0 			 0.0			 0.0 
g4	 27 	 0.0 			 0.0 			 0.0			 0.0 
g4	 28 	 0.0 			 0.0 			 0.0			 0.0 
g4	 29 	 0.0 			 0.0 			 0.0			 0.0 
g4	 30 	 0.0 			 0.0 			 0.0			 0.0 
g4	 31 	 0.0 			 0.0 			 0.0			 0.0 
g4	 32 	 0.0 			 0.0 			 0.0			 0.0 
g4	 33 	 0.0 			 0.0 			 0.0			 0.0 
g4	 34 	 0.0 			 0.0 			 0.0			 0.0 
g4	 35 	 0.0 			 0.0 			 0.0			 0.0 
g4	 36 	 0.0 			 0.0 			 0.0			 0.0 
g4	 37 	 0.0 			 0.0 			 0.0			 0.0 
g4	 38 	 0.0 			 0.0 			 0.0			 0.0 
g4	 39 	 0.0 			 0.0 			 0.0			 0.0 
g4	 40 	 0.0 			 0.0 			 0.0			 0.0 
g4	 41 	 0.0 			 0.0 			 0.0			 0.0 
g4	 42 	 0.0 			 0.0 			 0.0			 0.0 
g4	 43 	 0.0 			 0.0 			 0.0			 0.0 
g4	 44 	 0.0 			 0.0 			 0.0			 0.0 
g4	 45 	 0.0 			 0.0 			 0.0			 0.0 
g4	 46 	 0.0 			 0.0 			 0.0			 0.0 
g4	 47 	 0.0 			 0.0 			 0.0			 0.0 
g4	 48 	 0.0 			 0.0 			 0.0			 0.0 
g4	 49 	 0.0 			 0.0 			 0.0			 0.0 
g4	 50 	 0.0 			 0.0 			 0.0			 0.0 
g4	 51 	 0.0 			 0.0 			 0.0			 0.0 
g4	 52 	 0.0 			 0.0 			 0.0			 0.0 
g4	 53 	 0.0 			 0.0 			 0.0			 0.0 
g4	 54 	 0.0 			 0.0 			 0.0			 0.0 
g4	 55 	 0.0 			 0.0 			 0.0			 0.0 
g4	 56 	 0.0 			 0.0 			 0.0			 0.0 
g4	 57 	 0.0 			 0.0 			 0.0			 0.0 
g4	 58 	 0.0 			 0.0 			 0.0			 0.0 
g4	 59 	 0.0 			 0.0 			 0.0			 0.0 
g4	 60 	 0.0 			 0.0 			 0.0			 0.0 
g4	 61 	 0.0 			 0.0 			 0.0			 0.0 
g4	 62 	 0.0 			 0.0 			 0.0			 0.0 
g4	 63 	 0.0 			 0.0 			 0.0			 0.0 
g4	 64 	 0.0 			 0.0 			 0.0			 0.0 
g4	 65 	 0.0 			 0.0 			 0.0			 0.0 
g4	 66 	 0.0 			 0.0 			 0.0			 0.0 
g4	 67 	 0.0 			 0.0 			 0.0			 0.0 
g4	 68 	 0.0 			 0.0 			 0.0			 0.0 
g4	 69 	 0.0 			 0.0 			 0.0			 0.0 
g4	 70 	 0.0 			 0.0 			 0.0			 0.0 
g4	 71 	 0.0 			 0.0 			 0.0			 0.0 
g4	 72 	 0.0 			 0.0 			 0.0			 0.0 
g4	 73 	 0.0 			 0.0 			 0.0			 0.0 
g4	 74 	 0.0 			 0.0 			 0.0			 0.0 
g4	 75 	 0.0 			 0.0 			 0.0			 0.0 
g4	 76 	 0.0 			 0.0 			 0.0			 0.0 
g4	 77 	 0.0 			 0.0 			 0.0			 0.0 
g4	 78 	 0.0 			 0.0 			 0.0			 0.0 
g4	 79 	 0.0 			 0.0 			 0.0			 0.0 
g4	 80 	 0.0 			 0.0 			 0.0			 0.0 
g4	 81 	 0.0 			 0.0 			 0.0			 0.0 
g4	 82 	 0.0 			 0.0 			 0.0			 0.0 
g4	 83 	 0.0 			 0.0 			 0.0			 0.0 
g4	 84 	 0.0 			 0.0 			 0.0			 0.0 
g4	 85 	 0.0 			 0.0 			 0.0			 0.0 
g4	 86 	 0.0 			 0.0 			 0.0			 0.0 
g4	 87 	 0.0 			 0.0 			 0.0			 0.0 
g4	 88 	 0.0 			 0.0 			 0.0			 0.0 
g4	 89 	 0.0 			 0.0 			 0.0			 0.0 
g4	 90 	 0.0 			 0.0 			 0.0			 0.0 
g4	 91 	 0.0 			 0.0 			 0.0			 0.0 
g4	 92 	 0.0 			 0.0 			 0.0			 0.0 
g4	 93 	 0.0 			 0.0 			 0.0			 0.0 
g4	 94 	 0.0 			 0.0 			 0.0			 0.0 
g4	 95 	 0.0 			 0.0 			 0.0			 0.0 
g4	 96 	 0.0 			 0.0 			 0.0			 0.0 
----------------------------------------------------------------------------------------------------
g5	 1 	 0.0 			 0.0 			 0.0			 0.0 
g5	 2 	 0.0 			 0.0 			 0.0			 0.0 
g5	 3 	 0.0 			 0.0 			 0.0			 0.0 
g5	 4 	 0.0 			 0.0 			 0.0			 0.0 
g5	 5 	 0.0 			 0.0 			 0.0			 0.0 
g5	 6 	 0.0 			 0.0 			 0.0			 0.0 
g5	 7 	 0.0 			 0.0 			 0.0			 0.0 
g5	 8 	 0.0 			 0.0 			 0.0			 0.0 
g5	 9 	 0.0 			 0.0 			 0.0			 0.0 
g5	 10 	 0.0 			 0.0 			 0.0			 0.0 
g5	 11 	 0.0 			 0.0 			 0.0			 0.0 
g5	 12 	 0.0 			 0.0 			 0.0			 0.0 
g5	 13 	 0.0 			 0.0 			 0.0			 0.0 
g5	 14 	 0.0 			 0.0 			 0.0			 0.0 
g5	 15 	 0.0 			 0.0 			 0.0			 0.0 
g5	 16 	 0.0 			 0.0 			 0.0			 0.0 
g5	 17 	 0.0 			 0.0 			 0.0			 0.0 
g5	 18 	 0.0 			 0.0 			 0.0			 0.0 
g5	 19 	 0.0 			 0.0 			 0.0			 0.0 
g5	 20 	 0.0 			 0.0 			 0.0			 0.0 
g5	 21 	 0.0 			 0.0 			 0.0			 0.0 
g5	 22 	 0.0 			 0.0 			 0.0			 0.0 
g5	 23 	 0.0 			 0.0 			 0.0			 0.0 
g5	 24 	 0.0 			 0.0 			 0.0			 0.0 
g5	 25 	 0.0 			 0.0 			 0.0			 0.0 
g5	 26 	 0.0 			 0.0 			 0.0			 0.0 
g5	 27 	 0.0 			 0.0 			 0.0			 0.0 
g5	 28 	 0.0 			 0.0 			 0.0			 0.0 
g5	 29 	 0.0 			 0.0 			 0.0			 0.0 
g5	 30 	 0.0 			 0.0 			 0.0			 0.0 
g5	 31 	 0.0 			 0.0 			 0.0			 0.0 
g5	 32 	 0.0 			 0.0 			 0.0			 0.0 
g5	 33 	 0.0 			 0.0 			 0.0			 0.0 
g5	 34 	 0.0 			 0.0 			 0.0			 0.0 
g5	 35 	 0.0 			 0.0 			 0.0			 0.0 
g5	 36 	 0.0 			 0.0 			 0.0			 0.0 
g5	 37 	 0.0 			 0.0 			 0.0			 0.0 
g5	 38 	 0.0 			 0.0 			 0.0			 0.0 
g5	 39 	 0.0 			 0.0 			 0.0			 0.0 
g5	 40 	 0.0 			 0.0 			 0.0			 0.0 
g5	 41 	 0.0 			 0.0 			 0.0			 0.0 
g5	 42 	 0.0 			 0.0 			 0.0			 0.0 
g5	 43 	 0.0 			 0.0 			 0.0			 0.0 
g5	 44 	 0.0 			 0.0 			 0.0			 0.0 
g5	 45 	 0.0 			 0.0 			 0.0			 0.0 
g5	 46 	 0.0 			 0.0 			 0.0			 0.0 
g5	 47 	 0.0 			 0.0 			 0.0			 0.0 
g5	 48 	 0.0 			 0.0 			 0.0			 0.0 
g5	 49 	 0.0 			 0.0 			 0.0			 0.0 
g5	 50 	 0.0 			 0.0 			 0.0			 0.0 
g5	 51 	 0.0 			 0.0 			 0.0			 0.0 
g5	 52 	 0.0 			 0.0 			 0.0			 0.0 
g5	 53 	 0.0 			 0.0 			 0.0			 0.0 
g5	 54 	 0.0 			 0.0 			 0.0			 0.0 
g5	 55 	 0.0 			 0.0 			 0.0			 0.0 
g5	 56 	 0.0 			 0.0 			 0.0			 0.0 
g5	 57 	 0.0 			 0.0 			 0.0			 0.0 
g5	 58 	 0.0 			 0.0 			 0.0			 0.0 
g5	 59 	 0.0 			 0.0 			 0.0			 0.0 
g5	 60 	 0.0 			 0.0 			 0.0			 0.0 
g5	 61 	 0.0 			 0.0 			 0.0			 0.0 
g5	 62 	 0.0 			 0.0 			 0.0			 0.0 
g5	 63 	 0.0 			 0.0 			 0.0			 0.0 
g5	 64 	 0.0 			 0.0 			 0.0			 0.0 
g5	 65 	 0.0 			 0.0 			 0.0			 0.0 
g5	 66 	 0.0 			 0.0 			 0.0			 0.0 
g5	 67 	 0.0 			 0.0 			 0.0			 0.0 
g5	 68 	 0.0 			 0.0 			 0.0			 0.0 
g5	 69 	 0.0 			 0.0 			 0.0			 0.0 
g5	 70 	 0.0 			 0.0 			 0.0			 0.0 
g5	 71 	 0.0 			 0.0 			 0.0			 0.0 
g5	 72 	 0.0 			 0.0 			 0.0			 0.0 
g5	 73 	 0.0 			 0.0 			 0.0			 0.0 
g5	 74 	 0.0 			 0.0 			 0.0			 0.0 
g5	 75 	 0.0 			 0.0 			 0.0			 0.0 
g5	 76 	 0.0 			 0.0 			 0.0			 0.0 
g5	 77 	 0.0 			 0.0 			 0.0			 0.0 
g5	 78 	 0.0 			 0.0 			 0.0			 0.0 
g5	 79 	 0.0 			 0.0 			 0.0			 0.0 
g5	 80 	 0.0 			 0.0 			 0.0			 0.0 
g5	 81 	 0.0 			 0.0 			 0.0			 0.0 
g5	 82 	 0.0 			 0.0 			 0.0			 0.0 
g5	 83 	 0.0 			 0.0 			 0.0			 0.0 
g5	 84 	 0.0 			 0.0 			 0.0			 0.0 
g5	 85 	 0.0 			 0.0 			 0.0			 0.0 
g5	 86 	 0.0 			 0.0 			 0.0			 0.0 
g5	 87 	 0.0 			 0.0 			 0.0			 0.0 
g5	 88 	 0.0 			 0.0 			 0.0			 0.0 
g5	 89 	 0.0 			 0.0 			 0.0			 0.0 
g5	 90 	 0.0 			 0.0 			 0.0			 0.0 
g5	 91 	 0.0 			 0.0 			 0.0			 0.0 
g5	 92 	 0.0 			 0.0 			 0.0			 0.0 
g5	 93 	 0.0 			 0.0 			 0.0			 0.0 
g5	 94 	 0.0 			 0.0 			 0.0			 0.0 
g5	 95 	 0.0 			 0.0 			 0.0			 0.0 
g5	 96 	 0.0 			 0.0 			 0.0			 0.0 
----------------------------------------------------------------------------------------------------------------
unit 	 generation payment 	 up-FRP payment 	 dw-FRP payment 	pre-up total payment
----------------------------------------------------------------------------------------------------------------
 g1 	 -1700954.136239			 0.000000			 0.000000			 -1700954.136239
 g2 	 -865995.641654			 0.000000			 0.000000			 -865995.641654
 g3 	 0.000000			 0.000000			 0.000000			 0.000000
 g4 	 0.000000			 0.000000			 0.000000			 0.000000
 g5 	 0.000000			 0.000000			 0.000000			 0.000000
----------------------------------------------------------------------------------------------------
generation payment 	 up-FRP payment 	 dw-FRP payment 	 pre-up total payment
----------------------------------------------------------------------------------------------------
-2.566949777893e6 			 0.0 			 0.0 			 -2.566949777893e6
 
****************************************************************************************************
 
Generation costs
----------------------------------------------------------------------------------------------------
unit	 time 	 generation cost 	 start-up cost  	total cost
----------------------------------------------------------------------------------------------------
g1	 1 	 2323.259254 			 0.0 			2323.259254
g1	 2 	 2467.138572 			 0.0 			2467.138572
g1	 3 	 2181.497376 			 0.0 			2181.497376
g1	 4 	 2728.664525 			 0.0 			2728.664525
g1	 5 	 2397.828753 			 0.0 			2397.828753
g1	 6 	 2428.760781 			 0.0 			2428.760781
g1	 7 	 1888.014246 			 0.0 			1888.014246
g1	 8 	 1353.514891 			 0.0 			1353.514891
g1	 9 	 1888.014246 			 0.0 			1888.014246
g1	 10 	 1912.880962 			 0.0 			1912.880962
g1	 11 	 2115.821669 			 0.0 			2115.821669
g1	 12 	 2591.326341 			 0.0 			2591.326341
g1	 13 	 2047.099453 			 0.0 			2047.099453
g1	 14 	 1951.334989 			 0.0 			1951.334989
g1	 15 	 2072.985436 			 0.0 			2072.985436
g1	 16 	 1799.563748 			 0.0 			1799.563748
g1	 17 	 2338.375226 			 0.0 			2338.375226
g1	 18 	 1878.993104 			 0.0 			1878.993104
g1	 19 	 2203.030829 			 0.0 			2203.030829
g1	 20 	 1664.760757 			 0.0 			1664.760757
g1	 21 	 2182.899146 			 0.0 			2182.899146
g1	 22 	 2413.571636 			 0.0 			2413.571636
g1	 23 	 2267.556902 			 0.0 			2267.556902
g1	 24 	 2321.328017 			 0.0 			2321.328017
g1	 25 	 2026.157519 			 0.0 			2026.157519
g1	 26 	 2569.926254 			 0.0 			2569.926254
g1	 27 	 2315.508304 			 0.0 			2315.508304
g1	 28 	 2495.718714 			 0.0 			2495.718714
g1	 29 	 2694.059592 			 0.0 			2694.059592
g1	 30 	 2806.412395 			 0.0 			2806.412395
g1	 31 	 3058.233409 			 0.0 			3058.233409
g1	 32 	 3058.233409 			 0.0 			3058.233409
g1	 33 	 2863.245526 			 0.0 			2863.245526
g1	 34 	 2313.199564 			 0.0 			2313.199564
g1	 35 	 2412.767228 			 0.0 			2412.767228
g1	 36 	 2962.813189 			 0.0 			2962.813189
g1	 37 	 3025.833738 			 0.0 			3025.833738
g1	 38 	 2475.787777 			 0.0 			2475.787777
g1	 39 	 1934.034445 			 0.0 			1934.034445
g1	 40 	 2475.787777 			 0.0 			2475.787777
g1	 41 	 2944.893443 			 0.0 			2944.893443
g1	 42 	 2718.387186 			 0.0 			2718.387186
g1	 43 	 2948.395355 			 0.0 			2948.395355
g1	 44 	 2888.343651 			 0.0 			2888.343651
g1	 45 	 2630.561982 			 0.0 			2630.561982
g1	 46 	 3058.233409 			 0.0 			3058.233409
g1	 47 	 2691.415394 			 0.0 			2691.415394
g1	 48 	 2508.187447 			 0.0 			2508.187447
g1	 49 	 3058.233409 			 0.0 			3058.233409
g1	 50 	 3058.233409 			 0.0 			3058.233409
g1	 51 	 2508.187447 			 0.0 			2508.187447
g1	 52 	 3058.233409 			 0.0 			3058.233409
g1	 53 	 2508.187447 			 0.0 			2508.187447
g1	 54 	 2238.670024 			 0.0 			2238.670024
g1	 55 	 2739.551572 			 0.0 			2739.551572
g1	 56 	 2708.899418 			 0.0 			2708.899418
g1	 57 	 2508.187447 			 0.0 			2508.187447
g1	 58 	 3058.233409 			 0.0 			3058.233409
g1	 59 	 3015.824327 			 0.0 			3015.824327
g1	 60 	 3058.233409 			 0.0 			3058.233409
g1	 61 	 2528.160815 			 0.0 			2528.160815
g1	 62 	 2744.417397 			 0.0 			2744.417397
g1	 63 	 2196.912996 			 0.0 			2196.912996
g1	 64 	 2744.417397 			 0.0 			2744.417397
g1	 65 	 3029.279681 			 0.0 			3029.279681
g1	 66 	 3058.233409 			 0.0 			3058.233409
g1	 67 	 2508.187447 			 0.0 			2508.187447
g1	 68 	 3058.233409 			 0.0 			3058.233409
g1	 69 	 3058.233409 			 0.0 			3058.233409
g1	 70 	 2508.187447 			 0.0 			2508.187447
g1	 71 	 3058.233409 			 0.0 			3058.233409
g1	 72 	 3023.82063 			 0.0 			3023.82063
g1	 73 	 2634.569977 			 0.0 			2634.569977
g1	 74 	 2089.41729 			 0.0 			2089.41729
g1	 75 	 2634.569977 			 0.0 			2634.569977
g1	 76 	 3058.233409 			 0.0 			3058.233409
g1	 77 	 2875.524294 			 0.0 			2875.524294
g1	 78 	 2476.973086 			 0.0 			2476.973086
g1	 79 	 3027.019047 			 0.0 			3027.019047
g1	 80 	 2903.817284 			 0.0 			2903.817284
g1	 81 	 3058.233409 			 0.0 			3058.233409
g1	 82 	 2508.187447 			 0.0 			2508.187447
g1	 83 	 2794.867175 			 0.0 			2794.867175
g1	 84 	 2503.7332 			 0.0 			2503.7332
g1	 85 	 2736.674139 			 0.0 			2736.674139
g1	 86 	 2791.889104 			 0.0 			2791.889104
g1	 87 	 3058.233409 			 0.0 			3058.233409
g1	 88 	 2722.248494 			 0.0 			2722.248494
g1	 89 	 2557.587108 			 0.0 			2557.587108
g1	 90 	 3058.233409 			 0.0 			3058.233409
g1	 91 	 2620.793053 			 0.0 			2620.793053
g1	 92 	 2075.935315 			 0.0 			2075.935315
g1	 93 	 2620.793053 			 0.0 			2620.793053
g1	 94 	 2344.332101 			 0.0 			2344.332101
g1	 95 	 2509.625486 			 0.0 			2509.625486
g1	 96 	 3013.15795 			 0.0 			3013.15795
----------------------------------------------------------------------------------------------------
g2	 1 	 0.0 			 0.0 			0.0
g2	 2 	 0.0 			 0.0 			0.0
g2	 3 	 0.0 			 0.0 			0.0
g2	 4 	 0.0 			 0.0 			0.0
g2	 5 	 0.0 			 0.0 			0.0
g2	 6 	 0.0 			 0.0 			0.0
g2	 7 	 0.0 			 0.0 			0.0
g2	 8 	 0.0 			 0.0 			0.0
g2	 9 	 0.0 			 0.0 			0.0
g2	 10 	 0.0 			 0.0 			0.0
g2	 11 	 0.0 			 0.0 			0.0
g2	 12 	 0.0 			 0.0 			0.0
g2	 13 	 0.0 			 0.0 			0.0
g2	 14 	 0.0 			 0.0 			0.0
g2	 15 	 0.0 			 0.0 			0.0
g2	 16 	 0.0 			 0.0 			0.0
g2	 17 	 0.0 			 0.0 			0.0
g2	 18 	 0.0 			 0.0 			0.0
g2	 19 	 0.0 			 0.0 			0.0
g2	 20 	 0.0 			 0.0 			0.0
g2	 21 	 0.0 			 0.0 			0.0
g2	 22 	 0.0 			 0.0 			0.0
g2	 23 	 0.0 			 0.0 			0.0
g2	 24 	 0.0 			 0.0 			0.0
g2	 25 	 0.0 			 0.0 			0.0
g2	 26 	 0.0 			 0.0 			0.0
g2	 27 	 0.0 			 0.0 			0.0
g2	 28 	 0.0 			 0.0 			0.0
g2	 29 	 0.0 			 0.0 			0.0
g2	 30 	 0.0 			 0.0 			0.0
g2	 31 	 0.0 			 0.0 			0.0
g2	 32 	 0.0 			 0.0 			0.0
g2	 33 	 0.0 			 0.0 			0.0
g2	 34 	 0.0 			 0.0 			0.0
g2	 35 	 0.0 			 0.0 			0.0
g2	 36 	 0.0 			 0.0 			0.0
g2	 37 	 641.2279 			 10598.13 			11239.3579
g2	 38 	 449.592834 			 0.0 			449.592834
g2	 39 	 238.356787 			 0.0 			238.356787
g2	 40 	 449.592834 			 0.0 			449.592834
g2	 41 	 534.771644 			 0.0 			534.771644
g2	 42 	 534.771644 			 0.0 			534.771644
g2	 43 	 534.771644 			 0.0 			534.771644
g2	 44 	 534.771644 			 0.0 			534.771644
g2	 45 	 534.771644 			 0.0 			534.771644
g2	 46 	 607.412152 			 0.0 			607.412152
g2	 47 	 534.771644 			 0.0 			534.771644
g2	 48 	 710.618122 			 0.0 			710.618122
g2	 49 	 948.920458 			 0.0 			948.920458
g2	 50 	 1108.745075 			 0.0 			1108.745075
g2	 51 	 852.254542 			 0.0 			852.254542
g2	 52 	 825.873785 			 0.0 			825.873785
g2	 53 	 598.37225 			 0.0 			598.37225
g2	 54 	 411.839858 			 0.0 			411.839858
g2	 55 	 629.875463 			 0.0 			629.875463
g2	 56 	 857.809256 			 0.0 			857.809256
g2	 57 	 1114.525329 			 0.0 			1114.525329
g2	 58 	 1395.866314 			 0.0 			1395.866314
g2	 59 	 1334.000163 			 0.0 			1334.000163
g2	 60 	 1630.982228 			 0.0 			1630.982228
g2	 61 	 1334.000163 			 0.0 			1334.000163
g2	 62 	 1061.047233 			 0.0 			1061.047233
g2	 63 	 809.984761 			 0.0 			809.984761
g2	 64 	 1061.047233 			 0.0 			1061.047233
g2	 65 	 809.984761 			 0.0 			809.984761
g2	 66 	 717.966909 			 0.0 			717.966909
g2	 67 	 493.633103 			 0.0 			493.633103
g2	 68 	 717.966909 			 0.0 			717.966909
g2	 69 	 802.282034 			 0.0 			802.282034
g2	 70 	 574.780499 			 0.0 			574.780499
g2	 71 	 802.282034 			 0.0 			802.282034
g2	 72 	 770.071546 			 0.0 			770.071546
g2	 73 	 1016.008576 			 0.0 			1016.008576
g2	 74 	 1061.047233 			 0.0 			1061.047233
g2	 75 	 1334.000163 			 0.0 			1334.000163
g2	 76 	 1630.982228 			 0.0 			1630.982228
g2	 77 	 1334.000163 			 0.0 			1334.000163
g2	 78 	 1061.047233 			 0.0 			1061.047233
g2	 79 	 1044.32302 			 0.0 			1044.32302
g2	 80 	 795.163779 			 0.0 			795.163779
g2	 81 	 813.547826 			 0.0 			813.547826
g2	 82 	 586.046291 			 0.0 			586.046291
g2	 83 	 534.771644 			 0.0 			534.771644
g2	 84 	 722.239345 			 0.0 			722.239345
g2	 85 	 962.034017 			 0.0 			962.034017
g2	 86 	 1219.456695 			 0.0 			1219.456695
g2	 87 	 1516.43876 			 0.0 			1516.43876
g2	 88 	 1219.456695 			 0.0 			1219.456695
g2	 89 	 962.034017 			 0.0 			962.034017
g2	 90 	 722.239345 			 0.0 			722.239345
g2	 91 	 497.600076 			 0.0 			497.600076
g2	 92 	 286.36403 			 0.0 			286.36403
g2	 93 	 0.0 			 0.0 			0.0
g2	 94 	 0.0 			 0.0 			0.0
g2	 95 	 0.0 			 0.0 			0.0
g2	 96 	 0.0 			 0.0 			0.0
----------------------------------------------------------------------------------------------------
g3	 1 	 0.0 			 0.0 			0.0
g3	 2 	 0.0 			 0.0 			0.0
g3	 3 	 0.0 			 0.0 			0.0
g3	 4 	 0.0 			 0.0 			0.0
g3	 5 	 0.0 			 0.0 			0.0
g3	 6 	 0.0 			 0.0 			0.0
g3	 7 	 0.0 			 0.0 			0.0
g3	 8 	 0.0 			 0.0 			0.0
g3	 9 	 0.0 			 0.0 			0.0
g3	 10 	 0.0 			 0.0 			0.0
g3	 11 	 0.0 			 0.0 			0.0
g3	 12 	 0.0 			 0.0 			0.0
g3	 13 	 0.0 			 0.0 			0.0
g3	 14 	 0.0 			 0.0 			0.0
g3	 15 	 0.0 			 0.0 			0.0
g3	 16 	 0.0 			 0.0 			0.0
g3	 17 	 0.0 			 0.0 			0.0
g3	 18 	 0.0 			 0.0 			0.0
g3	 19 	 0.0 			 0.0 			0.0
g3	 20 	 0.0 			 0.0 			0.0
g3	 21 	 0.0 			 0.0 			0.0
g3	 22 	 0.0 			 0.0 			0.0
g3	 23 	 0.0 			 0.0 			0.0
g3	 24 	 0.0 			 0.0 			0.0
g3	 25 	 0.0 			 0.0 			0.0
g3	 26 	 0.0 			 0.0 			0.0
g3	 27 	 0.0 			 0.0 			0.0
g3	 28 	 0.0 			 0.0 			0.0
g3	 29 	 0.0 			 0.0 			0.0
g3	 30 	 0.0 			 0.0 			0.0
g3	 31 	 0.0 			 0.0 			0.0
g3	 32 	 0.0 			 0.0 			0.0
g3	 33 	 0.0 			 0.0 			0.0
g3	 34 	 0.0 			 0.0 			0.0
g3	 35 	 0.0 			 0.0 			0.0
g3	 36 	 0.0 			 0.0 			0.0
g3	 37 	 0.0 			 0.0 			0.0
g3	 38 	 0.0 			 0.0 			0.0
g3	 39 	 0.0 			 0.0 			0.0
g3	 40 	 0.0 			 0.0 			0.0
g3	 41 	 0.0 			 0.0 			0.0
g3	 42 	 0.0 			 0.0 			0.0
g3	 43 	 0.0 			 0.0 			0.0
g3	 44 	 0.0 			 0.0 			0.0
g3	 45 	 0.0 			 0.0 			0.0
g3	 46 	 0.0 			 0.0 			0.0
g3	 47 	 0.0 			 0.0 			0.0
g3	 48 	 0.0 			 0.0 			0.0
g3	 49 	 0.0 			 0.0 			0.0
g3	 50 	 0.0 			 0.0 			0.0
g3	 51 	 0.0 			 0.0 			0.0
g3	 52 	 0.0 			 0.0 			0.0
g3	 53 	 0.0 			 0.0 			0.0
g3	 54 	 0.0 			 0.0 			0.0
g3	 55 	 0.0 			 0.0 			0.0
g3	 56 	 0.0 			 0.0 			0.0
g3	 57 	 0.0 			 0.0 			0.0
g3	 58 	 0.0 			 0.0 			0.0
g3	 59 	 0.0 			 0.0 			0.0
g3	 60 	 0.0 			 0.0 			0.0
g3	 61 	 0.0 			 0.0 			0.0
g3	 62 	 0.0 			 0.0 			0.0
g3	 63 	 0.0 			 0.0 			0.0
g3	 64 	 0.0 			 0.0 			0.0
g3	 65 	 0.0 			 0.0 			0.0
g3	 66 	 0.0 			 0.0 			0.0
g3	 67 	 0.0 			 0.0 			0.0
g3	 68 	 0.0 			 0.0 			0.0
g3	 69 	 0.0 			 0.0 			0.0
g3	 70 	 0.0 			 0.0 			0.0
g3	 71 	 0.0 			 0.0 			0.0
g3	 72 	 0.0 			 0.0 			0.0
g3	 73 	 0.0 			 0.0 			0.0
g3	 74 	 0.0 			 0.0 			0.0
g3	 75 	 0.0 			 0.0 			0.0
g3	 76 	 0.0 			 0.0 			0.0
g3	 77 	 0.0 			 0.0 			0.0
g3	 78 	 0.0 			 0.0 			0.0
g3	 79 	 0.0 			 0.0 			0.0
g3	 80 	 0.0 			 0.0 			0.0
g3	 81 	 0.0 			 0.0 			0.0
g3	 82 	 0.0 			 0.0 			0.0
g3	 83 	 0.0 			 0.0 			0.0
g3	 84 	 0.0 			 0.0 			0.0
g3	 85 	 0.0 			 0.0 			0.0
g3	 86 	 0.0 			 0.0 			0.0
g3	 87 	 0.0 			 0.0 			0.0
g3	 88 	 0.0 			 0.0 			0.0
g3	 89 	 0.0 			 0.0 			0.0
g3	 90 	 0.0 			 0.0 			0.0
g3	 91 	 0.0 			 0.0 			0.0
g3	 92 	 0.0 			 0.0 			0.0
g3	 93 	 0.0 			 0.0 			0.0
g3	 94 	 0.0 			 0.0 			0.0
g3	 95 	 0.0 			 0.0 			0.0
g3	 96 	 0.0 			 0.0 			0.0
----------------------------------------------------------------------------------------------------
g4	 1 	 0.0 			 0.0 			0.0
g4	 2 	 0.0 			 0.0 			0.0
g4	 3 	 0.0 			 0.0 			0.0
g4	 4 	 0.0 			 0.0 			0.0
g4	 5 	 0.0 			 0.0 			0.0
g4	 6 	 0.0 			 0.0 			0.0
g4	 7 	 0.0 			 0.0 			0.0
g4	 8 	 0.0 			 0.0 			0.0
g4	 9 	 0.0 			 0.0 			0.0
g4	 10 	 0.0 			 0.0 			0.0
g4	 11 	 0.0 			 0.0 			0.0
g4	 12 	 0.0 			 0.0 			0.0
g4	 13 	 0.0 			 0.0 			0.0
g4	 14 	 0.0 			 0.0 			0.0
g4	 15 	 0.0 			 0.0 			0.0
g4	 16 	 0.0 			 0.0 			0.0
g4	 17 	 0.0 			 0.0 			0.0
g4	 18 	 0.0 			 0.0 			0.0
g4	 19 	 0.0 			 0.0 			0.0
g4	 20 	 0.0 			 0.0 			0.0
g4	 21 	 0.0 			 0.0 			0.0
g4	 22 	 0.0 			 0.0 			0.0
g4	 23 	 0.0 			 0.0 			0.0
g4	 24 	 0.0 			 0.0 			0.0
g4	 25 	 0.0 			 0.0 			0.0
g4	 26 	 0.0 			 0.0 			0.0
g4	 27 	 0.0 			 0.0 			0.0
g4	 28 	 0.0 			 0.0 			0.0
g4	 29 	 0.0 			 0.0 			0.0
g4	 30 	 0.0 			 0.0 			0.0
g4	 31 	 0.0 			 0.0 			0.0
g4	 32 	 0.0 			 0.0 			0.0
g4	 33 	 0.0 			 0.0 			0.0
g4	 34 	 0.0 			 0.0 			0.0
g4	 35 	 0.0 			 0.0 			0.0
g4	 36 	 0.0 			 0.0 			0.0
g4	 37 	 0.0 			 0.0 			0.0
g4	 38 	 0.0 			 0.0 			0.0
g4	 39 	 0.0 			 0.0 			0.0
g4	 40 	 0.0 			 0.0 			0.0
g4	 41 	 0.0 			 0.0 			0.0
g4	 42 	 0.0 			 0.0 			0.0
g4	 43 	 0.0 			 0.0 			0.0
g4	 44 	 0.0 			 0.0 			0.0
g4	 45 	 0.0 			 0.0 			0.0
g4	 46 	 0.0 			 0.0 			0.0
g4	 47 	 0.0 			 0.0 			0.0
g4	 48 	 0.0 			 0.0 			0.0
g4	 49 	 0.0 			 0.0 			0.0
g4	 50 	 0.0 			 0.0 			0.0
g4	 51 	 0.0 			 0.0 			0.0
g4	 52 	 0.0 			 0.0 			0.0
g4	 53 	 0.0 			 0.0 			0.0
g4	 54 	 0.0 			 0.0 			0.0
g4	 55 	 0.0 			 0.0 			0.0
g4	 56 	 0.0 			 0.0 			0.0
g4	 57 	 0.0 			 0.0 			0.0
g4	 58 	 0.0 			 0.0 			0.0
g4	 59 	 0.0 			 0.0 			0.0
g4	 60 	 0.0 			 0.0 			0.0
g4	 61 	 0.0 			 0.0 			0.0
g4	 62 	 0.0 			 0.0 			0.0
g4	 63 	 0.0 			 0.0 			0.0
g4	 64 	 0.0 			 0.0 			0.0
g4	 65 	 0.0 			 0.0 			0.0
g4	 66 	 0.0 			 0.0 			0.0
g4	 67 	 0.0 			 0.0 			0.0
g4	 68 	 0.0 			 0.0 			0.0
g4	 69 	 0.0 			 0.0 			0.0
g4	 70 	 0.0 			 0.0 			0.0
g4	 71 	 0.0 			 0.0 			0.0
g4	 72 	 0.0 			 0.0 			0.0
g4	 73 	 0.0 			 0.0 			0.0
g4	 74 	 0.0 			 0.0 			0.0
g4	 75 	 0.0 			 0.0 			0.0
g4	 76 	 0.0 			 0.0 			0.0
g4	 77 	 0.0 			 0.0 			0.0
g4	 78 	 0.0 			 0.0 			0.0
g4	 79 	 0.0 			 0.0 			0.0
g4	 80 	 0.0 			 0.0 			0.0
g4	 81 	 0.0 			 0.0 			0.0
g4	 82 	 0.0 			 0.0 			0.0
g4	 83 	 0.0 			 0.0 			0.0
g4	 84 	 0.0 			 0.0 			0.0
g4	 85 	 0.0 			 0.0 			0.0
g4	 86 	 0.0 			 0.0 			0.0
g4	 87 	 0.0 			 0.0 			0.0
g4	 88 	 0.0 			 0.0 			0.0
g4	 89 	 0.0 			 0.0 			0.0
g4	 90 	 0.0 			 0.0 			0.0
g4	 91 	 0.0 			 0.0 			0.0
g4	 92 	 0.0 			 0.0 			0.0
g4	 93 	 0.0 			 0.0 			0.0
g4	 94 	 0.0 			 0.0 			0.0
g4	 95 	 0.0 			 0.0 			0.0
g4	 96 	 0.0 			 0.0 			0.0
----------------------------------------------------------------------------------------------------
g5	 1 	 0.0 			 0.0 			0.0
g5	 2 	 0.0 			 0.0 			0.0
g5	 3 	 0.0 			 0.0 			0.0
g5	 4 	 0.0 			 0.0 			0.0
g5	 5 	 0.0 			 0.0 			0.0
g5	 6 	 0.0 			 0.0 			0.0
g5	 7 	 0.0 			 0.0 			0.0
g5	 8 	 0.0 			 0.0 			0.0
g5	 9 	 0.0 			 0.0 			0.0
g5	 10 	 0.0 			 0.0 			0.0
g5	 11 	 0.0 			 0.0 			0.0
g5	 12 	 0.0 			 0.0 			0.0
g5	 13 	 0.0 			 0.0 			0.0
g5	 14 	 0.0 			 0.0 			0.0
g5	 15 	 0.0 			 0.0 			0.0
g5	 16 	 0.0 			 0.0 			0.0
g5	 17 	 0.0 			 0.0 			0.0
g5	 18 	 0.0 			 0.0 			0.0
g5	 19 	 0.0 			 0.0 			0.0
g5	 20 	 0.0 			 0.0 			0.0
g5	 21 	 0.0 			 0.0 			0.0
g5	 22 	 0.0 			 0.0 			0.0
g5	 23 	 0.0 			 0.0 			0.0
g5	 24 	 0.0 			 0.0 			0.0
g5	 25 	 0.0 			 0.0 			0.0
g5	 26 	 0.0 			 0.0 			0.0
g5	 27 	 0.0 			 0.0 			0.0
g5	 28 	 0.0 			 0.0 			0.0
g5	 29 	 0.0 			 0.0 			0.0
g5	 30 	 0.0 			 0.0 			0.0
g5	 31 	 0.0 			 0.0 			0.0
g5	 32 	 0.0 			 0.0 			0.0
g5	 33 	 0.0 			 0.0 			0.0
g5	 34 	 0.0 			 0.0 			0.0
g5	 35 	 0.0 			 0.0 			0.0
g5	 36 	 0.0 			 0.0 			0.0
g5	 37 	 0.0 			 0.0 			0.0
g5	 38 	 0.0 			 0.0 			0.0
g5	 39 	 0.0 			 0.0 			0.0
g5	 40 	 0.0 			 0.0 			0.0
g5	 41 	 0.0 			 0.0 			0.0
g5	 42 	 0.0 			 0.0 			0.0
g5	 43 	 0.0 			 0.0 			0.0
g5	 44 	 0.0 			 0.0 			0.0
g5	 45 	 0.0 			 0.0 			0.0
g5	 46 	 0.0 			 0.0 			0.0
g5	 47 	 0.0 			 0.0 			0.0
g5	 48 	 0.0 			 0.0 			0.0
g5	 49 	 0.0 			 0.0 			0.0
g5	 50 	 0.0 			 0.0 			0.0
g5	 51 	 0.0 			 0.0 			0.0
g5	 52 	 0.0 			 0.0 			0.0
g5	 53 	 0.0 			 0.0 			0.0
g5	 54 	 0.0 			 0.0 			0.0
g5	 55 	 0.0 			 0.0 			0.0
g5	 56 	 0.0 			 0.0 			0.0
g5	 57 	 0.0 			 0.0 			0.0
g5	 58 	 0.0 			 0.0 			0.0
g5	 59 	 0.0 			 0.0 			0.0
g5	 60 	 0.0 			 0.0 			0.0
g5	 61 	 0.0 			 0.0 			0.0
g5	 62 	 0.0 			 0.0 			0.0
g5	 63 	 0.0 			 0.0 			0.0
g5	 64 	 0.0 			 0.0 			0.0
g5	 65 	 0.0 			 0.0 			0.0
g5	 66 	 0.0 			 0.0 			0.0
g5	 67 	 0.0 			 0.0 			0.0
g5	 68 	 0.0 			 0.0 			0.0
g5	 69 	 0.0 			 0.0 			0.0
g5	 70 	 0.0 			 0.0 			0.0
g5	 71 	 0.0 			 0.0 			0.0
g5	 72 	 0.0 			 0.0 			0.0
g5	 73 	 0.0 			 0.0 			0.0
g5	 74 	 0.0 			 0.0 			0.0
g5	 75 	 0.0 			 0.0 			0.0
g5	 76 	 0.0 			 0.0 			0.0
g5	 77 	 0.0 			 0.0 			0.0
g5	 78 	 0.0 			 0.0 			0.0
g5	 79 	 0.0 			 0.0 			0.0
g5	 80 	 0.0 			 0.0 			0.0
g5	 81 	 0.0 			 0.0 			0.0
g5	 82 	 0.0 			 0.0 			0.0
g5	 83 	 0.0 			 0.0 			0.0
g5	 84 	 0.0 			 0.0 			0.0
g5	 85 	 0.0 			 0.0 			0.0
g5	 86 	 0.0 			 0.0 			0.0
g5	 87 	 0.0 			 0.0 			0.0
g5	 88 	 0.0 			 0.0 			0.0
g5	 89 	 0.0 			 0.0 			0.0
g5	 90 	 0.0 			 0.0 			0.0
g5	 91 	 0.0 			 0.0 			0.0
g5	 92 	 0.0 			 0.0 			0.0
g5	 93 	 0.0 			 0.0 			0.0
g5	 94 	 0.0 			 0.0 			0.0
g5	 95 	 0.0 			 0.0 			0.0
g5	 96 	 0.0 			 0.0 			0.0
----------------------------------------------------------------------------------------------------
 
unit 	 generation 	 generation cost 	 start-up cost 	 total cost
----------------------------------------------------------------------------------------------------
g1 	 6630.637654			247003.997955			 0.000000		 247003.997955
g2 	 868.213412			47288.343535			 10598.130000		 57886.473535
g3 	 0.000000			0.000000			 0.000000		 0.000000
g4 	 0.000000			0.000000			 0.000000		 0.000000
g5 	 0.000000			0.000000			 0.000000		 0.000000
----------------------------------------------------------------------------------------------------
 
generation cost 	 start-up cost 		 total cost
----------------------------------------------------------------------------------------------------
294292.3414899999 			 10598.13 			 304890.47149
----------------------------------------------------------------------------------------------------
uplift payment for generator g1: 1.657717084893e6
uplift payment for generator g2: 885576.95067
uplift payment for generator g3: 0.0
uplift payment for generator g4: 0.0
uplift payment for generator g5: 0.0
 
****************************************************************************************************
 
rtm Systemwide prices
----------------------------------------------------------------------------------------------------
time	 energy 	 up-FRP 	 dw-FRP
----------------------------------------------------------------------------------------------------
1 	 9.614507 		 0.0 		 0.0
2 	 9.614507 		 0.0 		 0.0
3 	 2480.976822 		 0.0 		 0.0
4 	 2500.0 		 0.0 		 0.0
5 	 9.614507 		 0.0 		 0.0
6 	 2500.0 		 0.0 		 0.0
7 	 2500.0 		 0.0 		 0.0
8 	 7462.310997 		 0.0 		 0.0
9 	 2500.0 		 0.0 		 0.0
10 	 9.408671 		 0.0 		 0.0
11 	 9.408671 		 0.0 		 0.0
12 	 2500.0 		 0.0 		 0.0
13 	 2480.976822 		 0.0 		 0.0
14 	 9.408671 		 0.0 		 0.0
15 	 9.408671 		 0.0 		 0.0
16 	 2480.976822 		 0.0 		 0.0
17 	 2500.0 		 0.0 		 0.0
18 	 9.408671 		 0.0 		 0.0
19 	 2500.0 		 0.0 		 0.0
20 	 2481.182658 		 0.0 		 0.0
21 	 9.408671 		 0.0 		 0.0
22 	 9.614507 		 0.0 		 0.0
23 	 9.408671 		 0.0 		 0.0
24 	 9.614507 		 0.0 		 0.0
25 	 2480.976822 		 0.0 		 0.0
26 	 2500.0 		 0.0 		 0.0
27 	 9.614507 		 0.0 		 0.0
28 	 9.614507 		 0.0 		 0.0
29 	 9.614507 		 0.0 		 0.0
30 	 9.614507 		 0.0 		 0.0
31 	 2500.0 		 0.0 		 0.0
32 	 2500.0 		 0.0 		 0.0
33 	 2500.0 		 0.0 		 0.0
34 	 2480.770985 		 0.0 		 0.0
35 	 2480.770985 		 0.0 		 0.0
36 	 2500.0 		 0.0 		 0.0
37 	 10.185876 		 0.0 		 0.0
38 	 2500.0 		 0.0 		 0.0
39 	 4971.933683 		 0.0 		 0.0
40 	 2500.0 		 0.0 		 0.0
41 	 9.614507 		 0.0 		 0.0
42 	 9.614507 		 0.0 		 0.0
43 	 9.614507 		 0.0 		 0.0
44 	 9.614507 		 0.0 		 0.0
45 	 9.614507 		 0.0 		 0.0
46 	 10.185876 		 0.0 		 0.0
47 	 9.614507 		 0.0 		 0.0
48 	 2478.320232 		 0.0 		 0.0
49 	 2500.0 		 0.0 		 0.0
50 	 2500.0 		 0.0 		 0.0
51 	 2478.320232 		 0.0 		 0.0
52 	 2500.0 		 0.0 		 0.0
53 	 2479.628249 		 0.0 		 0.0
54 	 9.408671 		 0.0 		 0.0
55 	 9.614507 		 0.0 		 0.0
56 	 9.614507 		 0.0 		 0.0
57 	 2472.70969 		 0.0 		 0.0
58 	 2500.0 		 0.0 		 0.0
59 	 9.614507 		 0.0 		 0.0
60 	 2500.0 		 0.0 		 0.0
61 	 9.614507 		 0.0 		 0.0
62 	 2500.0 		 0.0 		 0.0
63 	 4971.362314 		 0.0 		 0.0
64 	 2500.0 		 0.0 		 0.0
65 	 9.614507 		 0.0 		 0.0
66 	 2500.0 		 0.0 		 0.0
67 	 4970.170624 		 0.0 		 0.0
68 	 2500.0 		 0.0 		 0.0
69 	 2500.0 		 0.0 		 0.0
70 	 4969.442373 		 0.0 		 0.0
71 	 2500.0 		 0.0 		 0.0
72 	 9.614507 		 0.0 		 0.0
73 	 12.06526 		 0.0 		 0.0
74 	 2483.427575 		 0.0 		 0.0
75 	 2500.0 		 0.0 		 0.0
76 	 2500.0 		 0.0 		 0.0
77 	 9.614507 		 0.0 		 0.0
78 	 7.163754 		 0.0 		 0.0
79 	 12.06526 		 0.0 		 0.0
80 	 9.614507 		 0.0 		 0.0
81 	 2500.0 		 0.0 		 0.0
82 	 2479.628249 		 0.0 		 0.0
83 	 9.614507 		 0.0 		 0.0
84 	 9.614507 		 0.0 		 0.0
85 	 9.614507 		 0.0 		 0.0
86 	 9.614507 		 0.0 		 0.0
87 	 25.454699 		 0.0 		 0.0
88 	 9.614507 		 0.0 		 0.0
89 	 9.614507 		 0.0 		 0.0
90 	 2500.0 		 0.0 		 0.0
91 	 2500.0 		 0.0 		 0.0
92 	 4971.362314 		 0.0 		 0.0
93 	 2500.0 		 0.0 		 0.0
94 	 9.614507 		 0.0 		 0.0
95 	 9.614507 		 0.0 		 0.0
96 	 9.614507 		 0.0 		 0.0
 
****************************************************************************************************
 
rtm Post-uplift payments
----------------------------------------------------------------------------------------------------------------------------------------------------
unit 	 generation payment 	 up-FRP payment 	 dw-FRP payment 	pre-up t. payment 	 uplift payments 	 post-up t. payment 	 profit
----------------------------------------------------------------------------------------------------------------------------------------------------
 g1 	 -1700954.136239			 0.000000			 0.000000			 -1700954.136239			 1657717.084893			 -43237.051346		 0.000000
 g2 	 -865995.641654			 0.000000			 0.000000			 -865995.641654			 885576.950670			 19581.309016		 0.000000
 g3 	 0.000000			 0.000000			 0.000000			 0.000000			 0.000000			 0.000000		 0.000000
 g4 	 0.000000			 0.000000			 0.000000			 0.000000			 0.000000			 0.000000		 0.000000
 g5 	 0.000000			 0.000000			 0.000000			 0.000000			 0.000000			 0.000000		 0.000000
****************************************************************************************************
 
Total generator payments
----------------------------------------------------------------------------------------------------------------------------------------------------
unit 	 generation payment 	 up-FRP payment 	 dw-FRP payment 	pre-up t. payment 	 uplift payments 	 post-up t. payment 	 profit
----------------------------------------------------------------------------------------------------------------------------------------------------
 g1 	 -1410713.086938			 0.000000			 0.000000			 -1410713.086938			 1657717.084893			 247003.997955		 0.000000
 g2 	 -827690.477135			 0.000000			 0.000000			 -827690.477135			 885576.950670			 57886.473535		 0.000000
 g3 	 0.000000			 0.000000			 0.000000			 0.000000			 0.000000			 0.000000		 0.000000
 g4 	 0.000000			 0.000000			 0.000000			 0.000000			 0.000000			 0.000000		 0.000000
 g5 	 0.000000			 0.000000			 0.000000			 0.000000			 0.000000			 0.000000		 0.000000
 
****************************************************************************************************
 
rtm LMP
----------------------------------------------------------------------------------------------------
bus name 	 time 		 LMP
----------------------------------------------------------------------------------------------------
b1 		 1 		 9.614507
b1 		 2 		 9.614507
b1 		 3 		 2480.976822
b1 		 4 		 2500.0
b1 		 5 		 9.614507
b1 		 6 		 2500.0
b1 		 7 		 2500.0
b1 		 8 		 7462.310997
b1 		 9 		 2500.0
b1 		 10 		 9.408671
b1 		 11 		 9.408671
b1 		 12 		 2500.0
b1 		 13 		 2480.976822
b1 		 14 		 9.408671
b1 		 15 		 9.408671
b1 		 16 		 2480.976822
b1 		 17 		 2500.0
b1 		 18 		 9.408671
b1 		 19 		 2500.0
b1 		 20 		 2481.182658
b1 		 21 		 9.408671
b1 		 22 		 9.614507
b1 		 23 		 9.408671
b1 		 24 		 9.614507
b1 		 25 		 2480.976822
b1 		 26 		 2500.0
b1 		 27 		 9.614507
b1 		 28 		 9.614507
b1 		 29 		 9.614507
b1 		 30 		 9.614507
b1 		 31 		 2500.0
b1 		 32 		 2500.0
b1 		 33 		 2500.0
b1 		 34 		 2480.770985
b1 		 35 		 2480.770985
b1 		 36 		 2500.0
b1 		 37 		 10.185876
b1 		 38 		 2500.0
b1 		 39 		 4971.933683
b1 		 40 		 2500.0
b1 		 41 		 9.614507
b1 		 42 		 9.614507
b1 		 43 		 9.614507
b1 		 44 		 9.614507
b1 		 45 		 9.614507
b1 		 46 		 10.185876
b1 		 47 		 9.614507
b1 		 48 		 2478.320232
b1 		 49 		 2500.0
b1 		 50 		 2500.0
b1 		 51 		 2478.320232
b1 		 52 		 2500.0
b1 		 53 		 2479.628249
b1 		 54 		 9.408671
b1 		 55 		 9.614507
b1 		 56 		 9.614507
b1 		 57 		 2472.70969
b1 		 58 		 2500.0
b1 		 59 		 9.614507
b1 		 60 		 2500.0
b1 		 61 		 9.614507
b1 		 62 		 2500.0
b1 		 63 		 4971.362314
b1 		 64 		 2500.0
b1 		 65 		 9.614507
b1 		 66 		 2500.0
b1 		 67 		 4970.170624
b1 		 68 		 2500.0
b1 		 69 		 2500.0
b1 		 70 		 4969.442373
b1 		 71 		 2500.0
b1 		 72 		 9.614507
b1 		 73 		 12.06526
b1 		 74 		 2483.427575
b1 		 75 		 2500.0
b1 		 76 		 2500.0
b1 		 77 		 9.614507
b1 		 78 		 7.163754
b1 		 79 		 12.06526
b1 		 80 		 9.614507
b1 		 81 		 2500.0
b1 		 82 		 2479.628249
b1 		 83 		 9.614507
b1 		 84 		 9.614507
b1 		 85 		 9.614507
b1 		 86 		 9.614507
b1 		 87 		 25.454699
b1 		 88 		 9.614507
b1 		 89 		 9.614507
b1 		 90 		 2500.0
b1 		 91 		 2500.0
b1 		 92 		 4971.362314
b1 		 93 		 2500.0
b1 		 94 		 9.614507
b1 		 95 		 9.614507
b1 		 96 		 9.614507
----------------------------------------------------------------------------------------------------
b2 		 1 		 9.614507
b2 		 2 		 9.614507
b2 		 3 		 2480.976822
b2 		 4 		 2500.0
b2 		 5 		 9.614507
b2 		 6 		 2500.0
b2 		 7 		 2500.0
b2 		 8 		 7462.310997
b2 		 9 		 2500.0
b2 		 10 		 9.408671
b2 		 11 		 9.408671
b2 		 12 		 2500.0
b2 		 13 		 2480.976822
b2 		 14 		 9.408671
b2 		 15 		 9.408671
b2 		 16 		 2480.976822
b2 		 17 		 2500.0
b2 		 18 		 9.408671
b2 		 19 		 2500.0
b2 		 20 		 2481.182658
b2 		 21 		 9.408671
b2 		 22 		 9.614507
b2 		 23 		 9.408671
b2 		 24 		 9.614507
b2 		 25 		 2480.976822
b2 		 26 		 2500.0
b2 		 27 		 9.614507
b2 		 28 		 9.614507
b2 		 29 		 9.614507
b2 		 30 		 9.614507
b2 		 31 		 2500.0
b2 		 32 		 2500.0
b2 		 33 		 2500.0
b2 		 34 		 2480.770985
b2 		 35 		 2480.770985
b2 		 36 		 2500.0
b2 		 37 		 10.185876
b2 		 38 		 2500.0
b2 		 39 		 4971.933683
b2 		 40 		 2500.0
b2 		 41 		 9.614507
b2 		 42 		 9.614507
b2 		 43 		 9.614507
b2 		 44 		 9.614507
b2 		 45 		 9.614507
b2 		 46 		 10.185876
b2 		 47 		 9.614507
b2 		 48 		 2478.320232
b2 		 49 		 2500.0
b2 		 50 		 2500.0
b2 		 51 		 2478.320232
b2 		 52 		 2500.0
b2 		 53 		 2479.628249
b2 		 54 		 9.408671
b2 		 55 		 9.614507
b2 		 56 		 9.614507
b2 		 57 		 2472.70969
b2 		 58 		 2500.0
b2 		 59 		 9.614507
b2 		 60 		 2500.0
b2 		 61 		 9.614507
b2 		 62 		 2500.0
b2 		 63 		 4971.362314
b2 		 64 		 2500.0
b2 		 65 		 9.614507
b2 		 66 		 2500.0
b2 		 67 		 4970.170624
b2 		 68 		 2500.0
b2 		 69 		 2500.0
b2 		 70 		 4969.442373
b2 		 71 		 2500.0
b2 		 72 		 9.614507
b2 		 73 		 12.06526
b2 		 74 		 2483.427575
b2 		 75 		 2500.0
b2 		 76 		 2500.0
b2 		 77 		 9.614507
b2 		 78 		 7.163754
b2 		 79 		 12.06526
b2 		 80 		 9.614507
b2 		 81 		 2500.0
b2 		 82 		 2479.628249
b2 		 83 		 9.614507
b2 		 84 		 9.614507
b2 		 85 		 9.614507
b2 		 86 		 9.614507
b2 		 87 		 25.454699
b2 		 88 		 9.614507
b2 		 89 		 9.614507
b2 		 90 		 2500.0
b2 		 91 		 2500.0
b2 		 92 		 4971.362314
b2 		 93 		 2500.0
b2 		 94 		 9.614507
b2 		 95 		 9.614507
b2 		 96 		 9.614507
----------------------------------------------------------------------------------------------------
b3 		 1 		 9.614507
b3 		 2 		 9.614507
b3 		 3 		 2480.976822
b3 		 4 		 2500.0
b3 		 5 		 9.614507
b3 		 6 		 2500.0
b3 		 7 		 2500.0
b3 		 8 		 7462.310997
b3 		 9 		 2500.0
b3 		 10 		 9.408671
b3 		 11 		 9.408671
b3 		 12 		 2500.0
b3 		 13 		 2480.976822
b3 		 14 		 9.408671
b3 		 15 		 9.408671
b3 		 16 		 2480.976822
b3 		 17 		 2500.0
b3 		 18 		 9.408671
b3 		 19 		 2500.0
b3 		 20 		 2481.182658
b3 		 21 		 9.408671
b3 		 22 		 9.614507
b3 		 23 		 9.408671
b3 		 24 		 9.614507
b3 		 25 		 2480.976822
b3 		 26 		 2500.0
b3 		 27 		 9.614507
b3 		 28 		 9.614507
b3 		 29 		 9.614507
b3 		 30 		 9.614507
b3 		 31 		 2500.0
b3 		 32 		 2500.0
b3 		 33 		 2500.0
b3 		 34 		 2480.770985
b3 		 35 		 2480.770985
b3 		 36 		 2500.0
b3 		 37 		 10.185876
b3 		 38 		 2500.0
b3 		 39 		 4971.933683
b3 		 40 		 2500.0
b3 		 41 		 9.614507
b3 		 42 		 9.614507
b3 		 43 		 9.614507
b3 		 44 		 9.614507
b3 		 45 		 9.614507
b3 		 46 		 10.185876
b3 		 47 		 9.614507
b3 		 48 		 2478.320232
b3 		 49 		 2500.0
b3 		 50 		 2500.0
b3 		 51 		 2478.320232
b3 		 52 		 2500.0
b3 		 53 		 2479.628249
b3 		 54 		 9.408671
b3 		 55 		 9.614507
b3 		 56 		 9.614507
b3 		 57 		 2472.70969
b3 		 58 		 2500.0
b3 		 59 		 9.614507
b3 		 60 		 2500.0
b3 		 61 		 9.614507
b3 		 62 		 2500.0
b3 		 63 		 4971.362314
b3 		 64 		 2500.0
b3 		 65 		 9.614507
b3 		 66 		 2500.0
b3 		 67 		 4970.170624
b3 		 68 		 2500.0
b3 		 69 		 2500.0
b3 		 70 		 4969.442373
b3 		 71 		 2500.0
b3 		 72 		 9.614507
b3 		 73 		 12.06526
b3 		 74 		 2483.427575
b3 		 75 		 2500.0
b3 		 76 		 2500.0
b3 		 77 		 9.614507
b3 		 78 		 7.163754
b3 		 79 		 12.06526
b3 		 80 		 9.614507
b3 		 81 		 2500.0
b3 		 82 		 2479.628249
b3 		 83 		 9.614507
b3 		 84 		 9.614507
b3 		 85 		 9.614507
b3 		 86 		 9.614507
b3 		 87 		 25.454699
b3 		 88 		 9.614507
b3 		 89 		 9.614507
b3 		 90 		 2500.0
b3 		 91 		 2500.0
b3 		 92 		 4971.362314
b3 		 93 		 2500.0
b3 		 94 		 9.614507
b3 		 95 		 9.614507
b3 		 96 		 9.614507
----------------------------------------------------------------------------------------------------
b4 		 1 		 9.614507
b4 		 2 		 9.614507
b4 		 3 		 2480.976822
b4 		 4 		 2500.0
b4 		 5 		 9.614507
b4 		 6 		 2500.0
b4 		 7 		 2500.0
b4 		 8 		 7462.310997
b4 		 9 		 2500.0
b4 		 10 		 9.408671
b4 		 11 		 9.408671
b4 		 12 		 2500.0
b4 		 13 		 2480.976822
b4 		 14 		 9.408671
b4 		 15 		 9.408671
b4 		 16 		 2480.976822
b4 		 17 		 2500.0
b4 		 18 		 9.408671
b4 		 19 		 2500.0
b4 		 20 		 2481.182658
b4 		 21 		 9.408671
b4 		 22 		 9.614507
b4 		 23 		 9.408671
b4 		 24 		 9.614507
b4 		 25 		 2480.976822
b4 		 26 		 2500.0
b4 		 27 		 9.614507
b4 		 28 		 9.614507
b4 		 29 		 9.614507
b4 		 30 		 9.614507
b4 		 31 		 2500.0
b4 		 32 		 2500.0
b4 		 33 		 2500.0
b4 		 34 		 2480.770985
b4 		 35 		 2480.770985
b4 		 36 		 2500.0
b4 		 37 		 10.185876
b4 		 38 		 2500.0
b4 		 39 		 4971.933683
b4 		 40 		 2500.0
b4 		 41 		 9.614507
b4 		 42 		 9.614507
b4 		 43 		 9.614507
b4 		 44 		 9.614507
b4 		 45 		 9.614507
b4 		 46 		 10.185876
b4 		 47 		 9.614507
b4 		 48 		 2478.320232
b4 		 49 		 2500.0
b4 		 50 		 2500.0
b4 		 51 		 2478.320232
b4 		 52 		 2500.0
b4 		 53 		 2479.628249
b4 		 54 		 9.408671
b4 		 55 		 9.614507
b4 		 56 		 9.614507
b4 		 57 		 2472.70969
b4 		 58 		 2500.0
b4 		 59 		 9.614507
b4 		 60 		 2500.0
b4 		 61 		 9.614507
b4 		 62 		 2500.0
b4 		 63 		 4971.362314
b4 		 64 		 2500.0
b4 		 65 		 9.614507
b4 		 66 		 2500.0
b4 		 67 		 4970.170624
b4 		 68 		 2500.0
b4 		 69 		 2500.0
b4 		 70 		 4969.442373
b4 		 71 		 2500.0
b4 		 72 		 9.614507
b4 		 73 		 12.06526
b4 		 74 		 2483.427575
b4 		 75 		 2500.0
b4 		 76 		 2500.0
b4 		 77 		 9.614507
b4 		 78 		 7.163754
b4 		 79 		 12.06526
b4 		 80 		 9.614507
b4 		 81 		 2500.0
b4 		 82 		 2479.628249
b4 		 83 		 9.614507
b4 		 84 		 9.614507
b4 		 85 		 9.614507
b4 		 86 		 9.614507
b4 		 87 		 25.454699
b4 		 88 		 9.614507
b4 		 89 		 9.614507
b4 		 90 		 2500.0
b4 		 91 		 2500.0
b4 		 92 		 4971.362314
b4 		 93 		 2500.0
b4 		 94 		 9.614507
b4 		 95 		 9.614507
b4 		 96 		 9.614507
----------------------------------------------------------------------------------------------------
b5 		 1 		 9.614507
b5 		 2 		 9.614507
b5 		 3 		 2480.976822
b5 		 4 		 2500.0
b5 		 5 		 9.614507
b5 		 6 		 2500.0
b5 		 7 		 2500.0
b5 		 8 		 7462.310997
b5 		 9 		 2500.0
b5 		 10 		 9.408671
b5 		 11 		 9.408671
b5 		 12 		 2500.0
b5 		 13 		 2480.976822
b5 		 14 		 9.408671
b5 		 15 		 9.408671
b5 		 16 		 2480.976822
b5 		 17 		 2500.0
b5 		 18 		 9.408671
b5 		 19 		 2500.0
b5 		 20 		 2481.182658
b5 		 21 		 9.408671
b5 		 22 		 9.614507
b5 		 23 		 9.408671
b5 		 24 		 9.614507
b5 		 25 		 2480.976822
b5 		 26 		 2500.0
b5 		 27 		 9.614507
b5 		 28 		 9.614507
b5 		 29 		 9.614507
b5 		 30 		 9.614507
b5 		 31 		 2500.0
b5 		 32 		 2500.0
b5 		 33 		 2500.0
b5 		 34 		 2480.770985
b5 		 35 		 2480.770985
b5 		 36 		 2500.0
b5 		 37 		 10.185876
b5 		 38 		 2500.0
b5 		 39 		 4971.933683
b5 		 40 		 2500.0
b5 		 41 		 9.614507
b5 		 42 		 9.614507
b5 		 43 		 9.614507
b5 		 44 		 9.614507
b5 		 45 		 9.614507
b5 		 46 		 10.185876
b5 		 47 		 9.614507
b5 		 48 		 2478.320232
b5 		 49 		 2500.0
b5 		 50 		 2500.0
b5 		 51 		 2478.320232
b5 		 52 		 2500.0
b5 		 53 		 2479.628249
b5 		 54 		 9.408671
b5 		 55 		 9.614507
b5 		 56 		 9.614507
b5 		 57 		 2472.70969
b5 		 58 		 2500.0
b5 		 59 		 9.614507
b5 		 60 		 2500.0
b5 		 61 		 9.614507
b5 		 62 		 2500.0
b5 		 63 		 4971.362314
b5 		 64 		 2500.0
b5 		 65 		 9.614507
b5 		 66 		 2500.0
b5 		 67 		 4970.170624
b5 		 68 		 2500.0
b5 		 69 		 2500.0
b5 		 70 		 4969.442373
b5 		 71 		 2500.0
b5 		 72 		 9.614507
b5 		 73 		 12.06526
b5 		 74 		 2483.427575
b5 		 75 		 2500.0
b5 		 76 		 2500.0
b5 		 77 		 9.614507
b5 		 78 		 7.163754
b5 		 79 		 12.06526
b5 		 80 		 9.614507
b5 		 81 		 2500.0
b5 		 82 		 2479.628249
b5 		 83 		 9.614507
b5 		 84 		 9.614507
b5 		 85 		 9.614507
b5 		 86 		 9.614507
b5 		 87 		 25.454699
b5 		 88 		 9.614507
b5 		 89 		 9.614507
b5 		 90 		 2500.0
b5 		 91 		 2500.0
b5 		 92 		 4971.362314
b5 		 93 		 2500.0
b5 		 94 		 9.614507
b5 		 95 		 9.614507
b5 		 96 		 9.614507
----------------------------------------------------------------------------------------------------
b6 		 1 		 9.614507
b6 		 2 		 9.614507
b6 		 3 		 2480.976822
b6 		 4 		 2500.0
b6 		 5 		 9.614507
b6 		 6 		 2500.0
b6 		 7 		 2500.0
b6 		 8 		 7462.310997
b6 		 9 		 2500.0
b6 		 10 		 9.408671
b6 		 11 		 9.408671
b6 		 12 		 2500.0
b6 		 13 		 2480.976822
b6 		 14 		 9.408671
b6 		 15 		 9.408671
b6 		 16 		 2480.976822
b6 		 17 		 2500.0
b6 		 18 		 9.408671
b6 		 19 		 2500.0
b6 		 20 		 2481.182658
b6 		 21 		 9.408671
b6 		 22 		 9.614507
b6 		 23 		 9.408671
b6 		 24 		 9.614507
b6 		 25 		 2480.976822
b6 		 26 		 2500.0
b6 		 27 		 9.614507
b6 		 28 		 9.614507
b6 		 29 		 9.614507
b6 		 30 		 9.614507
b6 		 31 		 2500.0
b6 		 32 		 2500.0
b6 		 33 		 2500.0
b6 		 34 		 2480.770985
b6 		 35 		 2480.770985
b6 		 36 		 2500.0
b6 		 37 		 10.185876
b6 		 38 		 2500.0
b6 		 39 		 4971.933683
b6 		 40 		 2500.0
b6 		 41 		 9.614507
b6 		 42 		 9.614507
b6 		 43 		 9.614507
b6 		 44 		 9.614507
b6 		 45 		 9.614507
b6 		 46 		 10.185876
b6 		 47 		 9.614507
b6 		 48 		 2478.320232
b6 		 49 		 2500.0
b6 		 50 		 2500.0
b6 		 51 		 2478.320232
b6 		 52 		 2500.0
b6 		 53 		 2479.628249
b6 		 54 		 9.408671
b6 		 55 		 9.614507
b6 		 56 		 9.614507
b6 		 57 		 2472.70969
b6 		 58 		 2500.0
b6 		 59 		 9.614507
b6 		 60 		 2500.0
b6 		 61 		 9.614507
b6 		 62 		 2500.0
b6 		 63 		 4971.362314
b6 		 64 		 2500.0
b6 		 65 		 9.614507
b6 		 66 		 2500.0
b6 		 67 		 4970.170624
b6 		 68 		 2500.0
b6 		 69 		 2500.0
b6 		 70 		 4969.442373
b6 		 71 		 2500.0
b6 		 72 		 9.614507
b6 		 73 		 12.06526
b6 		 74 		 2483.427575
b6 		 75 		 2500.0
b6 		 76 		 2500.0
b6 		 77 		 9.614507
b6 		 78 		 7.163754
b6 		 79 		 12.06526
b6 		 80 		 9.614507
b6 		 81 		 2500.0
b6 		 82 		 2479.628249
b6 		 83 		 9.614507
b6 		 84 		 9.614507
b6 		 85 		 9.614507
b6 		 86 		 9.614507
b6 		 87 		 25.454699
b6 		 88 		 9.614507
b6 		 89 		 9.614507
b6 		 90 		 2500.0
b6 		 91 		 2500.0
b6 		 92 		 4971.362314
b6 		 93 		 2500.0
b6 		 94 		 9.614507
b6 		 95 		 9.614507
b6 		 96 		 9.614507
----------------------------------------------------------------------------------------------------
b7 		 1 		 9.614507
b7 		 2 		 9.614507
b7 		 3 		 2480.976822
b7 		 4 		 2500.0
b7 		 5 		 9.614507
b7 		 6 		 2500.0
b7 		 7 		 2500.0
b7 		 8 		 7462.310997
b7 		 9 		 2500.0
b7 		 10 		 9.408671
b7 		 11 		 9.408671
b7 		 12 		 2500.0
b7 		 13 		 2480.976822
b7 		 14 		 9.408671
b7 		 15 		 9.408671
b7 		 16 		 2480.976822
b7 		 17 		 2500.0
b7 		 18 		 9.408671
b7 		 19 		 2500.0
b7 		 20 		 2481.182658
b7 		 21 		 9.408671
b7 		 22 		 9.614507
b7 		 23 		 9.408671
b7 		 24 		 9.614507
b7 		 25 		 2480.976822
b7 		 26 		 2500.0
b7 		 27 		 9.614507
b7 		 28 		 9.614507
b7 		 29 		 9.614507
b7 		 30 		 9.614507
b7 		 31 		 2500.0
b7 		 32 		 2500.0
b7 		 33 		 2500.0
b7 		 34 		 2480.770985
b7 		 35 		 2480.770985
b7 		 36 		 2500.0
b7 		 37 		 10.185876
b7 		 38 		 2500.0
b7 		 39 		 4971.933683
b7 		 40 		 2500.0
b7 		 41 		 9.614507
b7 		 42 		 9.614507
b7 		 43 		 9.614507
b7 		 44 		 9.614507
b7 		 45 		 9.614507
b7 		 46 		 10.185876
b7 		 47 		 9.614507
b7 		 48 		 2478.320232
b7 		 49 		 2500.0
b7 		 50 		 2500.0
b7 		 51 		 2478.320232
b7 		 52 		 2500.0
b7 		 53 		 2479.628249
b7 		 54 		 9.408671
b7 		 55 		 9.614507
b7 		 56 		 9.614507
b7 		 57 		 2472.70969
b7 		 58 		 2500.0
b7 		 59 		 9.614507
b7 		 60 		 2500.0
b7 		 61 		 9.614507
b7 		 62 		 2500.0
b7 		 63 		 4971.362314
b7 		 64 		 2500.0
b7 		 65 		 9.614507
b7 		 66 		 2500.0
b7 		 67 		 4970.170624
b7 		 68 		 2500.0
b7 		 69 		 2500.0
b7 		 70 		 4969.442373
b7 		 71 		 2500.0
b7 		 72 		 9.614507
b7 		 73 		 12.06526
b7 		 74 		 2483.427575
b7 		 75 		 2500.0
b7 		 76 		 2500.0
b7 		 77 		 9.614507
b7 		 78 		 7.163754
b7 		 79 		 12.06526
b7 		 80 		 9.614507
b7 		 81 		 2500.0
b7 		 82 		 2479.628249
b7 		 83 		 9.614507
b7 		 84 		 9.614507
b7 		 85 		 9.614507
b7 		 86 		 9.614507
b7 		 87 		 25.454699
b7 		 88 		 9.614507
b7 		 89 		 9.614507
b7 		 90 		 2500.0
b7 		 91 		 2500.0
b7 		 92 		 4971.362314
b7 		 93 		 2500.0
b7 		 94 		 9.614507
b7 		 95 		 9.614507
b7 		 96 		 9.614507
----------------------------------------------------------------------------------------------------
b8 		 1 		 9.614507
b8 		 2 		 9.614507
b8 		 3 		 2480.976822
b8 		 4 		 2500.0
b8 		 5 		 9.614507
b8 		 6 		 2500.0
b8 		 7 		 2500.0
b8 		 8 		 7462.310997
b8 		 9 		 2500.0
b8 		 10 		 9.408671
b8 		 11 		 9.408671
b8 		 12 		 2500.0
b8 		 13 		 2480.976822
b8 		 14 		 9.408671
b8 		 15 		 9.408671
b8 		 16 		 2480.976822
b8 		 17 		 2500.0
b8 		 18 		 9.408671
b8 		 19 		 2500.0
b8 		 20 		 2481.182658
b8 		 21 		 9.408671
b8 		 22 		 9.614507
b8 		 23 		 9.408671
b8 		 24 		 9.614507
b8 		 25 		 2480.976822
b8 		 26 		 2500.0
b8 		 27 		 9.614507
b8 		 28 		 9.614507
b8 		 29 		 9.614507
b8 		 30 		 9.614507
b8 		 31 		 2500.0
b8 		 32 		 2500.0
b8 		 33 		 2500.0
b8 		 34 		 2480.770985
b8 		 35 		 2480.770985
b8 		 36 		 2500.0
b8 		 37 		 10.185876
b8 		 38 		 2500.0
b8 		 39 		 4971.933683
b8 		 40 		 2500.0
b8 		 41 		 9.614507
b8 		 42 		 9.614507
b8 		 43 		 9.614507
b8 		 44 		 9.614507
b8 		 45 		 9.614507
b8 		 46 		 10.185876
b8 		 47 		 9.614507
b8 		 48 		 2478.320232
b8 		 49 		 2500.0
b8 		 50 		 2500.0
b8 		 51 		 2478.320232
b8 		 52 		 2500.0
b8 		 53 		 2479.628249
b8 		 54 		 9.408671
b8 		 55 		 9.614507
b8 		 56 		 9.614507
b8 		 57 		 2472.70969
b8 		 58 		 2500.0
b8 		 59 		 9.614507
b8 		 60 		 2500.0
b8 		 61 		 9.614507
b8 		 62 		 2500.0
b8 		 63 		 4971.362314
b8 		 64 		 2500.0
b8 		 65 		 9.614507
b8 		 66 		 2500.0
b8 		 67 		 4970.170624
b8 		 68 		 2500.0
b8 		 69 		 2500.0
b8 		 70 		 4969.442373
b8 		 71 		 2500.0
b8 		 72 		 9.614507
b8 		 73 		 12.06526
b8 		 74 		 2483.427575
b8 		 75 		 2500.0
b8 		 76 		 2500.0
b8 		 77 		 9.614507
b8 		 78 		 7.163754
b8 		 79 		 12.06526
b8 		 80 		 9.614507
b8 		 81 		 2500.0
b8 		 82 		 2479.628249
b8 		 83 		 9.614507
b8 		 84 		 9.614507
b8 		 85 		 9.614507
b8 		 86 		 9.614507
b8 		 87 		 25.454699
b8 		 88 		 9.614507
b8 		 89 		 9.614507
b8 		 90 		 2500.0
b8 		 91 		 2500.0
b8 		 92 		 4971.362314
b8 		 93 		 2500.0
b8 		 94 		 9.614507
b8 		 95 		 9.614507
b8 		 96 		 9.614507
----------------------------------------------------------------------------------------------------
b9 		 1 		 9.614507
b9 		 2 		 9.614507
b9 		 3 		 2480.976822
b9 		 4 		 2500.0
b9 		 5 		 9.614507
b9 		 6 		 2500.0
b9 		 7 		 2500.0
b9 		 8 		 7462.310997
b9 		 9 		 2500.0
b9 		 10 		 9.408671
b9 		 11 		 9.408671
b9 		 12 		 2500.0
b9 		 13 		 2480.976822
b9 		 14 		 9.408671
b9 		 15 		 9.408671
b9 		 16 		 2480.976822
b9 		 17 		 2500.0
b9 		 18 		 9.408671
b9 		 19 		 2500.0
b9 		 20 		 2481.182658
b9 		 21 		 9.408671
b9 		 22 		 9.614507
b9 		 23 		 9.408671
b9 		 24 		 9.614507
b9 		 25 		 2480.976822
b9 		 26 		 2500.0
b9 		 27 		 9.614507
b9 		 28 		 9.614507
b9 		 29 		 9.614507
b9 		 30 		 9.614507
b9 		 31 		 2500.0
b9 		 32 		 2500.0
b9 		 33 		 2500.0
b9 		 34 		 2480.770985
b9 		 35 		 2480.770985
b9 		 36 		 2500.0
b9 		 37 		 10.185876
b9 		 38 		 2500.0
b9 		 39 		 4971.933683
b9 		 40 		 2500.0
b9 		 41 		 9.614507
b9 		 42 		 9.614507
b9 		 43 		 9.614507
b9 		 44 		 9.614507
b9 		 45 		 9.614507
b9 		 46 		 10.185876
b9 		 47 		 9.614507
b9 		 48 		 2478.320232
b9 		 49 		 2500.0
b9 		 50 		 2500.0
b9 		 51 		 2478.320232
b9 		 52 		 2500.0
b9 		 53 		 2479.628249
b9 		 54 		 9.408671
b9 		 55 		 9.614507
b9 		 56 		 9.614507
b9 		 57 		 2472.70969
b9 		 58 		 2500.0
b9 		 59 		 9.614507
b9 		 60 		 2500.0
b9 		 61 		 9.614507
b9 		 62 		 2500.0
b9 		 63 		 4971.362314
b9 		 64 		 2500.0
b9 		 65 		 9.614507
b9 		 66 		 2500.0
b9 		 67 		 4970.170624
b9 		 68 		 2500.0
b9 		 69 		 2500.0
b9 		 70 		 4969.442373
b9 		 71 		 2500.0
b9 		 72 		 9.614507
b9 		 73 		 12.06526
b9 		 74 		 2483.427575
b9 		 75 		 2500.0
b9 		 76 		 2500.0
b9 		 77 		 9.614507
b9 		 78 		 7.163754
b9 		 79 		 12.06526
b9 		 80 		 9.614507
b9 		 81 		 2500.0
b9 		 82 		 2479.628249
b9 		 83 		 9.614507
b9 		 84 		 9.614507
b9 		 85 		 9.614507
b9 		 86 		 9.614507
b9 		 87 		 25.454699
b9 		 88 		 9.614507
b9 		 89 		 9.614507
b9 		 90 		 2500.0
b9 		 91 		 2500.0
b9 		 92 		 4971.362314
b9 		 93 		 2500.0
b9 		 94 		 9.614507
b9 		 95 		 9.614507
b9 		 96 		 9.614507
----------------------------------------------------------------------------------------------------
b10 		 1 		 9.614507
b10 		 2 		 9.614507
b10 		 3 		 2480.976822
b10 		 4 		 2500.0
b10 		 5 		 9.614507
b10 		 6 		 2500.0
b10 		 7 		 2500.0
b10 		 8 		 7462.310997
b10 		 9 		 2500.0
b10 		 10 		 9.408671
b10 		 11 		 9.408671
b10 		 12 		 2500.0
b10 		 13 		 2480.976822
b10 		 14 		 9.408671
b10 		 15 		 9.408671
b10 		 16 		 2480.976822
b10 		 17 		 2500.0
b10 		 18 		 9.408671
b10 		 19 		 2500.0
b10 		 20 		 2481.182658
b10 		 21 		 9.408671
b10 		 22 		 9.614507
b10 		 23 		 9.408671
b10 		 24 		 9.614507
b10 		 25 		 2480.976822
b10 		 26 		 2500.0
b10 		 27 		 9.614507
b10 		 28 		 9.614507
b10 		 29 		 9.614507
b10 		 30 		 9.614507
b10 		 31 		 2500.0
b10 		 32 		 2500.0
b10 		 33 		 2500.0
b10 		 34 		 2480.770985
b10 		 35 		 2480.770985
b10 		 36 		 2500.0
b10 		 37 		 10.185876
b10 		 38 		 2500.0
b10 		 39 		 4971.933683
b10 		 40 		 2500.0
b10 		 41 		 9.614507
b10 		 42 		 9.614507
b10 		 43 		 9.614507
b10 		 44 		 9.614507
b10 		 45 		 9.614507
b10 		 46 		 10.185876
b10 		 47 		 9.614507
b10 		 48 		 2478.320232
b10 		 49 		 2500.0
b10 		 50 		 2500.0
b10 		 51 		 2478.320232
b10 		 52 		 2500.0
b10 		 53 		 2479.628249
b10 		 54 		 9.408671
b10 		 55 		 9.614507
b10 		 56 		 9.614507
b10 		 57 		 2472.70969
b10 		 58 		 2500.0
b10 		 59 		 9.614507
b10 		 60 		 2500.0
b10 		 61 		 9.614507
b10 		 62 		 2500.0
b10 		 63 		 4971.362314
b10 		 64 		 2500.0
b10 		 65 		 9.614507
b10 		 66 		 2500.0
b10 		 67 		 4970.170624
b10 		 68 		 2500.0
b10 		 69 		 2500.0
b10 		 70 		 4969.442373
b10 		 71 		 2500.0
b10 		 72 		 9.614507
b10 		 73 		 12.06526
b10 		 74 		 2483.427575
b10 		 75 		 2500.0
b10 		 76 		 2500.0
b10 		 77 		 9.614507
b10 		 78 		 7.163754
b10 		 79 		 12.06526
b10 		 80 		 9.614507
b10 		 81 		 2500.0
b10 		 82 		 2479.628249
b10 		 83 		 9.614507
b10 		 84 		 9.614507
b10 		 85 		 9.614507
b10 		 86 		 9.614507
b10 		 87 		 25.454699
b10 		 88 		 9.614507
b10 		 89 		 9.614507
b10 		 90 		 2500.0
b10 		 91 		 2500.0
b10 		 92 		 4971.362314
b10 		 93 		 2500.0
b10 		 94 		 9.614507
b10 		 95 		 9.614507
b10 		 96 		 9.614507
----------------------------------------------------------------------------------------------------
b11 		 1 		 9.614507
b11 		 2 		 9.614507
b11 		 3 		 2480.976822
b11 		 4 		 2500.0
b11 		 5 		 9.614507
b11 		 6 		 2500.0
b11 		 7 		 2500.0
b11 		 8 		 7462.310997
b11 		 9 		 2500.0
b11 		 10 		 9.408671
b11 		 11 		 9.408671
b11 		 12 		 2500.0
b11 		 13 		 2480.976822
b11 		 14 		 9.408671
b11 		 15 		 9.408671
b11 		 16 		 2480.976822
b11 		 17 		 2500.0
b11 		 18 		 9.408671
b11 		 19 		 2500.0
b11 		 20 		 2481.182658
b11 		 21 		 9.408671
b11 		 22 		 9.614507
b11 		 23 		 9.408671
b11 		 24 		 9.614507
b11 		 25 		 2480.976822
b11 		 26 		 2500.0
b11 		 27 		 9.614507
b11 		 28 		 9.614507
b11 		 29 		 9.614507
b11 		 30 		 9.614507
b11 		 31 		 2500.0
b11 		 32 		 2500.0
b11 		 33 		 2500.0
b11 		 34 		 2480.770985
b11 		 35 		 2480.770985
b11 		 36 		 2500.0
b11 		 37 		 10.185876
b11 		 38 		 2500.0
b11 		 39 		 4971.933683
b11 		 40 		 2500.0
b11 		 41 		 9.614507
b11 		 42 		 9.614507
b11 		 43 		 9.614507
b11 		 44 		 9.614507
b11 		 45 		 9.614507
b11 		 46 		 10.185876
b11 		 47 		 9.614507
b11 		 48 		 2478.320232
b11 		 49 		 2500.0
b11 		 50 		 2500.0
b11 		 51 		 2478.320232
b11 		 52 		 2500.0
b11 		 53 		 2479.628249
b11 		 54 		 9.408671
b11 		 55 		 9.614507
b11 		 56 		 9.614507
b11 		 57 		 2472.70969
b11 		 58 		 2500.0
b11 		 59 		 9.614507
b11 		 60 		 2500.0
b11 		 61 		 9.614507
b11 		 62 		 2500.0
b11 		 63 		 4971.362314
b11 		 64 		 2500.0
b11 		 65 		 9.614507
b11 		 66 		 2500.0
b11 		 67 		 4970.170624
b11 		 68 		 2500.0
b11 		 69 		 2500.0
b11 		 70 		 4969.442373
b11 		 71 		 2500.0
b11 		 72 		 9.614507
b11 		 73 		 12.06526
b11 		 74 		 2483.427575
b11 		 75 		 2500.0
b11 		 76 		 2500.0
b11 		 77 		 9.614507
b11 		 78 		 7.163754
b11 		 79 		 12.06526
b11 		 80 		 9.614507
b11 		 81 		 2500.0
b11 		 82 		 2479.628249
b11 		 83 		 9.614507
b11 		 84 		 9.614507
b11 		 85 		 9.614507
b11 		 86 		 9.614507
b11 		 87 		 25.454699
b11 		 88 		 9.614507
b11 		 89 		 9.614507
b11 		 90 		 2500.0
b11 		 91 		 2500.0
b11 		 92 		 4971.362314
b11 		 93 		 2500.0
b11 		 94 		 9.614507
b11 		 95 		 9.614507
b11 		 96 		 9.614507
----------------------------------------------------------------------------------------------------
b12 		 1 		 9.614507
b12 		 2 		 9.614507
b12 		 3 		 2480.976822
b12 		 4 		 2500.0
b12 		 5 		 9.614507
b12 		 6 		 2500.0
b12 		 7 		 2500.0
b12 		 8 		 7462.310997
b12 		 9 		 2500.0
b12 		 10 		 9.408671
b12 		 11 		 9.408671
b12 		 12 		 2500.0
b12 		 13 		 2480.976822
b12 		 14 		 9.408671
b12 		 15 		 9.408671
b12 		 16 		 2480.976822
b12 		 17 		 2500.0
b12 		 18 		 9.408671
b12 		 19 		 2500.0
b12 		 20 		 2481.182658
b12 		 21 		 9.408671
b12 		 22 		 9.614507
b12 		 23 		 9.408671
b12 		 24 		 9.614507
b12 		 25 		 2480.976822
b12 		 26 		 2500.0
b12 		 27 		 9.614507
b12 		 28 		 9.614507
b12 		 29 		 9.614507
b12 		 30 		 9.614507
b12 		 31 		 2500.0
b12 		 32 		 2500.0
b12 		 33 		 2500.0
b12 		 34 		 2480.770985
b12 		 35 		 2480.770985
b12 		 36 		 2500.0
b12 		 37 		 10.185876
b12 		 38 		 2500.0
b12 		 39 		 4971.933683
b12 		 40 		 2500.0
b12 		 41 		 9.614507
b12 		 42 		 9.614507
b12 		 43 		 9.614507
b12 		 44 		 9.614507
b12 		 45 		 9.614507
b12 		 46 		 10.185876
b12 		 47 		 9.614507
b12 		 48 		 2478.320232
b12 		 49 		 2500.0
b12 		 50 		 2500.0
b12 		 51 		 2478.320232
b12 		 52 		 2500.0
b12 		 53 		 2479.628249
b12 		 54 		 9.408671
b12 		 55 		 9.614507
b12 		 56 		 9.614507
b12 		 57 		 2472.70969
b12 		 58 		 2500.0
b12 		 59 		 9.614507
b12 		 60 		 2500.0
b12 		 61 		 9.614507
b12 		 62 		 2500.0
b12 		 63 		 4971.362314
b12 		 64 		 2500.0
b12 		 65 		 9.614507
b12 		 66 		 2500.0
b12 		 67 		 4970.170624
b12 		 68 		 2500.0
b12 		 69 		 2500.0
b12 		 70 		 4969.442373
b12 		 71 		 2500.0
b12 		 72 		 9.614507
b12 		 73 		 12.06526
b12 		 74 		 2483.427575
b12 		 75 		 2500.0
b12 		 76 		 2500.0
b12 		 77 		 9.614507
b12 		 78 		 7.163754
b12 		 79 		 12.06526
b12 		 80 		 9.614507
b12 		 81 		 2500.0
b12 		 82 		 2479.628249
b12 		 83 		 9.614507
b12 		 84 		 9.614507
b12 		 85 		 9.614507
b12 		 86 		 9.614507
b12 		 87 		 25.454699
b12 		 88 		 9.614507
b12 		 89 		 9.614507
b12 		 90 		 2500.0
b12 		 91 		 2500.0
b12 		 92 		 4971.362314
b12 		 93 		 2500.0
b12 		 94 		 9.614507
b12 		 95 		 9.614507
b12 		 96 		 9.614507
----------------------------------------------------------------------------------------------------
b13 		 1 		 9.614507
b13 		 2 		 9.614507
b13 		 3 		 2480.976822
b13 		 4 		 2500.0
b13 		 5 		 9.614507
b13 		 6 		 2500.0
b13 		 7 		 2500.0
b13 		 8 		 7462.310997
b13 		 9 		 2500.0
b13 		 10 		 9.408671
b13 		 11 		 9.408671
b13 		 12 		 2500.0
b13 		 13 		 2480.976822
b13 		 14 		 9.408671
b13 		 15 		 9.408671
b13 		 16 		 2480.976822
b13 		 17 		 2500.0
b13 		 18 		 9.408671
b13 		 19 		 2500.0
b13 		 20 		 2481.182658
b13 		 21 		 9.408671
b13 		 22 		 9.614507
b13 		 23 		 9.408671
b13 		 24 		 9.614507
b13 		 25 		 2480.976822
b13 		 26 		 2500.0
b13 		 27 		 9.614507
b13 		 28 		 9.614507
b13 		 29 		 9.614507
b13 		 30 		 9.614507
b13 		 31 		 2500.0
b13 		 32 		 2500.0
b13 		 33 		 2500.0
b13 		 34 		 2480.770985
b13 		 35 		 2480.770985
b13 		 36 		 2500.0
b13 		 37 		 10.185876
b13 		 38 		 2500.0
b13 		 39 		 4971.933683
b13 		 40 		 2500.0
b13 		 41 		 9.614507
b13 		 42 		 9.614507
b13 		 43 		 9.614507
b13 		 44 		 9.614507
b13 		 45 		 9.614507
b13 		 46 		 10.185876
b13 		 47 		 9.614507
b13 		 48 		 2478.320232
b13 		 49 		 2500.0
b13 		 50 		 2500.0
b13 		 51 		 2478.320232
b13 		 52 		 2500.0
b13 		 53 		 2479.628249
b13 		 54 		 9.408671
b13 		 55 		 9.614507
b13 		 56 		 9.614507
b13 		 57 		 2472.70969
b13 		 58 		 2500.0
b13 		 59 		 9.614507
b13 		 60 		 2500.0
b13 		 61 		 9.614507
b13 		 62 		 2500.0
b13 		 63 		 4971.362314
b13 		 64 		 2500.0
b13 		 65 		 9.614507
b13 		 66 		 2500.0
b13 		 67 		 4970.170624
b13 		 68 		 2500.0
b13 		 69 		 2500.0
b13 		 70 		 4969.442373
b13 		 71 		 2500.0
b13 		 72 		 9.614507
b13 		 73 		 12.06526
b13 		 74 		 2483.427575
b13 		 75 		 2500.0
b13 		 76 		 2500.0
b13 		 77 		 9.614507
b13 		 78 		 7.163754
b13 		 79 		 12.06526
b13 		 80 		 9.614507
b13 		 81 		 2500.0
b13 		 82 		 2479.628249
b13 		 83 		 9.614507
b13 		 84 		 9.614507
b13 		 85 		 9.614507
b13 		 86 		 9.614507
b13 		 87 		 25.454699
b13 		 88 		 9.614507
b13 		 89 		 9.614507
b13 		 90 		 2500.0
b13 		 91 		 2500.0
b13 		 92 		 4971.362314
b13 		 93 		 2500.0
b13 		 94 		 9.614507
b13 		 95 		 9.614507
b13 		 96 		 9.614507
----------------------------------------------------------------------------------------------------
b14 		 1 		 9.614507
b14 		 2 		 9.614507
b14 		 3 		 2480.976822
b14 		 4 		 2500.0
b14 		 5 		 9.614507
b14 		 6 		 2500.0
b14 		 7 		 2500.0
b14 		 8 		 7462.310997
b14 		 9 		 2500.0
b14 		 10 		 9.408671
b14 		 11 		 9.408671
b14 		 12 		 2500.0
b14 		 13 		 2480.976822
b14 		 14 		 9.408671
b14 		 15 		 9.408671
b14 		 16 		 2480.976822
b14 		 17 		 2500.0
b14 		 18 		 9.408671
b14 		 19 		 2500.0
b14 		 20 		 2481.182658
b14 		 21 		 9.408671
b14 		 22 		 9.614507
b14 		 23 		 9.408671
b14 		 24 		 9.614507
b14 		 25 		 2480.976822
b14 		 26 		 2500.0
b14 		 27 		 9.614507
b14 		 28 		 9.614507
b14 		 29 		 9.614507
b14 		 30 		 9.614507
b14 		 31 		 2500.0
b14 		 32 		 2500.0
b14 		 33 		 2500.0
b14 		 34 		 2480.770985
b14 		 35 		 2480.770985
b14 		 36 		 2500.0
b14 		 37 		 10.185876
b14 		 38 		 2500.0
b14 		 39 		 4971.933683
b14 		 40 		 2500.0
b14 		 41 		 9.614507
b14 		 42 		 9.614507
b14 		 43 		 9.614507
b14 		 44 		 9.614507
b14 		 45 		 9.614507
b14 		 46 		 10.185876
b14 		 47 		 9.614507
b14 		 48 		 2478.320232
b14 		 49 		 2500.0
b14 		 50 		 2500.0
b14 		 51 		 2478.320232
b14 		 52 		 2500.0
b14 		 53 		 2479.628249
b14 		 54 		 9.408671
b14 		 55 		 9.614507
b14 		 56 		 9.614507
b14 		 57 		 2472.70969
b14 		 58 		 2500.0
b14 		 59 		 9.614507
b14 		 60 		 2500.0
b14 		 61 		 9.614507
b14 		 62 		 2500.0
b14 		 63 		 4971.362314
b14 		 64 		 2500.0
b14 		 65 		 9.614507
b14 		 66 		 2500.0
b14 		 67 		 4970.170624
b14 		 68 		 2500.0
b14 		 69 		 2500.0
b14 		 70 		 4969.442373
b14 		 71 		 2500.0
b14 		 72 		 9.614507
b14 		 73 		 12.06526
b14 		 74 		 2483.427575
b14 		 75 		 2500.0
b14 		 76 		 2500.0
b14 		 77 		 9.614507
b14 		 78 		 7.163754
b14 		 79 		 12.06526
b14 		 80 		 9.614507
b14 		 81 		 2500.0
b14 		 82 		 2479.628249
b14 		 83 		 9.614507
b14 		 84 		 9.614507
b14 		 85 		 9.614507
b14 		 86 		 9.614507
b14 		 87 		 25.454699
b14 		 88 		 9.614507
b14 		 89 		 9.614507
b14 		 90 		 2500.0
b14 		 91 		 2500.0
b14 		 92 		 4971.362314
b14 		 93 		 2500.0
b14 		 94 		 9.614507
b14 		 95 		 9.614507
b14 		 96 		 9.614507
----------------------------------------------------------------------------------------------------
Total overall payments
----------------------------------------------------------------------------------------------------------------------------------------------------
total generation payment 	 total up-FRP payment 	 total dw-FRP payment 	 total pre-up t. payment 	 uplift payment 	 total post-up t. payment 	 profit
----------------------------------------------------------------------------------------------------------------------------------------------------
-2.238403564073e6 			 0.0 			 0.0 			 -2.238403564073e6			 2.543294035563e6 			 304890.47149 			 0.0
