****************************************************************************************************
 
Generation payment
----------------------------------------------------------------------------------------------------------------
unit	 time 	 generation payment 	 up-FRP payment 	 dw-FRP payment 	pre-up total payment
----------------------------------------------------------------------------------------------------------------
g1	 1 	 224.661002 			 0.0 			 0.0			 224.661002 
g1	 2 	 57.861003 			 0.0 			 0.0			 57.861003 
g1	 3 	 55.438976 			 0.0 			 0.0			 55.438976 
g1	 4 	 -38.534708 			 0.0 			 0.0			 -38.534708 
g1	 5 	 242.819778 			 0.0 			 0.0			 242.819778 
g1	 6 	 432.183492 			 0.0 			 0.0			 432.183492 
g1	 7 	 304.639596 			 0.0 			 0.0			 304.639596 
g1	 8 	 309.45208 			 0.0 			 0.0			 309.45208 
g1	 9 	 16.684312 			 0.0 			 0.0			 16.684312 
g1	 10 	 503.904052 			 0.0 			 0.0			 503.904052 
g1	 11 	 208.793859 			 0.0 			 0.0			 208.793859 
g1	 12 	 281.394899 			 0.0 			 0.0			 281.394899 
g1	 13 	 40.931981 			 0.0 			 0.0			 40.931981 
g1	 14 	 55.641704 			 0.0 			 0.0			 55.641704 
g1	 15 	 -126.02545 			 0.0 			 0.0			 -126.02545 
g1	 16 	 -20.705032 			 0.0 			 0.0			 -20.705032 
g1	 17 	 133.691071 			 0.0 			 0.0			 133.691071 
g1	 18 	 104.204597 			 0.0 			 0.0			 104.204597 
g1	 19 	 134.217806 			 0.0 			 0.0			 134.217806 
g1	 20 	 111.842735 			 0.0 			 0.0			 111.842735 
g1	 21 	 496.468355 			 0.0 			 0.0			 496.468355 
g1	 22 	 295.756599 			 0.0 			 0.0			 295.756599 
g1	 23 	 477.234813 			 0.0 			 0.0			 477.234813 
g1	 24 	 -47.016653 			 0.0 			 0.0			 -47.016653 
g1	 25 	 58.180122 			 0.0 			 0.0			 58.180122 
g1	 26 	 36.915227 			 0.0 			 0.0			 36.915227 
g1	 27 	 45.337775 			 0.0 			 0.0			 45.337775 
g1	 28 	 202.991586 			 0.0 			 0.0			 202.991586 
g1	 29 	 199.607126 			 0.0 			 0.0			 199.607126 
g1	 30 	 261.299254 			 0.0 			 0.0			 261.299254 
g1	 31 	 -128.921924 			 0.0 			 0.0			 -128.921924 
g1	 32 	 251.781402 			 0.0 			 0.0			 251.781402 
g1	 33 	 92067.5275 			 0.0 			 0.0			 92067.5275 
g1	 34 	 -145.544215 			 0.0 			 0.0			 -145.544215 
g1	 35 	 -59.337238 			 0.0 			 0.0			 -59.337238 
g1	 36 	 14.253487 			 0.0 			 0.0			 14.253487 
g1	 37 	 359.456362 			 0.0 			 0.0			 359.456362 
g1	 38 	 70.468693 			 0.0 			 0.0			 70.468693 
g1	 39 	 256.803876 			 0.0 			 0.0			 256.803876 
g1	 40 	 -43.056704 			 0.0 			 0.0			 -43.056704 
g1	 41 	 -223.911023 			 0.0 			 0.0			 -223.911023 
g1	 42 	 247.969641 			 0.0 			 0.0			 247.969641 
g1	 43 	 247.969641 			 0.0 			 0.0			 247.969641 
g1	 44 	 -310.829962 			 0.0 			 0.0			 -310.829962 
g1	 45 	 110.403163 			 0.0 			 0.0			 110.403163 
g1	 46 	 -334.95332 			 0.0 			 0.0			 -334.95332 
g1	 47 	 203.916166 			 0.0 			 0.0			 203.916166 
g1	 48 	 172.152509 			 0.0 			 0.0			 172.152509 
g1	 49 	 172.152509 			 0.0 			 0.0			 172.152509 
g1	 50 	 62.473586 			 0.0 			 0.0			 62.473586 
g1	 51 	 -184.611351 			 0.0 			 0.0			 -184.611351 
g1	 52 	 235.67984 			 0.0 			 0.0			 235.67984 
g1	 53 	 256.492733 			 0.0 			 0.0			 256.492733 
g1	 54 	 24.621137 			 0.0 			 0.0			 24.621137 
g1	 55 	 6.617454 			 0.0 			 0.0			 6.617454 
g1	 56 	 -26.096579 			 0.0 			 0.0			 -26.096579 
g1	 57 	 318.726031 			 0.0 			 0.0			 318.726031 
g1	 58 	 256.492733 			 0.0 			 0.0			 256.492733 
g1	 59 	 -104.39024 			 0.0 			 0.0			 -104.39024 
g1	 60 	 224.729059 			 0.0 			 0.0			 224.729059 
g1	 61 	 224.729059 			 0.0 			 0.0			 224.729059 
g1	 62 	 -88.353262 			 0.0 			 0.0			 -88.353262 
g1	 63 	 42252.75 			 0.0 			 0.0			 42252.75 
g1	 64 	 65.822501 			 0.0 			 0.0			 65.822501 
g1	 65 	 67.052485 			 0.0 			 0.0			 67.052485 
g1	 66 	 194.259418 			 0.0 			 0.0			 194.259418 
g1	 67 	 194.259418 			 0.0 			 0.0			 194.259418 
g1	 68 	 194.259418 			 0.0 			 0.0			 194.259418 
g1	 69 	 145.640235 			 0.0 			 0.0			 145.640235 
g1	 70 	 256.492733 			 0.0 			 0.0			 256.492733 
g1	 71 	 224.729059 			 0.0 			 0.0			 224.729059 
g1	 72 	 256.492733 			 0.0 			 0.0			 256.492733 
g1	 73 	 -20.972566 			 0.0 			 0.0			 -20.972566 
g1	 74 	 226.023075 			 0.0 			 0.0			 226.023075 
g1	 75 	 -51.38705 			 0.0 			 0.0			 -51.38705 
g1	 76 	 172.152509 			 0.0 			 0.0			 172.152509 
g1	 77 	 -214.930881 			 0.0 			 0.0			 -214.930881 
g1	 78 	 213.57293 			 0.0 			 0.0			 213.57293 
g1	 79 	 59.201875 			 0.0 			 0.0			 59.201875 
g1	 80 	 172.152509 			 0.0 			 0.0			 172.152509 
g1	 81 	 172.152509 			 0.0 			 0.0			 172.152509 
g1	 82 	 42.382987 			 0.0 			 0.0			 42.382987 
g1	 83 	 203.916166 			 0.0 			 0.0			 203.916166 
g1	 84 	 194.259418 			 0.0 			 0.0			 194.259418 
g1	 85 	 226.023075 			 0.0 			 0.0			 226.023075 
g1	 86 	 -94.117592 			 0.0 			 0.0			 -94.117592 
g1	 87 	 42252.75 			 0.0 			 0.0			 42252.75 
g1	 88 	 -99898.3624 			 0.0 			 0.0			 -99898.3624 
g1	 89 	 232.014687 			 0.0 			 0.0			 232.014687 
g1	 90 	 10.69039 			 0.0 			 0.0			 10.69039 
g1	 91 	 166.010443 			 0.0 			 0.0			 166.010443 
g1	 92 	 77.147756 			 0.0 			 0.0			 77.147756 
g1	 93 	 160.832656 			 0.0 			 0.0			 160.832656 
g1	 94 	 221.531144 			 0.0 			 0.0			 221.531144 
g1	 95 	 107582.9775 			 0.0 			 0.0			 107582.9775 
g1	 96 	 -60.365259 			 0.0 			 0.0			 -60.365259 
----------------------------------------------------------------------------------------------------
g2	 1 	 0.0 			 0.0 			 0.0			 0.0 
g2	 2 	 0.0 			 0.0 			 0.0			 0.0 
g2	 3 	 0.0 			 0.0 			 0.0			 0.0 
g2	 4 	 0.0 			 0.0 			 0.0			 0.0 
g2	 5 	 0.0 			 0.0 			 0.0			 0.0 
g2	 6 	 0.0 			 0.0 			 0.0			 0.0 
g2	 7 	 0.0 			 0.0 			 0.0			 0.0 
g2	 8 	 0.0 			 0.0 			 0.0			 0.0 
g2	 9 	 0.0 			 0.0 			 0.0			 0.0 
g2	 10 	 0.0 			 0.0 			 0.0			 0.0 
g2	 11 	 0.0 			 0.0 			 0.0			 0.0 
g2	 12 	 0.0 			 0.0 			 0.0			 0.0 
g2	 13 	 0.0 			 0.0 			 0.0			 0.0 
g2	 14 	 0.0 			 0.0 			 0.0			 0.0 
g2	 15 	 0.0 			 0.0 			 0.0			 0.0 
g2	 16 	 0.0 			 0.0 			 0.0			 0.0 
g2	 17 	 0.0 			 0.0 			 0.0			 0.0 
g2	 18 	 0.0 			 0.0 			 0.0			 0.0 
g2	 19 	 0.0 			 0.0 			 0.0			 0.0 
g2	 20 	 0.0 			 0.0 			 0.0			 0.0 
g2	 21 	 0.0 			 0.0 			 0.0			 0.0 
g2	 22 	 0.0 			 0.0 			 0.0			 0.0 
g2	 23 	 0.0 			 0.0 			 0.0			 0.0 
g2	 24 	 0.0 			 0.0 			 0.0			 0.0 
g2	 25 	 0.0 			 0.0 			 0.0			 0.0 
g2	 26 	 0.0 			 0.0 			 0.0			 0.0 
g2	 27 	 0.0 			 0.0 			 0.0			 0.0 
g2	 28 	 0.0 			 0.0 			 0.0			 0.0 
g2	 29 	 0.0 			 0.0 			 0.0			 0.0 
g2	 30 	 0.0 			 0.0 			 0.0			 0.0 
g2	 31 	 0.0 			 0.0 			 0.0			 0.0 
g2	 32 	 0.0 			 0.0 			 0.0			 0.0 
g2	 33 	 0.0 			 0.0 			 0.0			 0.0 
g2	 34 	 0.0 			 0.0 			 0.0			 0.0 
g2	 35 	 0.0 			 0.0 			 0.0			 0.0 
g2	 36 	 0.0 			 0.0 			 0.0			 0.0 
g2	 37 	 21.701904 			 0.0 			 0.0			 21.701904 
g2	 38 	 21.701904 			 0.0 			 0.0			 21.701904 
g2	 39 	 21.701904 			 0.0 			 0.0			 21.701904 
g2	 40 	 21.701904 			 0.0 			 0.0			 21.701904 
g2	 41 	 21.701904 			 0.0 			 0.0			 21.701904 
g2	 42 	 246.64675 			 0.0 			 0.0			 246.64675 
g2	 43 	 160.180682 			 0.0 			 0.0			 160.180682 
g2	 44 	 -25.740184 			 0.0 			 0.0			 -25.740184 
g2	 45 	 -90.258367 			 0.0 			 0.0			 -90.258367 
g2	 46 	 121.825572 			 0.0 			 0.0			 121.825572 
g2	 47 	 422.356685 			 0.0 			 0.0			 422.356685 
g2	 48 	 134.651118 			 0.0 			 0.0			 134.651118 
g2	 49 	 -222.668281 			 0.0 			 0.0			 -222.668281 
g2	 50 	 -119.387304 			 0.0 			 0.0			 -119.387304 
g2	 51 	 95.35271 			 0.0 			 0.0			 95.35271 
g2	 52 	 449.750876 			 0.0 			 0.0			 449.750876 
g2	 53 	 613.666304 			 0.0 			 0.0			 613.666304 
g2	 54 	 174.035768 			 0.0 			 0.0			 174.035768 
g2	 55 	 27.656139 			 0.0 			 0.0			 27.656139 
g2	 56 	 242.396153 			 0.0 			 0.0			 242.396153 
g2	 57 	 734.632489 			 0.0 			 0.0			 734.632489 
g2	 58 	 435.03484 			 0.0 			 0.0			 435.03484 
g2	 59 	 60.867444 			 0.0 			 0.0			 60.867444 
g2	 60 	 250.296044 			 0.0 			 0.0			 250.296044 
g2	 61 	 315.718034 			 0.0 			 0.0			 315.718034 
g2	 62 	 186.956925 			 0.0 			 0.0			 186.956925 
g2	 63 	 104450.7375 			 0.0 			 0.0			 104450.7375 
g2	 64 	 186.956925 			 0.0 			 0.0			 186.956925 
g2	 65 	 -85.715397 			 0.0 			 0.0			 -85.715397 
g2	 66 	 -181.616585 			 0.0 			 0.0			 -181.616585 
g2	 67 	 -152.263242 			 0.0 			 0.0			 -152.263242 
g2	 68 	 31.301178 			 0.0 			 0.0			 31.301178 
g2	 69 	 -140.932991 			 0.0 			 0.0			 -140.932991 
g2	 70 	 116.501297 			 0.0 			 0.0			 116.501297 
g2	 71 	 108.443967 			 0.0 			 0.0			 108.443967 
g2	 72 	 356.707907 			 0.0 			 0.0			 356.707907 
g2	 73 	 156.466564 			 0.0 			 0.0			 156.466564 
g2	 74 	 178.444757 			 0.0 			 0.0			 178.444757 
g2	 75 	 -86.449955 			 0.0 			 0.0			 -86.449955 
g2	 76 	 -258.771935 			 0.0 			 0.0			 -258.771935 
g2	 77 	 -71.435018 			 0.0 			 0.0			 -71.435018 
g2	 78 	 188.349966 			 0.0 			 0.0			 188.349966 
g2	 79 	 -71.435018 			 0.0 			 0.0			 -71.435018 
g2	 80 	 10.132614 			 0.0 			 0.0			 10.132614 
g2	 81 	 -97.332136 			 0.0 			 0.0			 -97.332136 
g2	 82 	 -120.341967 			 0.0 			 0.0			 -120.341967 
g2	 83 	 118.460258 			 0.0 			 0.0			 118.460258 
g2	 84 	 222.208701 			 0.0 			 0.0			 222.208701 
g2	 85 	 804.507625 			 0.0 			 0.0			 804.507625 
g2	 86 	 363.648123 			 0.0 			 0.0			 363.648123 
g2	 87 	 92365.725 			 0.0 			 0.0			 92365.725 
g2	 88 	 36211.455623 			 0.0 			 0.0			 36211.455623 
g2	 89 	 21.701904 			 0.0 			 0.0			 21.701904 
g2	 90 	 21.701904 			 0.0 			 0.0			 21.701904 
g2	 91 	 21.701904 			 0.0 			 0.0			 21.701904 
g2	 92 	 21.701904 			 0.0 			 0.0			 21.701904 
g2	 93 	 0.0 			 0.0 			 0.0			 0.0 
g2	 94 	 0.0 			 0.0 			 0.0			 0.0 
g2	 95 	 0.0 			 0.0 			 0.0			 0.0 
g2	 96 	 0.0 			 0.0 			 0.0			 0.0 
----------------------------------------------------------------------------------------------------
g3	 1 	 0.0 			 0.0 			 0.0			 0.0 
g3	 2 	 0.0 			 0.0 			 0.0			 0.0 
g3	 3 	 0.0 			 0.0 			 0.0			 0.0 
g3	 4 	 0.0 			 0.0 			 0.0			 0.0 
g3	 5 	 0.0 			 0.0 			 0.0			 0.0 
g3	 6 	 0.0 			 0.0 			 0.0			 0.0 
g3	 7 	 0.0 			 0.0 			 0.0			 0.0 
g3	 8 	 0.0 			 0.0 			 0.0			 0.0 
g3	 9 	 0.0 			 0.0 			 0.0			 0.0 
g3	 10 	 0.0 			 0.0 			 0.0			 0.0 
g3	 11 	 0.0 			 0.0 			 0.0			 0.0 
g3	 12 	 0.0 			 0.0 			 0.0			 0.0 
g3	 13 	 0.0 			 0.0 			 0.0			 0.0 
g3	 14 	 0.0 			 0.0 			 0.0			 0.0 
g3	 15 	 0.0 			 0.0 			 0.0			 0.0 
g3	 16 	 0.0 			 0.0 			 0.0			 0.0 
g3	 17 	 0.0 			 0.0 			 0.0			 0.0 
g3	 18 	 0.0 			 0.0 			 0.0			 0.0 
g3	 19 	 0.0 			 0.0 			 0.0			 0.0 
g3	 20 	 0.0 			 0.0 			 0.0			 0.0 
g3	 21 	 0.0 			 0.0 			 0.0			 0.0 
g3	 22 	 0.0 			 0.0 			 0.0			 0.0 
g3	 23 	 0.0 			 0.0 			 0.0			 0.0 
g3	 24 	 0.0 			 0.0 			 0.0			 0.0 
g3	 25 	 0.0 			 0.0 			 0.0			 0.0 
g3	 26 	 0.0 			 0.0 			 0.0			 0.0 
g3	 27 	 0.0 			 0.0 			 0.0			 0.0 
g3	 28 	 0.0 			 0.0 			 0.0			 0.0 
g3	 29 	 0.0 			 0.0 			 0.0			 0.0 
g3	 30 	 0.0 			 0.0 			 0.0			 0.0 
g3	 31 	 0.0 			 0.0 			 0.0			 0.0 
g3	 32 	 0.0 			 0.0 			 0.0			 0.0 
g3	 33 	 0.0 			 0.0 			 0.0			 0.0 
g3	 34 	 0.0 			 0.0 			 0.0			 0.0 
g3	 35 	 0.0 			 0.0 			 0.0			 0.0 
g3	 36 	 0.0 			 0.0 			 0.0			 0.0 
g3	 37 	 0.0 			 0.0 			 0.0			 0.0 
g3	 38 	 0.0 			 0.0 			 0.0			 0.0 
g3	 39 	 0.0 			 0.0 			 0.0			 0.0 
g3	 40 	 0.0 			 0.0 			 0.0			 0.0 
g3	 41 	 0.0 			 0.0 			 0.0			 0.0 
g3	 42 	 0.0 			 0.0 			 0.0			 0.0 
g3	 43 	 0.0 			 0.0 			 0.0			 0.0 
g3	 44 	 0.0 			 0.0 			 0.0			 0.0 
g3	 45 	 0.0 			 0.0 			 0.0			 0.0 
g3	 46 	 0.0 			 0.0 			 0.0			 0.0 
g3	 47 	 0.0 			 0.0 			 0.0			 0.0 
g3	 48 	 0.0 			 0.0 			 0.0			 0.0 
g3	 49 	 0.0 			 0.0 			 0.0			 0.0 
g3	 50 	 0.0 			 0.0 			 0.0			 0.0 
g3	 51 	 0.0 			 0.0 			 0.0			 0.0 
g3	 52 	 0.0 			 0.0 			 0.0			 0.0 
g3	 53 	 0.0 			 0.0 			 0.0			 0.0 
g3	 54 	 0.0 			 0.0 			 0.0			 0.0 
g3	 55 	 0.0 			 0.0 			 0.0			 0.0 
g3	 56 	 0.0 			 0.0 			 0.0			 0.0 
g3	 57 	 0.0 			 0.0 			 0.0			 0.0 
g3	 58 	 0.0 			 0.0 			 0.0			 0.0 
g3	 59 	 0.0 			 0.0 			 0.0			 0.0 
g3	 60 	 0.0 			 0.0 			 0.0			 0.0 
g3	 61 	 0.0 			 0.0 			 0.0			 0.0 
g3	 62 	 0.0 			 0.0 			 0.0			 0.0 
g3	 63 	 0.0 			 0.0 			 0.0			 0.0 
g3	 64 	 0.0 			 0.0 			 0.0			 0.0 
g3	 65 	 0.0 			 0.0 			 0.0			 0.0 
g3	 66 	 0.0 			 0.0 			 0.0			 0.0 
g3	 67 	 0.0 			 0.0 			 0.0			 0.0 
g3	 68 	 0.0 			 0.0 			 0.0			 0.0 
g3	 69 	 0.0 			 0.0 			 0.0			 0.0 
g3	 70 	 0.0 			 0.0 			 0.0			 0.0 
g3	 71 	 0.0 			 0.0 			 0.0			 0.0 
g3	 72 	 0.0 			 0.0 			 0.0			 0.0 
g3	 73 	 0.0 			 0.0 			 0.0			 0.0 
g3	 74 	 0.0 			 0.0 			 0.0			 0.0 
g3	 75 	 0.0 			 0.0 			 0.0			 0.0 
g3	 76 	 0.0 			 0.0 			 0.0			 0.0 
g3	 77 	 0.0 			 0.0 			 0.0			 0.0 
g3	 78 	 0.0 			 0.0 			 0.0			 0.0 
g3	 79 	 0.0 			 0.0 			 0.0			 0.0 
g3	 80 	 0.0 			 0.0 			 0.0			 0.0 
g3	 81 	 0.0 			 0.0 			 0.0			 0.0 
g3	 82 	 0.0 			 0.0 			 0.0			 0.0 
g3	 83 	 0.0 			 0.0 			 0.0			 0.0 
g3	 84 	 0.0 			 0.0 			 0.0			 0.0 
g3	 85 	 0.0 			 0.0 			 0.0			 0.0 
g3	 86 	 0.0 			 0.0 			 0.0			 0.0 
g3	 87 	 0.0 			 0.0 			 0.0			 0.0 
g3	 88 	 0.0 			 0.0 			 0.0			 0.0 
g3	 89 	 0.0 			 0.0 			 0.0			 0.0 
g3	 90 	 0.0 			 0.0 			 0.0			 0.0 
g3	 91 	 0.0 			 0.0 			 0.0			 0.0 
g3	 92 	 0.0 			 0.0 			 0.0			 0.0 
g3	 93 	 0.0 			 0.0 			 0.0			 0.0 
g3	 94 	 0.0 			 0.0 			 0.0			 0.0 
g3	 95 	 0.0 			 0.0 			 0.0			 0.0 
g3	 96 	 0.0 			 0.0 			 0.0			 0.0 
----------------------------------------------------------------------------------------------------
g4	 1 	 0.0 			 0.0 			 0.0			 0.0 
g4	 2 	 0.0 			 0.0 			 0.0			 0.0 
g4	 3 	 0.0 			 0.0 			 0.0			 0.0 
g4	 4 	 0.0 			 0.0 			 0.0			 0.0 
g4	 5 	 0.0 			 0.0 			 0.0			 0.0 
g4	 6 	 0.0 			 0.0 			 0.0			 0.0 
g4	 7 	 0.0 			 0.0 			 0.0			 0.0 
g4	 8 	 0.0 			 0.0 			 0.0			 0.0 
g4	 9 	 0.0 			 0.0 			 0.0			 0.0 
g4	 10 	 0.0 			 0.0 			 0.0			 0.0 
g4	 11 	 0.0 			 0.0 			 0.0			 0.0 
g4	 12 	 0.0 			 0.0 			 0.0			 0.0 
g4	 13 	 0.0 			 0.0 			 0.0			 0.0 
g4	 14 	 0.0 			 0.0 			 0.0			 0.0 
g4	 15 	 0.0 			 0.0 			 0.0			 0.0 
g4	 16 	 0.0 			 0.0 			 0.0			 0.0 
g4	 17 	 0.0 			 0.0 			 0.0			 0.0 
g4	 18 	 0.0 			 0.0 			 0.0			 0.0 
g4	 19 	 0.0 			 0.0 			 0.0			 0.0 
g4	 20 	 0.0 			 0.0 			 0.0			 0.0 
g4	 21 	 0.0 			 0.0 			 0.0			 0.0 
g4	 22 	 0.0 			 0.0 			 0.0			 0.0 
g4	 23 	 0.0 			 0.0 			 0.0			 0.0 
g4	 24 	 0.0 			 0.0 			 0.0			 0.0 
g4	 25 	 0.0 			 0.0 			 0.0			 0.0 
g4	 26 	 0.0 			 0.0 			 0.0			 0.0 
g4	 27 	 0.0 			 0.0 			 0.0			 0.0 
g4	 28 	 0.0 			 0.0 			 0.0			 0.0 
g4	 29 	 0.0 			 0.0 			 0.0			 0.0 
g4	 30 	 0.0 			 0.0 			 0.0			 0.0 
g4	 31 	 0.0 			 0.0 			 0.0			 0.0 
g4	 32 	 0.0 			 0.0 			 0.0			 0.0 
g4	 33 	 0.0 			 0.0 			 0.0			 0.0 
g4	 34 	 0.0 			 0.0 			 0.0			 0.0 
g4	 35 	 0.0 			 0.0 			 0.0			 0.0 
g4	 36 	 0.0 			 0.0 			 0.0			 0.0 
g4	 37 	 0.0 			 0.0 			 0.0			 0.0 
g4	 38 	 0.0 			 0.0 			 0.0			 0.0 
g4	 39 	 0.0 			 0.0 			 0.0			 0.0 
g4	 40 	 0.0 			 0.0 			 0.0			 0.0 
g4	 41 	 0.0 			 0.0 			 0.0			 0.0 
g4	 42 	 0.0 			 0.0 			 0.0			 0.0 
g4	 43 	 0.0 			 0.0 			 0.0			 0.0 
g4	 44 	 0.0 			 0.0 			 0.0			 0.0 
g4	 45 	 0.0 			 0.0 			 0.0			 0.0 
g4	 46 	 0.0 			 0.0 			 0.0			 0.0 
g4	 47 	 0.0 			 0.0 			 0.0			 0.0 
g4	 48 	 0.0 			 0.0 			 0.0			 0.0 
g4	 49 	 0.0 			 0.0 			 0.0			 0.0 
g4	 50 	 0.0 			 0.0 			 0.0			 0.0 
g4	 51 	 0.0 			 0.0 			 0.0			 0.0 
g4	 52 	 0.0 			 0.0 			 0.0			 0.0 
g4	 53 	 0.0 			 0.0 			 0.0			 0.0 
g4	 54 	 0.0 			 0.0 			 0.0			 0.0 
g4	 55 	 0.0 			 0.0 			 0.0			 0.0 
g4	 56 	 0.0 			 0.0 			 0.0			 0.0 
g4	 57 	 0.0 			 0.0 			 0.0			 0.0 
g4	 58 	 0.0 			 0.0 			 0.0			 0.0 
g4	 59 	 0.0 			 0.0 			 0.0			 0.0 
g4	 60 	 0.0 			 0.0 			 0.0			 0.0 
g4	 61 	 0.0 			 0.0 			 0.0			 0.0 
g4	 62 	 0.0 			 0.0 			 0.0			 0.0 
g4	 63 	 0.0 			 0.0 			 0.0			 0.0 
g4	 64 	 0.0 			 0.0 			 0.0			 0.0 
g4	 65 	 0.0 			 0.0 			 0.0			 0.0 
g4	 66 	 0.0 			 0.0 			 0.0			 0.0 
g4	 67 	 0.0 			 0.0 			 0.0			 0.0 
g4	 68 	 0.0 			 0.0 			 0.0			 0.0 
g4	 69 	 0.0 			 0.0 			 0.0			 0.0 
g4	 70 	 0.0 			 0.0 			 0.0			 0.0 
g4	 71 	 0.0 			 0.0 			 0.0			 0.0 
g4	 72 	 0.0 			 0.0 			 0.0			 0.0 
g4	 73 	 0.0 			 0.0 			 0.0			 0.0 
g4	 74 	 0.0 			 0.0 			 0.0			 0.0 
g4	 75 	 0.0 			 0.0 			 0.0			 0.0 
g4	 76 	 0.0 			 0.0 			 0.0			 0.0 
g4	 77 	 0.0 			 0.0 			 0.0			 0.0 
g4	 78 	 0.0 			 0.0 			 0.0			 0.0 
g4	 79 	 0.0 			 0.0 			 0.0			 0.0 
g4	 80 	 0.0 			 0.0 			 0.0			 0.0 
g4	 81 	 0.0 			 0.0 			 0.0			 0.0 
g4	 82 	 0.0 			 0.0 			 0.0			 0.0 
g4	 83 	 0.0 			 0.0 			 0.0			 0.0 
g4	 84 	 0.0 			 0.0 			 0.0			 0.0 
g4	 85 	 0.0 			 0.0 			 0.0			 0.0 
g4	 86 	 0.0 			 0.0 			 0.0			 0.0 
g4	 87 	 0.0 			 0.0 			 0.0			 0.0 
g4	 88 	 0.0 			 0.0 			 0.0			 0.0 
g4	 89 	 0.0 			 0.0 			 0.0			 0.0 
g4	 90 	 0.0 			 0.0 			 0.0			 0.0 
g4	 91 	 0.0 			 0.0 			 0.0			 0.0 
g4	 92 	 0.0 			 0.0 			 0.0			 0.0 
g4	 93 	 0.0 			 0.0 			 0.0			 0.0 
g4	 94 	 0.0 			 0.0 			 0.0			 0.0 
g4	 95 	 0.0 			 0.0 			 0.0			 0.0 
g4	 96 	 0.0 			 0.0 			 0.0			 0.0 
----------------------------------------------------------------------------------------------------
g5	 1 	 0.0 			 0.0 			 0.0			 0.0 
g5	 2 	 0.0 			 0.0 			 0.0			 0.0 
g5	 3 	 0.0 			 0.0 			 0.0			 0.0 
g5	 4 	 0.0 			 0.0 			 0.0			 0.0 
g5	 5 	 0.0 			 0.0 			 0.0			 0.0 
g5	 6 	 0.0 			 0.0 			 0.0			 0.0 
g5	 7 	 0.0 			 0.0 			 0.0			 0.0 
g5	 8 	 0.0 			 0.0 			 0.0			 0.0 
g5	 9 	 0.0 			 0.0 			 0.0			 0.0 
g5	 10 	 0.0 			 0.0 			 0.0			 0.0 
g5	 11 	 0.0 			 0.0 			 0.0			 0.0 
g5	 12 	 0.0 			 0.0 			 0.0			 0.0 
g5	 13 	 0.0 			 0.0 			 0.0			 0.0 
g5	 14 	 0.0 			 0.0 			 0.0			 0.0 
g5	 15 	 0.0 			 0.0 			 0.0			 0.0 
g5	 16 	 0.0 			 0.0 			 0.0			 0.0 
g5	 17 	 0.0 			 0.0 			 0.0			 0.0 
g5	 18 	 0.0 			 0.0 			 0.0			 0.0 
g5	 19 	 0.0 			 0.0 			 0.0			 0.0 
g5	 20 	 0.0 			 0.0 			 0.0			 0.0 
g5	 21 	 0.0 			 0.0 			 0.0			 0.0 
g5	 22 	 0.0 			 0.0 			 0.0			 0.0 
g5	 23 	 0.0 			 0.0 			 0.0			 0.0 
g5	 24 	 0.0 			 0.0 			 0.0			 0.0 
g5	 25 	 0.0 			 0.0 			 0.0			 0.0 
g5	 26 	 0.0 			 0.0 			 0.0			 0.0 
g5	 27 	 0.0 			 0.0 			 0.0			 0.0 
g5	 28 	 0.0 			 0.0 			 0.0			 0.0 
g5	 29 	 0.0 			 0.0 			 0.0			 0.0 
g5	 30 	 0.0 			 0.0 			 0.0			 0.0 
g5	 31 	 0.0 			 0.0 			 0.0			 0.0 
g5	 32 	 0.0 			 0.0 			 0.0			 0.0 
g5	 33 	 0.0 			 0.0 			 0.0			 0.0 
g5	 34 	 0.0 			 0.0 			 0.0			 0.0 
g5	 35 	 0.0 			 0.0 			 0.0			 0.0 
g5	 36 	 0.0 			 0.0 			 0.0			 0.0 
g5	 37 	 0.0 			 0.0 			 0.0			 0.0 
g5	 38 	 0.0 			 0.0 			 0.0			 0.0 
g5	 39 	 0.0 			 0.0 			 0.0			 0.0 
g5	 40 	 0.0 			 0.0 			 0.0			 0.0 
g5	 41 	 0.0 			 0.0 			 0.0			 0.0 
g5	 42 	 0.0 			 0.0 			 0.0			 0.0 
g5	 43 	 0.0 			 0.0 			 0.0			 0.0 
g5	 44 	 0.0 			 0.0 			 0.0			 0.0 
g5	 45 	 0.0 			 0.0 			 0.0			 0.0 
g5	 46 	 0.0 			 0.0 			 0.0			 0.0 
g5	 47 	 0.0 			 0.0 			 0.0			 0.0 
g5	 48 	 0.0 			 0.0 			 0.0			 0.0 
g5	 49 	 0.0 			 0.0 			 0.0			 0.0 
g5	 50 	 0.0 			 0.0 			 0.0			 0.0 
g5	 51 	 0.0 			 0.0 			 0.0			 0.0 
g5	 52 	 0.0 			 0.0 			 0.0			 0.0 
g5	 53 	 0.0 			 0.0 			 0.0			 0.0 
g5	 54 	 0.0 			 0.0 			 0.0			 0.0 
g5	 55 	 0.0 			 0.0 			 0.0			 0.0 
g5	 56 	 0.0 			 0.0 			 0.0			 0.0 
g5	 57 	 0.0 			 0.0 			 0.0			 0.0 
g5	 58 	 0.0 			 0.0 			 0.0			 0.0 
g5	 59 	 0.0 			 0.0 			 0.0			 0.0 
g5	 60 	 0.0 			 0.0 			 0.0			 0.0 
g5	 61 	 0.0 			 0.0 			 0.0			 0.0 
g5	 62 	 0.0 			 0.0 			 0.0			 0.0 
g5	 63 	 0.0 			 0.0 			 0.0			 0.0 
g5	 64 	 0.0 			 0.0 			 0.0			 0.0 
g5	 65 	 0.0 			 0.0 			 0.0			 0.0 
g5	 66 	 0.0 			 0.0 			 0.0			 0.0 
g5	 67 	 0.0 			 0.0 			 0.0			 0.0 
g5	 68 	 0.0 			 0.0 			 0.0			 0.0 
g5	 69 	 0.0 			 0.0 			 0.0			 0.0 
g5	 70 	 0.0 			 0.0 			 0.0			 0.0 
g5	 71 	 0.0 			 0.0 			 0.0			 0.0 
g5	 72 	 0.0 			 0.0 			 0.0			 0.0 
g5	 73 	 0.0 			 0.0 			 0.0			 0.0 
g5	 74 	 0.0 			 0.0 			 0.0			 0.0 
g5	 75 	 0.0 			 0.0 			 0.0			 0.0 
g5	 76 	 0.0 			 0.0 			 0.0			 0.0 
g5	 77 	 0.0 			 0.0 			 0.0			 0.0 
g5	 78 	 0.0 			 0.0 			 0.0			 0.0 
g5	 79 	 0.0 			 0.0 			 0.0			 0.0 
g5	 80 	 0.0 			 0.0 			 0.0			 0.0 
g5	 81 	 0.0 			 0.0 			 0.0			 0.0 
g5	 82 	 0.0 			 0.0 			 0.0			 0.0 
g5	 83 	 0.0 			 0.0 			 0.0			 0.0 
g5	 84 	 0.0 			 0.0 			 0.0			 0.0 
g5	 85 	 0.0 			 0.0 			 0.0			 0.0 
g5	 86 	 0.0 			 0.0 			 0.0			 0.0 
g5	 87 	 0.0 			 0.0 			 0.0			 0.0 
g5	 88 	 0.0 			 0.0 			 0.0			 0.0 
g5	 89 	 0.0 			 0.0 			 0.0			 0.0 
g5	 90 	 0.0 			 0.0 			 0.0			 0.0 
g5	 91 	 0.0 			 0.0 			 0.0			 0.0 
g5	 92 	 0.0 			 0.0 			 0.0			 0.0 
g5	 93 	 0.0 			 0.0 			 0.0			 0.0 
g5	 94 	 0.0 			 0.0 			 0.0			 0.0 
g5	 95 	 0.0 			 0.0 			 0.0			 0.0 
g5	 96 	 0.0 			 0.0 			 0.0			 0.0 
----------------------------------------------------------------------------------------------------------------
unit 	 generation payment 	 up-FRP payment 	 dw-FRP payment 	pre-up total payment
----------------------------------------------------------------------------------------------------------------
 g1 	 195092.696601			 0.000000			 0.000000			 195092.696601
 g2 	 239013.041294			 0.000000			 0.000000			 239013.041294
 g3 	 0.000000			 0.000000			 0.000000			 0.000000
 g4 	 0.000000			 0.000000			 0.000000			 0.000000
 g5 	 0.000000			 0.000000			 0.000000			 0.000000
----------------------------------------------------------------------------------------------------
generation payment 	 up-FRP payment 	 dw-FRP payment 	 pre-up total payment
----------------------------------------------------------------------------------------------------
434105.737895 			 0.0 			 0.0 			 434105.737895
 
****************************************************************************************************
 
Generation costs
----------------------------------------------------------------------------------------------------
unit	 time 	 generation cost 	 start-up cost  	total cost
----------------------------------------------------------------------------------------------------
g1	 1 	 2455.374441 			 0.0 			2455.374441
g1	 2 	 2290.337947 			 0.0 			2290.337947
g1	 3 	 2287.91592 			 0.0 			2287.91592
g1	 4 	 2193.942243 			 0.0 			2193.942243
g1	 5 	 2348.72249 			 0.0 			2348.72249
g1	 6 	 2538.086214 			 0.0 			2538.086214
g1	 7 	 2410.542306 			 0.0 			2410.542306
g1	 8 	 2415.354793 			 0.0 			2415.354793
g1	 9 	 2013.893674 			 0.0 			2013.893674
g1	 10 	 2494.202892 			 0.0 			2494.202892
g1	 11 	 2206.003224 			 0.0 			2206.003224
g1	 12 	 2278.604263 			 0.0 			2278.604263
g1	 13 	 1981.279384 			 0.0 			1981.279384
g1	 14 	 1995.989104 			 0.0 			1995.989104
g1	 15 	 1814.321952 			 0.0 			1814.321952
g1	 16 	 1919.64237 			 0.0 			1919.64237
g1	 17 	 2088.912642 			 0.0 			2088.912642
g1	 18 	 2059.426169 			 0.0 			2059.426169
g1	 19 	 2089.439375 			 0.0 			2089.439375
g1	 20 	 2067.064303 			 0.0 			2067.064303
g1	 21 	 2574.230371 			 0.0 			2574.230371
g1	 22 	 2373.518609 			 0.0 			2373.518609
g1	 23 	 2554.996834 			 0.0 			2554.996834
g1	 24 	 2035.783391 			 0.0 			2035.783391
g1	 25 	 2347.520613 			 0.0 			2347.520613
g1	 26 	 2326.25571 			 0.0 			2326.25571
g1	 27 	 2334.678259 			 0.0 			2334.678259
g1	 28 	 2492.332082 			 0.0 			2492.332082
g1	 29 	 2683.416025 			 0.0 			2683.416025
g1	 30 	 2745.108155 			 0.0 			2745.108155
g1	 31 	 2354.886965 			 0.0 			2354.886965
g1	 32 	 2735.590307 			 0.0 			2735.590307
g1	 33 	 3058.233409 			 0.0 			3058.233409
g1	 34 	 2558.615621 			 0.0 			2558.615621
g1	 35 	 2644.822607 			 0.0 			2644.822607
g1	 36 	 2718.413331 			 0.0 			2718.413331
g1	 37 	 2943.388743 			 0.0 			2943.388743
g1	 38 	 2654.401068 			 0.0 			2654.401068
g1	 39 	 2840.736253 			 0.0 			2840.736253
g1	 40 	 2540.875671 			 0.0 			2540.875671
g1	 41 	 2600.262404 			 0.0 			2600.262404
g1	 42 	 3058.233409 			 0.0 			3058.233409
g1	 43 	 3058.233409 			 0.0 			3058.233409
g1	 44 	 2508.187447 			 0.0 			2508.187447
g1	 45 	 3006.14083 			 0.0 			3006.14083
g1	 46 	 2560.784329 			 0.0 			2560.784329
g1	 47 	 3058.233409 			 0.0 			3058.233409
g1	 48 	 3058.233409 			 0.0 			3058.233409
g1	 49 	 3058.233409 			 0.0 			3058.233409
g1	 50 	 2958.21125 			 0.0 			2958.21125
g1	 51 	 2711.1263 			 0.0 			2711.1263
g1	 52 	 3058.233409 			 0.0 			3058.233409
g1	 53 	 3058.233409 			 0.0 			3058.233409
g1	 54 	 2920.358802 			 0.0 			2920.358802
g1	 55 	 2902.355117 			 0.0 			2902.355117
g1	 56 	 2869.641084 			 0.0 			2869.641084
g1	 57 	 3058.233409 			 0.0 			3058.233409
g1	 58 	 3058.233409 			 0.0 			3058.233409
g1	 59 	 2791.347414 			 0.0 			2791.347414
g1	 60 	 3058.233409 			 0.0 			3058.233409
g1	 61 	 3058.233409 			 0.0 			3058.233409
g1	 62 	 2807.384397 			 0.0 			2807.384397
g1	 63 	 3058.233409 			 0.0 			3058.233409
g1	 64 	 2961.560163 			 0.0 			2961.560163
g1	 65 	 2962.79015 			 0.0 			2962.79015
g1	 66 	 3058.233409 			 0.0 			3058.233409
g1	 67 	 3058.233409 			 0.0 			3058.233409
g1	 68 	 3058.233409 			 0.0 			3058.233409
g1	 69 	 3041.377899 			 0.0 			3041.377899
g1	 70 	 3058.233409 			 0.0 			3058.233409
g1	 71 	 3058.233409 			 0.0 			3058.233409
g1	 72 	 3058.233409 			 0.0 			3058.233409
g1	 73 	 2874.765094 			 0.0 			2874.765094
g1	 74 	 3058.233409 			 0.0 			3058.233409
g1	 75 	 2844.350608 			 0.0 			2844.350608
g1	 76 	 3058.233409 			 0.0 			3058.233409
g1	 77 	 2680.80677 			 0.0 			2680.80677
g1	 78 	 3058.233409 			 0.0 			3058.233409
g1	 79 	 2954.939541 			 0.0 			2954.939541
g1	 80 	 3058.233409 			 0.0 			3058.233409
g1	 81 	 3058.233409 			 0.0 			3058.233409
g1	 82 	 2938.120647 			 0.0 			2938.120647
g1	 83 	 3058.233409 			 0.0 			3058.233409
g1	 84 	 3058.233409 			 0.0 			3058.233409
g1	 85 	 3058.233409 			 0.0 			3058.233409
g1	 86 	 2801.620062 			 0.0 			2801.620062
g1	 87 	 3058.233409 			 0.0 			3058.233409
g1	 88 	 2508.187447 			 0.0 			2508.187447
g1	 89 	 2810.127986 			 0.0 			2810.127986
g1	 90 	 2588.803682 			 0.0 			2588.803682
g1	 91 	 2744.123733 			 0.0 			2744.123733
g1	 92 	 2655.261046 			 0.0 			2655.261046
g1	 93 	 2805.323139 			 0.0 			2805.323139
g1	 94 	 2866.02163 			 0.0 			2866.02163
g1	 95 	 3058.233409 			 0.0 			3058.233409
g1	 96 	 2584.125217 			 0.0 			2584.125217
----------------------------------------------------------------------------------------------------
g2	 1 	 0.0 			 0.0 			0.0
g2	 2 	 0.0 			 0.0 			0.0
g2	 3 	 0.0 			 0.0 			0.0
g2	 4 	 0.0 			 0.0 			0.0
g2	 5 	 0.0 			 0.0 			0.0
g2	 6 	 0.0 			 0.0 			0.0
g2	 7 	 0.0 			 0.0 			0.0
g2	 8 	 0.0 			 0.0 			0.0
g2	 9 	 0.0 			 0.0 			0.0
g2	 10 	 0.0 			 0.0 			0.0
g2	 11 	 0.0 			 0.0 			0.0
g2	 12 	 0.0 			 0.0 			0.0
g2	 13 	 0.0 			 0.0 			0.0
g2	 14 	 0.0 			 0.0 			0.0
g2	 15 	 0.0 			 0.0 			0.0
g2	 16 	 0.0 			 0.0 			0.0
g2	 17 	 0.0 			 0.0 			0.0
g2	 18 	 0.0 			 0.0 			0.0
g2	 19 	 0.0 			 0.0 			0.0
g2	 20 	 0.0 			 0.0 			0.0
g2	 21 	 0.0 			 0.0 			0.0
g2	 22 	 0.0 			 0.0 			0.0
g2	 23 	 0.0 			 0.0 			0.0
g2	 24 	 0.0 			 0.0 			0.0
g2	 25 	 0.0 			 0.0 			0.0
g2	 26 	 0.0 			 0.0 			0.0
g2	 27 	 0.0 			 0.0 			0.0
g2	 28 	 0.0 			 0.0 			0.0
g2	 29 	 0.0 			 0.0 			0.0
g2	 30 	 0.0 			 0.0 			0.0
g2	 31 	 0.0 			 0.0 			0.0
g2	 32 	 0.0 			 0.0 			0.0
g2	 33 	 0.0 			 0.0 			0.0
g2	 34 	 0.0 			 0.0 			0.0
g2	 35 	 0.0 			 0.0 			0.0
g2	 36 	 0.0 			 0.0 			0.0
g2	 37 	 534.771644 			 10598.13 			11132.901644
g2	 38 	 534.771644 			 0.0 			534.771644
g2	 39 	 534.771644 			 0.0 			534.771644
g2	 40 	 534.771644 			 0.0 			534.771644
g2	 41 	 534.771644 			 0.0 			534.771644
g2	 42 	 758.426785 			 0.0 			758.426785
g2	 43 	 671.960725 			 0.0 			671.960725
g2	 44 	 487.683677 			 0.0 			487.683677
g2	 45 	 534.771644 			 0.0 			534.771644
g2	 46 	 759.459259 			 0.0 			759.459259
g2	 47 	 1004.033515 			 0.0 			1004.033515
g2	 48 	 765.044976 			 0.0 			765.044976
g2	 49 	 581.912922 			 0.0 			581.912922
g2	 50 	 678.098975 			 0.0 			678.098975
g2	 51 	 912.225375 			 0.0 			912.225375
g2	 52 	 1168.941449 			 0.0 			1168.941449
g2	 53 	 1446.507194 			 0.0 			1446.507194
g2	 54 	 1158.300121 			 0.0 			1158.300121
g2	 55 	 983.3071 			 0.0 			983.3071
g2	 56 	 1244.066467 			 0.0 			1244.066467
g2	 57 	 1541.048532 			 0.0 			1541.048532
g2	 58 	 1404.230691 			 0.0 			1404.230691
g2	 59 	 1121.755631 			 0.0 			1121.755631
g2	 60 	 1273.36596 			 0.0 			1273.36596
g2	 61 	 1391.159703 			 0.0 			1391.159703
g2	 62 	 1334.000163 			 0.0 			1334.000163
g2	 63 	 1630.982228 			 0.0 			1630.982228
g2	 64 	 1334.000163 			 0.0 			1334.000163
g2	 65 	 1061.047233 			 0.0 			1061.047233
g2	 66 	 981.901167 			 0.0 			981.901167
g2	 67 	 1011.254507 			 0.0 			1011.254507
g2	 68 	 1194.818925 			 0.0 			1194.818925
g2	 69 	 969.70086 			 0.0 			969.70086
g2	 70 	 1228.326084 			 0.0 			1228.326084
g2	 71 	 1234.696095 			 0.0 			1234.696095
g2	 72 	 1438.785864 			 0.0 			1438.785864
g2	 73 	 1151.625679 			 0.0 			1151.625679
g2	 74 	 1117.941404 			 0.0 			1117.941404
g2	 75 	 861.225331 			 0.0 			861.225331
g2	 76 	 693.219876 			 0.0 			693.219876
g2	 77 	 754.665729 			 0.0 			754.665729
g2	 78 	 998.624425 			 0.0 			998.624425
g2	 79 	 754.665729 			 0.0 			754.665729
g2	 80 	 840.478575 			 0.0 			840.478575
g2	 81 	 687.373373 			 0.0 			687.373373
g2	 82 	 657.211878 			 0.0 			657.211878
g2	 83 	 888.656068 			 0.0 			888.656068
g2	 84 	 998.014366 			 0.0 			998.014366
g2	 85 	 1185.555178 			 0.0 			1185.555178
g2	 86 	 928.839105 			 0.0 			928.839105
g2	 87 	 918.76394 			 0.0 			918.76394
g2	 88 	 683.893445 			 0.0 			683.893445
g2	 89 	 534.771644 			 0.0 			534.771644
g2	 90 	 534.771644 			 0.0 			534.771644
g2	 91 	 534.771644 			 0.0 			534.771644
g2	 92 	 534.771644 			 0.0 			534.771644
g2	 93 	 0.0 			 0.0 			0.0
g2	 94 	 0.0 			 0.0 			0.0
g2	 95 	 0.0 			 0.0 			0.0
g2	 96 	 0.0 			 0.0 			0.0
----------------------------------------------------------------------------------------------------
g3	 1 	 0.0 			 0.0 			0.0
g3	 2 	 0.0 			 0.0 			0.0
g3	 3 	 0.0 			 0.0 			0.0
g3	 4 	 0.0 			 0.0 			0.0
g3	 5 	 0.0 			 0.0 			0.0
g3	 6 	 0.0 			 0.0 			0.0
g3	 7 	 0.0 			 0.0 			0.0
g3	 8 	 0.0 			 0.0 			0.0
g3	 9 	 0.0 			 0.0 			0.0
g3	 10 	 0.0 			 0.0 			0.0
g3	 11 	 0.0 			 0.0 			0.0
g3	 12 	 0.0 			 0.0 			0.0
g3	 13 	 0.0 			 0.0 			0.0
g3	 14 	 0.0 			 0.0 			0.0
g3	 15 	 0.0 			 0.0 			0.0
g3	 16 	 0.0 			 0.0 			0.0
g3	 17 	 0.0 			 0.0 			0.0
g3	 18 	 0.0 			 0.0 			0.0
g3	 19 	 0.0 			 0.0 			0.0
g3	 20 	 0.0 			 0.0 			0.0
g3	 21 	 0.0 			 0.0 			0.0
g3	 22 	 0.0 			 0.0 			0.0
g3	 23 	 0.0 			 0.0 			0.0
g3	 24 	 0.0 			 0.0 			0.0
g3	 25 	 0.0 			 0.0 			0.0
g3	 26 	 0.0 			 0.0 			0.0
g3	 27 	 0.0 			 0.0 			0.0
g3	 28 	 0.0 			 0.0 			0.0
g3	 29 	 0.0 			 0.0 			0.0
g3	 30 	 0.0 			 0.0 			0.0
g3	 31 	 0.0 			 0.0 			0.0
g3	 32 	 0.0 			 0.0 			0.0
g3	 33 	 0.0 			 0.0 			0.0
g3	 34 	 0.0 			 0.0 			0.0
g3	 35 	 0.0 			 0.0 			0.0
g3	 36 	 0.0 			 0.0 			0.0
g3	 37 	 0.0 			 0.0 			0.0
g3	 38 	 0.0 			 0.0 			0.0
g3	 39 	 0.0 			 0.0 			0.0
g3	 40 	 0.0 			 0.0 			0.0
g3	 41 	 0.0 			 0.0 			0.0
g3	 42 	 0.0 			 0.0 			0.0
g3	 43 	 0.0 			 0.0 			0.0
g3	 44 	 0.0 			 0.0 			0.0
g3	 45 	 0.0 			 0.0 			0.0
g3	 46 	 0.0 			 0.0 			0.0
g3	 47 	 0.0 			 0.0 			0.0
g3	 48 	 0.0 			 0.0 			0.0
g3	 49 	 0.0 			 0.0 			0.0
g3	 50 	 0.0 			 0.0 			0.0
g3	 51 	 0.0 			 0.0 			0.0
g3	 52 	 0.0 			 0.0 			0.0
g3	 53 	 0.0 			 0.0 			0.0
g3	 54 	 0.0 			 0.0 			0.0
g3	 55 	 0.0 			 0.0 			0.0
g3	 56 	 0.0 			 0.0 			0.0
g3	 57 	 0.0 			 0.0 			0.0
g3	 58 	 0.0 			 0.0 			0.0
g3	 59 	 0.0 			 0.0 			0.0
g3	 60 	 0.0 			 0.0 			0.0
g3	 61 	 0.0 			 0.0 			0.0
g3	 62 	 0.0 			 0.0 			0.0
g3	 63 	 0.0 			 0.0 			0.0
g3	 64 	 0.0 			 0.0 			0.0
g3	 65 	 0.0 			 0.0 			0.0
g3	 66 	 0.0 			 0.0 			0.0
g3	 67 	 0.0 			 0.0 			0.0
g3	 68 	 0.0 			 0.0 			0.0
g3	 69 	 0.0 			 0.0 			0.0
g3	 70 	 0.0 			 0.0 			0.0
g3	 71 	 0.0 			 0.0 			0.0
g3	 72 	 0.0 			 0.0 			0.0
g3	 73 	 0.0 			 0.0 			0.0
g3	 74 	 0.0 			 0.0 			0.0
g3	 75 	 0.0 			 0.0 			0.0
g3	 76 	 0.0 			 0.0 			0.0
g3	 77 	 0.0 			 0.0 			0.0
g3	 78 	 0.0 			 0.0 			0.0
g3	 79 	 0.0 			 0.0 			0.0
g3	 80 	 0.0 			 0.0 			0.0
g3	 81 	 0.0 			 0.0 			0.0
g3	 82 	 0.0 			 0.0 			0.0
g3	 83 	 0.0 			 0.0 			0.0
g3	 84 	 0.0 			 0.0 			0.0
g3	 85 	 0.0 			 0.0 			0.0
g3	 86 	 0.0 			 0.0 			0.0
g3	 87 	 0.0 			 0.0 			0.0
g3	 88 	 0.0 			 0.0 			0.0
g3	 89 	 0.0 			 0.0 			0.0
g3	 90 	 0.0 			 0.0 			0.0
g3	 91 	 0.0 			 0.0 			0.0
g3	 92 	 0.0 			 0.0 			0.0
g3	 93 	 0.0 			 0.0 			0.0
g3	 94 	 0.0 			 0.0 			0.0
g3	 95 	 0.0 			 0.0 			0.0
g3	 96 	 0.0 			 0.0 			0.0
----------------------------------------------------------------------------------------------------
g4	 1 	 0.0 			 0.0 			0.0
g4	 2 	 0.0 			 0.0 			0.0
g4	 3 	 0.0 			 0.0 			0.0
g4	 4 	 0.0 			 0.0 			0.0
g4	 5 	 0.0 			 0.0 			0.0
g4	 6 	 0.0 			 0.0 			0.0
g4	 7 	 0.0 			 0.0 			0.0
g4	 8 	 0.0 			 0.0 			0.0
g4	 9 	 0.0 			 0.0 			0.0
g4	 10 	 0.0 			 0.0 			0.0
g4	 11 	 0.0 			 0.0 			0.0
g4	 12 	 0.0 			 0.0 			0.0
g4	 13 	 0.0 			 0.0 			0.0
g4	 14 	 0.0 			 0.0 			0.0
g4	 15 	 0.0 			 0.0 			0.0
g4	 16 	 0.0 			 0.0 			0.0
g4	 17 	 0.0 			 0.0 			0.0
g4	 18 	 0.0 			 0.0 			0.0
g4	 19 	 0.0 			 0.0 			0.0
g4	 20 	 0.0 			 0.0 			0.0
g4	 21 	 0.0 			 0.0 			0.0
g4	 22 	 0.0 			 0.0 			0.0
g4	 23 	 0.0 			 0.0 			0.0
g4	 24 	 0.0 			 0.0 			0.0
g4	 25 	 0.0 			 0.0 			0.0
g4	 26 	 0.0 			 0.0 			0.0
g4	 27 	 0.0 			 0.0 			0.0
g4	 28 	 0.0 			 0.0 			0.0
g4	 29 	 0.0 			 0.0 			0.0
g4	 30 	 0.0 			 0.0 			0.0
g4	 31 	 0.0 			 0.0 			0.0
g4	 32 	 0.0 			 0.0 			0.0
g4	 33 	 0.0 			 0.0 			0.0
g4	 34 	 0.0 			 0.0 			0.0
g4	 35 	 0.0 			 0.0 			0.0
g4	 36 	 0.0 			 0.0 			0.0
g4	 37 	 0.0 			 0.0 			0.0
g4	 38 	 0.0 			 0.0 			0.0
g4	 39 	 0.0 			 0.0 			0.0
g4	 40 	 0.0 			 0.0 			0.0
g4	 41 	 0.0 			 0.0 			0.0
g4	 42 	 0.0 			 0.0 			0.0
g4	 43 	 0.0 			 0.0 			0.0
g4	 44 	 0.0 			 0.0 			0.0
g4	 45 	 0.0 			 0.0 			0.0
g4	 46 	 0.0 			 0.0 			0.0
g4	 47 	 0.0 			 0.0 			0.0
g4	 48 	 0.0 			 0.0 			0.0
g4	 49 	 0.0 			 0.0 			0.0
g4	 50 	 0.0 			 0.0 			0.0
g4	 51 	 0.0 			 0.0 			0.0
g4	 52 	 0.0 			 0.0 			0.0
g4	 53 	 0.0 			 0.0 			0.0
g4	 54 	 0.0 			 0.0 			0.0
g4	 55 	 0.0 			 0.0 			0.0
g4	 56 	 0.0 			 0.0 			0.0
g4	 57 	 0.0 			 0.0 			0.0
g4	 58 	 0.0 			 0.0 			0.0
g4	 59 	 0.0 			 0.0 			0.0
g4	 60 	 0.0 			 0.0 			0.0
g4	 61 	 0.0 			 0.0 			0.0
g4	 62 	 0.0 			 0.0 			0.0
g4	 63 	 0.0 			 0.0 			0.0
g4	 64 	 0.0 			 0.0 			0.0
g4	 65 	 0.0 			 0.0 			0.0
g4	 66 	 0.0 			 0.0 			0.0
g4	 67 	 0.0 			 0.0 			0.0
g4	 68 	 0.0 			 0.0 			0.0
g4	 69 	 0.0 			 0.0 			0.0
g4	 70 	 0.0 			 0.0 			0.0
g4	 71 	 0.0 			 0.0 			0.0
g4	 72 	 0.0 			 0.0 			0.0
g4	 73 	 0.0 			 0.0 			0.0
g4	 74 	 0.0 			 0.0 			0.0
g4	 75 	 0.0 			 0.0 			0.0
g4	 76 	 0.0 			 0.0 			0.0
g4	 77 	 0.0 			 0.0 			0.0
g4	 78 	 0.0 			 0.0 			0.0
g4	 79 	 0.0 			 0.0 			0.0
g4	 80 	 0.0 			 0.0 			0.0
g4	 81 	 0.0 			 0.0 			0.0
g4	 82 	 0.0 			 0.0 			0.0
g4	 83 	 0.0 			 0.0 			0.0
g4	 84 	 0.0 			 0.0 			0.0
g4	 85 	 0.0 			 0.0 			0.0
g4	 86 	 0.0 			 0.0 			0.0
g4	 87 	 0.0 			 0.0 			0.0
g4	 88 	 0.0 			 0.0 			0.0
g4	 89 	 0.0 			 0.0 			0.0
g4	 90 	 0.0 			 0.0 			0.0
g4	 91 	 0.0 			 0.0 			0.0
g4	 92 	 0.0 			 0.0 			0.0
g4	 93 	 0.0 			 0.0 			0.0
g4	 94 	 0.0 			 0.0 			0.0
g4	 95 	 0.0 			 0.0 			0.0
g4	 96 	 0.0 			 0.0 			0.0
----------------------------------------------------------------------------------------------------
g5	 1 	 0.0 			 0.0 			0.0
g5	 2 	 0.0 			 0.0 			0.0
g5	 3 	 0.0 			 0.0 			0.0
g5	 4 	 0.0 			 0.0 			0.0
g5	 5 	 0.0 			 0.0 			0.0
g5	 6 	 0.0 			 0.0 			0.0
g5	 7 	 0.0 			 0.0 			0.0
g5	 8 	 0.0 			 0.0 			0.0
g5	 9 	 0.0 			 0.0 			0.0
g5	 10 	 0.0 			 0.0 			0.0
g5	 11 	 0.0 			 0.0 			0.0
g5	 12 	 0.0 			 0.0 			0.0
g5	 13 	 0.0 			 0.0 			0.0
g5	 14 	 0.0 			 0.0 			0.0
g5	 15 	 0.0 			 0.0 			0.0
g5	 16 	 0.0 			 0.0 			0.0
g5	 17 	 0.0 			 0.0 			0.0
g5	 18 	 0.0 			 0.0 			0.0
g5	 19 	 0.0 			 0.0 			0.0
g5	 20 	 0.0 			 0.0 			0.0
g5	 21 	 0.0 			 0.0 			0.0
g5	 22 	 0.0 			 0.0 			0.0
g5	 23 	 0.0 			 0.0 			0.0
g5	 24 	 0.0 			 0.0 			0.0
g5	 25 	 0.0 			 0.0 			0.0
g5	 26 	 0.0 			 0.0 			0.0
g5	 27 	 0.0 			 0.0 			0.0
g5	 28 	 0.0 			 0.0 			0.0
g5	 29 	 0.0 			 0.0 			0.0
g5	 30 	 0.0 			 0.0 			0.0
g5	 31 	 0.0 			 0.0 			0.0
g5	 32 	 0.0 			 0.0 			0.0
g5	 33 	 0.0 			 0.0 			0.0
g5	 34 	 0.0 			 0.0 			0.0
g5	 35 	 0.0 			 0.0 			0.0
g5	 36 	 0.0 			 0.0 			0.0
g5	 37 	 0.0 			 0.0 			0.0
g5	 38 	 0.0 			 0.0 			0.0
g5	 39 	 0.0 			 0.0 			0.0
g5	 40 	 0.0 			 0.0 			0.0
g5	 41 	 0.0 			 0.0 			0.0
g5	 42 	 0.0 			 0.0 			0.0
g5	 43 	 0.0 			 0.0 			0.0
g5	 44 	 0.0 			 0.0 			0.0
g5	 45 	 0.0 			 0.0 			0.0
g5	 46 	 0.0 			 0.0 			0.0
g5	 47 	 0.0 			 0.0 			0.0
g5	 48 	 0.0 			 0.0 			0.0
g5	 49 	 0.0 			 0.0 			0.0
g5	 50 	 0.0 			 0.0 			0.0
g5	 51 	 0.0 			 0.0 			0.0
g5	 52 	 0.0 			 0.0 			0.0
g5	 53 	 0.0 			 0.0 			0.0
g5	 54 	 0.0 			 0.0 			0.0
g5	 55 	 0.0 			 0.0 			0.0
g5	 56 	 0.0 			 0.0 			0.0
g5	 57 	 0.0 			 0.0 			0.0
g5	 58 	 0.0 			 0.0 			0.0
g5	 59 	 0.0 			 0.0 			0.0
g5	 60 	 0.0 			 0.0 			0.0
g5	 61 	 0.0 			 0.0 			0.0
g5	 62 	 0.0 			 0.0 			0.0
g5	 63 	 0.0 			 0.0 			0.0
g5	 64 	 0.0 			 0.0 			0.0
g5	 65 	 0.0 			 0.0 			0.0
g5	 66 	 0.0 			 0.0 			0.0
g5	 67 	 0.0 			 0.0 			0.0
g5	 68 	 0.0 			 0.0 			0.0
g5	 69 	 0.0 			 0.0 			0.0
g5	 70 	 0.0 			 0.0 			0.0
g5	 71 	 0.0 			 0.0 			0.0
g5	 72 	 0.0 			 0.0 			0.0
g5	 73 	 0.0 			 0.0 			0.0
g5	 74 	 0.0 			 0.0 			0.0
g5	 75 	 0.0 			 0.0 			0.0
g5	 76 	 0.0 			 0.0 			0.0
g5	 77 	 0.0 			 0.0 			0.0
g5	 78 	 0.0 			 0.0 			0.0
g5	 79 	 0.0 			 0.0 			0.0
g5	 80 	 0.0 			 0.0 			0.0
g5	 81 	 0.0 			 0.0 			0.0
g5	 82 	 0.0 			 0.0 			0.0
g5	 83 	 0.0 			 0.0 			0.0
g5	 84 	 0.0 			 0.0 			0.0
g5	 85 	 0.0 			 0.0 			0.0
g5	 86 	 0.0 			 0.0 			0.0
g5	 87 	 0.0 			 0.0 			0.0
g5	 88 	 0.0 			 0.0 			0.0
g5	 89 	 0.0 			 0.0 			0.0
g5	 90 	 0.0 			 0.0 			0.0
g5	 91 	 0.0 			 0.0 			0.0
g5	 92 	 0.0 			 0.0 			0.0
g5	 93 	 0.0 			 0.0 			0.0
g5	 94 	 0.0 			 0.0 			0.0
g5	 95 	 0.0 			 0.0 			0.0
g5	 96 	 0.0 			 0.0 			0.0
----------------------------------------------------------------------------------------------------
 
unit 	 generation 	 generation cost 	 start-up cost 	 total cost
----------------------------------------------------------------------------------------------------
g1 	 6953.744735			259355.499370			 0.000000		 259355.499370
g2 	 984.393484			52239.512887			 10598.130000		 62837.642887
g3 	 0.000000			0.000000			 0.000000		 0.000000
g4 	 0.000000			0.000000			 0.000000		 0.000000
g5 	 0.000000			0.000000			 0.000000		 0.000000
----------------------------------------------------------------------------------------------------
 
generation cost 	 start-up cost 		 total cost
----------------------------------------------------------------------------------------------------
311595.012257 			 10598.13 			 322193.142257
----------------------------------------------------------------------------------------------------
uplift payment for generator g1: 0.0
uplift payment for generator g2: 0.0
uplift payment for generator g3: 0.0
uplift payment for generator g4: 0.0
uplift payment for generator g5: 0.0
 
****************************************************************************************************
 
rtm Systemwide prices
----------------------------------------------------------------------------------------------------
time	 energy 	 up-FRP 	 dw-FRP
----------------------------------------------------------------------------------------------------
1 	 9.614507 		 0.0 		 0.0
2 	 9.408671 		 0.0 		 0.0
3 	 9.408671 		 0.0 		 0.0
4 	 9.408671 		 0.0 		 0.0
5 	 9.614507 		 0.0 		 0.0
6 	 9.614507 		 0.0 		 0.0
7 	 9.614507 		 0.0 		 0.0
8 	 9.614507 		 0.0 		 0.0
9 	 9.408671 		 0.0 		 0.0
10 	 9.614507 		 0.0 		 0.0
11 	 9.408671 		 0.0 		 0.0
12 	 9.408671 		 0.0 		 0.0
13 	 9.408671 		 0.0 		 0.0
14 	 9.408671 		 0.0 		 0.0
15 	 9.408671 		 0.0 		 0.0
16 	 9.408671 		 0.0 		 0.0
17 	 9.408671 		 0.0 		 0.0
18 	 9.408671 		 0.0 		 0.0
19 	 9.408671 		 0.0 		 0.0
20 	 9.408671 		 0.0 		 0.0
21 	 9.614507 		 0.0 		 0.0
22 	 9.614507 		 0.0 		 0.0
23 	 9.614507 		 0.0 		 0.0
24 	 9.408671 		 0.0 		 0.0
25 	 9.614507 		 0.0 		 0.0
26 	 9.614507 		 0.0 		 0.0
27 	 9.614507 		 0.0 		 0.0
28 	 9.614507 		 0.0 		 0.0
29 	 9.614507 		 0.0 		 0.0
30 	 9.614507 		 0.0 		 0.0
31 	 9.614507 		 0.0 		 0.0
32 	 9.614507 		 0.0 		 0.0
33 	 2500.0 		 0.0 		 0.0
34 	 9.614507 		 0.0 		 0.0
35 	 9.614507 		 0.0 		 0.0
36 	 9.614507 		 0.0 		 0.0
37 	 9.614507 		 0.0 		 0.0
38 	 9.614507 		 0.0 		 0.0
39 	 9.614507 		 0.0 		 0.0
40 	 9.614507 		 0.0 		 0.0
41 	 9.614507 		 0.0 		 0.0
42 	 10.185876 		 0.0 		 0.0
43 	 10.185876 		 0.0 		 0.0
44 	 9.457625 		 0.0 		 0.0
45 	 9.614507 		 0.0 		 0.0
46 	 9.614507 		 0.0 		 0.0
47 	 12.06526 		 0.0 		 0.0
48 	 10.185876 		 0.0 		 0.0
49 	 10.185876 		 0.0 		 0.0
50 	 9.614507 		 0.0 		 0.0
51 	 9.614507 		 0.0 		 0.0
52 	 13.944645 		 0.0 		 0.0
53 	 15.176097 		 0.0 		 0.0
54 	 9.614507 		 0.0 		 0.0
55 	 9.614507 		 0.0 		 0.0
56 	 9.614507 		 0.0 		 0.0
57 	 18.858301 		 0.0 		 0.0
58 	 15.176097 		 0.0 		 0.0
59 	 9.614507 		 0.0 		 0.0
60 	 13.296712 		 0.0 		 0.0
61 	 13.296712 		 0.0 		 0.0
62 	 9.614507 		 0.0 		 0.0
63 	 2500.0 		 0.0 		 0.0
64 	 9.614507 		 0.0 		 0.0
65 	 9.614507 		 0.0 		 0.0
66 	 11.493892 		 0.0 		 0.0
67 	 11.493892 		 0.0 		 0.0
68 	 11.493892 		 0.0 		 0.0
69 	 9.614507 		 0.0 		 0.0
70 	 15.176097 		 0.0 		 0.0
71 	 13.296712 		 0.0 		 0.0
72 	 15.176097 		 0.0 		 0.0
73 	 9.614507 		 0.0 		 0.0
74 	 13.373276 		 0.0 		 0.0
75 	 9.614507 		 0.0 		 0.0
76 	 10.185876 		 0.0 		 0.0
77 	 9.614507 		 0.0 		 0.0
78 	 12.636629 		 0.0 		 0.0
79 	 9.614507 		 0.0 		 0.0
80 	 10.185876 		 0.0 		 0.0
81 	 10.185876 		 0.0 		 0.0
82 	 9.614507 		 0.0 		 0.0
83 	 12.06526 		 0.0 		 0.0
84 	 11.493892 		 0.0 		 0.0
85 	 13.373276 		 0.0 		 0.0
86 	 9.614507 		 0.0 		 0.0
87 	 2500.0 		 0.0 		 0.0
88 	 2478.320232 		 0.0 		 0.0
89 	 9.614507 		 0.0 		 0.0
90 	 9.614507 		 0.0 		 0.0
91 	 9.614507 		 0.0 		 0.0
92 	 9.614507 		 0.0 		 0.0
93 	 9.614507 		 0.0 		 0.0
94 	 9.614507 		 0.0 		 0.0
95 	 2500.0 		 0.0 		 0.0
96 	 9.614507 		 0.0 		 0.0
 
****************************************************************************************************
 
rtm Post-uplift payments
----------------------------------------------------------------------------------------------------------------------------------------------------
unit 	 generation payment 	 up-FRP payment 	 dw-FRP payment 	pre-up t. payment 	 uplift payments 	 post-up t. payment 	 profit
----------------------------------------------------------------------------------------------------------------------------------------------------
 g1 	 195092.696601			 0.000000			 0.000000			 195092.696601			 0.000000			 195092.696601		 225978.246532
 g2 	 239013.041294			 0.000000			 0.000000			 239013.041294			 0.000000			 239013.041294		 214480.562926
 g3 	 0.000000			 0.000000			 0.000000			 0.000000			 0.000000			 0.000000		 0.000000
 g4 	 0.000000			 0.000000			 0.000000			 0.000000			 0.000000			 0.000000		 0.000000
 g5 	 0.000000			 0.000000			 0.000000			 0.000000			 0.000000			 0.000000		 0.000000
****************************************************************************************************
 
Total generator payments
----------------------------------------------------------------------------------------------------------------------------------------------------
unit 	 generation payment 	 up-FRP payment 	 dw-FRP payment 	pre-up t. payment 	 uplift payments 	 post-up t. payment 	 profit
----------------------------------------------------------------------------------------------------------------------------------------------------
 g1 	 485333.745902			 0.000000			 0.000000			 485333.745902			 0.000000			 485333.745902		 225978.246532
 g2 	 277318.205813			 0.000000			 0.000000			 277318.205813			 0.000000			 277318.205813		 214480.562926
 g3 	 0.000000			 0.000000			 0.000000			 0.000000			 0.000000			 0.000000		 0.000000
 g4 	 0.000000			 0.000000			 0.000000			 0.000000			 0.000000			 0.000000		 0.000000
 g5 	 0.000000			 0.000000			 0.000000			 0.000000			 0.000000			 0.000000		 0.000000
 
****************************************************************************************************
 
rtm LMP
----------------------------------------------------------------------------------------------------
bus name 	 time 		 LMP
----------------------------------------------------------------------------------------------------
b1 		 1 		 9.614507
b1 		 2 		 9.408671
b1 		 3 		 9.408671
b1 		 4 		 9.408671
b1 		 5 		 9.614507
b1 		 6 		 9.614507
b1 		 7 		 9.614507
b1 		 8 		 9.614507
b1 		 9 		 9.408671
b1 		 10 		 9.614507
b1 		 11 		 9.408671
b1 		 12 		 9.408671
b1 		 13 		 9.408671
b1 		 14 		 9.408671
b1 		 15 		 9.408671
b1 		 16 		 9.408671
b1 		 17 		 9.408671
b1 		 18 		 9.408671
b1 		 19 		 9.408671
b1 		 20 		 9.408671
b1 		 21 		 9.614507
b1 		 22 		 9.614507
b1 		 23 		 9.614507
b1 		 24 		 9.408671
b1 		 25 		 9.614507
b1 		 26 		 9.614507
b1 		 27 		 9.614507
b1 		 28 		 9.614507
b1 		 29 		 9.614507
b1 		 30 		 9.614507
b1 		 31 		 9.614507
b1 		 32 		 9.614507
b1 		 33 		 2500.0
b1 		 34 		 9.614507
b1 		 35 		 9.614507
b1 		 36 		 9.614507
b1 		 37 		 9.614507
b1 		 38 		 9.614507
b1 		 39 		 9.614507
b1 		 40 		 9.614507
b1 		 41 		 9.614507
b1 		 42 		 10.185876
b1 		 43 		 10.185876
b1 		 44 		 9.457625
b1 		 45 		 9.614507
b1 		 46 		 9.614507
b1 		 47 		 12.06526
b1 		 48 		 10.185876
b1 		 49 		 10.185876
b1 		 50 		 9.614507
b1 		 51 		 9.614507
b1 		 52 		 13.944645
b1 		 53 		 15.176097
b1 		 54 		 9.614507
b1 		 55 		 9.614507
b1 		 56 		 9.614507
b1 		 57 		 18.858301
b1 		 58 		 15.176097
b1 		 59 		 9.614507
b1 		 60 		 13.296712
b1 		 61 		 13.296712
b1 		 62 		 9.614507
b1 		 63 		 2500.0
b1 		 64 		 9.614507
b1 		 65 		 9.614507
b1 		 66 		 11.493892
b1 		 67 		 11.493892
b1 		 68 		 11.493892
b1 		 69 		 9.614507
b1 		 70 		 15.176097
b1 		 71 		 13.296712
b1 		 72 		 15.176097
b1 		 73 		 9.614507
b1 		 74 		 13.373276
b1 		 75 		 9.614507
b1 		 76 		 10.185876
b1 		 77 		 9.614507
b1 		 78 		 12.636629
b1 		 79 		 9.614507
b1 		 80 		 10.185876
b1 		 81 		 10.185876
b1 		 82 		 9.614507
b1 		 83 		 12.06526
b1 		 84 		 11.493892
b1 		 85 		 13.373276
b1 		 86 		 9.614507
b1 		 87 		 2500.0
b1 		 88 		 2478.320232
b1 		 89 		 9.614507
b1 		 90 		 9.614507
b1 		 91 		 9.614507
b1 		 92 		 9.614507
b1 		 93 		 9.614507
b1 		 94 		 9.614507
b1 		 95 		 2500.0
b1 		 96 		 9.614507
----------------------------------------------------------------------------------------------------
b2 		 1 		 9.614507
b2 		 2 		 9.408671
b2 		 3 		 9.408671
b2 		 4 		 9.408671
b2 		 5 		 9.614507
b2 		 6 		 9.614507
b2 		 7 		 9.614507
b2 		 8 		 9.614507
b2 		 9 		 9.408671
b2 		 10 		 9.614507
b2 		 11 		 9.408671
b2 		 12 		 9.408671
b2 		 13 		 9.408671
b2 		 14 		 9.408671
b2 		 15 		 9.408671
b2 		 16 		 9.408671
b2 		 17 		 9.408671
b2 		 18 		 9.408671
b2 		 19 		 9.408671
b2 		 20 		 9.408671
b2 		 21 		 9.614507
b2 		 22 		 9.614507
b2 		 23 		 9.614507
b2 		 24 		 9.408671
b2 		 25 		 9.614507
b2 		 26 		 9.614507
b2 		 27 		 9.614507
b2 		 28 		 9.614507
b2 		 29 		 9.614507
b2 		 30 		 9.614507
b2 		 31 		 9.614507
b2 		 32 		 9.614507
b2 		 33 		 2500.0
b2 		 34 		 9.614507
b2 		 35 		 9.614507
b2 		 36 		 9.614507
b2 		 37 		 9.614507
b2 		 38 		 9.614507
b2 		 39 		 9.614507
b2 		 40 		 9.614507
b2 		 41 		 9.614507
b2 		 42 		 10.185876
b2 		 43 		 10.185876
b2 		 44 		 9.457625
b2 		 45 		 9.614507
b2 		 46 		 9.614507
b2 		 47 		 12.06526
b2 		 48 		 10.185876
b2 		 49 		 10.185876
b2 		 50 		 9.614507
b2 		 51 		 9.614507
b2 		 52 		 13.944645
b2 		 53 		 15.176097
b2 		 54 		 9.614507
b2 		 55 		 9.614507
b2 		 56 		 9.614507
b2 		 57 		 18.858301
b2 		 58 		 15.176097
b2 		 59 		 9.614507
b2 		 60 		 13.296712
b2 		 61 		 13.296712
b2 		 62 		 9.614507
b2 		 63 		 2500.0
b2 		 64 		 9.614507
b2 		 65 		 9.614507
b2 		 66 		 11.493892
b2 		 67 		 11.493892
b2 		 68 		 11.493892
b2 		 69 		 9.614507
b2 		 70 		 15.176097
b2 		 71 		 13.296712
b2 		 72 		 15.176097
b2 		 73 		 9.614507
b2 		 74 		 13.373276
b2 		 75 		 9.614507
b2 		 76 		 10.185876
b2 		 77 		 9.614507
b2 		 78 		 12.636629
b2 		 79 		 9.614507
b2 		 80 		 10.185876
b2 		 81 		 10.185876
b2 		 82 		 9.614507
b2 		 83 		 12.06526
b2 		 84 		 11.493892
b2 		 85 		 13.373276
b2 		 86 		 9.614507
b2 		 87 		 2500.0
b2 		 88 		 2478.320232
b2 		 89 		 9.614507
b2 		 90 		 9.614507
b2 		 91 		 9.614507
b2 		 92 		 9.614507
b2 		 93 		 9.614507
b2 		 94 		 9.614507
b2 		 95 		 2500.0
b2 		 96 		 9.614507
----------------------------------------------------------------------------------------------------
b3 		 1 		 9.614507
b3 		 2 		 9.408671
b3 		 3 		 9.408671
b3 		 4 		 9.408671
b3 		 5 		 9.614507
b3 		 6 		 9.614507
b3 		 7 		 9.614507
b3 		 8 		 9.614507
b3 		 9 		 9.408671
b3 		 10 		 9.614507
b3 		 11 		 9.408671
b3 		 12 		 9.408671
b3 		 13 		 9.408671
b3 		 14 		 9.408671
b3 		 15 		 9.408671
b3 		 16 		 9.408671
b3 		 17 		 9.408671
b3 		 18 		 9.408671
b3 		 19 		 9.408671
b3 		 20 		 9.408671
b3 		 21 		 9.614507
b3 		 22 		 9.614507
b3 		 23 		 9.614507
b3 		 24 		 9.408671
b3 		 25 		 9.614507
b3 		 26 		 9.614507
b3 		 27 		 9.614507
b3 		 28 		 9.614507
b3 		 29 		 9.614507
b3 		 30 		 9.614507
b3 		 31 		 9.614507
b3 		 32 		 9.614507
b3 		 33 		 2500.0
b3 		 34 		 9.614507
b3 		 35 		 9.614507
b3 		 36 		 9.614507
b3 		 37 		 9.614507
b3 		 38 		 9.614507
b3 		 39 		 9.614507
b3 		 40 		 9.614507
b3 		 41 		 9.614507
b3 		 42 		 10.185876
b3 		 43 		 10.185876
b3 		 44 		 9.457625
b3 		 45 		 9.614507
b3 		 46 		 9.614507
b3 		 47 		 12.06526
b3 		 48 		 10.185876
b3 		 49 		 10.185876
b3 		 50 		 9.614507
b3 		 51 		 9.614507
b3 		 52 		 13.944645
b3 		 53 		 15.176097
b3 		 54 		 9.614507
b3 		 55 		 9.614507
b3 		 56 		 9.614507
b3 		 57 		 18.858301
b3 		 58 		 15.176097
b3 		 59 		 9.614507
b3 		 60 		 13.296712
b3 		 61 		 13.296712
b3 		 62 		 9.614507
b3 		 63 		 2500.0
b3 		 64 		 9.614507
b3 		 65 		 9.614507
b3 		 66 		 11.493892
b3 		 67 		 11.493892
b3 		 68 		 11.493892
b3 		 69 		 9.614507
b3 		 70 		 15.176097
b3 		 71 		 13.296712
b3 		 72 		 15.176097
b3 		 73 		 9.614507
b3 		 74 		 13.373276
b3 		 75 		 9.614507
b3 		 76 		 10.185876
b3 		 77 		 9.614507
b3 		 78 		 12.636629
b3 		 79 		 9.614507
b3 		 80 		 10.185876
b3 		 81 		 10.185876
b3 		 82 		 9.614507
b3 		 83 		 12.06526
b3 		 84 		 11.493892
b3 		 85 		 13.373276
b3 		 86 		 9.614507
b3 		 87 		 2500.0
b3 		 88 		 2478.320232
b3 		 89 		 9.614507
b3 		 90 		 9.614507
b3 		 91 		 9.614507
b3 		 92 		 9.614507
b3 		 93 		 9.614507
b3 		 94 		 9.614507
b3 		 95 		 2500.0
b3 		 96 		 9.614507
----------------------------------------------------------------------------------------------------
b4 		 1 		 9.614507
b4 		 2 		 9.408671
b4 		 3 		 9.408671
b4 		 4 		 9.408671
b4 		 5 		 9.614507
b4 		 6 		 9.614507
b4 		 7 		 9.614507
b4 		 8 		 9.614507
b4 		 9 		 9.408671
b4 		 10 		 9.614507
b4 		 11 		 9.408671
b4 		 12 		 9.408671
b4 		 13 		 9.408671
b4 		 14 		 9.408671
b4 		 15 		 9.408671
b4 		 16 		 9.408671
b4 		 17 		 9.408671
b4 		 18 		 9.408671
b4 		 19 		 9.408671
b4 		 20 		 9.408671
b4 		 21 		 9.614507
b4 		 22 		 9.614507
b4 		 23 		 9.614507
b4 		 24 		 9.408671
b4 		 25 		 9.614507
b4 		 26 		 9.614507
b4 		 27 		 9.614507
b4 		 28 		 9.614507
b4 		 29 		 9.614507
b4 		 30 		 9.614507
b4 		 31 		 9.614507
b4 		 32 		 9.614507
b4 		 33 		 2500.0
b4 		 34 		 9.614507
b4 		 35 		 9.614507
b4 		 36 		 9.614507
b4 		 37 		 9.614507
b4 		 38 		 9.614507
b4 		 39 		 9.614507
b4 		 40 		 9.614507
b4 		 41 		 9.614507
b4 		 42 		 10.185876
b4 		 43 		 10.185876
b4 		 44 		 9.457625
b4 		 45 		 9.614507
b4 		 46 		 9.614507
b4 		 47 		 12.06526
b4 		 48 		 10.185876
b4 		 49 		 10.185876
b4 		 50 		 9.614507
b4 		 51 		 9.614507
b4 		 52 		 13.944645
b4 		 53 		 15.176097
b4 		 54 		 9.614507
b4 		 55 		 9.614507
b4 		 56 		 9.614507
b4 		 57 		 18.858301
b4 		 58 		 15.176097
b4 		 59 		 9.614507
b4 		 60 		 13.296712
b4 		 61 		 13.296712
b4 		 62 		 9.614507
b4 		 63 		 2500.0
b4 		 64 		 9.614507
b4 		 65 		 9.614507
b4 		 66 		 11.493892
b4 		 67 		 11.493892
b4 		 68 		 11.493892
b4 		 69 		 9.614507
b4 		 70 		 15.176097
b4 		 71 		 13.296712
b4 		 72 		 15.176097
b4 		 73 		 9.614507
b4 		 74 		 13.373276
b4 		 75 		 9.614507
b4 		 76 		 10.185876
b4 		 77 		 9.614507
b4 		 78 		 12.636629
b4 		 79 		 9.614507
b4 		 80 		 10.185876
b4 		 81 		 10.185876
b4 		 82 		 9.614507
b4 		 83 		 12.06526
b4 		 84 		 11.493892
b4 		 85 		 13.373276
b4 		 86 		 9.614507
b4 		 87 		 2500.0
b4 		 88 		 2478.320232
b4 		 89 		 9.614507
b4 		 90 		 9.614507
b4 		 91 		 9.614507
b4 		 92 		 9.614507
b4 		 93 		 9.614507
b4 		 94 		 9.614507
b4 		 95 		 2500.0
b4 		 96 		 9.614507
----------------------------------------------------------------------------------------------------
b5 		 1 		 9.614507
b5 		 2 		 9.408671
b5 		 3 		 9.408671
b5 		 4 		 9.408671
b5 		 5 		 9.614507
b5 		 6 		 9.614507
b5 		 7 		 9.614507
b5 		 8 		 9.614507
b5 		 9 		 9.408671
b5 		 10 		 9.614507
b5 		 11 		 9.408671
b5 		 12 		 9.408671
b5 		 13 		 9.408671
b5 		 14 		 9.408671
b5 		 15 		 9.408671
b5 		 16 		 9.408671
b5 		 17 		 9.408671
b5 		 18 		 9.408671
b5 		 19 		 9.408671
b5 		 20 		 9.408671
b5 		 21 		 9.614507
b5 		 22 		 9.614507
b5 		 23 		 9.614507
b5 		 24 		 9.408671
b5 		 25 		 9.614507
b5 		 26 		 9.614507
b5 		 27 		 9.614507
b5 		 28 		 9.614507
b5 		 29 		 9.614507
b5 		 30 		 9.614507
b5 		 31 		 9.614507
b5 		 32 		 9.614507
b5 		 33 		 2500.0
b5 		 34 		 9.614507
b5 		 35 		 9.614507
b5 		 36 		 9.614507
b5 		 37 		 9.614507
b5 		 38 		 9.614507
b5 		 39 		 9.614507
b5 		 40 		 9.614507
b5 		 41 		 9.614507
b5 		 42 		 10.185876
b5 		 43 		 10.185876
b5 		 44 		 9.457625
b5 		 45 		 9.614507
b5 		 46 		 9.614507
b5 		 47 		 12.06526
b5 		 48 		 10.185876
b5 		 49 		 10.185876
b5 		 50 		 9.614507
b5 		 51 		 9.614507
b5 		 52 		 13.944645
b5 		 53 		 15.176097
b5 		 54 		 9.614507
b5 		 55 		 9.614507
b5 		 56 		 9.614507
b5 		 57 		 18.858301
b5 		 58 		 15.176097
b5 		 59 		 9.614507
b5 		 60 		 13.296712
b5 		 61 		 13.296712
b5 		 62 		 9.614507
b5 		 63 		 2500.0
b5 		 64 		 9.614507
b5 		 65 		 9.614507
b5 		 66 		 11.493892
b5 		 67 		 11.493892
b5 		 68 		 11.493892
b5 		 69 		 9.614507
b5 		 70 		 15.176097
b5 		 71 		 13.296712
b5 		 72 		 15.176097
b5 		 73 		 9.614507
b5 		 74 		 13.373276
b5 		 75 		 9.614507
b5 		 76 		 10.185876
b5 		 77 		 9.614507
b5 		 78 		 12.636629
b5 		 79 		 9.614507
b5 		 80 		 10.185876
b5 		 81 		 10.185876
b5 		 82 		 9.614507
b5 		 83 		 12.06526
b5 		 84 		 11.493892
b5 		 85 		 13.373276
b5 		 86 		 9.614507
b5 		 87 		 2500.0
b5 		 88 		 2478.320232
b5 		 89 		 9.614507
b5 		 90 		 9.614507
b5 		 91 		 9.614507
b5 		 92 		 9.614507
b5 		 93 		 9.614507
b5 		 94 		 9.614507
b5 		 95 		 2500.0
b5 		 96 		 9.614507
----------------------------------------------------------------------------------------------------
b6 		 1 		 9.614507
b6 		 2 		 9.408671
b6 		 3 		 9.408671
b6 		 4 		 9.408671
b6 		 5 		 9.614507
b6 		 6 		 9.614507
b6 		 7 		 9.614507
b6 		 8 		 9.614507
b6 		 9 		 9.408671
b6 		 10 		 9.614507
b6 		 11 		 9.408671
b6 		 12 		 9.408671
b6 		 13 		 9.408671
b6 		 14 		 9.408671
b6 		 15 		 9.408671
b6 		 16 		 9.408671
b6 		 17 		 9.408671
b6 		 18 		 9.408671
b6 		 19 		 9.408671
b6 		 20 		 9.408671
b6 		 21 		 9.614507
b6 		 22 		 9.614507
b6 		 23 		 9.614507
b6 		 24 		 9.408671
b6 		 25 		 9.614507
b6 		 26 		 9.614507
b6 		 27 		 9.614507
b6 		 28 		 9.614507
b6 		 29 		 9.614507
b6 		 30 		 9.614507
b6 		 31 		 9.614507
b6 		 32 		 9.614507
b6 		 33 		 2500.0
b6 		 34 		 9.614507
b6 		 35 		 9.614507
b6 		 36 		 9.614507
b6 		 37 		 9.614507
b6 		 38 		 9.614507
b6 		 39 		 9.614507
b6 		 40 		 9.614507
b6 		 41 		 9.614507
b6 		 42 		 10.185876
b6 		 43 		 10.185876
b6 		 44 		 9.457625
b6 		 45 		 9.614507
b6 		 46 		 9.614507
b6 		 47 		 12.06526
b6 		 48 		 10.185876
b6 		 49 		 10.185876
b6 		 50 		 9.614507
b6 		 51 		 9.614507
b6 		 52 		 13.944645
b6 		 53 		 15.176097
b6 		 54 		 9.614507
b6 		 55 		 9.614507
b6 		 56 		 9.614507
b6 		 57 		 18.858301
b6 		 58 		 15.176097
b6 		 59 		 9.614507
b6 		 60 		 13.296712
b6 		 61 		 13.296712
b6 		 62 		 9.614507
b6 		 63 		 2500.0
b6 		 64 		 9.614507
b6 		 65 		 9.614507
b6 		 66 		 11.493892
b6 		 67 		 11.493892
b6 		 68 		 11.493892
b6 		 69 		 9.614507
b6 		 70 		 15.176097
b6 		 71 		 13.296712
b6 		 72 		 15.176097
b6 		 73 		 9.614507
b6 		 74 		 13.373276
b6 		 75 		 9.614507
b6 		 76 		 10.185876
b6 		 77 		 9.614507
b6 		 78 		 12.636629
b6 		 79 		 9.614507
b6 		 80 		 10.185876
b6 		 81 		 10.185876
b6 		 82 		 9.614507
b6 		 83 		 12.06526
b6 		 84 		 11.493892
b6 		 85 		 13.373276
b6 		 86 		 9.614507
b6 		 87 		 2500.0
b6 		 88 		 2478.320232
b6 		 89 		 9.614507
b6 		 90 		 9.614507
b6 		 91 		 9.614507
b6 		 92 		 9.614507
b6 		 93 		 9.614507
b6 		 94 		 9.614507
b6 		 95 		 2500.0
b6 		 96 		 9.614507
----------------------------------------------------------------------------------------------------
b7 		 1 		 9.614507
b7 		 2 		 9.408671
b7 		 3 		 9.408671
b7 		 4 		 9.408671
b7 		 5 		 9.614507
b7 		 6 		 9.614507
b7 		 7 		 9.614507
b7 		 8 		 9.614507
b7 		 9 		 9.408671
b7 		 10 		 9.614507
b7 		 11 		 9.408671
b7 		 12 		 9.408671
b7 		 13 		 9.408671
b7 		 14 		 9.408671
b7 		 15 		 9.408671
b7 		 16 		 9.408671
b7 		 17 		 9.408671
b7 		 18 		 9.408671
b7 		 19 		 9.408671
b7 		 20 		 9.408671
b7 		 21 		 9.614507
b7 		 22 		 9.614507
b7 		 23 		 9.614507
b7 		 24 		 9.408671
b7 		 25 		 9.614507
b7 		 26 		 9.614507
b7 		 27 		 9.614507
b7 		 28 		 9.614507
b7 		 29 		 9.614507
b7 		 30 		 9.614507
b7 		 31 		 9.614507
b7 		 32 		 9.614507
b7 		 33 		 2500.0
b7 		 34 		 9.614507
b7 		 35 		 9.614507
b7 		 36 		 9.614507
b7 		 37 		 9.614507
b7 		 38 		 9.614507
b7 		 39 		 9.614507
b7 		 40 		 9.614507
b7 		 41 		 9.614507
b7 		 42 		 10.185876
b7 		 43 		 10.185876
b7 		 44 		 9.457625
b7 		 45 		 9.614507
b7 		 46 		 9.614507
b7 		 47 		 12.06526
b7 		 48 		 10.185876
b7 		 49 		 10.185876
b7 		 50 		 9.614507
b7 		 51 		 9.614507
b7 		 52 		 13.944645
b7 		 53 		 15.176097
b7 		 54 		 9.614507
b7 		 55 		 9.614507
b7 		 56 		 9.614507
b7 		 57 		 18.858301
b7 		 58 		 15.176097
b7 		 59 		 9.614507
b7 		 60 		 13.296712
b7 		 61 		 13.296712
b7 		 62 		 9.614507
b7 		 63 		 2500.0
b7 		 64 		 9.614507
b7 		 65 		 9.614507
b7 		 66 		 11.493892
b7 		 67 		 11.493892
b7 		 68 		 11.493892
b7 		 69 		 9.614507
b7 		 70 		 15.176097
b7 		 71 		 13.296712
b7 		 72 		 15.176097
b7 		 73 		 9.614507
b7 		 74 		 13.373276
b7 		 75 		 9.614507
b7 		 76 		 10.185876
b7 		 77 		 9.614507
b7 		 78 		 12.636629
b7 		 79 		 9.614507
b7 		 80 		 10.185876
b7 		 81 		 10.185876
b7 		 82 		 9.614507
b7 		 83 		 12.06526
b7 		 84 		 11.493892
b7 		 85 		 13.373276
b7 		 86 		 9.614507
b7 		 87 		 2500.0
b7 		 88 		 2478.320232
b7 		 89 		 9.614507
b7 		 90 		 9.614507
b7 		 91 		 9.614507
b7 		 92 		 9.614507
b7 		 93 		 9.614507
b7 		 94 		 9.614507
b7 		 95 		 2500.0
b7 		 96 		 9.614507
----------------------------------------------------------------------------------------------------
b8 		 1 		 9.614507
b8 		 2 		 9.408671
b8 		 3 		 9.408671
b8 		 4 		 9.408671
b8 		 5 		 9.614507
b8 		 6 		 9.614507
b8 		 7 		 9.614507
b8 		 8 		 9.614507
b8 		 9 		 9.408671
b8 		 10 		 9.614507
b8 		 11 		 9.408671
b8 		 12 		 9.408671
b8 		 13 		 9.408671
b8 		 14 		 9.408671
b8 		 15 		 9.408671
b8 		 16 		 9.408671
b8 		 17 		 9.408671
b8 		 18 		 9.408671
b8 		 19 		 9.408671
b8 		 20 		 9.408671
b8 		 21 		 9.614507
b8 		 22 		 9.614507
b8 		 23 		 9.614507
b8 		 24 		 9.408671
b8 		 25 		 9.614507
b8 		 26 		 9.614507
b8 		 27 		 9.614507
b8 		 28 		 9.614507
b8 		 29 		 9.614507
b8 		 30 		 9.614507
b8 		 31 		 9.614507
b8 		 32 		 9.614507
b8 		 33 		 2500.0
b8 		 34 		 9.614507
b8 		 35 		 9.614507
b8 		 36 		 9.614507
b8 		 37 		 9.614507
b8 		 38 		 9.614507
b8 		 39 		 9.614507
b8 		 40 		 9.614507
b8 		 41 		 9.614507
b8 		 42 		 10.185876
b8 		 43 		 10.185876
b8 		 44 		 9.457625
b8 		 45 		 9.614507
b8 		 46 		 9.614507
b8 		 47 		 12.06526
b8 		 48 		 10.185876
b8 		 49 		 10.185876
b8 		 50 		 9.614507
b8 		 51 		 9.614507
b8 		 52 		 13.944645
b8 		 53 		 15.176097
b8 		 54 		 9.614507
b8 		 55 		 9.614507
b8 		 56 		 9.614507
b8 		 57 		 18.858301
b8 		 58 		 15.176097
b8 		 59 		 9.614507
b8 		 60 		 13.296712
b8 		 61 		 13.296712
b8 		 62 		 9.614507
b8 		 63 		 2500.0
b8 		 64 		 9.614507
b8 		 65 		 9.614507
b8 		 66 		 11.493892
b8 		 67 		 11.493892
b8 		 68 		 11.493892
b8 		 69 		 9.614507
b8 		 70 		 15.176097
b8 		 71 		 13.296712
b8 		 72 		 15.176097
b8 		 73 		 9.614507
b8 		 74 		 13.373276
b8 		 75 		 9.614507
b8 		 76 		 10.185876
b8 		 77 		 9.614507
b8 		 78 		 12.636629
b8 		 79 		 9.614507
b8 		 80 		 10.185876
b8 		 81 		 10.185876
b8 		 82 		 9.614507
b8 		 83 		 12.06526
b8 		 84 		 11.493892
b8 		 85 		 13.373276
b8 		 86 		 9.614507
b8 		 87 		 2500.0
b8 		 88 		 2478.320232
b8 		 89 		 9.614507
b8 		 90 		 9.614507
b8 		 91 		 9.614507
b8 		 92 		 9.614507
b8 		 93 		 9.614507
b8 		 94 		 9.614507
b8 		 95 		 2500.0
b8 		 96 		 9.614507
----------------------------------------------------------------------------------------------------
b9 		 1 		 9.614507
b9 		 2 		 9.408671
b9 		 3 		 9.408671
b9 		 4 		 9.408671
b9 		 5 		 9.614507
b9 		 6 		 9.614507
b9 		 7 		 9.614507
b9 		 8 		 9.614507
b9 		 9 		 9.408671
b9 		 10 		 9.614507
b9 		 11 		 9.408671
b9 		 12 		 9.408671
b9 		 13 		 9.408671
b9 		 14 		 9.408671
b9 		 15 		 9.408671
b9 		 16 		 9.408671
b9 		 17 		 9.408671
b9 		 18 		 9.408671
b9 		 19 		 9.408671
b9 		 20 		 9.408671
b9 		 21 		 9.614507
b9 		 22 		 9.614507
b9 		 23 		 9.614507
b9 		 24 		 9.408671
b9 		 25 		 9.614507
b9 		 26 		 9.614507
b9 		 27 		 9.614507
b9 		 28 		 9.614507
b9 		 29 		 9.614507
b9 		 30 		 9.614507
b9 		 31 		 9.614507
b9 		 32 		 9.614507
b9 		 33 		 2500.0
b9 		 34 		 9.614507
b9 		 35 		 9.614507
b9 		 36 		 9.614507
b9 		 37 		 9.614507
b9 		 38 		 9.614507
b9 		 39 		 9.614507
b9 		 40 		 9.614507
b9 		 41 		 9.614507
b9 		 42 		 10.185876
b9 		 43 		 10.185876
b9 		 44 		 9.457625
b9 		 45 		 9.614507
b9 		 46 		 9.614507
b9 		 47 		 12.06526
b9 		 48 		 10.185876
b9 		 49 		 10.185876
b9 		 50 		 9.614507
b9 		 51 		 9.614507
b9 		 52 		 13.944645
b9 		 53 		 15.176097
b9 		 54 		 9.614507
b9 		 55 		 9.614507
b9 		 56 		 9.614507
b9 		 57 		 18.858301
b9 		 58 		 15.176097
b9 		 59 		 9.614507
b9 		 60 		 13.296712
b9 		 61 		 13.296712
b9 		 62 		 9.614507
b9 		 63 		 2500.0
b9 		 64 		 9.614507
b9 		 65 		 9.614507
b9 		 66 		 11.493892
b9 		 67 		 11.493892
b9 		 68 		 11.493892
b9 		 69 		 9.614507
b9 		 70 		 15.176097
b9 		 71 		 13.296712
b9 		 72 		 15.176097
b9 		 73 		 9.614507
b9 		 74 		 13.373276
b9 		 75 		 9.614507
b9 		 76 		 10.185876
b9 		 77 		 9.614507
b9 		 78 		 12.636629
b9 		 79 		 9.614507
b9 		 80 		 10.185876
b9 		 81 		 10.185876
b9 		 82 		 9.614507
b9 		 83 		 12.06526
b9 		 84 		 11.493892
b9 		 85 		 13.373276
b9 		 86 		 9.614507
b9 		 87 		 2500.0
b9 		 88 		 2478.320232
b9 		 89 		 9.614507
b9 		 90 		 9.614507
b9 		 91 		 9.614507
b9 		 92 		 9.614507
b9 		 93 		 9.614507
b9 		 94 		 9.614507
b9 		 95 		 2500.0
b9 		 96 		 9.614507
----------------------------------------------------------------------------------------------------
b10 		 1 		 9.614507
b10 		 2 		 9.408671
b10 		 3 		 9.408671
b10 		 4 		 9.408671
b10 		 5 		 9.614507
b10 		 6 		 9.614507
b10 		 7 		 9.614507
b10 		 8 		 9.614507
b10 		 9 		 9.408671
b10 		 10 		 9.614507
b10 		 11 		 9.408671
b10 		 12 		 9.408671
b10 		 13 		 9.408671
b10 		 14 		 9.408671
b10 		 15 		 9.408671
b10 		 16 		 9.408671
b10 		 17 		 9.408671
b10 		 18 		 9.408671
b10 		 19 		 9.408671
b10 		 20 		 9.408671
b10 		 21 		 9.614507
b10 		 22 		 9.614507
b10 		 23 		 9.614507
b10 		 24 		 9.408671
b10 		 25 		 9.614507
b10 		 26 		 9.614507
b10 		 27 		 9.614507
b10 		 28 		 9.614507
b10 		 29 		 9.614507
b10 		 30 		 9.614507
b10 		 31 		 9.614507
b10 		 32 		 9.614507
b10 		 33 		 2500.0
b10 		 34 		 9.614507
b10 		 35 		 9.614507
b10 		 36 		 9.614507
b10 		 37 		 9.614507
b10 		 38 		 9.614507
b10 		 39 		 9.614507
b10 		 40 		 9.614507
b10 		 41 		 9.614507
b10 		 42 		 10.185876
b10 		 43 		 10.185876
b10 		 44 		 9.457625
b10 		 45 		 9.614507
b10 		 46 		 9.614507
b10 		 47 		 12.06526
b10 		 48 		 10.185876
b10 		 49 		 10.185876
b10 		 50 		 9.614507
b10 		 51 		 9.614507
b10 		 52 		 13.944645
b10 		 53 		 15.176097
b10 		 54 		 9.614507
b10 		 55 		 9.614507
b10 		 56 		 9.614507
b10 		 57 		 18.858301
b10 		 58 		 15.176097
b10 		 59 		 9.614507
b10 		 60 		 13.296712
b10 		 61 		 13.296712
b10 		 62 		 9.614507
b10 		 63 		 2500.0
b10 		 64 		 9.614507
b10 		 65 		 9.614507
b10 		 66 		 11.493892
b10 		 67 		 11.493892
b10 		 68 		 11.493892
b10 		 69 		 9.614507
b10 		 70 		 15.176097
b10 		 71 		 13.296712
b10 		 72 		 15.176097
b10 		 73 		 9.614507
b10 		 74 		 13.373276
b10 		 75 		 9.614507
b10 		 76 		 10.185876
b10 		 77 		 9.614507
b10 		 78 		 12.636629
b10 		 79 		 9.614507
b10 		 80 		 10.185876
b10 		 81 		 10.185876
b10 		 82 		 9.614507
b10 		 83 		 12.06526
b10 		 84 		 11.493892
b10 		 85 		 13.373276
b10 		 86 		 9.614507
b10 		 87 		 2500.0
b10 		 88 		 2478.320232
b10 		 89 		 9.614507
b10 		 90 		 9.614507
b10 		 91 		 9.614507
b10 		 92 		 9.614507
b10 		 93 		 9.614507
b10 		 94 		 9.614507
b10 		 95 		 2500.0
b10 		 96 		 9.614507
----------------------------------------------------------------------------------------------------
b11 		 1 		 9.614507
b11 		 2 		 9.408671
b11 		 3 		 9.408671
b11 		 4 		 9.408671
b11 		 5 		 9.614507
b11 		 6 		 9.614507
b11 		 7 		 9.614507
b11 		 8 		 9.614507
b11 		 9 		 9.408671
b11 		 10 		 9.614507
b11 		 11 		 9.408671
b11 		 12 		 9.408671
b11 		 13 		 9.408671
b11 		 14 		 9.408671
b11 		 15 		 9.408671
b11 		 16 		 9.408671
b11 		 17 		 9.408671
b11 		 18 		 9.408671
b11 		 19 		 9.408671
b11 		 20 		 9.408671
b11 		 21 		 9.614507
b11 		 22 		 9.614507
b11 		 23 		 9.614507
b11 		 24 		 9.408671
b11 		 25 		 9.614507
b11 		 26 		 9.614507
b11 		 27 		 9.614507
b11 		 28 		 9.614507
b11 		 29 		 9.614507
b11 		 30 		 9.614507
b11 		 31 		 9.614507
b11 		 32 		 9.614507
b11 		 33 		 2500.0
b11 		 34 		 9.614507
b11 		 35 		 9.614507
b11 		 36 		 9.614507
b11 		 37 		 9.614507
b11 		 38 		 9.614507
b11 		 39 		 9.614507
b11 		 40 		 9.614507
b11 		 41 		 9.614507
b11 		 42 		 10.185876
b11 		 43 		 10.185876
b11 		 44 		 9.457625
b11 		 45 		 9.614507
b11 		 46 		 9.614507
b11 		 47 		 12.06526
b11 		 48 		 10.185876
b11 		 49 		 10.185876
b11 		 50 		 9.614507
b11 		 51 		 9.614507
b11 		 52 		 13.944645
b11 		 53 		 15.176097
b11 		 54 		 9.614507
b11 		 55 		 9.614507
b11 		 56 		 9.614507
b11 		 57 		 18.858301
b11 		 58 		 15.176097
b11 		 59 		 9.614507
b11 		 60 		 13.296712
b11 		 61 		 13.296712
b11 		 62 		 9.614507
b11 		 63 		 2500.0
b11 		 64 		 9.614507
b11 		 65 		 9.614507
b11 		 66 		 11.493892
b11 		 67 		 11.493892
b11 		 68 		 11.493892
b11 		 69 		 9.614507
b11 		 70 		 15.176097
b11 		 71 		 13.296712
b11 		 72 		 15.176097
b11 		 73 		 9.614507
b11 		 74 		 13.373276
b11 		 75 		 9.614507
b11 		 76 		 10.185876
b11 		 77 		 9.614507
b11 		 78 		 12.636629
b11 		 79 		 9.614507
b11 		 80 		 10.185876
b11 		 81 		 10.185876
b11 		 82 		 9.614507
b11 		 83 		 12.06526
b11 		 84 		 11.493892
b11 		 85 		 13.373276
b11 		 86 		 9.614507
b11 		 87 		 2500.0
b11 		 88 		 2478.320232
b11 		 89 		 9.614507
b11 		 90 		 9.614507
b11 		 91 		 9.614507
b11 		 92 		 9.614507
b11 		 93 		 9.614507
b11 		 94 		 9.614507
b11 		 95 		 2500.0
b11 		 96 		 9.614507
----------------------------------------------------------------------------------------------------
b12 		 1 		 9.614507
b12 		 2 		 9.408671
b12 		 3 		 9.408671
b12 		 4 		 9.408671
b12 		 5 		 9.614507
b12 		 6 		 9.614507
b12 		 7 		 9.614507
b12 		 8 		 9.614507
b12 		 9 		 9.408671
b12 		 10 		 9.614507
b12 		 11 		 9.408671
b12 		 12 		 9.408671
b12 		 13 		 9.408671
b12 		 14 		 9.408671
b12 		 15 		 9.408671
b12 		 16 		 9.408671
b12 		 17 		 9.408671
b12 		 18 		 9.408671
b12 		 19 		 9.408671
b12 		 20 		 9.408671
b12 		 21 		 9.614507
b12 		 22 		 9.614507
b12 		 23 		 9.614507
b12 		 24 		 9.408671
b12 		 25 		 9.614507
b12 		 26 		 9.614507
b12 		 27 		 9.614507
b12 		 28 		 9.614507
b12 		 29 		 9.614507
b12 		 30 		 9.614507
b12 		 31 		 9.614507
b12 		 32 		 9.614507
b12 		 33 		 2500.0
b12 		 34 		 9.614507
b12 		 35 		 9.614507
b12 		 36 		 9.614507
b12 		 37 		 9.614507
b12 		 38 		 9.614507
b12 		 39 		 9.614507
b12 		 40 		 9.614507
b12 		 41 		 9.614507
b12 		 42 		 10.185876
b12 		 43 		 10.185876
b12 		 44 		 9.457625
b12 		 45 		 9.614507
b12 		 46 		 9.614507
b12 		 47 		 12.06526
b12 		 48 		 10.185876
b12 		 49 		 10.185876
b12 		 50 		 9.614507
b12 		 51 		 9.614507
b12 		 52 		 13.944645
b12 		 53 		 15.176097
b12 		 54 		 9.614507
b12 		 55 		 9.614507
b12 		 56 		 9.614507
b12 		 57 		 18.858301
b12 		 58 		 15.176097
b12 		 59 		 9.614507
b12 		 60 		 13.296712
b12 		 61 		 13.296712
b12 		 62 		 9.614507
b12 		 63 		 2500.0
b12 		 64 		 9.614507
b12 		 65 		 9.614507
b12 		 66 		 11.493892
b12 		 67 		 11.493892
b12 		 68 		 11.493892
b12 		 69 		 9.614507
b12 		 70 		 15.176097
b12 		 71 		 13.296712
b12 		 72 		 15.176097
b12 		 73 		 9.614507
b12 		 74 		 13.373276
b12 		 75 		 9.614507
b12 		 76 		 10.185876
b12 		 77 		 9.614507
b12 		 78 		 12.636629
b12 		 79 		 9.614507
b12 		 80 		 10.185876
b12 		 81 		 10.185876
b12 		 82 		 9.614507
b12 		 83 		 12.06526
b12 		 84 		 11.493892
b12 		 85 		 13.373276
b12 		 86 		 9.614507
b12 		 87 		 2500.0
b12 		 88 		 2478.320232
b12 		 89 		 9.614507
b12 		 90 		 9.614507
b12 		 91 		 9.614507
b12 		 92 		 9.614507
b12 		 93 		 9.614507
b12 		 94 		 9.614507
b12 		 95 		 2500.0
b12 		 96 		 9.614507
----------------------------------------------------------------------------------------------------
b13 		 1 		 9.614507
b13 		 2 		 9.408671
b13 		 3 		 9.408671
b13 		 4 		 9.408671
b13 		 5 		 9.614507
b13 		 6 		 9.614507
b13 		 7 		 9.614507
b13 		 8 		 9.614507
b13 		 9 		 9.408671
b13 		 10 		 9.614507
b13 		 11 		 9.408671
b13 		 12 		 9.408671
b13 		 13 		 9.408671
b13 		 14 		 9.408671
b13 		 15 		 9.408671
b13 		 16 		 9.408671
b13 		 17 		 9.408671
b13 		 18 		 9.408671
b13 		 19 		 9.408671
b13 		 20 		 9.408671
b13 		 21 		 9.614507
b13 		 22 		 9.614507
b13 		 23 		 9.614507
b13 		 24 		 9.408671
b13 		 25 		 9.614507
b13 		 26 		 9.614507
b13 		 27 		 9.614507
b13 		 28 		 9.614507
b13 		 29 		 9.614507
b13 		 30 		 9.614507
b13 		 31 		 9.614507
b13 		 32 		 9.614507
b13 		 33 		 2500.0
b13 		 34 		 9.614507
b13 		 35 		 9.614507
b13 		 36 		 9.614507
b13 		 37 		 9.614507
b13 		 38 		 9.614507
b13 		 39 		 9.614507
b13 		 40 		 9.614507
b13 		 41 		 9.614507
b13 		 42 		 10.185876
b13 		 43 		 10.185876
b13 		 44 		 9.457625
b13 		 45 		 9.614507
b13 		 46 		 9.614507
b13 		 47 		 12.06526
b13 		 48 		 10.185876
b13 		 49 		 10.185876
b13 		 50 		 9.614507
b13 		 51 		 9.614507
b13 		 52 		 13.944645
b13 		 53 		 15.176097
b13 		 54 		 9.614507
b13 		 55 		 9.614507
b13 		 56 		 9.614507
b13 		 57 		 18.858301
b13 		 58 		 15.176097
b13 		 59 		 9.614507
b13 		 60 		 13.296712
b13 		 61 		 13.296712
b13 		 62 		 9.614507
b13 		 63 		 2500.0
b13 		 64 		 9.614507
b13 		 65 		 9.614507
b13 		 66 		 11.493892
b13 		 67 		 11.493892
b13 		 68 		 11.493892
b13 		 69 		 9.614507
b13 		 70 		 15.176097
b13 		 71 		 13.296712
b13 		 72 		 15.176097
b13 		 73 		 9.614507
b13 		 74 		 13.373276
b13 		 75 		 9.614507
b13 		 76 		 10.185876
b13 		 77 		 9.614507
b13 		 78 		 12.636629
b13 		 79 		 9.614507
b13 		 80 		 10.185876
b13 		 81 		 10.185876
b13 		 82 		 9.614507
b13 		 83 		 12.06526
b13 		 84 		 11.493892
b13 		 85 		 13.373276
b13 		 86 		 9.614507
b13 		 87 		 2500.0
b13 		 88 		 2478.320232
b13 		 89 		 9.614507
b13 		 90 		 9.614507
b13 		 91 		 9.614507
b13 		 92 		 9.614507
b13 		 93 		 9.614507
b13 		 94 		 9.614507
b13 		 95 		 2500.0
b13 		 96 		 9.614507
----------------------------------------------------------------------------------------------------
b14 		 1 		 9.614507
b14 		 2 		 9.408671
b14 		 3 		 9.408671
b14 		 4 		 9.408671
b14 		 5 		 9.614507
b14 		 6 		 9.614507
b14 		 7 		 9.614507
b14 		 8 		 9.614507
b14 		 9 		 9.408671
b14 		 10 		 9.614507
b14 		 11 		 9.408671
b14 		 12 		 9.408671
b14 		 13 		 9.408671
b14 		 14 		 9.408671
b14 		 15 		 9.408671
b14 		 16 		 9.408671
b14 		 17 		 9.408671
b14 		 18 		 9.408671
b14 		 19 		 9.408671
b14 		 20 		 9.408671
b14 		 21 		 9.614507
b14 		 22 		 9.614507
b14 		 23 		 9.614507
b14 		 24 		 9.408671
b14 		 25 		 9.614507
b14 		 26 		 9.614507
b14 		 27 		 9.614507
b14 		 28 		 9.614507
b14 		 29 		 9.614507
b14 		 30 		 9.614507
b14 		 31 		 9.614507
b14 		 32 		 9.614507
b14 		 33 		 2500.0
b14 		 34 		 9.614507
b14 		 35 		 9.614507
b14 		 36 		 9.614507
b14 		 37 		 9.614507
b14 		 38 		 9.614507
b14 		 39 		 9.614507
b14 		 40 		 9.614507
b14 		 41 		 9.614507
b14 		 42 		 10.185876
b14 		 43 		 10.185876
b14 		 44 		 9.457625
b14 		 45 		 9.614507
b14 		 46 		 9.614507
b14 		 47 		 12.06526
b14 		 48 		 10.185876
b14 		 49 		 10.185876
b14 		 50 		 9.614507
b14 		 51 		 9.614507
b14 		 52 		 13.944645
b14 		 53 		 15.176097
b14 		 54 		 9.614507
b14 		 55 		 9.614507
b14 		 56 		 9.614507
b14 		 57 		 18.858301
b14 		 58 		 15.176097
b14 		 59 		 9.614507
b14 		 60 		 13.296712
b14 		 61 		 13.296712
b14 		 62 		 9.614507
b14 		 63 		 2500.0
b14 		 64 		 9.614507
b14 		 65 		 9.614507
b14 		 66 		 11.493892
b14 		 67 		 11.493892
b14 		 68 		 11.493892
b14 		 69 		 9.614507
b14 		 70 		 15.176097
b14 		 71 		 13.296712
b14 		 72 		 15.176097
b14 		 73 		 9.614507
b14 		 74 		 13.373276
b14 		 75 		 9.614507
b14 		 76 		 10.185876
b14 		 77 		 9.614507
b14 		 78 		 12.636629
b14 		 79 		 9.614507
b14 		 80 		 10.185876
b14 		 81 		 10.185876
b14 		 82 		 9.614507
b14 		 83 		 12.06526
b14 		 84 		 11.493892
b14 		 85 		 13.373276
b14 		 86 		 9.614507
b14 		 87 		 2500.0
b14 		 88 		 2478.320232
b14 		 89 		 9.614507
b14 		 90 		 9.614507
b14 		 91 		 9.614507
b14 		 92 		 9.614507
b14 		 93 		 9.614507
b14 		 94 		 9.614507
b14 		 95 		 2500.0
b14 		 96 		 9.614507
----------------------------------------------------------------------------------------------------
Total overall payments
----------------------------------------------------------------------------------------------------------------------------------------------------
total generation payment 	 total up-FRP payment 	 total dw-FRP payment 	 total pre-up t. payment 	 uplift payment 	 total post-up t. payment 	 profit
----------------------------------------------------------------------------------------------------------------------------------------------------
762651.951715 			 0.0 			 0.0 			 762651.951715			 0.0 			 762651.951715 			 440458.809458
