****************************************************************************************************
 
Generation payment
----------------------------------------------------------------------------------------------------------------
unit	 time 	 generation payment 	 up-FRP payment 	 dw-FRP payment 	pre-up total payment
----------------------------------------------------------------------------------------------------------------
g1	 1 	 167.306276 			 0.0 			 0.0			 167.306276 
g1	 2 	 -176.39541 			 0.0 			 0.0			 -176.39541 
g1	 3 	 263.522984 			 0.0 			 0.0			 263.522984 
g1	 4 	 52.981478 			 0.0 			 0.0			 52.981478 
g1	 5 	 149.45178 			 0.0 			 0.0			 149.45178 
g1	 6 	 -101.756677 			 0.0 			 0.0			 -101.756677 
g1	 7 	 78.220896 			 0.0 			 0.0			 78.220896 
g1	 8 	 60.560548 			 0.0 			 0.0			 60.560548 
g1	 9 	 127.128363 			 0.0 			 0.0			 127.128363 
g1	 10 	 348.897979 			 0.0 			 0.0			 348.897979 
g1	 11 	 41.090131 			 0.0 			 0.0			 41.090131 
g1	 12 	 391.309368 			 0.0 			 0.0			 391.309368 
g1	 13 	 201.860562 			 0.0 			 0.0			 201.860562 
g1	 14 	 292.713267 			 0.0 			 0.0			 292.713267 
g1	 15 	 275.919683 			 0.0 			 0.0			 275.919683 
g1	 16 	 83.602694 			 0.0 			 0.0			 83.602694 
g1	 17 	 112.064827 			 0.0 			 0.0			 112.064827 
g1	 18 	 109.827322 			 0.0 			 0.0			 109.827322 
g1	 19 	 155.120787 			 0.0 			 0.0			 155.120787 
g1	 20 	 229.338557 			 0.0 			 0.0			 229.338557 
g1	 21 	 201.349097 			 0.0 			 0.0			 201.349097 
g1	 22 	 237.872681 			 0.0 			 0.0			 237.872681 
g1	 23 	 -71.210994 			 0.0 			 0.0			 -71.210994 
g1	 24 	 251.079206 			 0.0 			 0.0			 251.079206 
g1	 25 	 56.105023 			 0.0 			 0.0			 56.105023 
g1	 26 	 436.266706 			 0.0 			 0.0			 436.266706 
g1	 27 	 93.855433 			 0.0 			 0.0			 93.855433 
g1	 28 	 -123.663385 			 0.0 			 0.0			 -123.663385 
g1	 29 	 36.31906 			 0.0 			 0.0			 36.31906 
g1	 30 	 449.966465 			 0.0 			 0.0			 449.966465 
g1	 31 	 150.417606 			 0.0 			 0.0			 150.417606 
g1	 32 	 -85.785352 			 0.0 			 0.0			 -85.785352 
g1	 33 	 16.990959 			 0.0 			 0.0			 16.990959 
g1	 34 	 131.442685 			 0.0 			 0.0			 131.442685 
g1	 35 	 324.406388 			 0.0 			 0.0			 324.406388 
g1	 36 	 -128.8315 			 0.0 			 0.0			 -128.8315 
g1	 37 	 128.693734 			 0.0 			 0.0			 128.693734 
g1	 38 	 -49.447708 			 0.0 			 0.0			 -49.447708 
g1	 39 	 323.727171 			 0.0 			 0.0			 323.727171 
g1	 40 	 87.892919 			 0.0 			 0.0			 87.892919 
g1	 41 	 247.969641 			 0.0 			 0.0			 247.969641 
g1	 42 	 293.722227 			 0.0 			 0.0			 293.722227 
g1	 43 	 -215.620578 			 0.0 			 0.0			 -215.620578 
g1	 44 	 175.120227 			 0.0 			 0.0			 175.120227 
g1	 45 	 172.152509 			 0.0 			 0.0			 172.152509 
g1	 46 	 -99898.3624 			 0.0 			 0.0			 -99898.3624 
g1	 47 	 42252.75 			 0.0 			 0.0			 42252.75 
g1	 48 	 203.916166 			 0.0 			 0.0			 203.916166 
g1	 49 	 150.681044 			 0.0 			 0.0			 150.681044 
g1	 50 	 172.152509 			 0.0 			 0.0			 172.152509 
g1	 51 	 -371.641874 			 0.0 			 0.0			 -371.641874 
g1	 52 	 -69.35915 			 0.0 			 0.0			 -69.35915 
g1	 53 	 297.913155 			 0.0 			 0.0			 297.913155 
g1	 54 	 57.1571 			 0.0 			 0.0			 57.1571 
g1	 55 	 194.259418 			 0.0 			 0.0			 194.259418 
g1	 56 	 -310.268746 			 0.0 			 0.0			 -310.268746 
g1	 57 	 286.962374 			 0.0 			 0.0			 286.962374 
g1	 58 	 224.729059 			 0.0 			 0.0			 224.729059 
g1	 59 	 224.729059 			 0.0 			 0.0			 224.729059 
g1	 60 	 42252.75 			 0.0 			 0.0			 42252.75 
g1	 61 	 -99845.637714 			 0.0 			 0.0			 -99845.637714 
g1	 62 	 85.909437 			 0.0 			 0.0			 85.909437 
g1	 63 	 -99697.212121 			 0.0 			 0.0			 -99697.212121 
g1	 64 	 42252.75 			 0.0 			 0.0			 42252.75 
g1	 65 	 224.729059 			 0.0 			 0.0			 224.729059 
g1	 66 	 -237.553979 			 0.0 			 0.0			 -237.553979 
g1	 67 	 288.25639 			 0.0 			 0.0			 288.25639 
g1	 68 	 22.271409 			 0.0 			 0.0			 22.271409 
g1	 69 	 42252.75 			 0.0 			 0.0			 42252.75 
g1	 70 	 -199857.730344 			 0.0 			 0.0			 -199857.730344 
g1	 71 	 42252.75 			 0.0 			 0.0			 42252.75 
g1	 72 	 -257.615754 			 0.0 			 0.0			 -257.615754 
g1	 73 	 -68.276268 			 0.0 			 0.0			 -68.276268 
g1	 74 	 194.259418 			 0.0 			 0.0			 194.259418 
g1	 75 	 55.184742 			 0.0 			 0.0			 55.184742 
g1	 76 	 257.786749 			 0.0 			 0.0			 257.786749 
g1	 77 	 87.478092 			 0.0 			 0.0			 87.478092 
g1	 78 	 -44.42306 			 0.0 			 0.0			 -44.42306 
g1	 79 	 288.25639 			 0.0 			 0.0			 288.25639 
g1	 80 	 138.219797 			 0.0 			 0.0			 138.219797 
g1	 81 	 103.802515 			 0.0 			 0.0			 103.802515 
g1	 82 	 257.786749 			 0.0 			 0.0			 257.786749 
g1	 83 	 -306.167091 			 0.0 			 0.0			 -306.167091 
g1	 84 	 172.152509 			 0.0 			 0.0			 172.152509 
g1	 85 	 19.222092 			 0.0 			 0.0			 19.222092 
g1	 86 	 172.152509 			 0.0 			 0.0			 172.152509 
g1	 87 	 181.809257 			 0.0 			 0.0			 181.809257 
g1	 88 	 92.880233 			 0.0 			 0.0			 92.880233 
g1	 89 	 179.202633 			 0.0 			 0.0			 179.202633 
g1	 90 	 -146.871094 			 0.0 			 0.0			 -146.871094 
g1	 91 	 -42.312109 			 0.0 			 0.0			 -42.312109 
g1	 92 	 335.756044 			 0.0 			 0.0			 335.756044 
g1	 93 	 159.193786 			 0.0 			 0.0			 159.193786 
g1	 94 	 408.25833 			 0.0 			 0.0			 408.25833 
g1	 95 	 328.978202 			 0.0 			 0.0			 328.978202 
g1	 96 	 107582.9775 			 0.0 			 0.0			 107582.9775 
----------------------------------------------------------------------------------------------------
g2	 1 	 0.0 			 0.0 			 0.0			 0.0 
g2	 2 	 0.0 			 0.0 			 0.0			 0.0 
g2	 3 	 0.0 			 0.0 			 0.0			 0.0 
g2	 4 	 0.0 			 0.0 			 0.0			 0.0 
g2	 5 	 0.0 			 0.0 			 0.0			 0.0 
g2	 6 	 0.0 			 0.0 			 0.0			 0.0 
g2	 7 	 0.0 			 0.0 			 0.0			 0.0 
g2	 8 	 0.0 			 0.0 			 0.0			 0.0 
g2	 9 	 0.0 			 0.0 			 0.0			 0.0 
g2	 10 	 0.0 			 0.0 			 0.0			 0.0 
g2	 11 	 0.0 			 0.0 			 0.0			 0.0 
g2	 12 	 0.0 			 0.0 			 0.0			 0.0 
g2	 13 	 0.0 			 0.0 			 0.0			 0.0 
g2	 14 	 0.0 			 0.0 			 0.0			 0.0 
g2	 15 	 0.0 			 0.0 			 0.0			 0.0 
g2	 16 	 0.0 			 0.0 			 0.0			 0.0 
g2	 17 	 0.0 			 0.0 			 0.0			 0.0 
g2	 18 	 0.0 			 0.0 			 0.0			 0.0 
g2	 19 	 0.0 			 0.0 			 0.0			 0.0 
g2	 20 	 0.0 			 0.0 			 0.0			 0.0 
g2	 21 	 0.0 			 0.0 			 0.0			 0.0 
g2	 22 	 0.0 			 0.0 			 0.0			 0.0 
g2	 23 	 0.0 			 0.0 			 0.0			 0.0 
g2	 24 	 0.0 			 0.0 			 0.0			 0.0 
g2	 25 	 0.0 			 0.0 			 0.0			 0.0 
g2	 26 	 0.0 			 0.0 			 0.0			 0.0 
g2	 27 	 0.0 			 0.0 			 0.0			 0.0 
g2	 28 	 0.0 			 0.0 			 0.0			 0.0 
g2	 29 	 0.0 			 0.0 			 0.0			 0.0 
g2	 30 	 0.0 			 0.0 			 0.0			 0.0 
g2	 31 	 0.0 			 0.0 			 0.0			 0.0 
g2	 32 	 0.0 			 0.0 			 0.0			 0.0 
g2	 33 	 0.0 			 0.0 			 0.0			 0.0 
g2	 34 	 0.0 			 0.0 			 0.0			 0.0 
g2	 35 	 0.0 			 0.0 			 0.0			 0.0 
g2	 36 	 0.0 			 0.0 			 0.0			 0.0 
g2	 37 	 21.701904 			 0.0 			 0.0			 21.701904 
g2	 38 	 21.701904 			 0.0 			 0.0			 21.701904 
g2	 39 	 21.701904 			 0.0 			 0.0			 21.701904 
g2	 40 	 21.701904 			 0.0 			 0.0			 21.701904 
g2	 41 	 195.662825 			 0.0 			 0.0			 195.662825 
g2	 42 	 444.718112 			 0.0 			 0.0			 444.718112 
g2	 43 	 139.64484 			 0.0 			 0.0			 139.64484 
g2	 44 	 21.701904 			 0.0 			 0.0			 21.701904 
g2	 45 	 -25.997014 			 0.0 			 0.0			 -25.997014 
g2	 46 	 39156.012327 			 0.0 			 0.0			 39156.012327 
g2	 47 	 95336.04 			 0.0 			 0.0			 95336.04 
g2	 48 	 387.969017 			 0.0 			 0.0			 387.969017 
g2	 49 	 -69.993544 			 0.0 			 0.0			 -69.993544 
g2	 50 	 9.677754 			 0.0 			 0.0			 9.677754 
g2	 51 	 -60.867944 			 0.0 			 0.0			 -60.867944 
g2	 52 	 153.87207 			 0.0 			 0.0			 153.87207 
g2	 53 	 442.676586 			 0.0 			 0.0			 442.676586 
g2	 54 	 26.716465 			 0.0 			 0.0			 26.716465 
g2	 55 	 43.458842 			 0.0 			 0.0			 43.458842 
g2	 56 	 220.838919 			 0.0 			 0.0			 220.838919 
g2	 57 	 623.350953 			 0.0 			 0.0			 623.350953 
g2	 58 	 213.146732 			 0.0 			 0.0			 213.146732 
g2	 59 	 332.734169 			 0.0 			 0.0			 332.734169 
g2	 60 	 20488.2725 			 0.0 			 0.0			 20488.2725 
g2	 61 	 -44780.395353 			 0.0 			 0.0			 -44780.395353 
g2	 62 	 -114.464071 			 0.0 			 0.0			 -114.464071 
g2	 63 	 25795.96636 			 0.0 			 0.0			 25795.96636 
g2	 64 	 81911.625 			 0.0 			 0.0			 81911.625 
g2	 65 	 168.681889 			 0.0 			 0.0			 168.681889 
g2	 66 	 37.896954 			 0.0 			 0.0			 37.896954 
g2	 67 	 448.160785 			 0.0 			 0.0			 448.160785 
g2	 68 	 37.896954 			 0.0 			 0.0			 37.896954 
g2	 69 	 56495.1625 			 0.0 			 0.0			 56495.1625 
g2	 70 	 1304.31676 			 0.0 			 0.0			 1304.31676 
g2	 71 	 56495.1625 			 0.0 			 0.0			 56495.1625 
g2	 72 	 2.52924 			 0.0 			 0.0			 2.52924 
g2	 73 	 -66.989222 			 0.0 			 0.0			 -66.989222 
g2	 74 	 47.167473 			 0.0 			 0.0			 47.167473 
g2	 75 	 -6.505406 			 0.0 			 0.0			 -6.505406 
g2	 76 	 330.347867 			 0.0 			 0.0			 330.347867 
g2	 77 	 108.316805 			 0.0 			 0.0			 108.316805 
g2	 78 	 260.638738 			 0.0 			 0.0			 260.638738 
g2	 79 	 843.289548 			 0.0 			 0.0			 843.289548 
g2	 80 	 260.638738 			 0.0 			 0.0			 260.638738 
g2	 81 	 120.017727 			 0.0 			 0.0			 120.017727 
g2	 82 	 531.066891 			 0.0 			 0.0			 531.066891 
g2	 83 	 120.017727 			 0.0 			 0.0			 120.017727 
g2	 84 	 -46.283663 			 0.0 			 0.0			 -46.283663 
g2	 85 	 -0.276581 			 0.0 			 0.0			 -0.276581 
g2	 86 	 49.450645 			 0.0 			 0.0			 49.450645 
g2	 87 	 258.380696 			 0.0 			 0.0			 258.380696 
g2	 88 	 16.193022 			 0.0 			 0.0			 16.193022 
g2	 89 	 21.701904 			 0.0 			 0.0			 21.701904 
g2	 90 	 21.701904 			 0.0 			 0.0			 21.701904 
g2	 91 	 21.701904 			 0.0 			 0.0			 21.701904 
g2	 92 	 21.701904 			 0.0 			 0.0			 21.701904 
g2	 93 	 0.0 			 0.0 			 0.0			 0.0 
g2	 94 	 0.0 			 0.0 			 0.0			 0.0 
g2	 95 	 0.0 			 0.0 			 0.0			 0.0 
g2	 96 	 0.0 			 0.0 			 0.0			 0.0 
----------------------------------------------------------------------------------------------------
g3	 1 	 0.0 			 0.0 			 0.0			 0.0 
g3	 2 	 0.0 			 0.0 			 0.0			 0.0 
g3	 3 	 0.0 			 0.0 			 0.0			 0.0 
g3	 4 	 0.0 			 0.0 			 0.0			 0.0 
g3	 5 	 0.0 			 0.0 			 0.0			 0.0 
g3	 6 	 0.0 			 0.0 			 0.0			 0.0 
g3	 7 	 0.0 			 0.0 			 0.0			 0.0 
g3	 8 	 0.0 			 0.0 			 0.0			 0.0 
g3	 9 	 0.0 			 0.0 			 0.0			 0.0 
g3	 10 	 0.0 			 0.0 			 0.0			 0.0 
g3	 11 	 0.0 			 0.0 			 0.0			 0.0 
g3	 12 	 0.0 			 0.0 			 0.0			 0.0 
g3	 13 	 0.0 			 0.0 			 0.0			 0.0 
g3	 14 	 0.0 			 0.0 			 0.0			 0.0 
g3	 15 	 0.0 			 0.0 			 0.0			 0.0 
g3	 16 	 0.0 			 0.0 			 0.0			 0.0 
g3	 17 	 0.0 			 0.0 			 0.0			 0.0 
g3	 18 	 0.0 			 0.0 			 0.0			 0.0 
g3	 19 	 0.0 			 0.0 			 0.0			 0.0 
g3	 20 	 0.0 			 0.0 			 0.0			 0.0 
g3	 21 	 0.0 			 0.0 			 0.0			 0.0 
g3	 22 	 0.0 			 0.0 			 0.0			 0.0 
g3	 23 	 0.0 			 0.0 			 0.0			 0.0 
g3	 24 	 0.0 			 0.0 			 0.0			 0.0 
g3	 25 	 0.0 			 0.0 			 0.0			 0.0 
g3	 26 	 0.0 			 0.0 			 0.0			 0.0 
g3	 27 	 0.0 			 0.0 			 0.0			 0.0 
g3	 28 	 0.0 			 0.0 			 0.0			 0.0 
g3	 29 	 0.0 			 0.0 			 0.0			 0.0 
g3	 30 	 0.0 			 0.0 			 0.0			 0.0 
g3	 31 	 0.0 			 0.0 			 0.0			 0.0 
g3	 32 	 0.0 			 0.0 			 0.0			 0.0 
g3	 33 	 0.0 			 0.0 			 0.0			 0.0 
g3	 34 	 0.0 			 0.0 			 0.0			 0.0 
g3	 35 	 0.0 			 0.0 			 0.0			 0.0 
g3	 36 	 0.0 			 0.0 			 0.0			 0.0 
g3	 37 	 0.0 			 0.0 			 0.0			 0.0 
g3	 38 	 0.0 			 0.0 			 0.0			 0.0 
g3	 39 	 0.0 			 0.0 			 0.0			 0.0 
g3	 40 	 0.0 			 0.0 			 0.0			 0.0 
g3	 41 	 0.0 			 0.0 			 0.0			 0.0 
g3	 42 	 0.0 			 0.0 			 0.0			 0.0 
g3	 43 	 0.0 			 0.0 			 0.0			 0.0 
g3	 44 	 0.0 			 0.0 			 0.0			 0.0 
g3	 45 	 0.0 			 0.0 			 0.0			 0.0 
g3	 46 	 0.0 			 0.0 			 0.0			 0.0 
g3	 47 	 0.0 			 0.0 			 0.0			 0.0 
g3	 48 	 0.0 			 0.0 			 0.0			 0.0 
g3	 49 	 0.0 			 0.0 			 0.0			 0.0 
g3	 50 	 0.0 			 0.0 			 0.0			 0.0 
g3	 51 	 0.0 			 0.0 			 0.0			 0.0 
g3	 52 	 0.0 			 0.0 			 0.0			 0.0 
g3	 53 	 0.0 			 0.0 			 0.0			 0.0 
g3	 54 	 0.0 			 0.0 			 0.0			 0.0 
g3	 55 	 0.0 			 0.0 			 0.0			 0.0 
g3	 56 	 0.0 			 0.0 			 0.0			 0.0 
g3	 57 	 0.0 			 0.0 			 0.0			 0.0 
g3	 58 	 0.0 			 0.0 			 0.0			 0.0 
g3	 59 	 0.0 			 0.0 			 0.0			 0.0 
g3	 60 	 0.0 			 0.0 			 0.0			 0.0 
g3	 61 	 0.0 			 0.0 			 0.0			 0.0 
g3	 62 	 0.0 			 0.0 			 0.0			 0.0 
g3	 63 	 0.0 			 0.0 			 0.0			 0.0 
g3	 64 	 0.0 			 0.0 			 0.0			 0.0 
g3	 65 	 0.0 			 0.0 			 0.0			 0.0 
g3	 66 	 0.0 			 0.0 			 0.0			 0.0 
g3	 67 	 0.0 			 0.0 			 0.0			 0.0 
g3	 68 	 0.0 			 0.0 			 0.0			 0.0 
g3	 69 	 0.0 			 0.0 			 0.0			 0.0 
g3	 70 	 0.0 			 0.0 			 0.0			 0.0 
g3	 71 	 0.0 			 0.0 			 0.0			 0.0 
g3	 72 	 0.0 			 0.0 			 0.0			 0.0 
g3	 73 	 0.0 			 0.0 			 0.0			 0.0 
g3	 74 	 0.0 			 0.0 			 0.0			 0.0 
g3	 75 	 0.0 			 0.0 			 0.0			 0.0 
g3	 76 	 0.0 			 0.0 			 0.0			 0.0 
g3	 77 	 0.0 			 0.0 			 0.0			 0.0 
g3	 78 	 0.0 			 0.0 			 0.0			 0.0 
g3	 79 	 0.0 			 0.0 			 0.0			 0.0 
g3	 80 	 0.0 			 0.0 			 0.0			 0.0 
g3	 81 	 0.0 			 0.0 			 0.0			 0.0 
g3	 82 	 0.0 			 0.0 			 0.0			 0.0 
g3	 83 	 0.0 			 0.0 			 0.0			 0.0 
g3	 84 	 0.0 			 0.0 			 0.0			 0.0 
g3	 85 	 0.0 			 0.0 			 0.0			 0.0 
g3	 86 	 0.0 			 0.0 			 0.0			 0.0 
g3	 87 	 0.0 			 0.0 			 0.0			 0.0 
g3	 88 	 0.0 			 0.0 			 0.0			 0.0 
g3	 89 	 0.0 			 0.0 			 0.0			 0.0 
g3	 90 	 0.0 			 0.0 			 0.0			 0.0 
g3	 91 	 0.0 			 0.0 			 0.0			 0.0 
g3	 92 	 0.0 			 0.0 			 0.0			 0.0 
g3	 93 	 0.0 			 0.0 			 0.0			 0.0 
g3	 94 	 0.0 			 0.0 			 0.0			 0.0 
g3	 95 	 0.0 			 0.0 			 0.0			 0.0 
g3	 96 	 0.0 			 0.0 			 0.0			 0.0 
----------------------------------------------------------------------------------------------------
g4	 1 	 0.0 			 0.0 			 0.0			 0.0 
g4	 2 	 0.0 			 0.0 			 0.0			 0.0 
g4	 3 	 0.0 			 0.0 			 0.0			 0.0 
g4	 4 	 0.0 			 0.0 			 0.0			 0.0 
g4	 5 	 0.0 			 0.0 			 0.0			 0.0 
g4	 6 	 0.0 			 0.0 			 0.0			 0.0 
g4	 7 	 0.0 			 0.0 			 0.0			 0.0 
g4	 8 	 0.0 			 0.0 			 0.0			 0.0 
g4	 9 	 0.0 			 0.0 			 0.0			 0.0 
g4	 10 	 0.0 			 0.0 			 0.0			 0.0 
g4	 11 	 0.0 			 0.0 			 0.0			 0.0 
g4	 12 	 0.0 			 0.0 			 0.0			 0.0 
g4	 13 	 0.0 			 0.0 			 0.0			 0.0 
g4	 14 	 0.0 			 0.0 			 0.0			 0.0 
g4	 15 	 0.0 			 0.0 			 0.0			 0.0 
g4	 16 	 0.0 			 0.0 			 0.0			 0.0 
g4	 17 	 0.0 			 0.0 			 0.0			 0.0 
g4	 18 	 0.0 			 0.0 			 0.0			 0.0 
g4	 19 	 0.0 			 0.0 			 0.0			 0.0 
g4	 20 	 0.0 			 0.0 			 0.0			 0.0 
g4	 21 	 0.0 			 0.0 			 0.0			 0.0 
g4	 22 	 0.0 			 0.0 			 0.0			 0.0 
g4	 23 	 0.0 			 0.0 			 0.0			 0.0 
g4	 24 	 0.0 			 0.0 			 0.0			 0.0 
g4	 25 	 0.0 			 0.0 			 0.0			 0.0 
g4	 26 	 0.0 			 0.0 			 0.0			 0.0 
g4	 27 	 0.0 			 0.0 			 0.0			 0.0 
g4	 28 	 0.0 			 0.0 			 0.0			 0.0 
g4	 29 	 0.0 			 0.0 			 0.0			 0.0 
g4	 30 	 0.0 			 0.0 			 0.0			 0.0 
g4	 31 	 0.0 			 0.0 			 0.0			 0.0 
g4	 32 	 0.0 			 0.0 			 0.0			 0.0 
g4	 33 	 0.0 			 0.0 			 0.0			 0.0 
g4	 34 	 0.0 			 0.0 			 0.0			 0.0 
g4	 35 	 0.0 			 0.0 			 0.0			 0.0 
g4	 36 	 0.0 			 0.0 			 0.0			 0.0 
g4	 37 	 0.0 			 0.0 			 0.0			 0.0 
g4	 38 	 0.0 			 0.0 			 0.0			 0.0 
g4	 39 	 0.0 			 0.0 			 0.0			 0.0 
g4	 40 	 0.0 			 0.0 			 0.0			 0.0 
g4	 41 	 0.0 			 0.0 			 0.0			 0.0 
g4	 42 	 0.0 			 0.0 			 0.0			 0.0 
g4	 43 	 0.0 			 0.0 			 0.0			 0.0 
g4	 44 	 0.0 			 0.0 			 0.0			 0.0 
g4	 45 	 0.0 			 0.0 			 0.0			 0.0 
g4	 46 	 0.0 			 0.0 			 0.0			 0.0 
g4	 47 	 0.0 			 0.0 			 0.0			 0.0 
g4	 48 	 0.0 			 0.0 			 0.0			 0.0 
g4	 49 	 0.0 			 0.0 			 0.0			 0.0 
g4	 50 	 0.0 			 0.0 			 0.0			 0.0 
g4	 51 	 0.0 			 0.0 			 0.0			 0.0 
g4	 52 	 0.0 			 0.0 			 0.0			 0.0 
g4	 53 	 0.0 			 0.0 			 0.0			 0.0 
g4	 54 	 0.0 			 0.0 			 0.0			 0.0 
g4	 55 	 0.0 			 0.0 			 0.0			 0.0 
g4	 56 	 0.0 			 0.0 			 0.0			 0.0 
g4	 57 	 0.0 			 0.0 			 0.0			 0.0 
g4	 58 	 0.0 			 0.0 			 0.0			 0.0 
g4	 59 	 0.0 			 0.0 			 0.0			 0.0 
g4	 60 	 0.0 			 0.0 			 0.0			 0.0 
g4	 61 	 0.0 			 0.0 			 0.0			 0.0 
g4	 62 	 0.0 			 0.0 			 0.0			 0.0 
g4	 63 	 0.0 			 0.0 			 0.0			 0.0 
g4	 64 	 0.0 			 0.0 			 0.0			 0.0 
g4	 65 	 0.0 			 0.0 			 0.0			 0.0 
g4	 66 	 0.0 			 0.0 			 0.0			 0.0 
g4	 67 	 0.0 			 0.0 			 0.0			 0.0 
g4	 68 	 0.0 			 0.0 			 0.0			 0.0 
g4	 69 	 0.0 			 0.0 			 0.0			 0.0 
g4	 70 	 0.0 			 0.0 			 0.0			 0.0 
g4	 71 	 0.0 			 0.0 			 0.0			 0.0 
g4	 72 	 0.0 			 0.0 			 0.0			 0.0 
g4	 73 	 0.0 			 0.0 			 0.0			 0.0 
g4	 74 	 0.0 			 0.0 			 0.0			 0.0 
g4	 75 	 0.0 			 0.0 			 0.0			 0.0 
g4	 76 	 0.0 			 0.0 			 0.0			 0.0 
g4	 77 	 0.0 			 0.0 			 0.0			 0.0 
g4	 78 	 0.0 			 0.0 			 0.0			 0.0 
g4	 79 	 0.0 			 0.0 			 0.0			 0.0 
g4	 80 	 0.0 			 0.0 			 0.0			 0.0 
g4	 81 	 0.0 			 0.0 			 0.0			 0.0 
g4	 82 	 0.0 			 0.0 			 0.0			 0.0 
g4	 83 	 0.0 			 0.0 			 0.0			 0.0 
g4	 84 	 0.0 			 0.0 			 0.0			 0.0 
g4	 85 	 0.0 			 0.0 			 0.0			 0.0 
g4	 86 	 0.0 			 0.0 			 0.0			 0.0 
g4	 87 	 0.0 			 0.0 			 0.0			 0.0 
g4	 88 	 0.0 			 0.0 			 0.0			 0.0 
g4	 89 	 0.0 			 0.0 			 0.0			 0.0 
g4	 90 	 0.0 			 0.0 			 0.0			 0.0 
g4	 91 	 0.0 			 0.0 			 0.0			 0.0 
g4	 92 	 0.0 			 0.0 			 0.0			 0.0 
g4	 93 	 0.0 			 0.0 			 0.0			 0.0 
g4	 94 	 0.0 			 0.0 			 0.0			 0.0 
g4	 95 	 0.0 			 0.0 			 0.0			 0.0 
g4	 96 	 0.0 			 0.0 			 0.0			 0.0 
----------------------------------------------------------------------------------------------------
g5	 1 	 0.0 			 0.0 			 0.0			 0.0 
g5	 2 	 0.0 			 0.0 			 0.0			 0.0 
g5	 3 	 0.0 			 0.0 			 0.0			 0.0 
g5	 4 	 0.0 			 0.0 			 0.0			 0.0 
g5	 5 	 0.0 			 0.0 			 0.0			 0.0 
g5	 6 	 0.0 			 0.0 			 0.0			 0.0 
g5	 7 	 0.0 			 0.0 			 0.0			 0.0 
g5	 8 	 0.0 			 0.0 			 0.0			 0.0 
g5	 9 	 0.0 			 0.0 			 0.0			 0.0 
g5	 10 	 0.0 			 0.0 			 0.0			 0.0 
g5	 11 	 0.0 			 0.0 			 0.0			 0.0 
g5	 12 	 0.0 			 0.0 			 0.0			 0.0 
g5	 13 	 0.0 			 0.0 			 0.0			 0.0 
g5	 14 	 0.0 			 0.0 			 0.0			 0.0 
g5	 15 	 0.0 			 0.0 			 0.0			 0.0 
g5	 16 	 0.0 			 0.0 			 0.0			 0.0 
g5	 17 	 0.0 			 0.0 			 0.0			 0.0 
g5	 18 	 0.0 			 0.0 			 0.0			 0.0 
g5	 19 	 0.0 			 0.0 			 0.0			 0.0 
g5	 20 	 0.0 			 0.0 			 0.0			 0.0 
g5	 21 	 0.0 			 0.0 			 0.0			 0.0 
g5	 22 	 0.0 			 0.0 			 0.0			 0.0 
g5	 23 	 0.0 			 0.0 			 0.0			 0.0 
g5	 24 	 0.0 			 0.0 			 0.0			 0.0 
g5	 25 	 0.0 			 0.0 			 0.0			 0.0 
g5	 26 	 0.0 			 0.0 			 0.0			 0.0 
g5	 27 	 0.0 			 0.0 			 0.0			 0.0 
g5	 28 	 0.0 			 0.0 			 0.0			 0.0 
g5	 29 	 0.0 			 0.0 			 0.0			 0.0 
g5	 30 	 0.0 			 0.0 			 0.0			 0.0 
g5	 31 	 0.0 			 0.0 			 0.0			 0.0 
g5	 32 	 0.0 			 0.0 			 0.0			 0.0 
g5	 33 	 0.0 			 0.0 			 0.0			 0.0 
g5	 34 	 0.0 			 0.0 			 0.0			 0.0 
g5	 35 	 0.0 			 0.0 			 0.0			 0.0 
g5	 36 	 0.0 			 0.0 			 0.0			 0.0 
g5	 37 	 0.0 			 0.0 			 0.0			 0.0 
g5	 38 	 0.0 			 0.0 			 0.0			 0.0 
g5	 39 	 0.0 			 0.0 			 0.0			 0.0 
g5	 40 	 0.0 			 0.0 			 0.0			 0.0 
g5	 41 	 0.0 			 0.0 			 0.0			 0.0 
g5	 42 	 0.0 			 0.0 			 0.0			 0.0 
g5	 43 	 0.0 			 0.0 			 0.0			 0.0 
g5	 44 	 0.0 			 0.0 			 0.0			 0.0 
g5	 45 	 0.0 			 0.0 			 0.0			 0.0 
g5	 46 	 0.0 			 0.0 			 0.0			 0.0 
g5	 47 	 0.0 			 0.0 			 0.0			 0.0 
g5	 48 	 0.0 			 0.0 			 0.0			 0.0 
g5	 49 	 0.0 			 0.0 			 0.0			 0.0 
g5	 50 	 0.0 			 0.0 			 0.0			 0.0 
g5	 51 	 0.0 			 0.0 			 0.0			 0.0 
g5	 52 	 0.0 			 0.0 			 0.0			 0.0 
g5	 53 	 0.0 			 0.0 			 0.0			 0.0 
g5	 54 	 0.0 			 0.0 			 0.0			 0.0 
g5	 55 	 0.0 			 0.0 			 0.0			 0.0 
g5	 56 	 0.0 			 0.0 			 0.0			 0.0 
g5	 57 	 0.0 			 0.0 			 0.0			 0.0 
g5	 58 	 0.0 			 0.0 			 0.0			 0.0 
g5	 59 	 0.0 			 0.0 			 0.0			 0.0 
g5	 60 	 0.0 			 0.0 			 0.0			 0.0 
g5	 61 	 0.0 			 0.0 			 0.0			 0.0 
g5	 62 	 0.0 			 0.0 			 0.0			 0.0 
g5	 63 	 0.0 			 0.0 			 0.0			 0.0 
g5	 64 	 0.0 			 0.0 			 0.0			 0.0 
g5	 65 	 0.0 			 0.0 			 0.0			 0.0 
g5	 66 	 0.0 			 0.0 			 0.0			 0.0 
g5	 67 	 0.0 			 0.0 			 0.0			 0.0 
g5	 68 	 0.0 			 0.0 			 0.0			 0.0 
g5	 69 	 0.0 			 0.0 			 0.0			 0.0 
g5	 70 	 0.0 			 0.0 			 0.0			 0.0 
g5	 71 	 0.0 			 0.0 			 0.0			 0.0 
g5	 72 	 0.0 			 0.0 			 0.0			 0.0 
g5	 73 	 0.0 			 0.0 			 0.0			 0.0 
g5	 74 	 0.0 			 0.0 			 0.0			 0.0 
g5	 75 	 0.0 			 0.0 			 0.0			 0.0 
g5	 76 	 0.0 			 0.0 			 0.0			 0.0 
g5	 77 	 0.0 			 0.0 			 0.0			 0.0 
g5	 78 	 0.0 			 0.0 			 0.0			 0.0 
g5	 79 	 0.0 			 0.0 			 0.0			 0.0 
g5	 80 	 0.0 			 0.0 			 0.0			 0.0 
g5	 81 	 0.0 			 0.0 			 0.0			 0.0 
g5	 82 	 0.0 			 0.0 			 0.0			 0.0 
g5	 83 	 0.0 			 0.0 			 0.0			 0.0 
g5	 84 	 0.0 			 0.0 			 0.0			 0.0 
g5	 85 	 0.0 			 0.0 			 0.0			 0.0 
g5	 86 	 0.0 			 0.0 			 0.0			 0.0 
g5	 87 	 0.0 			 0.0 			 0.0			 0.0 
g5	 88 	 0.0 			 0.0 			 0.0			 0.0 
g5	 89 	 0.0 			 0.0 			 0.0			 0.0 
g5	 90 	 0.0 			 0.0 			 0.0			 0.0 
g5	 91 	 0.0 			 0.0 			 0.0			 0.0 
g5	 92 	 0.0 			 0.0 			 0.0			 0.0 
g5	 93 	 0.0 			 0.0 			 0.0			 0.0 
g5	 94 	 0.0 			 0.0 			 0.0			 0.0 
g5	 95 	 0.0 			 0.0 			 0.0			 0.0 
g5	 96 	 0.0 			 0.0 			 0.0			 0.0 
----------------------------------------------------------------------------------------------------------------
unit 	 generation payment 	 up-FRP payment 	 dw-FRP payment 	pre-up total payment
----------------------------------------------------------------------------------------------------------------
 g1 	 -170437.102343			 0.000000			 0.000000			 -170437.102343
 g2 	 338881.261268			 0.000000			 0.000000			 338881.261268
 g3 	 0.000000			 0.000000			 0.000000			 0.000000
 g4 	 0.000000			 0.000000			 0.000000			 0.000000
 g5 	 0.000000			 0.000000			 0.000000			 0.000000
----------------------------------------------------------------------------------------------------
generation payment 	 up-FRP payment 	 dw-FRP payment 	 pre-up total payment
----------------------------------------------------------------------------------------------------
168444.158925 			 0.0 			 0.0 			 168444.158925
 
****************************************************************************************************
 
Generation costs
----------------------------------------------------------------------------------------------------
unit	 time 	 generation cost 	 start-up cost  	total cost
----------------------------------------------------------------------------------------------------
g1	 1 	 2398.019717 			 0.0 			2398.019717
g1	 2 	 2056.081537 			 0.0 			2056.081537
g1	 3 	 2494.236425 			 0.0 			2494.236425
g1	 4 	 2285.458426 			 0.0 			2285.458426
g1	 5 	 2259.790063 			 0.0 			2259.790063
g1	 6 	 2008.581605 			 0.0 			2008.581605
g1	 7 	 2188.559181 			 0.0 			2188.559181
g1	 8 	 2170.898838 			 0.0 			2170.898838
g1	 9 	 2124.337725 			 0.0 			2124.337725
g1	 10 	 2339.196825 			 0.0 			2339.196825
g1	 11 	 2038.299494 			 0.0 			2038.299494
g1	 12 	 2381.608209 			 0.0 			2381.608209
g1	 13 	 2142.207967 			 0.0 			2142.207967
g1	 14 	 2233.06067 			 0.0 			2233.06067
g1	 15 	 2216.267089 			 0.0 			2216.267089
g1	 16 	 2023.950096 			 0.0 			2023.950096
g1	 17 	 2067.286399 			 0.0 			2067.286399
g1	 18 	 2065.048896 			 0.0 			2065.048896
g1	 19 	 2110.342356 			 0.0 			2110.342356
g1	 20 	 2184.560131 			 0.0 			2184.560131
g1	 21 	 2284.149143 			 0.0 			2284.149143
g1	 22 	 2315.634688 			 0.0 			2315.634688
g1	 23 	 2011.589049 			 0.0 			2011.589049
g1	 24 	 2328.841213 			 0.0 			2328.841213
g1	 25 	 2345.445511 			 0.0 			2345.445511
g1	 26 	 2725.607208 			 0.0 			2725.607208
g1	 27 	 2383.195925 			 0.0 			2383.195925
g1	 28 	 2166.185475 			 0.0 			2166.185475
g1	 29 	 2520.127956 			 0.0 			2520.127956
g1	 30 	 2933.775367 			 0.0 			2933.775367
g1	 31 	 2634.226509 			 0.0 			2634.226509
g1	 32 	 2398.023543 			 0.0 			2398.023543
g1	 33 	 2721.150799 			 0.0 			2721.150799
g1	 34 	 2835.602532 			 0.0 			2835.602532
g1	 35 	 3028.566239 			 0.0 			3028.566239
g1	 36 	 2575.328337 			 0.0 			2575.328337
g1	 37 	 2712.62611 			 0.0 			2712.62611
g1	 38 	 2534.484667 			 0.0 			2534.484667
g1	 39 	 2907.659549 			 0.0 			2907.659549
g1	 40 	 2671.825298 			 0.0 			2671.825298
g1	 41 	 3058.233409 			 0.0 			3058.233409
g1	 42 	 3058.233409 			 0.0 			3058.233409
g1	 43 	 2608.552844 			 0.0 			2608.552844
g1	 44 	 2999.293662 			 0.0 			2999.293662
g1	 45 	 3058.233409 			 0.0 			3058.233409
g1	 46 	 2508.187447 			 0.0 			2508.187447
g1	 47 	 3058.233409 			 0.0 			3058.233409
g1	 48 	 3058.233409 			 0.0 			3058.233409
g1	 49 	 3046.418709 			 0.0 			3046.418709
g1	 50 	 3058.233409 			 0.0 			3058.233409
g1	 51 	 2524.095779 			 0.0 			2524.095779
g1	 52 	 2826.37851 			 0.0 			2826.37851
g1	 53 	 3058.233409 			 0.0 			3058.233409
g1	 54 	 2952.894758 			 0.0 			2952.894758
g1	 55 	 3058.233409 			 0.0 			3058.233409
g1	 56 	 2585.468908 			 0.0 			2585.468908
g1	 57 	 3058.233409 			 0.0 			3058.233409
g1	 58 	 3058.233409 			 0.0 			3058.233409
g1	 59 	 3058.233409 			 0.0 			3058.233409
g1	 60 	 3058.233409 			 0.0 			3058.233409
g1	 61 	 2508.187447 			 0.0 			2508.187447
g1	 62 	 2981.647097 			 0.0 			2981.647097
g1	 63 	 2508.187447 			 0.0 			2508.187447
g1	 64 	 3058.233409 			 0.0 			3058.233409
g1	 65 	 3058.233409 			 0.0 			3058.233409
g1	 66 	 2658.183674 			 0.0 			2658.183674
g1	 67 	 3058.233409 			 0.0 			3058.233409
g1	 68 	 2918.009066 			 0.0 			2918.009066
g1	 69 	 3058.233409 			 0.0 			3058.233409
g1	 70 	 2508.187447 			 0.0 			2508.187447
g1	 71 	 3058.233409 			 0.0 			3058.233409
g1	 72 	 2638.121894 			 0.0 			2638.121894
g1	 73 	 2827.461393 			 0.0 			2827.461393
g1	 74 	 3058.233409 			 0.0 			3058.233409
g1	 75 	 2950.922407 			 0.0 			2950.922407
g1	 76 	 3058.233409 			 0.0 			3058.233409
g1	 77 	 2983.215757 			 0.0 			2983.215757
g1	 78 	 2851.314602 			 0.0 			2851.314602
g1	 79 	 3058.233409 			 0.0 			3058.233409
g1	 80 	 3033.957463 			 0.0 			3033.957463
g1	 81 	 2999.540176 			 0.0 			2999.540176
g1	 82 	 3058.233409 			 0.0 			3058.233409
g1	 83 	 2589.570563 			 0.0 			2589.570563
g1	 84 	 3058.233409 			 0.0 			3058.233409
g1	 85 	 2914.959752 			 0.0 			2914.959752
g1	 86 	 3058.233409 			 0.0 			3058.233409
g1	 87 	 3058.233409 			 0.0 			3058.233409
g1	 88 	 2988.617894 			 0.0 			2988.617894
g1	 89 	 2757.315927 			 0.0 			2757.315927
g1	 90 	 2431.24219 			 0.0 			2431.24219
g1	 91 	 2535.801178 			 0.0 			2535.801178
g1	 92 	 2913.869339 			 0.0 			2913.869339
g1	 93 	 2803.684273 			 0.0 			2803.684273
g1	 94 	 3052.748827 			 0.0 			3052.748827
g1	 95 	 2973.468693 			 0.0 			2973.468693
g1	 96 	 3058.233409 			 0.0 			3058.233409
----------------------------------------------------------------------------------------------------
g2	 1 	 0.0 			 0.0 			0.0
g2	 2 	 0.0 			 0.0 			0.0
g2	 3 	 0.0 			 0.0 			0.0
g2	 4 	 0.0 			 0.0 			0.0
g2	 5 	 0.0 			 0.0 			0.0
g2	 6 	 0.0 			 0.0 			0.0
g2	 7 	 0.0 			 0.0 			0.0
g2	 8 	 0.0 			 0.0 			0.0
g2	 9 	 0.0 			 0.0 			0.0
g2	 10 	 0.0 			 0.0 			0.0
g2	 11 	 0.0 			 0.0 			0.0
g2	 12 	 0.0 			 0.0 			0.0
g2	 13 	 0.0 			 0.0 			0.0
g2	 14 	 0.0 			 0.0 			0.0
g2	 15 	 0.0 			 0.0 			0.0
g2	 16 	 0.0 			 0.0 			0.0
g2	 17 	 0.0 			 0.0 			0.0
g2	 18 	 0.0 			 0.0 			0.0
g2	 19 	 0.0 			 0.0 			0.0
g2	 20 	 0.0 			 0.0 			0.0
g2	 21 	 0.0 			 0.0 			0.0
g2	 22 	 0.0 			 0.0 			0.0
g2	 23 	 0.0 			 0.0 			0.0
g2	 24 	 0.0 			 0.0 			0.0
g2	 25 	 0.0 			 0.0 			0.0
g2	 26 	 0.0 			 0.0 			0.0
g2	 27 	 0.0 			 0.0 			0.0
g2	 28 	 0.0 			 0.0 			0.0
g2	 29 	 0.0 			 0.0 			0.0
g2	 30 	 0.0 			 0.0 			0.0
g2	 31 	 0.0 			 0.0 			0.0
g2	 32 	 0.0 			 0.0 			0.0
g2	 33 	 0.0 			 0.0 			0.0
g2	 34 	 0.0 			 0.0 			0.0
g2	 35 	 0.0 			 0.0 			0.0
g2	 36 	 0.0 			 0.0 			0.0
g2	 37 	 534.771644 			 10598.13 			11132.901644
g2	 38 	 534.771644 			 0.0 			534.771644
g2	 39 	 534.771644 			 0.0 			534.771644
g2	 40 	 534.771644 			 0.0 			534.771644
g2	 41 	 707.442861 			 0.0 			707.442861
g2	 42 	 891.490403 			 0.0 			891.490403
g2	 43 	 659.723662 			 0.0 			659.723662
g2	 44 	 534.771644 			 0.0 			534.771644
g2	 45 	 604.396847 			 0.0 			604.396847
g2	 46 	 791.324751 			 0.0 			791.324751
g2	 47 	 1039.991005 			 0.0 			1039.991005
g2	 48 	 971.274326 			 0.0 			971.274326
g2	 49 	 730.428097 			 0.0 			730.428097
g2	 50 	 814.25895 			 0.0 			814.25895
g2	 51 	 740.096009 			 0.0 			740.096009
g2	 52 	 982.183739 			 0.0 			982.183739
g2	 53 	 1242.766906 			 0.0 			1242.766906
g2	 54 	 982.183739 			 0.0 			982.183739
g2	 55 	 993.703751 			 0.0 			993.703751
g2	 56 	 1214.253147 			 0.0 			1214.253147
g2	 57 	 1511.235212 			 0.0 			1511.235212
g2	 58 	 1236.216638 			 0.0 			1236.216638
g2	 59 	 1355.804074 			 0.0 			1355.804074
g2	 60 	 1143.186186 			 0.0 			1143.186186
g2	 61 	 886.470112 			 0.0 			886.470112
g2	 62 	 957.422384 			 0.0 			957.422384
g2	 63 	 1214.138458 			 0.0 			1214.138458
g2	 64 	 1511.103791 			 0.0 			1511.103791
g2	 65 	 1324.243037 			 0.0 			1324.243037
g2	 66 	 1208.82256 			 0.0 			1208.82256
g2	 67 	 1504.954093 			 0.0 			1504.954093
g2	 68 	 1208.82256 			 0.0 			1208.82256
g2	 69 	 1426.732094 			 0.0 			1426.732094
g2	 70 	 1141.206206 			 0.0 			1141.206206
g2	 71 	 1426.732094 			 0.0 			1426.732094
g2	 72 	 1141.206206 			 0.0 			1141.206206
g2	 73 	 884.490133 			 0.0 			884.490133
g2	 74 	 1011.741464 			 0.0 			1011.741464
g2	 75 	 956.796954 			 0.0 			956.796954
g2	 76 	 1213.513027 			 0.0 			1213.513027
g2	 77 	 956.796954 			 0.0 			956.796954
g2	 78 	 1138.893836 			 0.0 			1138.893836
g2	 79 	 1424.057028 			 0.0 			1424.057028
g2	 80 	 1138.893836 			 0.0 			1138.893836
g2	 81 	 919.283733 			 0.0 			919.283733
g2	 82 	 1175.999807 			 0.0 			1175.999807
g2	 83 	 919.283733 			 0.0 			919.283733
g2	 84 	 738.421835 			 0.0 			738.421835
g2	 85 	 534.771644 			 0.0 			534.771644
g2	 86 	 584.5153 			 0.0 			584.5153
g2	 87 	 779.721527 			 0.0 			779.721527
g2	 88 	 552.219993 			 0.0 			552.219993
g2	 89 	 534.771644 			 0.0 			534.771644
g2	 90 	 534.771644 			 0.0 			534.771644
g2	 91 	 534.771644 			 0.0 			534.771644
g2	 92 	 534.771644 			 0.0 			534.771644
g2	 93 	 0.0 			 0.0 			0.0
g2	 94 	 0.0 			 0.0 			0.0
g2	 95 	 0.0 			 0.0 			0.0
g2	 96 	 0.0 			 0.0 			0.0
----------------------------------------------------------------------------------------------------
g3	 1 	 0.0 			 0.0 			0.0
g3	 2 	 0.0 			 0.0 			0.0
g3	 3 	 0.0 			 0.0 			0.0
g3	 4 	 0.0 			 0.0 			0.0
g3	 5 	 0.0 			 0.0 			0.0
g3	 6 	 0.0 			 0.0 			0.0
g3	 7 	 0.0 			 0.0 			0.0
g3	 8 	 0.0 			 0.0 			0.0
g3	 9 	 0.0 			 0.0 			0.0
g3	 10 	 0.0 			 0.0 			0.0
g3	 11 	 0.0 			 0.0 			0.0
g3	 12 	 0.0 			 0.0 			0.0
g3	 13 	 0.0 			 0.0 			0.0
g3	 14 	 0.0 			 0.0 			0.0
g3	 15 	 0.0 			 0.0 			0.0
g3	 16 	 0.0 			 0.0 			0.0
g3	 17 	 0.0 			 0.0 			0.0
g3	 18 	 0.0 			 0.0 			0.0
g3	 19 	 0.0 			 0.0 			0.0
g3	 20 	 0.0 			 0.0 			0.0
g3	 21 	 0.0 			 0.0 			0.0
g3	 22 	 0.0 			 0.0 			0.0
g3	 23 	 0.0 			 0.0 			0.0
g3	 24 	 0.0 			 0.0 			0.0
g3	 25 	 0.0 			 0.0 			0.0
g3	 26 	 0.0 			 0.0 			0.0
g3	 27 	 0.0 			 0.0 			0.0
g3	 28 	 0.0 			 0.0 			0.0
g3	 29 	 0.0 			 0.0 			0.0
g3	 30 	 0.0 			 0.0 			0.0
g3	 31 	 0.0 			 0.0 			0.0
g3	 32 	 0.0 			 0.0 			0.0
g3	 33 	 0.0 			 0.0 			0.0
g3	 34 	 0.0 			 0.0 			0.0
g3	 35 	 0.0 			 0.0 			0.0
g3	 36 	 0.0 			 0.0 			0.0
g3	 37 	 0.0 			 0.0 			0.0
g3	 38 	 0.0 			 0.0 			0.0
g3	 39 	 0.0 			 0.0 			0.0
g3	 40 	 0.0 			 0.0 			0.0
g3	 41 	 0.0 			 0.0 			0.0
g3	 42 	 0.0 			 0.0 			0.0
g3	 43 	 0.0 			 0.0 			0.0
g3	 44 	 0.0 			 0.0 			0.0
g3	 45 	 0.0 			 0.0 			0.0
g3	 46 	 0.0 			 0.0 			0.0
g3	 47 	 0.0 			 0.0 			0.0
g3	 48 	 0.0 			 0.0 			0.0
g3	 49 	 0.0 			 0.0 			0.0
g3	 50 	 0.0 			 0.0 			0.0
g3	 51 	 0.0 			 0.0 			0.0
g3	 52 	 0.0 			 0.0 			0.0
g3	 53 	 0.0 			 0.0 			0.0
g3	 54 	 0.0 			 0.0 			0.0
g3	 55 	 0.0 			 0.0 			0.0
g3	 56 	 0.0 			 0.0 			0.0
g3	 57 	 0.0 			 0.0 			0.0
g3	 58 	 0.0 			 0.0 			0.0
g3	 59 	 0.0 			 0.0 			0.0
g3	 60 	 0.0 			 0.0 			0.0
g3	 61 	 0.0 			 0.0 			0.0
g3	 62 	 0.0 			 0.0 			0.0
g3	 63 	 0.0 			 0.0 			0.0
g3	 64 	 0.0 			 0.0 			0.0
g3	 65 	 0.0 			 0.0 			0.0
g3	 66 	 0.0 			 0.0 			0.0
g3	 67 	 0.0 			 0.0 			0.0
g3	 68 	 0.0 			 0.0 			0.0
g3	 69 	 0.0 			 0.0 			0.0
g3	 70 	 0.0 			 0.0 			0.0
g3	 71 	 0.0 			 0.0 			0.0
g3	 72 	 0.0 			 0.0 			0.0
g3	 73 	 0.0 			 0.0 			0.0
g3	 74 	 0.0 			 0.0 			0.0
g3	 75 	 0.0 			 0.0 			0.0
g3	 76 	 0.0 			 0.0 			0.0
g3	 77 	 0.0 			 0.0 			0.0
g3	 78 	 0.0 			 0.0 			0.0
g3	 79 	 0.0 			 0.0 			0.0
g3	 80 	 0.0 			 0.0 			0.0
g3	 81 	 0.0 			 0.0 			0.0
g3	 82 	 0.0 			 0.0 			0.0
g3	 83 	 0.0 			 0.0 			0.0
g3	 84 	 0.0 			 0.0 			0.0
g3	 85 	 0.0 			 0.0 			0.0
g3	 86 	 0.0 			 0.0 			0.0
g3	 87 	 0.0 			 0.0 			0.0
g3	 88 	 0.0 			 0.0 			0.0
g3	 89 	 0.0 			 0.0 			0.0
g3	 90 	 0.0 			 0.0 			0.0
g3	 91 	 0.0 			 0.0 			0.0
g3	 92 	 0.0 			 0.0 			0.0
g3	 93 	 0.0 			 0.0 			0.0
g3	 94 	 0.0 			 0.0 			0.0
g3	 95 	 0.0 			 0.0 			0.0
g3	 96 	 0.0 			 0.0 			0.0
----------------------------------------------------------------------------------------------------
g4	 1 	 0.0 			 0.0 			0.0
g4	 2 	 0.0 			 0.0 			0.0
g4	 3 	 0.0 			 0.0 			0.0
g4	 4 	 0.0 			 0.0 			0.0
g4	 5 	 0.0 			 0.0 			0.0
g4	 6 	 0.0 			 0.0 			0.0
g4	 7 	 0.0 			 0.0 			0.0
g4	 8 	 0.0 			 0.0 			0.0
g4	 9 	 0.0 			 0.0 			0.0
g4	 10 	 0.0 			 0.0 			0.0
g4	 11 	 0.0 			 0.0 			0.0
g4	 12 	 0.0 			 0.0 			0.0
g4	 13 	 0.0 			 0.0 			0.0
g4	 14 	 0.0 			 0.0 			0.0
g4	 15 	 0.0 			 0.0 			0.0
g4	 16 	 0.0 			 0.0 			0.0
g4	 17 	 0.0 			 0.0 			0.0
g4	 18 	 0.0 			 0.0 			0.0
g4	 19 	 0.0 			 0.0 			0.0
g4	 20 	 0.0 			 0.0 			0.0
g4	 21 	 0.0 			 0.0 			0.0
g4	 22 	 0.0 			 0.0 			0.0
g4	 23 	 0.0 			 0.0 			0.0
g4	 24 	 0.0 			 0.0 			0.0
g4	 25 	 0.0 			 0.0 			0.0
g4	 26 	 0.0 			 0.0 			0.0
g4	 27 	 0.0 			 0.0 			0.0
g4	 28 	 0.0 			 0.0 			0.0
g4	 29 	 0.0 			 0.0 			0.0
g4	 30 	 0.0 			 0.0 			0.0
g4	 31 	 0.0 			 0.0 			0.0
g4	 32 	 0.0 			 0.0 			0.0
g4	 33 	 0.0 			 0.0 			0.0
g4	 34 	 0.0 			 0.0 			0.0
g4	 35 	 0.0 			 0.0 			0.0
g4	 36 	 0.0 			 0.0 			0.0
g4	 37 	 0.0 			 0.0 			0.0
g4	 38 	 0.0 			 0.0 			0.0
g4	 39 	 0.0 			 0.0 			0.0
g4	 40 	 0.0 			 0.0 			0.0
g4	 41 	 0.0 			 0.0 			0.0
g4	 42 	 0.0 			 0.0 			0.0
g4	 43 	 0.0 			 0.0 			0.0
g4	 44 	 0.0 			 0.0 			0.0
g4	 45 	 0.0 			 0.0 			0.0
g4	 46 	 0.0 			 0.0 			0.0
g4	 47 	 0.0 			 0.0 			0.0
g4	 48 	 0.0 			 0.0 			0.0
g4	 49 	 0.0 			 0.0 			0.0
g4	 50 	 0.0 			 0.0 			0.0
g4	 51 	 0.0 			 0.0 			0.0
g4	 52 	 0.0 			 0.0 			0.0
g4	 53 	 0.0 			 0.0 			0.0
g4	 54 	 0.0 			 0.0 			0.0
g4	 55 	 0.0 			 0.0 			0.0
g4	 56 	 0.0 			 0.0 			0.0
g4	 57 	 0.0 			 0.0 			0.0
g4	 58 	 0.0 			 0.0 			0.0
g4	 59 	 0.0 			 0.0 			0.0
g4	 60 	 0.0 			 0.0 			0.0
g4	 61 	 0.0 			 0.0 			0.0
g4	 62 	 0.0 			 0.0 			0.0
g4	 63 	 0.0 			 0.0 			0.0
g4	 64 	 0.0 			 0.0 			0.0
g4	 65 	 0.0 			 0.0 			0.0
g4	 66 	 0.0 			 0.0 			0.0
g4	 67 	 0.0 			 0.0 			0.0
g4	 68 	 0.0 			 0.0 			0.0
g4	 69 	 0.0 			 0.0 			0.0
g4	 70 	 0.0 			 0.0 			0.0
g4	 71 	 0.0 			 0.0 			0.0
g4	 72 	 0.0 			 0.0 			0.0
g4	 73 	 0.0 			 0.0 			0.0
g4	 74 	 0.0 			 0.0 			0.0
g4	 75 	 0.0 			 0.0 			0.0
g4	 76 	 0.0 			 0.0 			0.0
g4	 77 	 0.0 			 0.0 			0.0
g4	 78 	 0.0 			 0.0 			0.0
g4	 79 	 0.0 			 0.0 			0.0
g4	 80 	 0.0 			 0.0 			0.0
g4	 81 	 0.0 			 0.0 			0.0
g4	 82 	 0.0 			 0.0 			0.0
g4	 83 	 0.0 			 0.0 			0.0
g4	 84 	 0.0 			 0.0 			0.0
g4	 85 	 0.0 			 0.0 			0.0
g4	 86 	 0.0 			 0.0 			0.0
g4	 87 	 0.0 			 0.0 			0.0
g4	 88 	 0.0 			 0.0 			0.0
g4	 89 	 0.0 			 0.0 			0.0
g4	 90 	 0.0 			 0.0 			0.0
g4	 91 	 0.0 			 0.0 			0.0
g4	 92 	 0.0 			 0.0 			0.0
g4	 93 	 0.0 			 0.0 			0.0
g4	 94 	 0.0 			 0.0 			0.0
g4	 95 	 0.0 			 0.0 			0.0
g4	 96 	 0.0 			 0.0 			0.0
----------------------------------------------------------------------------------------------------
g5	 1 	 0.0 			 0.0 			0.0
g5	 2 	 0.0 			 0.0 			0.0
g5	 3 	 0.0 			 0.0 			0.0
g5	 4 	 0.0 			 0.0 			0.0
g5	 5 	 0.0 			 0.0 			0.0
g5	 6 	 0.0 			 0.0 			0.0
g5	 7 	 0.0 			 0.0 			0.0
g5	 8 	 0.0 			 0.0 			0.0
g5	 9 	 0.0 			 0.0 			0.0
g5	 10 	 0.0 			 0.0 			0.0
g5	 11 	 0.0 			 0.0 			0.0
g5	 12 	 0.0 			 0.0 			0.0
g5	 13 	 0.0 			 0.0 			0.0
g5	 14 	 0.0 			 0.0 			0.0
g5	 15 	 0.0 			 0.0 			0.0
g5	 16 	 0.0 			 0.0 			0.0
g5	 17 	 0.0 			 0.0 			0.0
g5	 18 	 0.0 			 0.0 			0.0
g5	 19 	 0.0 			 0.0 			0.0
g5	 20 	 0.0 			 0.0 			0.0
g5	 21 	 0.0 			 0.0 			0.0
g5	 22 	 0.0 			 0.0 			0.0
g5	 23 	 0.0 			 0.0 			0.0
g5	 24 	 0.0 			 0.0 			0.0
g5	 25 	 0.0 			 0.0 			0.0
g5	 26 	 0.0 			 0.0 			0.0
g5	 27 	 0.0 			 0.0 			0.0
g5	 28 	 0.0 			 0.0 			0.0
g5	 29 	 0.0 			 0.0 			0.0
g5	 30 	 0.0 			 0.0 			0.0
g5	 31 	 0.0 			 0.0 			0.0
g5	 32 	 0.0 			 0.0 			0.0
g5	 33 	 0.0 			 0.0 			0.0
g5	 34 	 0.0 			 0.0 			0.0
g5	 35 	 0.0 			 0.0 			0.0
g5	 36 	 0.0 			 0.0 			0.0
g5	 37 	 0.0 			 0.0 			0.0
g5	 38 	 0.0 			 0.0 			0.0
g5	 39 	 0.0 			 0.0 			0.0
g5	 40 	 0.0 			 0.0 			0.0
g5	 41 	 0.0 			 0.0 			0.0
g5	 42 	 0.0 			 0.0 			0.0
g5	 43 	 0.0 			 0.0 			0.0
g5	 44 	 0.0 			 0.0 			0.0
g5	 45 	 0.0 			 0.0 			0.0
g5	 46 	 0.0 			 0.0 			0.0
g5	 47 	 0.0 			 0.0 			0.0
g5	 48 	 0.0 			 0.0 			0.0
g5	 49 	 0.0 			 0.0 			0.0
g5	 50 	 0.0 			 0.0 			0.0
g5	 51 	 0.0 			 0.0 			0.0
g5	 52 	 0.0 			 0.0 			0.0
g5	 53 	 0.0 			 0.0 			0.0
g5	 54 	 0.0 			 0.0 			0.0
g5	 55 	 0.0 			 0.0 			0.0
g5	 56 	 0.0 			 0.0 			0.0
g5	 57 	 0.0 			 0.0 			0.0
g5	 58 	 0.0 			 0.0 			0.0
g5	 59 	 0.0 			 0.0 			0.0
g5	 60 	 0.0 			 0.0 			0.0
g5	 61 	 0.0 			 0.0 			0.0
g5	 62 	 0.0 			 0.0 			0.0
g5	 63 	 0.0 			 0.0 			0.0
g5	 64 	 0.0 			 0.0 			0.0
g5	 65 	 0.0 			 0.0 			0.0
g5	 66 	 0.0 			 0.0 			0.0
g5	 67 	 0.0 			 0.0 			0.0
g5	 68 	 0.0 			 0.0 			0.0
g5	 69 	 0.0 			 0.0 			0.0
g5	 70 	 0.0 			 0.0 			0.0
g5	 71 	 0.0 			 0.0 			0.0
g5	 72 	 0.0 			 0.0 			0.0
g5	 73 	 0.0 			 0.0 			0.0
g5	 74 	 0.0 			 0.0 			0.0
g5	 75 	 0.0 			 0.0 			0.0
g5	 76 	 0.0 			 0.0 			0.0
g5	 77 	 0.0 			 0.0 			0.0
g5	 78 	 0.0 			 0.0 			0.0
g5	 79 	 0.0 			 0.0 			0.0
g5	 80 	 0.0 			 0.0 			0.0
g5	 81 	 0.0 			 0.0 			0.0
g5	 82 	 0.0 			 0.0 			0.0
g5	 83 	 0.0 			 0.0 			0.0
g5	 84 	 0.0 			 0.0 			0.0
g5	 85 	 0.0 			 0.0 			0.0
g5	 86 	 0.0 			 0.0 			0.0
g5	 87 	 0.0 			 0.0 			0.0
g5	 88 	 0.0 			 0.0 			0.0
g5	 89 	 0.0 			 0.0 			0.0
g5	 90 	 0.0 			 0.0 			0.0
g5	 91 	 0.0 			 0.0 			0.0
g5	 92 	 0.0 			 0.0 			0.0
g5	 93 	 0.0 			 0.0 			0.0
g5	 94 	 0.0 			 0.0 			0.0
g5	 95 	 0.0 			 0.0 			0.0
g5	 96 	 0.0 			 0.0 			0.0
----------------------------------------------------------------------------------------------------
 
unit 	 generation 	 generation cost 	 start-up cost 	 total cost
----------------------------------------------------------------------------------------------------
g1 	 6909.619455			257657.177115			 0.000000		 257657.177115
g2 	 1009.373684			53306.159498			 10598.130000		 63904.289498
g3 	 0.000000			0.000000			 0.000000		 0.000000
g4 	 0.000000			0.000000			 0.000000		 0.000000
g5 	 0.000000			0.000000			 0.000000		 0.000000
----------------------------------------------------------------------------------------------------
 
generation cost 	 start-up cost 		 total cost
----------------------------------------------------------------------------------------------------
310963.3366130002 			 10598.13 			 321561.4666130002
----------------------------------------------------------------------------------------------------
uplift payment for generator g1: 137853.230157
uplift payment for generator g2: 0.0
uplift payment for generator g3: 0.0
uplift payment for generator g4: 0.0
uplift payment for generator g5: 0.0
 
****************************************************************************************************
 
rtm Systemwide prices
----------------------------------------------------------------------------------------------------
time	 energy 	 up-FRP 	 dw-FRP
----------------------------------------------------------------------------------------------------
1 	 9.614507 		 0.0 		 0.0
2 	 9.408671 		 0.0 		 0.0
3 	 9.614507 		 0.0 		 0.0
4 	 9.408671 		 0.0 		 0.0
5 	 9.408671 		 0.0 		 0.0
6 	 9.408671 		 0.0 		 0.0
7 	 9.408671 		 0.0 		 0.0
8 	 9.408671 		 0.0 		 0.0
9 	 9.408671 		 0.0 		 0.0
10 	 9.614507 		 0.0 		 0.0
11 	 9.408671 		 0.0 		 0.0
12 	 9.614507 		 0.0 		 0.0
13 	 9.408671 		 0.0 		 0.0
14 	 9.408671 		 0.0 		 0.0
15 	 9.408671 		 0.0 		 0.0
16 	 9.408671 		 0.0 		 0.0
17 	 9.408671 		 0.0 		 0.0
18 	 9.408671 		 0.0 		 0.0
19 	 9.408671 		 0.0 		 0.0
20 	 9.408671 		 0.0 		 0.0
21 	 9.408671 		 0.0 		 0.0
22 	 9.614507 		 0.0 		 0.0
23 	 9.408671 		 0.0 		 0.0
24 	 9.614507 		 0.0 		 0.0
25 	 9.614507 		 0.0 		 0.0
26 	 9.614507 		 0.0 		 0.0
27 	 9.614507 		 0.0 		 0.0
28 	 9.408671 		 0.0 		 0.0
29 	 9.614507 		 0.0 		 0.0
30 	 9.614507 		 0.0 		 0.0
31 	 9.614507 		 0.0 		 0.0
32 	 9.614507 		 0.0 		 0.0
33 	 9.614507 		 0.0 		 0.0
34 	 9.614507 		 0.0 		 0.0
35 	 9.614507 		 0.0 		 0.0
36 	 9.614507 		 0.0 		 0.0
37 	 9.614507 		 0.0 		 0.0
38 	 9.614507 		 0.0 		 0.0
39 	 9.614507 		 0.0 		 0.0
40 	 9.614507 		 0.0 		 0.0
41 	 10.185876 		 0.0 		 0.0
42 	 12.06526 		 0.0 		 0.0
43 	 9.614507 		 0.0 		 0.0
44 	 9.614507 		 0.0 		 0.0
45 	 10.185876 		 0.0 		 0.0
46 	 2478.320232 		 0.0 		 0.0
47 	 2500.0 		 0.0 		 0.0
48 	 12.06526 		 0.0 		 0.0
49 	 9.614507 		 0.0 		 0.0
50 	 10.185876 		 0.0 		 0.0
51 	 9.614507 		 0.0 		 0.0
52 	 9.614507 		 0.0 		 0.0
53 	 17.62685 		 0.0 		 0.0
54 	 9.614507 		 0.0 		 0.0
55 	 11.493892 		 0.0 		 0.0
56 	 9.614507 		 0.0 		 0.0
57 	 16.978917 		 0.0 		 0.0
58 	 13.296712 		 0.0 		 0.0
59 	 13.296712 		 0.0 		 0.0
60 	 2500.0 		 0.0 		 0.0
61 	 2477.012216 		 0.0 		 0.0
62 	 9.614507 		 0.0 		 0.0
63 	 2473.330012 		 0.0 		 0.0
64 	 2500.0 		 0.0 		 0.0
65 	 13.296712 		 0.0 		 0.0
66 	 9.614507 		 0.0 		 0.0
67 	 17.055481 		 0.0 		 0.0
68 	 9.614507 		 0.0 		 0.0
69 	 2500.0 		 0.0 		 0.0
70 	 4958.153915 		 0.0 		 0.0
71 	 2500.0 		 0.0 		 0.0
72 	 9.614507 		 0.0 		 0.0
73 	 9.614507 		 0.0 		 0.0
74 	 11.493892 		 0.0 		 0.0
75 	 9.614507 		 0.0 		 0.0
76 	 15.252661 		 0.0 		 0.0
77 	 9.614507 		 0.0 		 0.0
78 	 9.614507 		 0.0 		 0.0
79 	 17.055481 		 0.0 		 0.0
80 	 9.614507 		 0.0 		 0.0
81 	 9.614507 		 0.0 		 0.0
82 	 15.252661 		 0.0 		 0.0
83 	 9.614507 		 0.0 		 0.0
84 	 10.185876 		 0.0 		 0.0
85 	 9.614507 		 0.0 		 0.0
86 	 10.185876 		 0.0 		 0.0
87 	 10.757244 		 0.0 		 0.0
88 	 9.614507 		 0.0 		 0.0
89 	 9.614507 		 0.0 		 0.0
90 	 9.614507 		 0.0 		 0.0
91 	 9.614507 		 0.0 		 0.0
92 	 9.614507 		 0.0 		 0.0
93 	 9.614507 		 0.0 		 0.0
94 	 9.614507 		 0.0 		 0.0
95 	 9.614507 		 0.0 		 0.0
96 	 2500.0 		 0.0 		 0.0
 
****************************************************************************************************
 
rtm Post-uplift payments
----------------------------------------------------------------------------------------------------------------------------------------------------
unit 	 generation payment 	 up-FRP payment 	 dw-FRP payment 	pre-up t. payment 	 uplift payments 	 post-up t. payment 	 profit
----------------------------------------------------------------------------------------------------------------------------------------------------
 g1 	 -170437.102343			 0.000000			 0.000000			 -170437.102343			 137853.230157			 -32583.872186		 0.000000
 g2 	 338881.261268			 0.000000			 0.000000			 338881.261268			 0.000000			 338881.261268		 313282.136289
 g3 	 0.000000			 0.000000			 0.000000			 0.000000			 0.000000			 0.000000		 0.000000
 g4 	 0.000000			 0.000000			 0.000000			 0.000000			 0.000000			 0.000000		 0.000000
 g5 	 0.000000			 0.000000			 0.000000			 0.000000			 0.000000			 0.000000		 0.000000
****************************************************************************************************
 
Total generator payments
----------------------------------------------------------------------------------------------------------------------------------------------------
unit 	 generation payment 	 up-FRP payment 	 dw-FRP payment 	pre-up t. payment 	 uplift payments 	 post-up t. payment 	 profit
----------------------------------------------------------------------------------------------------------------------------------------------------
 g1 	 119803.946958			 0.000000			 0.000000			 119803.946958			 137853.230157			 257657.177115		 0.000000
 g2 	 377186.425787			 0.000000			 0.000000			 377186.425787			 0.000000			 377186.425787		 313282.136289
 g3 	 0.000000			 0.000000			 0.000000			 0.000000			 0.000000			 0.000000		 0.000000
 g4 	 0.000000			 0.000000			 0.000000			 0.000000			 0.000000			 0.000000		 0.000000
 g5 	 0.000000			 0.000000			 0.000000			 0.000000			 0.000000			 0.000000		 0.000000
 
****************************************************************************************************
 
rtm LMP
----------------------------------------------------------------------------------------------------
bus name 	 time 		 LMP
----------------------------------------------------------------------------------------------------
b1 		 1 		 9.614507
b1 		 2 		 9.408671
b1 		 3 		 9.614507
b1 		 4 		 9.408671
b1 		 5 		 9.408671
b1 		 6 		 9.408671
b1 		 7 		 9.408671
b1 		 8 		 9.408671
b1 		 9 		 9.408671
b1 		 10 		 9.614507
b1 		 11 		 9.408671
b1 		 12 		 9.614507
b1 		 13 		 9.408671
b1 		 14 		 9.408671
b1 		 15 		 9.408671
b1 		 16 		 9.408671
b1 		 17 		 9.408671
b1 		 18 		 9.408671
b1 		 19 		 9.408671
b1 		 20 		 9.408671
b1 		 21 		 9.408671
b1 		 22 		 9.614507
b1 		 23 		 9.408671
b1 		 24 		 9.614507
b1 		 25 		 9.614507
b1 		 26 		 9.614507
b1 		 27 		 9.614507
b1 		 28 		 9.408671
b1 		 29 		 9.614507
b1 		 30 		 9.614507
b1 		 31 		 9.614507
b1 		 32 		 9.614507
b1 		 33 		 9.614507
b1 		 34 		 9.614507
b1 		 35 		 9.614507
b1 		 36 		 9.614507
b1 		 37 		 9.614507
b1 		 38 		 9.614507
b1 		 39 		 9.614507
b1 		 40 		 9.614507
b1 		 41 		 10.185876
b1 		 42 		 12.06526
b1 		 43 		 9.614507
b1 		 44 		 9.614507
b1 		 45 		 10.185876
b1 		 46 		 2478.320232
b1 		 47 		 2500.0
b1 		 48 		 12.06526
b1 		 49 		 9.614507
b1 		 50 		 10.185876
b1 		 51 		 9.614507
b1 		 52 		 9.614507
b1 		 53 		 17.62685
b1 		 54 		 9.614507
b1 		 55 		 11.493892
b1 		 56 		 9.614507
b1 		 57 		 16.978917
b1 		 58 		 13.296712
b1 		 59 		 13.296712
b1 		 60 		 2500.0
b1 		 61 		 2477.012216
b1 		 62 		 9.614507
b1 		 63 		 2473.330012
b1 		 64 		 2500.0
b1 		 65 		 13.296712
b1 		 66 		 9.614507
b1 		 67 		 17.055481
b1 		 68 		 9.614507
b1 		 69 		 2500.0
b1 		 70 		 4958.153915
b1 		 71 		 2500.0
b1 		 72 		 9.614507
b1 		 73 		 9.614507
b1 		 74 		 11.493892
b1 		 75 		 9.614507
b1 		 76 		 15.252661
b1 		 77 		 9.614507
b1 		 78 		 9.614507
b1 		 79 		 17.055481
b1 		 80 		 9.614507
b1 		 81 		 9.614507
b1 		 82 		 15.252661
b1 		 83 		 9.614507
b1 		 84 		 10.185876
b1 		 85 		 9.614507
b1 		 86 		 10.185876
b1 		 87 		 10.757244
b1 		 88 		 9.614507
b1 		 89 		 9.614507
b1 		 90 		 9.614507
b1 		 91 		 9.614507
b1 		 92 		 9.614507
b1 		 93 		 9.614507
b1 		 94 		 9.614507
b1 		 95 		 9.614507
b1 		 96 		 2500.0
----------------------------------------------------------------------------------------------------
b2 		 1 		 9.614507
b2 		 2 		 9.408671
b2 		 3 		 9.614507
b2 		 4 		 9.408671
b2 		 5 		 9.408671
b2 		 6 		 9.408671
b2 		 7 		 9.408671
b2 		 8 		 9.408671
b2 		 9 		 9.408671
b2 		 10 		 9.614507
b2 		 11 		 9.408671
b2 		 12 		 9.614507
b2 		 13 		 9.408671
b2 		 14 		 9.408671
b2 		 15 		 9.408671
b2 		 16 		 9.408671
b2 		 17 		 9.408671
b2 		 18 		 9.408671
b2 		 19 		 9.408671
b2 		 20 		 9.408671
b2 		 21 		 9.408671
b2 		 22 		 9.614507
b2 		 23 		 9.408671
b2 		 24 		 9.614507
b2 		 25 		 9.614507
b2 		 26 		 9.614507
b2 		 27 		 9.614507
b2 		 28 		 9.408671
b2 		 29 		 9.614507
b2 		 30 		 9.614507
b2 		 31 		 9.614507
b2 		 32 		 9.614507
b2 		 33 		 9.614507
b2 		 34 		 9.614507
b2 		 35 		 9.614507
b2 		 36 		 9.614507
b2 		 37 		 9.614507
b2 		 38 		 9.614507
b2 		 39 		 9.614507
b2 		 40 		 9.614507
b2 		 41 		 10.185876
b2 		 42 		 12.06526
b2 		 43 		 9.614507
b2 		 44 		 9.614507
b2 		 45 		 10.185876
b2 		 46 		 2478.320232
b2 		 47 		 2500.0
b2 		 48 		 12.06526
b2 		 49 		 9.614507
b2 		 50 		 10.185876
b2 		 51 		 9.614507
b2 		 52 		 9.614507
b2 		 53 		 17.62685
b2 		 54 		 9.614507
b2 		 55 		 11.493892
b2 		 56 		 9.614507
b2 		 57 		 16.978917
b2 		 58 		 13.296712
b2 		 59 		 13.296712
b2 		 60 		 2500.0
b2 		 61 		 2477.012216
b2 		 62 		 9.614507
b2 		 63 		 2473.330012
b2 		 64 		 2500.0
b2 		 65 		 13.296712
b2 		 66 		 9.614507
b2 		 67 		 17.055481
b2 		 68 		 9.614507
b2 		 69 		 2500.0
b2 		 70 		 4958.153915
b2 		 71 		 2500.0
b2 		 72 		 9.614507
b2 		 73 		 9.614507
b2 		 74 		 11.493892
b2 		 75 		 9.614507
b2 		 76 		 15.252661
b2 		 77 		 9.614507
b2 		 78 		 9.614507
b2 		 79 		 17.055481
b2 		 80 		 9.614507
b2 		 81 		 9.614507
b2 		 82 		 15.252661
b2 		 83 		 9.614507
b2 		 84 		 10.185876
b2 		 85 		 9.614507
b2 		 86 		 10.185876
b2 		 87 		 10.757244
b2 		 88 		 9.614507
b2 		 89 		 9.614507
b2 		 90 		 9.614507
b2 		 91 		 9.614507
b2 		 92 		 9.614507
b2 		 93 		 9.614507
b2 		 94 		 9.614507
b2 		 95 		 9.614507
b2 		 96 		 2500.0
----------------------------------------------------------------------------------------------------
b3 		 1 		 9.614507
b3 		 2 		 9.408671
b3 		 3 		 9.614507
b3 		 4 		 9.408671
b3 		 5 		 9.408671
b3 		 6 		 9.408671
b3 		 7 		 9.408671
b3 		 8 		 9.408671
b3 		 9 		 9.408671
b3 		 10 		 9.614507
b3 		 11 		 9.408671
b3 		 12 		 9.614507
b3 		 13 		 9.408671
b3 		 14 		 9.408671
b3 		 15 		 9.408671
b3 		 16 		 9.408671
b3 		 17 		 9.408671
b3 		 18 		 9.408671
b3 		 19 		 9.408671
b3 		 20 		 9.408671
b3 		 21 		 9.408671
b3 		 22 		 9.614507
b3 		 23 		 9.408671
b3 		 24 		 9.614507
b3 		 25 		 9.614507
b3 		 26 		 9.614507
b3 		 27 		 9.614507
b3 		 28 		 9.408671
b3 		 29 		 9.614507
b3 		 30 		 9.614507
b3 		 31 		 9.614507
b3 		 32 		 9.614507
b3 		 33 		 9.614507
b3 		 34 		 9.614507
b3 		 35 		 9.614507
b3 		 36 		 9.614507
b3 		 37 		 9.614507
b3 		 38 		 9.614507
b3 		 39 		 9.614507
b3 		 40 		 9.614507
b3 		 41 		 10.185876
b3 		 42 		 12.06526
b3 		 43 		 9.614507
b3 		 44 		 9.614507
b3 		 45 		 10.185876
b3 		 46 		 2478.320232
b3 		 47 		 2500.0
b3 		 48 		 12.06526
b3 		 49 		 9.614507
b3 		 50 		 10.185876
b3 		 51 		 9.614507
b3 		 52 		 9.614507
b3 		 53 		 17.62685
b3 		 54 		 9.614507
b3 		 55 		 11.493892
b3 		 56 		 9.614507
b3 		 57 		 16.978917
b3 		 58 		 13.296712
b3 		 59 		 13.296712
b3 		 60 		 2500.0
b3 		 61 		 2477.012216
b3 		 62 		 9.614507
b3 		 63 		 2473.330012
b3 		 64 		 2500.0
b3 		 65 		 13.296712
b3 		 66 		 9.614507
b3 		 67 		 17.055481
b3 		 68 		 9.614507
b3 		 69 		 2500.0
b3 		 70 		 4958.153915
b3 		 71 		 2500.0
b3 		 72 		 9.614507
b3 		 73 		 9.614507
b3 		 74 		 11.493892
b3 		 75 		 9.614507
b3 		 76 		 15.252661
b3 		 77 		 9.614507
b3 		 78 		 9.614507
b3 		 79 		 17.055481
b3 		 80 		 9.614507
b3 		 81 		 9.614507
b3 		 82 		 15.252661
b3 		 83 		 9.614507
b3 		 84 		 10.185876
b3 		 85 		 9.614507
b3 		 86 		 10.185876
b3 		 87 		 10.757244
b3 		 88 		 9.614507
b3 		 89 		 9.614507
b3 		 90 		 9.614507
b3 		 91 		 9.614507
b3 		 92 		 9.614507
b3 		 93 		 9.614507
b3 		 94 		 9.614507
b3 		 95 		 9.614507
b3 		 96 		 2500.0
----------------------------------------------------------------------------------------------------
b4 		 1 		 9.614507
b4 		 2 		 9.408671
b4 		 3 		 9.614507
b4 		 4 		 9.408671
b4 		 5 		 9.408671
b4 		 6 		 9.408671
b4 		 7 		 9.408671
b4 		 8 		 9.408671
b4 		 9 		 9.408671
b4 		 10 		 9.614507
b4 		 11 		 9.408671
b4 		 12 		 9.614507
b4 		 13 		 9.408671
b4 		 14 		 9.408671
b4 		 15 		 9.408671
b4 		 16 		 9.408671
b4 		 17 		 9.408671
b4 		 18 		 9.408671
b4 		 19 		 9.408671
b4 		 20 		 9.408671
b4 		 21 		 9.408671
b4 		 22 		 9.614507
b4 		 23 		 9.408671
b4 		 24 		 9.614507
b4 		 25 		 9.614507
b4 		 26 		 9.614507
b4 		 27 		 9.614507
b4 		 28 		 9.408671
b4 		 29 		 9.614507
b4 		 30 		 9.614507
b4 		 31 		 9.614507
b4 		 32 		 9.614507
b4 		 33 		 9.614507
b4 		 34 		 9.614507
b4 		 35 		 9.614507
b4 		 36 		 9.614507
b4 		 37 		 9.614507
b4 		 38 		 9.614507
b4 		 39 		 9.614507
b4 		 40 		 9.614507
b4 		 41 		 10.185876
b4 		 42 		 12.06526
b4 		 43 		 9.614507
b4 		 44 		 9.614507
b4 		 45 		 10.185876
b4 		 46 		 2478.320232
b4 		 47 		 2500.0
b4 		 48 		 12.06526
b4 		 49 		 9.614507
b4 		 50 		 10.185876
b4 		 51 		 9.614507
b4 		 52 		 9.614507
b4 		 53 		 17.62685
b4 		 54 		 9.614507
b4 		 55 		 11.493892
b4 		 56 		 9.614507
b4 		 57 		 16.978917
b4 		 58 		 13.296712
b4 		 59 		 13.296712
b4 		 60 		 2500.0
b4 		 61 		 2477.012216
b4 		 62 		 9.614507
b4 		 63 		 2473.330012
b4 		 64 		 2500.0
b4 		 65 		 13.296712
b4 		 66 		 9.614507
b4 		 67 		 17.055481
b4 		 68 		 9.614507
b4 		 69 		 2500.0
b4 		 70 		 4958.153915
b4 		 71 		 2500.0
b4 		 72 		 9.614507
b4 		 73 		 9.614507
b4 		 74 		 11.493892
b4 		 75 		 9.614507
b4 		 76 		 15.252661
b4 		 77 		 9.614507
b4 		 78 		 9.614507
b4 		 79 		 17.055481
b4 		 80 		 9.614507
b4 		 81 		 9.614507
b4 		 82 		 15.252661
b4 		 83 		 9.614507
b4 		 84 		 10.185876
b4 		 85 		 9.614507
b4 		 86 		 10.185876
b4 		 87 		 10.757244
b4 		 88 		 9.614507
b4 		 89 		 9.614507
b4 		 90 		 9.614507
b4 		 91 		 9.614507
b4 		 92 		 9.614507
b4 		 93 		 9.614507
b4 		 94 		 9.614507
b4 		 95 		 9.614507
b4 		 96 		 2500.0
----------------------------------------------------------------------------------------------------
b5 		 1 		 9.614507
b5 		 2 		 9.408671
b5 		 3 		 9.614507
b5 		 4 		 9.408671
b5 		 5 		 9.408671
b5 		 6 		 9.408671
b5 		 7 		 9.408671
b5 		 8 		 9.408671
b5 		 9 		 9.408671
b5 		 10 		 9.614507
b5 		 11 		 9.408671
b5 		 12 		 9.614507
b5 		 13 		 9.408671
b5 		 14 		 9.408671
b5 		 15 		 9.408671
b5 		 16 		 9.408671
b5 		 17 		 9.408671
b5 		 18 		 9.408671
b5 		 19 		 9.408671
b5 		 20 		 9.408671
b5 		 21 		 9.408671
b5 		 22 		 9.614507
b5 		 23 		 9.408671
b5 		 24 		 9.614507
b5 		 25 		 9.614507
b5 		 26 		 9.614507
b5 		 27 		 9.614507
b5 		 28 		 9.408671
b5 		 29 		 9.614507
b5 		 30 		 9.614507
b5 		 31 		 9.614507
b5 		 32 		 9.614507
b5 		 33 		 9.614507
b5 		 34 		 9.614507
b5 		 35 		 9.614507
b5 		 36 		 9.614507
b5 		 37 		 9.614507
b5 		 38 		 9.614507
b5 		 39 		 9.614507
b5 		 40 		 9.614507
b5 		 41 		 10.185876
b5 		 42 		 12.06526
b5 		 43 		 9.614507
b5 		 44 		 9.614507
b5 		 45 		 10.185876
b5 		 46 		 2478.320232
b5 		 47 		 2500.0
b5 		 48 		 12.06526
b5 		 49 		 9.614507
b5 		 50 		 10.185876
b5 		 51 		 9.614507
b5 		 52 		 9.614507
b5 		 53 		 17.62685
b5 		 54 		 9.614507
b5 		 55 		 11.493892
b5 		 56 		 9.614507
b5 		 57 		 16.978917
b5 		 58 		 13.296712
b5 		 59 		 13.296712
b5 		 60 		 2500.0
b5 		 61 		 2477.012216
b5 		 62 		 9.614507
b5 		 63 		 2473.330012
b5 		 64 		 2500.0
b5 		 65 		 13.296712
b5 		 66 		 9.614507
b5 		 67 		 17.055481
b5 		 68 		 9.614507
b5 		 69 		 2500.0
b5 		 70 		 4958.153915
b5 		 71 		 2500.0
b5 		 72 		 9.614507
b5 		 73 		 9.614507
b5 		 74 		 11.493892
b5 		 75 		 9.614507
b5 		 76 		 15.252661
b5 		 77 		 9.614507
b5 		 78 		 9.614507
b5 		 79 		 17.055481
b5 		 80 		 9.614507
b5 		 81 		 9.614507
b5 		 82 		 15.252661
b5 		 83 		 9.614507
b5 		 84 		 10.185876
b5 		 85 		 9.614507
b5 		 86 		 10.185876
b5 		 87 		 10.757244
b5 		 88 		 9.614507
b5 		 89 		 9.614507
b5 		 90 		 9.614507
b5 		 91 		 9.614507
b5 		 92 		 9.614507
b5 		 93 		 9.614507
b5 		 94 		 9.614507
b5 		 95 		 9.614507
b5 		 96 		 2500.0
----------------------------------------------------------------------------------------------------
b6 		 1 		 9.614507
b6 		 2 		 9.408671
b6 		 3 		 9.614507
b6 		 4 		 9.408671
b6 		 5 		 9.408671
b6 		 6 		 9.408671
b6 		 7 		 9.408671
b6 		 8 		 9.408671
b6 		 9 		 9.408671
b6 		 10 		 9.614507
b6 		 11 		 9.408671
b6 		 12 		 9.614507
b6 		 13 		 9.408671
b6 		 14 		 9.408671
b6 		 15 		 9.408671
b6 		 16 		 9.408671
b6 		 17 		 9.408671
b6 		 18 		 9.408671
b6 		 19 		 9.408671
b6 		 20 		 9.408671
b6 		 21 		 9.408671
b6 		 22 		 9.614507
b6 		 23 		 9.408671
b6 		 24 		 9.614507
b6 		 25 		 9.614507
b6 		 26 		 9.614507
b6 		 27 		 9.614507
b6 		 28 		 9.408671
b6 		 29 		 9.614507
b6 		 30 		 9.614507
b6 		 31 		 9.614507
b6 		 32 		 9.614507
b6 		 33 		 9.614507
b6 		 34 		 9.614507
b6 		 35 		 9.614507
b6 		 36 		 9.614507
b6 		 37 		 9.614507
b6 		 38 		 9.614507
b6 		 39 		 9.614507
b6 		 40 		 9.614507
b6 		 41 		 10.185876
b6 		 42 		 12.06526
b6 		 43 		 9.614507
b6 		 44 		 9.614507
b6 		 45 		 10.185876
b6 		 46 		 2478.320232
b6 		 47 		 2500.0
b6 		 48 		 12.06526
b6 		 49 		 9.614507
b6 		 50 		 10.185876
b6 		 51 		 9.614507
b6 		 52 		 9.614507
b6 		 53 		 17.62685
b6 		 54 		 9.614507
b6 		 55 		 11.493892
b6 		 56 		 9.614507
b6 		 57 		 16.978917
b6 		 58 		 13.296712
b6 		 59 		 13.296712
b6 		 60 		 2500.0
b6 		 61 		 2477.012216
b6 		 62 		 9.614507
b6 		 63 		 2473.330012
b6 		 64 		 2500.0
b6 		 65 		 13.296712
b6 		 66 		 9.614507
b6 		 67 		 17.055481
b6 		 68 		 9.614507
b6 		 69 		 2500.0
b6 		 70 		 4958.153915
b6 		 71 		 2500.0
b6 		 72 		 9.614507
b6 		 73 		 9.614507
b6 		 74 		 11.493892
b6 		 75 		 9.614507
b6 		 76 		 15.252661
b6 		 77 		 9.614507
b6 		 78 		 9.614507
b6 		 79 		 17.055481
b6 		 80 		 9.614507
b6 		 81 		 9.614507
b6 		 82 		 15.252661
b6 		 83 		 9.614507
b6 		 84 		 10.185876
b6 		 85 		 9.614507
b6 		 86 		 10.185876
b6 		 87 		 10.757244
b6 		 88 		 9.614507
b6 		 89 		 9.614507
b6 		 90 		 9.614507
b6 		 91 		 9.614507
b6 		 92 		 9.614507
b6 		 93 		 9.614507
b6 		 94 		 9.614507
b6 		 95 		 9.614507
b6 		 96 		 2500.0
----------------------------------------------------------------------------------------------------
b7 		 1 		 9.614507
b7 		 2 		 9.408671
b7 		 3 		 9.614507
b7 		 4 		 9.408671
b7 		 5 		 9.408671
b7 		 6 		 9.408671
b7 		 7 		 9.408671
b7 		 8 		 9.408671
b7 		 9 		 9.408671
b7 		 10 		 9.614507
b7 		 11 		 9.408671
b7 		 12 		 9.614507
b7 		 13 		 9.408671
b7 		 14 		 9.408671
b7 		 15 		 9.408671
b7 		 16 		 9.408671
b7 		 17 		 9.408671
b7 		 18 		 9.408671
b7 		 19 		 9.408671
b7 		 20 		 9.408671
b7 		 21 		 9.408671
b7 		 22 		 9.614507
b7 		 23 		 9.408671
b7 		 24 		 9.614507
b7 		 25 		 9.614507
b7 		 26 		 9.614507
b7 		 27 		 9.614507
b7 		 28 		 9.408671
b7 		 29 		 9.614507
b7 		 30 		 9.614507
b7 		 31 		 9.614507
b7 		 32 		 9.614507
b7 		 33 		 9.614507
b7 		 34 		 9.614507
b7 		 35 		 9.614507
b7 		 36 		 9.614507
b7 		 37 		 9.614507
b7 		 38 		 9.614507
b7 		 39 		 9.614507
b7 		 40 		 9.614507
b7 		 41 		 10.185876
b7 		 42 		 12.06526
b7 		 43 		 9.614507
b7 		 44 		 9.614507
b7 		 45 		 10.185876
b7 		 46 		 2478.320232
b7 		 47 		 2500.0
b7 		 48 		 12.06526
b7 		 49 		 9.614507
b7 		 50 		 10.185876
b7 		 51 		 9.614507
b7 		 52 		 9.614507
b7 		 53 		 17.62685
b7 		 54 		 9.614507
b7 		 55 		 11.493892
b7 		 56 		 9.614507
b7 		 57 		 16.978917
b7 		 58 		 13.296712
b7 		 59 		 13.296712
b7 		 60 		 2500.0
b7 		 61 		 2477.012216
b7 		 62 		 9.614507
b7 		 63 		 2473.330012
b7 		 64 		 2500.0
b7 		 65 		 13.296712
b7 		 66 		 9.614507
b7 		 67 		 17.055481
b7 		 68 		 9.614507
b7 		 69 		 2500.0
b7 		 70 		 4958.153915
b7 		 71 		 2500.0
b7 		 72 		 9.614507
b7 		 73 		 9.614507
b7 		 74 		 11.493892
b7 		 75 		 9.614507
b7 		 76 		 15.252661
b7 		 77 		 9.614507
b7 		 78 		 9.614507
b7 		 79 		 17.055481
b7 		 80 		 9.614507
b7 		 81 		 9.614507
b7 		 82 		 15.252661
b7 		 83 		 9.614507
b7 		 84 		 10.185876
b7 		 85 		 9.614507
b7 		 86 		 10.185876
b7 		 87 		 10.757244
b7 		 88 		 9.614507
b7 		 89 		 9.614507
b7 		 90 		 9.614507
b7 		 91 		 9.614507
b7 		 92 		 9.614507
b7 		 93 		 9.614507
b7 		 94 		 9.614507
b7 		 95 		 9.614507
b7 		 96 		 2500.0
----------------------------------------------------------------------------------------------------
b8 		 1 		 9.614507
b8 		 2 		 9.408671
b8 		 3 		 9.614507
b8 		 4 		 9.408671
b8 		 5 		 9.408671
b8 		 6 		 9.408671
b8 		 7 		 9.408671
b8 		 8 		 9.408671
b8 		 9 		 9.408671
b8 		 10 		 9.614507
b8 		 11 		 9.408671
b8 		 12 		 9.614507
b8 		 13 		 9.408671
b8 		 14 		 9.408671
b8 		 15 		 9.408671
b8 		 16 		 9.408671
b8 		 17 		 9.408671
b8 		 18 		 9.408671
b8 		 19 		 9.408671
b8 		 20 		 9.408671
b8 		 21 		 9.408671
b8 		 22 		 9.614507
b8 		 23 		 9.408671
b8 		 24 		 9.614507
b8 		 25 		 9.614507
b8 		 26 		 9.614507
b8 		 27 		 9.614507
b8 		 28 		 9.408671
b8 		 29 		 9.614507
b8 		 30 		 9.614507
b8 		 31 		 9.614507
b8 		 32 		 9.614507
b8 		 33 		 9.614507
b8 		 34 		 9.614507
b8 		 35 		 9.614507
b8 		 36 		 9.614507
b8 		 37 		 9.614507
b8 		 38 		 9.614507
b8 		 39 		 9.614507
b8 		 40 		 9.614507
b8 		 41 		 10.185876
b8 		 42 		 12.06526
b8 		 43 		 9.614507
b8 		 44 		 9.614507
b8 		 45 		 10.185876
b8 		 46 		 2478.320232
b8 		 47 		 2500.0
b8 		 48 		 12.06526
b8 		 49 		 9.614507
b8 		 50 		 10.185876
b8 		 51 		 9.614507
b8 		 52 		 9.614507
b8 		 53 		 17.62685
b8 		 54 		 9.614507
b8 		 55 		 11.493892
b8 		 56 		 9.614507
b8 		 57 		 16.978917
b8 		 58 		 13.296712
b8 		 59 		 13.296712
b8 		 60 		 2500.0
b8 		 61 		 2477.012216
b8 		 62 		 9.614507
b8 		 63 		 2473.330012
b8 		 64 		 2500.0
b8 		 65 		 13.296712
b8 		 66 		 9.614507
b8 		 67 		 17.055481
b8 		 68 		 9.614507
b8 		 69 		 2500.0
b8 		 70 		 4958.153915
b8 		 71 		 2500.0
b8 		 72 		 9.614507
b8 		 73 		 9.614507
b8 		 74 		 11.493892
b8 		 75 		 9.614507
b8 		 76 		 15.252661
b8 		 77 		 9.614507
b8 		 78 		 9.614507
b8 		 79 		 17.055481
b8 		 80 		 9.614507
b8 		 81 		 9.614507
b8 		 82 		 15.252661
b8 		 83 		 9.614507
b8 		 84 		 10.185876
b8 		 85 		 9.614507
b8 		 86 		 10.185876
b8 		 87 		 10.757244
b8 		 88 		 9.614507
b8 		 89 		 9.614507
b8 		 90 		 9.614507
b8 		 91 		 9.614507
b8 		 92 		 9.614507
b8 		 93 		 9.614507
b8 		 94 		 9.614507
b8 		 95 		 9.614507
b8 		 96 		 2500.0
----------------------------------------------------------------------------------------------------
b9 		 1 		 9.614507
b9 		 2 		 9.408671
b9 		 3 		 9.614507
b9 		 4 		 9.408671
b9 		 5 		 9.408671
b9 		 6 		 9.408671
b9 		 7 		 9.408671
b9 		 8 		 9.408671
b9 		 9 		 9.408671
b9 		 10 		 9.614507
b9 		 11 		 9.408671
b9 		 12 		 9.614507
b9 		 13 		 9.408671
b9 		 14 		 9.408671
b9 		 15 		 9.408671
b9 		 16 		 9.408671
b9 		 17 		 9.408671
b9 		 18 		 9.408671
b9 		 19 		 9.408671
b9 		 20 		 9.408671
b9 		 21 		 9.408671
b9 		 22 		 9.614507
b9 		 23 		 9.408671
b9 		 24 		 9.614507
b9 		 25 		 9.614507
b9 		 26 		 9.614507
b9 		 27 		 9.614507
b9 		 28 		 9.408671
b9 		 29 		 9.614507
b9 		 30 		 9.614507
b9 		 31 		 9.614507
b9 		 32 		 9.614507
b9 		 33 		 9.614507
b9 		 34 		 9.614507
b9 		 35 		 9.614507
b9 		 36 		 9.614507
b9 		 37 		 9.614507
b9 		 38 		 9.614507
b9 		 39 		 9.614507
b9 		 40 		 9.614507
b9 		 41 		 10.185876
b9 		 42 		 12.06526
b9 		 43 		 9.614507
b9 		 44 		 9.614507
b9 		 45 		 10.185876
b9 		 46 		 2478.320232
b9 		 47 		 2500.0
b9 		 48 		 12.06526
b9 		 49 		 9.614507
b9 		 50 		 10.185876
b9 		 51 		 9.614507
b9 		 52 		 9.614507
b9 		 53 		 17.62685
b9 		 54 		 9.614507
b9 		 55 		 11.493892
b9 		 56 		 9.614507
b9 		 57 		 16.978917
b9 		 58 		 13.296712
b9 		 59 		 13.296712
b9 		 60 		 2500.0
b9 		 61 		 2477.012216
b9 		 62 		 9.614507
b9 		 63 		 2473.330012
b9 		 64 		 2500.0
b9 		 65 		 13.296712
b9 		 66 		 9.614507
b9 		 67 		 17.055481
b9 		 68 		 9.614507
b9 		 69 		 2500.0
b9 		 70 		 4958.153915
b9 		 71 		 2500.0
b9 		 72 		 9.614507
b9 		 73 		 9.614507
b9 		 74 		 11.493892
b9 		 75 		 9.614507
b9 		 76 		 15.252661
b9 		 77 		 9.614507
b9 		 78 		 9.614507
b9 		 79 		 17.055481
b9 		 80 		 9.614507
b9 		 81 		 9.614507
b9 		 82 		 15.252661
b9 		 83 		 9.614507
b9 		 84 		 10.185876
b9 		 85 		 9.614507
b9 		 86 		 10.185876
b9 		 87 		 10.757244
b9 		 88 		 9.614507
b9 		 89 		 9.614507
b9 		 90 		 9.614507
b9 		 91 		 9.614507
b9 		 92 		 9.614507
b9 		 93 		 9.614507
b9 		 94 		 9.614507
b9 		 95 		 9.614507
b9 		 96 		 2500.0
----------------------------------------------------------------------------------------------------
b10 		 1 		 9.614507
b10 		 2 		 9.408671
b10 		 3 		 9.614507
b10 		 4 		 9.408671
b10 		 5 		 9.408671
b10 		 6 		 9.408671
b10 		 7 		 9.408671
b10 		 8 		 9.408671
b10 		 9 		 9.408671
b10 		 10 		 9.614507
b10 		 11 		 9.408671
b10 		 12 		 9.614507
b10 		 13 		 9.408671
b10 		 14 		 9.408671
b10 		 15 		 9.408671
b10 		 16 		 9.408671
b10 		 17 		 9.408671
b10 		 18 		 9.408671
b10 		 19 		 9.408671
b10 		 20 		 9.408671
b10 		 21 		 9.408671
b10 		 22 		 9.614507
b10 		 23 		 9.408671
b10 		 24 		 9.614507
b10 		 25 		 9.614507
b10 		 26 		 9.614507
b10 		 27 		 9.614507
b10 		 28 		 9.408671
b10 		 29 		 9.614507
b10 		 30 		 9.614507
b10 		 31 		 9.614507
b10 		 32 		 9.614507
b10 		 33 		 9.614507
b10 		 34 		 9.614507
b10 		 35 		 9.614507
b10 		 36 		 9.614507
b10 		 37 		 9.614507
b10 		 38 		 9.614507
b10 		 39 		 9.614507
b10 		 40 		 9.614507
b10 		 41 		 10.185876
b10 		 42 		 12.06526
b10 		 43 		 9.614507
b10 		 44 		 9.614507
b10 		 45 		 10.185876
b10 		 46 		 2478.320232
b10 		 47 		 2500.0
b10 		 48 		 12.06526
b10 		 49 		 9.614507
b10 		 50 		 10.185876
b10 		 51 		 9.614507
b10 		 52 		 9.614507
b10 		 53 		 17.62685
b10 		 54 		 9.614507
b10 		 55 		 11.493892
b10 		 56 		 9.614507
b10 		 57 		 16.978917
b10 		 58 		 13.296712
b10 		 59 		 13.296712
b10 		 60 		 2500.0
b10 		 61 		 2477.012216
b10 		 62 		 9.614507
b10 		 63 		 2473.330012
b10 		 64 		 2500.0
b10 		 65 		 13.296712
b10 		 66 		 9.614507
b10 		 67 		 17.055481
b10 		 68 		 9.614507
b10 		 69 		 2500.0
b10 		 70 		 4958.153915
b10 		 71 		 2500.0
b10 		 72 		 9.614507
b10 		 73 		 9.614507
b10 		 74 		 11.493892
b10 		 75 		 9.614507
b10 		 76 		 15.252661
b10 		 77 		 9.614507
b10 		 78 		 9.614507
b10 		 79 		 17.055481
b10 		 80 		 9.614507
b10 		 81 		 9.614507
b10 		 82 		 15.252661
b10 		 83 		 9.614507
b10 		 84 		 10.185876
b10 		 85 		 9.614507
b10 		 86 		 10.185876
b10 		 87 		 10.757244
b10 		 88 		 9.614507
b10 		 89 		 9.614507
b10 		 90 		 9.614507
b10 		 91 		 9.614507
b10 		 92 		 9.614507
b10 		 93 		 9.614507
b10 		 94 		 9.614507
b10 		 95 		 9.614507
b10 		 96 		 2500.0
----------------------------------------------------------------------------------------------------
b11 		 1 		 9.614507
b11 		 2 		 9.408671
b11 		 3 		 9.614507
b11 		 4 		 9.408671
b11 		 5 		 9.408671
b11 		 6 		 9.408671
b11 		 7 		 9.408671
b11 		 8 		 9.408671
b11 		 9 		 9.408671
b11 		 10 		 9.614507
b11 		 11 		 9.408671
b11 		 12 		 9.614507
b11 		 13 		 9.408671
b11 		 14 		 9.408671
b11 		 15 		 9.408671
b11 		 16 		 9.408671
b11 		 17 		 9.408671
b11 		 18 		 9.408671
b11 		 19 		 9.408671
b11 		 20 		 9.408671
b11 		 21 		 9.408671
b11 		 22 		 9.614507
b11 		 23 		 9.408671
b11 		 24 		 9.614507
b11 		 25 		 9.614507
b11 		 26 		 9.614507
b11 		 27 		 9.614507
b11 		 28 		 9.408671
b11 		 29 		 9.614507
b11 		 30 		 9.614507
b11 		 31 		 9.614507
b11 		 32 		 9.614507
b11 		 33 		 9.614507
b11 		 34 		 9.614507
b11 		 35 		 9.614507
b11 		 36 		 9.614507
b11 		 37 		 9.614507
b11 		 38 		 9.614507
b11 		 39 		 9.614507
b11 		 40 		 9.614507
b11 		 41 		 10.185876
b11 		 42 		 12.06526
b11 		 43 		 9.614507
b11 		 44 		 9.614507
b11 		 45 		 10.185876
b11 		 46 		 2478.320232
b11 		 47 		 2500.0
b11 		 48 		 12.06526
b11 		 49 		 9.614507
b11 		 50 		 10.185876
b11 		 51 		 9.614507
b11 		 52 		 9.614507
b11 		 53 		 17.62685
b11 		 54 		 9.614507
b11 		 55 		 11.493892
b11 		 56 		 9.614507
b11 		 57 		 16.978917
b11 		 58 		 13.296712
b11 		 59 		 13.296712
b11 		 60 		 2500.0
b11 		 61 		 2477.012216
b11 		 62 		 9.614507
b11 		 63 		 2473.330012
b11 		 64 		 2500.0
b11 		 65 		 13.296712
b11 		 66 		 9.614507
b11 		 67 		 17.055481
b11 		 68 		 9.614507
b11 		 69 		 2500.0
b11 		 70 		 4958.153915
b11 		 71 		 2500.0
b11 		 72 		 9.614507
b11 		 73 		 9.614507
b11 		 74 		 11.493892
b11 		 75 		 9.614507
b11 		 76 		 15.252661
b11 		 77 		 9.614507
b11 		 78 		 9.614507
b11 		 79 		 17.055481
b11 		 80 		 9.614507
b11 		 81 		 9.614507
b11 		 82 		 15.252661
b11 		 83 		 9.614507
b11 		 84 		 10.185876
b11 		 85 		 9.614507
b11 		 86 		 10.185876
b11 		 87 		 10.757244
b11 		 88 		 9.614507
b11 		 89 		 9.614507
b11 		 90 		 9.614507
b11 		 91 		 9.614507
b11 		 92 		 9.614507
b11 		 93 		 9.614507
b11 		 94 		 9.614507
b11 		 95 		 9.614507
b11 		 96 		 2500.0
----------------------------------------------------------------------------------------------------
b12 		 1 		 9.614507
b12 		 2 		 9.408671
b12 		 3 		 9.614507
b12 		 4 		 9.408671
b12 		 5 		 9.408671
b12 		 6 		 9.408671
b12 		 7 		 9.408671
b12 		 8 		 9.408671
b12 		 9 		 9.408671
b12 		 10 		 9.614507
b12 		 11 		 9.408671
b12 		 12 		 9.614507
b12 		 13 		 9.408671
b12 		 14 		 9.408671
b12 		 15 		 9.408671
b12 		 16 		 9.408671
b12 		 17 		 9.408671
b12 		 18 		 9.408671
b12 		 19 		 9.408671
b12 		 20 		 9.408671
b12 		 21 		 9.408671
b12 		 22 		 9.614507
b12 		 23 		 9.408671
b12 		 24 		 9.614507
b12 		 25 		 9.614507
b12 		 26 		 9.614507
b12 		 27 		 9.614507
b12 		 28 		 9.408671
b12 		 29 		 9.614507
b12 		 30 		 9.614507
b12 		 31 		 9.614507
b12 		 32 		 9.614507
b12 		 33 		 9.614507
b12 		 34 		 9.614507
b12 		 35 		 9.614507
b12 		 36 		 9.614507
b12 		 37 		 9.614507
b12 		 38 		 9.614507
b12 		 39 		 9.614507
b12 		 40 		 9.614507
b12 		 41 		 10.185876
b12 		 42 		 12.06526
b12 		 43 		 9.614507
b12 		 44 		 9.614507
b12 		 45 		 10.185876
b12 		 46 		 2478.320232
b12 		 47 		 2500.0
b12 		 48 		 12.06526
b12 		 49 		 9.614507
b12 		 50 		 10.185876
b12 		 51 		 9.614507
b12 		 52 		 9.614507
b12 		 53 		 17.62685
b12 		 54 		 9.614507
b12 		 55 		 11.493892
b12 		 56 		 9.614507
b12 		 57 		 16.978917
b12 		 58 		 13.296712
b12 		 59 		 13.296712
b12 		 60 		 2500.0
b12 		 61 		 2477.012216
b12 		 62 		 9.614507
b12 		 63 		 2473.330012
b12 		 64 		 2500.0
b12 		 65 		 13.296712
b12 		 66 		 9.614507
b12 		 67 		 17.055481
b12 		 68 		 9.614507
b12 		 69 		 2500.0
b12 		 70 		 4958.153915
b12 		 71 		 2500.0
b12 		 72 		 9.614507
b12 		 73 		 9.614507
b12 		 74 		 11.493892
b12 		 75 		 9.614507
b12 		 76 		 15.252661
b12 		 77 		 9.614507
b12 		 78 		 9.614507
b12 		 79 		 17.055481
b12 		 80 		 9.614507
b12 		 81 		 9.614507
b12 		 82 		 15.252661
b12 		 83 		 9.614507
b12 		 84 		 10.185876
b12 		 85 		 9.614507
b12 		 86 		 10.185876
b12 		 87 		 10.757244
b12 		 88 		 9.614507
b12 		 89 		 9.614507
b12 		 90 		 9.614507
b12 		 91 		 9.614507
b12 		 92 		 9.614507
b12 		 93 		 9.614507
b12 		 94 		 9.614507
b12 		 95 		 9.614507
b12 		 96 		 2500.0
----------------------------------------------------------------------------------------------------
b13 		 1 		 9.614507
b13 		 2 		 9.408671
b13 		 3 		 9.614507
b13 		 4 		 9.408671
b13 		 5 		 9.408671
b13 		 6 		 9.408671
b13 		 7 		 9.408671
b13 		 8 		 9.408671
b13 		 9 		 9.408671
b13 		 10 		 9.614507
b13 		 11 		 9.408671
b13 		 12 		 9.614507
b13 		 13 		 9.408671
b13 		 14 		 9.408671
b13 		 15 		 9.408671
b13 		 16 		 9.408671
b13 		 17 		 9.408671
b13 		 18 		 9.408671
b13 		 19 		 9.408671
b13 		 20 		 9.408671
b13 		 21 		 9.408671
b13 		 22 		 9.614507
b13 		 23 		 9.408671
b13 		 24 		 9.614507
b13 		 25 		 9.614507
b13 		 26 		 9.614507
b13 		 27 		 9.614507
b13 		 28 		 9.408671
b13 		 29 		 9.614507
b13 		 30 		 9.614507
b13 		 31 		 9.614507
b13 		 32 		 9.614507
b13 		 33 		 9.614507
b13 		 34 		 9.614507
b13 		 35 		 9.614507
b13 		 36 		 9.614507
b13 		 37 		 9.614507
b13 		 38 		 9.614507
b13 		 39 		 9.614507
b13 		 40 		 9.614507
b13 		 41 		 10.185876
b13 		 42 		 12.06526
b13 		 43 		 9.614507
b13 		 44 		 9.614507
b13 		 45 		 10.185876
b13 		 46 		 2478.320232
b13 		 47 		 2500.0
b13 		 48 		 12.06526
b13 		 49 		 9.614507
b13 		 50 		 10.185876
b13 		 51 		 9.614507
b13 		 52 		 9.614507
b13 		 53 		 17.62685
b13 		 54 		 9.614507
b13 		 55 		 11.493892
b13 		 56 		 9.614507
b13 		 57 		 16.978917
b13 		 58 		 13.296712
b13 		 59 		 13.296712
b13 		 60 		 2500.0
b13 		 61 		 2477.012216
b13 		 62 		 9.614507
b13 		 63 		 2473.330012
b13 		 64 		 2500.0
b13 		 65 		 13.296712
b13 		 66 		 9.614507
b13 		 67 		 17.055481
b13 		 68 		 9.614507
b13 		 69 		 2500.0
b13 		 70 		 4958.153915
b13 		 71 		 2500.0
b13 		 72 		 9.614507
b13 		 73 		 9.614507
b13 		 74 		 11.493892
b13 		 75 		 9.614507
b13 		 76 		 15.252661
b13 		 77 		 9.614507
b13 		 78 		 9.614507
b13 		 79 		 17.055481
b13 		 80 		 9.614507
b13 		 81 		 9.614507
b13 		 82 		 15.252661
b13 		 83 		 9.614507
b13 		 84 		 10.185876
b13 		 85 		 9.614507
b13 		 86 		 10.185876
b13 		 87 		 10.757244
b13 		 88 		 9.614507
b13 		 89 		 9.614507
b13 		 90 		 9.614507
b13 		 91 		 9.614507
b13 		 92 		 9.614507
b13 		 93 		 9.614507
b13 		 94 		 9.614507
b13 		 95 		 9.614507
b13 		 96 		 2500.0
----------------------------------------------------------------------------------------------------
b14 		 1 		 9.614507
b14 		 2 		 9.408671
b14 		 3 		 9.614507
b14 		 4 		 9.408671
b14 		 5 		 9.408671
b14 		 6 		 9.408671
b14 		 7 		 9.408671
b14 		 8 		 9.408671
b14 		 9 		 9.408671
b14 		 10 		 9.614507
b14 		 11 		 9.408671
b14 		 12 		 9.614507
b14 		 13 		 9.408671
b14 		 14 		 9.408671
b14 		 15 		 9.408671
b14 		 16 		 9.408671
b14 		 17 		 9.408671
b14 		 18 		 9.408671
b14 		 19 		 9.408671
b14 		 20 		 9.408671
b14 		 21 		 9.408671
b14 		 22 		 9.614507
b14 		 23 		 9.408671
b14 		 24 		 9.614507
b14 		 25 		 9.614507
b14 		 26 		 9.614507
b14 		 27 		 9.614507
b14 		 28 		 9.408671
b14 		 29 		 9.614507
b14 		 30 		 9.614507
b14 		 31 		 9.614507
b14 		 32 		 9.614507
b14 		 33 		 9.614507
b14 		 34 		 9.614507
b14 		 35 		 9.614507
b14 		 36 		 9.614507
b14 		 37 		 9.614507
b14 		 38 		 9.614507
b14 		 39 		 9.614507
b14 		 40 		 9.614507
b14 		 41 		 10.185876
b14 		 42 		 12.06526
b14 		 43 		 9.614507
b14 		 44 		 9.614507
b14 		 45 		 10.185876
b14 		 46 		 2478.320232
b14 		 47 		 2500.0
b14 		 48 		 12.06526
b14 		 49 		 9.614507
b14 		 50 		 10.185876
b14 		 51 		 9.614507
b14 		 52 		 9.614507
b14 		 53 		 17.62685
b14 		 54 		 9.614507
b14 		 55 		 11.493892
b14 		 56 		 9.614507
b14 		 57 		 16.978917
b14 		 58 		 13.296712
b14 		 59 		 13.296712
b14 		 60 		 2500.0
b14 		 61 		 2477.012216
b14 		 62 		 9.614507
b14 		 63 		 2473.330012
b14 		 64 		 2500.0
b14 		 65 		 13.296712
b14 		 66 		 9.614507
b14 		 67 		 17.055481
b14 		 68 		 9.614507
b14 		 69 		 2500.0
b14 		 70 		 4958.153915
b14 		 71 		 2500.0
b14 		 72 		 9.614507
b14 		 73 		 9.614507
b14 		 74 		 11.493892
b14 		 75 		 9.614507
b14 		 76 		 15.252661
b14 		 77 		 9.614507
b14 		 78 		 9.614507
b14 		 79 		 17.055481
b14 		 80 		 9.614507
b14 		 81 		 9.614507
b14 		 82 		 15.252661
b14 		 83 		 9.614507
b14 		 84 		 10.185876
b14 		 85 		 9.614507
b14 		 86 		 10.185876
b14 		 87 		 10.757244
b14 		 88 		 9.614507
b14 		 89 		 9.614507
b14 		 90 		 9.614507
b14 		 91 		 9.614507
b14 		 92 		 9.614507
b14 		 93 		 9.614507
b14 		 94 		 9.614507
b14 		 95 		 9.614507
b14 		 96 		 2500.0
----------------------------------------------------------------------------------------------------
Total overall payments
----------------------------------------------------------------------------------------------------------------------------------------------------
total generation payment 	 total up-FRP payment 	 total dw-FRP payment 	 total pre-up t. payment 	 uplift payment 	 total post-up t. payment 	 profit
----------------------------------------------------------------------------------------------------------------------------------------------------
496990.372745 			 0.0 			 0.0 			 496990.372745			 137853.230157 			 634843.602902 			 313282.136289
